0 0 -20
0 2 -35
0 3 -7
0 4 25
0 5 15
0 6 8
0 7 -88
0 8 28
0 9 -77
1 0 18
1 1 -10
1 2 82
1 4 98
1 7 31
1 8 -12
2 1 -10
2 2 -80
2 3 91
2 4 -70
2 5 -47
2 6 72
2 7 -14
2 8 -99
2 9 -2
3 2 1
3 3 44
3 4 97
3 6 78
3 7 100
3 9 -73
4 0 -84
4 1 63
4 3 -92
4 4 63
4 6 75
4 9 -46
5 0 1
5 2 -26
5 3 5
5 4 -75
5 5 60
5 6 31
5 7 56
5 8 -43
5 9 94
6 0 27
6 1 -65
6 3 41
6 5 16
6 6 93
6 7 -89
6 8 11
7 0 -20
7 1 24
7 2 16
7 5 -99
7 6 52
7 7 69
7 8 38
8 0 77
8 2 39
8 3 -10
8 5 91
8 6 24
8 7 34
8 8 65
8 9 50
9 1 -55
9 2 87
9 3 -56
9 4 86
9 5 64
9 6 73
9 8 -46
9 9 -99