0 0 -87
0 3 29
0 7 100
0 15 62
0 25 3
0 31 82
0 33 41
0 38 -42
0 39 34
0 42 18
0 46 -94
0 48 2
0 57 -55
0 58 66
0 62 -69
0 63 72
0 64 49
0 66 32
0 71 21
0 72 -14
0 73 -69
0 76 -96
0 79 -3
0 81 75
0 101 37
0 102 34
0 108 30
0 111 62
0 119 -96
0 131 -86
0 136 27
0 147 -20
1 2 36
1 17 1
1 22 -97
1 26 34
1 32 14
1 35 88
1 41 -11
1 44 82
1 45 57
1 46 42
1 51 90
1 53 -68
1 58 68
1 60 -74
1 64 16
1 65 25
1 66 -54
1 77 98
1 87 -17
1 98 11
1 100 29
1 105 -5
1 106 -68
1 107 91
1 115 50
1 116 -40
1 117 -1
1 124 84
1 131 -46
1 138 -3
1 140 58
1 144 -54
1 145 62
1 147 -99
2 1 -38
2 2 71
2 13 -12
2 19 73
2 22 -47
2 25 -57
2 46 19
2 50 -50
2 60 85
2 62 6
2 70 99
2 83 -60
2 84 -84
2 89 -47
2 90 83
2 97 41
2 102 26
2 113 80
2 121 87
2 123 41
2 127 93
2 128 -46
2 131 -90
2 133 87
2 139 66
2 143 87
2 146 23
2 148 9
3 1 -36
3 7 -45
3 8 51
3 14 -60
3 18 2
3 28 25
3 41 -4
3 46 28
3 47 55
3 51 -65
3 52 -16
3 53 38
3 61 45
3 68 -72
3 70 -41
3 78 58
3 87 19
3 104 82
3 111 -87
3 113 94
3 122 -30
3 128 94
3 130 -18
3 132 -12
3 133 86
3 135 -1
3 137 37
3 138 -65
3 143 -81
3 146 -10
3 148 -27
4 0 44
4 3 2
4 4 95
4 7 32
4 11 -49
4 19 46
4 22 -34
4 32 -1
4 45 -74
4 48 -81
4 51 -81
4 57 -66
4 75 -11
4 77 52
4 81 80
4 85 -84
4 87 -60
4 92 51
4 94 -95
4 116 75
4 117 -26
4 119 -25
4 122 -48
4 127 -11
4 144 64
4 146 18
4 149 65
5 11 -62
5 19 36
5 25 -47
5 29 -7
5 37 28
5 45 -6
5 46 -7
5 52 -30
5 53 -8
5 57 25
5 58 -18
5 59 -13
5 60 -27
5 61 -11
5 65 21
5 68 -67
5 69 -61
5 71 56
5 80 7
5 90 4
5 98 -53
5 103 -37
5 107 -12
5 110 39
5 114 -96
5 115 80
5 130 86
5 135 -92
5 136 16
5 139 88
5 144 -73
5 147 82
6 0 100
6 1 -49
6 46 -61
6 52 65
6 57 23
6 58 42
6 61 -79
6 63 -22
6 66 12
6 68 23
6 69 65
6 75 -82
6 81 80
6 83 59
6 84 37
6 87 -93
6 93 -36
6 97 53
6 103 1
6 105 -94
6 108 17
6 118 -72
6 123 85
6 130 -97
6 147 82
6 148 -8
7 2 -88
7 7 -89
7 10 88
7 19 -5
7 26 -74
7 28 -95
7 35 37
7 43 88
7 47 57
7 50 67
7 56 -41
7 59 59
7 65 -65
7 70 48
7 75 20
7 80 -36
7 86 -90
7 89 41
7 91 -58
7 94 -65
7 96 -53
7 97 -22
7 104 14
7 109 -40
7 110 50
7 114 -31
7 124 -39
7 125 29
7 127 -10
7 128 46
7 135 6
7 137 -73
7 138 28
7 146 -95
8 7 -15
8 10 40
8 12 -51
8 22 75
8 24 -99
8 25 56
8 27 -31
8 29 57
8 35 60
8 36 -19
8 38 -49
8 42 75
8 43 22
8 47 -33
8 51 -38
8 57 92
8 61 76
8 64 -30
8 69 -33
8 71 -34
8 73 -33
8 75 -53
8 76 67
8 77 -50
8 81 11
8 83 42
8 84 -87
8 85 -86
8 86 100
8 88 -74
8 89 74
8 92 -90
8 99 10
8 118 -40
8 127 -70
8 128 -52
8 135 27
8 136 -83
8 142 -62
8 144 -62
8 147 73
9 6 -95
9 8 -85
9 20 68
9 21 -70
9 22 -33
9 24 -74
9 28 -14
9 29 98
9 33 73
9 52 -36
9 55 -28
9 60 100
9 68 26
9 69 100
9 71 45
9 74 68
9 76 98
9 83 73
9 96 88
9 105 12
9 108 -59
9 116 16
9 120 -78
9 127 -51
9 129 -89
9 136 3
9 137 -49
9 139 36
9 142 -89
9 144 77
9 149 43
10 5 -10
10 9 49
10 12 -4
10 18 -50
10 23 -47
10 27 -90
10 36 -5
10 37 73
10 38 97
10 39 46
10 46 3
10 49 -18
10 50 4
10 52 1
10 56 62
10 63 47
10 72 -19
10 73 -33
10 76 38
10 77 -31
10 78 -19
10 85 76
10 100 -93
10 104 -88
10 107 94
10 110 -24
10 119 84
10 120 21
10 121 -7
10 122 78
10 125 40
10 130 42
10 134 -63
10 144 68
10 148 -4
11 0 91
11 3 81
11 4 83
11 5 73
11 15 48
11 16 -11
11 17 73
11 18 -89
11 22 100
11 25 15
11 26 -18
11 28 11
11 30 -23
11 34 -10
11 37 38
11 49 94
11 51 57
11 54 71
11 58 23
11 62 53
11 71 17
11 77 -7
11 84 -30
11 95 -98
11 100 -39
11 109 59
11 115 37
11 117 88
11 120 -29
11 123 39
11 124 -3
11 127 -33
11 132 -3
11 133 49
11 134 -98
11 136 -10
11 137 89
11 139 -7
11 147 92
11 148 -76
12 2 34
12 10 80
12 14 -78
12 16 -61
12 21 54
12 22 53
12 26 75
12 36 34
12 38 -26
12 42 -81
12 52 -77
12 53 2
12 54 65
12 59 18
12 62 -26
12 63 -83
12 70 22
12 81 -82
12 83 -17
12 89 -41
12 107 75
12 108 -18
12 109 -43
12 111 -44
12 121 79
12 122 35
12 126 -44
12 136 -88
12 137 8
12 146 25
13 7 -27
13 16 43
13 24 79
13 25 62
13 27 64
13 40 90
13 41 -8
13 52 -16
13 58 -18
13 59 -28
13 60 48
13 61 41
13 62 -57
13 63 10
13 67 -27
13 75 26
13 78 -96
13 79 71
13 94 -94
13 96 11
13 97 69
13 100 -60
13 103 24
13 108 76
13 116 -97
13 119 -100
13 122 64
13 130 17
13 136 -25
13 141 7
13 144 -39
14 11 79
14 15 -42
14 18 -42
14 20 -21
14 29 28
14 30 8
14 31 20
14 35 66
14 38 28
14 40 67
14 42 74
14 44 -28
14 46 -22
14 47 -100
14 48 62
14 55 -39
14 76 -59
14 81 -7
14 84 -23
14 88 35
14 89 41
14 90 43
14 97 -92
14 98 -20
14 105 41
14 109 72
14 112 -98
14 114 36
14 115 -50
14 123 -56
14 124 64
14 128 -82
14 131 -23
14 141 64
14 145 -16
14 149 -30
15 5 78
15 6 47
15 9 4
15 10 -9
15 11 -25
15 12 -72
15 20 2
15 21 73
15 28 -50
15 32 -58
15 33 -34
15 34 16
15 35 -54
15 42 -29
15 51 24
15 52 5
15 53 -36
15 58 -19
15 62 25
15 68 74
15 69 99
15 76 -91
15 77 89
15 93 15
15 94 31
15 96 -71
15 98 67
15 100 -16
15 102 -6
15 104 100
15 106 -100
15 108 37
15 115 7
15 116 -56
15 118 -53
15 119 -53
15 120 -1
15 124 80
15 126 -83
15 130 -38
15 131 -60
15 133 73
15 135 46
15 141 88
15 142 27
15 143 8
15 144 25
16 3 -91
16 7 13
16 11 18
16 30 -19
16 31 -48
16 33 -82
16 45 -95
16 47 40
16 51 68
16 53 -100
16 61 -7
16 62 6
16 64 -23
16 80 -19
16 90 84
16 94 7
16 96 76
16 108 -56
16 114 93
16 127 18
16 131 45
16 132 -54
16 141 90
16 142 35
17 19 8
17 20 -16
17 21 -38
17 30 34
17 41 46
17 47 -9
17 50 -57
17 56 -58
17 62 39
17 70 -62
17 72 -91
17 84 29
17 86 19
17 90 5
17 101 44
17 103 73
17 105 82
17 106 -7
17 107 51
17 117 52
17 118 -100
17 123 -87
17 128 6
17 135 -27
17 136 31
17 142 -61
17 145 -72
17 147 -65
18 1 -69
18 6 -16
18 10 -30
18 21 70
18 24 91
18 27 18
18 31 11
18 45 -2
18 52 84
18 60 -62
18 64 18
18 65 -85
18 66 -84
18 68 -2
18 70 38
18 73 83
18 91 27
18 97 22
18 98 -41
18 100 -71
18 103 -50
18 106 1
18 118 -22
18 122 94
18 126 -67
18 133 66
18 149 78
19 2 45
19 5 52
19 8 52
19 11 -36
19 13 -57
19 16 -36
19 22 80
19 24 39
19 28 -29
19 35 -91
19 38 20
19 44 42
19 45 -97
19 46 -78
19 61 78
19 66 8
19 68 51
19 70 4
19 75 73
19 89 -92
19 93 15
19 95 -30
19 102 -14
19 108 -31
19 111 -34
19 112 56
19 117 -45
19 123 88
19 124 21
19 146 78
20 0 51
20 3 17
20 5 -55
20 15 -12
20 26 16
20 41 16
20 44 -82
20 48 -85
20 61 -41
20 65 -90
20 67 -2
20 70 -7
20 73 -94
20 94 68
20 96 -4
20 97 -76
20 99 -21
20 104 -34
20 115 66
20 126 -45
20 129 -76
20 138 -1
20 146 -41
20 148 48
21 5 3
21 6 67
21 17 64
21 19 -57
21 20 39
21 22 -43
21 26 -8
21 36 -51
21 37 -17
21 39 -39
21 41 54
21 45 -8
21 46 98
21 55 -9
21 64 -89
21 65 -29
21 68 -55
21 69 69
21 78 -11
21 81 -75
21 92 5
21 108 19
21 112 -24
21 125 28
21 134 -67
21 139 4
21 144 99
21 147 58
21 148 -62
21 149 21
22 2 82
22 7 33
22 9 13
22 16 42
22 19 -32
22 23 -3
22 31 -98
22 41 -44
22 51 86
22 57 22
22 60 75
22 70 84
22 72 23
22 80 63
22 82 55
22 88 -45
22 92 28
22 95 -94
22 100 -21
22 102 69
22 104 28
22 116 -85
22 127 7
22 130 -70
22 141 98
22 145 84
22 149 93
23 2 -4
23 4 -74
23 5 -28
23 10 80
23 11 -37
23 12 -22
23 13 9
23 20 34
23 24 33
23 26 29
23 34 40
23 36 20
23 37 58
23 40 -17
23 41 -38
23 43 84
23 47 94
23 52 3
23 54 -11
23 56 83
23 68 63
23 71 39
23 72 73
23 80 -57
23 87 -96
23 90 -21
23 94 97
23 103 4
23 111 -36
23 118 -5
23 125 81
23 134 41
23 141 63
23 146 -6
24 3 29
24 8 1
24 9 44
24 10 -45
24 12 -70
24 14 54
24 21 7
24 24 87
24 28 -1
24 31 -57
24 32 46
24 44 -16
24 47 67
24 55 28
24 56 -34
24 57 46
24 61 22
24 62 -72
24 65 -11
24 66 8
24 85 33
24 86 4
24 88 -76
24 90 3
24 93 -79
24 100 -48
24 102 51
24 106 68
24 111 4
24 115 68
24 117 -32
24 118 -51
24 119 -91
24 137 14
24 143 14
25 3 26
25 5 -56
25 11 95
25 16 28
25 18 -25
25 22 26
25 23 95
25 46 7
25 55 88
25 59 59
25 62 -82
25 65 8
25 75 98
25 76 -8
25 77 -50
25 78 -31
25 79 48
25 80 -56
25 89 -34
25 90 40
25 94 67
25 104 76
25 108 56
25 116 19
25 118 49
25 120 59
25 121 -66
25 124 47
25 125 -74
25 128 -61
25 132 -43
25 144 -57
25 146 -28
25 147 -74
25 149 82
26 2 1
26 11 -90
26 15 -40
26 19 -75
26 24 -67
26 31 -15
26 48 -77
26 50 -78
26 56 -72
26 67 90
26 68 -73
26 69 -65
26 72 35
26 73 9
26 77 67
26 88 -6
26 96 91
26 102 -28
26 106 -45
26 107 -71
26 109 -7
26 113 -56
26 115 87
26 119 63
26 124 54
26 130 30
26 133 -48
26 141 -37
26 142 -36
26 143 -59
26 144 40
27 2 93
27 5 -12
27 19 -90
27 28 66
27 31 27
27 32 -26
27 35 40
27 41 -84
27 43 1
27 44 -100
27 45 -65
27 56 -18
27 66 -23
27 83 99
27 101 -79
27 102 51
27 110 31
27 113 49
27 119 68
27 121 75
27 127 -89
27 128 -2
27 129 -20
28 7 -1
28 8 -51
28 16 4
28 19 -41
28 22 12
28 25 -87
28 29 -80
28 35 -93
28 39 -26
28 49 -80
28 62 82
28 68 26
28 71 23
28 85 28
28 88 66
28 96 69
28 101 29
28 108 -77
28 109 -26
28 110 21
28 118 79
28 121 -88
28 132 71
28 135 -60
28 136 36
28 137 -14
28 141 -31
29 0 -25
29 6 30
29 10 52
29 22 52
29 24 76
29 29 -62
29 32 -74
29 34 -38
29 37 -37
29 47 17
29 53 -14
29 56 58
29 68 -57
29 69 -93
29 70 100
29 83 -43
29 85 -53
29 87 50
29 90 -82
29 93 -57
29 96 71
29 99 14
29 101 57
29 103 54
29 104 -87
29 111 -85
29 120 -93
29 121 77
29 122 63
29 123 91
29 124 82
29 127 25
29 130 -85
29 143 74
29 145 -93
29 148 93
29 149 28
30 13 -77
30 25 -20
30 28 -29
30 31 -3
30 33 -49
30 40 -38
30 42 26
30 46 46
30 47 86
30 54 49
30 60 59
30 63 56
30 69 -75
30 74 -50
30 77 -35
30 81 50
30 90 8
30 91 59
30 92 -51
30 93 17
30 94 11
30 95 -99
30 96 72
30 100 -74
30 102 76
30 103 -17
30 106 -74
30 111 -9
30 112 97
30 114 69
30 117 -27
30 119 -91
30 123 -99
30 129 98
30 134 91
30 141 -88
31 0 -59
31 6 39
31 8 6
31 9 -92
31 18 -39
31 23 38
31 27 -53
31 36 -71
31 40 -6
31 43 -62
31 46 -9
31 47 21
31 48 81
31 49 10
31 54 72
31 61 -2
31 64 39
31 68 26
31 71 -13
31 78 -61
31 85 -18
31 86 47
31 89 62
31 93 94
31 96 -50
31 100 42
31 115 -92
31 117 -54
31 119 77
31 123 -97
31 128 -90
31 130 81
31 133 -68
31 137 87
31 142 -17
31 149 30
32 3 4
32 7 -49
32 9 -2
32 11 -65
32 15 -59
32 18 -68
32 27 37
32 30 56
32 31 -43
32 39 -55
32 40 -61
32 42 41
32 44 -90
32 46 58
32 54 -42
32 58 -2
32 61 56
32 64 71
32 72 -94
32 73 -36
32 77 -95
32 79 91
32 80 8
32 81 77
32 88 -46
32 91 -24
32 99 -68
32 100 -68
32 102 99
32 105 -1
32 115 -30
32 121 -41
32 131 44
32 136 -34
32 138 -85
32 144 -92
33 0 44
33 2 -35
33 21 -73
33 23 -38
33 26 19
33 32 9
33 34 78
33 35 47
33 53 96
33 58 -86
33 59 57
33 63 -78
33 64 50
33 70 46
33 71 -26
33 74 -76
33 80 27
33 84 -98
33 98 -8
33 105 -35
33 106 6
33 112 -53
33 119 14
33 121 -32
33 129 -96
33 133 27
33 136 4
33 140 74
33 142 -90
33 146 -58
34 0 -45
34 2 66
34 5 -60
34 21 87
34 29 50
34 33 34
34 45 -14
34 52 -65
34 53 47
34 55 -56
34 61 9
34 62 -98
34 66 -25
34 71 75
34 73 -37
34 74 -3
34 78 -12
34 80 -98
34 90 95
34 97 36
34 100 34
34 101 51
34 105 92
34 107 -51
34 112 -85
34 115 -98
34 128 -74
34 130 18
34 132 -19
34 141 -26
34 144 -51
34 145 69
35 3 -14
35 8 -66
35 11 -82
35 19 -15
35 24 94
35 36 46
35 51 -91
35 54 -50
35 57 23
35 60 38
35 65 -83
35 69 77
35 74 30
35 82 67
35 86 46
35 106 -30
35 111 -43
35 114 -72
35 115 -93
35 122 15
35 124 -59
35 127 -31
35 131 -53
35 132 60
35 133 -73
35 137 -13
35 142 -38
35 145 44
36 1 -42
36 6 31
36 11 34
36 14 43
36 17 -21
36 29 -79
36 39 17
36 45 -72
36 51 -5
36 55 -79
36 58 -69
36 59 18
36 60 -61
36 62 43
36 74 -63
36 75 -2
36 82 24
36 83 47
36 84 71
36 89 -84
36 90 54
36 102 -80
36 114 -4
36 115 73
36 116 95
36 123 -22
36 130 99
36 131 -16
36 140 -67
36 145 38
36 148 74
37 0 42
37 6 61
37 13 -29
37 22 -6
37 29 27
37 34 -9
37 35 80
37 36 91
37 37 -39
37 47 8
37 51 -61
37 57 52
37 61 94
37 64 -84
37 65 22
37 67 -19
37 72 19
37 76 60
37 77 74
37 81 -64
37 85 -24
37 86 -11
37 89 -46
37 93 -96
37 96 -96
37 109 61
37 115 -43
37 120 49
37 121 23
37 127 11
37 130 39
37 137 68
38 14 9
38 19 -6
38 21 -2
38 24 29
38 34 94
38 52 -40
38 61 -7
38 63 -19
38 68 -90
38 69 54
38 74 36
38 90 -23
38 95 -78
38 102 70
38 111 79
38 121 94
38 125 -54
38 135 -26
38 145 -45
38 147 -91
39 6 -66
39 17 13
39 20 -21
39 32 56
39 45 98
39 56 16
39 57 69
39 70 -1
39 72 2
39 76 -68
39 78 78
39 92 -15
39 121 51
39 130 -14
39 131 -65
39 132 13
39 139 -69
39 142 -13
39 146 28
40 0 -24
40 6 -18
40 8 -1
40 11 -83
40 20 67
40 24 -33
40 36 -41
40 39 91
40 40 -21
40 55 -6
40 58 95
40 61 -52
40 65 -91
40 72 18
40 76 52
40 78 97
40 85 35
40 99 20
40 100 -73
40 102 75
40 103 80
40 105 63
40 110 -94
40 114 -22
40 115 -34
40 116 19
40 120 -67
40 134 -98
40 136 -22
40 138 94
40 142 -72
40 145 95
41 0 76
41 8 -56
41 13 -54
41 20 4
41 22 -72
41 23 73
41 24 93
41 27 -80
41 31 66
41 34 -38
41 42 -72
41 44 70
41 47 -95
41 54 41
41 62 -36
41 67 70
41 72 87
41 75 -43
41 92 90
41 96 40
41 99 39
41 110 61
41 124 12
41 125 97
41 127 56
41 131 29
41 141 -76
41 143 31
42 11 30
42 12 -6
42 16 -50
42 17 -26
42 19 98
42 32 80
42 38 -20
42 39 -70
42 41 42
42 43 -55
42 44 89
42 52 -15
42 60 -33
42 66 21
42 70 -64
42 71 -1
42 75 -92
42 83 -23
42 89 95
42 101 -96
42 104 -58
42 105 -69
42 110 -5
42 119 78
42 124 -87
42 125 52
42 129 -56
42 131 96
42 137 5
42 144 4
43 2 -14
43 4 99
43 7 -64
43 14 76
43 17 -96
43 21 62
43 23 34
43 26 72
43 27 -89
43 38 78
43 39 64
43 51 72
43 64 11
43 65 36
43 82 -36
43 87 -70
43 88 88
43 94 87
43 96 49
43 98 36
43 100 -93
43 101 -69
43 102 -81
43 107 -81
43 109 90
43 110 16
43 112 -78
43 123 84
43 125 -3
43 128 64
43 138 92
43 142 81
43 143 -8
43 146 -100
44 0 -28
44 4 -53
44 5 90
44 14 -63
44 15 79
44 17 -8
44 18 91
44 19 -24
44 30 14
44 42 -87
44 43 68
44 52 -87
44 56 -84
44 66 31
44 67 70
44 69 -42
44 70 29
44 81 -29
44 83 94
44 89 39
44 90 -39
44 91 63
44 93 -46
44 102 18
44 104 -32
44 106 34
44 108 35
44 110 65
44 117 -43
44 120 39
44 123 22
44 130 -57
44 131 97
44 132 88
44 139 -69
44 142 64
44 145 -16
44 146 25
44 149 49
45 3 62
45 5 64
45 6 38
45 8 -55
45 13 -28
45 14 -68
45 27 10
45 28 35
45 30 -11
45 33 21
45 38 27
45 39 56
45 41 -20
45 45 50
45 46 -26
45 49 -17
45 63 -38
45 64 -8
45 65 36
45 66 59
45 68 -35
45 72 15
45 75 35
45 92 -37
45 96 -9
45 104 95
45 107 55
45 109 -79
45 118 -49
45 119 -81
45 120 -57
45 128 -58
45 144 -54
46 5 85
46 7 42
46 13 22
46 17 25
46 20 -62
46 21 18
46 22 -66
46 27 -37
46 36 82
46 62 -43
46 82 11
46 89 -34
46 90 86
46 92 -80
46 95 -18
46 96 -78
46 98 -29
46 99 49
46 102 -50
46 114 83
46 118 -37
46 122 41
46 126 89
46 133 4
46 148 -83
47 3 19
47 4 33
47 5 -48
47 6 -34
47 9 44
47 11 12
47 23 -68
47 26 36
47 27 -57
47 31 4
47 34 35
47 35 -28
47 40 38
47 43 -42
47 48 59
47 50 -65
47 56 64
47 59 -18
47 60 -47
47 61 12
47 68 -89
47 73 -88
47 78 100
47 82 27
47 83 -36
47 87 -65
47 90 -44
47 91 70
47 96 -79
47 97 29
47 98 95
47 103 -9
47 106 -1
47 107 -93
47 109 -91
47 112 27
47 117 -88
47 122 -47
47 125 21
47 127 -66
47 148 -17
47 149 -61
48 0 -12
48 1 16
48 8 -58
48 9 -32
48 14 -74
48 27 -63
48 34 9
48 48 -4
48 53 -75
48 60 -10
48 63 91
48 67 61
48 72 59
48 81 -97
48 82 85
48 90 -97
48 91 9
48 97 -33
48 101 -84
48 111 -44
48 117 -26
48 120 71
48 122 -60
48 123 35
48 136 -67
48 138 -24
48 147 -3
48 149 81
49 0 60
49 1 -6
49 4 28
49 6 12
49 7 54
49 13 -58
49 15 32
49 20 99
49 25 71
49 29 -49
49 31 93
49 36 -45
49 37 -61
49 39 -2
49 41 -84
49 44 66
49 47 -37
49 58 84
49 80 3
49 81 -34
49 82 -56
49 88 43
49 89 -12
49 92 -58
49 99 96
49 100 -89
49 103 32
49 132 9
49 133 53
49 134 67
49 147 -6
50 10 -89
50 11 49
50 13 -94
50 23 59
50 27 -1
50 32 66
50 37 -59
50 59 -64
50 72 -63
50 75 -21
50 79 -70
50 82 26
50 85 -50
50 86 90
50 93 21
50 95 81
50 98 72
50 107 23
50 119 39
50 121 -65
50 123 -10
50 133 -21
50 141 -33
50 144 -88
51 2 45
51 3 -29
51 8 -70
51 19 -6
51 29 -54
51 33 50
51 39 40
51 42 -56
51 47 -31
51 61 31
51 71 86
51 77 -86
51 78 57
51 79 -85
51 93 -98
51 94 -61
51 96 51
51 97 -93
51 101 -40
51 102 36
51 103 -31
51 105 -79
51 106 63
51 108 -100
51 109 -21
51 112 -75
51 113 98
51 124 -97
51 125 71
51 129 55
51 132 84
51 144 12
51 145 19
52 2 -34
52 5 -99
52 6 62
52 13 -9
52 14 53
52 17 47
52 27 -15
52 30 -86
52 50 19
52 60 46
52 70 -98
52 71 -69
52 73 -66
52 77 -23
52 84 -21
52 91 44
52 94 -25
52 95 -16
52 105 20
52 115 3
52 116 -99
52 117 -26
52 131 -43
52 135 -91
52 137 91
52 139 -41
52 141 63
52 142 -25
52 147 -17
52 148 31
53 5 -14
53 6 -62
53 7 78
53 17 -52
53 26 -95
53 27 62
53 29 -11
53 32 -5
53 39 12
53 43 100
53 46 37
53 58 98
53 64 91
53 66 -18
53 67 -2
53 69 -94
53 72 -20
53 78 -83
53 83 -19
53 90 -55
53 92 86
53 101 -7
53 102 -91
53 106 -43
53 115 40
53 122 -50
53 123 -48
53 131 64
53 132 -55
53 133 11
53 134 2
53 135 15
53 136 -98
53 141 62
53 142 -99
53 143 -53
53 144 71
53 147 -23
54 0 95
54 5 85
54 15 35
54 19 70
54 22 90
54 30 7
54 34 52
54 36 40
54 38 -31
54 46 38
54 58 -7
54 72 -82
54 81 10
54 82 -30
54 83 -10
54 89 -72
54 93 -34
54 98 -79
54 106 25
54 107 12
54 108 26
54 115 8
54 128 -6
54 131 55
54 135 -18
54 136 77
55 3 17
55 4 74
55 7 -22
55 11 -18
55 12 -47
55 13 -8
55 20 -82
55 23 -82
55 27 -38
55 38 -34
55 41 58
55 47 -81
55 48 -95
55 54 83
55 58 19
55 60 -49
55 64 -52
55 69 -52
55 71 -3
55 75 58
55 77 -87
55 79 55
55 85 39
55 94 -18
55 97 -38
55 98 94
55 103 78
55 104 81
55 108 -61
55 118 -34
55 120 93
55 122 80
55 127 78
55 135 -12
55 139 63
55 141 12
55 146 -94
55 147 -2
56 0 -1
56 1 -55
56 5 -86
56 6 -50
56 11 -76
56 14 21
56 20 -1
56 22 -34
56 26 3
56 43 -7
56 55 93
56 63 83
56 64 71
56 65 9
56 69 -61
56 75 3
56 77 -4
56 78 -73
56 84 -62
56 94 86
56 97 -21
56 110 -23
56 111 84
56 112 -16
56 118 -32
56 125 -96
56 127 82
56 133 58
56 136 77
57 1 -30
57 4 3
57 6 4
57 10 87
57 13 90
57 15 -83
57 26 -83
57 28 88
57 29 -6
57 37 65
57 49 3
57 50 93
57 51 -11
57 53 -76
57 55 21
57 57 4
57 59 -14
57 61 60
57 70 38
57 71 68
57 77 72
57 80 -31
57 87 91
57 88 35
57 95 13
57 100 -71
57 107 -31
57 109 -57
57 110 -62
57 111 6
57 113 62
57 115 10
57 125 69
57 128 -82
57 130 -50
57 131 -66
57 133 -10
57 134 13
57 144 -53
57 145 72
58 0 -67
58 3 83
58 5 95
58 7 -26
58 15 22
58 17 -80
58 18 -46
58 21 -43
58 28 100
58 39 19
58 45 34
58 50 -5
58 51 -63
58 54 64
58 67 -77
58 68 -27
58 71 52
58 74 -83
58 76 -93
58 77 -18
58 80 -92
58 98 -17
58 112 93
58 119 18
58 121 -86
58 123 95
58 124 12
58 125 -9
58 126 -93
58 130 83
58 133 -9
58 134 -49
58 137 1
58 140 -88
58 143 -20
58 144 -44
59 2 -99
59 3 22
59 12 -68
59 18 -84
59 24 91
59 26 68
59 27 -75
59 32 -41
59 40 -75
59 46 94
59 52 78
59 54 -31
59 56 -100
59 57 -77
59 58 86
59 63 21
59 64 -76
59 65 -80
59 70 53
59 73 -18
59 74 9
59 77 22
59 78 31
59 83 -30
59 85 17
59 89 -93
59 94 96
59 106 39
59 110 -22
59 125 -68
59 131 -14
59 132 -68
59 141 -84
59 142 56
59 147 33
60 1 -48
60 3 38
60 4 12
60 15 -27
60 17 39
60 26 18
60 27 17
60 35 -95
60 37 96
60 38 -100
60 41 32
60 42 52
60 43 -18
60 46 -89
60 53 -31
60 60 -37
60 62 -40
60 67 -12
60 69 98
60 71 13
60 78 -62
60 79 -77
60 80 -69
60 88 14
60 92 74
60 94 60
60 96 71
60 115 -38
60 121 36
60 132 68
60 141 96
60 146 67
61 6 -92
61 7 45
61 10 93
61 17 -85
61 22 31
61 23 84
61 32 -82
61 57 94
61 58 -86
61 70 58
61 77 -86
61 86 94
61 87 74
61 88 -72
61 89 -90
61 93 -90
61 97 43
61 103 -57
61 110 25
61 115 91
61 126 -80
61 130 63
61 133 75
61 149 18
62 6 -1
62 17 -66
62 26 35
62 29 -22
62 31 -2
62 32 98
62 34 55
62 37 -64
62 39 54
62 45 -6
62 60 69
62 63 47
62 68 -51
62 71 -12
62 73 -40
62 75 -64
62 77 -21
62 78 -35
62 81 91
62 83 -89
62 85 6
62 91 -24
62 98 -9
62 101 66
62 105 100
62 108 -2
62 109 17
62 119 89
62 128 16
62 130 15
62 131 61
62 132 -1
62 135 -29
62 140 65
62 143 -12
62 148 89
63 4 24
63 26 -56
63 30 -50
63 47 -34
63 48 -9
63 49 1
63 50 -6
63 54 -66
63 56 -92
63 58 -51
63 60 38
63 61 35
63 67 14
63 68 45
63 71 -96
63 73 41
63 75 -96
63 88 -5
63 95 74
63 97 97
63 106 17
63 113 18
63 115 27
63 131 -91
63 132 25
63 137 65
63 139 38
63 142 46
63 144 -37
63 145 64
63 149 -78
64 3 100
64 13 43
64 27 -94
64 30 77
64 43 24
64 47 77
64 51 -41
64 63 -17
64 66 20
64 67 -85
64 68 97
64 73 98
64 77 49
64 81 -19
64 82 57
64 89 -46
64 95 70
64 96 -34
64 101 -58
64 103 35
64 112 64
64 113 -10
64 114 54
64 128 70
64 130 81
64 134 -41
64 141 -65
64 146 -67
64 149 -34
65 0 -8
65 2 62
65 8 90
65 11 -100
65 12 85
65 15 4
65 18 -62
65 20 -42
65 21 52
65 24 -1
65 25 -45
65 27 23
65 30 12
65 35 100
65 37 69
65 43 -42
65 45 -17
65 51 -75
65 52 45
65 53 70
65 57 -100
65 65 9
65 69 -65
65 70 -13
65 74 -93
65 77 19
65 88 46
65 102 -90
65 106 76
65 109 53
65 113 -26
65 114 44
65 116 -70
65 117 -5
65 121 -81
65 126 -46
65 127 71
65 129 35
65 143 31
65 144 -47
66 10 34
66 24 84
66 33 18
66 35 -96
66 36 -15
66 47 83
66 48 -29
66 50 -88
66 53 51
66 58 -91
66 81 27
66 94 73
66 95 16
66 97 -2
66 104 -21
66 107 -71
66 111 23
66 120 -38
66 122 -78
66 128 -87
66 129 61
66 130 -35
66 132 84
66 134 81
66 135 -19
66 136 -11
66 137 40
66 148 42
67 7 -44
67 9 58
67 10 -21
67 17 67
67 31 90
67 33 81
67 35 50
67 65 -82
67 68 39
67 69 -27
67 76 -59
67 79 -96
67 83 -28
67 96 45
67 104 16
67 107 -61
67 108 11
67 112 -35
67 115 -45
67 118 38
67 125 31
67 133 82
67 147 -93
67 148 1
68 0 -92
68 1 98
68 6 -54
68 7 -54
68 16 -59
68 17 -35
68 26 -59
68 29 91
68 46 9
68 52 85
68 53 -63
68 54 92
68 56 -91
68 60 -17
68 62 99
68 70 -80
68 76 -23
68 85 95
68 93 42
68 96 -40
68 98 98
68 99 13
68 101 70
68 102 33
68 105 89
68 125 66
68 143 61
68 146 95
69 1 92
69 2 48
69 6 -33
69 7 -62
69 12 100
69 13 -24
69 18 3
69 24 46
69 32 26
69 35 66
69 52 86
69 53 1
69 71 76
69 81 -11
69 84 -79
69 86 -69
69 94 25
69 99 -14
69 101 -84
69 106 -93
69 111 -50
69 118 -94
69 128 96
69 130 23
69 132 -89
69 134 -69
69 143 -70
70 0 -78
70 1 43
70 5 -67
70 6 -68
70 7 -8
70 15 27
70 16 34
70 19 2
70 33 29
70 46 -89
70 49 71
70 50 -41
70 52 -58
70 53 -48
70 58 13
70 59 72
70 62 46
70 68 -11
70 71 39
70 72 72
70 73 42
70 82 -31
70 93 -2
70 94 83
70 96 -58
70 100 7
70 107 -55
70 108 -29
70 113 -82
70 115 52
70 122 54
70 123 57
70 134 -82
70 136 1
70 147 -37
71 1 -68
71 3 77
71 4 5
71 9 -76
71 11 -95
71 19 13
71 20 29
71 22 -63
71 23 -20
71 24 -45
71 32 40
71 39 -24
71 41 60
71 42 -36
71 43 70
71 53 21
71 59 -43
71 63 -62
71 73 -5
71 77 43
71 82 33
71 89 5
71 92 87
71 94 -31
71 101 -2
71 106 -42
71 110 47
71 117 44
71 118 17
71 119 -88
71 122 -63
71 123 -79
71 128 41
71 131 83
71 133 97
71 135 39
71 140 -85
71 144 88
71 146 -62
72 3 -75
72 9 -48
72 10 -50
72 12 -77
72 21 28
72 26 46
72 35 -88
72 40 50
72 46 73
72 47 51
72 51 -33
72 53 -42
72 73 80
72 75 9
72 97 27
72 98 -51
72 102 100
72 103 -64
72 113 -32
72 120 23
72 122 -31
72 125 -32
72 127 -76
72 132 15
72 138 -100
72 141 82
72 142 -44
72 149 77
73 5 -15
73 15 -56
73 26 78
73 36 -30
73 39 61
73 40 48
73 45 44
73 49 50
73 51 91
73 53 -40
73 61 59
73 62 18
73 63 -94
73 71 -64
73 77 -4
73 79 -28
73 80 61
73 82 62
73 89 -36
73 96 18
73 100 8
73 101 -43
73 123 -2
73 131 -98
73 133 -80
73 138 58
73 139 7
73 143 89
73 145 45
73 146 -6
74 6 13
74 15 -87
74 20 53
74 26 -29
74 27 -73
74 36 -65
74 38 100
74 46 64
74 57 -15
74 60 90
74 63 46
74 68 -81
74 72 -53
74 75 -49
74 79 22
74 81 67
74 83 -75
74 84 -73
74 89 -58
74 100 60
74 107 -51
74 108 -96
74 110 -36
74 111 -42
74 113 26
74 126 -19
74 129 -40
74 132 17
74 136 -97
74 137 -39
74 147 -6
74 148 65
75 5 49
75 8 35
75 12 90
75 21 33
75 31 -2
75 32 -6
75 36 -27
75 37 22
75 44 21
75 49 -25
75 51 35
75 52 -79
75 58 54
75 61 -14
75 62 24
75 64 23
75 71 48
75 77 -23
75 78 19
75 86 -41
75 95 55
75 101 -50
75 102 -74
75 104 3
75 106 -15
75 119 -94
75 129 -64
75 133 90
75 147 46
76 2 -28
76 3 92
76 4 70
76 7 -80
76 10 -68
76 12 -1
76 22 71
76 23 8
76 25 100
76 27 -66
76 36 26
76 37 -95
76 43 63
76 54 96
76 60 -28
76 63 55
76 68 67
76 70 -3
76 71 65
76 83 -96
76 85 -75
76 90 59
76 100 -3
76 105 31
76 116 -14
76 118 11
76 119 -49
76 120 14
76 121 -43
76 126 4
76 127 66
76 133 -96
76 135 -45
76 137 -91
76 139 -31
76 141 75
76 144 -27
76 145 -25
76 146 74
77 2 99
77 9 -61
77 11 -56
77 13 -39
77 14 75
77 20 -98
77 21 28
77 22 -25
77 30 -42
77 33 93
77 35 30
77 38 2
77 40 -66
77 42 63
77 46 -59
77 47 11
77 55 39
77 58 -47
77 66 84
77 70 13
77 75 90
77 80 48
77 81 -51
77 83 -95
77 88 -40
77 91 36
77 93 -36
77 98 34
77 100 -100
77 105 -82
77 107 80
77 117 26
77 124 -50
77 126 -39
77 127 32
77 133 -57
77 135 -40
77 146 23
77 148 24
78 2 57
78 8 -50
78 10 74
78 11 -4
78 27 91
78 28 -71
78 36 87
78 42 -48
78 50 -65
78 58 -44
78 62 64
78 67 99
78 71 95
78 77 -26
78 87 -57
78 88 83
78 94 -93
78 104 52
78 105 27
78 113 78
78 115 -51
78 120 -6
78 121 69
78 122 43
78 130 37
78 131 -76
78 132 50
78 137 -87
78 138 -52
78 139 29
78 142 91
78 143 40
78 145 -25
79 8 -68
79 10 100
79 15 -66
79 17 46
79 20 -52
79 25 4
79 27 -66
79 44 -64
79 46 -30
79 47 24
79 48 -5
79 60 21
79 61 -13
79 70 -46
79 76 84
79 79 -1
79 83 -35
79 84 57
79 87 5
79 88 56
79 89 -67
79 90 -8
79 94 -91
79 96 8
79 100 -7
79 105 29
79 123 72
79 124 -43
79 128 79
79 136 -86
79 139 -48
79 141 -61
79 147 -66
80 5 12
80 8 -33
80 9 10
80 16 -31
80 24 98
80 26 93
80 35 -52
80 36 77
80 37 73
80 38 56
80 45 -83
80 56 100
80 59 -74
80 63 91
80 65 45
80 68 28
80 71 -35
80 72 -77
80 74 56
80 81 85
80 83 75
80 89 60
80 100 -6
80 103 -9
80 107 36
80 108 -43
80 112 93
80 116 -2
80 117 60
80 120 -53
80 121 59
80 130 -49
80 132 -27
80 136 -14
80 137 -61
80 142 50
80 145 -94
81 6 58
81 11 47
81 13 -85
81 14 -61
81 15 -29
81 19 -28
81 30 -10
81 37 64
81 38 -49
81 39 59
81 40 -46
81 51 53
81 55 36
81 56 -50
81 57 -15
81 63 -15
81 79 -11
81 91 -1
81 95 3
81 100 -84
81 101 -66
81 103 3
81 105 69
81 106 69
81 111 95
81 116 -56
81 118 14
81 123 -94
81 126 -49
81 137 10
81 141 -27
81 148 -11
82 2 41
82 9 -29
82 10 46
82 12 13
82 13 -43
82 15 -5
82 16 -41
82 17 -1
82 19 -33
82 24 -63
82 25 91
82 37 -51
82 42 49
82 47 -26
82 52 90
82 53 9
82 59 96
82 62 -100
82 66 85
82 69 -57
82 71 -58
82 74 76
82 77 -54
82 83 -1
82 88 24
82 91 26
82 95 -59
82 98 9
82 118 35
82 119 -56
82 122 -18
82 126 -26
82 130 -91
82 132 -80
82 136 11
82 141 -15
82 145 -37
83 1 -29
83 6 83
83 7 13
83 13 68
83 17 -6
83 22 -50
83 25 5
83 31 46
83 41 -87
83 48 -76
83 53 56
83 57 -45
83 58 -1
83 64 -80
83 69 50
83 84 81
83 89 -86
83 91 50
83 92 17
83 93 -63
83 98 41
83 102 -33
83 105 -37
83 106 89
83 109 -12
83 110 74
83 111 -61
83 123 -100
83 126 50
83 128 -66
83 133 -52
83 136 13
83 144 -43
83 147 -68
83 148 1
84 3 -96
84 5 -79
84 8 -91
84 14 -75
84 22 -69
84 26 42
84 31 -47
84 32 89
84 40 65
84 67 -41
84 75 7
84 78 -11
84 80 -56
84 84 97
84 85 11
84 88 -61
84 94 6
84 97 -38
84 98 72
84 106 84
84 109 99
84 111 -91
84 114 93
84 115 53
84 117 13
84 120 7
84 130 -84
84 138 7
84 140 76
84 143 80
85 0 -74
85 1 42
85 2 -32
85 9 -37
85 10 32
85 13 -66
85 14 32
85 18 -47
85 20 -93
85 26 71
85 28 42
85 30 22
85 33 -1
85 36 42
85 37 -94
85 42 -73
85 43 36
85 52 84
85 55 -19
85 57 100
85 62 -98
85 69 -63
85 72 -81
85 75 84
85 79 -29
85 80 16
85 82 19
85 85 -83
85 86 77
85 87 -96
85 96 32
85 100 -29
85 102 9
85 103 -50
85 104 -40
85 107 -2
85 112 14
85 114 -26
85 125 52
85 126 -85
85 129 82
85 130 -27
85 131 -22
85 137 -80
85 142 99
85 147 -85
86 3 -96
86 14 20
86 15 -83
86 18 -32
86 21 -86
86 33 23
86 38 73
86 45 -59
86 52 87
86 53 -90
86 60 28
86 65 -98
86 67 -78
86 71 -55
86 81 18
86 86 4
86 89 87
86 93 75
86 98 6
86 101 91
86 107 83
86 113 -12
86 119 33
86 121 -18
86 122 -7
86 123 24
86 130 28
86 132 41
86 138 9
86 142 83
86 147 21
86 149 -78
87 3 100
87 15 70
87 18 72
87 27 -94
87 38 28
87 39 21
87 43 7
87 44 36
87 45 31
87 57 -33
87 61 17
87 65 -75
87 66 25
87 71 -24
87 74 -4
87 78 -33
87 81 56
87 82 -94
87 99 15
87 100 -47
87 106 67
87 107 -25
87 113 -7
87 117 -27
87 123 43
87 125 29
87 128 -87
87 130 -71
87 146 -78
87 147 -58
87 148 -35
88 1 -52
88 4 -33
88 5 69
88 6 -19
88 8 -36
88 10 -4
88 13 -79
88 14 -17
88 38 -61
88 61 -13
88 63 84
88 65 -70
88 68 68
88 69 -96
88 77 70
88 83 -58
88 90 23
88 104 -35
88 120 -24
88 122 10
88 130 -18
88 134 69
88 143 48
89 0 63
89 3 -61
89 5 -21
89 9 -47
89 13 -3
89 15 -2
89 17 45
89 19 -94
89 20 -50
89 21 -17
89 38 56
89 51 -73
89 53 75
89 60 -42
89 75 -62
89 79 14
89 80 89
89 83 -90
89 103 31
89 104 -95
89 105 88
89 106 67
89 108 -61
89 110 -22
89 117 89
89 118 78
89 121 -54
89 138 15
89 143 20
90 3 36
90 6 -23
90 11 -5
90 12 83
90 13 39
90 15 -95
90 17 94
90 18 48
90 34 -51
90 39 3
90 45 -4
90 55 -62
90 61 52
90 63 50
90 77 -36
90 80 71
90 82 -17
90 90 -12
90 96 69
90 100 63
90 113 93
90 116 -99
90 121 -22
90 129 3
90 130 -97
90 131 43
90 139 -82
90 140 -95
91 1 71
91 2 -88
91 3 65
91 6 -59
91 11 96
91 16 24
91 18 -50
91 28 -29
91 29 -5
91 33 -100
91 41 -40
91 42 -67
91 47 64
91 52 -10
91 57 95
91 68 38
91 70 -28
91 71 -5
91 72 51
91 83 -35
91 85 -80
91 92 91
91 98 62
91 108 18
91 122 -4
91 128 -8
91 129 -58
91 134 -69
91 136 -78
91 140 -39
91 143 -95
91 149 -57
92 0 93
92 2 -91
92 3 -12
92 6 -21
92 16 -65
92 27 -84
92 32 76
92 36 17
92 40 83
92 41 60
92 43 6
92 46 -31
92 70 -42
92 93 -34
92 96 84
92 102 -63
92 110 78
92 112 47
92 115 -16
92 122 -96
92 123 -18
92 126 -95
92 130 -10
92 134 -41
92 139 4
92 147 36
93 5 28
93 11 -80
93 14 10
93 17 -37
93 18 46
93 27 45
93 33 100
93 36 -15
93 41 -22
93 46 52
93 48 72
93 55 -56
93 57 76
93 61 70
93 64 -6
93 73 -18
93 74 -39
93 75 -1
93 78 43
93 82 30
93 84 32
93 88 -2
93 96 -79
93 106 94
93 107 79
93 116 -99
93 119 99
93 121 92
93 122 -73
93 124 76
93 126 42
93 127 -10
93 133 -77
93 135 68
93 149 97
94 3 73
94 6 -97
94 24 -53
94 27 -75
94 29 74
94 37 13
94 39 8
94 46 -97
94 47 86
94 52 -44
94 54 35
94 58 51
94 65 -32
94 70 -54
94 71 64
94 73 -36
94 84 51
94 88 -98
94 89 69
94 93 -17
94 96 -76
94 99 94
94 107 39
94 131 -39
94 134 -7
94 136 93
94 137 -93
94 143 50
94 145 -32
94 149 -43
95 9 64
95 10 -50
95 11 -87
95 16 17
95 21 55
95 23 -53
95 28 -9
95 37 -96
95 38 -32
95 39 90
95 42 36
95 46 70
95 52 -40
95 59 95
95 61 -22
95 68 -88
95 72 -9
95 89 -24
95 99 68
95 101 52
95 105 -24
95 106 -4
95 107 61
95 109 -52
95 112 -65
95 113 49
95 114 -8
95 115 81
95 116 25
95 120 -15
95 134 -76
95 136 33
95 138 44
95 143 -10
96 2 -84
96 5 -52
96 6 32
96 9 56
96 20 -100
96 26 -98
96 28 -57
96 29 95
96 34 -17
96 42 -10
96 50 -52
96 52 -46
96 60 -73
96 63 36
96 66 55
96 79 43
96 89 2
96 90 51
96 93 96
96 99 -18
96 104 -16
96 109 -69
96 115 96
96 116 -35
96 118 -24
96 119 67
96 126 -50
96 132 32
96 133 -74
96 137 -44
96 145 -17
97 13 6
97 18 -7
97 23 85
97 27 -21
97 29 19
97 30 84
97 37 67
97 41 -87
97 46 -66
97 59 53
97 73 -9
97 76 -92
97 81 62
97 86 9
97 87 4
97 93 -7
97 99 -50
97 102 88
97 103 -84
97 109 -20
97 110 90
97 111 -18
97 122 60
97 126 71
97 128 85
97 131 61
97 133 34
97 135 90
97 143 16
98 0 13
98 2 64
98 9 -36
98 12 -87
98 19 -94
98 30 -79
98 33 -3
98 36 -23
98 37 43
98 47 67
98 48 5
98 62 28
98 67 -9
98 68 -57
98 72 43
98 75 -80
98 77 8
98 79 13
98 80 4
98 93 63
98 99 48
98 110 -68
98 111 -75
98 117 14
98 127 -63
98 137 21
98 147 37
99 5 -88
99 11 60
99 13 37
99 14 -47
99 24 79
99 25 13
99 26 -74
99 39 17
99 42 -7
99 45 76
99 49 -2
99 54 -79
99 55 27
99 58 14
99 63 -31
99 64 82
99 79 -12
99 81 51
99 85 44
99 93 -35
99 104 66
99 105 -36
99 106 -83
99 107 34
99 115 -30
99 116 -96
99 120 17
99 124 1
99 127 66
99 140 -52
99 142 -95
99 143 18
99 146 52
100 3 73
100 12 97
100 18 -97
100 20 15
100 24 93
100 25 46
100 26 -82
100 27 -1
100 34 30
100 38 41
100 43 -84
100 49 -4
100 51 -96
100 56 -65
100 57 -39
100 61 -10
100 69 -97
100 72 -3
100 75 75
100 76 -4
100 101 -26
100 103 -73
100 106 -60
100 113 -64
100 116 -64
100 117 7
100 121 83
100 123 -43
100 129 -15
100 132 73
100 141 10
100 142 -16
100 149 65
101 2 49
101 3 14
101 11 12
101 13 35
101 16 -8
101 21 45
101 22 23
101 24 58
101 25 60
101 28 80
101 31 -28
101 37 -13
101 39 -22
101 43 63
101 46 -55
101 47 55
101 50 96
101 54 13
101 61 -75
101 62 84
101 64 39
101 73 -22
101 75 -71
101 76 94
101 78 64
101 79 47
101 86 -39
101 88 85
101 95 43
101 102 64
101 108 100
101 110 -90
101 114 -25
101 116 70
101 124 -57
101 129 1
101 131 -62
101 136 27
101 139 17
101 141 70
101 146 70
102 0 1
102 16 -37
102 18 -35
102 33 27
102 43 72
102 51 6
102 60 -40
102 63 -81
102 68 -10
102 74 7
102 75 -11
102 79 59
102 80 -68
102 81 63
102 86 75
102 88 -98
102 89 96
102 92 43
102 93 -86
102 98 45
102 101 9
102 120 -3
102 123 93
102 126 2
102 131 49
102 132 6
102 134 -20
102 135 -53
102 140 -42
102 141 71
102 147 -54
102 149 -2
103 0 -23
103 9 12
103 11 5
103 14 56
103 15 -31
103 17 -12
103 18 66
103 37 -40
103 47 89
103 56 3
103 57 66
103 63 80
103 68 54
103 70 -73
103 72 -80
103 77 36
103 83 83
103 87 83
103 90 -38
103 94 79
103 95 -53
103 101 69
103 102 60
103 106 71
103 108 56
103 110 -41
103 112 -65
103 115 75
103 116 98
103 117 -63
103 121 -25
103 122 -43
103 130 60
103 133 47
103 136 21
104 0 30
104 3 94
104 4 -3
104 11 23
104 14 22
104 16 -3
104 17 -29
104 19 -95
104 20 -67
104 21 18
104 22 -100
104 24 -30
104 29 -3
104 41 84
104 45 -73
104 52 -31
104 54 76
104 55 -78
104 59 -42
104 62 -12
104 65 51
104 71 -40
104 75 -84
104 79 -39
104 80 82
104 81 45
104 84 81
104 94 -88
104 97 91
104 100 -48
104 102 -42
104 103 -43
104 109 -17
104 113 67
104 115 -100
104 120 84
104 122 -62
104 123 96
104 129 69
104 130 80
104 137 91
104 139 -21
105 5 59
105 6 -31
105 8 21
105 9 95
105 10 57
105 18 49
105 21 43
105 29 94
105 32 -27
105 40 89
105 41 9
105 44 99
105 47 -39
105 48 -97
105 51 -11
105 64 23
105 68 74
105 69 -74
105 74 20
105 80 33
105 82 41
105 86 18
105 87 -8
105 91 -13
105 96 52
105 99 52
105 100 41
105 101 59
105 102 -80
105 107 -38
105 108 -2
105 109 47
105 110 32
105 114 -82
105 115 -19
105 119 49
105 122 75
105 129 67
105 139 -59
105 144 -2
106 1 -19
106 4 36
106 10 -62
106 18 -83
106 20 -34
106 25 -76
106 28 78
106 34 -85
106 40 -56
106 42 -62
106 60 69
106 62 98
106 67 -14
106 72 -9
106 79 -98
106 82 86
106 86 88
106 97 -73
106 109 -71
106 111 -33
106 118 1
106 122 -46
106 125 -15
106 136 92
107 1 23
107 9 -12
107 16 -85
107 18 14
107 20 -98
107 24 51
107 27 36
107 30 72
107 32 42
107 39 -54
107 40 65
107 47 56
107 48 -16
107 49 78
107 54 32
107 61 -36
107 62 -93
107 67 -15
107 70 -74
107 73 -38
107 77 -75
107 82 -40
107 94 -6
107 107 86
107 110 -64
107 113 -60
107 123 98
107 127 84
107 133 -23
107 135 62
107 139 34
107 142 77
107 149 -48
108 0 -35
108 1 17
108 3 -89
108 10 -65
108 18 -11
108 26 23
108 29 83
108 33 5
108 42 -97
108 45 -17
108 49 99
108 50 -42
108 68 -76
108 74 -9
108 75 -56
108 77 58
108 81 14
108 83 -84
108 87 -4
108 102 -18
108 106 -4
108 108 66
108 112 -15
108 120 -2
108 121 -97
108 122 -51
108 131 -50
108 133 -70
108 142 1
109 0 22
109 7 -31
109 12 -100
109 16 29
109 17 -66
109 19 19
109 24 -15
109 25 -56
109 28 5
109 33 -52
109 38 -1
109 40 -91
109 51 35
109 62 61
109 65 57
109 68 26
109 77 -40
109 87 30
109 90 -65
109 91 45
109 94 38
109 98 46
109 102 -31
109 112 19
109 136 91
109 138 -91
109 139 -89
109 141 96
109 142 -58
109 144 -52
109 145 -60
109 147 57
110 10 -20
110 16 78
110 19 -37
110 21 -1
110 25 67
110 36 -3
110 48 -44
110 59 -93
110 63 30
110 64 -42
110 66 -41
110 72 -92
110 76 -63
110 88 35
110 95 -21
110 110 -74
110 113 93
110 123 59
110 125 25
110 134 -65
110 135 45
110 137 -53
110 139 11
110 142 74
110 148 47
111 0 1
111 2 -5
111 3 90
111 4 1
111 9 -20
111 12 -30
111 20 -31
111 26 4
111 37 97
111 45 93
111 46 -85
111 50 -96
111 58 -75
111 59 2
111 68 16
111 70 -36
111 74 -76
111 83 -38
111 89 -64
111 92 3
111 95 76
111 100 74
111 101 20
111 117 42
111 118 -40
111 126 44
111 128 -14
111 137 75
112 3 -62
112 4 25
112 6 73
112 12 -50
112 21 99
112 23 -13
112 25 -53
112 30 59
112 31 67
112 34 94
112 39 42
112 46 53
112 51 -91
112 53 -44
112 60 -21
112 67 18
112 68 -44
112 69 39
112 73 99
112 76 10
112 77 -53
112 80 -24
112 83 -89
112 86 20
112 90 -63
112 94 52
112 95 -32
112 96 -8
112 97 89
112 102 85
112 104 -37
112 113 -52
112 118 48
112 121 95
112 123 -32
112 132 -31
112 133 -81
112 135 98
112 137 -22
112 141 -72
113 0 -86
113 3 77
113 5 -71
113 7 77
113 12 -49
113 26 35
113 33 -2
113 40 49
113 47 -9
113 50 -41
113 52 45
113 57 3
113 63 -2
113 65 -55
113 70 42
113 71 -26
113 72 93
113 73 66
113 74 15
113 77 -61
113 84 -95
113 88 74
113 91 -62
113 92 -59
113 97 -72
113 98 50
113 103 -34
113 105 87
113 115 96
113 122 -90
113 128 57
113 133 -52
113 135 86
114 3 -37
114 5 -70
114 8 44
114 10 48
114 11 -5
114 28 -8
114 35 86
114 40 -22
114 41 60
114 46 21
114 47 23
114 55 -98
114 58 97
114 60 80
114 63 77
114 64 -14
114 69 -52
114 77 -90
114 83 -17
114 84 -41
114 94 -60
114 95 -46
114 96 12
114 103 -17
114 104 -57
114 110 -19
114 112 20
114 114 50
114 138 -26
114 143 30
115 8 -79
115 9 -99
115 16 -52
115 17 80
115 23 -75
115 27 -19
115 28 55
115 30 51
115 42 84
115 43 -52
115 44 85
115 46 82
115 63 91
115 68 -47
115 69 52
115 71 -94
115 73 85
115 74 -69
115 82 -74
115 84 29
115 87 77
115 97 -89
115 98 -48
115 100 -89
115 101 64
115 107 -88
115 108 -33
115 116 -8
115 125 91
115 131 6
116 3 -62
116 7 54
116 8 85
116 16 -49
116 22 -55
116 27 23
116 35 65
116 42 -19
116 55 57
116 63 -40
116 68 -40
116 69 37
116 70 80
116 74 -19
116 78 -77
116 79 -21
116 91 -37
116 98 80
116 106 49
116 108 -28
116 109 -50
116 111 -41
116 116 59
116 121 -45
116 139 -43
116 140 -87
116 142 -11
116 145 40
116 146 -67
116 149 -90
117 4 36
117 8 -17
117 14 59
117 18 -7
117 24 72
117 33 -45
117 37 -2
117 39 30
117 44 71
117 51 -100
117 55 75
117 60 67
117 62 67
117 64 -85
117 65 -17
117 66 79
117 67 -36
117 76 45
117 78 96
117 83 -34
117 87 -2
117 90 42
117 100 -70
117 103 -66
117 106 96
117 108 96
117 110 100
117 113 14
117 119 9
117 123 -96
117 127 64
117 128 -7
117 135 -40
117 137 77
117 139 24
117 143 68
117 149 64
118 1 -31
118 2 -6
118 7 4
118 8 -74
118 10 -59
118 15 49
118 26 -78
118 28 75
118 29 76
118 30 -96
118 36 -56
118 38 -73
118 40 64
118 41 -20
118 47 -85
118 49 -55
118 55 -89
118 56 50
118 59 -86
118 64 15
118 66 35
118 69 -73
118 74 -62
118 81 45
118 85 -60
118 87 -47
118 99 87
118 100 25
118 102 -18
118 106 -93
118 112 -54
118 120 -13
118 129 -85
118 141 -34
118 149 -87
119 1 -41
119 3 -24
119 8 -20
119 9 24
119 11 -26
119 12 -74
119 16 3
119 17 -13
119 18 -34
119 26 27
119 41 -48
119 44 -78
119 45 42
119 48 92
119 53 67
119 55 65
119 75 57
119 76 50
119 84 -91
119 92 -10
119 93 59
119 101 43
119 103 -35
119 112 -78
119 134 -53
119 136 7
119 137 12
119 144 37
119 149 -66
120 2 28
120 17 -25
120 22 -42
120 25 -50
120 29 30
120 33 -78
120 40 -13
120 44 -28
120 45 1
120 53 -63
120 62 47
120 65 -56
120 83 -18
120 85 66
120 87 72
120 89 -68
120 94 31
120 97 -43
120 98 55
120 99 -5
120 104 -88
120 114 -37
120 116 -15
120 119 21
120 126 18
120 137 -65
120 142 66
121 10 -60
121 12 60
121 14 -6
121 21 15
121 22 -5
121 25 32
121 26 36
121 31 -45
121 35 -39
121 45 -47
121 48 -58
121 52 1
121 56 -24
121 58 -45
121 59 37
121 63 40
121 65 -37
121 75 4
121 80 -90
121 93 53
121 94 26
121 104 9
121 105 41
121 106 -55
121 114 -41
121 123 9
121 130 38
121 131 95
121 136 79
121 146 83
121 149 -23
122 4 45
122 9 59
122 12 82
122 13 -22
122 16 28
122 19 54
122 22 19
122 25 14
122 26 -2
122 33 -89
122 53 92
122 54 -34
122 56 11
122 57 63
122 58 -18
122 63 -7
122 66 84
122 70 -44
122 73 75
122 75 -79
122 85 44
122 86 -15
122 97 -96
122 111 59
122 115 94
122 118 30
122 131 9
122 132 -83
122 142 -100
123 18 -12
123 19 59
123 20 -58
123 32 56
123 41 28
123 42 -50
123 45 98
123 55 -3
123 57 -79
123 59 13
123 61 85
123 65 -60
123 79 37
123 83 -65
123 86 -83
123 87 57
123 100 -32
123 104 30
123 107 -26
123 108 -82
123 109 84
123 114 -75
123 117 -55
123 136 -40
123 143 -74
124 1 -62
124 2 3
124 6 -61
124 7 -94
124 11 -98
124 18 67
124 19 -9
124 29 -40
124 39 -71
124 43 76
124 46 30
124 49 90
124 50 18
124 56 -18
124 61 6
124 64 46
124 66 -51
124 69 82
124 77 -88
124 85 -87
124 86 -74
124 92 -10
124 102 80
124 104 76
124 109 -69
124 112 -43
124 113 -59
124 117 -58
124 119 94
124 120 56
124 124 -66
124 125 -8
124 135 8
124 138 14
124 144 79
124 147 39
124 149 2
125 0 47
125 5 19
125 12 -8
125 18 -95
125 24 -52
125 26 63
125 27 65
125 32 10
125 35 -76
125 37 82
125 46 -63
125 47 -100
125 53 -39
125 55 37
125 59 68
125 60 -82
125 63 -77
125 66 43
125 68 -58
125 71 83
125 92 -50
125 101 48
125 104 -80
125 110 73
125 120 62
125 124 75
125 126 77
125 134 -70
125 136 -79
125 137 -37
125 141 70
125 142 32
126 7 -48
126 9 50
126 12 -68
126 22 -53
126 24 8
126 25 -64
126 31 -5
126 41 -96
126 42 -74
126 43 7
126 44 -57
126 54 -43
126 56 -54
126 65 -13
126 66 19
126 82 73
126 84 -9
126 85 7
126 88 3
126 93 92
126 101 -72
126 103 7
126 107 -6
126 112 -20
126 116 91
126 120 -7
126 123 33
126 125 -56
126 126 -60
126 132 -10
126 133 53
126 135 75
126 140 -55
126 141 -52
126 144 -47
127 1 -31
127 9 -38
127 17 74
127 21 -75
127 24 -88
127 25 -2
127 32 11
127 35 30
127 37 -15
127 47 33
127 53 59
127 54 88
127 66 -42
127 69 -74
127 77 -69
127 80 -5
127 81 26
127 89 36
127 96 55
127 103 60
127 112 69
127 113 69
127 115 -85
127 116 14
127 117 1
127 121 5
127 124 50
127 126 -45
127 137 90
127 143 -47
127 147 -5
128 0 -87
128 4 -34
128 6 -81
128 16 -75
128 22 27
128 27 -3
128 36 56
128 44 49
128 51 -58
128 61 37
128 63 -80
128 67 -32
128 68 -11
128 70 3
128 78 -21
128 85 54
128 95 58
128 98 82
128 99 61
128 101 -79
128 107 -1
128 116 1
128 122 94
128 124 -61
128 125 3
128 129 5
128 136 43
128 139 -24
128 145 -86
128 147 -60
128 148 -28
128 149 52
129 2 85
129 8 -27
129 14 5
129 21 100
129 22 56
129 27 19
129 34 7
129 39 19
129 43 -21
129 52 -92
129 55 30
129 79 -85
129 90 92
129 95 -67
129 103 -75
129 104 -42
129 105 -65
129 119 26
129 128 -89
129 134 -37
129 135 86
129 136 -85
129 140 -48
129 147 12
129 148 100
129 149 51
130 7 79
130 8 64
130 10 -30
130 17 55
130 18 24
130 24 96
130 29 -8
130 30 -77
130 35 -77
130 40 -15
130 41 7
130 49 -41
130 56 29
130 59 90
130 61 -38
130 66 15
130 76 -68
130 79 86
130 80 61
130 91 -75
130 94 -98
130 97 -63
130 103 46
130 104 -20
130 116 2
130 117 -84
130 118 21
130 119 -63
130 127 -36
130 130 -97
130 133 84
130 134 60
130 136 -14
130 142 3
130 149 17
131 7 17
131 8 -36
131 9 94
131 15 15
131 33 -23
131 36 -80
131 46 20
131 47 -100
131 55 -96
131 58 -65
131 60 -61
131 62 2
131 68 84
131 70 93
131 75 -85
131 76 -14
131 78 -90
131 87 -86
131 95 -36
131 101 71
131 108 -26
131 116 -37
131 117 31
131 125 -34
131 129 20
131 130 -72
131 136 -94
131 141 100
131 145 -43
132 0 8
132 1 39
132 8 -33
132 10 -26
132 16 18
132 28 -53
132 29 -72
132 30 -72
132 42 85
132 44 -22
132 51 18
132 52 -54
132 58 35
132 61 -53
132 65 76
132 77 -1
132 80 5
132 86 -43
132 88 97
132 93 -59
132 96 26
132 99 -17
132 102 -36
132 110 100
132 115 85
132 116 -40
132 120 -83
132 131 42
132 139 -74
132 146 -10
133 6 83
133 9 -64
133 17 27
133 19 22
133 21 -36
133 23 -21
133 32 85
133 35 74
133 36 -71
133 38 70
133 45 30
133 53 22
133 61 65
133 65 58
133 72 87
133 78 -29
133 83 90
133 86 60
133 91 -96
133 92 -26
133 93 -71
133 102 31
133 107 -33
133 110 -42
133 115 36
133 117 -89
133 119 -34
133 122 -98
133 125 89
133 128 -83
133 141 -10
133 144 -20
133 147 -6
133 149 -97
134 27 68
134 32 -36
134 39 17
134 43 -17
134 45 -64
134 59 -76
134 68 63
134 70 -39
134 72 22
134 77 14
134 80 82
134 81 -79
134 82 -43
134 84 -7
134 92 78
134 107 -18
134 112 -2
134 117 -98
134 118 -61
134 120 -93
134 129 49
134 131 -61
134 135 -45
134 137 61
134 139 -37
134 140 -64
135 3 44
135 4 -31
135 8 -92
135 33 -55
135 36 -52
135 40 -38
135 41 -52
135 48 -87
135 50 69
135 51 -52
135 55 -72
135 56 53
135 74 -42
135 77 -16
135 78 78
135 82 73
135 85 -62
135 88 -83
135 89 -75
135 90 47
135 93 -81
135 106 37
135 122 -90
135 139 -40
135 141 -5
135 142 83
136 16 -54
136 18 71
136 20 -74
136 21 -67
136 24 -7
136 27 58
136 30 -41
136 33 -34
136 39 -43
136 55 -64
136 61 -84
136 62 -77
136 68 -60
136 69 -43
136 72 -88
136 73 91
136 76 -19
136 77 55
136 84 30
136 85 -27
136 91 80
136 99 -71
136 103 -89
136 104 16
136 106 -87
136 108 -72
136 112 44
136 118 -28
136 119 16
136 121 -98
136 122 79
136 125 -100
136 130 -30
136 141 -47
136 144 76
136 145 -95
136 149 -36
137 13 20
137 14 -11
137 20 41
137 26 -92
137 43 -53
137 52 -64
137 54 -93
137 64 82
137 72 19
137 77 -39
137 81 67
137 86 32
137 87 17
137 88 92
137 90 18
137 95 82
137 97 34
137 101 -94
137 107 5
137 113 67
137 114 12
137 117 -56
137 121 3
137 122 55
137 127 -74
137 132 16
137 133 58
137 139 -53
137 141 -80
138 6 -99
138 7 51
138 13 -55
138 15 -75
138 16 -77
138 17 61
138 20 -76
138 23 -27
138 25 24
138 28 -87
138 35 -36
138 46 -59
138 54 -80
138 60 -57
138 65 -54
138 82 65
138 85 -18
138 88 97
138 92 29
138 98 91
138 100 96
138 102 5
138 108 49
138 109 36
138 110 -38
138 114 68
138 115 -52
138 135 85
138 144 8
138 147 7
138 148 100
138 149 -66
139 1 -63
139 2 64
139 3 78
139 5 -18
139 20 69
139 21 -42
139 22 -95
139 30 -95
139 33 -58
139 39 -14
139 44 -56
139 45 -86
139 54 54
139 58 12
139 64 -48
139 72 82
139 81 -85
139 82 -71
139 84 -93
139 91 21
139 98 -91
139 100 -52
139 107 64
139 111 -18
139 119 19
139 120 50
139 123 -25
139 127 -11
139 131 -2
139 132 -68
139 135 15
139 146 11
140 5 99
140 11 69
140 17 -7
140 27 -61
140 32 83
140 35 -49
140 37 22
140 42 -71
140 51 28
140 55 26
140 61 58
140 63 -2
140 65 -49
140 70 -91
140 71 -8
140 73 -43
140 74 59
140 80 -42
140 91 49
140 106 93
140 107 -14
140 116 87
140 122 -19
140 123 34
140 125 -69
140 134 -58
140 137 -98
140 146 -66
141 1 82
141 6 69
141 8 -44
141 17 15
141 24 53
141 40 -19
141 50 66
141 67 -24
141 76 79
141 88 52
141 91 -23
141 93 -32
141 96 90
141 102 55
141 109 -2
141 111 21
141 113 36
141 114 82
141 116 20
141 120 15
141 122 -57
141 124 47
141 125 32
141 126 41
141 128 39
141 135 78
141 136 -69
141 142 38
141 145 90
142 9 -4
142 18 -75
142 29 35
142 33 8
142 37 13
142 38 -96
142 41 99
142 51 -71
142 60 23
142 72 2
142 80 82
142 87 -45
142 88 -63
142 93 -22
142 106 43
142 122 -31
142 135 -18
143 0 -9
143 11 40
143 14 52
143 15 -26
143 17 -91
143 23 -90
143 26 -75
143 27 -93
143 28 10
143 32 83
143 36 58
143 52 -80
143 54 -50
143 57 -3
143 61 76
143 62 54
143 63 83
143 70 -76
143 76 -35
143 79 67
143 80 -90
143 90 -12
143 98 -96
143 99 -84
143 105 -26
143 107 30
143 118 -25
143 122 90
143 123 -80
143 128 -84
143 131 -95
143 136 -14
143 139 -90
144 8 -80
144 12 -72
144 24 11
144 34 -66
144 35 64
144 44 -29
144 50 -20
144 62 -11
144 64 -78
144 68 -52
144 73 -70
144 84 78
144 90 40
144 91 -8
144 97 54
144 103 -64
144 111 -1
144 118 18
144 119 -87
144 120 56
144 123 -57
144 131 70
144 141 -96
144 145 -50
144 146 -51
145 5 -32
145 8 -27
145 10 80
145 16 -51
145 19 -20
145 21 52
145 26 -20
145 33 7
145 34 -63
145 37 96
145 38 54
145 42 80
145 43 67
145 46 13
145 49 51
145 61 87
145 69 15
145 72 36
145 73 92
145 78 -90
145 91 100
145 93 2
145 118 13
145 121 59
145 134 -20
145 143 -1
145 145 3
145 148 -96
146 2 -78
146 13 52
146 18 -94
146 21 -74
146 22 34
146 26 -42
146 27 -86
146 30 -28
146 32 -78
146 44 2
146 55 -88
146 67 -18
146 73 58
146 78 51
146 94 97
146 101 -3
146 102 18
146 104 -8
146 105 89
146 109 57
146 115 -8
146 116 -88
146 120 -35
146 122 62
146 123 63
146 126 -57
146 128 -19
146 133 73
146 140 -11
146 142 -25
146 145 -60
146 147 15
146 148 -25
147 11 -50
147 15 -87
147 21 62
147 28 84
147 31 37
147 36 -94
147 43 9
147 44 -4
147 45 66
147 47 68
147 50 -52
147 52 -3
147 60 -31
147 65 4
147 74 -12
147 76 100
147 87 79
147 94 -53
147 101 3
147 102 -25
147 123 -16
147 125 46
147 128 -51
147 144 81
147 149 -72
148 2 98
148 8 98
148 13 42
148 23 96
148 31 -36
148 36 34
148 38 24
148 42 -20
148 43 -22
148 44 100
148 46 42
148 47 -48
148 49 -74
148 56 -58
148 64 13
148 65 44
148 74 63
148 76 -29
148 89 -81
148 93 34
148 96 39
148 97 30
148 111 -63
148 116 -63
148 119 -48
148 120 -60
148 122 48
148 126 12
148 128 -69
148 148 -19
149 3 -72
149 9 62
149 10 -18
149 14 34
149 19 -83
149 20 -3
149 24 3
149 28 72
149 31 -7
149 33 59
149 39 -70
149 42 99
149 44 -93
149 49 -89
149 52 97
149 56 39
149 65 12
149 68 7
149 72 -34
149 75 46
149 76 -40
149 77 7
149 92 -9
149 97 45
149 101 29
149 107 -34
149 116 -32
149 128 -22
149 130 -63
149 133 -84
149 144 73
149 145 67
149 147 -99