0 0 20
0 1 -35
0 2 -65
0 3 39
0 4 10
0 5 78
0 6 74
0 8 -99
0 9 41
0 10 -23
0 11 -22
0 12 6
0 13 78
0 14 -97
0 15 -94
0 16 -1
0 17 -4
0 19 9
0 20 -7
0 21 89
0 22 5
0 23 -62
0 25 -2
0 26 56
0 27 11
0 28 -33
0 29 -71
0 30 -61
0 31 -64
0 32 -31
0 33 42
0 34 -63
0 35 29
0 36 -26
0 37 -33
0 38 -43
0 39 -99
0 40 81
0 41 81
0 42 -41
0 43 -21
0 44 71
0 45 -27
0 46 28
0 47 34
0 48 -96
0 49 -77
1 0 85
1 1 2
1 2 42
1 3 -68
1 4 -6
1 5 41
1 6 -49
1 7 78
1 8 7
1 9 49
1 10 92
1 11 61
1 12 92
1 13 6
1 14 -65
1 15 -94
1 16 49
1 17 15
1 18 48
1 19 -80
1 20 -29
1 21 -77
1 22 47
1 23 -46
1 24 -94
1 25 96
1 26 -21
1 27 27
1 28 -69
1 29 78
1 30 77
1 31 -15
1 32 76
1 33 55
1 34 76
1 35 -73
1 38 70
1 39 68
1 40 37
1 41 -18
1 43 88
1 44 38
1 45 -96
1 46 -81
1 47 27
1 48 75
1 49 96
2 0 39
2 1 74
2 2 54
2 3 -95
2 4 -24
2 5 34
2 7 -79
2 8 -87
2 9 7
2 10 -21
2 11 -11
2 12 82
2 13 61
2 14 -100
2 15 -58
2 16 42
2 17 49
2 18 -65
2 19 -69
2 20 38
2 21 -4
2 23 -8
2 24 90
2 25 99
2 26 21
2 27 -79
2 28 -14
2 29 3
2 30 99
2 31 -95
2 32 -16
2 33 -45
2 34 50
2 35 95
2 36 31
2 37 38
2 38 -18
2 39 -80
2 40 65
2 41 -28
2 42 -57
2 43 -66
2 44 -67
2 45 4
2 46 -91
2 47 43
2 48 -36
2 49 77
3 0 -46
3 1 92
3 2 62
3 3 -50
3 4 5
3 5 83
3 6 48
3 7 91
3 8 37
3 9 -84
3 10 36
3 11 80
3 12 -64
3 13 10
3 14 39
3 15 81
3 16 -10
3 17 -25
3 18 -99
3 19 10
3 20 94
3 21 73
3 22 28
3 23 -3
3 24 15
3 25 70
3 26 -8
3 27 74
3 28 -73
3 29 98
3 30 14
3 31 22
3 32 28
3 33 44
3 34 65
3 35 57
3 36 8
3 37 10
3 38 -48
3 39 19
3 40 -96
3 41 -53
3 42 -76
3 43 23
3 44 81
3 45 -39
3 46 -88
3 47 28
3 48 70
3 49 36
4 0 -24
4 1 -92
4 2 14
4 3 -39
4 4 -50
4 5 -59
4 6 39
4 8 -32
4 9 98
4 10 77
4 11 9
4 13 26
4 14 22
4 15 -15
4 16 -95
4 17 72
4 18 -87
4 19 89
4 21 75
4 22 -2
4 23 -47
4 24 79
4 25 -52
4 26 57
4 27 65
4 28 -92
4 29 -30
4 30 47
4 31 -87
4 32 77
4 33 -45
4 34 -41
4 35 28
4 36 -51
4 37 40
4 38 -39
4 39 25
4 40 -56
4 41 -77
4 42 47
4 43 -47
4 44 34
4 45 -82
4 46 48
4 47 -26
4 48 -31
4 49 30
5 0 64
5 1 -71
5 2 47
5 3 38
5 4 97
5 5 -19
5 6 77
5 7 17
5 8 -9
5 9 -49
5 10 77
5 11 20
5 12 -54
5 13 -49
5 14 -7
5 15 -18
5 16 -12
5 18 81
5 19 -63
5 20 -63
5 21 -19
5 22 99
5 23 76
5 24 -77
5 25 -63
5 26 -65
5 27 -89
5 28 91
5 29 81
5 30 92
5 31 62
5 32 74
5 33 5
5 34 -52
5 35 -37
5 36 34
5 37 -58
5 38 88
5 39 -95
5 40 -97
5 41 -85
5 42 -41
5 43 90
5 44 -87
5 45 -52
5 46 10
5 47 -62
5 48 -60
5 49 12
6 0 83
6 1 68
6 2 3
6 3 -71
6 4 91
6 5 14
6 6 -2
6 8 80
6 9 46
6 10 -64
6 11 -76
6 12 -60
6 13 7
6 14 -49
6 15 -87
6 16 -8
6 17 -65
6 18 64
6 19 -43
6 20 -4
6 21 63
6 22 29
6 23 70
6 24 -7
6 25 65
6 26 23
6 27 -27
6 28 -80
6 29 -46
6 30 -5
6 31 42
6 32 -27
6 33 -28
6 34 -85
6 35 67
6 36 80
6 37 61
6 39 -27
6 40 61
6 41 -65
6 42 -82
6 43 45
6 44 30
6 45 -96
6 46 88
6 47 -68
6 48 70
6 49 86
7 0 -14
7 1 92
7 2 62
7 3 -56
7 4 -71
7 5 16
7 6 -88
7 7 75
7 8 8
7 9 -84
7 10 93
7 11 88
7 12 69
7 13 16
7 14 -83
7 15 -38
7 16 -82
7 17 -4
7 18 33
7 19 -56
7 20 40
7 21 -19
7 22 -94
7 23 18
7 24 -3
7 25 -66
7 26 -11
7 28 -45
7 29 95
7 30 -71
7 31 -75
7 32 -66
7 33 6
7 34 -73
7 35 -48
7 36 35
7 37 -42
7 38 -1
7 40 -45
7 42 54
7 43 -14
7 44 88
7 45 73
7 46 -74
7 47 94
7 48 -38
7 49 19
8 0 -57
8 1 44
8 2 -45
8 3 25
8 4 97
8 5 81
8 6 56
8 7 91
8 8 -94
8 9 70
8 10 84
8 11 47
8 12 -20
8 13 94
8 14 56
8 15 61
8 16 -68
8 17 -69
8 18 -78
8 19 -68
8 20 96
8 21 -53
8 22 -63
8 23 68
8 24 -32
8 25 -29
8 26 58
8 27 57
8 28 -43
8 29 20
8 30 56
8 31 85
8 32 52
8 33 76
8 34 52
8 36 -76
8 37 -27
8 38 -44
8 39 -67
8 40 -32
8 41 -92
8 42 74
8 43 76
8 44 -35
8 45 -44
8 46 -55
8 47 -67
8 48 95
8 49 -2
9 0 40
9 1 81
9 2 -86
9 3 -8
9 4 -72
9 5 21
9 6 -66
9 7 16
9 9 -84
9 10 -49
9 11 -26
9 12 -36
9 13 72
9 14 69
9 15 93
9 16 71
9 17 -85
9 18 -100
9 19 -1
9 20 73
9 21 78
9 23 -46
9 24 82
9 25 -56
9 26 -58
9 27 -29
9 28 -36
9 29 -81
9 30 -94
9 31 48
9 32 72
9 33 -46
9 34 85
9 35 79
9 37 76
9 39 38
9 40 -89
9 41 -26
9 42 -15
9 43 10
9 44 14
9 45 -6
9 47 69
9 48 -2
9 49 11
10 0 87
10 1 40
10 2 72
10 3 -93
10 4 -87
10 5 -8
10 6 -77
10 7 84
10 8 97
10 9 91
10 10 9
10 11 -97
10 12 -52
10 13 -47
10 14 16
10 15 80
10 16 58
10 17 -68
10 18 -74
10 19 87
10 20 -13
10 21 11
10 22 18
10 23 -16
10 24 88
10 25 88
10 26 -45
10 27 46
10 28 -39
10 29 -16
10 30 -30
10 31 45
10 32 71
10 33 91
10 34 90
10 35 96
10 36 82
10 37 85
10 38 -100
10 39 100
10 40 10
10 41 -51
10 42 -52
10 43 97
10 44 -8
10 45 92
10 46 -73
10 47 -26
10 48 -2
10 49 -10
11 0 35
11 1 -40
11 2 72
11 3 9
11 4 -23
11 5 62
11 6 100
11 7 -85
11 8 79
11 9 21
11 10 45
11 11 -81
11 12 17
11 13 44
11 14 92
11 15 56
11 17 30
11 18 -18
11 19 17
11 20 -87
11 21 27
11 22 71
11 23 99
11 24 -7
11 25 -21
11 26 99
11 27 44
11 28 -52
11 29 90
11 30 91
11 31 6
11 32 58
11 33 72
11 34 61
11 35 30
11 36 -50
11 37 -100
11 38 39
11 39 -87
11 40 48
11 41 16
11 42 -86
11 43 18
11 44 -48
11 45 83
11 46 61
11 47 -100
11 48 31
11 49 79
12 0 57
12 1 -12
12 2 -96
12 3 -98
12 4 91
12 5 24
12 6 -49
12 7 -4
12 8 53
12 9 96
12 10 -67
12 11 46
12 12 82
12 13 -13
12 14 -41
12 15 41
12 16 18
12 17 6
12 18 73
12 19 -95
12 20 58
12 21 -47
12 22 55
12 23 -4
12 24 -85
12 25 -58
12 26 -8
12 27 -1
12 29 5
12 30 3
12 31 39
12 32 -18
12 33 61
12 34 -3
12 35 96
12 36 9
12 38 39
12 39 -71
12 40 -59
12 41 41
12 42 12
12 43 -97
12 44 -14
12 45 -95
12 46 11
12 47 -1
12 48 39
12 49 97
13 0 99
13 1 -26
13 2 49
13 3 -53
13 4 82
13 5 66
13 6 -93
13 7 45
13 8 12
13 9 -34
13 10 -99
13 11 -28
13 12 -33
13 14 27
13 15 -2
13 17 51
13 18 -13
13 19 28
13 20 35
13 21 -60
13 22 -85
13 23 -40
13 24 -61
13 25 56
13 26 42
13 27 75
13 29 -85
13 30 -55
13 31 -13
13 32 14
13 33 -55
13 34 76
13 35 -44
13 36 -85
13 37 29
13 38 34
13 39 -66
13 40 -52
13 41 90
13 42 -67
13 43 38
13 44 68
13 46 -48
13 47 59
13 48 -98
13 49 -98
14 0 14
14 1 33
14 2 95
14 3 30
14 4 -45
14 5 94
14 6 96
14 7 -61
14 8 11
14 9 2
14 10 -52
14 11 89
14 12 -52
14 13 -69
14 14 15
14 15 51
14 16 88
14 17 5
14 18 49
14 19 -42
14 20 18
14 21 -50
14 22 88
14 23 84
14 24 -49
14 25 -12
14 26 52
14 27 3
14 28 80
14 29 61
14 30 -70
14 31 -74
14 32 -37
14 33 -84
14 34 23
14 35 -74
14 36 36
14 37 22
14 38 -43
14 39 -74
14 41 -57
14 43 82
14 44 53
14 45 -99
14 46 -5
14 47 3
14 48 -66
14 49 -44
15 0 -75
15 1 -77
15 2 -65
15 3 6
15 4 56
15 5 55
15 6 -13
15 7 -77
15 8 -13
15 9 74
15 10 -84
15 11 -77
15 12 24
15 13 -65
15 14 -47
15 15 68
15 16 -33
15 17 -81
15 18 97
15 19 85
15 20 36
15 21 85
15 22 28
15 23 -98
15 24 15
15 25 29
15 26 -30
15 27 -72
15 28 47
15 29 -50
15 31 -93
15 33 -82
15 34 -91
15 35 -7
15 36 -72
15 37 -7
15 38 -90
15 39 83
15 40 -66
15 41 86
15 42 -73
15 43 29
15 44 43
15 45 82
15 46 -16
15 47 -89
15 48 -36
15 49 82
16 0 -1
16 1 -71
16 2 -38
16 3 85
16 4 -55
16 5 -75
16 6 -26
16 7 -42
16 8 -84
16 9 -90
16 10 -78
16 11 49
16 12 -76
16 13 -19
16 14 -48
16 15 -96
16 16 62
16 17 9
16 18 69
16 19 -24
16 20 39
16 21 -84
16 22 -54
16 23 60
16 24 -48
16 25 47
16 26 28
16 27 -83
16 28 38
16 29 -83
16 30 -42
16 31 17
16 32 -17
16 33 97
16 34 -100
16 35 90
16 36 -39
16 37 24
16 38 -99
16 39 58
16 40 100
16 41 -81
16 42 -21
16 43 -8
16 44 6
16 45 61
16 46 -4
16 47 -40
16 48 -65
16 49 -18
17 0 96
17 1 -26
17 2 -92
17 3 -17
17 4 -52
17 5 62
17 6 22
17 7 30
17 8 66
17 9 -30
17 10 -48
17 11 67
17 12 40
17 13 9
17 14 -77
17 15 88
17 16 67
17 17 -31
17 18 57
17 19 5
17 20 -51
17 21 63
17 22 -61
17 23 45
17 24 -71
17 25 -86
17 26 -60
17 27 -16
17 28 -52
17 30 -40
17 31 -30
17 32 -18
17 33 6
17 34 -40
17 35 -16
17 36 45
17 37 -24
17 38 16
17 39 -83
17 40 -42
17 41 95
17 42 84
17 43 60
17 44 -42
17 45 -100
17 46 71
17 47 75
17 48 76
17 49 10
18 1 67
18 2 32
18 3 17
18 4 27
18 5 22
18 6 36
18 7 -79
18 8 18
18 9 70
18 10 -34
18 11 -30
18 12 -59
18 13 -28
18 14 7
18 15 21
18 16 -73
18 17 7
18 18 74
18 19 -89
18 20 10
18 21 35
18 22 16
18 23 48
18 24 20
18 25 56
18 26 48
18 27 41
18 28 7
18 30 79
18 31 -75
18 32 38
18 33 -9
18 34 7
18 35 84
18 36 70
18 37 63
18 38 91
18 39 -57
18 40 83
18 41 3
18 42 -26
18 43 -40
18 44 -88
18 45 58
18 46 -80
18 47 100
18 48 49
18 49 52
19 0 -43
19 1 15
19 2 -59
19 3 -37
19 4 80
19 5 -6
19 6 62
19 7 -50
19 8 89
19 9 6
19 10 98
19 11 86
19 12 -92
19 13 -73
19 14 42
19 16 10
19 17 85
19 18 -18
19 19 -20
19 20 17
19 21 96
19 22 -14
19 23 5
19 24 -84
19 25 67
19 26 85
19 27 -36
19 28 -96
19 29 -75
19 30 -40
19 31 75
19 32 84
19 33 26
19 34 -16
19 35 79
19 36 38
19 37 29
19 38 -51
19 39 -24
19 40 -25
19 41 -83
19 42 -97
19 43 89
19 44 63
19 45 -13
19 46 50
19 47 63
19 48 -28
19 49 1
20 0 78
20 2 -71
20 3 36
20 4 32
20 5 42
20 6 42
20 7 -31
20 8 1
20 9 12
20 10 -73
20 11 64
20 12 -2
20 13 -66
20 14 45
20 15 -53
20 16 21
20 17 -35
20 18 82
20 19 67
20 20 -99
20 21 -58
20 22 4
20 23 40
20 24 -52
20 25 -48
20 26 84
20 28 85
20 29 29
20 30 -49
20 31 -92
20 32 65
20 33 2
20 34 23
20 35 -73
20 36 -89
20 37 -72
20 38 -87
20 39 64
20 40 -32
20 41 -20
20 42 29
20 43 24
20 44 -21
20 45 3
20 46 33
20 47 62
20 48 -22
20 49 -22
21 0 -62
21 1 -25
21 2 43
21 3 34
21 4 -15
21 5 15
21 6 30
21 7 -30
21 8 -29
21 9 59
21 10 37
21 11 -68
21 12 -79
21 13 -4
21 14 -71
21 15 40
21 16 55
21 17 -33
21 18 99
21 19 79
21 20 -56
21 21 -41
21 22 -99
21 23 -32
21 24 -74
21 25 51
21 26 -85
21 27 -84
21 28 -28
21 29 72
21 30 -3
21 31 -96
21 33 -45
21 34 -83
21 35 -63
21 36 -16
21 38 92
21 39 53
21 40 -39
21 41 5
21 42 -23
21 43 -61
21 44 -91
21 45 -2
21 46 30
21 47 81
21 48 14
21 49 -36
22 0 -1
22 1 -52
22 3 -74
22 4 67
22 5 8
22 6 -70
22 7 32
22 8 76
22 9 99
22 10 -14
22 11 -74
22 12 -73
22 13 -1
22 14 29
22 15 86
22 16 -24
22 18 11
22 19 7
22 20 -52
22 21 98
22 22 23
22 23 -100
22 24 15
22 25 45
22 26 21
22 27 51
22 29 96
22 30 15
22 32 -21
22 33 -91
22 34 -50
22 35 4
22 36 78
22 37 53
22 39 49
22 40 -53
22 41 82
22 42 -63
22 43 51
22 44 -70
22 45 -12
22 46 -19
22 48 1
22 49 59
23 0 1
23 1 54
23 2 -19
23 3 -97
23 4 -68
23 5 -22
23 6 86
23 7 -25
23 8 -47
23 9 46
23 10 1
23 11 5
23 12 61
23 13 -96
23 14 -87
23 15 85
23 16 40
23 17 -22
23 18 -49
23 19 -98
23 20 -60
23 21 -71
23 22 85
23 23 -59
23 24 69
23 25 73
23 26 -14
23 27 -46
23 28 -72
23 29 -39
23 30 -32
23 31 -87
23 33 -52
23 34 14
23 35 -85
23 36 -37
23 37 99
23 38 5
23 39 -28
23 40 -26
23 41 28
23 42 1
23 43 -32
23 44 -69
23 45 -96
23 46 -63
23 47 -34
23 48 -54
23 49 -74
24 0 -84
24 1 41
24 2 58
24 3 -63
24 4 -33
24 5 -44
24 6 33
24 7 -38
24 8 -79
24 9 -57
24 10 -16
24 11 87
24 12 32
24 13 97
24 14 40
24 15 -64
24 16 35
24 17 43
24 18 -12
24 19 44
24 20 10
24 21 -69
24 22 81
24 23 -12
24 24 51
24 25 37
24 26 -66
24 27 -72
24 28 -97
24 29 -32
24 30 77
24 31 -97
24 32 83
24 33 -12
24 34 -80
24 35 93
24 37 81
24 38 -71
24 39 -87
24 40 -87
24 41 28
24 42 4
24 43 76
24 44 1
24 45 -90
24 47 -84
24 48 -68
24 49 -66
25 0 4
25 1 -34
25 2 40
25 3 -32
25 4 63
25 5 34
25 6 -90
25 7 -7
25 8 -78
25 9 -99
25 10 -34
25 11 -47
25 12 -43
25 13 -36
25 14 56
25 15 81
25 16 -89
25 17 92
25 18 -18
25 19 -47
25 20 -65
25 21 -22
25 22 -92
25 23 -55
25 24 5
25 25 -1
25 26 -98
25 27 74
25 28 -40
25 29 -43
25 30 -18
25 31 -4
25 32 45
25 33 95
25 34 -34
25 35 -77
25 36 -86
25 37 51
25 38 -39
25 39 24
25 40 -14
25 41 69
25 42 -23
25 43 21
25 44 78
25 45 60
25 46 12
25 47 81
25 48 -77
25 49 -52
26 0 49
26 1 -80
26 2 -88
26 3 -79
26 4 91
26 5 -4
26 6 42
26 7 -93
26 8 11
26 9 -26
26 10 85
26 11 -55
26 12 36
26 13 -27
26 14 -9
26 15 15
26 16 -86
26 17 -18
26 18 40
26 19 31
26 20 28
26 22 -35
26 23 -1
26 24 60
26 25 26
26 26 94
26 27 56
26 28 -71
26 29 37
26 30 84
26 31 -13
26 32 -6
26 33 -38
26 34 -66
26 35 76
26 36 -38
26 37 -30
26 38 2
26 39 56
26 40 42
26 41 11
26 42 82
26 43 86
26 44 45
26 45 -76
26 46 -73
26 47 69
26 48 99
26 49 23
27 0 10
27 1 -51
27 2 -42
27 3 13
27 4 30
27 5 -15
27 6 -18
27 7 -46
27 8 87
27 9 63
27 10 -88
27 11 25
27 12 -53
27 13 75
27 14 41
27 15 -72
27 16 -79
27 17 -70
27 18 42
27 19 21
27 20 16
27 21 -17
27 23 22
27 24 -31
27 25 18
27 26 43
27 27 -5
27 28 -48
27 29 47
27 30 -90
27 31 -36
27 32 -33
27 33 -34
27 34 -59
27 35 -18
27 36 51
27 37 -18
27 38 72
27 39 68
27 40 24
27 41 -32
27 42 84
27 43 49
27 45 4
27 46 -53
27 47 -12
27 48 -25
28 0 -42
28 1 8
28 2 -53
28 3 -99
28 4 -94
28 5 17
28 6 70
28 7 -32
28 8 -10
28 9 36
28 10 -77
28 11 -92
28 12 -21
28 13 62
28 14 -42
28 15 72
28 16 91
28 17 2
28 18 42
28 19 -55
28 20 -26
28 21 16
28 22 47
28 23 -63
28 24 7
28 25 -53
28 26 -46
28 27 -71
28 28 -16
28 29 67
28 30 -77
28 31 -1
28 32 57
28 34 34
28 35 -19
28 36 -46
28 37 2
28 38 76
28 39 -59
28 40 -93
28 41 29
28 42 46
28 43 -85
28 44 44
28 45 10
28 46 -100
28 47 88
28 48 -50
28 49 74
29 0 -25
29 1 49
29 2 1
29 3 24
29 4 -16
29 5 -30
29 6 -78
29 7 39
29 8 99
29 9 -33
29 10 -35
29 11 -74
29 12 17
29 13 -5
29 14 33
29 15 85
29 16 -30
29 17 -78
29 18 -19
29 19 -90
29 20 63
29 21 -26
29 22 -88
29 23 -61
29 24 25
29 25 -56
29 26 -68
29 27 4
29 28 -31
29 29 90
29 30 23
29 31 37
29 32 -28
29 33 21
29 35 -77
29 36 37
29 37 26
29 38 -34
29 39 81
29 40 24
29 41 21
29 42 -19
29 43 49
29 44 10
29 45 -34
29 46 37
29 47 -96
29 48 97
29 49 -52
30 0 -100
30 1 72
30 2 -66
30 3 -54
30 4 -87
30 5 -69
30 6 46
30 7 -59
30 8 -33
30 9 37
30 10 -68
30 11 -97
30 12 -70
30 13 44
30 14 86
30 16 25
30 17 -27
30 18 -39
30 19 6
30 20 65
30 21 16
30 22 -86
30 23 -37
30 24 4
30 25 52
30 26 97
30 27 -42
30 28 -28
30 29 -100
30 30 1
30 31 -16
30 32 -98
30 33 -31
30 34 18
30 35 86
30 36 -36
30 37 -33
30 38 5
30 39 -70
30 40 -13
30 41 -26
30 42 4
30 43 -75
30 44 -100
30 45 -96
30 46 -40
30 47 -69
30 48 -78
30 49 -65
31 0 -86
31 1 99
31 2 19
31 3 97
31 4 62
31 5 -18
31 6 -89
31 7 64
31 8 -78
31 9 35
31 11 -47
31 12 -84
31 13 -85
31 14 -16
31 15 89
31 17 47
31 18 65
31 19 90
31 20 33
31 21 -71
31 22 62
31 23 -18
31 24 12
31 25 28
31 26 -55
31 27 94
31 28 -42
31 29 86
31 30 -27
31 31 79
31 32 -26
31 33 25
31 34 -78
31 35 -57
31 36 18
31 37 42
31 38 12
31 39 -27
31 40 88
31 41 20
31 42 -80
31 43 -30
31 44 65
31 45 -53
31 46 -33
31 47 -89
31 48 33
32 0 -64
32 1 -43
32 2 97
32 3 32
32 4 -18
32 6 95
32 7 25
32 8 99
32 9 97
32 10 83
32 11 55
32 12 -92
32 13 -78
32 14 -21
32 15 -22
32 16 -44
32 17 -12
32 18 30
32 19 -15
32 20 100
32 21 -18
32 22 -62
32 23 84
32 24 22
32 25 -46
32 26 -38
32 27 44
32 28 80
32 29 73
32 30 -94
32 31 17
32 32 -23
32 33 -77
32 34 -85
32 35 12
32 36 -36
32 37 4
32 38 -97
32 39 64
32 40 -63
32 41 -12
32 42 -99
32 43 61
32 44 78
32 45 17
32 46 -91
32 47 -95
32 48 60
32 49 -63
33 0 -42
33 1 -37
33 2 -47
33 3 -38
33 4 -9
33 5 -99
33 6 8
33 7 87
33 8 -74
33 9 35
33 10 -43
33 11 97
33 12 65
33 13 -58
33 14 -16
33 15 2
33 16 -33
33 17 -82
33 18 -39
33 19 36
33 20 2
33 21 -42
33 22 61
33 24 84
33 25 58
33 26 -22
33 27 -36
33 29 -69
33 30 -8
33 31 -86
33 32 16
33 33 -49
33 34 -60
33 35 -52
33 36 78
33 37 36
33 38 -60
33 39 47
33 40 -79
33 41 62
33 42 12
33 43 -16
33 44 63
33 45 -4
33 46 18
33 47 76
33 48 -73
33 49 27
34 0 -85
34 1 59
34 2 -9
34 3 -56
34 4 -5
34 5 -22
34 6 97
34 7 -41
34 8 78
34 9 -89
34 10 -76
34 11 -6
34 12 -29
34 13 -94
34 14 74
34 15 -97
34 16 -65
34 17 -6
34 18 -42
34 19 97
34 20 75
34 22 -88
34 23 14
34 24 -4
34 25 -81
34 26 -35
34 27 3
34 28 -53
34 29 -5
34 30 47
34 31 -47
34 33 -50
34 34 -9
34 35 -88
34 36 -77
34 37 -85
34 38 90
34 39 -52
34 40 -30
34 41 -87
34 42 -45
34 43 24
34 44 65
34 45 -2
34 46 31
34 47 -77
34 48 -82
34 49 -80
35 0 47
35 1 63
35 2 -76
35 3 33
35 4 -65
35 5 30
35 7 -6
35 8 -37
35 9 -30
35 10 68
35 11 71
35 12 -26
35 14 97
35 16 -16
35 17 79
35 18 83
35 19 85
35 20 -66
35 21 86
35 22 48
35 23 87
35 24 7
35 25 20
35 26 85
35 27 27
35 28 -54
35 29 78
35 30 -13
35 31 41
35 32 47
35 34 -13
35 35 -100
35 36 -41
35 37 -70
35 38 -8
35 39 -100
35 40 -45
35 41 -5
35 42 78
35 43 19
35 44 38
35 45 -86
35 46 -36
35 47 -45
35 48 92
35 49 -43
36 0 -91
36 1 14
36 3 14
36 4 52
36 5 -51
36 6 -15
36 7 -59
36 8 -92
36 9 -57
36 10 -77
36 11 88
36 12 72
36 13 -53
36 14 23
36 15 86
36 16 100
36 17 76
36 18 63
36 19 65
36 20 100
36 21 45
36 22 -43
36 23 -4
36 24 35
36 25 41
36 26 -13
36 27 3
36 28 -74
36 29 -36
36 30 34
36 31 -62
36 32 33
36 33 -8
36 34 -82
36 36 -74
36 37 -43
36 38 -9
36 39 33
36 40 12
36 41 -60
36 42 -85
36 43 64
36 44 100
36 45 -47
36 46 53
36 48 48
36 49 -14
37 0 64
37 1 72
37 2 4
37 3 94
37 4 5
37 5 -97
37 6 69
37 7 37
37 8 66
37 9 -95
37 10 -90
37 11 94
37 12 -75
37 13 -76
37 14 65
37 15 38
37 16 52
37 17 -63
37 18 -19
37 21 1
37 22 -43
37 23 -45
37 24 13
37 26 -88
37 27 26
37 28 38
37 29 -30
37 30 46
37 31 -90
37 32 -86
37 34 -3
37 35 12
37 36 87
37 37 -3
37 38 46
37 39 88
37 40 -85
37 41 -57
37 42 70
37 43 -69
37 44 -98
37 45 95
37 46 -15
37 47 -70
37 48 63
37 49 -46
38 0 29
38 1 -22
38 2 63
38 3 -90
38 4 -30
38 5 78
38 6 60
38 7 -92
38 8 71
38 9 71
38 10 35
38 11 73
38 12 -35
38 13 31
38 14 96
38 15 -58
38 16 -96
38 18 72
38 19 -88
38 20 -41
38 21 -91
38 22 86
38 23 -11
38 24 84
38 25 -24
38 26 -48
38 27 -95
38 28 69
38 29 40
38 30 -46
38 31 63
38 32 38
38 33 -39
38 34 -28
38 35 67
38 36 53
38 37 -53
38 38 34
38 39 -46
38 40 7
38 41 -4
38 42 42
38 43 75
38 44 76
38 45 -40
38 46 43
38 47 71
38 48 71
38 49 77
39 0 -29
39 1 61
39 2 -20
39 3 -44
39 4 74
39 5 55
39 6 66
39 7 59
39 8 -51
39 9 -92
39 10 -72
39 11 -78
39 12 -70
39 13 21
39 14 22
39 15 38
39 16 -70
39 17 41
39 18 67
39 19 -64
39 20 26
39 21 -65
39 22 86
39 23 -11
39 24 27
39 25 -25
39 26 40
39 27 -66
39 28 -82
39 29 -72
39 30 51
39 31 66
39 32 -2
39 33 -46
39 34 86
39 35 -48
39 36 -71
39 37 -38
39 39 -32
39 40 -7
39 41 -87
39 42 -23
39 43 -63
39 44 -2
39 45 -16
39 46 5
39 47 33
39 49 83
40 0 -1
40 1 -24
40 2 71
40 3 -1
40 4 -53
40 5 -20
40 6 66
40 7 65
40 8 58
40 9 -74
40 10 -95
40 11 -69
40 12 19
40 13 31
40 14 -13
40 15 30
40 16 -97
40 17 68
40 18 -27
40 19 82
40 20 44
40 21 -37
40 22 -1
40 23 -41
40 24 63
40 25 22
40 26 -96
40 27 92
40 28 -81
40 29 66
40 30 -39
40 31 -12
40 32 -18
40 33 20
40 34 -36
40 35 -35
40 36 10
40 37 -58
40 38 15
40 39 56
40 40 -77
40 41 9
40 42 -63
40 43 -71
40 44 66
40 45 -27
40 46 41
40 47 47
40 48 14
40 49 37
41 0 -49
41 1 48
41 2 -77
41 3 -100
41 4 -51
41 5 19
41 6 60
41 7 7
41 8 -18
41 9 83
41 10 -93
41 11 -82
41 12 -5
41 13 -44
41 14 -41
41 15 -98
41 16 -84
41 17 57
41 18 -69
41 19 -16
41 20 -68
41 21 12
41 22 43
41 23 -9
41 24 37
41 25 -9
41 26 -13
41 27 -76
41 28 19
41 29 -99
41 30 -53
41 32 25
41 33 -44
41 34 -65
41 35 -53
41 36 18
41 37 71
41 38 -93
41 39 -39
41 40 89
41 41 -93
41 42 41
41 43 -45
41 44 64
41 45 -5
41 46 40
41 47 -86
41 48 16
42 0 -73
42 1 73
42 2 -57
42 3 -74
42 4 2
42 5 20
42 6 8
42 7 -23
42 8 96
42 9 -22
42 10 -86
42 11 -25
42 12 -97
42 13 96
42 14 -38
42 15 -64
42 16 38
42 17 30
42 18 47
42 19 96
42 20 30
42 21 -8
42 22 -3
42 23 -39
42 24 -99
42 25 -23
42 26 -6
42 28 -9
42 29 54
42 30 -91
42 31 85
42 32 -51
42 33 39
42 34 52
42 35 -37
42 36 74
42 37 -39
42 38 49
42 39 -71
42 40 -18
42 41 -42
42 42 44
42 43 -19
42 44 -58
42 45 -58
42 46 -65
42 47 28
42 48 57
42 49 71
43 0 60
43 1 -10
43 2 7
43 3 -86
43 4 -73
43 5 1
43 6 41
43 7 4
43 8 80
43 9 29
43 10 91
43 11 78
43 12 33
43 13 54
43 14 -42
43 15 -45
43 16 -37
43 17 49
43 18 22
43 19 -97
43 20 12
43 21 72
43 22 -94
43 23 -66
43 24 -13
43 25 83
43 26 33
43 27 97
43 28 94
43 29 39
43 30 -90
43 32 11
43 33 -23
43 34 87
43 35 41
43 36 -7
43 37 -9
43 38 -53
43 39 -95
43 40 -78
43 41 58
43 42 97
43 43 93
43 44 97
43 45 -37
43 46 -52
43 47 -100
43 48 60
43 49 -68
44 0 2
44 1 9
44 2 84
44 3 -57
44 4 83
44 5 63
44 6 -45
44 7 100
44 8 -87
44 9 -69
44 11 38
44 12 1
44 13 -75
44 15 31
44 16 11
44 17 71
44 18 -24
44 19 -47
44 20 -98
44 21 -30
44 22 89
44 23 42
44 24 72
44 25 -60
44 26 -17
44 27 -97
44 28 44
44 29 9
44 30 -97
44 31 33
44 33 16
44 34 -58
44 35 -37
44 36 39
44 37 -76
44 38 38
44 39 -61
44 40 -42
44 41 -11
44 42 -41
44 43 -69
44 44 73
44 45 45
44 46 -40
44 47 -57
44 48 -56
45 0 85
45 1 -89
45 2 -24
45 3 -93
45 4 -74
45 5 -41
45 6 15
45 7 44
45 8 -45
45 10 -38
45 11 -79
45 12 -100
45 14 29
45 15 -29
45 16 -64
45 17 44
45 19 23
45 20 -41
45 21 99
45 22 -16
45 23 -100
45 24 -76
45 25 -98
45 26 98
45 27 53
45 28 -80
45 29 -36
45 30 85
45 31 59
45 32 54
45 33 31
45 34 -19
45 35 -85
45 36 15
45 37 -88
45 38 2
45 39 -69
45 40 -63
45 41 -16
45 42 86
45 43 36
45 44 -85
45 45 14
45 46 -33
45 47 -94
45 48 41
45 49 27
46 0 -51
46 1 -56
46 2 12
46 3 -44
46 4 -59
46 5 43
46 6 29
46 7 45
46 8 -95
46 9 -96
46 10 -55
46 11 71
46 12 77
46 13 2
46 14 10
46 15 -1
46 16 33
46 17 -78
46 18 -39
46 19 51
46 20 77
46 21 24
46 22 55
46 23 73
46 24 77
46 25 1
46 26 -67
46 27 -97
46 28 -21
46 29 85
46 30 -60
46 31 -12
46 32 -29
46 33 33
46 34 73
46 35 58
46 36 55
46 37 4
46 38 -16
46 39 -64
46 40 85
46 41 9
46 42 -1
46 43 32
46 44 52
46 45 -81
46 46 81
46 47 92
46 48 -92
46 49 50
47 0 -46
47 1 77
47 2 81
47 3 18
47 4 -80
47 5 -61
47 6 26
47 7 53
47 8 50
47 9 -80
47 10 78
47 11 46
47 13 -12
47 14 93
47 15 -3
47 16 61
47 17 -92
47 18 -8
47 19 -42
47 20 -89
47 21 52
47 22 -52
47 23 34
47 24 -32
47 25 -1
47 26 32
47 27 34
47 28 42
47 29 76
47 30 82
47 31 -37
47 32 50
47 33 70
47 34 -52
47 35 30
47 36 99
47 37 -65
47 38 30
47 39 -33
47 40 74
47 41 -79
47 42 8
47 43 -41
47 44 55
47 45 10
47 46 -25
47 47 -55
47 48 -80
47 49 44
48 0 -38
48 1 79
48 2 -10
48 3 -11
48 4 9
48 5 -19
48 6 -100
48 7 88
48 8 95
48 9 42
48 10 -96
48 11 -79
48 12 50
48 13 9
48 14 38
48 15 -97
48 16 15
48 18 -19
48 19 -89
48 20 33
48 21 74
48 22 91
48 23 -12
48 25 -88
48 26 42
48 27 48
48 28 29
48 29 55
48 31 90
48 32 -30
48 33 25
48 34 3
48 35 -100
48 36 -9
48 37 31
48 38 73
48 39 -25
48 40 -21
48 41 -19
48 42 -90
48 43 50
48 44 13
48 45 5
48 47 42
48 48 37
48 49 -96
49 0 -88
49 1 -78
49 2 -44
49 3 -3
49 4 94
49 5 11
49 6 -67
49 7 65
49 8 11
49 9 69
49 10 -58
49 11 -61
49 12 76
49 14 94
49 15 97
49 17 -50
49 18 -37
49 19 -23
49 20 4
49 21 22
49 22 -40
49 23 58
49 24 -39
49 25 67
49 26 48
49 27 13
49 28 50
49 29 -17
49 30 4
49 31 -100
49 32 60
49 33 -74
49 35 -83
49 37 -83
49 38 14
49 39 39
49 40 -4
49 41 12
49 42 65
49 43 -39
49 44 -37
49 45 89
49 46 -30
49 47 100
49 48 92
49 49 3