0 0 33
0 1 -24
0 2 20
0 3 -38
0 4 64
0 5 -61
0 6 62
0 7 -52
0 8 76
0 9 10
1 0 33
1 1 8
1 2 -84
1 3 -64
1 4 -10
1 5 -35
1 6 -58
1 7 42
1 8 50
1 9 -33
2 0 8
2 1 82
2 2 -8
2 3 75
2 4 -91
2 5 -74
2 6 100
2 7 -53
2 8 -61
2 9 59
3 0 92
3 1 22
3 2 -79
3 3 36
3 4 -77
3 5 -43
3 6 3
3 7 56
3 8 34
3 9 -19
4 0 39
4 1 19
4 2 6
4 3 9
4 4 57
4 5 -61
4 6 -4
4 7 -9
4 8 -91
4 9 -60
5 0 89
5 1 -44
5 2 -57
5 3 -11
5 4 -10
5 5 -86
5 6 53
5 7 -35
5 8 13
5 9 18
6 0 -88
6 1 54
6 2 18
6 3 81
6 4 -70
6 5 -66
6 6 63
6 7 -34
6 8 64
6 9 71
7 0 42
7 1 14
7 2 -26
7 3 88
7 4 -88
7 5 -29
7 6 -86
7 7 -39
7 8 18
7 9 -56
8 0 -90
8 1 40
8 2 30
8 3 45
8 4 -66
8 5 -95
8 6 55
8 7 11
8 8 33
8 9 -1
9 0 14
9 1 76
9 2 -100
9 3 -4
9 4 88
9 5 -1
9 6 24
9 7 20
9 8 54
9 9 78