0 0 3
0 1 -22
0 3 2
0 4 -47
0 6 -25
0 7 -48
0 8 3
0 9 -24
0 10 -45
0 11 74
0 12 -59
0 13 -91
0 15 -92
0 16 -90
0 17 27
0 18 94
0 19 -81
0 20 5
0 22 99
0 23 39
0 24 -10
0 26 72
0 28 -1
0 29 -39
0 30 41
0 31 97
0 32 -92
0 33 73
0 34 45
0 36 41
0 37 24
0 38 -8
0 39 -58
0 40 -14
0 41 -32
0 42 96
0 43 -68
0 45 8
0 46 84
0 47 78
0 48 93
0 49 25
0 51 65
0 52 -6
0 54 -1
0 55 -91
0 56 92
0 57 -75
0 58 -62
0 59 66
0 60 82
0 61 -7
0 62 66
0 63 81
0 65 -97
0 66 -87
0 68 78
0 69 2
0 70 8
0 71 11
0 72 82
0 73 22
0 74 28
0 75 -81
0 76 -91
0 80 -58
0 81 68
0 82 -17
0 83 57
0 84 -71
0 85 17
0 86 49
0 87 99
0 88 -27
0 89 89
0 90 99
0 91 93
0 92 -60
0 94 69
0 95 -91
0 96 -67
0 97 -62
0 98 -70
0 99 63
1 0 -4
1 1 -69
1 2 -51
1 3 -41
1 5 -94
1 6 -27
1 7 80
1 9 68
1 10 -58
1 11 -67
1 12 -98
1 13 -24
1 14 -65
1 15 -57
1 16 49
1 17 79
1 18 -70
1 19 -87
1 21 -10
1 22 98
1 23 -41
1 24 -78
1 25 -92
1 26 38
1 27 64
1 28 -9
1 29 81
1 30 49
1 31 -96
1 32 26
1 33 20
1 34 -88
1 35 -33
1 37 15
1 38 -3
1 39 57
1 40 -91
1 41 -11
1 42 -16
1 44 -9
1 45 26
1 46 84
1 47 -55
1 48 61
1 49 89
1 51 -84
1 54 -51
1 55 22
1 56 99
1 57 9
1 58 -72
1 59 -71
1 61 13
1 62 41
1 63 94
1 65 97
1 66 -42
1 67 60
1 69 -68
1 70 48
1 72 60
1 73 42
1 74 88
1 75 77
1 76 23
1 77 16
1 78 86
1 80 35
1 81 -83
1 82 -62
1 83 8
1 84 -94
1 85 -5
1 86 -40
1 88 -51
1 89 -69
1 90 90
1 91 -20
1 94 -63
1 95 75
1 96 -7
1 97 -17
1 98 93
2 0 76
2 1 -5
2 2 36
2 3 -1
2 4 28
2 5 -96
2 7 74
2 8 -33
2 9 -13
2 10 -69
2 11 -39
2 12 -54
2 13 52
2 14 -95
2 16 35
2 17 27
2 18 62
2 19 62
2 21 20
2 22 -1
2 23 5
2 24 34
2 25 24
2 26 39
2 27 -62
2 29 44
2 30 26
2 31 89
2 32 83
2 33 95
2 34 -8
2 35 -58
2 36 -50
2 37 -98
2 38 29
2 39 61
2 40 52
2 41 96
2 42 24
2 43 -5
2 44 -74
2 45 45
2 46 -86
2 47 -35
2 48 81
2 50 36
2 51 77
2 52 5
2 53 12
2 54 6
2 55 63
2 57 -55
2 58 82
2 59 52
2 61 80
2 62 -100
2 63 -67
2 64 60
2 65 -95
2 66 -27
2 67 67
2 68 6
2 69 4
2 70 84
2 71 55
2 72 47
2 73 95
2 74 8
2 75 -86
2 76 84
2 77 -24
2 79 41
2 81 32
2 82 79
2 83 24
2 85 46
2 86 -31
2 87 64
2 88 71
2 89 84
2 90 26
2 91 -9
2 92 -30
2 93 -49
2 94 -5
2 95 -85
2 96 98
2 97 64
2 98 -9
2 99 69
3 1 -71
3 2 72
3 3 -7
3 4 -65
3 5 79
3 6 68
3 7 -70
3 8 -85
3 9 -20
3 11 51
3 12 54
3 13 -60
3 15 -97
3 16 92
3 18 18
3 19 -25
3 20 2
3 21 43
3 22 -1
3 23 59
3 24 -53
3 25 -26
3 26 -66
3 27 77
3 28 -14
3 29 -24
3 30 55
3 31 44
3 32 -33
3 33 53
3 34 -13
3 36 -45
3 37 -25
3 38 -79
3 40 -96
3 41 43
3 42 13
3 43 60
3 44 17
3 46 -93
3 47 -20
3 48 -58
3 49 -63
3 50 77
3 51 -5
3 53 17
3 54 -26
3 55 63
3 56 18
3 57 -54
3 58 46
3 59 41
3 60 -21
3 61 39
3 63 88
3 64 13
3 65 -54
3 66 -67
3 68 90
3 69 -93
3 70 -87
3 72 -54
3 73 70
3 74 77
3 75 97
3 76 85
3 77 -81
3 78 75
3 79 5
3 80 15
3 81 -12
3 82 5
3 83 -80
3 84 -11
3 85 -53
3 86 97
3 87 64
3 88 92
3 89 -89
3 91 -75
3 92 55
3 93 -62
3 94 93
3 95 -92
3 96 -45
3 98 68
3 99 57
4 0 -2
4 1 69
4 2 -65
4 4 66
4 5 45
4 6 6
4 7 -76
4 8 -97
4 9 24
4 10 -25
4 11 -34
4 12 -30
4 14 -49
4 15 40
4 16 -59
4 17 -77
4 18 -83
4 21 -22
4 22 -79
4 23 -11
4 24 -77
4 25 42
4 26 42
4 27 -11
4 28 54
4 29 -42
4 30 -42
4 31 -11
4 32 9
4 33 -53
4 34 3
4 35 2
4 36 -24
4 37 41
4 38 36
4 40 -79
4 41 -35
4 42 -10
4 43 47
4 44 95
4 45 71
4 46 7
4 47 -97
4 48 43
4 49 -67
4 50 20
4 51 -76
4 52 -55
4 54 91
4 55 -65
4 56 -33
4 57 33
4 58 -41
4 59 -71
4 60 -73
4 61 93
4 62 9
4 63 69
4 64 84
4 65 56
4 67 30
4 68 100
4 69 -32
4 70 -55
4 71 76
4 73 -86
4 74 44
4 75 69
4 76 -18
4 77 -15
4 78 81
4 79 9
4 81 -75
4 82 96
4 83 21
4 84 57
4 85 -73
4 87 -100
4 88 -48
4 90 72
4 91 7
4 92 35
4 93 83
4 94 57
4 95 -28
4 96 -20
4 97 -40
4 98 -69
4 99 -76
5 0 77
5 1 72
5 2 -32
5 5 -25
5 6 -87
5 7 -30
5 8 -31
5 9 -46
5 10 42
5 11 -40
5 12 53
5 13 -51
5 14 32
5 15 -55
5 16 89
5 21 24
5 22 65
5 23 97
5 24 16
5 25 -29
5 26 19
5 27 -12
5 28 45
5 29 -3
5 30 -18
5 31 95
5 32 -6
5 33 -21
5 34 -65
5 35 47
5 36 24
5 37 -77
5 38 33
5 39 -56
5 40 -64
5 41 33
5 42 78
5 43 47
5 44 45
5 45 -92
5 46 -3
5 47 -5
5 48 -39
5 49 -28
5 50 97
5 51 -9
5 52 -50
5 53 34
5 54 -91
5 55 -10
5 56 -52
5 57 25
5 58 10
5 59 -82
5 60 -46
5 61 42
5 62 -6
5 63 -16
5 64 -85
5 65 -9
5 66 -88
5 67 -31
5 69 -5
5 70 73
5 71 76
5 72 61
5 73 35
5 74 27
5 75 -99
5 76 15
5 77 -87
5 78 59
5 79 -93
5 80 -6
5 81 4
5 82 40
5 83 -23
5 84 78
5 85 -91
5 86 -87
5 87 39
5 88 26
5 89 42
5 90 7
5 91 57
5 93 -36
5 94 95
5 95 56
5 96 -32
5 97 3
5 98 21
5 99 77
6 2 46
6 3 -25
6 4 -55
6 5 -22
6 6 87
6 7 -26
6 8 -8
6 9 -42
6 10 90
6 11 -60
6 13 63
6 14 -17
6 15 -26
6 16 96
6 17 -25
6 18 -73
6 19 -14
6 21 90
6 22 -97
6 23 -29
6 24 16
6 25 -85
6 26 -50
6 27 22
6 28 -57
6 29 22
6 30 -96
6 31 9
6 32 38
6 33 -1
6 34 -86
6 35 -9
6 36 35
6 37 69
6 38 -77
6 39 34
6 40 -3
6 41 30
6 42 -69
6 43 2
6 44 92
6 45 8
6 46 -78
6 47 -52
6 48 -90
6 49 39
6 50 -11
6 51 79
6 53 -11
6 54 -11
6 55 -28
6 57 -21
6 58 -64
6 59 3
6 60 42
6 61 -69
6 62 -12
6 64 47
6 65 -85
6 66 -19
6 67 -21
6 68 52
6 70 14
6 71 84
6 72 41
6 73 -21
6 74 40
6 75 84
6 76 6
6 77 44
6 78 -15
6 79 -84
6 80 60
6 81 -73
6 82 -3
6 83 70
6 84 58
6 85 65
6 86 33
6 87 -65
6 88 24
6 89 -20
6 90 10
6 91 -8
6 92 -27
6 94 78
6 95 -87
6 96 6
6 97 67
6 98 -10
6 99 -66
7 0 -75
7 1 -1
7 2 79
7 3 -50
7 4 16
7 5 -85
7 6 -78
7 7 -68
7 8 80
7 10 33
7 11 25
7 12 6
7 13 39
7 14 -46
7 15 -80
7 16 -74
7 17 1
7 18 92
7 19 82
7 20 6
7 21 18
7 22 6
7 23 84
7 24 69
7 26 -55
7 27 -93
7 28 48
7 29 40
7 30 4
7 32 99
7 33 -40
7 34 -91
7 35 -80
7 36 39
7 37 -41
7 38 -38
7 40 -64
7 41 1
7 42 2
7 43 -12
7 44 84
7 45 -92
7 46 6
7 47 -78
7 48 -11
7 50 -42
7 51 17
7 52 52
7 54 9
7 56 98
7 57 61
7 58 -46
7 60 25
7 61 -30
7 62 -56
7 63 59
7 64 37
7 65 39
7 66 -78
7 67 -89
7 68 89
7 69 25
7 70 52
7 71 33
7 72 22
7 73 45
7 74 -47
7 75 -6
7 76 -72
7 78 80
7 79 69
7 81 -100
7 82 -5
7 83 -7
7 84 87
7 85 -11
7 86 99
7 87 69
7 88 -74
7 89 -100
7 90 49
7 91 -46
7 92 -41
7 93 83
7 94 14
7 95 -81
7 96 -51
7 98 -46
7 99 22
8 0 82
8 1 -80
8 2 21
8 3 79
8 4 26
8 5 94
8 6 -51
8 7 -10
8 8 -32
8 9 20
8 10 -85
8 11 -63
8 12 76
8 13 59
8 14 77
8 15 -2
8 16 43
8 17 28
8 18 -93
8 19 -93
8 20 -6
8 21 -50
8 22 -14
8 23 -28
8 26 20
8 27 -61
8 28 -4
8 29 21
8 30 -86
8 31 -68
8 32 71
8 33 -3
8 34 62
8 35 -86
8 36 -44
8 37 -85
8 38 35
8 39 -99
8 40 -11
8 41 13
8 42 20
8 43 87
8 44 -42
8 45 26
8 46 -47
8 47 81
8 48 -4
8 49 -97
8 50 23
8 52 3
8 54 54
8 55 -9
8 56 -31
8 57 -64
8 58 14
8 59 24
8 60 16
8 61 24
8 62 -5
8 63 -7
8 65 -18
8 66 94
8 67 -98
8 68 70
8 69 -12
8 70 66
8 71 -54
8 73 -24
8 75 49
8 76 -82
8 77 -51
8 78 4
8 79 10
8 80 54
8 82 54
8 83 -31
8 84 -2
8 86 69
8 87 54
8 88 80
8 89 -32
8 90 -2
8 91 -27
8 92 56
8 93 22
8 94 82
8 95 -92
8 96 -74
8 98 51
8 99 -59
9 0 -73
9 1 -24
9 2 -43
9 3 -95
9 4 -30
9 5 -56
9 6 -78
9 7 18
9 8 95
9 10 -49
9 11 -95
9 12 5
9 13 98
9 14 76
9 15 50
9 16 48
9 18 -52
9 19 -9
9 20 63
9 21 -8
9 22 -75
9 23 -60
9 24 -9
9 25 43
9 26 20
9 27 85
9 28 -78
9 29 7
9 30 55
9 31 -51
9 32 27
9 33 62
9 34 -7
9 36 67
9 37 -16
9 38 19
9 39 -49
9 41 3
9 42 92
9 43 39
9 44 -23
9 45 50
9 46 30
9 47 32
9 48 -16
9 49 -18
9 50 78
9 51 -100
9 54 -59
9 55 4
9 56 64
9 57 57
9 58 -13
9 59 9
9 60 -33
9 61 -21
9 62 -17
9 63 20
9 64 88
9 65 23
9 66 83
9 67 -86
9 68 99
9 69 -88
9 70 97
9 71 -75
9 72 71
9 73 21
9 74 -41
9 75 -21
9 76 -100
9 77 5
9 78 23
9 79 -60
9 80 8
9 82 21
9 83 -72
9 85 -18
9 86 -18
9 87 75
9 88 75
9 89 -72
9 90 71
9 92 89
9 93 -18
9 94 -97
9 95 100
9 96 98
9 97 46
9 98 82
10 1 -24
10 2 -48
10 4 52
10 5 99
10 6 20
10 7 55
10 9 -55
10 10 98
10 11 -57
10 12 -20
10 15 51
10 16 56
10 17 -89
10 18 75
10 19 -51
10 20 -74
10 21 41
10 23 -49
10 24 -6
10 25 33
10 26 66
10 27 -77
10 28 -60
10 29 89
10 30 -78
10 31 16
10 33 -63
10 34 -15
10 35 25
10 36 83
10 37 53
10 38 -98
10 39 16
10 40 72
10 41 43
10 42 -7
10 44 76
10 45 63
10 46 57
10 48 -68
10 49 -17
10 50 39
10 51 -65
10 52 85
10 53 -6
10 54 -100
10 55 100
10 56 -78
10 58 36
10 59 -96
10 61 19
10 62 54
10 63 86
10 64 -75
10 65 52
10 66 -99
10 67 13
10 68 -84
10 69 5
10 70 97
10 71 -60
10 72 -65
10 73 40
10 74 -26
10 75 29
10 76 -45
10 77 -69
10 78 -88
10 79 47
10 80 -61
10 81 18
10 82 -87
10 83 -70
10 84 -41
10 86 2
10 87 11
10 88 52
10 89 16
10 90 -38
10 91 81
10 92 -4
10 93 -9
10 94 94
10 96 -7
10 99 -45
11 0 64
11 1 26
11 2 -40
11 3 -99
11 4 10
11 5 -23
11 6 -43
11 7 -93
11 8 -100
11 9 -90
11 10 -97
11 11 -28
11 12 -70
11 13 33
11 14 74
11 15 71
11 16 81
11 17 26
11 18 -62
11 19 -83
11 20 -11
11 21 -64
11 22 65
11 23 2
11 24 4
11 25 -61
11 26 72
11 27 31
11 28 -13
11 29 39
11 30 -15
11 31 49
11 32 6
11 34 33
11 35 42
11 36 99
11 37 -61
11 38 41
11 39 98
11 40 -35
11 41 100
11 42 89
11 43 -76
11 44 15
11 45 -86
11 46 28
11 47 65
11 48 88
11 49 -21
11 50 -87
11 51 -91
11 53 47
11 54 -53
11 55 64
11 56 91
11 57 -76
11 59 13
11 60 -73
11 62 -10
11 63 16
11 64 44
11 65 -81
11 66 22
11 67 1
11 68 -19
11 69 -17
11 70 51
11 71 45
11 72 3
11 73 -64
11 74 70
11 75 -93
11 76 -26
11 77 44
11 78 -71
11 79 29
11 81 -82
11 82 47
11 84 -48
11 85 -50
11 87 -66
11 89 96
11 91 -11
11 92 90
11 94 -12
11 95 45
11 96 -55
11 97 -1
11 98 -3
11 99 -73
12 0 40
12 1 20
12 2 -73
12 3 32
12 4 32
12 5 1
12 7 -89
12 8 45
12 10 -11
12 11 -36
12 12 -18
12 13 43
12 14 -65
12 15 15
12 17 2
12 18 -16
12 19 5
12 20 48
12 21 -33
12 22 32
12 23 -41
12 24 73
12 26 -76
12 27 62
12 28 -25
12 29 21
12 30 46
12 32 -61
12 33 58
12 34 4
12 35 -15
12 36 23
12 37 -52
12 38 -33
12 39 47
12 40 -13
12 41 72
12 42 60
12 43 67
12 44 -93
12 45 16
12 46 -40
12 47 -100
12 48 -57
12 49 52
12 50 -96
12 51 -54
12 52 36
12 53 94
12 54 64
12 55 -26
12 56 42
12 57 -36
12 58 -64
12 59 -63
12 60 97
12 61 28
12 62 53
12 63 -42
12 64 -20
12 65 54
12 66 -86
12 68 84
12 69 30
12 71 9
12 72 26
12 74 99
12 75 82
12 76 53
12 77 -13
12 78 97
12 79 -33
12 80 99
12 81 70
12 83 19
12 85 32
12 87 -19
12 88 -37
12 89 -15
12 90 -19
12 91 1
12 92 39
12 93 -44
12 94 35
12 96 53
12 97 5
12 98 92
12 99 82
13 0 99
13 3 -37
13 4 50
13 6 -85
13 7 -38
13 8 30
13 10 73
13 11 -26
13 13 -28
13 14 -68
13 15 98
13 18 -86
13 19 45
13 20 57
13 21 -71
13 22 -26
13 23 -6
13 24 71
13 25 30
13 26 3
13 27 67
13 28 37
13 29 82
13 30 20
13 31 -76
13 32 79
13 33 -6
13 34 28
13 35 -100
13 36 -84
13 37 -42
13 39 -29
13 40 -92
13 41 17
13 42 36
13 43 63
13 44 -72
13 45 -35
13 46 15
13 47 25
13 48 -17
13 49 94
13 51 58
13 52 -15
13 54 -7
13 56 -16
13 57 7
13 58 -78
13 60 -34
13 61 38
13 62 -83
13 63 85
13 64 39
13 65 -85
13 66 -53
13 67 -82
13 69 80
13 70 -79
13 71 90
13 73 57
13 74 84
13 75 6
13 76 -22
13 77 14
13 78 40
13 79 28
13 80 51
13 81 -42
13 82 -66
13 83 3
13 84 -11
13 85 -55
13 86 -35
13 87 -65
13 88 -71
13 90 -86
13 91 53
13 92 26
13 93 28
13 94 93
13 96 27
13 98 -76
13 99 -19
14 0 -99
14 1 83
14 2 -64
14 3 -40
14 4 -48
14 5 -64
14 6 -84
14 7 -16
14 8 92
14 10 75
14 11 61
14 12 56
14 13 28
14 14 -68
14 15 -15
14 16 -4
14 17 18
14 19 -13
14 20 -57
14 21 75
14 23 72
14 24 20
14 25 11
14 26 65
14 27 52
14 28 83
14 29 -6
14 30 32
14 31 -58
14 33 -27
14 34 73
14 35 -58
14 36 77
14 38 38
14 39 45
14 40 -31
14 41 -8
14 42 -51
14 43 -100
14 44 23
14 45 -40
14 46 -18
14 48 42
14 50 7
14 51 -62
14 52 46
14 53 -33
14 54 -24
14 55 73
14 56 -81
14 57 -33
14 59 90
14 60 -53
14 61 40
14 62 54
14 63 33
14 64 -52
14 65 -35
14 66 -88
14 67 71
14 68 -58
14 69 -55
14 70 -63
14 71 -77
14 72 12
14 73 35
14 75 94
14 77 -24
14 78 61
14 79 -30
14 80 -39
14 81 -100
14 82 -61
14 83 -98
14 84 85
14 86 -41
14 87 61
14 89 47
14 90 -16
14 91 -21
14 92 18
14 93 -80
14 95 -71
14 96 24
14 97 74
14 98 -74
14 99 -69
15 0 -74
15 1 -22
15 2 -77
15 4 -33
15 6 56
15 7 -54
15 8 -95
15 9 97
15 10 -32
15 11 -19
15 12 85
15 14 5
15 15 94
15 17 -34
15 18 -60
15 19 -63
15 20 84
15 21 19
15 22 -94
15 23 89
15 24 84
15 25 -43
15 27 -26
15 28 -63
15 30 -61
15 31 48
15 32 -73
15 33 -24
15 34 -53
15 35 -82
15 37 -50
15 38 80
15 39 -69
15 41 84
15 42 -29
15 43 52
15 44 99
15 45 59
15 46 -49
15 47 26
15 48 14
15 49 -21
15 50 -75
15 51 -37
15 52 32
15 53 -34
15 54 6
15 55 73
15 56 65
15 57 74
15 59 14
15 60 -18
15 62 41
15 63 87
15 64 1
15 65 -50
15 66 90
15 67 3
15 68 -53
15 69 -29
15 71 -1
15 72 92
15 73 -80
15 74 71
15 75 -62
15 77 -49
15 78 -94
15 79 2
15 80 30
15 81 73
15 83 87
15 84 78
15 85 50
15 86 41
15 87 81
15 88 99
15 89 -49
15 90 -71
15 91 84
15 92 -60
15 94 -24
15 95 -82
15 96 91
15 97 89
15 98 34
15 99 98
16 0 -78
16 1 34
16 2 1
16 3 -7
16 4 91
16 5 -27
16 7 46
16 9 -85
16 10 -99
16 11 -64
16 12 -88
16 13 -24
16 14 58
16 15 -58
16 16 15
16 18 -63
16 19 14
16 20 16
16 21 97
16 22 24
16 24 44
16 25 -11
16 26 94
16 29 -35
16 31 54
16 32 59
16 33 63
16 34 18
16 35 -73
16 36 29
16 37 100
16 38 -38
16 39 39
16 40 -90
16 41 -64
16 42 36
16 43 36
16 44 41
16 45 1
16 46 8
16 47 -80
16 48 -85
16 49 40
16 50 -56
16 51 61
16 52 11
16 53 94
16 54 6
16 55 10
16 57 -50
16 58 -99
16 59 10
16 60 -83
16 61 -8
16 62 64
16 63 64
16 64 -86
16 66 84
16 67 84
16 68 -7
16 69 76
16 70 13
16 71 -16
16 72 61
16 74 -70
16 75 -47
16 78 -39
16 79 46
16 80 35
16 82 -60
16 83 49
16 84 -85
16 85 63
16 86 -87
16 87 -15
16 88 34
16 89 -80
16 91 30
16 92 -65
16 93 4
16 94 -34
16 95 -16
16 96 -35
16 97 -39
16 98 71
16 99 33
17 0 -83
17 1 4
17 2 87
17 3 6
17 5 17
17 6 6
17 8 26
17 10 -90
17 11 -71
17 13 -17
17 14 91
17 15 -28
17 16 -54
17 18 63
17 19 75
17 20 -12
17 21 91
17 22 47
17 24 -54
17 25 -96
17 26 87
17 27 85
17 28 38
17 29 89
17 30 -23
17 31 -87
17 32 62
17 34 79
17 35 19
17 36 45
17 38 -75
17 39 -70
17 40 47
17 41 61
17 43 94
17 45 99
17 46 -23
17 47 92
17 48 -82
17 49 24
17 50 -34
17 51 27
17 52 67
17 53 -11
17 54 29
17 55 -10
17 56 -86
17 57 -87
17 58 -9
17 59 -84
17 60 -65
17 61 -88
17 62 -99
17 63 -92
17 64 -35
17 65 82
17 66 33
17 67 -17
17 68 -11
17 69 -74
17 70 -88
17 71 -94
17 73 83
17 74 10
17 75 96
17 76 84
17 77 47
17 78 18
17 79 -13
17 80 31
17 81 -93
17 82 75
17 83 86
17 84 -100
17 85 83
17 86 -68
17 88 -7
17 89 -99
17 90 11
17 91 26
17 93 97
17 94 25
17 95 -28
17 96 89
17 97 -72
17 98 -30
17 99 73
18 0 28
18 1 -60
18 2 -75
18 3 54
18 4 -75
18 5 87
18 6 -34
18 8 63
18 9 6
18 10 -63
18 11 -17
18 12 85
18 13 -72
18 14 -33
18 15 1
18 16 -4
18 17 -32
18 18 62
18 19 -49
18 20 91
18 21 -6
18 22 39
18 23 76
18 24 -91
18 25 23
18 26 14
18 27 -31
18 29 49
18 31 99
18 32 4
18 33 12
18 34 -68
18 35 -31
18 36 -46
18 37 80
18 38 81
18 39 -78
18 40 8
18 41 73
18 42 83
18 43 60
18 44 51
18 45 -90
18 46 -42
18 47 -85
18 48 15
18 49 -76
18 51 -14
18 52 9
18 53 -32
18 54 76
18 55 -91
18 56 21
18 57 -41
18 58 -95
18 59 11
18 60 62
18 61 -2
18 62 -33
18 63 -64
18 64 59
18 65 -55
18 66 83
18 67 -50
18 68 -7
18 69 37
18 70 -32
18 71 76
18 72 78
18 73 21
18 74 -20
18 75 -39
18 76 91
18 77 -62
18 78 14
18 79 89
18 80 -24
18 81 -13
18 82 -85
18 83 38
18 84 -9
18 85 47
18 86 -76
18 87 63
18 88 56
18 89 53
18 90 -99
18 92 34
18 94 -62
18 95 -44
18 96 51
18 97 62
18 98 -69
18 99 -39
19 0 75
19 1 -61
19 3 35
19 4 69
19 6 -25
19 7 68
19 8 72
19 9 39
19 11 47
19 12 -23
19 13 -33
19 14 30
19 15 42
19 16 -47
19 17 47
19 18 38
19 19 69
19 20 -37
19 21 -43
19 23 -56
19 24 -6
19 25 -87
19 26 -45
19 28 55
19 30 89
19 31 -11
19 32 45
19 33 55
19 34 19
19 35 -64
19 36 -48
19 37 -97
19 38 -14
19 39 67
19 40 28
19 41 57
19 42 76
19 43 98
19 45 -18
19 46 -5
19 47 77
19 48 26
19 49 -52
19 50 -27
19 51 10
19 52 64
19 53 74
19 54 96
19 55 -11
19 56 37
19 57 -94
19 58 -78
19 59 79
19 60 -84
19 63 -70
19 64 -82
19 65 -13
19 66 -26
19 67 -49
19 68 -49
19 69 13
19 70 25
19 72 -99
19 73 -41
19 74 -45
19 75 46
19 76 -44
19 77 -8
19 78 -62
19 79 -39
19 80 -42
19 81 31
19 82 -80
19 83 -24
19 84 -7
19 85 73
19 86 -62
19 87 -59
19 88 -92
19 89 13
19 90 49
19 91 -83
19 92 -66
19 94 -52
19 95 72
19 96 -1
19 97 -92
19 98 -82
19 99 23
20 0 61
20 1 13
20 2 -50
20 3 80
20 4 -96
20 5 -19
20 7 -39
20 8 21
20 9 -93
20 10 -68
20 12 18
20 14 -93
20 15 43
20 16 16
20 17 -29
20 18 87
20 19 69
20 20 6
20 21 -61
20 22 -75
20 23 -13
20 24 -53
20 25 -87
20 26 31
20 27 -38
20 28 47
20 29 96
20 30 91
20 31 76
20 32 28
20 33 -12
20 34 68
20 36 20
20 37 -56
20 38 -38
20 39 -64
20 40 27
20 41 -28
20 42 43
20 43 94
20 44 -63
20 45 -89
20 46 98
20 47 -51
20 48 -58
20 49 -30
20 50 2
20 51 -21
20 53 -4
20 54 23
20 55 -26
20 56 81
20 57 41
20 58 -17
20 59 -10
20 60 75
20 61 10
20 62 -86
20 63 -12
20 64 -20
20 65 88
20 66 -22
20 67 51
20 68 32
20 69 30
20 70 9
20 71 10
20 72 52
20 73 62
20 74 67
20 76 7
20 77 12
20 78 55
20 80 11
20 81 -67
20 82 91
20 83 75
20 84 68
20 85 -74
20 86 -93
20 87 -71
20 88 61
20 89 -79
20 90 91
20 91 39
20 92 91
20 93 -54
20 94 -77
20 95 38
20 96 91
20 97 -99
20 99 -56
21 0 -3
21 2 -2
21 3 70
21 4 89
21 5 -61
21 6 -57
21 7 72
21 8 -72
21 10 1
21 11 -61
21 12 -22
21 13 -92
21 15 -3
21 16 -17
21 17 47
21 18 -80
21 19 19
21 20 3
21 21 -59
21 22 6
21 23 26
21 24 -6
21 26 28
21 27 33
21 28 86
21 30 56
21 32 -33
21 33 -58
21 34 -54
21 35 65
21 36 33
21 37 32
21 40 28
21 41 21
21 42 -6
21 43 23
21 44 68
21 45 21
21 47 -46
21 48 98
21 49 -70
21 50 34
21 51 94
21 52 74
21 53 -47
21 54 22
21 55 54
21 56 -75
21 57 -90
21 58 -58
21 59 -64
21 60 -97
21 61 78
21 62 -51
21 64 16
21 65 29
21 66 -8
21 68 -54
21 69 35
21 70 21
21 72 -53
21 73 4
21 74 -86
21 75 -80
21 76 -17
21 77 54
21 78 -81
21 79 -100
21 80 -81
21 81 98
21 82 -44
21 84 -65
21 85 98
21 86 -48
21 87 -29
21 88 -44
21 89 17
21 90 -14
21 91 33
21 92 94
21 93 52
21 94 60
21 95 48
21 96 -62
21 97 -31
21 98 51
21 99 -5
22 0 79
22 1 29
22 2 4
22 3 -71
22 4 -53
22 5 -68
22 6 86
22 7 -45
22 8 -21
22 9 -24
22 10 -39
22 12 59
22 13 -2
22 14 -37
22 15 36
22 16 -99
22 17 -91
22 18 100
22 20 -55
22 22 -1
22 23 -96
22 24 21
22 25 77
22 27 -59
22 28 64
22 29 -42
22 30 14
22 31 8
22 32 22
22 33 61
22 34 83
22 35 -10
22 37 -97
22 38 74
22 39 -93
22 40 89
22 41 -47
22 42 21
22 43 -70
22 44 -43
22 45 -58
22 47 87
22 48 -27
22 49 65
22 50 -88
22 52 -16
22 53 -29
22 54 -17
22 55 55
22 56 -60
22 57 -39
22 58 -29
22 59 40
22 60 33
22 61 55
22 62 -19
22 64 96
22 65 55
22 66 -34
22 68 -76
22 69 -64
22 70 -65
22 71 -15
22 73 -29
22 74 -94
22 75 -48
22 76 -81
22 77 -10
22 78 23
22 79 -31
22 80 -20
22 81 -19
22 82 91
22 83 -72
22 84 -99
22 85 21
22 86 -32
22 87 -11
22 89 3
22 91 -79
22 92 -71
22 93 80
22 94 43
22 97 67
22 98 -25
22 99 17
23 0 -59
23 1 -87
23 3 69
23 4 -93
23 5 83
23 6 66
23 7 -98
23 8 50
23 9 15
23 10 64
23 11 37
23 12 -71
23 13 83
23 14 -89
23 15 -56
23 16 94
23 17 -1
23 18 31
23 19 29
23 20 83
23 21 65
23 22 81
23 23 17
23 24 -90
23 26 18
23 28 -34
23 30 -31
23 31 86
23 32 20
23 33 11
23 34 25
23 35 -98
23 36 -79
23 37 3
23 38 60
23 39 41
23 40 -87
23 41 40
23 42 -34
23 43 12
23 44 -82
23 45 -34
23 47 96
23 48 58
23 49 47
23 50 -74
23 51 47
23 52 26
23 53 97
23 54 1
23 55 -55
23 56 -56
23 57 21
23 58 98
23 59 -62
23 60 23
23 61 61
23 62 -18
23 63 -26
23 64 55
23 65 -98
23 66 48
23 67 7
23 68 -35
23 70 -25
23 71 5
23 72 67
23 73 -56
23 74 28
23 75 16
23 77 58
23 78 -95
23 79 34
23 80 82
23 82 20
23 83 -92
23 84 2
23 85 70
23 86 -26
23 88 53
23 90 -92
23 91 -37
23 93 -98
23 94 -59
23 95 -32
23 96 67
23 97 96
23 98 -7
23 99 58
24 1 6
24 2 90
24 3 52
24 4 80
24 5 -75
24 6 -47
24 7 73
24 9 -96
24 10 99
24 11 49
24 12 -90
24 13 -19
24 14 -99
24 16 54
24 17 54
24 18 -25
24 20 -58
24 23 -77
24 24 -29
24 25 -52
24 26 28
24 27 10
24 28 80
24 29 83
24 31 -42
24 32 26
24 33 99
24 34 41
24 35 -53
24 36 31
24 37 49
24 38 -38
24 39 80
24 40 88
24 41 -3
24 43 78
24 44 5
24 45 -90
24 46 41
24 47 47
24 48 -57
24 49 -11
24 50 -82
24 52 57
24 53 60
24 54 -36
24 55 -85
24 56 4
24 57 -99
24 58 -56
24 59 -12
24 60 69
24 61 33
24 62 -64
24 63 75
24 64 38
24 65 -2
24 66 73
24 67 -47
24 68 61
24 69 -87
24 70 -46
24 71 38
24 72 -88
24 73 92
24 76 -84
24 77 45
24 78 68
24 79 13
24 80 36
24 81 -64
24 82 -31
24 84 36
24 85 53
24 86 -26
24 87 35
24 88 65
24 89 17
24 90 73
24 92 -18
24 94 -97
24 95 -82
24 96 -66
24 97 -16
24 98 40
24 99 3
25 0 52
25 1 -96
25 2 -95
25 3 13
25 5 86
25 6 -11
25 7 75
25 8 -16
25 11 87
25 12 -97
25 13 62
25 14 24
25 15 90
25 17 99
25 19 82
25 20 -89
25 21 38
25 22 -14
25 23 88
25 24 -94
25 25 -4
25 26 -31
25 27 -34
25 28 -48
25 29 2
25 30 71
25 31 -8
25 32 -93
25 33 -90
25 34 71
25 35 98
25 37 -30
25 38 -65
25 39 81
25 40 41
25 41 88
25 42 74
25 43 84
25 44 -7
25 45 -96
25 46 61
25 47 -13
25 48 73
25 49 92
25 50 65
25 51 -89
25 52 61
25 54 -49
25 55 -77
25 56 97
25 58 63
25 59 35
25 60 -16
25 61 73
25 62 95
25 63 88
25 64 4
25 65 34
25 69 84
25 70 -85
25 72 -99
25 73 8
25 74 -3
25 76 33
25 77 58
25 78 73
25 79 -3
25 80 -66
25 81 30
25 82 99
25 83 40
25 84 -37
25 85 40
25 86 42
25 87 -76
25 88 -65
25 89 -22
25 92 72
25 93 -40
25 94 -67
25 95 -59
25 96 67
25 97 -30
25 98 -75
25 99 56
26 0 42
26 1 62
26 2 77
26 3 58
26 4 -43
26 5 -95
26 7 -6
26 8 49
26 9 95
26 10 36
26 11 58
26 12 34
26 13 -17
26 14 98
26 15 -71
26 16 67
26 17 74
26 18 53
26 19 -16
26 20 -34
26 21 -61
26 22 -83
26 23 60
26 24 -77
26 25 95
26 26 7
26 27 -83
26 28 -74
26 29 -52
26 30 -92
26 31 14
26 32 -33
26 33 -73
26 35 6
26 36 -36
26 38 96
26 39 4
26 40 26
26 42 -46
26 43 92
26 44 99
26 45 16
26 46 57
26 47 35
26 48 -73
26 49 -94
26 50 21
26 51 89
26 52 -46
26 53 98
26 54 -72
26 55 -68
26 56 56
26 58 -43
26 59 81
26 60 -6
26 61 25
26 62 -71
26 63 20
26 64 11
26 65 99
26 66 49
26 67 -47
26 68 -79
26 69 82
26 70 -1
26 71 30
26 72 -91
26 73 -88
26 74 75
26 75 -88
26 76 24
26 77 -45
26 78 81
26 79 -28
26 80 -67
26 81 52
26 82 68
26 83 7
26 84 -30
26 85 78
26 86 -45
26 87 58
26 88 -63
26 89 -41
26 90 -4
26 91 -10
26 92 -16
26 93 94
26 94 -9
26 95 -70
26 96 -92
26 97 -97
26 99 -28
27 0 -84
27 1 9
27 3 -89
27 4 11
27 6 -66
27 7 35
27 8 -100
27 9 85
27 10 72
27 11 -71
27 12 -18
27 13 -84
27 14 47
27 15 99
27 16 -47
27 17 81
27 18 33
27 19 -22
27 20 -71
27 21 -59
27 22 -79
27 23 69
27 24 -41
27 26 -66
27 27 44
27 28 69
27 29 -90
27 30 -7
27 31 49
27 32 -75
27 33 -25
27 34 40
27 35 18
27 36 19
27 37 64
27 38 -27
27 39 -73
27 40 59
27 41 -78
27 42 55
27 43 -64
27 44 -45
27 45 70
27 46 -20
27 47 71
27 48 69
27 51 -81
27 52 -79
27 53 -61
27 55 -8
27 56 84
27 57 -96
27 60 -68
27 61 30
27 62 -87
27 64 -65
27 65 42
27 67 9
27 68 -96
27 70 -56
27 71 -62
27 72 81
27 73 -45
27 74 -32
27 75 62
27 76 -25
27 77 20
27 78 -57
27 79 -68
27 80 14
27 81 -6
27 82 -42
27 85 -64
27 87 67
27 88 27
27 89 65
27 92 -6
27 93 31
27 95 18
27 96 -68
27 97 27
27 98 38
27 99 -81
28 0 -31
28 2 -59
28 3 62
28 4 -62
28 5 66
28 7 -1
28 8 64
28 9 87
28 10 63
28 11 -66
28 12 -18
28 13 54
28 14 -35
28 15 -16
28 16 -94
28 17 63
28 18 43
28 19 -17
28 20 -54
28 21 25
28 22 43
28 23 30
28 24 95
28 25 -55
28 26 -31
28 27 96
28 28 -31
28 30 19
28 31 69
28 34 26
28 36 -69
28 37 45
28 38 -77
28 41 59
28 44 75
28 45 30
28 46 -55
28 47 2
28 48 -70
28 49 -93
28 50 92
28 51 -1
28 52 -65
28 53 -24
28 54 -13
28 55 25
28 56 100
28 57 33
28 58 56
28 59 -41
28 60 92
28 61 38
28 63 36
28 64 29
28 65 57
28 66 50
28 67 80
28 68 41
28 69 -22
28 70 -34
28 71 -66
28 73 89
28 75 53
28 77 -19
28 78 34
28 79 37
28 80 -96
28 81 -53
28 82 -47
28 83 -64
28 84 -28
28 85 5
28 86 -59
28 88 28
28 89 -80
28 91 -32
28 92 -78
28 93 76
28 94 -65
28 95 -77
28 96 79
28 98 30
28 99 49
29 0 -69
29 1 28
29 2 34
29 3 -55
29 4 -60
29 5 -34
29 6 -85
29 7 38
29 8 1
29 9 57
29 10 87
29 11 -34
29 12 -15
29 13 -21
29 14 35
29 15 -3
29 16 53
29 17 -98
29 18 98
29 19 -58
29 20 -1
29 21 74
29 22 -49
29 23 -86
29 24 35
29 25 -86
29 27 17
29 28 -16
29 30 -74
29 31 -55
29 32 -79
29 33 25
29 34 -100
29 35 19
29 36 -66
29 37 42
29 38 -100
29 39 -75
29 40 49
29 42 -35
29 43 93
29 44 84
29 45 -30
29 46 -69
29 47 46
29 49 37
29 51 -41
29 52 88
29 53 80
29 54 49
29 55 75
29 56 5
29 57 92
29 59 -24
29 60 -49
29 61 -100
29 62 20
29 63 -86
29 64 -36
29 65 -88
29 66 49
29 67 50
29 68 -54
29 69 92
29 70 -66
29 71 30
29 72 92
29 73 40
29 74 -97
29 75 -100
29 76 -41
29 78 -61
29 79 -73
29 80 -22
29 81 62
29 83 -32
29 84 92
29 85 -12
29 86 -75
29 87 -26
29 88 31
29 91 25
29 92 12
29 93 17
29 94 54
29 96 -81
29 97 -93
29 98 12
29 99 -49
30 0 20
30 1 31
30 2 -89
30 3 -49
30 4 -56
30 6 -33
30 7 -21
30 10 49
30 11 81
30 12 45
30 13 -5
30 14 -66
30 15 -40
30 16 40
30 17 83
30 18 -55
30 19 30
30 20 23
30 21 -55
30 22 -59
30 23 30
30 26 64
30 27 34
30 28 54
30 29 -53
30 30 -71
30 31 14
30 32 88
30 34 -37
30 35 6
30 36 -51
30 37 -67
30 38 -38
30 39 9
30 40 -93
30 41 -62
30 42 -89
30 43 -86
30 44 5
30 45 -84
30 46 -56
30 47 -100
30 48 -17
30 50 64
30 51 -21
30 52 -32
30 53 13
30 54 -32
30 55 31
30 56 -87
30 57 74
30 58 57
30 60 87
30 61 -52
30 62 62
30 63 -34
30 64 46
30 65 91
30 66 -92
30 68 16
30 69 -8
30 70 26
30 71 20
30 73 -56
30 74 86
30 75 -64
30 76 -2
30 77 85
30 78 -70
30 80 21
30 81 -43
30 83 23
30 84 -49
30 85 35
30 86 -69
30 87 -91
30 88 36
30 89 -72
30 90 -58
30 93 -96
30 94 78
30 95 32
30 96 56
30 97 38
30 98 -6
30 99 4
31 0 -9
31 1 -14
31 2 62
31 3 61
31 4 -93
31 5 27
31 6 35
31 7 57
31 8 -3
31 9 -78
31 10 22
31 11 -24
31 12 -49
31 13 25
31 14 -93
31 15 23
31 17 -80
31 19 13
31 20 -46
31 22 -17
31 23 -23
31 25 5
31 27 -90
31 28 69
31 30 -63
31 31 -44
31 32 72
31 33 -38
31 35 56
31 36 -20
31 39 -48
31 40 -36
31 41 51
31 42 39
31 44 -40
31 45 71
31 46 20
31 47 62
31 48 77
31 49 -30
31 50 -87
31 51 -66
31 52 -19
31 53 -91
31 54 80
31 56 -23
31 57 -24
31 59 78
31 62 -4
31 63 -11
31 64 49
31 65 34
31 66 -10
31 67 69
31 68 89
31 69 -32
31 70 -95
31 71 3
31 72 89
31 73 74
31 74 8
31 75 -33
31 76 -13
31 77 -15
31 78 -69
31 79 93
31 80 -26
31 81 -52
31 82 -67
31 83 98
31 84 -80
31 85 -33
31 86 83
31 87 88
31 88 -36
31 89 -79
31 90 -27
31 91 78
31 92 29
31 93 -58
31 94 -3
31 95 -97
31 96 -32
31 97 -55
31 98 40
31 99 92
32 1 86
32 2 -68
32 3 -26
32 4 3
32 5 24
32 7 -92
32 8 -83
32 9 67
32 10 98
32 11 67
32 12 10
32 13 25
32 14 46
32 15 100
32 16 -21
32 17 97
32 18 67
32 19 -39
32 20 -42
32 22 34
32 23 61
32 24 -8
32 25 -14
32 26 13
32 27 -90
32 28 71
32 29 69
32 30 17
32 31 -33
32 33 -73
32 34 83
32 35 90
32 36 -12
32 37 -52
32 38 -81
32 39 -45
32 40 49
32 42 93
32 43 18
32 45 5
32 46 -44
32 47 -31
32 48 97
32 49 8
32 50 -36
32 52 76
32 53 -93
32 54 43
32 56 56
32 57 -7
32 58 23
32 59 -45
32 60 -2
32 61 55
32 62 -73
32 63 -14
32 64 49
32 65 -6
32 66 -81
32 67 67
32 69 -4
32 71 -63
32 72 -79
32 73 81
32 75 90
32 76 24
32 77 -34
32 78 -94
32 79 -31
32 80 68
32 81 -13
32 82 49
32 83 -58
32 84 45
32 85 91
32 86 93
32 87 21
32 89 98
32 90 -61
32 91 -54
32 92 -87
32 93 81
32 94 -69
32 95 -39
32 96 -65
32 97 -50
32 98 -34
32 99 -66
33 0 -67
33 1 43
33 2 35
33 3 31
33 4 38
33 6 18
33 7 82
33 8 18
33 9 -43
33 10 -73
33 11 14
33 12 45
33 13 -85
33 14 6
33 15 2
33 17 -85
33 18 87
33 19 -57
33 20 84
33 22 -85
33 23 15
33 24 71
33 25 92
33 26 2
33 27 -21
33 28 15
33 29 -81
33 30 -41
33 31 93
33 32 13
33 33 15
33 34 58
33 35 18
33 36 8
33 37 -71
33 39 93
33 40 -96
33 41 30
33 42 -85
33 43 42
33 44 -22
33 46 40
33 49 -48
33 50 55
33 51 100
33 52 11
33 54 82
33 55 25
33 56 47
33 57 -91
33 58 -45
33 59 -56
33 60 -52
33 61 -95
33 62 67
33 63 87
33 65 86
33 66 -5
33 67 -47
33 68 -55
33 69 11
33 70 -31
33 71 -42
33 72 23
33 73 -1
33 74 -7
33 75 61
33 76 -18
33 77 33
33 79 37
33 80 36
33 81 -3
33 82 -17
33 83 -96
33 84 -98
33 85 52
33 86 14
33 87 -38
33 88 -66
33 89 71
33 91 4
33 92 -69
33 93 -84
33 94 10
33 95 82
33 96 43
33 98 -60
33 99 -68
34 0 73
34 1 48
34 2 89
34 3 26
34 4 -3
34 5 45
34 6 40
34 8 10
34 9 -90
34 10 42
34 11 72
34 12 42
34 13 -93
34 14 -41
34 15 47
34 16 23
34 17 32
34 18 -56
34 20 76
34 21 -67
34 22 3
34 23 -83
34 24 51
34 26 -53
34 27 82
34 28 5
34 29 65
34 30 -84
34 31 -20
34 32 -48
34 35 -14
34 36 -88
34 37 -39
34 38 66
34 39 -77
34 40 -21
34 41 64
34 42 25
34 43 42
34 44 87
34 45 48
34 46 -81
34 47 95
34 48 13
34 49 13
34 50 -77
34 51 28
34 52 -25
34 53 86
34 54 30
34 57 -55
34 58 -49
34 59 -67
34 60 98
34 62 74
34 63 -98
34 65 88
34 66 -65
34 67 70
34 68 82
34 69 -62
34 70 -8
34 71 33
34 72 -5
34 73 -75
34 74 83
34 75 96
34 76 88
34 77 30
34 79 84
34 80 -74
34 81 28
34 83 -32
34 84 87
34 85 86
34 86 96
34 87 88
34 88 -9
34 89 67
34 90 -3
34 91 -59
34 92 -49
34 93 -20
34 94 96
34 95 -12
34 96 37
34 97 3
34 98 -85
34 99 19
35 0 -46
35 1 -78
35 2 -57
35 3 -12
35 4 83
35 5 -62
35 6 27
35 7 -69
35 8 26
35 9 85
35 10 -59
35 12 47
35 13 67
35 14 -16
35 15 80
35 16 -52
35 17 -32
35 18 61
35 19 -64
35 20 -98
35 22 -85
35 23 -34
35 24 95
35 25 -25
35 26 -98
35 27 -14
35 28 -13
35 29 89
35 30 78
35 33 37
35 35 84
35 37 68
35 39 91
35 40 83
35 41 99
35 42 86
35 43 -70
35 44 85
35 45 45
35 46 -77
35 47 -89
35 48 -2
35 49 86
35 50 18
35 51 -83
35 52 86
35 53 -51
35 55 51
35 57 -94
35 58 -94
35 59 46
35 61 -85
35 62 45
35 63 85
35 64 74
35 65 46
35 66 -54
35 67 15
35 69 -76
35 70 -7
35 73 -29
35 74 100
35 75 71
35 76 -100
35 77 71
35 78 55
35 79 74
35 80 -14
35 81 13
35 82 56
35 84 -66
35 85 -76
35 87 91
35 88 51
35 92 -95
35 93 -97
35 94 19
35 95 -42
35 96 100
35 97 -37
35 98 -81
36 0 -51
36 1 -35
36 2 -50
36 3 57
36 4 -88
36 5 -50
36 6 -66
36 7 94
36 8 91
36 9 -56
36 11 -44
36 12 -25
36 13 44
36 15 -44
36 16 -47
36 17 -66
36 18 3
36 19 -38
36 20 -98
36 21 -6
36 22 -28
36 23 27
36 24 39
36 25 -96
36 26 12
36 27 3
36 28 60
36 29 53
36 30 -77
36 31 -82
36 32 -94
36 33 -5
36 34 42
36 35 -61
36 36 78
36 37 -91
36 39 71
36 40 -69
36 41 -36
36 42 2
36 43 -86
36 44 -27
36 47 -22
36 48 66
36 49 -7
36 50 -78
36 51 66
36 52 -91
36 53 -44
36 54 -57
36 55 -80
36 56 -24
36 58 -86
36 59 65
36 60 -18
36 61 -26
36 62 -48
36 64 84
36 65 86
36 66 -82
36 67 18
36 68 -78
36 69 -46
36 70 53
36 71 32
36 72 -27
36 73 -68
36 76 -29
36 77 96
36 78 -92
36 79 54
36 80 -75
36 81 -70
36 82 90
36 83 46
36 84 -31
36 85 -29
36 87 -92
36 88 -67
36 89 -75
36 90 87
36 91 50
36 92 -44
36 93 -97
36 94 30
36 96 40
36 98 -96
36 99 -46
37 0 -96
37 2 99
37 3 41
37 4 -31
37 6 -34
37 7 98
37 8 -11
37 9 -91
37 10 80
37 11 -16
37 12 48
37 13 -1
37 15 -73
37 16 73
37 17 -23
37 18 -43
37 19 -43
37 20 31
37 21 -77
37 22 -41
37 23 26
37 24 95
37 25 75
37 26 -49
37 27 85
37 28 24
37 29 -3
37 30 -82
37 31 52
37 32 92
37 33 26
37 34 -56
37 35 -80
37 36 -2
37 37 59
37 38 -77
37 40 -76
37 41 -19
37 42 -50
37 43 62
37 44 82
37 45 25
37 46 -84
37 47 17
37 48 40
37 49 10
37 51 -82
37 53 32
37 54 -59
37 55 -32
37 56 -22
37 58 -25
37 59 40
37 60 -97
37 61 20
37 62 -52
37 63 52
37 64 68
37 65 22
37 67 -71
37 69 73
37 70 15
37 71 -69
37 72 35
37 73 76
37 74 19
37 76 90
37 77 -16
37 81 2
37 82 -49
37 83 -53
37 84 -15
37 85 -86
37 86 34
37 87 -60
37 88 -80
37 89 1
37 90 46
37 91 67
37 92 87
37 93 45
37 95 57
37 96 -48
37 97 -43
37 98 -97
37 99 2
38 0 -27
38 1 82
38 2 -33
38 3 10
38 4 -41
38 5 82
38 6 62
38 7 10
38 8 84
38 9 -40
38 10 -42
38 11 82
38 12 88
38 13 82
38 14 12
38 15 -45
38 16 -46
38 17 45
38 18 -28
38 20 -50
38 21 -23
38 22 -3
38 23 -69
38 25 72
38 26 -74
38 27 -44
38 28 79
38 29 -33
38 30 70
38 31 -70
38 32 36
38 33 -6
38 34 -46
38 35 20
38 36 7
38 37 -78
38 38 56
38 39 66
38 40 -26
38 41 -37
38 42 65
38 43 -9
38 44 -67
38 45 83
38 46 -15
38 47 -45
38 48 -76
38 49 -86
38 50 -19
38 51 43
38 52 -83
38 53 -66
38 54 11
38 55 -81
38 56 46
38 57 -94
38 58 57
38 61 55
38 62 -65
38 63 -29
38 64 -38
38 66 78
38 67 -64
38 68 14
38 69 22
38 70 -37
38 71 8
38 72 24
38 74 -57
38 75 44
38 77 63
38 79 54
38 80 40
38 81 7
38 82 -51
38 83 -6
38 85 35
38 86 -23
38 87 29
38 89 -44
38 90 -9
38 91 93
38 92 -31
38 93 78
38 94 -71
38 95 100
38 96 -27
38 98 -66
39 0 -9
39 1 44
39 3 -72
39 4 85
39 5 -2
39 6 -50
39 7 -1
39 8 -70
39 9 44
39 10 -8
39 11 -9
39 12 99
39 13 -43
39 14 53
39 15 -43
39 16 -53
39 17 72
39 18 11
39 19 68
39 20 100
39 21 -71
39 22 -9
39 23 -61
39 24 -97
39 25 -8
39 26 46
39 27 73
39 28 -86
39 29 -87
39 30 22
39 31 21
39 32 79
39 34 95
39 35 49
39 36 -66
39 37 90
39 38 -100
39 39 59
39 40 -4
39 41 16
39 42 -31
39 43 2
39 44 14
39 45 99
39 46 2
39 47 -81
39 48 -63
39 50 62
39 51 55
39 52 97
39 53 19
39 54 98
39 55 -42
39 56 39
39 57 -96
39 58 47
39 59 -54
39 60 60
39 61 -86
39 63 13
39 64 27
39 65 -64
39 66 -71
39 69 -47
39 70 -57
39 71 62
39 72 27
39 73 48
39 74 -23
39 75 -91
39 76 21
39 77 -45
39 78 -17
39 79 -93
39 80 -34
39 81 42
39 82 96
39 83 51
39 85 -29
39 86 99
39 88 90
39 89 -75
39 90 17
39 91 -52
39 92 80
39 93 -40
39 95 -85
39 96 -39
39 97 7
39 98 -4
40 0 24
40 1 79
40 2 3
40 3 -44
40 4 85
40 5 23
40 6 -3
40 7 64
40 8 -59
40 9 15
40 10 -82
40 11 86
40 12 10
40 13 34
40 14 -20
40 15 -40
40 16 15
40 17 -3
40 18 48
40 19 -56
40 20 10
40 21 -21
40 22 48
40 23 56
40 25 -20
40 26 -72
40 28 -98
40 29 20
40 30 -13
40 31 48
40 32 -34
40 33 62
40 35 -70
40 36 -40
40 37 35
40 39 -100
40 40 100
40 41 43
40 42 -97
40 43 29
40 44 -64
40 45 81
40 46 -68
40 47 66
40 48 -96
40 49 56
40 50 40
40 51 -16
40 52 8
40 53 64
40 54 -66
40 55 -45
40 56 69
40 57 -25
40 58 55
40 59 -64
40 60 -98
40 61 -66
40 62 -64
40 63 -96
40 64 -65
40 65 -12
40 66 94
40 67 -9
40 68 -74
40 69 -17
40 70 71
40 71 -45
40 72 -74
40 73 -2
40 75 -69
40 77 12
40 78 46
40 79 -70
40 80 -29
40 81 -29
40 82 -5
40 83 -83
40 84 -87
40 85 -98
40 87 -59
40 88 -69
40 89 -79
40 90 100
40 93 -2
40 94 26
40 95 89
40 96 -49
40 97 100
40 98 -14
40 99 32
41 0 12
41 1 83
41 2 56
41 3 -60
41 4 23
41 6 28
41 7 -10
41 8 -40
41 9 -70
41 10 -12
41 11 69
41 12 57
41 13 33
41 14 -80
41 15 -72
41 16 -3
41 17 -70
41 18 29
41 19 -60
41 20 -89
41 22 49
41 23 76
41 24 -53
41 25 -80
41 26 82
41 27 -88
41 28 57
41 29 61
41 30 45
41 31 12
41 32 86
41 33 47
41 34 3
41 35 50
41 37 -81
41 38 11
41 39 53
41 40 72
41 42 9
41 43 19
41 45 -70
41 46 -1
41 47 72
41 48 -95
41 49 37
41 51 81
41 52 42
41 53 -12
41 54 -90
41 55 -39
41 56 2
41 57 15
41 58 -5
41 59 -68
41 60 75
41 61 -57
41 62 -58
41 65 88
41 66 -6
41 67 -22
41 68 2
41 69 60
41 70 -76
41 71 -88
41 72 81
41 73 37
41 74 30
41 75 -79
41 76 7
41 77 -78
41 78 65
41 80 -77
41 81 -42
41 82 51
41 83 41
41 84 62
41 85 56
41 86 8
41 87 -26
41 88 82
41 89 14
41 91 -88
41 92 -97
41 93 9
41 94 8
41 95 93
41 96 -92
41 97 33
41 98 -5
41 99 -8
42 0 -5
42 1 91
42 2 39
42 4 -95
42 5 -92
42 6 -2
42 7 -21
42 8 98
42 9 63
42 10 18
42 12 99
42 13 70
42 14 78
42 15 -100
42 16 98
42 17 -64
42 18 -76
42 19 -65
42 20 72
42 21 -9
42 23 63
42 24 -67
42 26 51
42 27 73
42 28 95
42 29 9
42 30 -9
42 31 54
42 32 -36
42 33 -73
42 34 20
42 35 -84
42 36 -21
42 37 77
42 38 47
42 39 -79
42 40 93
42 41 -51
42 42 92
42 44 -15
42 45 72
42 46 6
42 48 71
42 49 -96
42 50 -58
42 52 95
42 53 56
42 54 39
42 56 -9
42 57 -96
42 58 4
42 59 27
42 60 -84
42 61 -96
42 62 -5
42 63 -60
42 64 76
42 65 7
42 66 -72
42 67 100
42 68 66
42 69 -46
42 70 -91
42 71 40
42 72 48
42 73 -63
42 74 -54
42 75 -31
42 76 -20
42 77 31
42 80 11
42 82 38
42 83 21
42 84 95
42 85 -61
42 86 34
42 88 33
42 89 69
42 90 8
42 94 67
42 96 -83
42 97 5
42 99 -86
43 0 -2
43 1 -72
43 2 55
43 3 -32
43 4 62
43 5 4
43 6 69
43 7 -34
43 8 49
43 9 -80
43 11 20
43 12 -55
43 13 -17
43 14 -45
43 15 -50
43 16 9
43 17 -35
43 18 -34
43 19 -27
43 20 95
43 21 25
43 22 43
43 23 8
43 24 -52
43 25 19
43 26 -45
43 27 -53
43 28 -37
43 29 -46
43 30 -50
43 32 51
43 33 -71
43 34 57
43 35 -24
43 36 90
43 37 31
43 38 -34
43 39 -63
43 40 -51
43 41 -49
43 43 61
43 44 -39
43 45 -75
43 47 -66
43 49 28
43 50 -21
43 51 47
43 52 -64
43 53 86
43 54 38
43 55 -93
43 56 6
43 57 20
43 58 -99
43 59 -43
43 60 -27
43 61 23
43 63 55
43 64 72
43 65 7
43 66 92
43 68 -19
43 69 88
43 70 -94
43 71 -2
43 72 -97
43 73 40
43 74 73
43 75 -7
43 76 30
43 77 48
43 78 37
43 79 -17
43 80 66
43 81 -20
43 82 27
43 83 58
43 84 43
43 85 57
43 86 51
43 87 -28
43 88 -2
43 89 -52
43 90 86
43 91 -58
43 92 94
43 93 11
43 94 23
43 95 2
43 96 -53
43 97 88
43 98 84
43 99 16
44 1 -53
44 2 -64
44 4 1
44 5 -60
44 6 -90
44 7 -47
44 8 14
44 9 -81
44 10 -91
44 11 -87
44 13 -7
44 15 7
44 16 -10
44 18 -75
44 19 -94
44 20 -45
44 21 33
44 22 -42
44 23 -47
44 24 -44
44 25 55
44 27 86
44 28 -86
44 29 22
44 30 -28
44 31 30
44 32 -29
44 33 -43
44 35 54
44 36 -46
44 38 -42
44 39 -90
44 40 -92
44 41 -10
44 42 -63
44 43 -57
44 44 -32
44 45 74
44 46 -80
44 48 -59
44 49 -40
44 50 -7
44 51 65
44 52 -51
44 53 87
44 54 -1
44 55 -36
44 56 30
44 57 11
44 58 -84
44 59 74
44 60 -100
44 61 58
44 62 64
44 63 61
44 64 -53
44 65 -44
44 66 -20
44 67 -8
44 68 70
44 69 95
44 70 -23
44 71 -84
44 72 79
44 74 42
44 76 -29
44 77 -5
44 78 67
44 79 -62
44 80 46
44 81 12
44 82 3
44 83 -6
44 84 -17
44 85 81
44 86 42
44 88 91
44 89 -27
44 90 33
44 91 30
44 93 37
44 94 -53
44 95 -44
44 96 -8
44 97 -5
44 98 -45
44 99 69
45 0 33
45 1 45
45 2 -76
45 3 -81
45 4 81
45 5 -5
45 6 -69
45 7 67
45 8 36
45 9 -79
45 10 -7
45 11 37
45 12 -60
45 13 94
45 14 -81
45 16 -7
45 17 1
45 18 46
45 19 21
45 20 98
45 21 -90
45 22 23
45 23 -87
45 24 21
45 26 -50
45 27 96
45 28 85
45 29 -4
45 30 -21
45 32 24
45 35 74
45 37 76
45 38 -56
45 39 -59
45 40 15
45 41 17
45 42 35
45 43 13
45 44 -14
45 45 -44
45 46 87
45 49 -85
45 51 22
45 52 31
45 53 65
45 55 -78
45 57 -46
45 59 -75
45 60 5
45 62 94
45 63 43
45 64 -17
45 65 -26
45 66 -60
45 67 21
45 68 -50
45 69 25
45 70 -1
45 71 50
45 72 27
45 73 -86
45 74 -14
45 75 -28
45 77 42
45 78 67
45 79 -44
45 80 -38
45 81 97
45 82 -25
45 83 -96
45 84 -90
45 85 -41
45 86 88
45 87 91
45 88 -7
45 90 55
45 91 -91
45 92 -6
45 93 52
45 94 30
45 96 -38
45 97 30
45 98 67
45 99 9
46 0 -32
46 1 9
46 2 79
46 3 -24
46 4 81
46 5 -56
46 6 -78
46 7 32
46 9 -70
46 10 9
46 11 -98
46 12 -47
46 13 -81
46 14 7
46 15 47
46 16 -46
46 17 -41
46 18 -4
46 19 41
46 20 -64
46 21 -79
46 22 -100
46 23 15
46 25 14
46 26 -54
46 27 -95
46 28 57
46 29 69
46 30 -70
46 31 -94
46 32 85
46 33 -32
46 34 76
46 35 -55
46 36 59
46 37 -44
46 39 -21
46 40 -57
46 41 -63
46 42 51
46 43 67
46 44 -71
46 45 27
46 47 -6
46 48 76
46 49 74
46 50 12
46 51 -39
46 52 -99
46 54 -44
46 55 45
46 56 -99
46 57 -83
46 58 62
46 59 -98
46 60 -35
46 61 90
46 62 -17
46 63 15
46 64 77
46 65 28
46 66 -8
46 67 61
46 69 20
46 71 13
46 73 32
46 75 82
46 76 -38
46 78 -8
46 79 37
46 80 -40
46 81 -66
46 83 -44
46 85 -2
46 86 -34
46 87 -94
46 89 -100
46 90 82
46 91 7
46 92 -62
46 94 -3
46 95 56
46 96 2
46 97 94
46 98 33
47 0 72
47 3 15
47 4 -19
47 5 -93
47 6 70
47 7 97
47 8 -42
47 9 -48
47 10 -82
47 11 20
47 12 -96
47 13 -88
47 14 -53
47 15 3
47 16 96
47 17 88
47 18 -50
47 19 -92
47 20 -18
47 21 67
47 22 20
47 23 30
47 24 52
47 25 -82
47 26 64
47 27 48
47 28 -67
47 29 66
47 30 -79
47 31 100
47 32 48
47 33 57
47 34 83
47 35 -16
47 36 36
47 37 17
47 38 57
47 39 -59
47 40 77
47 41 -33
47 42 54
47 43 -5
47 44 27
47 45 41
47 47 -30
47 48 27
47 49 47
47 50 26
47 51 69
47 52 -41
47 53 -39
47 54 -85
47 55 -24
47 56 84
47 57 61
47 58 84
47 59 33
47 60 -93
47 61 -53
47 62 5
47 63 -71
47 64 -25
47 66 72
47 67 -53
47 68 -17
47 69 28
47 70 -11
47 71 80
47 72 -77
47 73 -66
47 74 -57
47 75 -94
47 76 40
47 77 21
47 79 52
47 80 -10
47 81 26
47 82 30
47 85 -65
47 86 -36
47 87 -35
47 88 1
47 91 -51
47 92 -25
47 93 -18
47 94 -90
47 95 -33
47 96 -3
47 98 -85
48 0 9
48 1 -73
48 2 -49
48 3 87
48 4 47
48 5 3
48 7 51
48 8 -11
48 9 83
48 10 -86
48 11 73
48 12 47
48 13 84
48 14 11
48 15 72
48 16 48
48 17 -71
48 18 -47
48 19 -97
48 20 -98
48 22 -34
48 23 27
48 24 -43
48 25 -9
48 26 31
48 27 -17
48 28 15
48 29 -91
48 30 -39
48 31 -3
48 32 -90
48 33 1
48 34 -12
48 35 99
48 36 -9
48 37 -28
48 38 64
48 40 -57
48 42 -92
48 43 -90
48 44 44
48 45 -15
48 46 7
48 47 -12
48 48 40
48 49 -86
48 50 98
48 51 36
48 52 -69
48 53 -66
48 54 -39
48 55 38
48 56 -24
48 57 71
48 58 48
48 60 5
48 62 69
48 63 -17
48 64 -34
48 65 -12
48 66 -1
48 67 92
48 68 21
48 69 89
48 71 -18
48 72 -85
48 73 -61
48 74 23
48 75 23
48 76 94
48 77 68
48 78 -66
48 80 43
48 81 -49
48 82 52
48 83 -71
48 84 -72
48 85 -41
48 87 96
48 88 2
48 90 30
48 91 -54
48 92 39
48 93 -44
48 94 54
48 98 78
48 99 60
49 0 77
49 1 -78
49 2 2
49 3 -48
49 4 -2
49 5 -26
49 6 21
49 7 -26
49 8 49
49 10 -51
49 11 -37
49 12 -73
49 13 -95
49 14 -79
49 15 92
49 16 93
49 17 -95
49 18 -81
49 19 -75
49 20 -32
49 21 86
49 22 -95
49 23 43
49 24 71
49 25 -84
49 27 -30
49 28 -77
49 29 -73
49 30 -16
49 31 -68
49 32 61
49 33 35
49 34 -96
49 35 -1
49 36 56
49 37 13
49 38 16
49 39 -41
49 40 84
49 41 30
49 42 -83
49 43 99
49 44 77
49 47 -43
49 49 50
49 50 -46
49 51 52
49 53 -5
49 54 73
49 55 28
49 56 -59
49 57 -21
49 58 -42
49 59 -93
49 60 -75
49 62 57
49 63 37
49 64 67
49 65 79
49 67 -77
49 68 -97
49 70 -66
49 71 -80
49 72 -100
49 73 -21
49 74 -10
49 75 -5
49 76 61
49 77 -93
49 78 -13
49 79 38
49 80 -41
49 81 72
49 82 -67
49 83 77
49 84 59
49 85 -55
49 86 -60
49 87 63
49 88 -60
49 89 -95
49 90 78
49 91 -46
49 92 -39
49 93 -80
49 94 -57
49 95 19
49 96 14
49 97 -20
49 99 -67
50 0 70
50 1 -38
50 2 50
50 3 28
50 4 -80
50 5 17
50 6 -49
50 7 -20
50 8 11
50 9 44
50 10 31
50 11 39
50 12 93
50 13 -75
50 14 -90
50 16 -57
50 20 1
50 22 99
50 23 77
50 24 85
50 25 13
50 26 81
50 27 -50
50 28 -21
50 29 33
50 30 85
50 31 65
50 33 -41
50 34 -82
50 35 -24
50 36 -31
50 37 -56
50 38 -89
50 40 -74
50 41 -5
50 42 21
50 43 -39
50 44 96
50 45 33
50 46 -42
50 47 67
50 48 -94
50 49 86
50 50 -73
50 51 -12
50 52 77
50 53 28
50 54 -8
50 55 61
50 56 -95
50 57 -28
50 58 -54
50 59 58
50 60 -16
50 61 -56
50 62 -5
50 63 87
50 65 23
50 66 -34
50 67 79
50 68 37
50 69 -61
50 70 -100
50 71 -28
50 73 -46
50 74 70
50 75 35
50 76 -25
50 77 -11
50 78 -21
50 79 -17
50 81 86
50 82 17
50 83 -38
50 85 87
50 87 -64
50 88 3
50 89 28
50 90 53
50 91 -22
50 92 71
50 93 31
50 94 61
50 95 -5
50 96 5
50 97 -85
50 98 -43
51 0 34
51 1 -16
51 2 -65
51 3 39
51 5 -15
51 6 31
51 7 -96
51 8 79
51 10 -52
51 11 -99
51 12 80
51 13 29
51 14 -97
51 15 -75
51 16 -11
51 18 81
51 19 -94
51 22 -63
51 23 85
51 24 60
51 25 5
51 26 -91
51 27 48
51 28 -56
51 32 87
51 33 33
51 34 53
51 36 -65
51 37 -50
51 38 46
51 39 8
51 42 37
51 43 20
51 44 79
51 45 -63
51 46 -5
51 47 -11
51 48 23
51 49 -56
51 50 -51
51 51 -63
51 53 65
51 54 -6
51 56 -40
51 57 50
51 58 35
51 59 12
51 60 -35
51 61 -7
51 63 68
51 65 79
51 66 -84
51 67 13
51 68 -42
51 69 43
51 70 -33
51 71 -40
51 72 -81
51 73 34
51 74 75
51 75 10
51 76 -13
51 77 -55
51 78 -37
51 79 -8
51 80 -73
51 81 25
51 82 45
51 83 -12
51 84 -26
51 85 97
51 88 -35
51 89 7
51 90 -56
51 91 82
51 93 23
51 95 93
51 97 20
51 98 76
51 99 40
52 1 94
52 2 -12
52 3 40
52 4 21
52 6 -85
52 7 -25
52 9 -59
52 10 -77
52 11 -35
52 12 -39
52 13 39
52 14 100
52 16 67
52 18 -37
52 19 98
52 20 66
52 21 2
52 22 -21
52 23 -93
52 24 -98
52 25 51
52 26 -20
52 27 -7
52 29 -71
52 30 76
52 31 55
52 32 -84
52 33 79
52 35 -80
52 36 -96
52 37 85
52 38 -74
52 39 69
52 40 82
52 41 2
52 42 42
52 43 -62
52 44 98
52 46 81
52 47 -14
52 50 87
52 51 -4
52 52 -98
52 53 -10
52 54 78
52 55 61
52 57 28
52 58 -4
52 59 99
52 60 -43
52 61 75
52 62 77
52 63 45
52 64 -3
52 65 -21
52 66 -58
52 67 -78
52 68 -45
52 70 43
52 71 41
52 72 13
52 73 -89
52 74 62
52 75 -87
52 77 -26
52 78 83
52 80 57
52 81 -24
52 82 -8
52 83 34
52 84 -65
52 85 9
52 87 62
52 89 -19
52 90 77
52 91 -89
52 92 28
52 93 50
52 95 -9
52 96 33
52 97 -79
52 98 -95
52 99 -95
53 0 -56
53 1 -35
53 3 -88
53 4 70
53 6 -78
53 7 -100
53 9 -65
53 10 -29
53 11 -80
53 12 23
53 14 11
53 15 -11
53 16 -26
53 17 90
53 18 -37
53 20 -4
53 21 -12
53 22 -42
53 23 48
53 24 66
53 25 -21
53 26 -39
53 27 96
53 28 45
53 29 41
53 30 -87
53 31 57
53 33 -29
53 34 88
53 35 -64
53 36 65
53 37 42
53 38 -28
53 39 66
53 40 -44
53 41 83
53 43 -87
53 44 88
53 45 -80
53 46 82
53 48 -46
53 49 81
53 50 -63
53 51 64
53 52 -70
53 54 -65
53 55 60
53 56 -66
53 57 -82
53 59 4
53 60 -17
53 61 -96
53 62 -8
53 64 -36
53 65 -5
53 66 -46
53 67 90
53 68 30
53 69 -100
53 72 43
53 73 -66
53 74 -44
53 75 -88
53 76 -100
53 79 -28
53 80 85
53 81 59
53 83 75
53 84 82
53 87 -40
53 88 72
53 89 -34
53 90 -78
53 91 -17
53 92 63
53 93 94
53 94 94
53 95 -46
53 96 -61
53 97 85
53 98 94
53 99 43
54 0 3
54 1 -15
54 2 -56
54 3 -78
54 4 31
54 5 -96
54 6 3
54 7 97
54 8 24
54 9 91
54 10 72
54 11 13
54 13 9
54 14 53
54 15 -79
54 16 37
54 17 20
54 18 42
54 19 -85
54 20 12
54 21 30
54 22 38
54 23 80
54 24 -2
54 25 58
54 26 -100
54 27 -54
54 29 11
54 30 69
54 31 11
54 32 -98
54 33 73
54 34 95
54 35 -24
54 36 -12
54 37 95
54 38 88
54 39 -21
54 40 11
54 41 65
54 43 -47
54 44 -22
54 46 -6
54 47 -77
54 49 83
54 50 -23
54 52 82
54 53 23
54 54 -19
54 55 -9
54 56 44
54 57 64
54 58 -25
54 59 38
54 60 49
54 61 -81
54 62 98
54 63 11
54 64 -65
54 65 -45
54 67 -31
54 70 -83
54 72 -71
54 74 -42
54 75 99
54 76 34
54 78 -39
54 79 -11
54 80 76
54 81 58
54 82 -86
54 83 -25
54 84 57
54 85 -63
54 86 85
54 87 81
54 88 88
54 89 -15
54 90 88
54 91 -64
54 92 28
54 93 4
54 94 4
54 96 -96
54 97 -10
54 99 -10
55 0 -20
55 2 -75
55 3 45
55 4 -58
55 5 -23
55 6 -4
55 7 6
55 8 60
55 9 38
55 10 37
55 11 95
55 12 -37
55 13 40
55 14 -75
55 15 -39
55 16 -13
55 17 -35
55 18 -45
55 19 -21
55 20 30
55 21 -72
55 22 8
55 23 75
55 24 89
55 25 45
55 26 86
55 28 38
55 29 51
55 30 -84
55 31 -32
55 32 -13
55 33 -25
55 34 -99
55 35 -31
55 36 -49
55 37 84
55 39 -41
55 40 -86
55 41 57
55 42 45
55 43 -93
55 44 77
55 45 86
55 46 55
55 47 100
55 49 -82
55 50 -37
55 51 -81
55 52 74
55 53 22
55 54 -94
55 56 -75
55 57 67
55 58 31
55 59 28
55 60 24
55 61 30
55 62 88
55 63 -35
55 64 49
55 65 2
55 67 14
55 68 37
55 69 -31
55 70 3
55 71 -98
55 72 29
55 73 71
55 74 54
55 75 -83
55 76 -86
55 77 69
55 78 -11
55 79 2
55 80 -55
55 81 10
55 82 27
55 83 -3
55 84 65
55 85 -100
55 86 -79
55 87 76
55 89 -48
55 90 -20
55 91 -96
55 93 -19
55 94 -88
55 95 -26
55 96 7
55 97 15
55 98 -53
55 99 -81
56 0 -84
56 1 -52
56 2 -58
56 3 72
56 5 83
56 6 37
56 7 -81
56 8 -38
56 9 58
56 10 -56
56 11 29
56 13 -61
56 15 -34
56 17 33
56 18 54
56 19 -34
56 20 54
56 21 -30
56 22 27
56 23 13
56 24 -55
56 25 -18
56 26 15
56 27 62
56 28 -69
56 29 -69
56 30 -93
56 31 -58
56 32 5
56 33 -28
56 34 38
56 35 -71
56 36 64
56 38 100
56 39 58
56 40 50
56 41 50
56 42 -95
56 43 -99
56 44 88
56 45 -13
56 46 100
56 47 -73
56 48 -12
56 49 -31
56 50 15
56 51 -28
56 52 49
56 53 25
56 54 -30
56 56 -24
56 58 8
56 59 -3
56 60 -84
56 61 58
56 62 -29
56 63 -77
56 64 -90
56 65 74
56 67 -85
56 68 -48
56 69 26
56 70 -8
56 71 71
56 72 -6
56 74 75
56 75 -55
56 76 28
56 77 12
56 78 28
56 79 65
56 80 60
56 82 87
56 83 63
56 84 13
56 85 88
56 86 -32
56 87 -33
56 88 46
56 89 87
56 90 -87
56 91 -98
56 92 -1
56 93 97
56 94 -94
56 95 88
56 96 65
56 98 18
56 99 53
57 0 1
57 1 -55
57 2 18
57 4 -30
57 5 -10
57 6 -9
57 8 54
57 9 -85
57 10 -39
57 11 -40
57 12 -57
57 13 28
57 14 -21
57 15 -50
57 16 52
57 17 -32
57 18 -64
57 19 -41
57 20 -88
57 21 41
57 22 -56
57 23 -86
57 24 -23
57 25 -47
57 26 25
57 27 21
57 28 -36
57 29 45
57 30 68
57 31 71
57 32 43
57 33 37
57 35 -23
57 36 13
57 37 -54
57 38 93
57 39 -84
57 41 -2
57 42 -37
57 43 -66
57 44 -22
57 45 49
57 46 -31
57 47 90
57 48 -31
57 49 83
57 52 -13
57 53 -100
57 54 -19
57 55 98
57 56 -69
57 57 -7
57 58 89
57 59 -22
57 60 -4
57 61 76
57 62 77
57 64 -51
57 66 -52
57 67 82
57 68 -95
57 69 15
57 71 32
57 72 67
57 73 82
57 74 45
57 75 -59
57 76 5
57 77 68
57 78 -42
57 79 -55
57 80 38
57 81 -2
57 82 -38
57 83 -91
57 86 -68
57 87 -55
57 88 66
57 90 -47
57 91 -52
57 92 11
57 93 -63
57 94 -47
57 96 93
57 97 82
57 98 45
57 99 -91
58 1 42
58 3 89
58 4 31
58 5 -25
58 6 40
58 7 15
58 8 -53
58 9 58
58 10 23
58 11 17
58 13 -41
58 14 -48
58 15 48
58 16 -74
58 19 -87
58 20 75
58 21 7
58 22 -84
58 24 5
58 25 80
58 26 -75
58 27 75
58 28 -32
58 29 -49
58 30 -24
58 31 59
58 32 -3
58 33 -19
58 34 80
58 35 58
58 36 23
58 38 11
58 39 74
58 40 98
58 41 -23
58 42 -74
58 43 92
58 44 -4
58 46 -99
58 47 -12
58 48 -13
58 49 44
58 50 -61
58 52 -23
58 53 7
58 54 -40
58 55 46
58 56 -18
58 57 -5
58 58 61
58 59 38
58 60 8
58 62 39
58 63 95
58 64 58
58 65 37
58 66 64
58 67 64
58 68 16
58 70 -56
58 71 8
58 72 63
58 73 36
58 74 7
58 75 -18
58 76 10
58 77 -72
58 78 35
58 79 31
58 80 -67
58 81 -75
58 82 -23
58 84 83
58 85 32
58 86 -17
58 87 62
58 88 72
58 89 100
58 90 -84
58 91 -47
58 92 63
58 93 -87
58 94 91
58 95 80
58 96 -60
58 97 -21
58 98 -23
58 99 -94
59 0 93
59 1 -12
59 2 -30
59 3 61
59 4 -76
59 5 -41
59 6 34
59 8 99
59 9 -31
59 11 35
59 12 61
59 13 40
59 15 13
59 16 -6
59 17 91
59 18 17
59 19 13
59 20 4
59 21 15
59 22 73
59 23 -86
59 24 63
59 25 -50
59 26 24
59 27 70
59 28 -60
59 30 -78
59 32 54
59 33 57
59 34 -37
59 35 -90
59 37 87
59 39 -39
59 42 -11
59 43 40
59 44 -14
59 45 47
59 48 25
59 49 -38
59 50 -35
59 51 -49
59 52 -31
59 53 33
59 54 -20
59 55 -68
59 56 -92
59 57 -30
59 58 -91
59 59 37
59 60 -80
59 61 -27
59 62 46
59 63 -29
59 64 -6
59 65 -52
59 66 63
59 67 15
59 68 -75
59 69 -57
59 70 73
59 71 -7
59 72 -76
59 73 47
59 74 -38
59 75 91
59 76 -9
59 77 -25
59 78 -33
59 79 58
59 80 56
59 81 -90
59 82 3
59 83 9
59 84 -63
59 85 33
59 87 -1
59 88 30
59 90 -89
59 91 87
59 92 -84
59 93 -44
59 94 59
59 95 56
59 96 34
59 98 -24
60 0 -34
60 1 -58
60 2 -65
60 3 -95
60 4 -18
60 5 -23
60 6 15
60 7 60
60 9 -87
60 10 -4
60 11 87
60 12 52
60 13 -25
60 14 -34
60 15 46
60 16 70
60 17 -42
60 19 -43
60 20 -83
60 21 55
60 22 46
60 23 -66
60 24 92
60 26 -81
60 27 -79
60 28 64
60 29 88
60 30 -67
60 31 47
60 33 62
60 34 15
60 35 -21
60 36 6
60 38 -96
60 39 -68
60 40 33
60 41 -25
60 42 38
60 44 -30
60 45 43
60 47 -72
60 48 -94
60 49 99
60 50 43
60 51 57
60 52 -33
60 53 -7
60 55 -85
60 56 -17
60 57 22
60 58 -63
60 59 6
60 61 -18
60 62 -32
60 63 15
60 65 20
60 66 2
60 67 -98
60 68 20
60 70 73
60 71 81
60 72 78
60 73 42
60 74 -70
60 76 62
60 77 -7
60 78 79
60 79 89
60 80 76
60 82 96
60 84 44
60 85 16
60 86 -54
60 88 -39
60 89 -41
60 90 28
60 91 4
60 92 -14
60 93 28
60 94 63
60 95 -58
60 96 -76
60 97 99
60 98 93
60 99 64
61 0 -16
61 1 -32
61 2 -30
61 3 61
61 4 -82
61 5 3
61 6 -52
61 7 8
61 8 26
61 10 92
61 11 -30
61 12 61
61 13 -87
61 16 -100
61 17 -86
61 18 -16
61 19 38
61 20 8
61 22 15
61 23 83
61 24 84
61 25 8
61 26 75
61 27 -15
61 28 -15
61 29 90
61 30 -25
61 31 86
61 32 97
61 33 48
61 34 60
61 35 -89
61 36 81
61 37 4
61 38 -56
61 39 29
61 40 52
61 41 -49
61 42 21
61 44 55
61 45 5
61 47 41
61 48 82
61 49 2
61 50 12
61 51 -79
61 53 45
61 54 89
61 55 86
61 56 37
61 57 27
61 58 15
61 59 -60
61 61 58
61 62 74
61 63 -78
61 64 36
61 65 55
61 66 38
61 67 -86
61 68 52
61 69 21
61 70 -96
61 71 -12
61 72 17
61 73 28
61 74 100
61 75 -11
61 76 28
61 77 10
61 78 -33
61 79 33
61 80 -59
61 81 -58
61 82 -62
61 83 -24
61 85 -96
61 87 95
61 88 -75
61 89 -44
61 90 -82
61 91 -75
61 93 60
61 94 -36
61 95 92
61 96 26
61 97 -54
61 98 -84
62 0 -11
62 1 56
62 2 -83
62 4 -93
62 5 80
62 6 -27
62 7 99
62 8 -89
62 9 -18
62 10 -73
62 11 -89
62 12 46
62 13 -58
62 14 -58
62 15 -84
62 16 -30
62 19 60
62 20 -64
62 21 61
62 22 25
62 23 -83
62 24 -21
62 25 46
62 26 -49
62 27 71
62 28 70
62 29 88
62 30 95
62 31 2
62 32 -14
62 33 25
62 34 -16
62 35 -68
62 36 19
62 37 60
62 38 -73
62 39 -29
62 40 4
62 41 -98
62 42 57
62 43 -85
62 44 -34
62 45 85
62 46 -27
62 47 20
62 48 32
62 50 36
62 51 -18
62 52 45
62 53 9
62 54 38
62 55 44
62 56 -34
62 57 48
62 58 64
62 59 -92
62 61 75
62 65 -86
62 66 27
62 70 -10
62 71 -16
62 72 32
62 73 -77
62 75 54
62 76 -99
62 77 39
62 78 -44
62 79 -72
62 80 86
62 81 -45
62 84 80
62 85 1
62 86 62
62 87 -81
62 88 -2
62 89 21
62 90 -32
62 91 20
62 92 82
62 93 28
62 94 44
62 95 -26
62 96 83
62 97 -67
62 98 -90
62 99 96
63 1 -94
63 2 20
63 3 -58
63 5 32
63 6 -62
63 7 -61
63 8 -38
63 9 54
63 10 -60
63 11 -99
63 12 13
63 13 48
63 14 -27
63 15 -90
63 16 39
63 17 -53
63 18 -79
63 19 22
63 22 -43
63 24 -53
63 26 -74
63 27 -28
63 28 -45
63 29 -50
63 30 -92
63 31 -27
63 32 38
63 33 -55
63 34 29
63 35 -18
63 36 -35
63 37 57
63 38 68
63 39 55
63 40 43
63 41 -79
63 42 -95
63 43 8
63 44 73
63 46 -86
63 47 88
63 48 -83
63 49 -63
63 50 -97
63 51 -55
63 52 55
63 53 75
63 54 54
63 55 74
63 56 53
63 57 88
63 58 -66
63 59 -77
63 61 -99
63 62 56
63 65 70
63 66 84
63 67 -59
63 69 100
63 70 -2
63 71 2
63 72 67
63 73 50
63 74 -74
63 75 61
63 76 31
63 77 -51
63 78 -34
63 79 -17
63 80 -27
63 82 -25
63 83 69
63 85 18
63 87 -31
63 88 78
63 89 -88
63 90 -2
63 91 54
63 92 73
63 93 -27
63 94 -94
63 95 -36
63 96 -87
63 97 98
63 99 3
64 1 19
64 2 50
64 3 -91
64 4 14
64 5 47
64 6 -71
64 7 -9
64 8 14
64 9 -67
64 10 -86
64 11 93
64 12 97
64 13 75
64 14 89
64 15 48
64 16 60
64 17 96
64 18 71
64 19 -92
64 21 86
64 22 -69
64 23 -94
64 24 77
64 25 43
64 26 -17
64 27 -88
64 28 -85
64 29 66
64 31 -97
64 32 -41
64 33 -98
64 34 -79
64 35 30
64 36 92
64 37 85
64 38 -98
64 41 -39
64 42 11
64 44 51
64 45 -49
64 47 -12
64 49 68
64 50 -17
64 51 -9
64 52 45
64 53 -12
64 54 -60
64 57 -42
64 58 7
64 59 -9
64 60 4
64 61 -53
64 62 57
64 63 60
64 64 -27
64 65 57
64 66 2
64 67 -76
64 68 -6
64 70 77
64 71 -23
64 74 -36
64 75 -5
64 76 -71
64 77 20
64 78 7
64 79 -42
64 80 -33
64 81 7
64 82 -54
64 84 -98
64 85 49
64 88 -68
64 89 -76
64 90 79
64 91 14
64 92 39
64 93 -16
64 94 57
64 95 18
64 96 -14
64 97 -63
65 0 -59
65 2 29
65 5 -24
65 6 71
65 7 29
65 8 -39
65 9 35
65 10 -41
65 13 2
65 14 -68
65 15 54
65 16 -53
65 17 -100
65 18 87
65 19 32
65 20 -87
65 21 -67
65 22 63
65 23 89
65 24 -29
65 25 -45
65 26 -15
65 27 29
65 28 51
65 30 10
65 31 -8
65 32 -56
65 33 -93
65 34 -56
65 35 67
65 37 38
65 38 -40
65 39 29
65 41 -96
65 42 98
65 43 85
65 44 18
65 45 -94
65 46 -54
65 48 -31
65 49 -86
65 50 56
65 51 94
65 52 61
65 53 21
65 55 -74
65 56 -4
65 57 -46
65 58 -18
65 59 -24
65 60 86
65 61 82
65 62 38
65 63 49
65 64 56
65 65 99
65 66 73
65 67 -85
65 68 -33
65 70 34
65 71 18
65 72 6
65 73 90
65 74 -80
65 75 -86
65 76 39
65 77 97
65 78 -76
65 79 80
65 80 -35
65 82 -2
65 83 -75
65 84 88
65 85 43
65 86 92
65 87 -36
65 88 -25
65 89 2
65 90 -52
65 91 81
65 92 37
65 93 69
65 94 -31
65 95 80
65 96 -64
65 97 -33
65 99 46
66 0 47
66 1 -28
66 3 94
66 4 -4
66 7 -16
66 8 -41
66 9 81
66 10 -12
66 11 -3
66 12 19
66 13 13
66 14 -18
66 15 43
66 16 13
66 17 16
66 18 71
66 19 21
66 20 100
66 22 41
66 23 -32
66 24 -94
66 25 -58
66 26 -14
66 27 -25
66 28 -50
66 29 66
66 30 -29
66 31 -39
66 32 -37
66 33 -73
66 34 32
66 35 74
66 37 -62
66 38 66
66 39 4
66 40 25
66 41 19
66 42 -75
66 43 -61
66 44 -62
66 46 -90
66 47 6
66 48 -97
66 49 -100
66 50 -72
66 51 -56
66 52 -66
66 53 67
66 54 -90
66 55 2
66 56 -43
66 57 13
66 58 18
66 59 -75
66 61 -93
66 62 -44
66 63 -90
66 65 -3
66 66 -19
66 67 81
66 68 11
66 69 -81
66 70 -47
66 71 85
66 72 91
66 73 32
66 74 24
66 75 -1
66 76 34
66 77 99
66 78 -28
66 79 17
66 80 16
66 81 94
66 83 -38
66 84 49
66 85 -4
66 87 -8
66 88 -21
66 89 -85
66 90 -49
66 91 52
66 92 11
66 93 92
66 94 -96
66 95 -66
66 96 -77
66 97 28
66 98 17
66 99 22
67 0 -22
67 1 -57
67 2 -53
67 4 -92
67 5 3
67 6 -19
67 7 -37
67 9 34
67 10 86
67 12 -89
67 13 9
67 14 80
67 15 10
67 16 43
67 17 1
67 19 44
67 20 -19
67 21 -88
67 22 7
67 23 25
67 24 86
67 25 -21
67 26 -42
67 27 -44
67 28 -37
67 29 -22
67 30 16
67 31 -50
67 32 -1
67 33 32
67 34 2
67 35 27
67 37 22
67 38 -44
67 39 -30
67 40 -36
67 41 7
67 42 11
67 44 -65
67 45 -85
67 46 -14
67 47 77
67 48 -70
67 50 -16
67 51 -57
67 52 -5
67 53 -71
67 54 -100
67 55 -73
67 56 -71
67 57 -54
67 59 62
67 60 88
67 61 -85
67 62 -7
67 63 -74
67 64 77
67 65 94
67 66 75
67 68 23
67 70 46
67 72 -44
67 73 74
67 74 -33
67 75 -100
67 77 24
67 78 71
67 79 21
67 80 17
67 81 100
67 82 -67
67 83 -50
67 85 -88
67 86 99
67 87 58
67 88 -22
67 89 -94
67 90 21
67 91 -16
67 92 -54
67 93 -78
67 94 -100
67 95 54
67 96 97
67 97 79
67 98 26
67 99 -28
68 0 -91
68 1 -87
68 2 -61
68 3 -83
68 4 -57
68 5 -86
68 6 -87
68 8 79
68 9 -67
68 10 -5
68 11 -43
68 12 -72
68 13 -12
68 15 19
68 16 -40
68 17 89
68 18 -72
68 20 -60
68 21 -64
68 22 -31
68 23 -56
68 24 -2
68 25 91
68 26 60
68 27 -99
68 28 -74
68 29 -14
68 30 -97
68 32 -54
68 33 -93
68 34 -34
68 36 31
68 37 -54
68 38 -38
68 39 -23
68 40 89
68 41 13
68 42 21
68 43 -64
68 44 -13
68 45 68
68 46 25
68 50 -10
68 51 80
68 52 -97
68 53 -99
68 54 72
68 55 80
68 56 -13
68 57 60
68 59 -93
68 60 42
68 61 25
68 62 -31
68 63 48
68 64 -56
68 65 -93
68 66 -99
68 67 62
68 68 13
68 69 -59
68 70 -58
68 71 -79
68 72 24
68 73 89
68 74 -62
68 75 29
68 76 94
68 77 74
68 78 72
68 80 2
68 81 -38
68 82 -38
68 83 -72
68 85 -95
68 86 40
68 87 -94
68 88 68
68 89 62
68 90 83
68 92 -12
68 93 -31
68 96 72
68 98 4
68 99 65
69 0 48
69 1 20
69 2 75
69 3 73
69 4 -65
69 5 -97
69 6 80
69 8 54
69 9 -69
69 11 52
69 12 8
69 13 71
69 14 56
69 15 56
69 16 -15
69 17 30
69 18 -1
69 20 29
69 22 20
69 24 20
69 25 -52
69 26 -49
69 27 -51
69 28 60
69 29 35
69 30 -52
69 32 99
69 33 -62
69 34 -47
69 35 65
69 36 5
69 37 68
69 38 -84
69 40 54
69 41 29
69 42 -27
69 43 87
69 44 83
69 45 1
69 46 25
69 47 97
69 48 1
69 49 54
69 50 13
69 51 90
69 52 36
69 53 99
69 55 79
69 56 -11
69 57 83
69 58 -60
69 60 -51
69 62 4
69 63 14
69 64 -55
69 65 43
69 66 5
69 67 -99
69 68 -98
69 69 -7
69 70 -97
69 71 78
69 72 -46
69 73 41
69 74 -86
69 75 -50
69 76 -20
69 77 -73
69 78 -97
69 79 50
69 81 -77
69 82 77
69 83 68
69 84 51
69 85 -31
69 88 -93
69 89 7
69 90 -89
69 91 -85
69 92 79
69 93 -89
69 94 46
69 95 76
69 96 18
69 97 -45
69 98 48
69 99 -73
70 0 -9
70 1 26
70 2 71
70 3 24
70 4 -91
70 5 79
70 8 -98
70 9 24
70 10 43
70 11 98
70 13 80
70 14 54
70 15 32
70 16 74
70 17 -81
70 18 23
70 19 -47
70 21 -99
70 22 -31
70 23 -31
70 24 20
70 25 51
70 26 88
70 27 -35
70 29 -91
70 31 -20
70 32 9
70 33 100
70 34 -60
70 35 86
70 36 89
70 37 41
70 38 22
70 39 -29
70 40 -30
70 42 21
70 44 24
70 45 -23
70 46 -17
70 47 9
70 48 -10
70 49 -50
70 50 -93
70 51 -39
70 52 -48
70 53 3
70 54 56
70 55 65
70 56 -33
70 57 47
70 58 -19
70 59 29
70 60 -89
70 61 21
70 62 -3
70 63 89
70 64 3
70 65 -55
70 66 77
70 67 33
70 68 -35
70 69 37
70 70 30
70 71 -83
70 72 99
70 74 41
70 75 99
70 76 -84
70 77 -5
70 78 -97
70 79 63
70 80 25
70 81 27
70 82 -75
70 83 -84
70 84 63
70 85 -86
70 86 -1
70 88 9
70 89 -42
70 90 33
70 91 70
70 92 -94
70 93 8
70 95 -90
70 96 -41
70 97 7
70 98 -42
70 99 -79
71 0 40
71 1 -57
71 2 50
71 3 -58
71 4 56
71 5 -75
71 6 -88
71 7 72
71 8 67
71 9 -55
71 10 -63
71 11 -37
71 12 -53
71 13 -96
71 14 49
71 16 -94
71 17 69
71 18 33
71 19 -6
71 20 40
71 21 90
71 22 56
71 23 88
71 25 -7
71 26 -39
71 28 -54
71 29 -5
71 31 -66
71 32 -47
71 33 -14
71 35 -35
71 36 91
71 37 -30
71 38 34
71 39 32
71 40 -44
71 41 21
71 42 -3
71 43 54
71 44 6
71 45 -41
71 46 -57
71 48 28
71 50 -76
71 51 65
71 52 -81
71 53 63
71 54 -40
71 55 -63
71 56 11
71 57 73
71 58 70
71 59 18
71 60 96
71 61 68
71 62 -20
71 63 40
71 64 74
71 65 51
71 66 56
71 67 -8
71 68 -37
71 69 58
71 70 -75
71 71 94
71 73 81
71 74 79
71 75 -86
71 76 -48
71 77 81
71 78 -33
71 79 39
71 80 49
71 81 59
71 83 81
71 84 -70
71 85 -62
71 87 92
71 88 20
71 89 76
71 90 -87
71 91 -72
71 92 -55
71 93 66
71 94 -87
71 95 -72
71 97 84
71 98 -41
71 99 -43
72 0 -1
72 1 48
72 4 55
72 5 -12
72 6 -53
72 7 -77
72 8 22
72 9 49
72 11 35
72 12 -74
72 13 91
72 14 20
72 15 -92
72 16 -19
72 17 -53
72 18 -17
72 19 -64
72 20 20
72 21 20
72 22 -10
72 23 92
72 24 -20
72 25 -99
72 26 -94
72 28 -79
72 29 98
72 30 -50
72 31 39
72 32 20
72 33 51
72 34 -30
72 37 -75
72 39 -5
72 40 -85
72 43 -48
72 44 78
72 45 -42
72 46 -65
72 47 2
72 50 -24
72 51 -5
72 52 1
72 53 6
72 54 18
72 55 -71
72 56 53
72 57 -75
72 58 -11
72 59 -39
72 60 12
72 61 -63
72 62 -85
72 63 53
72 64 -54
72 65 -80
72 66 -7
72 67 3
72 69 -13
72 70 -40
72 71 33
72 72 -3
72 73 12
72 74 -92
72 75 -19
72 76 -76
72 77 48
72 78 77
72 79 -33
72 80 -54
72 81 -2
72 82 -9
72 83 -37
72 84 -29
72 85 -61
72 86 6
72 87 -88
72 89 25
72 91 10
72 92 -22
72 93 -54
72 94 55
72 95 -29
72 96 -14
72 98 22
72 99 -74
73 0 -38
73 1 -28
73 2 74
73 3 -69
73 4 -45
73 5 -100
73 6 68
73 7 -18
73 8 99
73 9 91
73 10 11
73 11 76
73 12 99
73 13 59
73 14 -47
73 15 -95
73 16 -86
73 17 9
73 19 -49
73 20 89
73 22 -66
73 23 -97
73 25 -57
73 26 -73
73 27 65
73 28 30
73 29 90
73 30 -7
73 31 11
73 32 -46
73 33 -78
73 34 9
73 35 -77
73 36 47
73 37 -46
73 38 76
73 40 -21
73 41 8
73 42 -73
73 43 44
73 44 49
73 45 52
73 46 31
73 47 -16
73 48 59
73 49 -18
73 50 -13
73 51 20
73 52 -99
73 53 -31
73 54 37
73 55 82
73 57 49
73 58 -39
73 59 -40
73 60 -64
73 61 1
73 63 82
73 64 -16
73 65 -47
73 66 -11
73 67 -46
73 68 68
73 69 -86
73 70 44
73 71 -52
73 72 17
73 73 -30
73 74 -6
73 75 17
73 76 29
73 77 -73
73 78 -56
73 79 -5
73 80 -96
73 81 75
73 82 -41
73 83 -28
73 86 -97
73 87 -16
73 88 40
73 89 1
73 91 -16
73 92 55
73 94 -64
73 95 64
73 96 40
73 98 -21
73 99 -33
74 0 27
74 2 -19
74 3 -80
74 4 80
74 5 59
74 6 -24
74 7 15
74 8 45
74 9 -55
74 10 -97
74 11 -81
74 13 15
74 15 -43
74 19 20
74 20 8
74 21 -92
74 22 -79
74 23 -100
74 24 -24
74 25 -75
74 26 -75
74 27 -23
74 28 34
74 29 -16
74 30 -31
74 32 61
74 33 64
74 34 -16
74 35 89
74 36 19
74 37 -72
74 38 -31
74 39 -59
74 40 -30
74 41 -76
74 42 79
74 43 -96
74 45 28
74 46 -91
74 47 -48
74 48 -15
74 49 -86
74 50 -24
74 51 67
74 53 100
74 54 -23
74 55 -42
74 57 97
74 58 -73
74 59 -65
74 60 -62
74 61 41
74 62 -97
74 63 -23
74 64 -2
74 65 -75
74 66 -39
74 67 -72
74 69 -27
74 70 11
74 71 29
74 72 69
74 73 -86
74 74 99
74 76 38
74 78 -90
74 79 28
74 80 68
74 82 -14
74 83 17
74 84 -45
74 85 -66
74 86 -85
74 88 81
74 89 -82
74 90 -94
74 91 59
74 92 9
74 94 9
74 95 -2
74 96 -80
74 97 -72
74 98 87
74 99 -12
75 0 51
75 2 -26
75 4 27
75 5 -36
75 7 47
75 8 69
75 9 76
75 10 -38
75 11 -86
75 12 43
75 13 -83
75 14 51
75 15 44
75 16 2
75 17 24
75 18 75
75 19 -81
75 21 16
75 22 28
75 23 56
75 24 15
75 26 70
75 27 97
75 29 80
75 30 67
75 31 -29
75 33 75
75 34 7
75 35 33
75 38 85
75 39 66
75 41 51
75 43 52
75 44 15
75 45 56
75 46 87
75 47 -99
75 48 -78
75 49 -3
75 51 -96
75 52 -45
75 53 44
75 55 -54
75 56 -68
75 57 -12
75 59 91
75 60 37
75 61 4
75 62 -80
75 63 -50
75 64 85
75 65 98
75 67 25
75 68 -96
75 70 -69
75 71 -50
75 72 84
75 73 -4
75 74 100
75 75 -59
75 76 -23
75 78 34
75 79 -54
75 80 58
75 81 -86
75 82 92
75 83 7
75 84 74
75 85 53
75 86 -38
75 87 23
75 88 -98
75 91 -18
75 92 78
75 94 43
75 95 20
75 96 46
75 97 42
75 98 -94
75 99 -67
76 0 -73
76 1 -26
76 2 -77
76 3 23
76 5 -100
76 7 -65
76 9 94
76 10 58
76 11 -56
76 12 -86
76 13 84
76 14 19
76 16 -84
76 17 -82
76 18 36
76 19 -71
76 20 -64
76 21 60
76 22 79
76 23 20
76 24 91
76 25 -53
76 26 -96
76 27 -90
76 28 66
76 29 55
76 30 -26
76 31 19
76 32 -35
76 33 95
76 35 6
76 36 -40
76 37 -1
76 38 6
76 41 -69
76 42 85
76 43 14
76 44 -37
76 45 43
76 46 53
76 47 87
76 48 18
76 49 -56
76 50 28
76 51 69
76 52 -28
76 53 27
76 54 98
76 56 -48
76 57 36
76 58 -22
76 59 36
76 60 -95
76 61 62
76 62 53
76 63 -82
76 64 77
76 65 -50
76 66 55
76 67 -34
76 68 42
76 69 -72
76 70 -9
76 71 53
76 72 54
76 73 -66
76 74 -50
76 76 -27
76 77 -89
76 79 5
76 80 -5
76 82 80
76 83 -84
76 85 -43
76 86 70
76 87 100
76 88 24
76 89 70
76 90 -27
76 92 -56
76 93 -70
76 94 -46
76 95 -75
76 96 -7
76 97 -21
76 98 39
76 99 -46
77 0 -33
77 1 -70
77 2 64
77 3 14
77 5 -61
77 6 -62
77 7 -26
77 9 97
77 10 -3
77 11 17
77 12 5
77 13 33
77 14 -68
77 15 -9
77 16 5
77 17 -99
77 18 -18
77 19 -2
77 21 -11
77 22 -42
77 23 -56
77 24 -64
77 25 81
77 26 -30
77 27 -58
77 28 17
77 29 -50
77 30 -26
77 31 9
77 32 -12
77 33 7
77 35 -93
77 36 4
77 38 -36
77 39 12
77 40 -89
77 41 5
77 42 -49
77 43 67
77 44 -25
77 45 81
77 46 -72
77 47 66
77 48 37
77 49 -28
77 50 -74
77 51 6
77 52 -31
77 54 54
77 55 -76
77 56 29
77 57 4
77 59 22
77 60 90
77 61 8
77 62 42
77 63 48
77 64 6
77 65 -48
77 66 8
77 67 -10
77 68 -13
77 69 13
77 70 91
77 72 78
77 73 25
77 74 52
77 75 -85
77 76 -48
77 77 -70
77 78 -53
77 79 85
77 80 -18
77 81 -67
77 82 37
77 83 -20
77 84 -42
77 85 58
77 86 84
77 87 59
77 88 -88
77 90 -37
77 92 -54
77 93 -99
77 94 -86
77 95 -51
77 96 63
77 97 -29
77 98 -2
77 99 32
78 0 1
78 1 36
78 2 46
78 3 -52
78 4 -17
78 5 24
78 8 73
78 9 3
78 10 -21
78 11 -4
78 12 49
78 13 -95
78 14 20
78 15 9
78 16 -73
78 17 -63
78 18 -39
78 19 -59
78 20 76
78 21 19
78 24 -54
78 25 -45
78 26 -78
78 27 -59
78 28 -99
78 30 95
78 31 -23
78 32 83
78 33 -12
78 34 -36
78 35 13
78 36 -51
78 38 94
78 39 42
78 40 22
78 41 -3
78 42 -61
78 43 -31
78 45 75
78 46 -13
78 47 72
78 48 -24
78 49 -93
78 50 2
78 51 -88
78 52 68
78 53 82
78 54 -77
78 55 -53
78 57 -7
78 58 -30
78 59 -11
78 60 -46
78 61 41
78 62 -41
78 63 48
78 64 31
78 65 -32
78 66 56
78 67 -62
78 68 -8
78 69 64
78 70 65
78 72 -12
78 73 33
78 74 11
78 75 34
78 76 -48
78 77 27
78 78 -95
78 79 31
78 80 69
78 82 -50
78 83 48
78 84 -39
78 85 -83
78 86 82
78 87 -86
78 88 16
78 89 -88
78 90 36
78 91 31
78 92 -29
78 93 19
78 94 -6
78 95 99
78 96 46
78 97 77
78 98 46
78 99 5
79 1 -97
79 2 69
79 3 -81
79 4 -20
79 5 -97
79 6 70
79 7 28
79 8 78
79 9 -87
79 10 -28
79 11 65
79 12 -22
79 14 7
79 16 4
79 19 64
79 20 -1
79 21 -16
79 22 60
79 23 32
79 24 6
79 25 16
79 26 -16
79 28 -48
79 29 -95
79 30 92
79 31 -77
79 32 4
79 33 -21
79 34 -18
79 35 -12
79 36 -59
79 38 71
79 39 58
79 40 14
79 41 33
79 42 -21
79 43 30
79 44 -11
79 45 46
79 46 -84
79 47 59
79 48 -54
79 49 34
79 50 -45
79 51 96
79 52 90
79 53 24
79 54 96
79 55 -15
79 56 90
79 57 89
79 59 -41
79 60 20
79 61 -35
79 62 78
79 63 49
79 65 -5
79 66 -1
79 67 -89
79 68 -18
79 69 -92
79 71 -71
79 74 26
79 75 -39
79 76 -18
79 77 -77
79 79 24
79 80 98
79 81 -66
79 82 -94
79 83 -60
79 84 -49
79 85 -93
79 86 -100
79 87 77
79 88 52
79 89 -92
79 90 34
79 91 49
79 92 -23
79 93 45
79 94 -66
79 96 44
79 99 50
80 0 -29
80 1 67
80 2 21
80 3 21
80 4 53
80 5 18
80 6 -37
80 7 -41
80 8 7
80 9 -71
80 10 -1
80 12 24
80 13 -43
80 14 99
80 15 19
80 16 51
80 17 14
80 18 7
80 19 63
80 20 -66
80 21 90
80 22 88
80 24 -96
80 25 -19
80 26 77
80 27 80
80 28 -68
80 29 13
80 30 35
80 31 65
80 32 38
80 34 -13
80 35 69
80 36 26
80 37 86
80 38 -99
80 39 18
80 40 41
80 41 19
80 42 -11
80 43 88
80 44 -51
80 45 88
80 46 -57
80 47 -96
80 48 -89
80 49 -23
80 50 27
80 52 72
80 53 23
80 54 -77
80 55 73
80 56 -14
80 57 19
80 58 -92
80 59 -44
80 61 -28
80 62 -18
80 63 -83
80 64 -56
80 65 26
80 66 -47
80 67 -40
80 68 27
80 70 64
80 71 1
80 72 32
80 74 -26
80 75 -81
80 76 -56
80 77 -1
80 78 -40
80 79 99
80 80 -55
80 81 35
80 82 -29
80 83 -71
80 85 35
80 86 -3
80 87 -58
80 88 -21
80 89 90
80 90 51
80 91 62
80 92 91
80 93 27
80 94 66
80 95 -100
80 96 -73
80 97 -8
80 98 -21
80 99 15
81 0 51
81 1 55
81 2 -98
81 3 -48
81 4 89
81 5 55
81 7 -18
81 8 -10
81 9 11
81 10 -67
81 11 59
81 12 -39
81 14 41
81 15 78
81 16 88
81 17 26
81 18 -53
81 19 -69
81 20 -55
81 21 -35
81 22 23
81 24 -86
81 25 40
81 26 34
81 27 -97
81 28 -32
81 29 51
81 31 -69
81 32 61
81 33 -47
81 34 -44
81 35 -17
81 37 68
81 38 -15
81 39 -73
81 40 86
81 41 -55
81 42 6
81 43 -75
81 44 13
81 45 -81
81 46 90
81 47 11
81 48 97
81 49 90
81 50 36
81 51 -99
81 52 34
81 53 -74
81 54 -34
81 55 54
81 56 -4
81 57 49
81 58 24
81 59 87
81 61 35
81 62 -43
81 63 -32
81 64 86
81 65 -30
81 66 -49
81 67 89
81 69 75
81 70 -24
81 71 23
81 72 93
81 73 59
81 74 88
81 75 51
81 76 -33
81 77 -98
81 79 -89
81 80 -36
81 82 44
81 83 -51
81 84 -86
81 85 -9
81 86 36
81 87 74
81 88 35
81 89 73
81 90 -34
81 91 -25
81 93 51
81 94 -48
81 95 59
81 96 74
81 97 -56
81 98 -92
81 99 78
82 0 -88
82 2 -27
82 3 65
82 4 -85
82 5 76
82 6 82
82 7 -24
82 11 -89
82 14 20
82 15 -26
82 16 -53
82 17 41
82 18 98
82 19 -60
82 20 -18
82 22 -13
82 23 -12
82 24 97
82 25 58
82 26 -64
82 28 -4
82 29 15
82 30 -53
82 32 2
82 33 51
82 34 50
82 35 43
82 36 -85
82 37 -66
82 38 -77
82 39 57
82 40 29
82 41 83
82 42 16
82 44 -72
82 45 -98
82 46 53
82 47 -11
82 49 -22
82 50 78
82 51 92
82 52 71
82 53 -62
82 54 -38
82 55 79
82 56 27
82 57 -12
82 58 95
82 59 21
82 60 23
82 63 -60
82 64 53
82 66 12
82 67 -89
82 68 78
82 69 57
82 70 -89
82 71 93
82 72 -19
82 74 -31
82 75 -45
82 76 -71
82 77 -66
82 78 17
82 79 -1
82 80 96
82 81 -42
82 82 54
82 83 71
82 85 -13
82 87 29
82 89 -32
82 90 -68
82 92 14
82 93 65
82 94 68
82 95 -18
82 96 -61
82 97 -52
82 98 -87
82 99 -52
83 0 -3
83 1 -8
83 2 83
83 3 19
83 4 97
83 5 -70
83 6 81
83 7 -50
83 9 79
83 10 -92
83 11 -49
83 13 93
83 14 94
83 15 21
83 16 -71
83 17 100
83 18 -79
83 19 31
83 20 -16
83 21 27
83 22 -39
83 23 -31
83 24 -94
83 25 92
83 26 -16
83 28 61
83 29 8
83 30 96
83 31 -75
83 32 96
83 33 11
83 34 44
83 35 -99
83 36 28
83 37 -68
83 38 -63
83 39 -85
83 40 -18
83 41 73
83 42 97
83 46 -1
83 47 -9
83 48 28
83 49 43
83 50 71
83 51 99
83 52 36
83 54 88
83 55 48
83 56 -63
83 57 16
83 58 -94
83 59 -2
83 60 -86
83 61 34
83 63 -42
83 64 -4
83 65 -2
83 67 -75
83 68 -72
83 69 86
83 70 46
83 72 -3
83 73 -2
83 74 -89
83 75 3
83 76 33
83 77 10
83 78 -45
83 79 -91
83 83 -36
83 84 95
83 85 90
83 86 -52
83 87 -68
83 88 58
83 89 97
83 90 -13
83 91 -13
83 92 -66
83 93 56
83 94 -20
83 95 -91
83 96 30
83 97 -17
83 98 87
83 99 -29
84 0 71
84 1 39
84 3 -5
84 4 5
84 7 33
84 8 -34
84 9 -81
84 10 6
84 11 -43
84 12 -16
84 14 10
84 15 84
84 16 -98
84 18 -47
84 19 -94
84 20 -32
84 21 38
84 22 29
84 23 33
84 24 50
84 26 31
84 27 -99
84 28 -20
84 29 -80
84 30 -32
84 31 93
84 32 -97
84 33 61
84 34 93
84 35 -30
84 36 54
84 37 6
84 38 48
84 39 -35
84 40 58
84 41 -49
84 42 100
84 43 100
84 44 55
84 45 -13
84 46 -5
84 47 73
84 48 -77
84 50 96
84 52 8
84 53 -24
84 54 54
84 55 -52
84 56 -59
84 57 -87
84 58 -64
84 59 22
84 60 55
84 61 71
84 62 65
84 63 -92
84 64 -76
84 65 53
84 66 -37
84 67 -62
84 68 100
84 69 44
84 70 -69
84 72 -21
84 73 -69
84 74 44
84 75 -26
84 76 99
84 77 82
84 79 -22
84 80 11
84 82 -45
84 83 75
84 84 -78
84 85 86
84 86 -17
84 87 -30
84 88 94
84 89 -13
84 90 45
84 91 83
84 92 27
84 93 39
84 95 60
84 97 98
84 98 97
84 99 18
85 0 2
85 1 24
85 2 80
85 3 -56
85 4 77
85 5 71
85 6 -56
85 7 52
85 8 -91
85 9 -53
85 10 -13
85 11 35
85 12 -72
85 13 19
85 14 -21
85 15 62
85 16 15
85 17 -95
85 18 -35
85 19 33
85 20 -9
85 23 8
85 24 26
85 25 -85
85 26 -40
85 27 -36
85 28 -2
85 30 -58
85 31 -67
85 32 -51
85 33 81
85 34 -19
85 35 -78
85 36 57
85 38 -95
85 39 -77
85 41 -1
85 42 17
85 43 16
85 44 -72
85 45 -35
85 46 -65
85 47 30
85 49 9
85 50 -11
85 51 -2
85 52 -77
85 53 99
85 54 -14
85 55 -19
85 56 34
85 57 -83
85 58 77
85 59 45
85 60 42
85 62 88
85 64 -99
85 65 -13
85 66 35
85 67 -45
85 69 -40
85 71 48
85 72 -30
85 73 68
85 74 61
85 75 77
85 76 34
85 77 -35
85 79 20
85 80 89
85 81 -55
85 82 -62
85 83 -82
85 84 26
85 85 -48
85 87 72
85 88 94
85 89 -76
85 90 -46
85 91 19
85 92 45
85 93 86
85 95 -45
85 96 84
85 98 -6
85 99 40
86 0 -64
86 1 -44
86 2 -16
86 4 -66
86 5 71
86 6 2
86 7 23
86 8 74
86 10 28
86 11 -24
86 12 -42
86 13 -53
86 14 -97
86 15 71
86 16 -25
86 17 -42
86 18 -94
86 19 -51
86 20 30
86 21 21
86 23 -92
86 24 84
86 25 -49
86 27 -53
86 28 -61
86 30 57
86 31 -41
86 34 23
86 35 -9
86 36 96
86 37 -58
86 38 2
86 39 -10
86 40 21
86 41 92
86 42 16
86 44 79
86 45 -39
86 46 31
86 47 56
86 48 -62
86 49 -75
86 50 -86
86 51 -39
86 53 -62
86 54 -75
86 55 -55
86 56 -87
86 57 -44
86 59 85
86 60 71
86 61 -35
86 62 -33
86 63 -62
86 64 39
86 65 88
86 67 -67
86 68 92
86 70 36
86 71 33
86 73 36
86 74 30
86 76 -59
86 77 -98
86 78 -65
86 79 -69
86 80 -40
86 81 60
86 82 -92
86 83 -85
86 84 -16
86 85 91
86 86 95
86 87 78
86 88 -67
86 89 2
86 90 -53
86 91 39
86 92 79
86 93 -55
86 94 18
86 96 -31
86 97 -66
86 98 86
86 99 -19
87 1 -10
87 3 99
87 4 -11
87 5 -5
87 6 -69
87 7 -88
87 8 17
87 9 -5
87 12 -59
87 13 34
87 14 24
87 15 -28
87 16 -30
87 17 -30
87 18 77
87 19 86
87 20 90
87 21 -91
87 23 -60
87 24 42
87 26 -25
87 27 56
87 28 97
87 29 65
87 30 1
87 31 -86
87 32 -53
87 33 -84
87 34 44
87 36 72
87 37 -92
87 38 -43
87 39 85
87 40 87
87 42 84
87 43 -12
87 44 -79
87 45 -100
87 46 -46
87 47 89
87 48 35
87 49 -26
87 50 89
87 51 -59
87 52 -7
87 53 5
87 54 -58
87 55 -3
87 56 -69
87 57 53
87 58 -38
87 60 -59
87 61 -85
87 62 -59
87 63 99
87 64 44
87 65 -76
87 67 -83
87 68 -28
87 69 57
87 70 5
87 72 97
87 73 -67
87 74 5
87 75 72
87 76 64
87 77 63
87 79 -96
87 80 -47
87 82 82
87 83 -47
87 84 -81
87 85 50
87 86 -3
87 87 62
87 88 -79
87 90 -27
87 91 8
87 92 -51
87 93 19
87 94 52
87 95 -21
87 96 46
87 97 67
87 98 1
87 99 -23
88 0 12
88 1 -79
88 2 98
88 3 -1
88 4 -43
88 6 60
88 7 -10
88 8 42
88 9 -9
88 10 99
88 11 44
88 12 -49
88 13 69
88 14 -74
88 15 -85
88 16 -10
88 17 79
88 18 -28
88 19 -98
88 20 51
88 21 -76
88 22 87
88 25 31
88 26 1
88 27 21
88 29 -12
88 30 -33
88 31 51
88 32 -57
88 33 -24
88 34 -33
88 35 -59
88 36 -83
88 37 31
88 38 40
88 39 38
88 40 55
88 41 8
88 42 -36
88 43 -61
88 44 97
88 45 50
88 46 75
88 47 -27
88 48 100
88 49 78
88 50 93
88 51 -35
88 52 -15
88 53 -60
88 54 -7
88 56 -82
88 57 78
88 58 23
88 59 97
88 60 -93
88 61 -51
88 62 -1
88 64 11
88 66 28
88 68 -72
88 69 41
88 70 -63
88 71 -66
88 72 21
88 73 -97
88 74 92
88 75 27
88 76 61
88 77 24
88 78 -68
88 79 67
88 80 -89
88 82 25
88 83 -44
88 84 73
88 85 -53
88 86 -43
88 87 -20
88 88 -44
88 90 37
88 91 -22
88 92 -43
88 94 71
88 95 83
88 97 -18
88 98 -33
88 99 59
89 0 -72
89 1 -87
89 2 -15
89 3 54
89 4 54
89 7 38
89 8 -3
89 9 -27
89 10 41
89 11 7
89 12 85
89 13 74
89 15 97
89 16 89
89 17 -25
89 18 35
89 19 -24
89 20 -95
89 21 12
89 22 -35
89 24 62
89 25 75
89 27 -24
89 28 -77
89 29 18
89 31 -3
89 32 -73
89 33 -11
89 34 -74
89 35 -87
89 36 16
89 37 -98
89 38 44
89 39 -48
89 40 8
89 42 -29
89 43 54
89 46 -90
89 47 -34
89 48 -75
89 49 37
89 50 -36
89 51 -94
89 52 83
89 53 -70
89 54 -81
89 55 -18
89 56 -22
89 57 59
89 58 -68
89 59 81
89 60 -82
89 61 66
89 62 -2
89 63 21
89 64 10
89 65 -2
89 66 -29
89 67 75
89 68 100
89 69 -86
89 71 -32
89 72 98
89 73 39
89 75 58
89 76 -86
89 77 -46
89 78 8
89 79 -48
89 80 -81
89 81 71
89 82 15
89 83 45
89 85 -67
89 86 -23
89 87 -34
89 89 42
89 90 4
89 91 77
89 94 -85
89 95 -96
89 96 -13
89 97 53
89 98 98
90 0 -24
90 1 -37
90 2 -78
90 3 -55
90 4 -63
90 5 38
90 6 -18
90 7 14
90 8 -53
90 10 35
90 11 -26
90 12 75
90 13 -51
90 14 -38
90 15 -95
90 16 6
90 17 -49
90 18 -1
90 19 13
90 20 -39
90 21 62
90 22 -30
90 24 -33
90 25 81
90 26 89
90 27 91
90 28 36
90 29 97
90 30 -32
90 31 76
90 32 74
90 33 -17
90 34 -95
90 35 -29
90 36 35
90 37 64
90 40 36
90 41 -52
90 43 -16
90 44 -53
90 46 55
90 47 38
90 48 11
90 49 27
90 50 -8
90 51 84
90 52 5
90 53 -12
90 54 31
90 55 -45
90 56 -18
90 57 -69
90 58 62
90 60 87
90 61 46
90 62 38
90 63 -68
90 64 59
90 65 86
90 66 -5
90 67 62
90 68 -10
90 69 -22
90 70 -3
90 72 -79
90 73 -71
90 74 -80
90 75 23
90 76 17
90 78 81
90 79 -5
90 80 82
90 81 22
90 82 67
90 84 -16
90 85 -28
90 86 19
90 87 -62
90 88 -23
90 89 -23
90 90 -24
90 91 -67
90 93 51
90 94 -28
90 95 -32
90 96 -18
90 97 -51
90 98 97
90 99 33
91 0 -24
91 1 100
91 2 8
91 3 -67
91 4 -70
91 5 -83
91 6 -26
91 7 -68
91 9 -93
91 10 -32
91 11 -35
91 12 86
91 13 58
91 14 -89
91 15 -52
91 16 -81
91 17 38
91 19 75
91 20 42
91 21 -71
91 22 -59
91 23 -85
91 24 -52
91 25 -99
91 26 -26
91 27 28
91 28 72
91 29 55
91 30 67
91 32 46
91 33 39
91 34 42
91 35 -11
91 36 80
91 37 -25
91 38 29
91 40 -96
91 41 -48
91 42 55
91 43 9
91 44 -18
91 45 42
91 46 -76
91 47 69
91 48 -100
91 49 -12
91 51 -4
91 52 5
91 53 81
91 54 -54
91 55 -43
91 56 -62
91 57 -43
91 58 20
91 59 -39
91 60 -50
91 61 87
91 62 49
91 63 -1
91 64 -53
91 65 -79
91 66 -45
91 67 -99
91 68 -91
91 69 31
91 70 21
91 71 -90
91 72 -10
91 73 -11
91 74 84
91 75 37
91 77 -95
91 78 -23
91 79 21
91 81 -44
91 82 -93
91 83 46
91 84 23
91 85 -73
91 86 -17
91 87 81
91 91 2
91 92 -42
91 93 -72
91 94 -37
91 95 -62
91 96 13
91 97 58
91 98 -63
91 99 -59
92 1 -29
92 2 43
92 3 3
92 4 11
92 5 -42
92 6 84
92 7 52
92 8 63
92 9 -95
92 10 58
92 11 40
92 12 1
92 13 -48
92 14 55
92 15 28
92 16 -23
92 17 -83
92 18 45
92 19 -13
92 20 8
92 21 29
92 22 -86
92 23 38
92 24 -62
92 25 85
92 26 -43
92 27 -5
92 28 54
92 29 -94
92 30 90
92 31 -18
92 32 93
92 33 41
92 34 92
92 35 1
92 36 22
92 37 -98
92 38 58
92 39 29
92 40 19
92 41 1
92 42 -52
92 44 7
92 45 -35
92 47 29
92 48 3
92 49 23
92 50 -45
92 51 81
92 53 -65
92 54 -49
92 55 -74
92 56 -21
92 57 -63
92 58 12
92 59 -36
92 60 80
92 61 -52
92 62 -10
92 63 73
92 64 -76
92 66 -43
92 67 40
92 68 -66
92 69 89
92 70 -43
92 71 -62
92 72 -92
92 74 -93
92 75 79
92 76 -46
92 77 -71
92 78 68
92 79 6
92 80 -79
92 81 -44
92 82 94
92 83 39
92 84 -26
92 85 -56
92 86 55
92 87 -82
92 89 60
92 90 83
92 91 -45
92 92 86
92 93 -61
92 94 -100
92 95 56
92 96 48
92 97 -47
92 99 48
93 0 -63
93 1 54
93 2 -89
93 3 83
93 4 -44
93 5 61
93 6 -86
93 7 49
93 8 -62
93 9 -37
93 10 13
93 12 -48
93 13 75
93 15 45
93 16 92
93 17 -79
93 18 18
93 19 28
93 20 -17
93 21 -40
93 22 -21
93 23 -96
93 24 82
93 25 -88
93 26 75
93 27 -25
93 29 55
93 30 -42
93 31 -16
93 32 53
93 33 15
93 35 33
93 36 21
93 37 97
93 38 -51
93 39 2
93 40 53
93 41 87
93 42 66
93 43 -8
93 44 61
93 45 -15
93 47 -92
93 49 -31
93 50 95
93 51 -50
93 52 -91
93 53 77
93 55 28
93 56 -59
93 57 -12
93 58 44
93 59 43
93 61 -93
93 63 68
93 64 67
93 66 28
93 69 -5
93 70 -42
93 72 -12
93 73 58
93 74 36
93 75 96
93 76 44
93 77 94
93 78 56
93 79 -46
93 80 -89
93 81 58
93 82 87
93 83 -54
93 84 -65
93 86 8
93 88 -70
93 89 45
93 90 53
93 91 -18
93 92 79
93 93 70
93 94 -54
93 95 70
93 96 9
93 97 -71
93 98 36
93 99 50
94 0 -48
94 1 -85
94 2 -88
94 4 -6
94 6 94
94 7 -66
94 9 3
94 10 30
94 12 -34
94 13 69
94 15 -47
94 16 -89
94 17 21
94 18 -92
94 19 18
94 21 -47
94 22 -47
94 24 -76
94 25 -27
94 26 74
94 27 -73
94 28 80
94 29 -19
94 31 -47
94 32 -43
94 34 10
94 35 45
94 36 -71
94 37 76
94 38 -72
94 39 86
94 40 -70
94 41 -91
94 44 -1
94 47 58
94 49 92
94 50 -27
94 51 29
94 52 66
94 53 86
94 54 82
94 55 -60
94 56 -65
94 57 -49
94 58 -84
94 60 -58
94 61 94
94 62 -86
94 63 -50
94 64 81
94 65 -78
94 66 -18
94 67 -57
94 68 75
94 69 -61
94 70 -11
94 71 50
94 72 66
94 73 -53
94 74 13
94 75 90
94 76 -79
94 77 34
94 78 99
94 79 82
94 80 2
94 81 -35
94 82 -99
94 83 -29
94 84 35
94 85 -20
94 86 -79
94 87 -78
94 88 -39
94 89 -79
94 90 71
94 91 42
94 93 -31
94 94 -77
94 95 -61
94 96 93
94 97 6
94 98 -52
94 99 21
95 0 22
95 1 59
95 2 71
95 4 -20
95 5 -47
95 6 99
95 7 -88
95 8 70
95 9 62
95 10 22
95 12 -98
95 13 27
95 14 80
95 15 -60
95 17 -96
95 18 30
95 19 -35
95 20 10
95 22 18
95 24 100
95 25 20
95 27 15
95 30 45
95 31 -25
95 32 59
95 33 35
95 34 -1
95 35 50
95 36 -75
95 37 -42
95 39 -76
95 40 15
95 42 57
95 43 -8
95 44 24
95 46 -99
95 47 95
95 48 -99
95 49 28
95 50 29
95 51 67
95 52 37
95 56 -26
95 59 68
95 60 -11
95 61 35
95 62 18
95 63 54
95 65 38
95 66 10
95 67 -40
95 68 -63
95 69 -5
95 70 77
95 71 36
95 72 -54
95 74 -25
95 75 76
95 77 51
95 78 67
95 79 -84
95 80 20
95 82 -95
95 83 15
95 84 46
95 85 64
95 86 32
95 87 -20
95 88 8
95 91 -72
95 92 -6
95 93 -54
95 94 33
95 96 93
95 97 53
96 0 -9
96 2 22
96 3 -46
96 4 11
96 5 -15
96 6 -57
96 7 75
96 8 30
96 9 75
96 10 99
96 11 29
96 12 -100
96 13 95
96 14 -21
96 16 4
96 17 -4
96 18 -75
96 19 -18
96 20 80
96 21 -27
96 22 -91
96 23 -85
96 24 -15
96 25 18
96 27 -19
96 28 -48
96 29 77
96 30 -89
96 31 -76
96 32 -85
96 33 15
96 34 85
96 35 -95
96 36 27
96 38 -14
96 39 9
96 41 -99
96 43 24
96 44 57
96 45 -71
96 46 -66
96 47 30
96 48 -98
96 49 1
96 50 90
96 51 45
96 52 77
96 53 -62
96 54 54
96 55 -70
96 57 78
96 58 -53
96 59 -61
96 60 9
96 61 25
96 63 -97
96 64 -33
96 66 -53
96 67 -24
96 68 -13
96 69 48
96 70 -59
96 72 9
96 73 98
96 74 80
96 75 -52
96 77 -27
96 78 -68
96 79 -52
96 80 -62
96 81 74
96 83 84
96 85 75
96 86 27
96 87 -38
96 88 -51
96 89 64
96 90 27
96 91 80
96 92 -27
96 93 45
96 94 -95
96 95 -67
96 96 96
96 97 15
96 98 -24
97 0 -57
97 1 44
97 2 -96
97 3 -74
97 4 -80
97 5 -91
97 6 58
97 7 92
97 8 -88
97 9 -99
97 10 80
97 12 23
97 13 43
97 14 -35
97 15 -9
97 17 85
97 18 25
97 19 -83
97 20 19
97 21 40
97 22 70
97 23 42
97 24 33
97 25 4
97 26 80
97 27 -25
97 28 33
97 29 -66
97 30 -41
97 31 7
97 32 45
97 33 -24
97 34 89
97 35 7
97 36 -7
97 37 32
97 38 -24
97 39 51
97 40 -7
97 41 -93
97 42 -15
97 43 -87
97 44 22
97 46 -69
97 47 59
97 48 -54
97 49 69
97 50 8
97 51 -2
97 52 17
97 53 -23
97 54 -36
97 55 69
97 56 -38
97 58 -11
97 59 -87
97 61 -1
97 62 -27
97 64 -78
97 65 59
97 66 46
97 67 63
97 68 92
97 69 100
97 70 21
97 72 68
97 73 55
97 75 79
97 76 48
97 78 -81
97 79 -3
97 80 -76
97 82 74
97 83 60
97 84 -28
97 85 47
97 87 27
97 88 -75
97 89 -38
97 90 -43
97 91 -4
97 92 -82
97 93 -66
97 94 73
97 95 42
97 96 84
97 97 76
97 98 -35
97 99 56
98 2 47
98 3 43
98 4 -28
98 5 56
98 6 -36
98 8 -41
98 9 -41
98 10 -35
98 11 79
98 12 19
98 13 17
98 15 -84
98 16 -66
98 17 -38
98 18 18
98 20 -96
98 21 37
98 22 -11
98 23 32
98 24 20
98 25 -74
98 26 -84
98 27 -34
98 29 -72
98 30 -63
98 31 98
98 32 -37
98 33 83
98 35 43
98 36 1
98 37 76
98 38 80
98 39 -83
98 40 -35
98 41 59
98 46 -37
98 47 -33
98 48 -11
98 49 62
98 50 -79
98 51 20
98 52 -39
98 53 64
98 54 72
98 55 -54
98 56 -43
98 58 -44
98 59 -50
98 60 -35
98 62 59
98 63 -32
98 64 72
98 65 -48
98 66 23
98 67 -62
98 68 18
98 69 47
98 70 25
98 71 -89
98 73 -86
98 74 -50
98 75 40
98 76 38
98 78 -76
98 79 72
98 80 -84
98 81 25
98 82 45
98 83 97
98 84 32
98 87 60
98 89 72
98 90 65
98 91 100
98 92 60
98 93 -77
98 94 3
98 95 50
98 97 -77
98 98 14
98 99 -73
99 0 5
99 1 57
99 2 54
99 3 -58
99 6 -97
99 7 -14
99 8 -84
99 9 -54
99 10 51
99 11 -62
99 12 10
99 13 55
99 14 -52
99 15 80
99 16 45
99 17 93
99 18 2
99 19 5
99 20 21
99 21 83
99 22 -10
99 23 94
99 24 43
99 25 45
99 26 69
99 27 -16
99 28 22
99 29 -92
99 30 26
99 31 -51
99 33 96
99 34 -17
99 35 26
99 36 25
99 37 9
99 38 53
99 39 -52
99 40 95
99 41 -39
99 42 33
99 43 39
99 44 70
99 46 -93
99 47 -69
99 48 -91
99 49 -81
99 50 65
99 51 -87
99 52 29
99 53 49
99 54 26
99 55 10
99 56 -20
99 57 -10
99 59 33
99 60 -31
99 61 34
99 62 59
99 63 -32
99 64 -42
99 65 79
99 66 -2
99 67 -93
99 68 89
99 70 -49
99 72 -83
99 73 -72
99 74 -57
99 75 -3
99 76 30
99 77 -77
99 78 -73
99 79 -63
99 80 84
99 82 -1
99 83 -61
99 84 -72
99 85 81
99 86 -12
99 87 89
99 88 61
99 89 -92
99 90 33
99 91 -16
99 92 -32
99 93 -73
99 94 91
99 95 -50
99 96 -46
99 97 -96
99 98 -56
99 99 -79