0 2 -90
0 6 -86
0 7 -1
0 9 39
0 11 -52
0 12 70
0 17 95
0 18 21
0 19 -100
0 20 77
0 22 74
0 24 84
0 28 -71
0 29 82
0 31 96
0 33 -43
0 35 73
0 36 46
0 37 -6
0 39 21
0 41 71
0 46 75
0 47 29
1 2 -96
1 5 -69
1 8 -29
1 12 79
1 14 -88
1 16 -49
1 21 -41
1 27 -57
1 34 41
1 35 -21
1 36 -57
1 37 92
1 41 5
1 44 -55
1 45 71
1 46 -53
1 47 60
1 48 -12
1 49 -21
2 4 -50
2 5 59
2 7 -31
2 9 -52
2 10 -11
2 20 9
2 22 29
2 24 98
2 25 -2
2 28 59
2 30 -7
2 31 -94
2 34 63
2 35 81
2 36 80
2 38 34
2 42 -76
2 44 -1
2 45 -46
2 46 95
2 49 -66
3 1 -48
3 7 94
3 12 -97
3 16 -46
3 17 44
3 18 -91
3 19 100
3 20 -3
3 23 -97
3 24 40
3 27 -18
3 28 80
3 29 28
3 30 22
3 31 -88
3 32 11
3 37 -29
3 40 28
3 42 -16
4 0 43
4 2 -56
4 4 -57
4 5 91
4 6 40
4 7 -28
4 9 70
4 11 -44
4 12 58
4 15 -42
4 26 3
4 27 10
4 29 -23
4 30 -23
4 35 94
4 36 32
4 40 9
4 44 -45
4 48 -80
5 1 -37
5 9 55
5 14 -14
5 19 58
5 20 92
5 21 34
5 22 9
5 23 -78
5 25 12
5 30 92
5 32 63
5 34 18
5 36 -54
5 39 10
5 40 56
5 43 -91
5 48 -86
6 0 83
6 3 -99
6 5 16
6 7 7
6 8 37
6 9 80
6 11 -68
6 12 -91
6 18 -88
6 20 -72
6 24 59
6 27 15
6 31 -13
6 35 17
6 43 6
7 4 10
7 7 51
7 9 29
7 10 -52
7 11 25
7 12 73
7 13 -22
7 14 -94
7 17 42
7 19 -31
7 20 -83
7 24 2
7 25 -78
7 32 -75
7 33 51
7 34 14
7 37 84
7 43 89
7 44 -52
8 0 -72
8 6 68
8 14 61
8 16 29
8 19 8
8 26 41
8 27 -53
8 28 36
8 29 5
8 32 51
8 36 49
8 37 -11
8 38 -58
8 45 70
8 46 62
8 49 -28
9 1 -8
9 4 -52
9 5 -91
9 8 72
9 13 83
9 21 -62
9 26 21
9 32 -21
9 33 -69
9 34 14
9 35 -85
9 36 -41
9 38 11
9 40 -94
9 41 -78
9 42 15
9 43 -2
9 44 -40
9 45 99
9 48 50
9 49 -70
10 0 -2
10 2 21
10 4 -6
10 6 -80
10 8 19
10 9 -62
10 10 79
10 11 -98
10 18 -30
10 22 -84
10 25 -38
10 27 96
10 28 -17
10 33 -76
10 36 -38
10 37 40
10 41 25
10 42 70
10 44 -80
10 49 -37
11 1 15
11 3 3
11 4 79
11 6 -53
11 7 69
11 10 58
11 14 -99
11 15 5
11 16 49
11 19 38
11 21 -57
11 24 -6
11 30 50
11 35 -94
11 38 -44
11 41 99
11 42 67
11 43 32
11 44 98
11 45 3
11 47 18
11 49 16
12 1 71
12 5 7
12 9 -68
12 10 -76
12 13 -14
12 16 82
12 18 -57
12 29 -49
12 31 -19
12 35 26
12 38 93
12 41 10
12 43 -91
12 47 -86
13 0 -68
13 1 -96
13 2 40
13 3 17
13 6 -34
13 8 39
13 9 42
13 10 59
13 11 -1
13 13 -98
13 21 -35
13 24 -60
13 26 -51
13 27 -39
13 31 93
13 34 -21
13 35 -24
13 37 11
13 38 72
13 45 1
13 48 -9
14 1 46
14 2 19
14 6 -59
14 7 91
14 11 8
14 13 94
14 25 77
14 26 26
14 32 82
14 35 -6
14 37 -49
14 41 -45
14 42 66
14 43 11
14 45 55
14 47 -2
14 48 72
15 1 18
15 4 -47
15 7 14
15 10 53
15 12 53
15 15 -37
15 22 -64
15 23 -77
15 25 5
15 27 11
15 28 97
15 31 30
15 34 88
15 35 65
15 36 -78
15 37 -24
15 40 52
15 43 -94
15 46 73
15 49 73
16 0 4
16 9 98
16 13 -55
16 17 75
16 18 37
16 19 89
16 23 25
16 25 -84
16 26 26
16 29 46
16 30 93
16 31 -29
16 33 87
16 35 22
16 36 -44
16 37 3
16 41 -24
16 43 -42
16 45 -25
16 47 -78
16 48 82
16 49 -27
17 2 -64
17 4 -36
17 7 41
17 10 42
17 17 30
17 23 -23
17 24 -65
17 28 69
17 35 51
17 39 -69
17 40 -89
17 41 -2
17 44 80
17 45 -20
17 48 -77
18 2 98
18 3 79
18 4 95
18 8 46
18 10 -39
18 16 43
18 27 65
18 32 19
18 35 -51
18 37 -58
18 38 85
18 39 41
18 41 28
18 42 -43
18 44 21
18 46 51
19 0 41
19 2 -51
19 5 -2
19 6 -53
19 13 -78
19 14 41
19 15 -26
19 21 45
19 22 82
19 24 -11
19 28 -95
19 35 -53
19 39 -21
19 42 -67
19 45 1
19 46 9
19 48 -23
20 4 -34
20 6 -34
20 9 -65
20 12 -75
20 14 -1
20 18 -52
20 20 67
20 21 54
20 25 32
20 28 -43
20 30 -53
20 31 22
20 39 -9
20 40 19
20 46 65
20 48 -22
20 49 -28
21 5 -86
21 7 9
21 11 -30
21 14 54
21 20 45
21 24 -32
21 26 61
21 31 21
21 32 40
21 38 -55
21 39 -50
21 43 -20
21 48 50
21 49 14
22 0 78
22 4 -24
22 5 22
22 6 -89
22 8 89
22 9 83
22 10 -75
22 13 -55
22 16 -19
22 20 63
22 24 44
22 25 -28
22 28 13
22 29 -53
22 33 -83
22 34 78
22 35 -7
22 39 -53
22 40 34
22 44 -28
22 45 59
22 47 -65
23 4 6
23 9 22
23 12 77
23 13 -1
23 14 3
23 17 -46
23 19 41
23 20 3
23 21 12
23 28 -17
23 29 -82
23 31 94
23 32 -81
23 34 -80
23 35 -15
23 37 54
23 43 88
23 47 -78
23 49 72
24 3 17
24 4 -32
24 7 -20
24 11 -16
24 14 -26
24 17 17
24 18 -30
24 19 -32
24 20 4
24 22 -21
24 24 -98
24 25 -56
24 27 55
24 31 -46
24 34 -3
24 36 -41
24 39 -87
24 40 -2
24 41 -45
24 46 -91
24 47 -69
24 48 -26
25 2 24
25 3 -14
25 6 9
25 8 84
25 12 -6
25 13 7
25 15 27
25 19 -88
25 26 40
25 31 49
25 33 34
25 35 -49
25 39 14
25 42 1
25 49 -1
26 0 -74
26 1 -10
26 4 -85
26 11 78
26 12 34
26 13 -81
26 15 13
26 17 36
26 18 -42
26 19 55
26 20 -45
26 24 -43
26 26 -78
26 31 -43
26 34 94
26 37 -57
26 42 8
26 43 -77
26 45 -8
26 46 -98
26 48 -27
27 5 31
27 7 -13
27 10 6
27 18 -48
27 20 84
27 23 43
27 24 17
27 32 -61
27 34 79
27 38 41
27 41 7
27 45 -90
27 48 -19
28 1 68
28 2 55
28 3 -94
28 4 78
28 13 60
28 15 -14
28 19 19
28 22 -23
28 23 49
28 24 88
28 26 -23
28 27 86
28 29 93
28 33 13
28 37 81
28 39 -66
28 40 19
28 41 98
28 43 98
28 47 100
29 0 -36
29 1 -48
29 4 3
29 7 -49
29 18 58
29 19 -51
29 20 98
29 23 85
29 27 -86
29 28 16
29 33 89
29 37 40
29 38 94
29 43 -51
29 44 19
29 46 -57
30 1 41
30 6 -11
30 7 -58
30 10 -44
30 13 86
30 15 48
30 16 -25
30 22 67
30 26 12
30 32 -55
30 33 5
30 35 -4
30 38 -84
30 39 -56
30 40 22
30 46 -30
30 48 15
31 2 61
31 3 96
31 4 -39
31 7 -80
31 8 80
31 9 21
31 11 42
31 16 66
31 19 -70
31 20 4
31 22 68
31 23 36
31 24 96
31 28 43
31 29 -89
31 32 -15
31 33 -60
31 36 -38
31 41 -50
31 44 56
32 3 79
32 5 16
32 7 22
32 17 82
32 19 -52
32 21 -98
32 23 68
32 24 -81
32 27 -3
32 33 -72
32 36 -23
32 37 24
32 45 38
32 49 -71
33 0 60
33 1 -29
33 2 34
33 4 51
33 5 -7
33 6 -52
33 11 51
33 13 31
33 15 92
33 16 99
33 18 -69
33 19 -92
33 20 48
33 21 -58
33 23 59
33 26 18
33 27 90
33 30 31
33 33 -11
33 34 -84
33 35 25
33 39 -84
33 40 66
33 42 21
33 43 -84
33 44 92
33 48 -42
33 49 -56
34 2 47
34 3 9
34 7 92
34 9 -52
34 25 -56
34 27 -22
34 32 50
34 33 90
34 34 -1
34 37 69
34 38 -51
34 44 -39
34 48 -21
35 0 85
35 3 -9
35 6 -53
35 8 -48
35 9 36
35 16 -30
35 18 -27
35 19 -10
35 23 97
35 26 -47
35 27 30
35 28 -78
35 29 -63
35 33 -16
35 35 64
35 38 39
36 2 16
36 3 -10
36 10 23
36 12 -10
36 14 47
36 16 -56
36 17 -56
36 18 36
36 20 -6
36 24 -4
36 30 -80
36 31 -22
36 39 -86
37 2 6
37 5 -54
37 6 50
37 13 -39
37 14 80
37 15 62
37 18 32
37 20 -58
37 21 -57
37 22 70
37 23 71
37 26 -70
37 30 87
37 31 -42
37 34 27
37 36 52
37 37 69
37 39 96
37 41 -76
37 43 80
37 44 50
37 45 -65
37 46 15
37 47 10
38 2 9
38 5 86
38 7 -59
38 8 -84
38 12 34
38 13 -73
38 16 74
38 19 -59
38 23 -64
38 24 -43
38 26 68
38 27 -8
38 30 52
38 33 53
38 38 -36
38 40 -75
38 44 13
38 45 -77
38 48 65
39 5 78
39 8 -78
39 13 -45
39 14 10
39 16 47
39 22 -4
39 31 -33
39 33 -89
39 39 -32
39 40 -21
39 42 73
39 44 -23
39 45 51
39 48 -52
40 2 89
40 5 54
40 6 42
40 9 74
40 10 -98
40 12 54
40 16 -62
40 17 55
40 20 46
40 22 -1
40 24 67
40 26 -58
40 30 86
40 32 78
40 33 -81
40 38 14
40 39 -18
40 41 -87
40 47 49
40 48 98
41 0 92
41 2 12
41 3 -36
41 7 75
41 9 -81
41 14 65
41 16 38
41 20 30
41 30 93
41 31 -17
41 34 38
41 36 -58
41 37 16
41 38 -94
41 41 -59
41 44 71
41 49 72
42 0 -40
42 3 -47
42 7 3
42 9 36
42 13 -24
42 15 -24
42 20 78
42 24 74
42 26 -27
42 27 -26
42 32 11
42 33 64
42 34 79
42 38 -70
42 43 49
42 48 33
42 49 78
43 2 -27
43 7 31
43 8 -26
43 13 -69
43 14 -50
43 18 -39
43 24 8
43 25 29
43 26 -84
43 27 72
43 32 -86
43 40 -80
43 42 -47
43 43 24
43 44 -14
44 8 80
44 10 15
44 19 -28
44 20 34
44 21 -5
44 23 -80
44 29 82
44 32 -4
44 36 -12
44 37 -61
44 39 17
44 40 67
44 43 -9
44 45 26
44 46 -47
44 49 46
45 1 -90
45 5 -29
45 7 100
45 10 75
45 15 65
45 16 55
45 18 -59
45 22 45
45 23 22
45 24 5
45 26 -34
45 27 27
45 28 57
45 31 42
45 35 -59
45 36 -63
45 37 -77
45 44 -58
46 4 57
46 9 52
46 10 11
46 14 -83
46 16 -57
46 18 79
46 19 -54
46 24 -19
46 26 55
46 31 43
46 36 47
46 37 -68
46 42 -75
46 43 -87
46 44 53
46 46 48
46 48 -3
47 3 17
47 5 74
47 11 -90
47 13 27
47 14 35
47 18 -89
47 21 -43
47 23 38
47 24 60
47 26 -1
47 27 -94
47 29 88
47 32 -47
47 33 37
47 34 -69
47 35 -96
47 39 85
47 41 10
47 43 4
47 49 46
48 0 -47
48 1 50
48 5 -28
48 7 -6
48 14 76
48 15 55
48 17 28
48 18 71
48 20 -29
48 22 -87
48 24 -88
48 34 -67
48 37 -5
48 39 -33
48 41 76
48 43 -79
48 44 53
48 46 68
48 48 90
49 0 91
49 13 49
49 17 -38
49 20 45
49 21 3
49 27 60
49 29 -27
49 31 -53
49 34 -98
49 41 2
49 48 17