0 0 80
0 1 -88
0 3 86
0 4 -49
0 7 -1
0 10 83
0 12 -96
0 13 -95
0 15 100
0 16 -42
0 18 -18
0 21 29
0 22 7
0 23 73
0 27 -73
0 32 -45
0 33 -62
0 34 -83
0 35 54
0 38 -92
0 39 37
0 41 49
0 45 -66
0 47 -56
0 48 12
0 49 -28
0 50 93
0 51 34
0 53 72
0 54 84
0 56 64
0 57 -51
0 58 48
0 60 34
0 62 90
0 63 -6
0 66 -59
0 69 60
0 72 9
0 74 51
0 77 35
0 78 -91
0 81 42
0 83 100
0 86 -58
0 88 -93
0 89 23
0 90 96
0 91 -17
0 93 30
0 95 -62
0 96 -61
0 97 -43
0 98 51
0 99 -25
1 0 15
1 2 82
1 3 44
1 4 100
1 5 -11
1 6 81
1 9 42
1 10 24
1 11 -82
1 12 61
1 13 -99
1 15 23
1 17 92
1 19 -48
1 21 72
1 22 -14
1 24 -99
1 27 47
1 28 52
1 29 53
1 30 96
1 33 100
1 34 -58
1 35 42
1 36 -91
1 37 62
1 38 -69
1 39 49
1 41 42
1 42 -71
1 43 13
1 45 35
1 46 -62
1 47 -20
1 50 -85
1 51 -63
1 52 6
1 53 25
1 61 -37
1 64 9
1 67 4
1 68 44
1 74 96
1 76 4
1 79 38
1 80 -16
1 82 -79
1 83 12
1 84 -13
1 86 19
1 87 -81
1 88 100
1 90 -81
1 93 -1
1 96 90
1 98 73
1 99 -5
2 0 84
2 1 32
2 2 5
2 4 2
2 6 62
2 9 -95
2 10 -63
2 11 -2
2 13 17
2 15 40
2 17 62
2 18 -19
2 19 -25
2 25 -49
2 29 84
2 34 -73
2 35 45
2 36 73
2 37 86
2 38 -48
2 40 -44
2 41 -69
2 46 -53
2 47 39
2 48 -23
2 49 -38
2 52 34
2 54 -91
2 56 -55
2 57 -87
2 58 -78
2 59 22
2 60 -11
2 63 -17
2 64 15
2 66 -43
2 68 -23
2 75 89
2 76 50
2 77 3
2 78 -73
2 80 67
2 81 23
2 82 -25
2 84 77
2 85 27
2 87 -40
2 88 65
2 90 -4
2 92 31
2 96 -71
2 97 23
2 98 -1
2 99 -69
3 1 40
3 3 -35
3 5 -42
3 6 91
3 7 57
3 9 -84
3 10 85
3 11 67
3 12 14
3 15 -95
3 17 55
3 19 1
3 20 -73
3 21 53
3 23 78
3 25 -38
3 26 60
3 27 84
3 30 18
3 31 32
3 32 2
3 33 16
3 34 -70
3 35 -14
3 36 81
3 37 -40
3 43 -87
3 45 -82
3 48 -88
3 50 -23
3 52 56
3 53 44
3 59 98
3 60 -67
3 63 -78
3 65 40
3 68 65
3 69 -72
3 70 -21
3 75 -44
3 77 72
3 79 79
3 80 29
3 81 19
3 86 63
3 89 30
3 91 -34
3 92 -6
3 96 -24
3 97 15
4 0 -68
4 4 -1
4 5 84
4 6 -82
4 8 -82
4 9 26
4 10 43
4 13 96
4 15 37
4 16 12
4 17 -40
4 19 100
4 25 25
4 28 -63
4 29 12
4 32 23
4 35 77
4 38 -5
4 39 13
4 42 -24
4 43 90
4 48 41
4 50 -63
4 51 -89
4 54 98
4 55 -48
4 56 -16
4 57 -28
4 59 58
4 61 -43
4 63 69
4 65 -89
4 68 -28
4 70 -5
4 72 -17
4 73 58
4 75 -96
4 76 76
4 78 42
4 79 6
4 80 52
4 81 -20
4 83 76
4 84 -63
4 85 22
4 88 60
4 89 -38
4 90 63
4 93 -19
4 97 13
4 98 -99
4 99 24
5 0 -21
5 1 3
5 2 -9
5 3 90
5 5 -86
5 6 65
5 8 20
5 11 15
5 12 61
5 14 -20
5 15 -37
5 16 -61
5 18 -66
5 20 93
5 23 -82
5 24 -91
5 28 19
5 29 -70
5 32 34
5 33 -65
5 34 12
5 36 -31
5 37 38
5 39 38
5 42 97
5 44 31
5 46 -67
5 50 96
5 51 -24
5 54 -8
5 56 -5
5 61 -41
5 62 24
5 63 -84
5 65 -79
5 66 -79
5 67 -30
5 70 -88
5 73 -82
5 75 -99
5 77 22
5 78 15
5 79 64
5 80 -1
5 84 61
5 85 -18
5 88 44
5 89 -56
5 92 29
5 95 -16
5 98 44
5 99 93
6 1 79
6 2 -55
6 4 -90
6 5 64
6 6 31
6 9 43
6 10 64
6 11 -13
6 12 -68
6 15 -17
6 17 42
6 18 -64
6 19 14
6 20 83
6 24 83
6 25 20
6 26 82
6 27 31
6 30 -81
6 31 32
6 33 -9
6 36 -16
6 37 -16
6 38 -73
6 40 46
6 41 16
6 44 50
6 45 -4
6 49 20
6 51 -80
6 53 -85
6 54 45
6 55 -34
6 57 -22
6 59 -97
6 61 35
6 63 48
6 64 -10
6 65 -100
6 66 -36
6 69 45
6 70 96
6 71 -62
6 72 90
6 73 36
6 74 18
6 77 -28
6 83 89
6 85 -77
6 86 -2
6 87 63
6 89 -95
6 90 -9
6 95 -50
6 97 32
6 99 27
7 0 -97
7 1 97
7 2 -78
7 3 86
7 4 41
7 5 64
7 6 79
7 9 -57
7 10 -1
7 11 -35
7 12 -90
7 13 -35
7 15 -100
7 18 -18
7 21 72
7 22 -87
7 23 97
7 24 19
7 26 -62
7 29 5
7 30 -78
7 32 -54
7 33 66
7 35 -75
7 37 26
7 39 46
7 40 65
7 44 -87
7 46 -10
7 48 54
7 49 -60
7 51 -56
7 52 -27
7 53 68
7 58 55
7 59 28
7 60 19
7 62 -8
7 63 -85
7 65 -43
7 66 -34
7 71 61
7 72 -29
7 73 96
7 74 42
7 76 -49
7 79 -30
7 85 -80
7 88 72
7 89 -34
7 90 -80
7 92 -86
7 93 -44
7 95 -38
7 98 -60
8 2 -50
8 3 70
8 4 -25
8 10 -73
8 12 -54
8 13 11
8 15 7
8 16 -1
8 18 -22
8 23 -34
8 25 -74
8 28 -80
8 29 33
8 32 73
8 33 -73
8 35 -75
8 37 97
8 39 -91
8 45 -77
8 47 33
8 50 -60
8 55 -46
8 56 41
8 61 9
8 66 -68
8 67 71
8 69 -35
8 71 98
8 72 34
8 73 -22
8 74 55
8 76 -29
8 79 -64
8 80 32
8 86 29
8 88 -55
8 89 -89
8 91 64
8 92 33
8 94 73
8 95 -80
8 96 15
8 99 -10
9 0 41
9 1 73
9 5 -66
9 6 94
9 7 90
9 9 81
9 16 77
9 18 -70
9 19 -33
9 21 24
9 22 86
9 29 34
9 35 -84
9 36 -5
9 39 80
9 40 57
9 41 -82
9 44 93
9 49 -84
9 50 -39
9 51 12
9 52 -29
9 54 -80
9 56 -94
9 57 14
9 59 63
9 60 64
9 62 49
9 65 49
9 68 -48
9 71 89
9 72 60
9 73 -56
9 74 -64
9 75 15
9 81 54
9 82 50
9 83 12
9 84 71
9 88 -21
9 90 -61
9 92 1
9 95 40
9 97 -14
9 99 -73
10 0 -71
10 3 -92
10 6 54
10 9 -83
10 10 33
10 11 17
10 12 -13
10 13 64
10 14 34
10 17 -97
10 18 -53
10 20 -36
10 22 73
10 26 97
10 30 -95
10 31 24
10 32 14
10 34 -76
10 35 8
10 37 59
10 38 -88
10 39 -52
10 40 -96
10 41 -5
10 42 14
10 43 -91
10 44 13
10 46 11
10 47 -21
10 51 -52
10 52 -67
10 53 -98
10 54 11
10 55 37
10 57 58
10 58 73
10 60 21
10 62 -9
10 63 -92
10 64 -23
10 70 -71
10 73 33
10 75 -66
10 76 -54
10 77 -22
10 82 -98
10 83 -81
10 84 63
10 87 -4
10 88 90
10 89 -15
10 90 90
10 92 -56
10 93 65
10 94 -38
10 96 64
10 97 -40
10 98 -64
11 0 23
11 2 65
11 3 71
11 6 50
11 9 -51
11 10 -39
11 12 -7
11 14 -35
11 18 81
11 21 90
11 23 -84
11 26 -91
11 28 88
11 29 7
11 30 -18
11 32 19
11 33 95
11 35 23
11 36 73
11 38 50
11 44 31
11 45 18
11 46 -78
11 47 -93
11 48 -97
11 53 69
11 55 -9
11 56 -19
11 57 -45
11 58 43
11 59 -99
11 61 56
11 62 51
11 63 -75
11 64 36
11 65 29
11 67 86
11 71 -52
11 74 -41
11 75 -40
11 76 33
11 78 28
11 79 97
11 81 -74
11 82 -44
11 83 11
11 84 -18
11 85 44
11 87 59
11 91 55
11 94 -68
11 95 51
11 96 -33
11 97 -66
11 98 70
11 99 -58
12 0 -9
12 1 5
12 3 -92
12 5 22
12 6 -70
12 7 -7
12 8 -91
12 9 -22
12 12 51
12 13 -14
12 15 -29
12 17 -30
12 18 83
12 20 82
12 21 -93
12 22 91
12 24 44
12 27 -54
12 28 -69
12 29 89
12 30 -64
12 32 45
12 33 94
12 34 -53
12 36 -61
12 38 38
12 41 88
12 43 -14
12 47 -88
12 49 -5
12 55 -40
12 56 92
12 59 -74
12 61 -52
12 65 -18
12 66 -45
12 67 -65
12 75 95
12 77 -13
12 79 63
12 80 1
12 83 66
12 88 -93
12 90 -48
12 93 78
12 94 53
12 95 81
12 97 -68
12 98 53
13 2 -9
13 3 -25
13 5 -2
13 6 -49
13 7 95
13 11 -63
13 15 -56
13 16 10
13 17 5
13 19 9
13 20 -45
13 23 96
13 24 -12
13 25 -54
13 28 -16
13 30 8
13 33 -62
13 34 -12
13 35 -81
13 36 100
13 38 -24
13 39 -81
13 40 -86
13 41 49
13 43 11
13 45 -80
13 46 -77
13 48 31
13 51 -45
13 52 89
13 53 75
13 58 15
13 59 36
13 60 -5
13 63 41
13 65 84
13 66 -39
13 67 6
13 68 93
13 69 2
13 72 -99
13 78 -3
13 81 38
13 83 -89
13 87 36
13 88 25
13 91 9
13 92 88
13 94 34
13 95 -36
13 96 44
13 97 -92
13 98 -74
14 3 -5
14 6 79
14 7 -98
14 8 -80
14 12 42
14 13 -42
14 17 18
14 19 93
14 20 72
14 21 50
14 22 -33
14 23 16
14 25 -59
14 26 94
14 27 -70
14 30 19
14 31 52
14 32 54
14 33 72
14 34 40
14 38 19
14 39 -30
14 40 59
14 43 -71
14 44 39
14 46 -6
14 47 89
14 48 -24
14 49 100
14 50 -14
14 51 -3
14 54 -21
14 55 -65
14 57 22
14 58 -74
14 61 67
14 63 -84
14 67 -98
14 68 -68
14 69 -96
14 70 48
14 71 76
14 72 -39
14 74 98
14 75 61
14 76 51
14 77 -18
14 82 78
14 83 60
14 84 -100
14 86 -78
14 89 11
14 90 52
14 91 56
14 92 -16
14 93 79
14 96 -34
14 97 80
14 99 18
15 1 -21
15 3 -76
15 4 67
15 5 -42
15 8 6
15 11 24
15 13 15
15 14 -13
15 16 -64
15 21 46
15 23 17
15 27 -71
15 28 84
15 29 84
15 31 3
15 32 94
15 36 40
15 38 99
15 39 35
15 40 89
15 41 77
15 42 14
15 43 57
15 46 -53
15 49 -48
15 50 25
15 52 -79
15 56 -25
15 58 80
15 61 -65
15 62 -21
15 63 72
15 66 -5
15 68 42
15 69 -55
15 70 30
15 71 68
15 72 -94
15 73 -56
15 74 53
15 79 -29
15 82 -30
15 83 -30
15 84 -23
15 86 28
15 88 27
15 89 47
15 94 33
15 95 -25
15 96 -84
16 0 68
16 1 23
16 2 -91
16 3 90
16 6 71
16 10 95
16 11 65
16 14 60
16 16 -7
16 18 -92
16 19 74
16 21 83
16 22 -31
16 23 -91
16 25 11
16 29 20
16 32 -12
16 33 92
16 35 -71
16 36 26
16 40 -22
16 41 71
16 43 -62
16 44 -97
16 45 16
16 46 4
16 47 71
16 49 58
16 53 -1
16 54 -12
16 56 75
16 57 -94
16 58 -73
16 59 -40
16 62 -67
16 63 84
16 70 38
16 71 -16
16 72 40
16 75 55
16 76 48
16 77 -67
16 80 -78
16 81 92
16 85 62
16 86 -51
16 87 9
16 88 -77
16 90 -37
16 92 -20
16 94 -88
16 96 8
16 97 -50
16 98 -22
16 99 74
17 0 81
17 2 35
17 6 -48
17 7 -84
17 8 -3
17 13 86
17 15 91
17 16 20
17 17 63
17 22 -30
17 23 -79
17 24 84
17 25 -54
17 26 -44
17 29 -7
17 30 -10
17 31 -10
17 32 41
17 33 19
17 34 -48
17 38 -55
17 42 -52
17 43 -48
17 45 2
17 47 13
17 50 61
17 51 -89
17 52 -11
17 53 90
17 54 79
17 56 21
17 57 67
17 58 71
17 59 86
17 62 85
17 64 55
17 68 66
17 71 -15
17 72 -72
17 73 -8
17 76 11
17 77 53
17 79 -66
17 80 96
17 81 -52
17 82 91
17 83 92
17 84 78
17 85 -73
17 86 95
17 87 44
17 88 62
17 89 26
17 90 -13
17 91 -8
17 92 -60
17 93 52
17 94 28
17 98 35
18 0 -56
18 2 44
18 3 -15
18 5 -41
18 6 17
18 7 -13
18 9 -60
18 10 4
18 14 68
18 17 86
18 18 94
18 22 -82
18 24 -46
18 25 26
18 26 -31
18 28 -98
18 29 46
18 30 -39
18 33 80
18 38 30
18 39 -57
18 40 26
18 41 -97
18 46 -36
18 47 72
18 48 51
18 49 95
18 52 95
18 54 90
18 57 47
18 58 -96
18 59 97
18 60 77
18 61 25
18 63 35
18 67 -59
18 68 -54
18 70 75
18 71 44
18 74 48
18 75 38
18 81 58
18 83 57
18 88 -87
18 90 -73
18 91 92
18 93 -84
18 95 -30
18 96 -46
18 97 95
18 98 -60
19 0 67
19 1 -17
19 2 44
19 5 -100
19 6 77
19 7 -96
19 11 1
19 12 45
19 15 -94
19 16 56
19 17 -81
19 18 -83
19 20 -78
19 21 68
19 22 27
19 23 -81
19 24 69
19 25 48
19 26 -81
19 27 -82
19 30 -70
19 31 65
19 34 -68
19 35 15
19 36 93
19 38 -64
19 39 -54
19 40 -84
19 43 48
19 44 -33
19 45 52
19 46 -20
19 47 97
19 48 42
19 49 -20
19 51 70
19 52 57
19 54 -7
19 56 -15
19 57 -43
19 58 1
19 59 98
19 60 -16
19 62 60
19 63 -2
19 64 -7
19 65 69
19 68 -55
19 69 1
19 73 -95
19 74 -55
19 75 48
19 77 -95
19 81 50
19 83 -47
19 84 31
19 87 -52
19 88 -15
19 90 -76
19 91 92
19 92 98
19 97 -14
19 98 -96
20 1 51
20 2 -56
20 4 7
20 6 -56
20 8 3
20 10 5
20 11 74
20 12 -82
20 13 -57
20 14 57
20 15 -96
20 16 -13
20 17 15
20 22 40
20 23 9
20 24 -79
20 25 -97
20 26 61
20 27 60
20 28 4
20 29 -91
20 30 -85
20 32 71
20 33 36
20 39 4
20 40 81
20 43 -53
20 45 -54
20 46 72
20 47 12
20 48 6
20 49 30
20 50 -53
20 51 94
20 55 52
20 56 -99
20 57 42
20 59 96
20 60 77
20 63 51
20 64 -95
20 65 82
20 66 -61
20 68 -38
20 78 42
20 79 -50
20 81 -8
20 85 -87
20 86 -19
20 87 -76
20 88 -45
20 90 26
20 93 -87
20 94 -48
20 96 86
20 98 -85
20 99 -36
21 1 28
21 3 -78
21 4 36
21 8 5
21 10 74
21 11 5
21 14 64
21 17 38
21 18 13
21 19 -4
21 20 29
21 21 -72
21 22 79
21 23 -52
21 24 -14
21 28 -11
21 29 -20
21 31 -72
21 32 94
21 34 84
21 37 -39
21 40 30
21 41 -98
21 42 19
21 43 39
21 47 -44
21 48 -57
21 49 -57
21 52 -62
21 53 -22
21 55 82
21 56 46
21 57 -58
21 58 -75
21 60 41
21 63 -77
21 65 -11
21 67 -84
21 68 36
21 69 -77
21 70 -86
21 72 -88
21 73 84
21 74 -30
21 75 55
21 77 63
21 78 -3
21 80 46
21 81 -19
21 83 -53
21 84 96
21 87 -33
21 89 -41
21 90 -98
21 91 46
21 93 59
21 95 -83
21 96 -35
21 97 20
21 98 15
21 99 -65
22 0 78
22 3 -5
22 4 -17
22 5 -12
22 6 84
22 7 -58
22 8 93
22 9 68
22 10 -66
22 11 -100
22 12 -75
22 13 -90
22 15 -65
22 16 -41
22 17 -54
22 18 -9
22 19 43
22 22 50
22 23 95
22 25 -40
22 27 -61
22 31 -24
22 32 64
22 34 11
22 35 22
22 36 -45
22 37 -41
22 39 96
22 41 55
22 45 -90
22 46 77
22 52 -51
22 53 18
22 56 57
22 58 99
22 60 -37
22 61 4
22 62 7
22 63 41
22 65 67
22 66 49
22 67 73
22 72 11
22 73 18
22 75 23
22 77 -19
22 81 -35
22 83 44
22 85 16
22 86 8
22 87 -98
22 88 64
22 89 -72
22 90 -67
22 92 -27
22 93 -95
22 94 77
22 96 11
22 97 34
22 98 -67
22 99 85
23 0 7
23 2 -52
23 4 81
23 9 65
23 10 30
23 13 26
23 14 -10
23 15 85
23 16 -31
23 17 -18
23 20 -14
23 21 50
23 22 -22
23 24 29
23 29 7
23 31 -30
23 33 -50
23 34 35
23 35 -39
23 39 27
23 41 91
23 42 -40
23 43 92
23 45 57
23 46 100
23 47 -67
23 51 6
23 53 -93
23 55 -29
23 56 49
23 59 33
23 61 22
23 62 33
23 63 -6
23 65 61
23 67 -8
23 68 83
23 69 -53
23 70 -29
23 72 -83
23 73 -69
23 74 -32
23 75 15
23 76 -99
23 77 51
23 80 -71
23 84 -62
23 85 43
23 86 19
23 88 30
23 89 -95
23 90 -82
23 92 59
23 93 -18
23 96 -63
23 97 41
23 98 17
23 99 5
24 0 95
24 3 -54
24 4 -71
24 7 -80
24 9 57
24 11 32
24 13 -24
24 17 55
24 18 8
24 21 -88
24 22 -31
24 23 15
24 26 82
24 28 88
24 29 -43
24 31 -95
24 33 -36
24 35 -27
24 38 -27
24 44 -17
24 47 9
24 49 -68
24 51 96
24 52 48
24 57 25
24 58 20
24 59 -83
24 60 10
24 61 50
24 63 -29
24 65 59
24 66 22
24 67 -58
24 68 72
24 70 1
24 72 -44
24 76 91
24 77 -2
24 79 33
24 80 27
24 82 47
24 83 -31
24 84 22
24 85 -55
24 86 17
24 87 -54
24 88 -31
24 90 -63
24 91 83
24 93 44
24 94 -95
24 96 66
24 99 58
25 1 -3
25 2 46
25 3 -81
25 4 40
25 5 68
25 6 -11
25 7 42
25 8 58
25 10 -63
25 12 -92
25 13 47
25 16 12
25 17 78
25 18 -57
25 19 -67
25 21 -69
25 22 93
25 24 -69
25 26 -60
25 27 50
25 28 100
25 29 91
25 30 -19
25 32 -49
25 36 -79
25 39 20
25 41 35
25 45 30
25 46 -4
25 47 -66
25 50 -75
25 51 -91
25 56 64
25 59 89
25 61 -81
25 62 92
25 63 -41
25 66 -6
25 67 -35
25 68 -4
25 69 -10
25 71 27
25 72 -95
25 73 -33
25 75 90
25 76 -87
25 77 95
25 78 37
25 79 -84
25 83 -73
25 84 44
25 86 98
25 87 -16
25 88 59
25 91 -62
25 92 -75
25 93 86
25 94 -66
25 95 64
25 98 54
25 99 -90
26 1 33
26 3 39
26 6 -44
26 8 15
26 9 79
26 10 -22
26 11 -81
26 12 -27
26 13 -90
26 17 41
26 18 70
26 19 25
26 21 -92
26 22 98
26 28 25
26 33 84
26 35 -72
26 38 79
26 39 93
26 40 79
26 41 89
26 42 -70
26 46 -96
26 47 96
26 51 -6
26 52 59
26 54 -5
26 55 69
26 56 21
26 58 91
26 59 -67
26 60 69
26 61 -84
26 64 77
26 66 -91
26 67 -64
26 68 91
26 71 11
26 75 -37
26 80 62
26 81 -3
26 83 92
26 84 42
26 86 77
26 89 44
26 90 -46
26 97 56
26 98 44
26 99 -26
27 0 -55
27 2 58
27 3 -60
27 4 -28
27 5 -50
27 6 16
27 8 -93
27 11 -20
27 14 -63
27 15 -87
27 16 -60
27 17 24
27 20 -96
27 22 67
27 23 63
27 26 -63
27 28 -9
27 31 -31
27 32 10
27 33 -48
27 34 -31
27 35 42
27 36 24
27 38 -25
27 39 -65
27 42 -19
27 43 -45
27 52 33
27 54 -50
27 55 75
27 62 27
27 66 -8
27 67 99
27 68 31
27 69 -75
27 73 38
27 74 -81
27 75 51
27 77 66
27 78 -75
27 79 44
27 81 -41
27 82 2
27 83 -97
27 84 54
27 86 -47
27 87 48
27 89 -75
27 91 38
27 93 91
27 95 -33
27 96 -10
27 97 35
28 1 -1
28 5 -8
28 8 60
28 9 37
28 12 48
28 13 -37
28 17 -54
28 19 31
28 22 69
28 25 7
28 26 47
28 28 -25
28 29 22
28 30 -33
28 33 -50
28 39 42
28 41 -40
28 42 -61
28 44 21
28 45 42
28 46 24
28 49 8
28 53 11
28 54 67
28 57 68
28 58 -80
28 60 -12
28 61 -43
28 62 41
28 63 -9
28 64 63
28 65 58
28 66 -42
28 70 -50
28 73 -33
28 75 -3
28 76 99
28 77 -33
28 79 61
28 80 -5
28 81 -93
28 82 48
28 83 -39
28 84 32
28 87 -45
28 88 93
28 89 -98
28 90 -8
28 91 9
28 92 -39
28 94 -64
28 95 -67
28 96 -9
28 98 53
29 1 60
29 2 99
29 5 -35
29 8 -70
29 9 99
29 14 -69
29 17 95
29 19 94
29 22 11
29 23 -40
29 24 -37
29 27 23
29 28 -80
29 29 60
29 31 54
29 33 68
29 36 49
29 37 29
29 39 -29
29 40 93
29 41 5
29 43 -86
29 44 54
29 45 83
29 50 -69
29 51 -78
29 52 9
29 53 -84
29 55 68
29 56 -93
29 58 -50
29 59 -56
29 61 -71
29 63 19
29 66 -50
29 69 71
29 70 -49
29 73 23
29 78 96
29 84 -9
29 87 -15
29 88 38
29 91 -26
29 92 -69
29 95 28
30 0 42
30 1 -99
30 2 -14
30 8 43
30 13 73
30 16 -47
30 19 87
30 22 -89
30 23 22
30 24 -30
30 25 65
30 27 10
30 30 -67
30 32 -8
30 33 -79
30 36 73
30 37 89
30 43 -46
30 44 -39
30 45 51
30 46 77
30 48 67
30 49 -47
30 51 75
30 52 -42
30 53 -65
30 54 10
30 58 48
30 59 24
30 60 -83
30 61 -82
30 63 70
30 64 -48
30 65 31
30 66 63
30 69 -32
30 71 -61
30 72 5
30 73 -14
30 75 70
30 77 45
30 79 -58
30 80 -24
30 81 -90
30 83 -56
30 84 6
30 85 22
30 86 38
30 88 88
30 89 16
30 93 76
30 94 -4
30 95 17
30 98 -58
30 99 -76
31 1 39
31 4 65
31 5 51
31 6 65
31 7 19
31 9 96
31 10 40
31 11 -65
31 12 -30
31 13 89
31 16 22
31 17 38
31 19 9
31 24 -3
31 26 -16
31 27 91
31 29 7
31 30 78
31 31 -88
31 32 29
31 33 58
31 36 91
31 38 50
31 40 100
31 41 -43
31 43 -60
31 44 38
31 45 -16
31 46 -28
31 49 -51
31 50 -76
31 52 18
31 53 -19
31 54 84
31 57 -66
31 58 -31
31 60 -98
31 62 -53
31 66 27
31 67 59
31 68 -87
31 69 -3
31 70 47
31 74 -67
31 76 42
31 77 7
31 78 -68
31 79 63
31 83 -14
31 86 55
31 88 -90
31 93 97
31 95 24
31 97 71
32 0 -99
32 1 35
32 2 -32
32 4 -67
32 5 -49
32 7 -28
32 8 -71
32 10 -73
32 18 50
32 20 33
32 21 30
32 22 71
32 23 -44
32 25 -98
32 26 81
32 27 -36
32 31 80
32 32 -18
32 38 3
32 40 53
32 41 9
32 42 -100
32 44 8
32 46 45
32 47 -95
32 48 15
32 52 6
32 53 -49
32 54 94
32 55 14
32 57 72
32 59 78
32 61 -35
32 62 -83
32 64 -91
32 65 -33
32 70 40
32 72 61
32 76 -98
32 78 79
32 79 -31
32 80 -93
32 82 -83
32 83 -2
32 85 -3
32 90 -54
32 92 -45
32 95 92
32 96 67
32 99 -53
33 1 -28
33 2 -18
33 4 -62
33 8 -40
33 9 -95
33 10 -43
33 11 11
33 12 58
33 16 98
33 21 -91
33 27 22
33 28 -69
33 30 55
33 31 -48
33 32 -60
33 34 -36
33 35 22
33 36 -11
33 42 91
33 43 -15
33 45 -47
33 48 -42
33 49 -90
33 50 -36
33 54 -35
33 55 93
33 56 84
33 61 -98
33 62 88
33 63 78
33 69 71
33 71 -29
33 72 -37
33 74 -14
33 76 -9
33 78 76
33 80 -53
33 83 29
33 84 11
33 86 38
33 87 86
33 88 -83
33 91 -1
33 92 -11
33 93 88
33 94 -38
33 95 33
33 96 72
33 97 -75
33 99 -100
34 2 -84
34 3 98
34 4 10
34 9 71
34 10 -67
34 13 42
34 14 90
34 15 81
34 16 -95
34 17 -47
34 19 72
34 20 48
34 21 99
34 22 97
34 26 -93
34 27 -77
34 28 -2
34 30 -97
34 31 31
34 34 -52
34 36 -7
34 37 -84
34 39 7
34 40 -79
34 43 14
34 44 8
34 45 -95
34 46 -74
34 47 62
34 49 35
34 50 -42
34 54 -85
34 55 96
34 58 84
34 59 51
34 61 -36
34 62 53
34 64 57
34 66 -85
34 67 -34
34 69 96
34 70 97
34 75 13
34 76 -97
34 78 -41
34 81 -59
34 82 29
34 84 72
34 86 -44
34 87 -23
34 88 32
34 92 -100
34 93 -53
34 94 12
34 97 -75
34 98 -7
35 4 72
35 8 4
35 10 -75
35 16 -49
35 17 89
35 18 -28
35 20 -97
35 21 -54
35 23 35
35 24 4
35 25 -21
35 26 -78
35 28 14
35 29 -79
35 31 -31
35 32 16
35 37 -24
35 38 20
35 40 -7
35 41 -33
35 43 -83
35 45 88
35 48 92
35 50 45
35 52 53
35 53 -42
35 54 -14
35 58 55
35 59 -99
35 62 34
35 66 -1
35 67 29
35 68 32
35 69 -87
35 70 -26
35 72 63
35 74 38
35 75 -35
35 76 -36
35 77 21
35 80 -99
35 81 25
35 82 16
35 83 -16
35 84 -8
35 85 -88
35 86 -47
35 88 95
35 91 -13
35 96 -53
35 97 -28
35 99 27
36 0 -71
36 1 31
36 3 8
36 5 -90
36 6 -79
36 9 84
36 10 7
36 11 84
36 12 79
36 16 -44
36 19 15
36 21 82
36 23 -7
36 25 71
36 28 -93
36 30 59
36 32 -10
36 33 -86
36 34 -73
36 36 97
36 37 95
36 38 55
36 39 -11
36 40 38
36 42 30
36 43 -13
36 44 95
36 46 75
36 48 -15
36 50 45
36 54 16
36 56 -39
36 57 -95
36 59 50
36 61 40
36 62 61
36 64 -52
36 65 55
36 66 37
36 69 24
36 70 -24
36 72 90
36 73 -65
36 77 66
36 78 75
36 79 20
36 81 -50
36 82 -33
36 84 -100
36 85 -90
36 88 -29
36 89 43
36 90 100
36 93 -18
36 95 -94
36 96 -7
36 97 70
36 98 31
37 0 -49
37 2 9
37 5 24
37 7 14
37 8 -68
37 9 -61
37 10 -36
37 12 71
37 13 68
37 16 -27
37 19 69
37 22 10
37 23 42
37 25 16
37 26 -65
37 27 3
37 33 55
37 37 -86
37 38 4
37 39 -7
37 40 73
37 42 70
37 43 14
37 46 -66
37 49 79
37 50 28
37 51 -48
37 52 67
37 53 -29
37 54 -21
37 57 18
37 58 -78
37 59 -95
37 60 -83
37 61 -91
37 62 -61
37 64 -46
37 68 -72
37 69 24
37 70 -93
37 71 92
37 72 -66
37 73 32
37 74 15
37 75 65
37 76 -18
37 77 -64
37 78 14
37 79 69
37 83 -96
37 85 -24
37 86 -28
37 87 -11
37 92 -92
37 94 96
37 95 -12
37 96 70
37 97 -6
37 99 18
38 1 45
38 2 35
38 3 -71
38 4 26
38 8 -99
38 9 -80
38 10 11
38 11 82
38 12 92
38 13 42
38 15 16
38 16 21
38 18 -69
38 21 90
38 24 49
38 25 3
38 26 -29
38 27 -52
38 28 28
38 29 53
38 30 -63
38 31 85
38 33 97
38 37 38
38 39 -36
38 40 -22
38 41 -8
38 42 13
38 43 -13
38 45 -42
38 46 83
38 47 35
38 48 1
38 49 70
38 51 59
38 53 -8
38 57 27
38 58 -55
38 59 -92
38 60 -89
38 61 -56
38 64 -85
38 65 -26
38 66 23
38 68 79
38 69 17
38 74 -74
38 75 22
38 76 -83
38 80 35
38 81 64
38 82 68
38 83 -7
38 86 -18
38 88 -59
38 89 38
38 90 -70
38 96 53
38 98 -14
38 99 33
39 0 -52
39 2 -96
39 4 90
39 5 -62
39 6 28
39 10 -90
39 11 55
39 12 5
39 14 -61
39 18 29
39 24 71
39 26 -77
39 27 94
39 30 -43
39 31 47
39 32 -45
39 33 -32
39 37 92
39 38 -5
39 39 10
39 40 -36
39 41 36
39 42 79
39 43 56
39 44 59
39 45 10
39 47 -59
39 49 -40
39 50 6
39 52 -72
39 54 -70
39 55 96
39 56 -75
39 57 -9
39 58 -51
39 59 -55
39 61 -90
39 63 78
39 64 6
39 67 31
39 70 51
39 73 39
39 74 23
39 75 -29
39 76 -6
39 78 -99
39 83 12
39 85 19
39 86 -88
39 87 -73
39 88 -84
39 89 -7
39 91 -53
39 92 99
39 93 61
39 94 -81
39 95 -67
39 96 -11
39 97 95
39 98 8
39 99 52
40 1 67
40 2 -79
40 3 77
40 6 -75
40 8 6
40 9 70
40 10 2
40 11 97
40 12 72
40 14 28
40 16 -5
40 17 43
40 19 94
40 21 -42
40 22 54
40 24 27
40 25 -9
40 26 -97
40 31 -44
40 32 -44
40 33 -23
40 34 -52
40 35 -54
40 40 -90
40 41 -61
40 43 -70
40 44 66
40 45 -16
40 46 -94
40 47 19
40 48 -93
40 50 -87
40 52 -24
40 53 54
40 56 -27
40 61 89
40 65 68
40 66 66
40 67 -74
40 68 11
40 69 -36
40 70 39
40 72 48
40 73 33
40 74 -70
40 75 -58
40 76 56
40 77 -91
40 78 33
40 83 -9
40 85 31
40 89 15
40 94 -56
40 96 89
40 98 -57
41 0 -14
41 2 -51
41 3 -4
41 5 -44
41 7 50
41 8 -77
41 11 76
41 12 -93
41 13 -21
41 15 -37
41 16 37
41 19 -50
41 21 -21
41 23 21
41 24 66
41 25 -85
41 26 78
41 27 -89
41 29 -58
41 30 97
41 31 -85
41 32 10
41 33 11
41 35 20
41 36 -86
41 37 -56
41 38 44
41 39 -26
41 40 -65
41 41 -12
41 42 -77
41 44 76
41 45 36
41 48 -1
41 49 55
41 50 -50
41 52 -70
41 53 -29
41 61 22
41 63 59
41 65 100
41 68 52
41 69 100
41 70 -25
41 71 -9
41 72 -86
41 73 59
41 78 -65
41 80 72
41 81 29
41 82 -29
41 84 -81
41 86 45
41 87 68
41 89 2
41 90 46
41 91 15
41 92 45
41 94 73
41 97 -76
41 99 39
42 0 -75
42 2 10
42 5 -62
42 6 -37
42 8 -86
42 10 73
42 11 23
42 13 44
42 15 -76
42 22 54
42 23 -40
42 24 -12
42 25 -46
42 27 -98
42 28 42
42 30 89
42 31 77
42 33 17
42 34 -16
42 35 -13
42 36 -53
42 40 -72
42 41 69
42 42 -17
42 45 -36
42 46 13
42 47 -17
42 49 -9
42 52 26
42 55 92
42 57 -47
42 61 -7
42 62 -86
42 63 96
42 64 -46
42 66 82
42 67 -4
42 68 39
42 71 53
42 72 -100
42 73 -85
42 77 100
42 78 -53
42 79 43
42 80 -76
42 83 57
42 84 40
42 87 65
42 88 67
42 89 -21
42 90 51
42 92 14
42 94 76
42 96 -67
42 98 -84
42 99 83
43 1 58
43 2 28
43 3 -68
43 4 -4
43 5 41
43 6 64
43 7 9
43 9 29
43 13 46
43 16 -56
43 17 71
43 18 7
43 21 -68
43 26 -11
43 27 -88
43 29 28
43 31 84
43 32 -61
43 33 3
43 34 96
43 36 -86
43 41 61
43 44 98
43 46 32
43 47 19
43 50 31
43 52 -71
43 53 -20
43 54 42
43 56 72
43 57 95
43 60 -1
43 62 60
43 63 77
43 64 51
43 65 -94
43 66 7
43 68 -88
43 69 21
43 70 -51
43 71 71
43 72 69
43 74 93
43 75 7
43 76 39
43 78 -61
43 80 63
43 82 -16
43 83 6
43 84 -96
43 86 84
43 88 -71
43 93 -83
43 94 -62
43 98 61
44 0 -2
44 2 -72
44 3 28
44 4 -1
44 9 70
44 10 26
44 11 -42
44 12 -91
44 13 49
44 14 -86
44 15 -60
44 20 -57
44 21 70
44 23 5
44 24 34
44 27 17
44 30 -61
44 32 39
44 33 -71
44 35 100
44 36 59
44 37 47
44 38 -6
44 39 -31
44 46 -29
44 49 -22
44 53 -60
44 54 36
44 55 -89
44 58 79
44 59 9
44 62 -95
44 63 5
44 64 41
44 65 -86
44 67 44
44 68 36
44 69 95
44 72 64
44 73 -64
44 75 -72
44 76 16
44 78 78
44 79 -70
44 82 24
44 86 -11
44 88 -36
44 89 67
44 90 -45
44 93 68
44 94 -73
44 95 -61
44 96 68
44 97 26
44 98 -83
44 99 22
45 2 -76
45 7 -58
45 8 64
45 9 59
45 10 55
45 12 6
45 13 80
45 14 -39
45 15 73
45 18 -1
45 22 -50
45 24 41
45 25 -69
45 26 48
45 29 -56
45 30 100
45 34 -42
45 38 7
45 40 94
45 42 61
45 43 -41
45 44 53
45 46 68
45 48 -50
45 49 9
45 51 -88
45 53 53
45 54 -18
45 55 23
45 61 -44
45 62 23
45 65 -100
45 67 10
45 69 -54
45 70 -5
45 72 75
45 73 -48
45 76 70
45 79 16
45 80 -51
45 81 -9
45 82 -56
45 83 -43
45 85 -59
45 87 97
45 88 -27
45 92 97
45 95 -23
45 97 79
45 98 86
46 0 -22
46 2 40
46 3 -57
46 6 -93
46 7 9
46 8 -45
46 16 53
46 17 40
46 18 -58
46 19 15
46 21 -74
46 23 -57
46 24 -70
46 25 -97
46 28 -22
46 30 -25
46 33 -68
46 34 10
46 35 -80
46 36 -53
46 37 25
46 38 -82
46 41 21
46 43 -30
46 44 -39
46 45 85
46 46 -37
46 47 59
46 52 2
46 53 -76
46 54 23
46 56 -37
46 58 -75
46 61 73
46 62 99
46 64 -27
46 67 -13
46 69 -97
46 70 -13
46 74 -39
46 75 36
46 78 -11
46 79 -34
46 80 55
46 81 36
46 82 6
46 83 -58
46 86 -76
46 91 -24
46 92 3
46 96 -76
46 97 62
47 0 70
47 3 -46
47 4 27
47 6 89
47 7 35
47 9 -40
47 10 75
47 12 22
47 19 54
47 20 64
47 22 -8
47 24 -58
47 25 11
47 27 -25
47 29 -31
47 31 93
47 32 -85
47 38 -24
47 41 -74
47 44 -29
47 47 100
47 49 -84
47 50 34
47 52 14
47 54 -23
47 55 -91
47 60 -56
47 61 -35
47 62 44
47 63 7
47 64 -68
47 66 84
47 68 -49
47 70 -12
47 77 68
47 78 29
47 81 -71
47 82 8
47 84 -49
47 86 -1
47 87 38
47 88 -37
47 89 61
47 90 2
47 92 97
47 93 4
47 95 39
47 98 81
47 99 -54
48 1 -55
48 3 97
48 5 54
48 6 90
48 8 -21
48 12 -27
48 15 -44
48 16 -77
48 18 70
48 19 -85
48 25 -76
48 26 -7
48 29 87
48 30 -79
48 32 -75
48 33 -3
48 34 12
48 35 35
48 38 -36
48 41 -4
48 42 -8
48 45 96
48 47 98
48 48 -61
48 51 62
48 53 47
48 54 -95
48 55 -29
48 59 49
48 61 -60
48 64 11
48 65 -36
48 66 13
48 69 41
48 70 -50
48 71 11
48 72 -81
48 73 -91
48 74 65
48 75 33
48 76 -91
48 77 42
48 78 71
48 80 92
48 86 21
48 88 9
48 90 16
48 91 -98
48 96 -61
48 97 37
48 98 7
48 99 -81
49 0 91
49 2 -86
49 5 67
49 6 -79
49 8 16
49 11 77
49 12 85
49 13 -4
49 14 2
49 17 -97
49 18 -53
49 19 62
49 21 4
49 22 -5
49 24 -38
49 25 -17
49 27 94
49 30 -74
49 32 -64
49 33 91
49 34 88
49 36 42
49 37 -96
49 39 70
49 40 -21
49 41 -99
49 42 62
49 46 15
49 47 2
49 50 4
49 51 -17
49 53 -61
49 55 -62
49 56 3
49 58 -81
49 60 -83
49 61 65
49 64 -14
49 65 87
49 66 -80
49 67 -68
49 68 82
49 72 -100
49 73 25
49 74 27
49 78 -21
49 84 94
49 90 -41
49 92 67
49 93 7
49 95 -15
49 98 -32
50 0 -75
50 1 -38
50 2 -41
50 4 3
50 6 -30
50 7 -80
50 8 -43
50 10 74
50 12 37
50 14 -12
50 16 -25
50 17 -24
50 20 6
50 21 -99
50 22 9
50 24 34
50 25 -21
50 26 24
50 29 -47
50 31 -100
50 32 10
50 37 34
50 38 -56
50 39 -1
50 41 -24
50 42 -78
50 43 -46
50 45 37
50 46 -75
50 47 -96
50 50 33
50 51 -27
50 52 51
50 53 37
50 54 34
50 55 -38
50 56 -78
50 58 -81
50 59 -84
50 60 -50
50 61 69
50 62 -41
50 63 88
50 64 57
50 67 93
50 68 -2
50 69 -66
50 72 98
50 73 61
50 77 82
50 78 9
50 82 -33
50 86 -56
50 93 -1
50 95 31
50 96 78
50 97 -93
50 98 -97
51 0 12
51 1 -72
51 2 88
51 3 -92
51 4 39
51 5 67
51 8 32
51 12 44
51 15 -27
51 16 -55
51 19 -93
51 20 -69
51 21 37
51 25 48
51 26 24
51 29 -11
51 30 75
51 31 75
51 33 -76
51 34 52
51 36 75
51 37 100
51 44 -32
51 45 -9
51 47 84
51 48 20
51 50 74
51 51 -26
51 52 39
51 53 -100
51 54 79
51 55 -80
51 57 89
51 58 48
51 62 -24
51 64 -3
51 66 -85
51 68 -59
51 69 68
51 70 -14
51 71 -69
51 72 -43
51 74 29
51 76 -50
51 78 57
51 79 -7
51 81 -72
51 82 -81
51 83 61
51 84 -62
51 87 5
51 91 12
51 94 -53
51 95 -17
51 96 14
51 98 -65
51 99 -61
52 0 18
52 1 -86
52 2 -29
52 8 -44
52 11 81
52 14 -48
52 15 -45
52 19 -9
52 20 -89
52 22 50
52 24 25
52 25 -57
52 26 -16
52 27 68
52 28 -37
52 29 69
52 30 73
52 33 50
52 35 -15
52 36 -8
52 42 -87
52 45 63
52 47 12
52 48 64
52 50 71
52 51 62
52 53 -80
52 55 -79
52 58 -81
52 59 -10
52 60 -59
52 63 -73
52 66 -66
52 68 -32
52 71 91
52 72 41
52 73 17
52 77 40
52 78 -74
52 79 26
52 81 79
52 86 -47
52 89 -84
52 90 -48
52 91 35
52 92 -38
52 94 94
52 96 -66
52 99 -4
53 3 -76
53 7 -53
53 8 54
53 10 44
53 11 -52
53 12 35
53 14 -59
53 15 53
53 17 77
53 19 -25
53 21 -43
53 22 -64
53 24 -79
53 26 -49
53 29 99
53 33 -98
53 35 -63
53 38 62
53 39 95
53 40 -99
53 41 79
53 43 71
53 44 36
53 48 11
53 50 88
53 52 7
53 57 -95
53 58 2
53 61 7
53 62 12
53 65 82
53 71 -44
53 72 -44
53 73 -81
53 74 7
53 75 33
53 76 26
53 77 81
53 81 33
53 83 -77
53 84 -67
53 85 -31
53 89 -70
53 90 72
53 93 2
53 97 -76
53 98 -88
53 99 -46
54 2 -34
54 3 -50
54 6 -34
54 7 -43
54 8 -79
54 9 78
54 11 84
54 14 37
54 15 22
54 16 -60
54 17 -69
54 19 5
54 22 -36
54 27 -16
54 28 54
54 32 -89
54 33 6
54 35 -37
54 37 -27
54 43 46
54 45 54
54 46 82
54 48 4
54 49 -46
54 50 56
54 53 -60
54 54 -22
54 55 82
54 56 -54
54 57 -95
54 58 48
54 59 66
54 60 58
54 61 82
54 62 74
54 64 -94
54 65 -45
54 66 -84
54 67 -61
54 69 80
54 71 40
54 74 89
54 76 41
54 82 27
54 83 -4
54 84 85
54 86 -95
54 88 -58
54 90 32
54 93 34
54 96 -13
54 97 -55
54 98 13
55 0 19
55 1 -30
55 4 47
55 5 90
55 10 56
55 12 96
55 13 30
55 14 -35
55 15 -55
55 17 39
55 23 -19
55 26 -85
55 29 29
55 31 -19
55 35 -33
55 36 -4
55 38 55
55 40 72
55 44 95
55 50 28
55 51 73
55 54 44
55 55 21
55 57 2
55 58 34
55 59 77
55 60 -17
55 61 45
55 62 -45
55 64 68
55 65 26
55 66 -35
55 68 -30
55 69 -62
55 70 89
55 71 -66
55 73 82
55 74 -52
55 75 -63
55 76 -59
55 80 -56
55 81 -75
55 84 -2
55 85 -36
55 87 -80
55 88 -53
55 90 -10
55 91 -7
55 93 -8
55 95 -46
55 96 29
55 98 54
56 0 50
56 4 94
56 9 -77
56 11 -62
56 12 -98
56 15 -9
56 18 -61
56 20 23
56 22 -60
56 23 -72
56 25 -78
56 27 -26
56 32 58
56 33 40
56 34 51
56 39 94
56 45 34
56 46 -12
56 47 60
56 48 -58
56 49 99
56 50 9
56 52 -33
56 53 29
56 55 -16
56 56 16
56 57 -100
56 58 -91
56 59 -81
56 61 99
56 63 47
56 64 -66
56 67 54
56 69 52
56 70 -15
56 71 -64
56 72 76
56 75 6
56 76 26
56 77 25
56 78 -13
56 80 -48
56 81 35
56 86 48
56 87 -55
56 91 -80
56 95 -64
56 96 -38
56 97 27
56 98 90
57 1 66
57 4 23
57 5 -43
57 6 71
57 7 -97
57 10 -45
57 11 -52
57 13 10
57 15 20
57 20 -78
57 21 77
57 22 -67
57 26 52
57 27 -15
57 29 -54
57 31 91
57 32 -66
57 33 25
57 35 -31
57 36 -48
57 37 50
57 38 7
57 39 -23
57 41 -17
57 43 -75
57 44 13
57 46 -72
57 47 23
57 48 84
57 49 -32
57 50 -57
57 52 -46
57 53 -97
57 54 21
57 56 -82
57 57 97
57 59 -60
57 60 -25
57 61 -21
57 63 -28
57 67 -27
57 68 22
57 71 10
57 72 30
57 73 18
57 75 75
57 76 18
57 77 10
57 79 -4
57 80 -61
57 85 -53
57 86 57
57 87 29
57 88 -30
57 89 -86
57 90 68
57 91 -95
57 92 -77
57 93 -4
57 94 72
57 95 -51
57 96 93
57 98 -34
57 99 -49
58 0 26
58 1 53
58 2 77
58 5 -66
58 7 -87
58 9 71
58 10 12
58 11 -32
58 12 -96
58 13 75
58 14 21
58 16 75
58 20 -8
58 21 -61
58 23 97
58 29 -99
58 32 -84
58 33 51
58 35 -80
58 37 50
58 39 -1
58 40 -53
58 41 -49
58 42 -97
58 43 91
58 45 -5
58 46 19
58 47 -100
58 48 59
58 52 -11
58 54 53
58 55 -34
58 59 69
58 60 31
58 61 24
58 62 72
58 63 81
58 64 -98
58 65 -97
58 67 86
58 68 50
58 70 -50
58 71 -19
58 72 60
58 75 -27
58 83 -97
58 85 -3
58 86 84
58 88 99
58 89 -31
58 91 42
58 92 10
58 94 93
58 96 63
58 99 -19
59 0 -57
59 2 -32
59 6 -37
59 9 -77
59 10 41
59 11 11
59 13 47
59 16 -26
59 17 -24
59 18 77
59 25 56
59 26 -86
59 27 -16
59 32 -19
59 35 27
59 36 76
59 37 -35
59 39 -1
59 41 -50
59 42 -63
59 43 73
59 44 91
59 47 77
59 49 24
59 50 98
59 51 65
59 53 100
59 55 -88
59 56 -1
59 59 -53
59 62 -78
59 63 -30
59 65 -85
59 67 -87
59 68 -38
59 70 -43
59 71 11
59 75 16
59 77 -44
59 82 -58
59 83 -5
59 84 95
59 85 -32
59 86 18
59 91 13
59 92 -11
59 93 70
59 94 64
59 95 -42
59 96 -88
59 98 -24
59 99 69
60 0 88
60 1 -4
60 9 -53
60 10 10
60 12 54
60 14 91
60 15 14
60 17 90
60 18 21
60 19 -61
60 20 96
60 30 74
60 31 98
60 32 -47
60 35 -37
60 38 -59
60 42 56
60 43 -42
60 44 -26
60 46 -65
60 47 40
60 48 -13
60 49 -7
60 51 -39
60 53 -19
60 54 -19
60 58 99
60 59 17
60 60 -73
60 62 -30
60 64 -79
60 66 75
60 67 17
60 68 -99
60 69 -43
60 73 4
60 75 23
60 78 -91
60 80 -34
60 82 -15
60 83 20
60 89 -62
60 90 70
60 93 -67
60 94 -86
60 96 -6
60 99 31
61 0 -76
61 1 -87
61 2 6
61 3 -92
61 7 -38
61 8 -40
61 10 -18
61 11 36
61 13 -96
61 14 -89
61 18 94
61 20 -71
61 21 -69
61 23 59
61 24 65
61 25 -97
61 26 -96
61 28 -97
61 30 -4
61 33 -55
61 36 19
61 38 -78
61 39 -10
61 44 30
61 45 -7
61 47 -10
61 50 -80
61 51 -6
61 55 -18
61 57 -77
61 59 -86
61 60 44
61 61 20
61 63 -17
61 67 -67
61 69 91
61 70 53
61 72 99
61 74 34
61 77 -6
61 79 -58
61 80 -12
61 82 -14
61 83 -97
61 85 -20
61 86 -80
61 87 -69
61 88 3
61 89 60
61 90 78
61 92 17
61 93 77
61 94 -74
61 95 -50
61 99 57
62 1 74
62 2 49
62 6 49
62 7 24
62 9 20
62 12 39
62 13 42
62 14 -58
62 17 92
62 22 63
62 23 65
62 24 -60
62 26 -82
62 27 4
62 28 68
62 29 -18
62 31 -49
62 32 63
62 33 -42
62 35 -64
62 36 23
62 41 -62
62 42 70
62 44 -42
62 45 80
62 46 -82
62 49 96
62 51 -86
62 52 -29
62 59 -44
62 60 17
62 61 -44
62 64 -42
62 65 -98
62 66 -30
62 69 58
62 70 -3
62 71 -81
62 79 -92
62 80 11
62 82 36
62 85 -21
62 88 73
62 89 -58
62 91 16
62 93 -95
62 94 -69
62 95 -91
62 97 2
62 98 74
63 0 57
63 1 -87
63 6 58
63 7 32
63 10 -53
63 11 65
63 12 59
63 13 -23
63 17 17
63 19 40
63 22 33
63 24 -39
63 28 -54
63 30 -99
63 34 57
63 35 68
63 36 13
63 38 -68
63 45 -78
63 46 -58
63 49 -29
63 51 -66
63 54 87
63 56 -97
63 57 55
63 58 -6
63 60 100
63 62 -55
63 64 -88
63 65 -10
63 66 -89
63 67 -9
63 69 70
63 71 35
63 73 8
63 74 88
63 75 49
63 76 -63
63 78 25
63 79 -47
63 80 31
63 81 9
63 82 22
63 83 -37
63 84 71
63 85 4
63 89 11
63 91 -83
63 92 -67
63 94 67
63 95 -94
63 96 32
63 99 -1
64 0 -14
64 1 -78
64 3 46
64 4 -65
64 5 7
64 13 36
64 14 91
64 15 -80
64 16 60
64 17 39
64 24 100
64 31 63
64 32 -15
64 33 99
64 35 34
64 37 -61
64 38 44
64 39 -53
64 41 75
64 43 -41
64 44 6
64 45 -6
64 46 -30
64 50 85
64 52 -53
64 53 8
64 57 43
64 58 -65
64 59 -45
64 62 91
64 63 52
64 67 -23
64 68 65
64 69 -28
64 71 55
64 72 48
64 73 -42
64 76 29
64 79 1
64 81 70
64 82 31
64 85 -50
64 87 17
64 88 29
64 89 -95
64 90 31
64 93 19
64 95 -99
64 97 58
64 98 -88
65 0 -9
65 2 -64
65 4 -5
65 6 13
65 8 37
65 9 37
65 11 75
65 15 79
65 17 69
65 21 -1
65 24 -77
65 27 78
65 29 -71
65 30 100
65 32 -92
65 35 -73
65 36 -65
65 38 -25
65 41 -54
65 42 -51
65 43 20
65 48 -9
65 50 23
65 52 -43
65 57 34
65 58 -32
65 60 79
65 64 36
65 65 90
65 67 27
65 68 -31
65 69 43
65 72 75
65 73 62
65 75 6
65 80 -80
65 82 3
65 83 70
65 84 -61
65 85 -61
65 86 -44
65 87 -66
65 88 -73
65 89 -75
65 94 100
65 95 -73
65 97 -41
65 98 94
65 99 -26
66 0 -12
66 1 -88
66 3 -12
66 4 59
66 6 92
66 10 87
66 11 -53
66 13 52
66 14 -52
66 16 -2
66 18 -88
66 19 81
66 21 -100
66 22 76
66 26 -80
66 29 78
66 32 -68
66 34 66
66 35 -89
66 37 62
66 39 -31
66 43 -14
66 45 -98
66 46 8
66 52 -42
66 53 -48
66 54 89
66 55 100
66 56 -10
66 58 69
66 61 -53
66 62 -34
66 64 96
66 66 47
66 67 -12
66 69 -42
66 70 -20
66 71 88
66 75 -52
66 76 90
66 79 91
66 81 69
66 85 69
66 90 45
66 92 67
66 94 -20
66 95 -94
66 98 -21
67 2 -58
67 4 23
67 7 -56
67 9 -11
67 13 67
67 14 63
67 17 6
67 18 -4
67 19 86
67 20 -35
67 21 85
67 26 46
67 29 -67
67 30 100
67 33 -47
67 34 -71
67 35 24
67 37 -22
67 41 39
67 43 33
67 45 43
67 47 -28
67 49 -30
67 50 -58
67 51 -55
67 52 23
67 53 -47
67 57 -14
67 59 24
67 63 17
67 65 -12
67 68 72
67 70 46
67 71 -79
67 74 -9
67 77 34
67 78 -65
67 79 2
67 80 36
67 81 59
67 82 -15
67 83 -49
67 88 -48
67 90 52
67 91 -71
67 93 -73
67 96 75
67 97 -59
68 0 -18
68 1 -53
68 4 -8
68 8 -67
68 9 36
68 10 -5
68 14 56
68 16 -89
68 17 -82
68 22 -93
68 23 86
68 26 1
68 27 11
68 29 82
68 30 -79
68 32 -16
68 34 9
68 35 -76
68 36 -100
68 37 2
68 39 -53
68 42 41
68 43 -7
68 44 94
68 48 73
68 51 48
68 52 29
68 53 43
68 54 91
68 55 -49
68 56 -86
68 57 83
68 59 36
68 61 89
68 63 87
68 65 -15
68 66 71
68 67 -97
68 68 73
68 69 62
68 72 -63
68 74 -74
68 75 -20
68 76 -76
68 77 35
68 79 -69
68 80 35
68 81 -2
68 82 77
68 83 15
68 88 -14
68 89 40
68 90 -40
68 91 66
68 96 26
68 97 1
68 98 66
69 0 -1
69 2 -86
69 4 100
69 7 79
69 9 -64
69 10 -88
69 12 2
69 17 74
69 21 1
69 23 -85
69 24 -38
69 25 -85
69 26 68
69 28 -54
69 30 10
69 31 -2
69 37 61
69 38 -2
69 39 42
69 42 66
69 44 87
69 47 -36
69 49 33
69 51 -88
69 54 37
69 55 96
69 57 88
69 58 97
69 60 -23
69 61 40
69 63 53
69 64 27
69 66 25
69 67 -96
69 68 -12
69 69 -57
69 70 95
69 71 11
69 72 1
69 73 -64
69 74 -43
69 75 -33
69 76 5
69 77 -5
69 78 -46
69 79 11
69 81 -41
69 82 -27
69 83 85
69 85 -13
69 89 -36
69 90 21
69 91 5
69 92 -48
69 93 71
69 94 -45
69 97 -72
69 98 -90
70 0 55
70 1 -37
70 3 9
70 4 -21
70 5 24
70 7 28
70 8 -73
70 9 -78
70 17 90
70 18 20
70 22 -48
70 23 96
70 24 77
70 26 -93
70 28 7
70 29 70
70 31 41
70 32 80
70 33 -26
70 35 40
70 37 -43
70 39 -79
70 40 -71
70 43 82
70 44 -79
70 48 77
70 51 -36
70 52 31
70 53 40
70 54 32
70 57 -10
70 59 -54
70 60 58
70 63 -68
70 65 -38
70 67 16
70 70 86
70 71 26
70 72 -4
70 73 25
70 76 6
70 79 52
70 81 16
70 82 -62
70 86 -79
70 88 15
70 89 88
70 96 -60
70 97 -70
71 0 -12
71 2 52
71 3 -42
71 4 -63
71 5 35
71 7 -26
71 8 86
71 9 -21
71 12 -74
71 13 -50
71 15 -93
71 16 -68
71 17 -97
71 18 -14
71 19 -50
71 21 23
71 24 74
71 25 -92
71 26 10
71 29 -27
71 30 -22
71 31 4
71 35 81
71 36 -28
71 37 47
71 39 -68
71 40 -70
71 41 -31
71 44 -46
71 45 10
71 46 -41
71 47 -66
71 48 38
71 51 -95
71 53 24
71 58 -34
71 60 -68
71 63 34
71 67 37
71 68 44
71 69 14
71 71 98
71 72 -56
71 73 94
71 74 41
71 75 -54
71 76 29
71 78 -6
71 82 -15
71 86 -74
71 91 34
71 93 89
71 94 -48
71 95 -20
71 99 -77
72 0 -46
72 1 -29
72 2 -2
72 4 26
72 5 43
72 6 65
72 8 61
72 9 -76
72 12 -5
72 15 78
72 17 41
72 19 70
72 23 39
72 27 40
72 28 -99
72 29 -79
72 32 67
72 34 -47
72 35 96
72 37 42
72 38 -26
72 39 44
72 40 -95
72 42 -33
72 43 -53
72 44 10
72 45 61
72 46 -17
72 49 -50
72 54 25
72 58 -81
72 59 17
72 61 -20
72 62 79
72 65 31
72 66 91
72 68 27
72 69 -1
72 70 -77
72 71 30
72 73 -61
72 76 -23
72 77 62
72 79 20
72 82 55
72 85 -14
72 88 75
72 89 -6
72 92 9
72 93 48
72 97 53
72 98 85
73 1 81
73 3 17
73 6 83
73 8 -81
73 10 86
73 14 -90
73 16 -60
73 18 -49
73 21 -45
73 22 -8
73 23 42
73 24 84
73 25 -44
73 26 100
73 27 -33
73 28 95
73 30 -40
73 32 -16
73 33 52
73 38 -66
73 39 23
73 41 -90
73 42 -90
73 44 98
73 45 -3
73 46 68
73 47 47
73 48 30
73 53 50
73 54 13
73 59 -66
73 63 -6
73 64 33
73 65 10
73 66 14
73 67 18
73 68 -59
73 71 29
73 72 29
73 73 87
73 74 11
73 75 73
73 78 -92
73 79 76
73 85 -71
73 89 -43
73 90 -26
73 91 -19
73 92 75
73 93 -12
73 95 28
73 96 35
73 99 60
74 0 -12
74 4 4
74 10 74
74 11 -42
74 13 -23
74 16 91
74 17 31
74 21 27
74 22 -71
74 23 26
74 25 -95
74 27 35
74 28 -65
74 30 26
74 31 50
74 32 -64
74 33 10
74 34 49
74 35 4
74 37 76
74 38 -20
74 41 -1
74 42 31
74 44 9
74 45 -64
74 46 39
74 48 -30
74 50 -27
74 51 -54
74 55 -91
74 57 5
74 59 -94
74 60 -15
74 61 75
74 65 -8
74 66 75
74 67 -38
74 68 11
74 69 -83
74 70 3
74 72 -25
74 73 1
74 76 67
74 77 66
74 78 -14
74 80 18
74 83 -47
74 84 -76
74 85 -19
74 86 -11
74 87 91
74 88 -25
74 90 -95
74 92 18
74 93 -92
74 94 33
74 96 -19
74 97 -33
75 0 47
75 4 63
75 5 -1
75 9 31
75 10 -76
75 11 25
75 12 -11
75 13 -43
75 15 51
75 18 18
75 19 -84
75 20 71
75 21 -48
75 25 -2
75 26 -39
75 28 -30
75 30 -67
75 32 78
75 33 94
75 36 -77
75 42 -94
75 45 62
75 46 -48
75 47 96
75 50 -50
75 51 -100
75 52 -87
75 53 85
75 55 47
75 57 45
75 58 1
75 59 42
75 60 24
75 62 -53
75 63 91
75 64 57
75 66 -65
75 67 -92
75 68 13
75 70 22
75 72 78
75 73 84
75 74 58
75 75 4
75 76 -24
75 77 -75
75 78 80
75 80 -37
75 81 44
75 85 -25
75 87 48
75 88 -80
75 89 -12
75 90 -57
75 91 57
75 94 89
75 95 3
75 96 21
75 97 65
75 99 -31
76 0 -60
76 1 -5
76 2 12
76 4 80
76 6 -28
76 7 -52
76 9 5
76 12 20
76 16 -53
76 17 72
76 18 97
76 19 64
76 21 -22
76 22 79
76 23 25
76 24 -89
76 29 75
76 33 -53
76 34 -74
76 35 -37
76 36 17
76 37 17
76 38 -15
76 43 8
76 46 47
76 48 47
76 53 -48
76 54 22
76 55 -73
76 56 -100
76 58 -19
76 60 -99
76 64 -65
76 65 -61
76 66 -45
76 67 69
76 68 77
76 70 16
76 73 66
76 75 18
76 79 -100
76 80 13
76 82 5
76 83 59
76 85 -11
76 89 -15
76 90 52
76 92 -78
76 93 34
76 94 94
76 96 25
76 98 -16
76 99 99
77 0 -51
77 2 -80
77 5 -37
77 6 37
77 7 10
77 12 -74
77 13 34
77 16 67
77 17 6
77 18 -34
77 19 -39
77 21 -99
77 22 -69
77 23 38
77 24 37
77 25 79
77 26 -75
77 27 97
77 28 -89
77 29 32
77 30 51
77 35 10
77 37 65
77 38 -86
77 39 -63
77 40 3
77 43 51
77 44 83
77 46 47
77 47 -71
77 49 19
77 50 90
77 52 -27
77 53 -94
77 54 40
77 55 -51
77 56 -98
77 60 8
77 61 -66
77 62 -53
77 63 5
77 65 -40
77 69 24
77 72 -78
77 74 -24
77 75 -95
77 78 98
77 79 -29
77 80 -93
77 82 -73
77 83 -61
77 88 71
77 91 6
77 92 12
77 95 91
77 96 -86
77 99 -77
78 0 -99
78 1 69
78 3 -74
78 4 100
78 5 95
78 6 75
78 7 91
78 8 77
78 11 76
78 14 60
78 15 10
78 19 -48
78 20 -10
78 21 -100
78 22 44
78 23 -34
78 25 91
78 26 -16
78 27 -48
78 31 -74
78 37 45
78 43 -77
78 45 92
78 50 -49
78 54 65
78 55 13
78 59 -8
78 60 -90
78 65 29
78 67 -15
78 69 95
78 71 -17
78 72 5
78 74 70
78 75 5
78 76 29
78 78 -13
78 79 67
78 81 77
78 82 -86
78 84 64
78 85 -45
78 86 94
78 87 11
78 88 66
78 89 -69
78 92 -100
78 93 1
78 95 -69
78 96 -30
78 97 -28
78 98 41
78 99 24
79 2 82
79 3 -89
79 5 -33
79 7 -99
79 11 -87
79 13 -23
79 14 59
79 15 11
79 18 28
79 20 -41
79 21 -43
79 23 9
79 24 -60
79 26 -87
79 27 17
79 28 -91
79 29 -83
79 30 59
79 31 20
79 32 13
79 34 68
79 36 -19
79 37 81
79 40 14
79 41 26
79 42 -39
79 46 97
79 47 -85
79 48 -17
79 50 -30
79 51 95
79 52 43
79 53 -27
79 58 -58
79 60 51
79 61 -27
79 62 -27
79 63 -24
79 65 59
79 66 80
79 68 -75
79 70 49
79 73 97
79 74 -51
79 75 -26
79 77 -96
79 78 3
79 79 40
79 80 -2
79 81 -60
79 83 17
79 85 -52
79 89 -71
79 94 -53
79 98 -2
80 0 -21
80 5 77
80 6 -42
80 10 3
80 11 -50
80 14 71
80 15 35
80 18 -51
80 19 -35
80 23 -8
80 24 95
80 26 -27
80 30 -11
80 32 -19
80 33 -73
80 35 -51
80 36 38
80 37 -5
80 39 100
80 40 -57
80 41 -34
80 43 21
80 44 -69
80 45 -41
80 46 -90
80 49 19
80 50 -96
80 51 -26
80 53 -44
80 54 12
80 55 -51
80 56 -14
80 57 -80
80 58 21
80 59 -81
80 62 -51
80 63 -93
80 66 -13
80 69 -14
80 71 35
80 74 11
80 76 37
80 77 43
80 79 -62
80 86 86
80 89 -55
80 90 91
80 91 96
80 94 58
80 96 -45
81 0 -29
81 2 5
81 3 45
81 4 -11
81 5 19
81 8 -4
81 10 28
81 14 -53
81 15 94
81 16 72
81 17 67
81 19 10
81 20 -69
81 22 46
81 23 -19
81 24 -83
81 25 66
81 26 64
81 27 15
81 32 21
81 33 24
81 34 -93
81 40 -53
81 41 68
81 42 27
81 43 76
81 45 59
81 48 -8
81 49 20
81 51 11
81 52 -61
81 55 30
81 57 -13
81 58 -64
81 60 32
81 61 -8
81 62 6
81 63 -28
81 65 3
81 67 -56
81 72 -20
81 75 -37
81 76 40
81 81 91
81 83 45
81 85 -41
81 86 59
81 87 50
81 88 98
81 89 8
81 92 -93
81 93 78
81 96 90
81 97 44
81 98 57
82 0 79
82 2 -87
82 4 16
82 6 100
82 8 93
82 10 -53
82 12 21
82 13 33
82 15 71
82 16 -7
82 21 98
82 23 -9
82 25 -19
82 29 -84
82 30 25
82 31 -81
82 32 -82
82 33 12
82 34 -96
82 35 43
82 37 57
82 38 -86
82 39 71
82 40 4
82 41 -51
82 42 -66
82 43 -61
82 44 -56
82 45 -13
82 46 19
82 47 -76
82 48 63
82 49 -75
82 50 -45
82 51 41
82 54 72
82 55 42
82 58 -9
82 59 36
82 60 -93
82 61 70
82 64 -14
82 66 7
82 67 -39
82 69 -21
82 70 43
82 71 11
82 76 -18
82 77 59
82 80 75
82 82 33
82 86 -40
82 90 18
82 96 89
82 98 37
82 99 -7
83 1 94
83 3 40
83 4 -20
83 5 -71
83 8 12
83 9 69
83 13 41
83 16 66
83 17 -86
83 19 -36
83 20 67
83 22 -68
83 24 91
83 26 -35
83 29 75
83 33 28
83 36 54
83 38 -17
83 39 77
83 41 -61
83 42 56
83 45 -64
83 46 89
83 48 -19
83 49 -37
83 50 -60
83 51 -99
83 52 -80
83 53 -15
83 54 57
83 58 -11
83 59 18
83 60 36
83 63 -8
83 65 -61
83 66 -54
83 67 -15
83 71 -89
83 74 40
83 76 39
83 78 50
83 79 -21
83 80 98
83 82 -30
83 83 -16
83 85 36
83 86 13
83 88 22
83 89 -49
83 90 98
83 91 99
83 92 14
83 93 -8
83 94 33
83 96 96
83 97 -90
83 98 -59
84 0 -17
84 1 -5
84 2 77
84 3 4
84 5 79
84 10 32
84 11 -5
84 12 -71
84 13 92
84 14 -55
84 16 4
84 18 -19
84 20 -84
84 21 -25
84 22 -62
84 23 51
84 27 -33
84 29 -26
84 32 -60
84 33 82
84 35 -15
84 37 -69
84 40 74
84 41 -61
84 42 86
84 43 -63
84 44 11
84 45 99
84 46 -75
84 50 75
84 51 -91
84 52 16
84 53 28
84 57 -2
84 58 -91
84 62 64
84 64 -64
84 65 -20
84 66 69
84 67 76
84 69 -99
84 71 97
84 72 36
84 77 61
84 78 60
84 80 -43
84 82 -11
84 84 73
84 86 48
84 87 -8
84 89 65
84 90 -46
84 92 58
84 93 91
84 99 43
85 1 77
85 3 -46
85 4 27
85 6 55
85 7 96
85 8 -79
85 9 22
85 10 -76
85 11 5
85 13 -50
85 14 -57
85 16 43
85 17 35
85 20 98
85 21 -66
85 22 -35
85 26 -95
85 27 31
85 28 -18
85 30 -36
85 31 -12
85 32 -6
85 33 99
85 34 -61
85 36 -27
85 37 33
85 39 58
85 45 -98
85 48 -64
85 49 -50
85 50 -89
85 54 -9
85 55 36
85 56 -7
85 57 -39
85 59 -87
85 61 3
85 62 -91
85 65 -34
85 66 -4
85 67 94
85 69 75
85 70 -6
85 72 -87
85 75 17
85 82 -67
85 83 -84
85 84 -51
85 85 -100
85 87 -86
85 90 49
85 92 -56
85 93 -11
85 95 -42
85 96 -1
85 97 92
85 98 -13
85 99 -97
86 1 73
86 3 57
86 5 34
86 7 98
86 8 25
86 15 86
86 16 67
86 19 60
86 20 -74
86 21 17
86 27 63
86 28 62
86 29 63
86 30 19
86 31 21
86 32 -93
86 38 34
86 40 70
86 41 72
86 42 -63
86 46 -50
86 47 -9
86 48 -29
86 51 85
86 52 43
86 54 -45
86 57 -24
86 61 -34
86 62 -10
86 64 46
86 65 -36
86 72 -78
86 74 -3
86 76 97
86 77 59
86 78 43
86 81 51
86 83 -83
86 85 79
86 87 -87
86 89 76
86 90 59
86 92 87
86 94 24
86 95 55
86 96 93
86 97 54
86 98 -100
86 99 5
87 1 -97
87 2 -4
87 3 67
87 5 -51
87 7 16
87 9 69
87 10 35
87 11 66
87 14 -15
87 15 95
87 17 -96
87 21 -46
87 22 -59
87 24 -1
87 25 -57
87 26 -52
87 27 33
87 29 -32
87 32 26
87 33 70
87 34 -41
87 35 92
87 36 -39
87 37 -20
87 38 79
87 40 60
87 42 -90
87 43 45
87 46 16
87 47 67
87 51 -64
87 52 29
87 53 -67
87 56 56
87 58 74
87 59 19
87 60 -16
87 61 17
87 63 -31
87 65 -1
87 66 -89
87 68 49
87 69 44
87 72 25
87 73 64
87 75 -20
87 78 5
87 79 -33
87 84 37
87 87 -18
87 94 83
87 95 95
87 97 25
88 2 96
88 3 69
88 4 93
88 8 6
88 10 6
88 11 72
88 12 93
88 15 3
88 17 50
88 18 -49
88 23 100
88 24 66
88 25 -73
88 28 -42
88 29 30
88 33 -40
88 34 -27
88 35 28
88 36 -39
88 39 78
88 40 -44
88 47 7
88 49 -32
88 55 -70
88 56 93
88 58 -14
88 60 88
88 63 -51
88 65 -66
88 68 66
88 69 46
88 70 2
88 73 -21
88 75 -41
88 76 69
88 78 -65
88 81 85
88 82 -81
88 84 -43
88 85 -54
88 86 -97
88 87 82
88 89 -55
88 92 -14
88 95 -47
88 97 91
88 99 8
89 0 -98
89 2 -97
89 3 -36
89 4 -39
89 6 -81
89 7 35
89 8 -85
89 9 -37
89 11 45
89 16 26
89 19 21
89 21 -54
89 22 -77
89 25 55
89 26 2
89 27 -61
89 28 40
89 29 11
89 30 -47
89 31 11
89 32 -87
89 33 87
89 35 -9
89 38 -81
89 39 96
89 41 -51
89 44 -94
89 48 58
89 50 7
89 51 1
89 52 46
89 53 -41
89 55 50
89 56 64
89 57 30
89 58 3
89 59 93
89 60 93
89 63 -36
89 65 -6
89 66 -30
89 70 10
89 71 92
89 72 4
89 73 54
89 75 -96
89 76 25
89 77 -15
89 78 18
89 80 -66
89 82 81
89 83 -66
89 85 -92
89 87 -40
89 88 95
89 90 41
89 91 -17
89 94 -97
89 98 32
89 99 83
90 0 49
90 1 -11
90 2 -2
90 3 86
90 6 -7
90 7 -2
90 8 -87
90 9 61
90 10 -54
90 13 25
90 14 -73
90 15 57
90 16 -80
90 18 86
90 19 -72
90 20 -99
90 21 -10
90 23 -70
90 24 -6
90 25 -59
90 26 -72
90 27 -34
90 28 6
90 29 30
90 30 -1
90 31 52
90 35 -70
90 37 73
90 38 -93
90 39 -74
90 40 -22
90 43 79
90 44 4
90 45 35
90 46 68
90 47 -8
90 50 9
90 52 -6
90 53 4
90 54 -6
90 55 70
90 57 90
90 58 14
90 60 19
90 61 -72
90 65 88
90 67 -30
90 68 -40
90 70 -64
90 72 -77
90 79 43
90 80 15
90 81 7
90 83 -73
90 84 36
90 85 -61
90 86 50
90 87 -68
90 90 -71
90 92 97
90 93 -89
90 95 -1
90 96 -23
90 97 -86
91 0 -60
91 3 89
91 6 66
91 9 32
91 10 56
91 11 72
91 13 78
91 14 -75
91 17 85
91 18 -18
91 20 61
91 21 -36
91 27 36
91 30 -7
91 32 -61
91 34 58
91 36 1
91 39 -4
91 41 -87
91 42 42
91 45 78
91 48 -10
91 51 -51
91 52 76
91 54 -25
91 56 26
91 57 32
91 60 -58
91 62 -49
91 64 -23
91 65 -12
91 69 -87
91 71 -37
91 73 46
91 75 50
91 76 -82
91 77 -80
91 78 -19
91 84 92
91 86 -42
91 87 51
91 89 36
91 91 -75
91 93 32
91 94 69
91 96 58
91 99 -17
92 0 70
92 1 39
92 2 -86
92 3 97
92 5 -74
92 6 47
92 7 7
92 9 30
92 11 66
92 13 -40
92 16 81
92 19 -72
92 21 -49
92 25 -56
92 26 68
92 28 80
92 29 65
92 31 88
92 36 40
92 37 -84
92 39 -67
92 40 -85
92 41 2
92 43 19
92 44 -81
92 45 24
92 46 -8
92 47 95
92 49 51
92 63 -41
92 65 -95
92 70 85
92 72 2
92 74 -22
92 76 20
92 78 -53
92 79 -100
92 80 59
92 83 97
92 84 -73
92 85 -69
92 90 14
92 91 -42
92 92 -68
92 95 -92
92 96 -98
92 98 77
92 99 57
93 4 32
93 6 57
93 7 -84
93 10 71
93 13 -30
93 14 -7
93 16 53
93 18 73
93 20 -42
93 21 96
93 22 38
93 23 16
93 24 -46
93 25 -79
93 26 5
93 27 33
93 31 -96
93 35 -80
93 36 80
93 38 62
93 40 53
93 41 3
93 42 -96
93 43 -20
93 44 -18
93 45 35
93 46 2
93 47 -34
93 49 -14
93 51 53
93 54 71
93 59 -52
93 66 5
93 67 65
93 70 -100
93 73 56
93 75 12
93 79 52
93 80 95
93 81 2
93 82 -19
93 83 -85
93 85 14
93 86 -45
93 87 94
93 88 29
93 89 -47
93 91 -34
93 92 72
93 93 72
93 94 8
93 95 -97
93 98 72
93 99 92
94 0 -86
94 1 88
94 3 -25
94 6 -11
94 7 4
94 9 56
94 11 18
94 13 96
94 21 -13
94 23 -97
94 26 3
94 27 85
94 29 40
94 30 -38
94 35 29
94 36 92
94 37 -40
94 38 86
94 40 58
94 42 -36
94 43 85
94 44 23
94 47 -51
94 48 51
94 49 -65
94 50 -78
94 51 -56
94 52 -88
94 57 96
94 63 21
94 65 35
94 66 -19
94 67 -49
94 68 -97
94 69 -10
94 74 90
94 75 14
94 78 -9
94 80 -52
94 81 50
94 82 -13
94 83 82
94 85 90
94 86 100
94 87 -18
94 88 41
94 89 -15
94 91 -16
94 92 -51
94 94 50
94 96 -76
94 97 -55
94 98 6
94 99 3
95 0 -24
95 1 -19
95 2 -46
95 4 84
95 5 36
95 6 64
95 7 71
95 10 -99
95 13 -18
95 14 -63
95 15 36
95 16 77
95 17 42
95 19 23
95 20 -56
95 21 1
95 22 -37
95 23 14
95 24 99
95 25 -94
95 27 -22
95 29 82
95 31 81
95 32 85
95 34 -12
95 35 -40
95 36 10
95 37 22
95 38 31
95 40 7
95 44 -57
95 46 96
95 47 -14
95 53 -100
95 54 -71
95 55 -19
95 56 -52
95 57 28
95 58 10
95 59 45
95 60 44
95 62 59
95 63 28
95 64 91
95 67 63
95 70 -80
95 72 -12
95 73 -18
95 75 -16
95 76 56
95 78 -27
95 81 -47
95 83 38
95 88 93
95 90 -7
95 91 18
95 93 -79
95 94 57
95 96 -3
95 99 -39
96 0 -61
96 1 72
96 2 -89
96 3 -49
96 9 3
96 10 -67
96 15 24
96 16 10
96 18 60
96 19 22
96 22 35
96 24 49
96 27 28
96 29 -48
96 30 -82
96 33 57
96 35 61
96 37 35
96 39 -95
96 43 68
96 44 -4
96 45 -14
96 46 54
96 47 24
96 48 -71
96 55 100
96 56 -83
96 57 -69
96 58 27
96 63 -43
96 64 -47
96 65 69
96 66 89
96 68 -47
96 70 4
96 72 -61
96 73 31
96 75 -24
96 77 -75
96 78 -35
96 80 -66
96 82 70
96 85 38
96 86 -9
96 87 -14
96 88 73
96 89 6
96 90 -68
96 91 -47
96 92 -31
96 94 95
97 1 18
97 2 -26
97 3 44
97 4 26
97 5 -37
97 6 -81
97 9 90
97 12 12
97 15 34
97 16 91
97 17 -77
97 18 -33
97 19 59
97 21 34
97 23 8
97 24 48
97 26 2
97 29 -30
97 30 -68
97 31 38
97 32 65
97 34 -51
97 36 -61
97 39 -96
97 41 -59
97 43 23
97 45 -67
97 47 -39
97 48 34
97 50 24
97 51 16
97 52 100
97 53 15
97 55 -33
97 56 -15
97 58 21
97 60 99
97 63 -53
97 68 -73
97 71 84
97 74 51
97 76 13
97 78 65
97 80 8
97 81 -40
97 83 -59
97 84 71
97 86 92
97 87 89
97 88 -38
97 89 57
97 91 34
97 94 -77
97 95 -11
97 96 -84
97 98 26
98 1 -51
98 2 -28
98 3 69
98 5 86
98 6 -54
98 9 94
98 10 72
98 13 93
98 14 7
98 15 -91
98 16 87
98 18 -30
98 19 51
98 23 -66
98 24 38
98 26 -70
98 27 -44
98 28 28
98 29 -83
98 33 -4
98 34 11
98 36 39
98 37 -91
98 39 54
98 40 71
98 41 -47
98 44 36
98 49 1
98 54 15
98 55 19
98 56 31
98 57 27
98 59 78
98 61 -9
98 63 89
98 65 -71
98 66 92
98 68 99
98 69 74
98 70 58
98 71 78
98 72 95
98 73 97
98 77 39
98 78 -35
98 79 -67
98 80 -12
98 81 19
98 82 18
98 84 -31
98 85 -89
98 88 82
98 90 4
98 91 76
98 97 -66
98 98 37
98 99 -21
99 0 -54
99 3 4
99 6 18
99 8 32
99 10 63
99 14 -15
99 16 10
99 19 -55
99 20 86
99 23 -20
99 27 -6
99 28 64
99 29 -4
99 31 -55
99 33 -70
99 37 -45
99 39 -94
99 40 60
99 41 -53
99 43 -60
99 44 2
99 45 -83
99 46 60
99 47 72
99 48 64
99 54 60
99 61 -11
99 62 95
99 65 -81
99 66 53
99 67 98
99 68 72
99 69 -7
99 71 -66
99 72 -2
99 74 81
99 75 -26
99 76 81
99 77 62
99 78 18
99 80 2
99 85 93
99 86 8
99 87 -41
99 88 -74
99 90 -36
99 92 -49
99 93 -81
99 94 79
99 95 92
99 96 -48
99 97 -83
99 98 -97
99 99 -37