0 3 46
0 5 -22
0 7 -11
0 11 -98
0 13 65
0 23 -86
0 24 4
0 26 59
0 30 -21
0 33 80
0 34 -82
0 37 54
0 41 -80
0 42 -52
0 45 26
1 4 99
1 15 6
1 16 64
1 18 52
1 45 27
1 48 -78
1 49 -5
2 0 30
2 7 81
2 9 -1
2 10 -2
2 15 95
2 17 -37
2 21 -30
2 22 47
2 27 -67
2 28 32
2 30 67
2 31 88
2 43 38
2 45 -46
2 46 19
3 1 -56
3 2 -23
3 4 -13
3 5 65
3 7 76
3 9 100
3 17 -62
3 20 56
3 31 41
3 34 -9
3 39 -30
3 42 -8
4 0 -38
4 17 11
4 27 -81
4 35 -11
4 37 40
5 1 -74
5 6 -66
5 8 19
5 12 -13
5 14 11
5 15 25
5 17 80
5 23 -49
5 24 -85
5 25 -56
5 31 28
5 32 -86
5 36 -98
5 44 -55
6 0 60
6 2 -26
6 3 -40
6 4 -99
6 6 -25
6 7 23
6 8 73
6 12 86
6 18 -16
6 23 -72
6 24 2
6 41 38
6 43 93
6 47 14
7 1 44
7 6 -69
7 16 -11
7 17 -65
7 24 -99
7 34 -50
7 37 -34
7 40 6
7 44 -26
7 46 30
7 47 -52
8 5 12
8 8 50
8 9 -5
8 13 -6
8 15 96
8 19 -94
8 29 49
8 31 97
8 32 -79
8 40 63
9 6 -6
9 8 -72
9 12 90
9 14 -28
9 21 -78
9 25 -23
9 26 37
9 31 72
9 33 16
9 36 -63
9 42 -32
9 43 65
9 44 -64
10 4 8
10 6 -38
10 10 -52
10 13 -42
10 20 -17
10 28 -99
10 29 1
10 31 -31
10 34 79
10 40 -14
10 41 -13
11 1 -83
11 4 27
11 7 27
11 27 53
11 29 29
11 31 -88
11 36 -65
11 37 -82
11 43 13
11 44 71
12 0 91
12 1 -91
12 8 57
12 9 -65
12 10 59
12 12 5
12 20 59
12 21 27
12 27 -12
12 36 -57
12 37 -92
12 38 -30
12 43 86
12 47 -77
12 49 68
13 9 -96
13 11 -10
13 26 -31
13 27 -80
13 32 12
13 34 8
13 37 73
13 43 -66
13 49 91
14 0 -99
14 1 15
14 11 93
14 14 -68
14 20 75
14 31 99
14 34 29
14 37 58
14 38 -1
14 44 -11
14 45 19
14 49 93
15 0 -5
15 2 44
15 12 79
15 23 63
15 33 76
15 36 -49
15 40 -65
15 49 36
16 3 -91
16 16 -2
16 19 98
16 23 65
16 31 -66
16 32 -40
16 39 -36
16 47 83
17 0 93
17 4 -65
17 8 -66
17 10 -16
17 18 45
17 19 44
17 25 -48
17 26 42
17 28 11
17 29 77
17 33 -86
17 39 -5
17 40 78
18 1 17
18 3 -89
18 6 -23
18 9 -79
18 15 96
18 19 47
18 21 -22
18 22 49
18 24 -2
18 26 10
18 27 -56
18 30 -61
18 37 -27
18 48 57
19 1 -27
19 2 -74
19 5 32
19 6 -29
19 11 18
19 16 13
19 18 71
19 19 11
19 20 76
19 24 55
19 26 -92
19 28 -89
19 30 75
19 31 -5
19 33 -62
19 36 -87
19 41 -35
19 42 -93
19 47 33
20 1 58
20 3 -32
20 8 -51
20 12 -39
20 13 93
20 16 91
20 17 -15
20 23 -46
20 26 -41
20 29 21
20 36 -78
20 37 38
20 39 -10
21 2 -45
21 8 -84
21 9 -82
21 12 79
21 15 95
21 18 -3
21 20 -76
21 21 50
21 28 -71
21 32 53
21 35 -61
21 39 -62
21 41 -74
21 42 40
22 2 -50
22 7 -81
22 11 91
22 16 31
22 18 -86
22 23 -57
22 30 -10
22 34 -42
22 35 36
22 37 30
22 40 -23
22 41 -50
22 44 52
22 46 -66
22 49 -26
23 2 -11
23 5 -10
23 11 -41
23 14 91
23 16 80
23 18 69
23 25 -11
23 27 84
23 36 13
23 41 48
23 43 -75
23 45 88
23 47 43
24 3 -97
24 5 -95
24 7 37
24 8 14
24 15 -24
24 19 54
24 22 82
24 26 80
24 27 -6
24 28 -76
24 30 -39
24 31 45
24 34 -81
24 39 100
24 41 -14
24 42 -10
24 45 1
25 2 40
25 24 45
25 25 41
25 27 -4
25 30 97
25 32 24
25 37 2
25 40 -27
26 4 42
26 10 -23
26 17 -86
26 19 -4
26 20 -55
26 21 -60
26 24 67
26 26 19
26 27 23
26 28 27
26 30 42
26 40 -91
26 44 -62
26 45 -13
27 1 -11
27 3 55
27 8 -69
27 9 99
27 17 -96
27 27 45
27 30 55
27 40 82
27 41 24
27 42 -38
27 46 -98
27 49 -87
28 3 47
28 5 -62
28 14 78
28 16 -12
28 25 49
28 27 25
28 38 18
28 43 -56
28 44 -84
29 0 -2
29 2 -80
29 7 -19
29 10 -38
29 11 60
29 14 34
29 15 41
29 17 8
29 19 24
29 26 7
29 33 5
29 42 12
29 43 -20
29 47 -60
30 0 -96
30 2 -1
30 8 -90
30 9 94
30 13 -77
30 14 -68
30 17 -45
30 22 -6
30 33 -55
30 35 -36
30 40 -47
30 45 -59
30 48 -30
31 2 -21
31 6 12
31 12 -41
31 18 3
31 19 6
31 23 -30
31 27 11
31 28 -81
31 30 -15
31 32 -42
31 38 -96
31 39 -53
32 7 -99
32 8 -6
32 14 -69
32 15 -65
32 21 -29
32 22 51
32 26 86
32 27 9
32 31 24
32 38 -99
32 49 62
33 2 25
33 6 -72
33 7 -9
33 8 31
33 11 37
33 14 -71
33 17 62
33 19 -64
33 25 -97
33 30 -79
33 35 -57
33 36 79
33 43 -50
33 44 -4
33 45 47
34 4 44
34 6 -100
34 8 -81
34 19 11
34 22 12
34 23 78
34 25 -22
34 32 9
34 42 -74
34 48 -86
35 0 8
35 17 -40
35 21 13
35 27 -40
35 30 48
35 31 75
35 34 94
35 36 65
35 40 -28
35 42 47
35 45 31
35 48 28
35 49 -93
36 2 -40
36 4 -47
36 6 64
36 11 82
36 21 -44
36 36 -14
36 38 7
36 48 32
37 9 38
37 15 -82
37 17 61
37 19 -77
37 20 8
37 23 -88
37 24 47
37 27 36
37 34 90
37 36 -11
37 40 77
37 44 7
37 45 -5
37 48 59
38 6 -35
38 10 -80
38 11 -88
38 18 -60
38 19 -35
38 20 -48
38 26 69
38 27 99
38 29 -44
38 30 72
38 32 23
38 35 -78
38 37 -68
38 41 -53
38 43 24
38 45 73
38 47 55
39 1 -20
39 7 98
39 10 -77
39 18 -35
39 21 -48
39 23 -54
39 25 -46
39 30 96
39 31 40
39 32 -28
39 38 -38
39 43 -5
39 45 -30
39 46 64
39 48 4
40 0 -100
40 2 -41
40 9 86
40 16 45
40 17 37
40 23 -65
40 25 57
40 35 16
40 37 -84
40 41 15
40 48 -8
41 3 35
41 8 -56
41 11 -6
41 13 30
41 22 -47
41 23 84
41 28 68
41 30 -29
41 32 39
41 38 -7
41 46 68
41 47 -35
41 48 -50
42 1 77
42 5 37
42 14 100
42 18 -2
42 21 -98
42 24 60
42 25 93
42 32 14
42 35 -69
42 38 -21
42 42 15
42 44 14
43 1 -33
43 7 28
43 15 -88
43 19 91
43 21 49
43 24 -42
43 25 80
43 26 -39
43 30 -69
43 32 54
43 33 -13
43 34 7
43 45 -53
43 47 2
43 48 98
44 1 -64
44 2 52
44 4 -49
44 11 16
44 14 55
44 15 95
44 24 -87
44 35 42
44 42 67
44 46 -13
45 8 -42
45 10 -58
45 13 -8
45 14 56
45 18 -64
45 19 15
45 21 -5
45 25 -65
45 29 -13
45 32 16
45 35 -67
45 40 34
45 42 5
45 46 -8
45 49 -31
46 2 22
46 3 -59
46 10 43
46 11 27
46 12 26
46 18 70
46 25 -4
46 26 68
46 28 17
46 32 15
46 35 49
46 36 33
46 38 11
46 41 67
46 44 -4
46 46 73
46 48 35
47 5 -85
47 10 -30
47 15 38
47 17 -77
47 25 78
47 27 83
47 31 -68
47 35 86
47 40 92
47 43 -74
47 45 49
47 47 -97
48 0 -5
48 1 78
48 5 -100
48 9 -97
48 18 -88
48 19 92
48 20 -7
48 25 7
48 28 -41
48 41 72
48 45 23
48 47 74
49 2 -25
49 3 57
49 9 -81
49 10 81
49 12 -32
49 14 13
49 16 -50
49 21 87
49 23 54
49 28 3
49 31 -15
49 36 -51
49 38 68
49 45 70
49 48 -54
49 49 65