0 9 62
0 11 -38
0 16 96
0 21 14
0 24 -83
0 28 36
0 37 -51
0 39 39
0 41 -23
0 42 -70
0 45 -76
0 52 57
0 56 54
0 71 -32
0 74 4
0 78 92
0 96 -51
1 5 -81
1 7 -33
1 19 81
1 47 43
1 49 89
1 60 19
1 61 -37
1 62 -71
1 73 77
1 82 93
1 87 11
2 13 -39
2 19 85
2 21 8
2 34 60
2 35 47
2 41 -19
2 49 -73
2 52 -65
2 54 -77
2 64 -9
2 71 42
2 77 -29
2 78 7
2 81 -18
2 82 -22
2 88 -90
2 93 -35
3 4 10
3 12 -39
3 33 47
3 40 -93
3 43 -54
3 47 71
3 54 94
3 60 -91
3 66 87
3 67 -33
3 75 -1
3 76 81
3 79 95
3 81 -15
3 85 -26
3 87 13
3 88 -29
4 0 -42
4 7 60
4 18 -28
4 20 -46
4 38 -36
4 39 -91
4 46 -65
4 51 47
4 52 51
4 53 67
4 55 -41
4 56 -46
4 57 -32
4 66 -7
4 82 -12
4 92 66
5 8 94
5 13 -17
5 23 -7
5 31 23
5 32 -6
5 38 -75
5 47 9
5 56 -37
5 73 -89
5 82 -7
5 85 82
5 87 63
5 95 -62
5 99 74
6 1 -19
6 22 66
6 23 -40
6 26 -16
6 30 76
6 40 -79
6 86 62
7 5 86
7 11 39
7 23 8
7 26 -26
7 27 20
7 30 -80
7 34 51
7 35 17
7 37 -6
7 39 61
7 42 61
7 53 30
7 54 -26
7 62 99
7 68 59
7 73 77
7 83 7
8 10 -71
8 13 63
8 38 -35
8 39 -77
8 45 -14
8 48 -69
8 58 -54
8 67 -79
8 68 71
8 73 -99
8 75 -95
8 77 -93
8 83 86
8 84 -12
8 85 26
8 93 55
9 1 16
9 8 92
9 10 47
9 17 -97
9 27 -34
9 30 50
9 35 35
9 38 -5
9 43 -28
9 44 14
9 47 -23
9 55 -70
9 60 40
9 64 37
9 73 77
9 77 69
9 78 -42
9 82 -63
9 86 -26
9 92 74
10 4 14
10 17 -44
10 19 -41
10 30 25
10 36 77
10 41 33
10 43 19
10 68 25
10 74 -98
10 77 -22
10 78 37
10 82 75
10 85 -4
10 87 17
10 91 15
10 96 91
11 2 26
11 5 -29
11 16 82
11 22 64
11 23 -42
11 29 -73
11 30 -98
11 32 54
11 35 -48
11 49 12
11 58 -35
11 81 -68
12 10 100
12 17 74
12 18 67
12 32 -24
12 53 40
12 54 -4
12 57 61
12 58 -64
12 62 27
12 63 -58
12 67 1
12 68 -59
12 72 -65
12 78 -80
12 84 85
12 96 6
13 2 14
13 16 75
13 28 -26
13 37 -25
13 44 -90
13 46 46
13 52 -60
13 61 45
13 69 -90
13 77 -24
13 85 43
13 89 -85
13 99 43
14 5 52
14 12 72
14 18 -60
14 20 -99
14 32 -15
14 39 -50
14 46 1
14 50 -47
14 51 -91
14 54 -63
14 55 -96
14 58 -1
14 63 -31
14 70 -72
14 81 -95
14 85 -44
14 86 -87
14 87 8
14 90 41
15 0 -62
15 3 6
15 7 -4
15 12 88
15 13 87
15 15 95
15 33 58
15 37 -74
15 41 -10
15 44 14
15 67 54
15 68 -24
15 76 39
15 82 -48
15 89 -67
15 91 -92
15 92 8
15 95 -80
16 1 -65
16 2 24
16 8 -27
16 11 -11
16 16 59
16 38 -51
16 42 -63
16 57 -68
16 58 91
16 59 16
16 73 -86
16 83 86
16 89 82
16 91 66
16 93 29
16 99 -71
17 2 -64
17 10 15
17 11 33
17 12 -70
17 13 -59
17 15 39
17 20 -52
17 22 -96
17 25 -73
17 32 80
17 49 -4
17 56 -60
17 68 100
17 71 45
17 75 6
17 83 19
17 86 -16
18 2 12
18 8 36
18 14 77
18 26 -91
18 30 89
18 34 89
18 54 79
18 59 1
18 62 -23
18 63 8
18 64 -65
18 75 -66
18 76 31
18 80 59
19 15 -37
19 20 1
19 21 43
19 34 14
19 36 -63
19 38 27
19 39 38
19 46 -23
19 48 -25
19 54 71
19 67 19
19 69 91
19 72 -39
19 91 -69
19 92 -34
19 93 12
19 95 72
19 96 85
19 99 84
20 1 46
20 2 81
20 8 -93
20 11 -55
20 26 25
20 39 -66
20 42 -91
20 52 83
20 58 -50
20 61 63
20 65 51
20 67 -66
20 68 -93
20 70 99
20 74 31
20 81 22
20 87 82
20 97 99
21 1 -52
21 2 -90
21 5 -83
21 15 86
21 17 49
21 22 -41
21 31 -4
21 32 -66
21 34 99
21 51 -53
21 59 87
21 64 48
21 71 82
21 76 35
21 82 -47
21 95 -20
21 96 -84
22 3 -19
22 19 -62
22 33 -31
22 42 -89
22 48 83
22 49 -5
22 60 -44
22 71 -19
22 74 82
22 80 96
22 84 -4
22 94 -63
23 5 11
23 14 28
23 33 62
23 50 11
23 53 -27
23 59 1
23 67 66
23 68 -89
23 82 63
24 2 87
24 11 71
24 15 -36
24 19 -99
24 22 -42
24 26 -99
24 27 93
24 28 74
24 37 66
24 44 -16
24 49 -71
24 55 -44
24 72 44
24 80 -94
24 85 83
24 99 67
25 3 -61
25 5 5
25 8 -2
25 10 99
25 14 11
25 16 -60
25 20 -76
25 26 53
25 34 -90
25 35 7
25 51 -21
25 75 69
25 77 96
25 79 -51
25 80 73
25 86 -98
26 2 -23
26 12 -43
26 13 25
26 14 -32
26 21 19
26 27 -46
26 33 35
26 36 35
26 43 -86
26 54 100
26 79 -62
26 82 36
26 87 20
26 93 80
27 16 -7
27 25 89
27 28 61
27 29 80
27 31 -46
27 37 84
27 40 75
27 46 -13
27 55 -70
27 59 48
27 69 -37
27 71 -68
27 73 -73
27 74 79
27 87 58
27 95 -3
27 97 71
28 3 -61
28 12 -4
28 14 -100
28 22 8
28 25 18
28 26 73
28 42 -96
28 55 15
28 58 -48
28 64 -20
28 67 6
28 69 -66
28 70 -55
28 79 -39
28 83 -79
28 84 77
28 98 44
29 14 -9
29 15 66
29 32 -45
29 53 -5
29 54 9
29 58 51
29 67 88
29 74 57
29 84 -7
29 88 -27
29 89 27
29 90 54
29 93 -67
29 98 29
30 1 -6
30 16 -36
30 24 -28
30 27 36
30 44 2
30 45 -5
30 50 39
30 51 64
30 53 23
30 65 -47
30 68 -34
30 69 100
30 87 -3
31 3 -17
31 24 8
31 27 -98
31 34 36
31 35 17
31 47 41
31 52 -26
31 57 1
31 82 -32
31 91 -89
32 1 67
32 6 1
32 10 -24
32 14 -21
32 16 -42
32 18 -60
32 34 86
32 42 83
32 49 -36
32 54 -25
32 59 82
32 63 -25
32 73 73
32 75 -12
32 77 72
32 80 86
32 85 24
32 89 -82
32 91 44
32 97 -4
32 98 35
33 3 -11
33 4 -55
33 17 20
33 23 82
33 27 51
33 33 81
33 36 -66
33 45 83
33 46 39
33 55 -52
33 66 76
33 68 9
33 70 -2
33 74 10
33 85 -25
33 94 19
33 98 -64
33 99 88
34 1 -65
34 12 53
34 18 42
34 19 -51
34 22 -67
34 43 36
34 52 58
34 58 36
34 62 -31
34 64 -54
34 65 55
34 66 85
34 68 -60
34 76 -43
34 87 -69
34 94 -23
35 2 85
35 34 19
35 36 73
35 40 -28
35 63 45
35 71 13
35 72 39
35 77 56
35 92 -42
36 15 -12
36 20 -46
36 21 24
36 22 -55
36 23 -27
36 25 -89
36 32 -95
36 39 -24
36 44 24
36 50 -89
36 51 -10
36 58 -23
36 60 -30
36 71 -75
36 83 94
36 85 -74
36 99 77
37 9 -43
37 10 -47
37 13 46
37 30 -19
37 31 90
37 35 -59
37 38 19
37 41 -93
37 67 16
37 68 24
37 72 96
37 82 -8
37 83 38
37 87 -3
37 89 -10
38 20 17
38 25 47
38 38 -34
38 45 -84
38 47 -52
38 49 58
38 58 -51
38 67 94
38 80 -67
38 81 71
38 91 54
38 95 60
39 8 -41
39 10 7
39 15 2
39 24 -40
39 27 98
39 30 50
39 37 -82
39 43 20
39 44 27
39 47 -99
39 60 -21
39 62 -7
39 64 86
39 71 21
39 72 93
39 74 -85
39 80 5
39 83 -6
39 84 -62
39 86 -59
39 96 -69
40 11 25
40 12 27
40 19 -70
40 51 28
40 58 -19
40 91 95
40 93 -94
40 95 -3
41 1 32
41 18 -90
41 25 70
41 42 67
41 43 10
41 46 30
41 50 -8
41 52 -85
41 53 80
41 56 -86
41 65 -28
41 73 70
41 77 42
41 78 -42
41 94 58
42 9 -14
42 10 85
42 16 24
42 18 32
42 27 -79
42 28 98
42 32 20
42 44 -23
42 58 -46
42 60 97
42 62 85
42 63 6
42 76 -80
42 81 -64
42 82 71
43 6 53
43 8 84
43 18 -65
43 27 80
43 58 -88
43 65 -57
43 74 58
43 75 98
43 76 19
43 77 44
43 80 -3
43 83 -26
43 93 -66
43 95 -14
44 4 -16
44 12 57
44 16 -49
44 19 75
44 22 53
44 29 -10
44 32 -13
44 37 -56
44 40 -60
44 42 -20
44 54 -29
44 68 32
44 74 26
44 75 -46
44 79 38
44 87 -100
44 90 -30
44 93 39
45 7 33
45 16 23
45 18 84
45 53 20
45 57 -98
45 59 86
45 62 -36
45 70 -95
45 72 -32
45 74 -13
45 95 -63
46 2 40
46 9 47
46 30 -9
46 32 -77
46 34 -17
46 42 90
46 46 -11
46 48 -11
46 57 -68
46 60 -76
46 66 -43
46 68 -55
46 80 6
46 95 39
46 97 -51
47 2 -26
47 9 -89
47 22 -98
47 24 -36
47 28 42
47 30 -76
47 35 53
47 39 -37
47 43 -88
47 46 41
47 48 -97
47 51 -13
47 57 -63
47 83 25
47 85 -62
47 89 -80
47 91 79
47 98 -2
48 7 -77
48 10 10
48 16 -54
48 23 12
48 29 -39
48 32 -35
48 36 94
48 54 49
48 58 -27
48 60 74
48 73 37
48 83 -70
48 90 12
48 94 -44
48 95 84
49 14 -27
49 22 66
49 24 -99
49 27 -95
49 28 -96
49 38 2
49 39 27
49 43 84
49 44 25
49 50 -83
49 51 70
49 52 17
49 61 -12
49 67 -52
49 70 49
49 77 52
49 83 -61
50 1 13
50 11 64
50 18 78
50 27 -87
50 36 66
50 51 -27
50 61 82
50 68 -24
50 70 -77
50 81 -82
51 3 -37
51 12 -30
51 19 -100
51 23 32
51 29 25
51 30 79
51 34 -17
51 51 -90
51 54 -66
51 58 93
51 69 17
51 71 -5
51 87 72
51 93 -15
51 97 92
52 1 31
52 18 26
52 36 -26
52 43 -36
52 49 -1
52 53 -14
52 57 51
52 67 3
52 72 -88
52 76 69
52 82 65
52 99 -53
53 3 -87
53 31 2
53 36 87
53 39 8
53 41 -51
53 49 -92
53 60 96
53 75 -87
53 77 -73
53 93 -8
54 18 -80
54 23 77
54 34 67
54 35 -62
54 36 95
54 45 73
54 46 -36
54 48 -46
54 51 82
54 64 -67
54 88 -1
54 93 22
54 95 -65
54 96 -21
55 1 85
55 2 95
55 11 -40
55 23 97
55 28 -26
55 30 -77
55 32 -21
55 34 67
55 48 -88
55 82 -38
55 91 -95
55 95 87
55 96 -74
56 1 63
56 8 2
56 9 -93
56 11 -60
56 25 -75
56 29 -61
56 41 -22
56 48 -55
56 49 6
56 62 -40
56 64 -42
56 66 9
56 72 33
56 82 99
57 11 100
57 27 -51
57 28 -80
57 45 -1
57 49 -5
57 55 -34
57 72 68
57 74 8
57 85 25
57 86 -59
58 3 49
58 24 -77
58 27 -72
58 28 95
58 36 50
58 37 -75
58 51 -33
58 53 -95
58 57 -45
58 64 76
58 65 -40
58 68 21
58 77 -15
58 78 -82
58 82 -51
58 87 -78
58 98 -37
59 1 96
59 3 -58
59 4 -89
59 6 -97
59 12 -23
59 25 -44
59 31 72
59 34 -25
59 38 -50
59 44 4
59 66 86
59 70 -83
59 81 82
59 86 -8
59 89 -81
59 95 -23
59 98 68
60 6 -17
60 24 100
60 32 -23
60 39 -13
60 41 43
60 46 -81
60 47 -60
60 73 -18
60 74 59
60 75 55
60 85 77
60 86 -96
60 88 -42
60 91 89
60 93 12
60 96 -3
61 8 64
61 22 12
61 25 -79
61 54 -92
61 59 67
61 60 -41
61 78 -66
61 79 11
61 83 77
61 84 -87
61 86 -90
61 98 24
62 1 -82
62 3 -59
62 6 58
62 7 22
62 8 1
62 22 -93
62 23 -1
62 24 -44
62 26 80
62 28 65
62 39 59
62 43 -94
62 59 91
62 65 94
62 75 63
62 77 71
62 84 -51
63 2 69
63 6 -95
63 8 85
63 9 72
63 27 93
63 37 -79
63 47 10
63 55 -41
63 56 -61
63 64 85
63 71 -88
63 77 93
63 84 -87
63 87 -44
63 90 74
63 92 -71
64 0 84
64 4 -99
64 7 53
64 10 -35
64 20 -43
64 21 8
64 30 28
64 32 64
64 40 -86
64 41 -48
64 46 -77
64 47 10
64 53 25
64 58 95
64 61 6
64 66 82
64 76 33
64 85 73
64 89 -7
64 98 75
65 26 48
65 33 -4
65 34 95
65 46 -46
65 53 16
65 57 -38
65 67 85
65 84 -16
65 86 -64
65 99 -60
66 5 78
66 6 91
66 9 -91
66 15 -46
66 23 37
66 27 2
66 46 10
66 47 28
66 55 -77
66 56 42
66 60 -20
66 63 10
66 69 -35
66 74 -8
66 78 83
66 79 37
66 82 -44
66 86 51
66 90 30
67 3 -1
67 9 -8
67 12 -84
67 15 -34
67 32 -89
67 34 22
67 35 -19
67 38 70
67 52 51
67 54 47
67 60 26
67 69 -51
67 74 24
67 75 -45
67 78 -75
67 81 14
67 83 -7
67 84 31
68 2 -81
68 11 -26
68 17 -72
68 27 2
68 41 36
68 42 79
68 60 16
68 64 -85
68 66 93
68 79 -63
68 85 -87
68 88 84
68 89 26
68 92 -51
68 93 -2
68 95 24
68 98 55
69 5 11
69 6 97
69 13 -7
69 17 16
69 22 96
69 25 86
69 30 -96
69 43 -31
69 52 91
69 59 -27
69 61 -61
69 64 28
69 76 10
69 77 -96
69 86 88
69 97 -97
70 2 2
70 12 9
70 34 -12
70 35 74
70 37 -43
70 39 -20
70 42 99
70 49 45
70 52 73
70 61 11
70 69 14
70 77 2
70 81 11
70 82 21
70 84 -52
70 86 -95
70 96 62
71 2 -64
71 3 52
71 7 -5
71 12 45
71 15 61
71 23 14
71 31 48
71 33 78
71 45 -73
71 46 -29
71 58 30
71 76 -98
72 7 88
72 12 -62
72 16 84
72 19 2
72 30 -53
72 41 60
72 46 -62
72 47 49
72 62 45
72 81 -25
72 83 10
72 91 27
73 11 53
73 23 79
73 26 -5
73 27 15
73 42 -74
73 50 -41
73 56 -59
73 65 -88
73 80 -65
73 83 2
73 86 -71
73 94 32
74 1 28
74 4 46
74 7 17
74 24 -61
74 46 -46
74 52 64
74 60 -11
74 63 -53
74 72 16
74 74 73
74 76 72
74 83 -47
74 86 19
74 98 26
75 11 80
75 12 97
75 22 -56
75 23 27
75 29 16
75 35 63
75 47 94
75 49 46
75 50 -58
75 56 100
75 68 -86
75 74 54
75 80 69
75 85 -74
75 93 -68
75 94 -63
75 96 38
75 97 88
76 11 53
76 24 22
76 25 -49
76 26 -92
76 27 50
76 37 75
76 41 -5
76 43 78
76 47 62
76 51 -55
76 74 49
76 81 -44
76 83 47
76 88 76
76 90 72
76 93 6
76 94 -97
77 17 59
77 18 52
77 23 -34
77 56 -54
77 69 72
77 71 -50
77 77 97
77 84 -36
77 86 95
77 88 -39
77 90 -81
78 0 23
78 2 81
78 17 69
78 21 -73
78 23 -91
78 29 6
78 37 -13
78 42 48
78 43 81
78 45 92
78 47 -97
78 50 -24
78 51 61
78 57 59
78 58 -75
78 60 -50
78 64 21
78 68 -31
78 70 -77
78 78 -89
78 80 91
78 84 89
78 88 83
79 10 22
79 11 82
79 26 92
79 27 41
79 35 100
79 41 85
79 57 94
79 58 11
79 63 -36
79 76 33
79 84 83
80 1 98
80 2 -96
80 12 29
80 14 90
80 20 -38
80 21 -67
80 23 27
80 24 65
80 45 73
80 52 89
80 88 28
80 93 -32
80 95 4
81 10 -78
81 11 67
81 13 -18
81 22 62
81 27 -73
81 29 100
81 38 44
81 42 -82
81 52 -27
81 61 -94
81 67 81
81 68 -61
81 73 -89
81 76 -90
81 82 -5
81 84 -62
81 90 13
81 93 40
82 0 -75
82 4 -6
82 8 -60
82 17 -36
82 30 -93
82 31 83
82 38 2
82 39 -71
82 46 -47
82 59 22
82 64 85
82 69 -5
82 80 85
82 84 43
82 85 45
82 88 74
82 95 -31
83 0 -72
83 5 83
83 6 -65
83 14 -19
83 17 -89
83 31 -6
83 39 -24
83 42 -95
83 46 68
83 52 -36
83 54 53
83 56 8
83 63 85
83 66 -79
83 73 47
83 74 -18
83 75 -30
83 81 -3
83 82 88
83 85 25
83 89 -40
83 98 66
84 13 -34
84 21 -22
84 27 -46
84 36 -4
84 40 -55
84 41 57
84 44 57
84 55 -43
84 60 -31
84 65 7
84 73 -74
84 81 -58
85 13 49
85 26 -2
85 31 58
85 38 63
85 46 -47
85 52 65
85 56 -75
85 58 -85
85 60 59
85 64 -21
85 67 75
85 78 -94
85 87 -13
86 1 57
86 2 10
86 9 -58
86 16 -19
86 22 -50
86 25 -59
86 30 -50
86 35 -2
86 45 -4
86 67 46
86 85 94
87 12 87
87 23 -66
87 32 -25
87 44 6
87 48 53
87 53 63
87 59 -49
87 65 67
87 70 72
87 73 -19
87 74 43
87 75 41
87 88 -90
87 98 -58
88 6 -4
88 22 99
88 46 -82
88 47 -91
88 49 -12
88 66 30
88 76 60
88 78 -68
88 79 6
88 83 84
88 84 39
88 86 29
88 98 29
88 99 81
89 0 93
89 4 40
89 5 47
89 21 -52
89 26 -5
89 40 -72
89 41 78
89 51 -28
89 52 93
89 62 19
89 70 -55
89 73 90
89 75 -34
89 78 -84
89 85 42
89 89 -96
89 96 57
90 6 -6
90 9 70
90 12 -95
90 22 33
90 37 -32
90 42 26
90 57 55
90 58 -85
90 61 -17
90 63 -8
90 80 -47
90 96 33
90 98 -57
90 99 96
91 11 -10
91 12 -77
91 14 -94
91 19 100
91 20 -51
91 25 62
91 40 94
91 43 71
91 51 -61
91 56 73
91 71 54
91 81 12
91 99 29
92 0 -60
92 4 40
92 7 98
92 10 -89
92 11 -56
92 14 77
92 19 -26
92 23 98
92 31 -39
92 35 58
92 47 19
92 51 -90
92 63 -40
92 77 -54
92 85 97
92 86 -58
92 94 -98
92 95 62
93 0 38
93 4 71
93 22 76
93 23 -29
93 35 41
93 39 -21
93 50 -11
93 61 27
93 62 -67
93 73 96
93 75 15
93 77 93
93 78 -7
93 81 -82
93 87 3
93 98 -51
93 99 47
94 14 -5
94 23 -2
94 24 52
94 33 70
94 41 -3
94 51 -70
94 54 31
94 55 -79
94 77 98
94 78 -66
94 81 8
94 87 68
94 91 -57
95 4 -95
95 12 10
95 13 36
95 29 -42
95 31 74
95 33 -35
95 35 55
95 52 -39
95 58 66
95 67 46
95 70 -71
95 73 79
95 83 100
95 94 18
96 1 35
96 9 70
96 10 18
96 19 35
96 20 98
96 36 -20
96 39 60
96 43 88
96 46 -21
96 53 6
96 62 11
96 67 -81
96 79 -24
96 93 -40
97 0 -20
97 9 -99
97 18 19
97 22 -4
97 25 42
97 26 1
97 28 45
97 32 79
97 77 93
97 79 -21
97 87 -45
97 94 39
97 95 -18
98 0 51
98 1 -59
98 12 19
98 18 62
98 36 6
98 38 54
98 39 11
98 52 -59
98 60 -92
98 63 92
98 66 3
98 68 28
98 69 -60
98 84 -42
98 85 70
98 93 74
98 94 79
98 95 6
99 9 40
99 10 52
99 12 -20
99 20 47
99 41 1
99 44 -12
99 57 94
99 59 -48
99 62 22
99 67 1
99 68 13
99 83 -35
99 92 72
99 98 -40
99 99 3