0 1 -92
0 3 -74
0 4 32
0 6 1
0 7 -83
0 8 41
0 9 -67
0 12 9
0 18 56
0 20 -95
0 22 -23
0 23 -1
0 24 -50
0 25 23
0 26 54
0 29 26
0 30 -3
0 31 -78
0 32 -49
0 34 -32
0 36 -7
0 37 -34
0 39 -30
0 40 -2
0 41 -63
0 42 -35
0 43 -30
0 44 23
0 45 7
0 46 -34
0 47 1
0 48 -25
0 52 -54
0 53 -88
0 54 74
0 55 10
0 56 99
0 57 -62
0 58 -99
0 60 87
0 64 52
0 65 11
0 66 78
0 68 -4
0 69 30
0 70 -71
0 73 -35
0 74 -73
0 77 40
0 78 45
0 79 55
0 80 -30
0 81 3
0 83 30
0 84 39
0 85 -82
0 87 -10
0 88 72
0 90 41
0 91 16
0 92 43
0 94 -6
0 96 -2
0 97 -97
0 99 6
1 1 -7
1 2 100
1 3 98
1 4 38
1 5 -26
1 6 17
1 8 -15
1 9 -78
1 10 -55
1 11 50
1 12 -88
1 14 59
1 16 85
1 20 -19
1 22 46
1 23 -80
1 25 -5
1 27 26
1 28 -41
1 29 80
1 30 16
1 32 81
1 33 -36
1 35 -64
1 36 81
1 38 80
1 40 54
1 42 94
1 43 -93
1 44 81
1 45 33
1 46 -34
1 47 79
1 48 -57
1 50 15
1 54 -24
1 56 38
1 59 25
1 60 69
1 61 26
1 62 24
1 63 -23
1 64 -18
1 65 -41
1 69 76
1 70 -74
1 75 -69
1 77 -53
1 78 -73
1 81 22
1 83 -42
1 84 -78
1 85 20
1 86 -65
1 88 -48
1 89 37
1 90 61
1 91 69
1 93 -3
1 94 -11
1 95 -67
1 97 -35
1 98 14
1 99 -43
2 0 100
2 1 -32
2 2 -49
2 3 -86
2 4 83
2 5 -8
2 6 -25
2 7 -47
2 9 -80
2 10 29
2 12 15
2 13 -57
2 14 65
2 18 55
2 20 -52
2 21 -88
2 23 -10
2 24 45
2 25 40
2 26 42
2 27 89
2 28 80
2 29 1
2 32 13
2 33 -80
2 35 -35
2 36 -95
2 37 18
2 38 63
2 41 -43
2 42 -40
2 45 -56
2 46 19
2 49 -97
2 51 72
2 52 -53
2 54 57
2 58 -90
2 59 94
2 60 25
2 63 -64
2 64 -98
2 66 22
2 67 34
2 68 -91
2 69 91
2 70 99
2 71 -26
2 72 96
2 73 -40
2 74 -66
2 75 8
2 76 -55
2 78 -9
2 79 13
2 81 66
2 83 14
2 84 67
2 89 42
2 91 70
2 94 62
2 97 40
2 99 51
3 1 -63
3 2 68
3 3 -7
3 4 -19
3 7 -78
3 9 76
3 10 52
3 11 84
3 12 42
3 14 -96
3 15 75
3 16 61
3 18 72
3 20 8
3 21 -11
3 23 -61
3 24 16
3 25 -85
3 26 4
3 27 90
3 28 69
3 29 -92
3 30 17
3 35 19
3 36 -32
3 39 -64
3 40 -7
3 41 10
3 42 25
3 44 -38
3 45 -16
3 46 -52
3 47 -32
3 49 53
3 50 -55
3 52 90
3 53 -96
3 54 -50
3 55 50
3 56 17
3 57 -82
3 59 75
3 60 21
3 61 27
3 64 -45
3 67 -73
3 69 -12
3 70 26
3 72 80
3 73 -45
3 74 -96
3 80 -95
3 82 42
3 84 -17
3 85 76
3 87 -100
3 88 -25
3 90 59
3 92 -47
3 95 10
3 96 -64
3 98 -11
4 0 99
4 1 -81
4 2 45
4 3 53
4 4 11
4 5 57
4 8 -7
4 10 15
4 11 -46
4 12 39
4 13 13
4 15 -27
4 16 -26
4 17 63
4 19 -76
4 21 10
4 25 93
4 28 -86
4 33 -4
4 34 -51
4 35 -67
4 36 94
4 37 38
4 38 94
4 39 -4
4 40 51
4 41 -76
4 42 41
4 44 41
4 45 66
4 47 -79
4 50 -41
4 52 -22
4 53 37
4 54 -39
4 55 -53
4 56 56
4 58 88
4 59 -95
4 60 89
4 61 6
4 62 -16
4 63 -23
4 67 -85
4 69 -29
4 72 -71
4 75 -10
4 77 97
4 79 39
4 81 -19
4 83 66
4 85 7
4 86 -63
4 87 25
4 88 -8
4 91 -85
4 92 -55
4 95 3
4 96 60
4 98 44
4 99 -3
5 1 -82
5 2 -43
5 3 -81
5 6 70
5 7 25
5 9 56
5 10 47
5 11 51
5 12 -81
5 13 65
5 14 53
5 15 -39
5 16 79
5 19 8
5 21 -55
5 22 14
5 26 -79
5 28 28
5 30 39
5 32 23
5 34 60
5 37 27
5 38 -17
5 39 -58
5 44 91
5 46 59
5 47 -15
5 51 -58
5 54 -31
5 55 94
5 57 68
5 59 76
5 60 -50
5 63 49
5 65 -69
5 66 -56
5 67 77
5 68 -2
5 71 58
5 72 -52
5 73 25
5 74 -19
5 75 -39
5 77 54
5 80 4
5 81 45
5 82 69
5 83 47
5 85 91
5 86 30
5 87 49
5 88 71
5 91 -94
5 92 24
5 95 34
5 96 72
6 2 -82
6 4 -77
6 5 51
6 6 57
6 7 -6
6 10 70
6 11 -31
6 12 63
6 14 52
6 15 43
6 16 100
6 22 -47
6 23 93
6 25 68
6 26 -86
6 27 -51
6 28 -79
6 29 -10
6 36 -37
6 37 39
6 39 98
6 42 37
6 44 74
6 45 -98
6 48 69
6 49 69
6 50 -100
6 51 14
6 52 -29
6 54 -99
6 58 26
6 60 -98
6 63 44
6 65 10
6 67 -15
6 69 20
6 70 -87
6 71 -87
6 72 10
6 73 90
6 75 24
6 81 -43
6 83 -16
6 85 8
6 86 77
6 87 -67
6 88 54
6 92 -75
6 93 99
6 94 26
6 95 -63
6 96 34
6 97 71
6 98 -19
6 99 -8
7 1 -43
7 2 82
7 3 42
7 6 37
7 8 -22
7 13 83
7 15 -79
7 16 -5
7 17 23
7 18 -43
7 19 -95
7 25 76
7 26 -62
7 27 -64
7 28 97
7 29 -59
7 30 -9
7 31 91
7 35 28
7 36 -63
7 37 -49
7 38 58
7 39 63
7 40 40
7 41 22
7 42 63
7 45 7
7 46 43
7 47 30
7 48 50
7 49 -23
7 52 -88
7 53 43
7 55 -90
7 56 -41
7 57 15
7 58 -33
7 61 -62
7 63 74
7 68 -23
7 69 90
7 71 -78
7 72 -90
7 75 24
7 76 -37
7 78 -78
7 79 99
7 81 72
7 84 44
7 85 66
7 86 81
7 87 6
7 92 -72
7 93 -10
7 95 -10
7 97 63
7 98 88
7 99 -52
8 2 -64
8 4 27
8 6 -4
8 8 -41
8 10 -98
8 13 75
8 17 -68
8 18 15
8 24 66
8 27 71
8 28 87
8 29 -80
8 32 45
8 35 17
8 38 -56
8 41 -25
8 42 44
8 43 86
8 44 -12
8 48 18
8 51 33
8 52 39
8 54 20
8 55 56
8 56 -66
8 58 -46
8 60 -13
8 61 62
8 62 -74
8 63 -47
8 64 70
8 65 57
8 70 -78
8 72 48
8 74 93
8 75 -38
8 76 88
8 77 -23
8 78 47
8 79 -17
8 80 38
8 81 94
8 82 44
8 83 54
8 84 15
8 85 -18
8 86 -12
8 88 15
8 90 14
8 91 59
8 93 -38
8 94 45
8 95 94
8 97 -13
8 99 -84
9 1 -84
9 3 87
9 4 -24
9 7 -42
9 9 61
9 11 -96
9 13 -1
9 15 -4
9 16 -3
9 18 -75
9 19 27
9 21 91
9 22 37
9 23 15
9 27 73
9 28 -24
9 29 -89
9 31 56
9 32 24
9 34 -58
9 35 88
9 36 -35
9 39 -26
9 41 -52
9 42 -45
9 43 14
9 46 -9
9 47 93
9 48 51
9 49 76
9 50 99
9 53 28
9 54 -78
9 56 77
9 57 42
9 58 -1
9 59 -46
9 60 86
9 61 45
9 62 -60
9 64 11
9 66 60
9 68 35
9 69 -95
9 70 30
9 74 33
9 76 20
9 78 3
9 80 -20
9 85 35
9 86 -7
9 89 -79
9 91 -89
9 94 69
9 95 -97
9 97 18
9 98 65
10 0 -12
10 1 -48
10 3 -84
10 4 -56
10 5 63
10 7 -28
10 8 51
10 10 -25
10 11 77
10 12 -75
10 13 -91
10 14 -2
10 15 -3
10 16 99
10 18 -55
10 19 92
10 20 43
10 21 -50
10 22 51
10 23 99
10 25 80
10 27 -4
10 30 37
10 31 -22
10 33 -92
10 35 48
10 36 93
10 38 41
10 39 -64
10 42 -27
10 45 58
10 46 8
10 49 59
10 52 19
10 53 5
10 54 55
10 55 22
10 56 30
10 58 13
10 59 1
10 61 14
10 62 46
10 63 87
10 64 75
10 65 74
10 67 -57
10 68 -64
10 69 46
10 70 98
10 71 59
10 73 -20
10 76 -3
10 77 -58
10 79 90
10 82 -33
10 84 40
10 85 -87
10 90 -20
10 91 39
10 93 -83
10 94 24
10 99 88
11 0 -53
11 1 4
11 2 -76
11 4 22
11 7 -38
11 12 21
11 15 -89
11 17 -81
11 20 69
11 22 -3
11 24 -14
11 26 -1
11 27 -57
11 28 -85
11 29 -34
11 30 34
11 34 -30
11 36 -57
11 38 60
11 39 91
11 41 -68
11 43 -87
11 45 50
11 47 55
11 48 1
11 49 2
11 52 30
11 54 88
11 55 -59
11 57 85
11 58 -38
11 59 -70
11 60 9
11 61 -13
11 62 -56
11 63 -97
11 65 -12
11 66 22
11 67 -38
11 70 -59
11 71 -84
11 73 -73
11 75 60
11 76 -37
11 77 -61
11 78 81
11 79 75
11 81 -67
11 82 -39
11 83 -57
11 84 -61
11 86 57
11 90 40
11 91 -25
11 92 -30
11 93 38
11 95 12
11 96 30
11 97 5
12 0 37
12 2 5
12 3 82
12 5 -24
12 6 -47
12 8 -31
12 10 24
12 11 -72
12 12 86
12 13 4
12 17 27
12 18 -87
12 20 20
12 21 64
12 22 -96
12 23 36
12 24 -60
12 25 47
12 26 26
12 27 -13
12 28 66
12 29 -51
12 30 64
12 31 -22
12 33 -52
12 37 12
12 39 -31
12 40 -77
12 41 87
12 42 68
12 43 71
12 44 69
12 45 6
12 46 23
12 47 -10
12 51 -73
12 52 99
12 53 20
12 54 -8
12 57 98
12 58 35
12 59 38
12 62 76
12 65 -2
12 66 -7
12 67 6
12 69 77
12 70 87
12 73 -4
12 74 -55
12 77 -22
12 78 94
12 79 -18
12 81 -89
12 83 92
12 84 -45
12 85 -73
12 87 -23
12 88 19
12 91 88
12 93 -45
12 95 98
12 96 -99
13 1 89
13 2 21
13 3 -79
13 4 66
13 6 51
13 7 69
13 8 79
13 9 -51
13 10 40
13 11 -87
13 12 -57
13 13 -47
13 14 -62
13 16 -77
13 17 -51
13 20 40
13 21 -48
13 22 -41
13 25 47
13 26 74
13 27 85
13 28 37
13 30 1
13 31 -41
13 32 -90
13 34 -16
13 36 -31
13 37 -65
13 38 -6
13 39 -61
13 41 -76
13 42 14
13 43 -23
13 44 -68
13 46 2
13 48 68
13 50 32
13 52 -38
13 53 73
13 54 3
13 55 -24
13 60 57
13 61 -69
13 62 19
13 63 -54
13 65 95
13 66 16
13 69 34
13 70 -66
13 71 -62
13 72 -32
13 74 48
13 75 -59
13 76 -60
13 77 14
13 78 49
13 79 -3
13 80 41
13 84 -13
13 86 69
13 87 5
13 91 -77
13 92 -65
13 93 -38
13 95 95
13 96 -33
13 97 53
13 99 -4
14 5 36
14 6 -80
14 7 -56
14 8 66
14 11 -40
14 14 13
14 15 -57
14 16 -88
14 17 -74
14 18 80
14 19 -47
14 21 40
14 22 78
14 23 -1
14 24 97
14 25 27
14 26 56
14 30 -32
14 31 33
14 33 -19
14 37 30
14 38 52
14 40 -78
14 42 -63
14 43 -84
14 44 92
14 45 -63
14 46 -11
14 47 21
14 48 76
14 49 -53
14 50 -13
14 52 49
14 53 -19
14 56 -38
14 57 27
14 59 -38
14 61 37
14 62 5
14 66 -33
14 67 -8
14 69 -43
14 71 24
14 72 -18
14 73 -37
14 74 17
14 75 26
14 76 44
14 77 -6
14 78 -38
14 81 -46
14 82 -7
14 85 32
14 86 -68
14 88 -71
14 90 -45
14 91 37
14 93 -75
14 95 -95
14 96 -58
14 97 -14
14 98 -99
15 0 -70
15 2 -85
15 3 -58
15 4 88
15 5 76
15 7 24
15 8 -95
15 9 37
15 10 -90
15 11 -27
15 14 -23
15 15 74
15 16 -81
15 19 56
15 20 39
15 21 22
15 22 62
15 23 32
15 24 38
15 25 -58
15 28 52
15 30 87
15 32 -35
15 33 -61
15 34 85
15 36 -24
15 37 -50
15 39 -25
15 41 -20
15 42 57
15 45 -25
15 46 9
15 48 -47
15 49 -75
15 50 -45
15 52 94
15 53 -40
15 54 89
15 56 -26
15 57 37
15 59 33
15 60 -45
15 61 39
15 64 7
15 65 -98
15 66 -6
15 68 62
15 69 30
15 70 98
15 73 -88
15 74 12
15 75 -6
15 76 34
15 77 -1
15 78 -44
15 81 69
15 82 35
15 83 -10
15 84 2
15 85 85
15 86 18
15 87 -97
15 89 5
15 90 53
15 91 -74
15 92 69
15 95 28
15 97 -93
15 98 100
15 99 55
16 0 -92
16 1 80
16 4 86
16 5 54
16 6 -91
16 9 -69
16 11 86
16 12 -80
16 13 35
16 14 7
16 15 49
16 16 -71
16 19 -34
16 21 -17
16 22 93
16 23 -58
16 24 -34
16 25 29
16 26 -19
16 27 -26
16 28 46
16 29 -57
16 30 -20
16 31 -57
16 32 37
16 35 -65
16 41 82
16 42 -21
16 43 -20
16 44 7
16 46 74
16 47 60
16 48 -86
16 50 -9
16 51 55
16 52 9
16 53 -74
16 55 -11
16 56 21
16 57 2
16 58 62
16 61 -41
16 62 6
16 63 -99
16 64 76
16 66 -75
16 67 -15
16 68 -59
16 69 35
16 70 -19
16 71 18
16 72 2
16 73 66
16 75 -35
16 76 -99
16 82 -7
16 85 33
16 86 5
16 88 -51
16 89 36
16 90 27
16 91 -10
16 92 22
16 94 65
16 95 -33
16 96 -20
16 98 41
17 0 -99
17 4 97
17 5 -25
17 6 62
17 7 12
17 11 29
17 13 -37
17 15 -65
17 17 -78
17 18 74
17 19 -49
17 24 -82
17 25 -74
17 27 -77
17 28 33
17 29 8
17 31 -86
17 32 -14
17 33 -60
17 36 -21
17 37 -18
17 38 33
17 41 -99
17 42 82
17 47 29
17 49 91
17 50 -93
17 51 -17
17 54 97
17 57 37
17 59 44
17 62 30
17 63 100
17 67 29
17 69 86
17 73 17
17 74 -63
17 75 -5
17 76 82
17 77 -44
17 78 71
17 80 78
17 81 63
17 82 -63
17 83 67
17 84 98
17 85 -9
17 86 -81
17 87 69
17 89 -44
17 90 65
17 91 34
17 93 -6
17 94 55
17 96 -77
18 0 -17
18 5 -10
18 8 -62
18 11 100
18 12 51
18 13 -34
18 14 65
18 15 -90
18 16 -59
18 18 75
18 20 -75
18 21 -87
18 23 8
18 25 87
18 26 -45
18 27 23
18 29 54
18 30 -95
18 31 61
18 32 62
18 34 5
18 35 40
18 36 -94
18 37 77
18 38 18
18 40 53
18 41 -35
18 46 74
18 47 51
18 48 -24
18 52 32
18 53 -96
18 56 -17
18 57 -37
18 59 81
18 63 78
18 64 86
18 65 -15
18 67 36
18 69 64
18 73 -76
18 74 -15
18 76 18
18 77 55
18 78 65
18 79 67
18 80 25
18 83 57
18 87 -81
18 88 54
18 89 67
18 90 -3
18 91 29
18 92 62
18 94 -85
18 95 67
18 97 65
18 98 -33
18 99 48
19 0 -40
19 2 14
19 3 -77
19 5 -4
19 6 37
19 7 -90
19 8 -68
19 10 -22
19 11 -49
19 13 -78
19 15 -38
19 16 -22
19 17 -38
19 18 40
19 20 -82
19 21 -90
19 23 12
19 24 23
19 27 -45
19 29 -36
19 32 89
19 33 45
19 34 -49
19 40 -49
19 45 28
19 46 -64
19 47 87
19 49 -87
19 50 50
19 55 -10
19 56 -92
19 57 -73
19 58 58
19 60 -74
19 63 87
19 64 35
19 65 -13
19 66 -57
19 67 96
19 68 19
19 71 47
19 72 -80
19 73 -55
19 74 46
19 75 -100
19 76 68
19 77 -39
19 79 -69
19 80 -55
19 81 29
19 82 67
19 83 16
19 84 99
19 86 -66
19 87 43
19 88 -68
19 89 -3
19 90 -47
19 91 -25
19 92 31
19 93 -66
19 94 -9
19 96 -44
19 97 -25
19 98 -99
19 99 -85
20 0 20
20 1 55
20 3 35
20 5 32
20 6 39
20 7 -84
20 8 65
20 10 81
20 11 15
20 12 -66
20 13 78
20 14 -1
20 17 -56
20 19 -34
20 20 -76
20 21 21
20 22 99
20 24 -26
20 26 18
20 27 30
20 30 -33
20 31 80
20 33 100
20 34 -3
20 35 73
20 36 -11
20 37 -28
20 38 -5
20 43 -84
20 45 -36
20 46 -39
20 47 -68
20 48 56
20 49 100
20 50 -78
20 51 -5
20 52 10
20 54 -98
20 55 -87
20 57 44
20 58 94
20 59 -29
20 62 63
20 63 -73
20 64 61
20 66 -5
20 67 72
20 68 -98
20 77 -64
20 78 38
20 79 -87
20 80 3
20 81 5
20 84 -71
20 85 92
20 86 86
20 89 21
20 90 15
20 91 72
20 92 -40
20 95 -80
20 97 59
21 0 -24
21 1 -55
21 3 18
21 6 -52
21 8 -27
21 9 -51
21 13 -26
21 16 -49
21 17 3
21 19 -73
21 21 -77
21 23 92
21 24 -76
21 25 -9
21 26 6
21 27 80
21 28 -51
21 30 9
21 32 -39
21 33 -27
21 34 12
21 35 66
21 38 -76
21 39 -31
21 43 -28
21 44 -11
21 45 -53
21 46 -27
21 49 -98
21 50 13
21 52 -21
21 53 -36
21 57 -16
21 58 -20
21 61 52
21 62 -54
21 63 -37
21 64 -41
21 65 -47
21 66 55
21 67 71
21 68 -53
21 69 50
21 72 44
21 73 -13
21 74 38
21 80 -100
21 81 -74
21 82 73
21 84 100
21 86 -34
21 89 -68
21 90 47
21 92 -68
21 93 -93
21 94 30
21 95 20
21 97 -58
21 98 -32
22 1 -28
22 2 58
22 5 -55
22 7 99
22 8 93
22 10 10
22 13 55
22 14 95
22 15 67
22 16 -38
22 18 -72
22 19 55
22 20 71
22 21 -84
22 22 -42
22 23 -71
22 26 -94
22 27 57
22 29 -17
22 30 12
22 31 -38
22 33 95
22 34 49
22 35 -19
22 36 -8
22 38 6
22 41 48
22 42 60
22 43 -39
22 44 -89
22 45 26
22 46 36
22 48 2
22 49 50
22 50 95
22 51 -92
22 52 89
22 54 86
22 55 -4
22 56 54
22 57 84
22 58 -100
22 59 -73
22 60 -46
22 61 97
22 62 44
22 63 -87
22 64 53
22 67 58
22 69 -65
22 72 -51
22 74 21
22 75 20
22 76 -75
22 78 41
22 82 43
22 84 25
22 85 34
22 89 -98
22 90 88
22 92 -62
22 93 51
22 95 -67
22 96 -60
22 97 50
22 98 85
22 99 67
23 1 -44
23 3 -19
23 4 30
23 8 93
23 11 10
23 12 -22
23 13 -91
23 15 -33
23 16 -26
23 17 79
23 18 30
23 19 -27
23 20 -5
23 21 100
23 22 64
23 27 -91
23 30 55
23 31 24
23 32 -14
23 33 -76
23 34 -83
23 36 -24
23 38 98
23 40 63
23 41 -58
23 42 -90
23 43 53
23 45 -3
23 46 -98
23 47 -14
23 49 -63
23 52 61
23 53 85
23 54 -79
23 55 65
23 58 -52
23 62 -17
23 65 66
23 66 100
23 67 -46
23 70 21
23 71 94
23 73 -40
23 76 -97
23 77 -90
23 78 61
23 80 72
23 81 40
23 82 -15
23 84 -2
23 85 -22
23 86 -34
23 87 -82
23 88 -31
23 89 -93
23 91 49
23 92 97
23 94 -73
23 95 -99
23 98 10
24 0 58
24 1 60
24 4 22
24 5 40
24 8 -94
24 9 -82
24 11 -41
24 13 -54
24 14 39
24 16 65
24 17 -29
24 18 49
24 21 44
24 22 -95
24 24 -26
24 25 -38
24 26 80
24 29 4
24 30 21
24 31 -52
24 32 -70
24 33 100
24 34 11
24 35 83
24 36 -95
24 37 12
24 38 22
24 39 35
24 40 49
24 45 -77
24 46 -95
24 48 -63
24 49 5
24 50 -2
24 51 -88
24 52 -3
24 53 72
24 54 90
24 55 -10
24 56 41
24 59 71
24 60 38
24 61 59
24 63 75
24 64 -73
24 65 98
24 67 66
24 68 44
24 69 -4
24 70 1
24 71 -80
24 72 20
24 73 98
24 76 -36
24 81 19
24 82 85
24 83 -27
24 84 88
24 87 -88
24 88 -44
24 90 -91
24 93 39
24 94 34
24 95 -15
24 96 -10
24 97 -90
24 98 34
25 1 -92
25 2 -83
25 3 -97
25 5 -24
25 6 12
25 8 50
25 9 -18
25 10 60
25 11 39
25 12 15
25 17 89
25 23 78
25 25 -56
25 26 71
25 27 60
25 28 -23
25 29 -17
25 30 27
25 32 -45
25 33 -33
25 34 -60
25 35 -19
25 36 -84
25 37 89
25 39 23
25 40 -57
25 42 88
25 43 12
25 45 54
25 46 43
25 48 -60
25 52 -8
25 53 68
25 54 -18
25 55 -73
25 56 33
25 57 33
25 58 76
25 60 34
25 63 30
25 64 95
25 65 23
25 67 -42
25 69 -75
25 72 41
25 73 -31
25 75 5
25 76 -43
25 77 52
25 78 57
25 79 10
25 81 -15
25 82 98
25 83 96
25 84 12
25 86 38
25 89 -96
25 92 -43
25 93 -8
25 94 22
25 96 98
25 97 65
25 98 -79
26 4 -49
26 5 43
26 9 -65
26 11 37
26 13 7
26 15 -70
26 16 88
26 17 80
26 19 29
26 20 35
26 21 -95
26 22 -92
26 23 -28
26 25 -99
26 26 -99
26 29 -37
26 30 -5
26 31 -77
26 32 -12
26 33 -71
26 36 -12
26 38 -83
26 39 -84
26 40 2
26 44 49
26 46 24
26 48 14
26 51 -23
26 53 94
26 56 -60
26 60 -72
26 61 86
26 63 -69
26 64 95
26 65 71
26 66 -71
26 72 21
26 73 21
26 75 62
26 76 35
26 77 -90
26 79 -3
26 80 -70
26 82 -28
26 83 -69
26 84 -91
26 90 -49
26 91 69
26 92 55
26 93 -75
26 98 37
26 99 -68
27 0 -85
27 2 -99
27 3 50
27 4 -50
27 6 16
27 7 86
27 12 -22
27 14 44
27 16 91
27 18 -4
27 19 -35
27 20 10
27 22 -12
27 23 -9
27 25 5
27 27 -62
27 28 71
27 29 -69
27 30 21
27 33 -36
27 36 -88
27 37 55
27 41 -72
27 42 6
27 43 -79
27 44 64
27 48 -85
27 50 -58
27 51 97
27 52 -98
27 55 -97
27 60 81
27 61 -93
27 63 -65
27 64 -62
27 68 -94
27 69 -80
27 71 69
27 72 -68
27 73 93
27 75 83
27 77 -60
27 78 -91
27 79 81
27 80 -8
27 82 89
27 83 74
27 84 -90
27 85 63
27 90 -69
27 91 -3
27 92 63
27 94 66
27 95 63
27 96 -1
27 98 64
28 1 -99
28 2 -23
28 3 85
28 4 -87
28 5 -64
28 7 79
28 8 -76
28 9 29
28 12 -91
28 13 27
28 14 13
28 15 -43
28 16 -43
28 18 -47
28 20 -17
28 21 -8
28 24 73
28 25 92
28 26 21
28 27 41
28 29 -58
28 30 -96
28 32 28
28 35 80
28 37 61
28 38 -13
28 39 26
28 41 7
28 44 -66
28 45 -16
28 47 34
28 48 66
28 49 -51
28 50 -90
28 51 -75
28 52 76
28 53 33
28 54 54
28 56 -73
28 59 -88
28 60 -23
28 61 47
28 62 -65
28 63 77
28 64 85
28 65 -47
28 67 -27
28 68 -53
28 70 -77
28 71 27
28 73 -20
28 74 38
28 75 40
28 76 -41
28 77 -8
28 78 16
28 79 -97
28 80 -75
28 81 21
28 83 32
28 84 33
28 86 95
28 87 -17
28 88 49
28 89 -39
28 92 -25
28 93 36
28 95 24
28 96 -18
28 97 -92
28 98 68
29 1 16
29 2 -70
29 4 56
29 6 100
29 7 35
29 11 -38
29 14 75
29 17 -55
29 18 42
29 19 54
29 21 -56
29 22 78
29 24 27
29 25 5
29 26 -74
29 30 -68
29 32 62
29 33 -67
29 34 -7
29 35 -88
29 36 -57
29 37 -83
29 39 -61
29 40 32
29 51 24
29 52 -69
29 54 38
29 55 -99
29 56 -76
29 57 -97
29 58 63
29 62 -21
29 63 94
29 64 75
29 65 81
29 66 79
29 67 90
29 68 -48
29 70 -2
29 71 75
29 72 -6
29 73 16
29 74 -98
29 76 -44
29 78 -12
29 79 -29
29 80 -85
29 81 25
29 82 37
29 84 -45
29 86 -48
29 89 -84
29 91 94
29 92 -71
29 93 88
29 95 44
29 97 -79
30 0 28
30 1 -11
30 4 -64
30 5 -40
30 9 21
30 11 98
30 13 -61
30 14 -70
30 15 31
30 16 -12
30 17 72
30 20 -80
30 22 -3
30 23 47
30 24 -91
30 26 93
30 27 -69
30 28 67
30 29 -7
30 30 5
30 32 -13
30 36 -12
30 37 23
30 38 28
30 39 40
30 40 27
30 42 6
30 43 -96
30 44 15
30 47 79
30 48 -24
30 49 83
30 51 39
30 53 -49
30 54 15
30 56 57
30 57 46
30 61 50
30 62 -84
30 63 -41
30 64 -67
30 65 39
30 71 88
30 72 2
30 73 65
30 74 65
30 79 -65
30 81 -48
30 83 -23
30 84 99
30 85 99
30 86 82
30 89 -64
30 90 47
30 91 -33
30 95 -19
30 96 23
30 97 95
30 98 -100
30 99 -47
31 0 -13
31 1 6
31 2 -38
31 4 -92
31 5 -54
31 6 -81
31 8 53
31 10 -46
31 11 -7
31 12 34
31 15 -81
31 17 -86
31 18 -52
31 21 54
31 23 78
31 25 -25
31 26 78
31 27 86
31 30 14
31 31 -34
31 33 62
31 35 10
31 36 -54
31 38 -42
31 40 -53
31 41 -33
31 43 27
31 45 -24
31 46 58
31 47 82
31 48 48
31 49 87
31 51 75
31 52 -6
31 56 -83
31 59 -7
31 60 75
31 61 34
31 62 -36
31 65 -92
31 66 -74
31 67 -22
31 71 20
31 72 95
31 73 38
31 74 29
31 75 -69
31 77 22
31 78 77
31 79 13
31 80 -95
31 82 56
31 84 -59
31 88 68
31 91 53
31 93 -40
31 94 -2
31 96 -60
31 98 -47
31 99 -85
32 0 53
32 1 -37
32 3 -71
32 4 64
32 5 86
32 6 20
32 8 -34
32 10 -16
32 11 98
32 14 -58
32 15 -78
32 16 -99
32 17 -24
32 18 -61
32 19 31
32 21 76
32 23 53
32 26 32
32 27 90
32 29 98
32 30 68
32 32 57
32 33 51
32 34 -35
32 35 -34
32 36 -59
32 37 93
32 38 -37
32 39 82
32 40 -70
32 41 -92
32 42 64
32 44 -40
32 45 59
32 46 76
32 47 91
32 49 48
32 50 14
32 52 -35
32 53 92
32 54 32
32 55 90
32 56 -47
32 57 93
32 59 -84
32 60 64
32 61 -25
32 62 -41
32 64 61
32 67 -1
32 68 -6
32 69 -85
32 70 28
32 72 -4
32 73 35
32 75 39
32 77 50
32 78 8
32 79 75
32 80 19
32 82 76
32 84 41
32 85 4
32 86 80
32 87 38
32 88 -39
32 89 77
32 90 57
32 91 88
32 92 -43
32 93 80
32 95 57
32 96 10
32 99 -21
33 0 13
33 2 74
33 3 -46
33 4 42
33 5 -73
33 6 -31
33 8 -78
33 9 52
33 10 34
33 11 -37
33 12 -41
33 13 -70
33 14 20
33 15 91
33 16 -42
33 18 -23
33 19 8
33 20 -55
33 21 8
33 23 48
33 24 20
33 27 -98
33 28 -42
33 30 -67
33 36 45
33 39 -100
33 40 16
33 41 -76
33 43 -14
33 44 -63
33 46 8
33 50 93
33 51 12
33 53 71
33 54 -15
33 55 -63
33 57 59
33 59 -99
33 60 -94
33 61 7
33 63 97
33 64 27
33 66 15
33 67 75
33 68 38
33 69 -74
33 70 -33
33 71 -74
33 72 98
33 73 19
33 74 22
33 75 2
33 79 -23
33 84 72
33 86 -1
33 87 -40
33 89 -26
33 90 2
33 91 -48
33 96 85
33 97 99
33 99 -66
34 0 -21
34 2 -38
34 3 -48
34 4 67
34 6 99
34 9 -78
34 10 42
34 12 45
34 13 -41
34 15 -65
34 17 66
34 18 -52
34 19 -64
34 20 -68
34 23 44
34 24 23
34 26 -46
34 27 12
34 33 -100
34 34 -91
34 37 88
34 38 -42
34 40 5
34 41 26
34 42 70
34 44 8
34 45 -58
34 53 -63
34 54 -59
34 56 -27
34 58 -97
34 59 32
34 61 76
34 62 -85
34 63 45
34 64 -98
34 65 41
34 66 22
34 67 73
34 68 -18
34 69 6
34 70 39
34 72 -96
34 74 17
34 76 12
34 77 -10
34 80 32
34 81 28
34 82 72
34 88 -60
34 89 -17
34 91 -44
34 94 -89
34 96 36
34 97 -36
34 99 -82
35 1 76
35 4 36
35 6 -78
35 8 75
35 11 94
35 12 -90
35 15 97
35 16 75
35 17 -39
35 18 -11
35 20 -43
35 21 -35
35 24 32
35 25 -92
35 26 -87
35 27 -58
35 28 15
35 31 65
35 32 -13
35 33 -49
35 34 -23
35 35 82
35 36 -91
35 37 41
35 38 31
35 40 -45
35 41 -64
35 42 91
35 43 84
35 45 39
35 47 -42
35 48 85
35 49 -41
35 51 -91
35 53 -80
35 55 -88
35 58 -39
35 61 97
35 62 -11
35 63 -3
35 64 78
35 66 -79
35 67 -63
35 70 5
35 72 62
35 73 -35
35 74 -97
35 75 -53
35 78 55
35 79 64
35 80 50
35 82 -47
35 83 -78
35 84 48
35 86 -100
35 87 55
35 88 53
35 89 46
35 90 42
35 93 18
35 94 45
35 95 -45
35 97 -80
35 99 84
36 1 -77
36 3 -91
36 4 -44
36 5 12
36 9 85
36 11 87
36 12 -74
36 13 -77
36 15 -51
36 17 69
36 20 33
36 21 71
36 22 57
36 24 -3
36 25 -1
36 28 -50
36 31 -63
36 32 -11
36 33 -74
36 35 -91
36 36 73
36 39 -15
36 40 9
36 41 -6
36 42 -40
36 43 -85
36 44 -24
36 45 -14
36 46 -72
36 47 83
36 49 51
36 50 12
36 53 29
36 55 -82
36 56 32
36 59 79
36 60 35
36 61 15
36 62 -65
36 66 58
36 70 -21
36 73 48
36 75 1
36 76 -64
36 77 80
36 80 39
36 84 4
36 85 -53
36 86 -93
36 87 29
36 88 24
36 90 63
36 95 100
36 96 -9
36 98 46
36 99 18
37 1 -81
37 2 -6
37 4 34
37 5 15
37 7 -73
37 10 91
37 11 -47
37 12 -93
37 13 -57
37 16 94
37 19 -86
37 20 7
37 21 1
37 22 94
37 23 36
37 25 -24
37 26 58
37 27 51
37 28 -37
37 30 -74
37 32 80
37 33 72
37 34 -90
37 36 98
37 38 41
37 40 -40
37 41 77
37 42 10
37 43 -33
37 44 -44
37 46 1
37 47 48
37 48 10
37 49 -67
37 52 23
37 53 56
37 54 69
37 55 57
37 56 29
37 57 78
37 59 74
37 60 38
37 61 40
37 62 83
37 63 9
37 64 -50
37 66 86
37 68 73
37 69 37
37 71 -30
37 72 -8
37 74 -86
37 75 -13
37 77 -70
37 78 51
37 81 -55
37 83 26
37 85 45
37 89 24
37 90 -5
37 91 -93
37 93 -78
37 95 -68
37 98 -17
37 99 54
38 1 -14
38 2 8
38 3 5
38 5 -37
38 6 -58
38 11 -34
38 12 98
38 13 86
38 14 -70
38 16 46
38 17 -22
38 18 -3
38 20 57
38 21 22
38 22 77
38 23 77
38 24 -19
38 25 -18
38 27 -32
38 28 -97
38 29 -100
38 31 27
38 35 1
38 36 -17
38 40 10
38 42 93
38 43 38
38 44 -22
38 46 84
38 47 29
38 49 -67
38 50 92
38 51 34
38 53 71
38 54 87
38 56 -11
38 57 -51
38 59 60
38 63 -74
38 64 -22
38 65 -95
38 67 -25
38 69 7
38 71 99
38 72 -90
38 73 -20
38 74 -56
38 76 -12
38 77 -85
38 80 94
38 84 -53
38 85 -30
38 87 -39
38 91 71
38 92 -22
38 93 -67
38 94 -35
38 96 -59
38 97 -34
38 98 -47
38 99 41
39 0 -36
39 1 -36
39 2 93
39 3 -59
39 5 29
39 6 -23
39 7 17
39 9 -67
39 10 -17
39 12 -72
39 13 60
39 14 39
39 16 -96
39 19 59
39 20 -99
39 21 49
39 23 9
39 24 -14
39 26 -65
39 27 -73
39 29 37
39 31 -17
39 32 100
39 33 7
39 35 56
39 36 -43
39 37 -74
39 40 -7
39 43 84
39 44 36
39 46 4
39 49 -31
39 51 63
39 52 82
39 54 5
39 55 -56
39 57 67
39 59 64
39 60 100
39 62 4
39 63 57
39 65 -8
39 67 -3
39 68 -22
39 70 -48
39 71 55
39 72 -57
39 73 -20
39 74 91
39 78 -27
39 79 -33
39 80 50
39 81 -98
39 82 -92
39 83 -58
39 85 -6
39 86 74
39 91 17
39 92 65
39 93 -11
39 95 -18
39 96 -57
39 97 -56
39 98 -81
40 1 -49
40 2 89
40 5 -71
40 6 85
40 7 -88
40 8 14
40 10 8
40 11 -14
40 12 39
40 13 -53
40 14 29
40 16 34
40 17 19
40 18 -35
40 19 -78
40 20 8
40 21 -85
40 22 47
40 23 -32
40 25 25
40 26 21
40 27 12
40 28 -94
40 30 -80
40 31 -95
40 33 -42
40 34 89
40 36 -90
40 37 -59
40 39 87
40 41 10
40 43 76
40 44 13
40 45 -13
40 47 56
40 49 45
40 52 -33
40 53 -35
40 56 59
40 57 94
40 59 80
40 60 70
40 61 6
40 62 53
40 63 25
40 66 72
40 70 12
40 71 24
40 72 24
40 73 35
40 74 39
40 75 -36
40 78 -53
40 79 85
40 81 -87
40 82 65
40 83 -46
40 84 -56
40 85 -23
40 86 15
40 87 48
40 88 -50
40 91 6
40 92 40
40 94 19
40 96 -7
41 0 39
41 2 -99
41 5 -54
41 6 -53
41 7 47
41 8 87
41 9 -57
41 11 66
41 14 28
41 15 -54
41 19 24
41 20 91
41 21 51
41 26 -49
41 27 -32
41 29 65
41 30 34
41 31 7
41 35 12
41 36 100
41 38 -69
41 39 -5
41 40 9
41 42 -62
41 44 43
41 45 -97
41 46 -82
41 47 -18
41 48 75
41 51 -88
41 52 68
41 53 -32
41 54 -24
41 55 45
41 57 55
41 59 -56
41 60 -69
41 63 47
41 64 -46
41 68 -90
41 69 61
41 70 -30
41 71 -21
41 72 18
41 78 -55
41 79 22
41 81 84
41 84 -97
41 86 11
41 87 100
41 88 -78
41 92 64
41 96 -11
41 99 -27
42 0 45
42 2 -51
42 5 -48
42 6 32
42 9 -91
42 10 7
42 11 27
42 12 -100
42 14 -85
42 15 -42
42 18 -58
42 19 66
42 20 81
42 21 -1
42 24 90
42 25 73
42 27 -23
42 28 10
42 29 20
42 31 -53
42 32 85
42 33 68
42 34 -24
42 35 41
42 39 21
42 40 -37
42 42 93
42 43 82
42 45 -50
42 48 31
42 49 49
42 50 98
42 51 27
42 55 -26
42 56 92
42 57 90
42 59 19
42 62 1
42 64 -14
42 66 -43
42 69 51
42 70 -27
42 75 52
42 76 -26
42 77 94
42 78 -39
42 79 -48
42 80 33
42 81 79
42 83 -56
42 84 62
42 85 -89
42 88 -19
42 89 -25
42 90 -64
42 91 -89
42 92 11
42 94 -96
42 95 56
42 96 2
42 98 -70
42 99 -56
43 0 -97
43 1 -50
43 2 -51
43 4 -14
43 7 80
43 10 80
43 11 56
43 13 -96
43 14 17
43 15 -98
43 16 19
43 19 -77
43 20 -34
43 21 -91
43 23 50
43 24 50
43 27 95
43 28 -4
43 29 -12
43 31 44
43 33 77
43 36 61
43 37 37
43 39 -15
43 40 -49
43 41 70
43 42 -25
43 43 1
43 47 -27
43 49 38
43 50 65
43 51 -58
43 52 80
43 53 -22
43 54 -19
43 55 -38
43 60 -65
43 62 34
43 63 -75
43 64 -23
43 70 -13
43 71 -59
43 72 88
43 76 59
43 79 -71
43 80 57
43 81 -13
43 82 -81
43 84 38
43 87 -13
43 88 13
43 89 -39
43 92 65
43 93 63
43 96 88
43 98 81
43 99 -78
44 2 -39
44 3 68
44 4 -6
44 5 99
44 7 -19
44 8 -42
44 10 -76
44 11 18
44 13 18
44 15 -91
44 17 98
44 18 87
44 22 85
44 26 -67
44 28 14
44 29 -73
44 31 98
44 32 -61
44 33 -69
44 35 -66
44 36 13
44 38 -81
44 40 -41
44 41 61
44 43 -13
44 44 -43
44 45 58
44 46 -8
44 47 -14
44 50 -74
44 53 -52
44 54 -58
44 55 23
44 56 -18
44 57 -48
44 58 2
44 60 -41
44 63 84
44 64 85
44 65 71
44 66 39
44 67 -78
44 70 -97
44 72 83
44 75 -48
44 77 -83
44 80 15
44 81 -96
44 83 43
44 85 25
44 88 51
44 90 34
44 91 -35
44 95 -53
44 96 31
44 98 59
45 1 -7
45 2 -32
45 4 32
45 5 -98
45 6 5
45 7 -31
45 9 -53
45 10 -99
45 11 -24
45 12 -96
45 13 -29
45 14 23
45 15 -23
45 17 36
45 18 -2
45 19 99
45 20 2
45 21 90
45 22 -17
45 23 38
45 24 27
45 26 -79
45 28 -70
45 29 98
45 30 66
45 31 13
45 32 -19
45 33 99
45 34 -19
45 35 -20
45 37 70
45 38 83
45 39 23
45 42 -69
45 43 86
45 46 46
45 52 20
45 53 -67
45 54 71
45 57 62
45 60 -38
45 62 -71
45 65 -95
45 66 -90
45 67 -97
45 68 -35
45 69 -82
45 70 100
45 71 -77
45 72 -2
45 73 -76
45 75 -78
45 77 -94
45 78 -78
45 79 64
45 80 -21
45 83 37
45 84 -26
45 85 -48
45 86 -30
45 87 1
45 89 -91
45 91 -24
45 94 -29
45 95 53
45 96 92
45 97 -40
45 98 -40
46 0 43
46 1 -61
46 2 3
46 3 50
46 5 -47
46 7 -43
46 8 97
46 9 16
46 11 98
46 13 29
46 15 86
46 16 -40
46 18 33
46 19 100
46 21 20
46 22 -5
46 23 24
46 26 -23
46 29 -38
46 30 -14
46 31 59
46 32 35
46 33 86
46 34 31
46 35 36
46 36 30
46 37 -58
46 40 -51
46 41 3
46 44 -12
46 45 83
46 46 62
46 47 86
46 48 70
46 50 24
46 51 -85
46 52 92
46 56 -1
46 60 -63
46 63 81
46 65 -17
46 66 -27
46 68 100
46 69 81
46 72 -49
46 73 -44
46 75 100
46 77 -64
46 79 18
46 80 -34
46 81 -90
46 82 60
46 84 -36
46 85 26
46 87 -25
46 88 99
46 89 56
46 90 -94
46 91 -38
46 92 51
46 93 -79
46 96 91
46 97 -30
46 99 -83
47 0 1
47 3 60
47 4 -85
47 9 -58
47 10 76
47 11 -37
47 12 30
47 14 -4
47 16 -11
47 17 -99
47 18 -52
47 23 82
47 24 -24
47 25 82
47 26 25
47 27 -60
47 28 90
47 29 84
47 30 -72
47 31 -77
47 32 -60
47 33 -44
47 36 29
47 39 -85
47 41 21
47 42 -7
47 43 -6
47 45 64
47 50 -38
47 51 38
47 53 -28
47 54 82
47 55 37
47 56 82
47 57 16
47 58 -87
47 59 -14
47 60 -32
47 61 -89
47 62 -64
47 64 -62
47 65 -90
47 66 -69
47 67 -96
47 69 -70
47 71 -85
47 72 -47
47 73 80
47 74 -86
47 75 72
47 76 12
47 78 74
47 80 35
47 81 26
47 82 56
47 84 37
47 87 -94
47 88 88
47 89 -54
47 90 -44
47 93 23
47 94 -29
47 95 73
47 97 62
47 98 74
47 99 -76
48 1 -47
48 3 -43
48 8 34
48 9 -38
48 10 -34
48 11 50
48 13 43
48 14 -31
48 15 -52
48 16 77
48 17 -75
48 18 -88
48 20 62
48 21 11
48 22 -51
48 23 58
48 25 65
48 26 -36
48 27 -55
48 28 -20
48 29 19
48 31 -18
48 33 73
48 34 -91
48 36 -25
48 43 16
48 44 -86
48 48 -84
48 50 -18
48 51 2
48 52 7
48 53 19
48 54 95
48 55 -83
48 57 36
48 61 -79
48 63 -36
48 64 1
48 66 82
48 67 -91
48 68 -98
48 70 -1
48 72 -41
48 73 16
48 75 27
48 76 -19
48 77 -63
48 82 -80
48 84 90
48 88 -82
48 93 47
48 96 55
48 98 78
48 99 -17
49 1 -14
49 4 -42
49 6 39
49 8 32
49 9 -62
49 10 -28
49 11 -68
49 15 99
49 16 29
49 17 -49
49 19 98
49 20 -24
49 22 51
49 25 68
49 27 36
49 28 -59
49 29 -43
49 30 47
49 31 83
49 32 30
49 33 25
49 36 -29
49 39 93
49 41 56
49 42 -62
49 44 -71
49 45 83
49 46 -6
49 47 -29
49 50 70
49 51 -91
49 55 -63
49 56 98
49 57 -74
49 58 -64
49 59 -52
49 60 17
49 63 -56
49 64 58
49 66 -80
49 69 74
49 70 -16
49 72 15
49 73 -21
49 74 -26
49 77 -66
49 82 -27
49 83 68
49 84 23
49 86 -31
49 87 70
49 88 -63
49 91 -97
49 94 -43
49 96 2
49 97 -55
49 98 18
50 1 -37
50 2 80
50 3 43
50 4 -82
50 5 -70
50 6 -57
50 10 12
50 12 73
50 13 15
50 14 33
50 16 44
50 17 82
50 18 -8
50 21 -68
50 22 -1
50 23 -5
50 24 -67
50 25 96
50 27 -33
50 30 -49
50 31 41
50 32 -78
50 34 -40
50 35 -100
50 37 49
50 39 38
50 41 83
50 42 -54
50 44 45
50 45 -90
50 46 33
50 47 71
50 48 -15
50 49 5
50 52 54
50 53 46
50 56 -6
50 59 80
50 60 -83
50 62 -15
50 63 59
50 64 49
50 65 -25
50 69 34
50 71 55
50 72 -33
50 73 75
50 74 68
50 76 -57
50 77 51
50 78 -100
50 80 -94
50 82 -5
50 83 -19
50 84 68
50 85 -58
50 86 42
50 87 -10
50 88 -91
50 89 -8
50 91 -4
50 92 -24
50 93 65
50 94 17
50 96 41
50 97 32
50 98 13
50 99 -52
51 0 -70
51 2 59
51 4 26
51 5 55
51 7 47
51 8 -2
51 9 63
51 10 22
51 11 67
51 13 -67
51 16 41
51 17 -31
51 21 -37
51 22 -19
51 23 -83
51 24 -12
51 27 -23
51 28 29
51 29 77
51 30 -35
51 31 -97
51 32 -27
51 33 33
51 35 -61
51 36 14
51 37 -41
51 38 -87
51 40 -84
51 41 -19
51 44 68
51 46 -64
51 47 -25
51 48 19
51 49 -41
51 53 -33
51 56 98
51 57 -85
51 60 -63
51 61 12
51 62 -17
51 66 -94
51 68 81
51 69 -19
51 70 11
51 75 63
51 77 -56
51 79 47
51 80 -5
51 84 -97
51 85 -96
51 87 47
51 88 63
51 90 -1
51 91 -84
51 93 37
51 94 19
51 95 8
51 96 92
51 98 -8
51 99 24
52 0 66
52 5 -13
52 6 48
52 7 -24
52 8 -61
52 15 -76
52 16 89
52 18 -41
52 21 59
52 23 -51
52 24 -57
52 25 24
52 28 19
52 29 -7
52 32 35
52 33 -8
52 37 22
52 39 -15
52 41 9
52 42 -41
52 43 -52
52 44 -50
52 45 -29
52 46 -80
52 47 97
52 50 -92
52 51 78
52 52 8
52 53 62
52 54 53
52 55 -13
52 57 50
52 59 6
52 61 -77
52 62 -49
52 66 -84
52 71 25
52 72 100
52 75 -79
52 77 -35
52 78 85
52 79 -63
52 81 -29
52 82 46
52 83 37
52 85 -3
52 86 -4
52 87 -58
52 89 9
52 90 -7
52 92 11
52 96 9
52 97 -39
52 99 9
53 1 86
53 3 32
53 4 17
53 5 89
53 8 33
53 9 89
53 10 99
53 11 -87
53 12 -77
53 13 -88
53 15 -63
53 17 42
53 23 -95
53 28 13
53 29 75
53 31 -43
53 32 -1
53 34 16
53 36 75
53 37 31
53 38 66
53 42 -95
53 43 85
53 45 49
53 46 42
53 47 -1
53 48 -54
53 49 72
53 50 -73
53 56 35
53 58 -44
53 59 12
53 60 53
53 61 5
53 62 -11
53 63 -35
53 64 84
53 65 82
53 66 56
53 67 52
53 68 46
53 69 74
53 70 71
53 71 -5
53 72 71
53 73 73
53 75 -100
53 76 -12
53 78 -81
53 79 -72
53 81 48
53 83 -76
53 84 -95
53 90 -50
53 91 -39
53 93 38
53 94 -89
53 95 -52
53 99 20
54 0 -26
54 3 89
54 7 -92
54 8 59
54 10 -49
54 11 -38
54 14 -94
54 15 -79
54 17 27
54 18 66
54 19 80
54 22 -27
54 23 91
54 24 -56
54 26 -62
54 27 75
54 28 -45
54 29 -99
54 30 49
54 33 68
54 35 -53
54 36 22
54 37 -42
54 38 -53
54 39 -86
54 41 -83
54 42 58
54 43 -45
54 45 18
54 46 -23
54 47 72
54 48 11
54 51 60
54 52 24
54 54 15
54 55 -72
54 56 10
54 58 39
54 59 95
54 60 88
54 62 -56
54 65 -97
54 67 -25
54 68 -60
54 70 24
54 73 76
54 76 24
54 79 -14
54 81 -63
54 82 53
54 83 96
54 84 -52
54 91 92
54 94 29
54 95 57
54 96 45
54 98 -22
55 1 16
55 2 -94
55 7 64
55 9 -80
55 12 -82
55 13 79
55 14 -100
55 15 68
55 20 8
55 21 44
55 22 -51
55 23 -31
55 24 -14
55 27 -49
55 34 -98
55 35 52
55 36 41
55 38 -11
55 42 86
55 43 -18
55 45 -21
55 46 91
55 47 -52
55 50 -47
55 51 25
55 53 -54
55 55 -23
55 56 -55
55 57 14
55 61 -1
55 62 8
55 63 50
55 65 100
55 66 -18
55 69 86
55 70 -8
55 72 -35
55 73 -14
55 74 -85
55 75 -20
55 77 -23
55 79 -77
55 80 -85
55 81 -66
55 82 -34
55 83 -85
55 84 -60
55 86 21
55 87 94
55 88 79
55 89 35
55 90 98
55 93 -28
55 96 -48
55 98 -1
55 99 -4
56 1 -93
56 2 91
56 3 -91
56 9 -69
56 10 -15
56 11 -77
56 12 24
56 15 67
56 16 34
56 17 -90
56 18 -52
56 22 -29
56 23 77
56 24 3
56 25 4
56 26 30
56 27 22
56 28 27
56 29 -9
56 31 22
56 32 -71
56 33 -20
56 34 -35
56 35 75
56 36 49
56 37 -47
56 39 -68
56 40 80
56 42 -57
56 45 29
56 47 -35
56 48 -81
56 49 87
56 51 38
56 52 44
56 54 62
56 55 -71
56 57 83
56 58 19
56 60 60
56 63 73
56 64 22
56 65 53
56 66 -48
56 67 -1
56 68 -47
56 70 -23
56 71 -29
56 75 -78
56 76 48
56 78 -26
56 79 56
56 80 -60
56 81 -83
56 82 -40
56 83 -65
56 86 16
56 88 -90
56 89 79
56 90 23
56 91 53
56 92 51
56 94 74
56 95 29
56 98 -60
57 3 64
57 4 -35
57 5 43
57 7 65
57 9 75
57 12 -57
57 17 88
57 19 -14
57 20 88
57 21 73
57 22 -93
57 23 -86
57 24 66
57 25 -32
57 26 20
57 27 -61
57 28 40
57 29 -22
57 30 -88
57 31 2
57 34 98
57 37 -52
57 38 -91
57 39 -66
57 40 -45
57 43 9
57 44 59
57 48 -42
57 50 52
57 51 27
57 52 35
57 54 -39
57 55 -98
57 56 -68
57 57 32
57 58 -71
57 59 3
57 60 -26
57 62 83
57 65 -49
57 67 52
57 70 -80
57 72 -34
57 76 98
57 80 -38
57 81 -64
57 82 -99
57 83 33
57 84 37
57 85 -48
57 86 -95
57 88 -11
57 90 72
57 92 65
57 93 21
57 95 -38
57 97 74
57 98 -42
58 0 53
58 2 -68
58 3 53
58 4 15
58 5 -3
58 7 -100
58 8 -3
58 9 -62
58 10 68
58 11 1
58 12 -65
58 13 -69
58 15 4
58 16 -36
58 17 13
58 18 -76
58 19 69
58 21 -2
58 24 30
58 26 5
58 28 88
58 29 22
58 31 -1
58 32 86
58 33 11
58 34 37
58 35 -1
58 37 -1
58 39 -76
58 40 49
58 41 -36
58 42 -73
58 43 -71
58 45 81
58 46 40
58 47 -10
58 55 67
58 57 23
58 58 -52
58 60 97
58 61 82
58 62 -69
58 63 -99
58 67 -9
58 69 97
58 70 -76
58 71 73
58 73 -75
58 75 -34
58 76 -79
58 78 50
58 80 -55
58 81 -65
58 82 70
58 83 49
58 85 -12
58 86 80
58 87 -39
58 90 39
58 91 68
58 92 -42
58 94 96
58 97 -71
58 98 75
58 99 -50
59 0 -28
59 1 -47
59 2 70
59 4 -14
59 5 -14
59 6 58
59 8 -35
59 9 -60
59 10 -32
59 12 -21
59 14 -68
59 15 -73
59 16 17
59 18 -71
59 20 -86
59 25 -40
59 26 5
59 27 -52
59 28 79
59 29 -50
59 30 17
59 34 -68
59 36 -8
59 40 58
59 41 -26
59 42 45
59 43 -38
59 44 79
59 47 -31
59 48 72
59 52 32
59 54 4
59 57 -98
59 58 -8
59 59 25
59 60 54
59 62 49
59 63 -74
59 65 -100
59 66 29
59 67 -90
59 68 100
59 69 -100
59 71 76
59 72 76
59 73 72
59 75 -65
59 77 25
59 78 -36
59 79 92
59 80 -43
59 83 63
59 84 -22
59 87 92
59 88 61
59 93 96
59 94 77
59 95 -84
59 96 -92
59 97 -100
59 99 26
60 1 -18
60 5 -44
60 8 -53
60 9 37
60 10 -23
60 11 -53
60 12 -89
60 13 -47
60 14 26
60 15 -41
60 16 -38
60 20 -92
60 22 -88
60 23 -73
60 24 -69
60 26 -79
60 27 -52
60 28 25
60 29 77
60 30 -5
60 31 40
60 32 -61
60 35 -66
60 37 35
60 38 63
60 40 65
60 41 73
60 42 -22
60 43 -33
60 44 -60
60 46 -9
60 47 23
60 48 -74
60 49 75
60 51 -27
60 53 68
60 56 57
60 57 32
60 59 -96
60 60 94
60 61 90
60 64 32
60 65 60
60 67 21
60 69 -33
60 70 93
60 71 -66
60 74 20
60 75 35
60 79 20
60 81 84
60 83 -56
60 91 -21
60 92 -76
60 93 -71
60 94 -80
60 95 -52
60 98 40
60 99 -38
61 3 -80
61 4 49
61 5 24
61 6 49
61 8 -19
61 9 46
61 10 -59
61 11 -42
61 14 -54
61 15 21
61 16 -46
61 17 74
61 18 70
61 19 -83
61 25 -33
61 26 26
61 27 -70
61 28 20
61 29 45
61 30 -91
61 32 11
61 33 77
61 35 -59
61 36 25
61 37 -59
61 39 -96
61 40 -4
61 42 -54
61 43 -35
61 45 36
61 46 -84
61 49 -8
61 50 88
61 52 68
61 55 62
61 56 68
61 61 -9
61 62 60
61 63 -28
61 67 -76
61 69 -32
61 70 48
61 71 -50
61 72 -45
61 74 68
61 76 -82
61 77 31
61 78 -45
61 79 -91
61 80 -34
61 85 -35
61 87 35
61 89 -84
61 91 -26
61 92 -81
61 93 43
61 94 50
61 95 22
61 96 -40
61 97 15
61 99 -73
62 0 -71
62 3 14
62 6 96
62 7 -74
62 10 65
62 11 -29
62 12 -35
62 13 -31
62 15 27
62 16 -96
62 17 -33
62 18 87
62 20 -87
62 23 -59
62 24 87
62 25 -3
62 28 99
62 31 26
62 32 19
62 33 18
62 34 -30
62 36 2
62 38 -30
62 39 4
62 42 -46
62 43 66
62 46 -75
62 48 36
62 50 40
62 53 85
62 55 -85
62 56 79
62 58 28
62 59 68
62 60 16
62 61 76
62 63 59
62 64 -17
62 65 -2
62 66 60
62 67 81
62 68 -89
62 69 70
62 71 83
62 74 72
62 75 90
62 76 1
62 77 -51
62 78 -32
62 79 52
62 80 37
62 81 -1
62 82 83
62 83 -54
62 84 37
62 89 31
62 90 -7
62 91 -55
62 92 85
62 93 -14
62 94 18
62 96 41
62 98 -56
62 99 -85
63 0 89
63 3 85
63 4 -75
63 5 -28
63 6 -67
63 9 -47
63 10 -38
63 12 -60
63 13 -44
63 15 -35
63 16 100
63 17 -78
63 21 84
63 22 94
63 23 36
63 24 46
63 27 -16
63 29 38
63 31 73
63 34 -30
63 36 67
63 39 -53
63 41 85
63 42 46
63 43 -86
63 45 74
63 46 -74
63 48 -97
63 49 -77
63 53 -10
63 54 -99
63 57 -94
63 58 -29
63 59 -81
63 61 68
63 62 14
63 63 35
63 64 19
63 67 -96
63 68 -53
63 69 45
63 70 -21
63 71 -73
63 74 28
63 76 -1
63 77 42
63 81 -5
63 82 -53
63 84 17
63 85 -5
63 88 80
63 89 -68
63 91 -34
63 92 64
63 93 40
63 94 -48
63 95 -77
63 99 -91
64 2 -96
64 4 -99
64 6 -25
64 7 55
64 8 20
64 9 -34
64 11 -64
64 16 -76
64 25 78
64 26 86
64 28 -63
64 29 -13
64 31 71
64 32 -51
64 33 22
64 34 -22
64 35 44
64 36 2
64 40 12
64 42 26
64 43 93
64 45 100
64 48 -59
64 49 -42
64 50 58
64 51 67
64 53 76
64 55 -60
64 56 63
64 59 -19
64 60 -86
64 61 -86
64 62 -89
64 63 81
64 64 81
64 66 77
64 68 -95
64 71 -63
64 72 -50
64 73 -39
64 74 -83
64 75 23
64 77 54
64 78 -52
64 79 78
64 82 46
64 84 90
64 85 31
64 87 -52
64 90 17
64 93 15
64 94 -36
64 95 51
64 96 50
65 0 -97
65 2 -68
65 5 -97
65 6 -93
65 9 28
65 11 89
65 12 27
65 13 -61
65 15 -53
65 20 -68
65 22 -21
65 23 14
65 24 29
65 26 -85
65 27 -6
65 28 60
65 31 -55
65 33 30
65 34 -1
65 36 1
65 38 73
65 39 -59
65 40 -95
65 43 36
65 44 27
65 45 -28
65 46 -88
65 47 79
65 50 -25
65 51 -20
65 52 81
65 53 -66
65 54 21
65 55 -49
65 60 37
65 61 25
65 62 -16
65 64 44
65 66 5
65 67 -7
65 68 -91
65 69 75
65 70 -58
65 72 -38
65 74 -31
65 75 44
65 77 14
65 79 -99
65 80 -86
65 81 27
65 83 -91
65 86 -69
65 89 -45
65 90 31
65 91 -56
65 93 -67
65 94 51
65 97 -15
65 98 -88
65 99 43
66 0 -84
66 1 -71
66 2 -92
66 7 7
66 9 8
66 10 96
66 12 66
66 13 -23
66 15 -96
66 19 -57
66 20 -84
66 21 -52
66 22 17
66 23 -58
66 25 -28
66 26 28
66 27 -48
66 30 31
66 32 -64
66 33 54
66 34 92
66 36 15
66 40 4
66 41 74
66 43 -63
66 44 -38
66 45 -77
66 46 -7
66 47 -89
66 48 -52
66 49 -61
66 51 13
66 52 -38
66 54 -54
66 55 -84
66 57 -1
66 61 -63
66 65 62
66 66 64
66 69 3
66 70 -88
66 72 95
66 73 85
66 74 90
66 75 -61
66 76 -38
66 77 -80
66 79 -23
66 80 13
66 82 1
66 84 24
66 85 -85
66 88 -29
66 89 11
66 90 -98
66 91 -74
66 92 -63
66 94 94
66 97 13
66 98 40
67 0 -35
67 1 44
67 4 31
67 5 -81
67 8 -96
67 9 44
67 10 -19
67 12 46
67 13 16
67 14 -85
67 15 -99
67 17 61
67 18 99
67 19 84
67 20 84
67 22 92
67 24 22
67 25 -47
67 27 30
67 28 -88
67 29 55
67 30 68
67 31 -65
67 32 -83
67 34 -62
67 36 71
67 37 -93
67 39 -28
67 40 53
67 41 -16
67 44 65
67 46 42
67 48 -98
67 50 89
67 51 53
67 52 -50
67 53 -73
67 55 47
67 58 62
67 59 -27
67 61 43
67 62 -33
67 64 -67
67 65 20
67 67 -18
67 69 42
67 72 -56
67 73 86
67 75 -20
67 76 79
67 78 50
67 79 -38
67 81 39
67 82 -47
67 83 81
67 84 -34
67 85 75
67 86 14
67 87 84
67 88 74
67 89 -60
67 91 86
67 93 -71
67 97 63
68 0 100
68 1 77
68 3 17
68 4 -89
68 5 -26
68 6 -67
68 7 -47
68 8 21
68 9 -1
68 10 -63
68 11 46
68 14 -7
68 18 -62
68 19 -46
68 22 15
68 23 -79
68 25 -81
68 26 -92
68 27 -65
68 28 82
68 30 95
68 31 -59
68 32 -98
68 34 28
68 35 -61
68 36 73
68 37 57
68 38 84
68 39 -37
68 42 67
68 44 79
68 46 58
68 47 -50
68 48 18
68 49 -81
68 50 -2
68 51 94
68 55 89
68 57 -44
68 58 32
68 59 -5
68 62 -100
68 65 -13
68 67 -49
68 68 -65
68 69 13
68 70 89
68 71 -45
68 73 8
68 75 13
68 78 -54
68 79 8
68 80 -91
68 81 -76
68 82 35
68 85 74
68 88 95
68 89 -19
68 90 61
68 91 -77
68 92 78
68 93 -8
68 96 65
68 97 68
68 98 -91
68 99 -53
69 2 -25
69 3 -10
69 4 9
69 5 -76
69 6 9
69 7 31
69 8 39
69 10 -4
69 13 -81
69 14 -39
69 17 15
69 20 -75
69 23 12
69 25 -84
69 26 -33
69 28 -97
69 29 41
69 31 89
69 32 99
69 33 -66
69 34 53
69 37 -16
69 39 12
69 40 -90
69 41 -27
69 42 -68
69 43 45
69 45 100
69 46 62
69 47 -11
69 49 74
69 50 47
69 51 -11
69 52 -73
69 55 31
69 57 16
69 59 9
69 60 -46
69 61 -94
69 62 -5
69 65 14
69 68 97
69 70 -67
69 74 -86
69 75 100
69 76 -97
69 77 -30
69 78 75
69 79 -84
69 81 88
69 86 -87
69 87 85
69 89 34
69 90 58
69 91 81
69 93 -34
69 95 6
69 96 14
69 99 33
70 4 51
70 8 74
70 9 -26
70 10 49
70 11 -55
70 13 76
70 14 -100
70 16 -6
70 17 93
70 18 -37
70 19 35
70 21 -43
70 22 83
70 23 -15
70 26 52
70 27 85
70 28 23
70 29 -50
70 30 -63
70 31 82
70 32 -12
70 34 14
70 35 23
70 37 5
70 38 48
70 39 -49
70 40 -86
70 42 -38
70 43 -86
70 46 66
70 48 -26
70 50 26
70 52 -51
70 53 84
70 54 -81
70 55 46
70 56 -24
70 58 -37
70 59 11
70 60 72
70 61 91
70 63 80
70 65 -48
70 66 -43
70 68 36
70 69 41
70 70 -7
70 71 -37
70 73 -61
70 74 34
70 75 89
70 76 -11
70 78 -26
70 79 65
70 80 76
70 82 86
70 83 -62
70 84 5
70 85 59
70 87 62
70 88 -61
70 89 -9
70 90 25
70 91 32
70 92 7
70 94 40
70 96 -20
70 97 95
70 98 46
71 0 28
71 2 62
71 3 -41
71 7 41
71 10 55
71 13 -62
71 14 -65
71 17 22
71 18 42
71 22 51
71 23 67
71 24 73
71 25 -53
71 26 20
71 27 70
71 28 98
71 29 -82
71 30 93
71 32 7
71 33 33
71 34 58
71 35 79
71 36 -22
71 37 68
71 38 54
71 39 75
71 40 -37
71 43 -96
71 44 -3
71 45 60
71 46 92
71 49 -30
71 50 -47
71 51 -73
71 53 -34
71 55 20
71 58 84
71 59 19
71 60 45
71 61 -60
71 62 -42
71 63 33
71 65 92
71 67 55
71 69 42
71 70 51
71 73 -78
71 74 -2
71 78 19
71 79 -61
71 80 -23
71 82 33
71 84 91
71 87 18
71 88 -15
71 89 -45
71 92 30
71 93 -30
71 96 77
71 97 -70
71 99 -16
72 0 42
72 1 -1
72 2 -80
72 3 -34
72 4 -88
72 6 32
72 8 78
72 11 -79
72 15 -58
72 18 -53
72 19 -27
72 20 -33
72 22 14
72 23 62
72 24 -73
72 28 -87
72 29 53
72 31 90
72 32 89
72 34 -65
72 35 -51
72 42 18
72 43 -97
72 45 11
72 46 -71
72 47 -11
72 50 -81
72 51 9
72 53 53
72 58 -83
72 62 60
72 63 2
72 64 -84
72 65 1
72 66 -74
72 68 -28
72 69 8
72 71 -90
72 72 17
72 73 -41
72 74 -83
72 75 -87
72 76 71
72 77 -59
72 78 98
72 79 -12
72 80 15
72 81 -31
72 83 2
72 86 -84
72 88 -75
72 89 -83
72 90 55
72 91 -24
72 94 91
72 96 40
72 97 76
72 98 28
73 0 -47
73 2 43
73 4 45
73 5 -67
73 7 94
73 10 -42
73 11 -46
73 13 33
73 14 9
73 16 -18
73 18 90
73 20 -82
73 21 -42
73 24 -37
73 28 -25
73 30 -59
73 33 -19
73 35 6
73 37 -30
73 39 -58
73 41 29
73 44 86
73 45 98
73 47 -61
73 50 -97
73 51 -91
73 52 62
73 54 -9
73 55 -98
73 58 -13
73 60 -58
73 63 -11
73 64 -80
73 67 -11
73 68 47
73 70 25
73 71 47
73 72 83
73 73 -89
73 78 -22
73 79 -44
73 80 4
73 81 8
73 83 10
73 84 -38
73 85 -91
73 86 36
73 87 -18
73 89 -99
73 92 67
73 93 -99
73 94 -31
73 99 -100
74 2 67
74 3 94
74 4 1
74 5 -91
74 6 -94
74 9 96
74 10 -43
74 12 81
74 14 78
74 16 6
74 17 40
74 19 25
74 20 34
74 21 -3
74 25 -49
74 26 -76
74 31 -33
74 32 -1
74 33 60
74 34 77
74 36 -72
74 37 49
74 40 6
74 42 98
74 44 14
74 45 -100
74 46 -42
74 47 -41
74 53 -40
74 55 -72
74 56 -46
74 57 -66
74 59 -80
74 61 -44
74 62 71
74 63 77
74 64 86
74 66 -18
74 67 -51
74 69 37
74 70 74
74 71 99
74 72 -59
74 73 -3
74 74 -88
74 75 34
74 76 -45
74 81 -64
74 83 -91
74 85 51
74 86 17
74 87 -92
74 88 -69
74 89 24
74 91 6
74 92 77
74 93 -95
74 94 93
74 95 6
74 97 3
74 98 87
74 99 -38
75 0 -66
75 1 -22
75 2 65
75 3 68
75 4 10
75 5 -76
75 6 15
75 7 84
75 8 30
75 9 -28
75 14 15
75 15 75
75 16 76
75 17 -51
75 19 -47
75 24 18
75 26 -62
75 27 -87
75 29 9
75 32 -82
75 34 71
75 35 63
75 36 -61
75 38 66
75 39 -81
75 42 96
75 45 -23
75 47 -24
75 49 93
75 50 43
75 51 -5
75 52 11
75 53 25
75 54 -18
75 55 67
75 56 -3
75 57 -47
75 59 4
75 60 22
75 62 90
75 63 45
75 70 57
75 71 -94
75 72 -97
75 73 -88
75 75 2
75 76 -64
75 79 -41
75 80 97
75 83 80
75 88 21
75 89 -82
75 90 56
75 94 -56
75 95 97
75 96 8
75 99 11
76 0 49
76 1 -78
76 2 6
76 3 -33
76 4 63
76 8 -70
76 10 -88
76 11 28
76 13 -84
76 14 -85
76 15 -90
76 20 -54
76 21 -57
76 23 78
76 27 -94
76 30 89
76 31 6
76 33 -79
76 35 81
76 36 62
76 37 13
76 39 -17
76 41 -8
76 42 -48
76 44 -24
76 46 -19
76 47 85
76 48 53
76 49 51
76 50 44
76 51 -82
76 52 38
76 55 51
76 56 24
76 57 -16
76 59 -37
76 61 75
76 63 90
76 64 47
76 65 -21
76 67 -42
76 70 46
76 74 -15
76 75 31
76 76 72
76 77 54
76 78 28
76 79 -82
76 84 -9
76 85 -3
76 86 89
76 87 -75
76 88 -41
76 89 -58
76 92 -14
76 93 88
76 94 31
76 95 -74
76 96 22
76 98 52
77 0 70
77 1 -13
77 3 30
77 4 50
77 5 -72
77 7 70
77 9 38
77 10 48
77 11 -3
77 13 -13
77 15 -88
77 17 29
77 19 -8
77 20 66
77 21 62
77 22 -6
77 25 -25
77 26 -29
77 27 -31
77 28 -33
77 29 82
77 30 3
77 31 -99
77 32 -9
77 33 30
77 34 -41
77 35 -54
77 36 -94
77 37 -17
77 38 58
77 39 -56
77 40 78
77 41 -80
77 45 -3
77 48 31
77 50 -17
77 55 71
77 59 60
77 60 -89
77 61 -9
77 62 25
77 63 -95
77 64 -25
77 65 -55
77 66 53
77 70 -89
77 74 -23
77 75 79
77 76 -2
77 78 43
77 79 -74
77 80 31
77 81 -90
77 82 14
77 83 -2
77 85 27
77 86 35
77 89 11
77 90 -37
77 91 -26
77 96 -52
77 97 -17
77 98 30
77 99 -65
78 1 52
78 2 36
78 3 -1
78 5 -52
78 6 -5
78 9 24
78 10 -14
78 12 -15
78 15 -31
78 16 30
78 17 81
78 21 18
78 22 -45
78 23 -19
78 24 -95
78 26 33
78 27 6
78 28 52
78 32 -95
78 33 3
78 34 76
78 36 70
78 38 -4
78 40 -4
78 43 -38
78 45 72
78 47 76
78 48 -80
78 51 98
78 53 -19
78 55 65
78 56 66
78 58 84
78 59 69
78 60 21
78 61 100
78 62 -87
78 64 83
78 66 -90
78 67 -70
78 68 33
78 71 43
78 72 -28
78 75 -18
78 76 -19
78 77 -90
78 79 -6
78 82 27
78 85 92
78 88 -74
78 89 75
78 90 23
78 91 -66
78 93 -10
78 94 25
78 96 56
78 97 -37
79 1 10
79 2 72
79 3 -86
79 4 82
79 5 56
79 6 97
79 7 -52
79 9 26
79 11 46
79 12 70
79 13 99
79 14 -31
79 16 -97
79 17 23
79 20 -6
79 21 -45
79 22 72
79 23 42
79 24 -63
79 26 2
79 27 53
79 28 60
79 31 6
79 33 57
79 36 5
79 37 1
79 38 80
79 39 -9
79 40 -60
79 41 -30
79 42 -99
79 44 -41
79 47 76
79 48 21
79 49 59
79 50 8
79 51 -6
79 52 93
79 54 22
79 55 -91
79 56 2
79 58 -26
79 59 -35
79 60 -17
79 61 -73
79 62 20
79 63 84
79 65 97
79 66 46
79 67 60
79 68 -96
79 69 -64
79 73 -37
79 74 90
79 75 -5
79 76 54
79 77 -76
79 78 -40
79 79 -22
79 80 -61
79 82 100
79 84 55
79 85 -34
79 86 16
79 87 100
79 91 -54
79 93 -99
79 94 -45
79 98 65
80 1 2
80 2 -56
80 4 -94
80 7 96
80 9 -18
80 10 -22
80 12 39
80 14 -52
80 15 50
80 17 -91
80 18 -81
80 19 79
80 20 -22
80 21 26
80 22 -62
80 23 -55
80 24 68
80 25 67
80 27 35
80 30 97
80 31 -24
80 33 19
80 34 9
80 35 -99
80 37 -43
80 39 -4
80 42 -54
80 43 58
80 45 72
80 47 36
80 48 -1
80 49 15
80 50 -82
80 51 -74
80 52 -59
80 53 -58
80 55 35
80 56 70
80 57 64
80 61 -93
80 62 74
80 63 -59
80 64 -71
80 65 40
80 66 45
80 67 -32
80 69 -70
80 71 -14
80 72 53
80 73 -67
80 76 -77
80 77 14
80 78 -21
80 80 48
80 81 57
80 84 28
80 85 -42
80 86 -72
80 88 -24
80 89 -41
80 91 27
80 93 10
80 95 20
80 96 -58
80 98 90
80 99 -26
81 2 79
81 3 20
81 4 -75
81 5 85
81 6 71
81 7 64
81 8 71
81 9 52
81 10 50
81 11 81
81 13 52
81 17 -62
81 18 97
81 20 58
81 21 -81
81 22 4
81 23 -40
81 25 -87
81 28 -26
81 29 50
81 32 42
81 33 -96
81 36 -81
81 37 25
81 39 -28
81 40 -46
81 41 29
81 42 59
81 43 -61
81 44 -38
81 48 -2
81 49 -63
81 50 15
81 51 37
81 53 -73
81 55 -45
81 56 -14
81 57 -59
81 58 -64
81 60 -79
81 63 -36
81 64 -66
81 66 4
81 67 -8
81 68 -20
81 70 -4
81 71 -47
81 72 2
81 73 72
81 76 5
81 77 90
81 78 5
81 80 20
81 86 -35
81 90 72
81 95 1
81 96 -77
81 98 56
81 99 18
82 0 98
82 1 -14
82 3 94
82 5 95
82 7 -12
82 8 -16
82 11 33
82 12 63
82 14 -6
82 15 -37
82 18 -10
82 20 -34
82 21 68
82 22 -22
82 23 -52
82 25 -52
82 28 77
82 30 -18
82 31 -12
82 35 8
82 36 -50
82 41 -71
82 42 94
82 43 62
82 44 78
82 45 -47
82 46 -84
82 47 100
82 48 17
82 49 88
82 50 57
82 52 42
82 54 -38
82 55 49
82 57 -23
82 58 36
82 59 24
82 61 -5
82 62 73
82 63 79
82 64 76
82 66 30
82 71 93
82 72 -29
82 76 -93
82 77 -61
82 78 94
82 79 78
82 80 -40
82 82 -90
82 84 -18
82 86 79
82 90 51
82 93 -32
82 94 49
82 95 25
82 96 84
82 97 46
82 98 74
83 0 -52
83 1 40
83 3 87
83 6 -23
83 7 96
83 8 23
83 11 -95
83 12 -55
83 15 -42
83 19 52
83 22 68
83 25 62
83 26 -1
83 27 -83
83 30 100
83 31 -62
83 32 -39
83 33 8
83 34 23
83 36 -17
83 37 -33
83 39 -14
83 40 14
83 41 -59
83 42 9
83 44 63
83 47 -86
83 48 47
83 49 -7
83 51 62
83 53 -43
83 54 59
83 55 -30
83 56 -99
83 60 16
83 62 -31
83 64 45
83 65 82
83 68 72
83 72 -46
83 77 -82
83 81 95
83 82 -54
83 83 41
83 84 -23
83 85 -45
83 86 -95
83 87 50
83 88 -11
83 92 85
83 93 -57
83 94 -42
83 97 -80
84 0 91
84 2 25
84 3 44
84 4 76
84 5 -98
84 6 18
84 7 50
84 8 -76
84 9 -49
84 10 75
84 11 -34
84 12 44
84 14 -42
84 15 44
84 18 -13
84 19 53
84 20 87
84 21 -46
84 24 100
84 25 -44
84 27 68
84 29 -53
84 30 97
84 32 25
84 35 -49
84 36 -51
84 37 -14
84 38 -8
84 39 -99
84 41 43
84 43 81
84 44 32
84 45 -59
84 46 -12
84 49 -30
84 53 50
84 55 13
84 56 -54
84 57 88
84 58 -61
84 59 -90
84 60 -94
84 63 83
84 64 26
84 68 15
84 69 -24
84 70 -55
84 71 -1
84 73 78
84 75 36
84 76 47
84 78 -79
84 82 -24
84 83 40
84 85 -85
84 87 23
84 88 -21
84 90 42
84 92 -21
84 94 -19
84 95 -9
84 98 11
85 1 -73
85 2 -77
85 4 -35
85 5 -44
85 7 41
85 10 -19
85 11 -14
85 13 -14
85 15 32
85 18 23
85 20 -5
85 21 -84
85 22 -32
85 23 37
85 25 42
85 26 -100
85 27 -45
85 29 16
85 30 86
85 31 37
85 32 50
85 33 -65
85 34 90
85 37 76
85 40 -9
85 41 72
85 43 21
85 44 86
85 45 -24
85 47 40
85 48 57
85 49 36
85 50 -25
85 52 71
85 55 40
85 56 -19
85 57 -22
85 58 26
85 63 41
85 64 9
85 66 -94
85 67 -18
85 68 36
85 70 -71
85 71 -67
85 75 -63
85 76 61
85 79 7
85 80 20
85 81 70
85 85 87
85 86 31
85 87 18
85 88 72
85 89 -35
85 91 -49
85 93 -6
85 95 10
85 96 -38
85 97 43
85 98 31
85 99 88
86 5 84
86 7 67
86 8 39
86 10 -52
86 14 -4
86 15 -65
86 17 -14
86 18 46
86 19 -70
86 21 -87
86 24 34
86 25 -81
86 26 -60
86 28 -66
86 29 45
86 30 -33
86 31 -52
86 32 96
86 33 -56
86 34 -54
86 37 55
86 38 40
86 39 -83
86 41 -37
86 42 -78
86 43 55
86 45 -64
86 46 26
86 49 84
86 50 23
86 51 21
86 52 -5
86 53 -37
86 54 6
86 55 77
86 56 -5
86 58 68
86 59 60
86 60 -65
86 61 57
86 62 -39
86 63 -6
86 64 31
86 65 26
86 68 70
86 69 -56
86 71 4
86 73 47
86 74 -38
86 75 13
86 77 16
86 78 -78
86 79 56
86 80 -75
86 81 -17
86 83 -84
86 84 -86
86 85 -92
86 89 -45
86 90 59
86 91 -14
86 92 54
86 93 -33
86 94 -99
86 95 -91
86 96 76
86 97 76
87 0 -68
87 4 27
87 5 -12
87 6 -19
87 8 1
87 10 44
87 11 -61
87 13 -19
87 15 -94
87 16 7
87 18 90
87 19 -92
87 23 71
87 24 -11
87 26 -25
87 27 -17
87 28 26
87 30 17
87 31 -66
87 32 -94
87 37 -98
87 38 2
87 40 17
87 41 2
87 42 -89
87 43 1
87 44 8
87 46 28
87 47 21
87 50 -39
87 51 55
87 54 3
87 55 1
87 56 -20
87 57 -87
87 59 3
87 60 27
87 68 91
87 70 -73
87 74 21
87 76 51
87 77 2
87 78 14
87 79 16
87 80 -78
87 81 56
87 83 32
87 84 90
87 85 -24
87 86 83
87 90 83
87 91 19
87 96 63
87 98 -55
88 0 16
88 1 -26
88 5 56
88 6 70
88 7 -2
88 9 -12
88 10 -61
88 12 91
88 15 -6
88 16 -41
88 17 -70
88 18 4
88 20 91
88 23 12
88 24 22
88 25 53
88 29 18
88 30 37
88 33 91
88 34 81
88 35 -21
88 36 69
88 38 -10
88 40 55
88 42 70
88 43 -84
88 44 -40
88 45 -99
88 47 76
88 48 65
88 49 -95
88 50 -78
88 51 26
88 52 -74
88 53 -67
88 54 12
88 57 54
88 60 -5
88 63 -98
88 64 83
88 65 25
88 66 95
88 68 54
88 69 -70
88 70 48
88 71 -75
88 72 66
88 73 -61
88 77 50
88 78 -41
88 79 -83
88 82 12
88 83 18
88 84 2
88 85 -27
88 86 -50
88 88 32
88 89 7
88 91 88
88 93 -33
88 95 70
89 0 -15
89 1 6
89 2 -13
89 4 -93
89 6 -81
89 7 -52
89 12 28
89 13 -14
89 15 -27
89 16 -85
89 17 -44
89 19 -85
89 20 -12
89 26 36
89 28 -47
89 33 -27
89 36 -97
89 38 -7
89 41 8
89 42 -65
89 45 -44
89 46 58
89 47 78
89 48 -96
89 52 97
89 54 -24
89 55 84
89 57 32
89 58 -60
89 61 -9
89 62 -55
89 66 16
89 67 -40
89 68 70
89 69 -75
89 70 96
89 71 -99
89 72 9
89 75 32
89 77 63
89 78 19
89 79 79
89 80 88
89 81 -70
89 82 94
89 86 -40
89 87 2
89 89 78
89 90 1
89 92 -2
89 94 -40
89 95 6
89 96 -6
89 97 18
89 98 5
89 99 33
90 0 34
90 1 6
90 2 6
90 3 43
90 4 -49
90 7 61
90 8 -7
90 11 64
90 14 -89
90 18 -67
90 19 -13
90 20 -96
90 21 -2
90 24 -95
90 28 89
90 31 93
90 32 -88
90 34 -25
90 38 -91
90 39 97
90 43 -92
90 44 -53
90 45 -12
90 46 -69
90 48 54
90 49 -20
90 50 -27
90 51 -31
90 52 54
90 53 26
90 54 -59
90 55 52
90 56 19
90 57 -67
90 59 19
90 61 6
90 62 -73
90 63 86
90 65 -71
90 66 -2
90 67 4
90 68 -78
90 69 -95
90 70 -20
90 71 79
90 72 60
90 73 27
90 74 -67
90 77 17
90 78 -40
90 79 -32
90 80 -6
90 81 51
90 82 -19
90 84 -27
90 85 -41
90 86 91
90 87 -47
90 88 -81
90 90 29
90 91 64
90 92 -73
90 93 45
90 94 71
90 95 14
90 96 72
90 98 -87
91 0 63
91 1 45
91 2 -74
91 3 72
91 4 -38
91 5 -93
91 6 12
91 8 -48
91 9 65
91 11 -96
91 12 57
91 15 29
91 16 -77
91 17 96
91 19 5
91 22 -65
91 24 80
91 25 31
91 26 -64
91 29 -48
91 30 -46
91 34 -92
91 38 30
91 40 51
91 41 78
91 43 -47
91 44 -92
91 45 98
91 48 -89
91 51 -61
91 55 -59
91 56 69
91 58 5
91 60 97
91 61 -41
91 62 -84
91 65 -97
91 66 74
91 69 -59
91 72 -80
91 74 43
91 77 23
91 78 85
91 79 90
91 81 70
91 82 73
91 83 -53
91 84 -79
91 85 65
91 86 -29
91 88 -6
91 90 -60
91 92 -90
91 93 96
91 94 83
91 95 77
91 96 -92
91 97 -82
92 0 8
92 1 -79
92 2 -35
92 4 -27
92 5 22
92 6 73
92 7 62
92 10 32
92 11 -98
92 14 6
92 16 84
92 17 -51
92 21 81
92 22 42
92 24 33
92 25 -7
92 26 86
92 27 -88
92 29 -17
92 31 -27
92 32 2
92 34 70
92 35 -17
92 36 65
92 38 72
92 41 42
92 42 75
92 43 29
92 47 -58
92 48 96
92 50 35
92 51 64
92 53 93
92 58 -1
92 61 41
92 62 16
92 64 62
92 65 15
92 66 58
92 67 10
92 69 -96
92 73 79
92 74 -12
92 76 18
92 77 7
92 79 64
92 80 8
92 81 -22
92 82 47
92 83 48
92 84 12
92 86 20
92 88 -53
92 90 84
92 91 -77
92 92 73
92 94 90
92 95 48
92 96 53
92 97 -72
92 98 39
92 99 17
93 0 97
93 1 -39
93 3 56
93 4 26
93 6 -25
93 8 54
93 12 37
93 13 93
93 17 -14
93 18 -89
93 19 4
93 22 40
93 23 44
93 24 -21
93 26 2
93 28 -32
93 29 -83
93 32 -62
93 35 50
93 37 -58
93 43 99
93 45 -44
93 46 -81
93 49 -15
93 50 16
93 56 -71
93 57 -83
93 61 -14
93 62 44
93 67 -38
93 68 15
93 70 81
93 74 -75
93 75 -16
93 76 85
93 77 22
93 79 -87
93 81 83
93 83 11
93 85 43
93 88 -98
93 89 -71
93 91 1
93 93 38
93 97 -43
94 0 -76
94 1 -46
94 2 -43
94 3 35
94 4 94
94 6 62
94 9 -17
94 10 2
94 14 77
94 15 -6
94 16 18
94 20 -93
94 21 -1
94 22 -7
94 23 52
94 24 -93
94 27 76
94 28 39
94 30 84
94 31 85
94 32 -100
94 33 -87
94 34 36
94 35 85
94 38 -72
94 40 -11
94 41 39
94 43 -50
94 44 6
94 46 44
94 49 85
94 50 71
94 52 -98
94 53 -59
94 54 -88
94 55 -80
94 56 -93
94 57 70
94 58 25
94 59 53
94 60 64
94 62 -31
94 63 -9
94 64 -25
94 65 -19
94 69 -99
94 70 72
94 73 -54
94 75 -16
94 76 67
94 78 -82
94 79 21
94 80 81
94 81 33
94 82 -95
94 85 -87
94 86 -98
94 93 -67
94 95 17
94 96 -54
94 97 -71
94 98 -80
95 1 -97
95 2 77
95 4 -70
95 6 57
95 7 -33
95 8 33
95 10 -45
95 11 -81
95 12 -8
95 13 12
95 14 4
95 15 -91
95 16 100
95 17 68
95 18 -1
95 20 -95
95 22 -18
95 24 -42
95 26 78
95 27 -10
95 28 -10
95 31 -71
95 32 -87
95 33 19
95 34 -99
95 35 -38
95 36 92
95 37 -15
95 38 5
95 40 21
95 41 26
95 43 -74
95 44 -100
95 45 -6
95 46 -85
95 47 35
95 48 -28
95 49 -14
95 50 -58
95 51 82
95 53 85
95 54 12
95 56 -3
95 59 -46
95 60 -81
95 63 -71
95 64 -39
95 65 2
95 66 29
95 67 -88
95 68 82
95 69 29
95 70 -78
95 73 -14
95 74 39
95 75 -52
95 76 -51
95 78 -76
95 79 49
95 80 -88
95 81 22
95 84 60
95 85 73
95 86 -71
95 87 -24
95 92 56
95 94 -86
95 95 6
95 96 56
95 99 -1
96 0 -97
96 3 -83
96 4 98
96 5 44
96 6 -58
96 7 -9
96 8 32
96 10 50
96 13 -45
96 15 -49
96 17 93
96 20 -62
96 21 -70
96 22 34
96 24 20
96 26 -93
96 27 -89
96 28 28
96 29 64
96 30 25
96 32 -52
96 33 -48
96 34 -20
96 35 71
96 36 -24
96 37 -53
96 38 65
96 39 -58
96 40 -67
96 41 8
96 42 -85
96 43 68
96 44 -64
96 45 100
96 47 4
96 48 46
96 49 -86
96 50 27
96 53 17
96 54 78
96 55 -75
96 58 -37
96 59 34
96 61 8
96 62 -27
96 64 14
96 66 23
96 69 25
96 70 47
96 71 -56
96 73 1
96 76 71
96 78 -99
96 79 85
96 80 -69
96 81 -79
96 82 -71
96 84 52
96 86 64
96 89 1
96 90 -80
96 91 6
96 93 87
96 95 -63
96 98 15
96 99 -86
97 0 -26
97 2 -44
97 3 13
97 4 -43
97 5 -28
97 6 100
97 8 75
97 9 -72
97 10 -50
97 14 39
97 17 -77
97 19 -2
97 20 86
97 25 -2
97 26 78
97 28 -73
97 30 98
97 33 -15
97 35 9
97 36 43
97 37 -32
97 38 -56
97 39 -42
97 41 24
97 43 8
97 45 32
97 46 -61
97 47 8
97 48 -49
97 49 57
97 51 36
97 52 -4
97 54 99
97 55 -21
97 56 -96
97 59 67
97 60 -29
97 61 -99
97 62 -100
97 65 66
97 66 -8
97 67 44
97 69 -11
97 71 2
97 72 26
97 73 71
97 74 -4
97 75 -90
97 76 42
97 77 -96
97 78 -65
97 79 -78
97 82 -92
97 84 -37
97 86 -42
97 89 30
97 90 -57
97 92 -10
97 94 87
97 96 -45
97 99 35
98 0 -80
98 2 -27
98 3 80
98 4 75
98 5 95
98 7 -100
98 9 23
98 13 88
98 15 -23
98 16 -98
98 17 94
98 21 95
98 23 10
98 24 -10
98 26 -79
98 28 41
98 31 88
98 32 38
98 38 -87
98 39 -11
98 41 -57
98 42 36
98 43 57
98 44 76
98 48 -48
98 52 -62
98 53 -77
98 54 33
98 56 -46
98 59 88
98 60 -68
98 61 8
98 62 38
98 63 19
98 64 -15
98 65 14
98 66 2
98 67 -61
98 68 -92
98 70 -97
98 71 1
98 72 60
98 73 12
98 74 74
98 75 86
98 77 -79
98 82 -30
98 83 15
98 84 -43
98 85 38
98 86 -95
98 88 -68
98 89 46
98 90 64
98 91 83
98 92 -74
98 93 -53
98 97 30
98 98 -2
99 0 -29
99 1 -57
99 2 -27
99 3 -65
99 4 68
99 6 -81
99 7 -28
99 8 29
99 15 80
99 16 -85
99 17 70
99 22 -21
99 23 9
99 28 -93
99 31 -73
99 33 -35
99 34 34
99 35 -69
99 36 30
99 37 81
99 39 16
99 41 -25
99 42 -69
99 43 34
99 44 -45
99 46 -75
99 48 -90
99 53 81
99 55 12
99 56 50
99 57 -22
99 58 31
99 59 82
99 60 4
99 61 4
99 62 -46
99 63 64
99 65 88
99 66 -55
99 67 -48
99 68 77
99 69 -9
99 70 -23
99 71 -14
99 72 -30
99 73 13
99 74 -10
99 75 77
99 76 94
99 78 -12
99 79 47
99 81 -38
99 82 -94
99 84 100
99 85 98
99 86 -16
99 87 57
99 88 30
99 89 -84
99 90 -79
99 92 -19
99 93 -38
99 94 77
99 95 88
99 97 31
99 98 -78