0 1 -49
0 2 -57
0 3 -13
0 6 48
0 8 62
0 18 28
0 19 -53
0 21 43
0 23 30
0 24 42
0 45 47
1 9 26
1 13 -47
1 33 16
1 37 -2
1 45 53
2 4 -31
2 5 -96
2 7 81
2 11 18
2 19 54
2 25 -84
2 35 6
2 37 3
3 2 27
3 5 -47
3 19 -59
3 21 -94
3 26 -12
3 28 57
3 31 80
3 32 -56
3 41 -55
4 3 -91
4 16 9
4 20 -50
4 31 22
4 35 54
4 41 -2
4 45 -38
5 2 -100
5 3 38
5 10 13
5 30 52
5 49 -31
6 6 -61
6 9 64
6 10 65
6 12 42
6 15 23
6 21 50
6 22 56
6 32 -56
6 34 -63
6 35 48
6 37 -41
6 38 92
6 42 70
6 45 25
6 47 54
7 4 73
7 14 -23
7 22 -17
7 36 9
7 37 81
7 38 52
7 39 -99
7 40 42
7 42 -75
7 46 87
7 49 15
8 1 87
8 6 -6
8 7 33
8 15 88
8 24 58
8 27 70
8 29 -10
8 33 -29
8 36 59
8 37 30
8 38 -20
8 39 -10
8 41 69
8 43 44
8 45 -12
8 48 -1
8 49 -65
9 3 92
9 7 -32
9 22 -43
9 24 86
9 26 88
9 28 -79
9 38 -62
9 40 5
9 43 57
9 47 75
9 49 -35
10 2 4
10 3 97
10 7 95
10 8 96
10 14 -90
10 26 75
10 29 3
10 33 -42
10 35 -52
10 41 -10
10 42 -73
11 1 -16
11 3 41
11 6 4
11 10 -48
11 11 -12
11 23 -57
11 24 -29
11 39 63
11 45 80
11 46 -59
12 3 42
12 6 -68
12 15 42
12 21 74
12 25 -84
12 27 19
12 30 -21
12 34 -5
12 40 8
12 48 -9
13 1 72
13 2 -59
13 11 -54
13 20 32
13 23 -46
13 27 -67
13 29 53
14 1 29
14 9 -30
14 10 81
14 13 -41
14 26 -60
14 27 -54
14 29 42
14 36 44
14 43 89
14 46 -12
14 47 95
15 0 -76
15 5 -5
15 12 -55
15 16 -91
15 20 -2
15 24 -10
15 40 -44
15 48 -25
16 1 22
16 6 -21
16 12 -18
16 13 -78
16 15 20
16 16 -1
16 20 65
16 25 79
16 26 68
16 32 48
16 34 -36
16 39 -94
16 40 -77
16 42 -29
16 47 -71
17 1 -61
17 9 -82
17 12 -78
17 17 82
17 20 33
17 21 59
17 24 84
17 28 67
17 34 -22
17 42 61
17 44 83
18 2 -13
18 6 19
18 19 -14
18 26 58
18 27 43
18 32 -15
18 33 80
18 43 88
19 0 49
19 19 -3
19 23 68
19 26 -81
19 30 -54
19 49 -45
20 11 77
20 13 -79
20 14 20
20 15 5
20 20 57
20 23 78
20 25 5
20 31 38
20 32 -64
20 39 63
20 43 64
20 47 -18
20 48 -17
21 2 81
21 7 -22
21 14 -26
21 15 -77
21 22 72
21 23 88
21 24 -62
21 28 -15
21 31 -19
21 34 -62
21 38 -12
21 41 25
22 0 65
22 3 49
22 4 -14
22 9 -96
22 10 -31
22 16 68
22 18 -95
22 21 -23
22 22 -91
22 24 -50
22 30 -37
22 32 31
22 33 -74
22 35 16
22 37 -17
22 38 -57
22 39 -89
22 43 -74
22 44 -85
23 0 88
23 2 2
23 4 -17
23 8 -17
23 9 32
23 10 27
23 19 39
23 22 90
23 23 45
23 25 55
23 33 -53
23 41 -73
23 49 11
24 0 78
24 5 -86
24 10 45
24 14 2
24 15 77
24 25 2
24 26 7
24 35 -99
24 41 66
24 43 -89
24 44 -19
25 2 8
25 3 -78
25 8 -31
25 11 33
25 21 -38
25 27 -59
25 37 37
25 38 -46
25 39 -52
25 41 60
25 46 -19
25 47 -15
26 1 -6
26 4 29
26 10 25
26 15 61
26 17 32
26 24 36
26 29 -34
26 30 13
26 32 -95
26 33 45
26 35 14
26 38 -77
26 42 -3
26 45 -30
26 46 -85
26 49 -36
27 0 -60
27 7 -23
27 20 88
27 31 -87
27 34 47
27 40 98
27 42 -78
27 48 -13
28 1 -47
28 7 67
28 16 -97
28 24 94
28 29 -47
28 41 31
28 45 -83
29 2 40
29 3 91
29 8 -16
29 9 -28
29 19 -14
29 21 49
29 34 -58
29 36 27
29 39 -60
29 41 -90
29 45 88
30 10 71
30 13 -18
30 16 84
30 20 -64
30 21 59
30 24 68
30 33 21
30 41 -85
30 48 -2
31 7 -28
31 19 -91
31 27 -83
31 34 -23
31 35 93
31 36 87
31 40 -67
31 44 -31
31 46 -58
31 47 -97
32 0 -26
32 4 28
32 6 70
32 10 60
32 11 -60
32 17 -22
32 30 -87
32 34 95
32 37 -13
32 43 -22
33 2 66
33 6 -71
33 8 -2
33 9 -49
33 14 49
33 19 -57
33 21 -70
33 22 45
33 26 44
33 30 48
33 32 59
33 33 10
33 39 48
33 43 31
33 44 20
33 48 -99
34 0 5
34 4 53
34 9 -84
34 12 92
34 18 19
34 31 -21
34 47 45
34 48 18
35 2 -52
35 4 61
35 5 18
35 8 -21
35 9 26
35 14 -79
35 17 -64
35 35 -87
35 37 73
35 49 -21
36 1 68
36 8 -14
36 15 11
36 30 70
36 31 -74
36 33 -43
37 4 -99
37 5 -15
37 7 76
37 11 64
37 26 -52
37 34 -80
37 37 -30
37 39 61
37 41 23
37 42 80
37 47 -51
37 49 -35
38 0 -88
38 6 -28
38 10 12
38 15 27
38 22 -14
38 24 41
38 26 29
38 28 -63
38 30 -62
38 31 52
38 32 4
38 37 -70
39 16 23
39 17 92
39 18 -23
39 27 -21
39 34 -48
39 41 -58
40 3 -45
40 11 31
40 14 96
40 18 20
40 19 4
40 30 -89
40 31 39
40 32 89
40 33 -12
40 35 96
40 37 -41
40 41 58
40 43 -99
41 2 -2
41 3 12
41 12 -26
41 15 54
41 33 8
42 0 30
42 4 87
42 9 -92
42 10 -65
42 14 29
42 20 43
42 24 -83
42 27 -39
42 28 -93
42 31 8
42 33 -61
42 35 2
42 36 -81
42 42 6
42 44 72
43 3 70
43 4 -13
43 11 -64
43 16 -23
43 21 82
43 25 53
43 26 99
43 27 19
43 28 -90
43 30 -68
43 33 -17
43 38 -8
43 43 76
44 6 66
44 11 18
44 12 44
44 13 28
44 17 23
44 19 89
44 29 -22
44 30 -8
44 32 -72
44 37 -73
44 40 -39
44 42 -86
44 47 67
45 3 -80
45 5 -7
45 8 -6
45 10 94
45 13 47
45 15 -15
45 29 -87
45 30 -33
45 32 20
45 33 78
45 37 59
45 41 2
46 2 30
46 8 52
46 11 50
46 19 46
46 20 -93
46 21 87
46 23 -64
46 29 4
46 44 -72
47 2 7
47 4 46
47 13 86
47 22 62
47 34 -2
47 42 -93
47 48 -86
48 1 -46
48 5 -13
48 7 -91
48 22 -20
48 24 -85
48 33 -34
48 42 73
48 43 26
49 0 -2
49 3 41
49 7 -12
49 9 12
49 14 78
49 15 -87
49 20 -67
49 23 -21
49 31 -3
49 34 92
49 42 -25
49 47 18
49 49 89