0 1 -13
0 2 57
0 3 51
0 4 -47
0 5 82
0 6 53
0 7 -73
0 8 37
0 9 -20
0 10 52
0 11 -79
0 12 -61
0 14 71
0 15 -49
0 17 56
0 18 41
0 19 -96
0 20 60
0 21 96
0 22 -73
0 23 -30
0 24 11
0 25 19
0 27 60
0 28 -3
0 29 32
0 30 88
0 31 45
0 32 99
0 33 -11
0 34 -100
0 36 45
0 37 51
0 38 13
0 39 30
0 40 98
0 41 -77
0 42 33
0 43 -68
0 44 12
0 45 -31
0 46 60
0 47 90
0 49 67
1 0 -100
1 1 56
1 2 -42
1 4 40
1 5 -48
1 6 -97
1 7 -37
1 8 -41
1 9 -71
1 10 -58
1 11 50
1 12 89
1 14 60
1 15 -41
1 18 -1
1 19 -52
1 20 56
1 21 -36
1 22 65
1 23 -44
1 24 -72
1 25 15
1 27 -94
1 28 -25
1 29 -54
1 30 83
1 32 -69
1 33 -99
1 36 27
1 38 -74
1 40 17
1 41 -23
1 42 -53
1 43 -32
1 44 -22
1 45 100
1 46 -93
1 48 68
1 49 -25
2 0 25
2 1 53
2 2 66
2 3 5
2 4 73
2 5 97
2 6 94
2 7 -51
2 8 97
2 9 -38
2 10 -6
2 11 18
2 12 38
2 13 51
2 16 27
2 17 -65
2 18 -36
2 21 11
2 22 81
2 23 5
2 24 -34
2 25 -78
2 26 -86
2 27 -48
2 28 84
2 30 29
2 31 90
2 32 33
2 33 82
2 34 28
2 35 42
2 36 -10
2 37 60
2 40 -90
2 41 68
2 43 -61
2 44 -11
2 45 -64
2 46 80
2 47 74
2 48 -41
2 49 -26
3 0 -49
3 1 -10
3 2 48
3 4 39
3 5 4
3 6 63
3 7 -12
3 8 -34
3 9 -91
3 10 15
3 13 -23
3 14 24
3 16 52
3 17 -6
3 19 28
3 23 -35
3 24 71
3 25 -42
3 26 5
3 27 6
3 28 38
3 32 -2
3 33 -61
3 34 -21
3 36 93
3 37 -72
3 40 27
3 41 63
3 42 68
3 43 -60
3 44 -88
3 45 10
3 46 39
3 48 94
3 49 -91
4 0 -23
4 2 -43
4 3 -95
4 4 -97
4 6 -67
4 8 17
4 9 68
4 10 -79
4 11 -15
4 13 -57
4 14 51
4 15 94
4 16 88
4 17 28
4 18 90
4 19 82
4 20 -65
4 21 -17
4 22 83
4 23 -63
4 24 -83
4 25 77
4 26 -50
4 27 49
4 28 -33
4 29 62
4 30 -14
4 32 71
4 33 -84
4 34 -81
4 37 80
4 38 -44
4 40 60
4 41 -41
4 42 -94
4 44 94
4 47 -92
5 0 52
5 1 68
5 2 3
5 3 -61
5 4 54
5 5 -6
5 7 95
5 10 -95
5 11 -71
5 12 -78
5 13 -74
5 15 -94
5 16 -38
5 17 49
5 18 -10
5 19 -91
5 20 -7
5 21 -66
5 22 59
5 23 -11
5 24 13
5 25 -27
5 26 32
5 27 -90
5 28 33
5 29 78
5 31 -63
5 32 6
5 33 -17
5 34 -97
5 35 -98
5 36 -27
5 38 39
5 40 -70
5 41 77
5 42 35
5 43 -98
5 44 -57
5 45 -18
5 46 -30
5 47 -72
5 48 -88
5 49 -47
6 0 93
6 2 87
6 3 -64
6 4 20
6 5 91
6 6 -57
6 7 64
6 10 55
6 12 -12
6 13 47
6 15 38
6 16 35
6 17 -66
6 19 -77
6 20 29
6 21 -4
6 22 -27
6 23 -25
6 24 76
6 25 -48
6 26 60
6 27 64
6 28 -34
6 29 -79
6 30 -23
6 31 62
6 33 -88
6 34 -39
6 35 -86
6 36 62
6 37 -41
6 38 31
6 39 -16
6 40 -38
6 42 74
6 43 52
6 45 19
6 46 33
6 47 -17
7 1 12
7 2 27
7 3 -68
7 4 42
7 5 -54
7 6 15
7 7 -54
7 8 99
7 9 59
7 10 -100
7 11 53
7 12 -4
7 13 83
7 14 29
7 16 19
7 17 43
7 19 43
7 20 -12
7 21 17
7 22 -90
7 23 -92
7 24 -21
7 25 -47
7 26 6
7 27 -84
7 28 -71
7 29 35
7 30 65
7 31 33
7 32 96
7 33 7
7 34 -46
7 37 43
7 38 -18
7 39 15
7 40 -85
7 41 79
7 42 1
7 43 -7
7 44 19
7 45 -61
7 46 60
7 47 94
7 48 -71
7 49 100
8 0 85
8 1 52
8 3 12
8 4 -33
8 5 -28
8 6 -72
8 7 13
8 8 -85
8 9 30
8 10 15
8 11 -29
8 12 17
8 13 -95
8 14 -87
8 15 -76
8 16 78
8 17 -43
8 18 95
8 19 87
8 20 -82
8 21 -8
8 22 73
8 23 92
8 24 -46
8 25 -27
8 26 -21
8 27 -71
8 28 91
8 30 26
8 32 -32
8 33 -72
8 34 -89
8 35 80
8 37 45
8 41 96
8 42 40
8 43 -92
8 44 3
8 45 -6
8 46 82
8 48 -23
9 0 7
9 1 -48
9 2 -70
9 4 -43
9 5 -61
9 6 96
9 7 81
9 8 -61
9 10 -100
9 11 -43
9 12 63
9 14 88
9 15 67
9 16 50
9 17 83
9 18 -41
9 20 85
9 21 93
9 22 100
9 24 -64
9 25 -38
9 26 13
9 28 93
9 29 -21
9 30 -11
9 31 48
9 32 52
9 33 -68
9 34 -93
9 37 -53
9 38 -51
9 39 20
9 40 33
9 41 -72
9 43 -36
9 44 28
9 46 -92
9 48 35
9 49 -25
10 1 -27
10 2 40
10 3 -15
10 4 25
10 5 -6
10 6 44
10 7 -60
10 8 -11
10 9 46
10 10 12
10 11 -90
10 14 -79
10 15 -2
10 16 16
10 19 51
10 20 -67
10 22 -16
10 23 62
10 24 -2
10 25 -94
10 26 22
10 27 99
10 30 42
10 32 -62
10 34 89
10 35 26
10 36 -68
10 38 -26
10 39 85
10 40 52
10 41 38
10 42 8
10 44 -43
10 45 37
10 46 51
10 47 -84
10 48 -70
11 0 -71
11 1 -42
11 2 19
11 3 39
11 4 96
11 5 86
11 7 -74
11 8 72
11 10 74
11 11 29
11 12 -26
11 14 -76
11 16 67
11 17 8
11 18 -72
11 20 -14
11 21 45
11 22 85
11 24 -25
11 26 -6
11 27 -63
11 28 -23
11 30 -67
11 32 30
11 33 35
11 35 -36
11 36 -45
11 37 44
11 40 -48
11 42 62
11 43 77
11 44 -24
11 45 -30
11 48 -34
11 49 84
12 1 -97
12 3 97
12 4 -85
12 5 -18
12 6 -25
12 9 44
12 10 37
12 11 60
12 12 66
12 14 69
12 15 22
12 16 75
12 17 98
12 19 21
12 20 27
12 21 48
12 23 -33
12 24 56
12 25 -31
12 26 -83
12 27 -1
12 28 -60
12 29 51
12 31 35
12 33 -43
12 34 86
12 35 39
12 36 53
12 37 95
12 39 -90
12 41 39
12 42 -41
12 44 -14
12 45 13
12 46 -87
12 47 -73
12 49 -32
13 0 36
13 2 -67
13 4 10
13 6 -42
13 7 -50
13 8 -61
13 9 -42
13 10 -16
13 13 -67
13 14 -53
13 15 7
13 17 92
13 18 -16
13 19 -56
13 20 62
13 21 53
13 22 24
13 23 54
13 24 -92
13 25 94
13 26 -7
13 27 94
13 28 -41
13 30 97
13 31 -90
13 34 93
13 36 16
13 37 -58
13 38 -18
13 39 -87
13 40 -54
13 41 -85
13 42 -12
13 43 -17
13 44 -38
13 45 -48
13 46 -65
13 47 60
13 48 37
13 49 74
14 0 -69
14 1 31
14 2 -92
14 3 94
14 4 52
14 6 41
14 7 88
14 8 -94
14 9 27
14 10 64
14 11 53
14 12 -20
14 13 92
14 14 8
14 15 79
14 17 3
14 19 97
14 20 -92
14 22 93
14 23 16
14 25 9
14 26 -80
14 28 45
14 29 -21
14 30 68
14 31 -11
14 32 -58
14 34 -25
14 35 -8
14 36 15
14 37 -54
14 38 82
14 39 51
14 42 31
14 43 -19
14 44 42
14 46 -13
14 48 28
14 49 -100
15 0 -84
15 1 47
15 2 100
15 3 3
15 4 3
15 5 1
15 6 90
15 8 -34
15 9 -45
15 10 44
15 11 82
15 12 -11
15 13 -2
15 14 -43
15 15 13
15 16 20
15 17 -50
15 18 93
15 19 -74
15 20 -96
15 23 39
15 24 60
15 25 5
15 26 74
15 28 20
15 29 71
15 30 78
15 31 -49
15 33 65
15 34 36
15 35 -47
15 37 64
15 38 72
15 39 -18
15 41 -48
15 43 6
15 44 47
15 45 -79
15 47 21
15 49 10
16 0 65
16 1 -97
16 2 84
16 4 -33
16 5 67
16 8 14
16 10 1
16 11 5
16 13 -79
16 14 86
16 15 -37
16 16 82
16 17 -5
16 19 -65
16 20 -85
16 21 97
16 23 86
16 24 -15
16 25 73
16 26 -72
16 27 -18
16 28 -94
16 29 48
16 30 -7
16 31 -37
16 32 63
16 33 -5
16 34 26
16 35 11
16 36 14
16 37 -31
16 38 -22
16 39 -71
16 40 30
16 41 -1
16 42 93
16 43 -69
16 45 -93
16 46 89
16 48 18
17 0 26
17 1 21
17 2 81
17 3 14
17 5 36
17 8 -41
17 9 -18
17 10 98
17 11 1
17 13 3
17 14 -71
17 16 63
17 18 47
17 19 -35
17 20 49
17 22 21
17 23 -91
17 24 52
17 26 83
17 28 -32
17 30 10
17 31 46
17 32 -61
17 33 -19
17 34 37
17 35 4
17 36 -73
17 37 -72
17 38 -83
17 39 54
17 40 74
17 41 59
17 43 62
17 44 -12
17 45 49
17 46 -21
17 47 -86
17 48 29
17 49 -15
18 0 20
18 1 -43
18 3 83
18 4 32
18 5 48
18 7 82
18 8 -78
18 9 -36
18 10 -23
18 11 12
18 12 -96
18 13 41
18 14 -12
18 15 -9
18 16 -97
18 17 -69
18 18 3
18 19 55
18 20 85
18 21 1
18 22 -4
18 23 -84
18 24 95
18 26 57
18 27 73
18 28 -97
18 29 -86
18 30 70
18 36 -73
18 37 -38
18 38 45
18 40 49
18 41 -57
18 42 24
18 43 88
18 44 -18
18 45 22
18 46 61
18 48 -96
18 49 -61
19 0 71
19 1 -21
19 2 -49
19 3 -4
19 4 -77
19 5 35
19 7 17
19 9 51
19 10 -61
19 12 49
19 13 48
19 15 -2
19 16 75
19 17 -90
19 19 -62
19 20 23
19 21 59
19 24 -3
19 27 47
19 29 78
19 30 -53
19 31 35
19 32 37
19 33 -3
19 34 -89
19 35 31
19 38 -54
19 39 61
19 40 -89
19 41 -59
19 43 -46
19 45 29
19 46 60
19 47 95
19 48 94
19 49 4
20 0 -83
20 1 13
20 2 -86
20 3 -71
20 6 -78
20 7 -4
20 8 30
20 9 53
20 10 82
20 11 10
20 12 86
20 14 92
20 15 37
20 16 69
20 17 52
20 18 -8
20 19 1
20 20 37
20 21 -80
20 22 -47
20 23 -42
20 24 83
20 27 22
20 28 31
20 29 -21
20 31 11
20 32 93
20 33 25
20 36 -48
20 37 21
20 38 93
20 39 72
20 40 80
20 42 56
20 43 67
20 44 99
20 47 72
20 48 35
20 49 -23
21 0 -32
21 1 81
21 2 -22
21 3 -18
21 4 -20
21 5 -58
21 6 4
21 7 -13
21 8 63
21 9 -95
21 10 -59
21 11 80
21 12 -65
21 13 12
21 14 51
21 15 64
21 16 56
21 17 -35
21 18 66
21 19 -41
21 20 50
21 22 70
21 23 65
21 24 -47
21 25 -22
21 26 61
21 27 -73
21 28 66
21 29 -93
21 30 55
21 31 74
21 32 -6
21 33 70
21 34 -9
21 37 73
21 39 63
21 40 19
21 42 -81
21 44 11
21 45 32
21 46 -70
21 47 44
21 48 51
22 0 72
22 3 43
22 4 -84
22 5 63
22 6 33
22 7 -1
22 8 56
22 9 -53
22 10 -70
22 11 -66
22 12 -16
22 13 -75
22 15 -61
22 16 83
22 17 -22
22 18 96
22 20 -20
22 21 91
22 22 -95
22 23 50
22 24 80
22 26 38
22 28 75
22 29 -60
22 31 59
22 32 58
22 34 -42
22 35 85
22 36 97
22 37 -11
22 40 33
22 41 40
22 44 13
22 45 59
22 46 -10
22 47 34
22 48 -44
22 49 -47
23 1 27
23 2 -70
23 3 66
23 4 -60
23 5 -96
23 6 17
23 7 45
23 8 84
23 9 49
23 10 56
23 11 97
23 12 81
23 13 62
23 14 92
23 16 64
23 17 -71
23 18 55
23 20 19
23 21 3
23 22 92
23 23 8
23 24 -6
23 25 10
23 26 -41
23 27 -66
23 28 26
23 29 -60
23 30 91
23 31 21
23 33 -2
23 34 24
23 35 51
23 36 95
23 37 -17
23 38 58
23 39 26
23 42 -67
23 43 -29
23 44 -15
23 45 -30
23 46 97
23 47 18
23 48 47
23 49 12
24 0 -79
24 1 -34
24 2 1
24 3 -85
24 4 49
24 5 -86
24 6 -82
24 7 -38
24 9 -99
24 10 -44
24 12 50
24 13 -36
24 14 35
24 15 -24
24 16 81
24 17 97
24 19 1
24 20 17
24 22 -97
24 23 -100
24 25 -11
24 26 71
24 27 -58
24 30 -78
24 31 -2
24 32 86
24 33 -17
24 35 -60
24 36 -37
24 39 -6
24 40 54
24 41 35
24 42 10
24 44 17
24 45 20
24 46 -39
24 47 30
24 48 23
24 49 20
25 0 87
25 1 -50
25 2 -67
25 3 -17
25 4 89
25 5 -24
25 6 -63
25 7 54
25 8 21
25 10 19
25 11 -73
25 12 30
25 13 -9
25 14 70
25 15 -32
25 16 -54
25 17 26
25 18 -17
25 19 51
25 20 -34
25 21 93
25 25 37
25 27 -73
25 28 -69
25 29 -1
25 30 -6
25 31 51
25 32 -4
25 33 24
25 34 45
25 36 70
25 37 -78
25 38 66
25 40 85
25 41 98
25 42 81
25 45 -41
25 46 -12
25 47 66
25 48 -76
25 49 9
26 0 65
26 1 39
26 2 12
26 3 65
26 4 13
26 5 -21
26 6 -42
26 7 -93
26 8 15
26 10 58
26 11 -18
26 12 7
26 13 -38
26 14 -100
26 15 10
26 18 34
26 19 34
26 20 77
26 23 86
26 24 14
26 27 16
26 29 4
26 30 38
26 31 19
26 34 4
26 36 -12
26 37 27
26 38 84
26 39 49
26 40 -87
26 41 -83
26 42 97
26 43 7
26 44 83
26 45 -81
26 46 -54
26 47 29
26 48 -85
27 1 -70
27 2 35
27 3 -15
27 4 47
27 6 -23
27 7 -75
27 8 -60
27 9 94
27 10 -97
27 11 -57
27 12 99
27 16 -6
27 17 -67
27 19 11
27 20 -9
27 21 -73
27 24 -52
27 25 6
27 27 -86
27 28 -28
27 30 6
27 32 58
27 33 92
27 34 -13
27 35 50
27 36 -26
27 40 -39
27 41 -63
27 42 -27
27 44 -18
27 45 -89
27 46 85
27 47 78
27 48 -6
27 49 62
28 1 -89
28 2 -90
28 3 -17
28 4 -25
28 5 57
28 8 32
28 9 -63
28 10 -32
28 11 69
28 12 15
28 13 22
28 14 35
28 15 -89
28 16 42
28 17 -35
28 18 94
28 19 97
28 20 13
28 22 -11
28 23 1
28 24 84
28 25 55
28 26 -53
28 27 -62
28 28 -4
28 29 -89
28 31 83
28 32 -81
28 33 -81
28 34 40
28 35 -48
28 36 29
28 37 83
28 38 -66
28 40 -77
28 41 64
28 42 66
28 43 -4
28 44 41
28 45 -76
28 46 -22
28 47 -25
28 48 99
28 49 -13
29 0 -42
29 1 -18
29 2 89
29 3 -39
29 4 26
29 6 -51
29 7 54
29 8 -36
29 10 21
29 11 44
29 14 -84
29 15 24
29 16 33
29 17 70
29 19 34
29 20 -23
29 21 -10
29 22 -12
29 23 -14
29 24 32
29 25 -2
29 27 76
29 28 26
29 30 31
29 31 -76
29 32 94
29 33 -32
29 34 -44
29 35 95
29 36 18
29 37 82
29 38 69
29 39 14
29 40 55
29 44 50
29 45 -53
29 47 100
29 49 -23
30 0 47
30 1 69
30 2 -53
30 3 30
30 4 -2
30 5 7
30 6 -22
30 7 97
30 8 -98
30 9 72
30 11 -53
30 13 78
30 14 -88
30 15 50
30 16 82
30 17 -98
30 18 75
30 19 79
30 21 -72
30 22 -91
30 25 20
30 26 -18
30 28 73
30 29 -83
30 30 -66
30 33 76
30 35 88
30 36 -52
30 38 -93
30 39 20
30 40 -93
30 41 25
30 42 29
30 43 64
30 44 -86
30 45 -93
30 47 44
30 48 -10
30 49 -77
31 0 88
31 1 23
31 2 -53
31 4 -59
31 5 -78
31 7 45
31 8 -80
31 12 -47
31 13 3
31 14 63
31 17 -89
31 18 98
31 21 12
31 22 11
31 23 -10
31 25 -45
31 26 11
31 28 11
31 29 73
31 30 67
31 33 90
31 36 12
31 37 11
31 38 -1
31 40 73
31 41 20
31 42 76
31 43 7
31 44 37
31 45 -64
31 46 -16
31 47 65
31 48 -3
31 49 51
32 0 -43
32 1 36
32 2 -44
32 3 -57
32 4 -12
32 5 8
32 7 -15
32 9 -4
32 10 -74
32 12 90
32 14 -95
32 16 45
32 17 -94
32 18 -90
32 19 -70
32 21 53
32 22 -88
32 23 14
32 24 48
32 25 -23
32 26 15
32 28 13
32 31 -88
32 32 26
32 33 20
32 34 -92
32 37 -38
32 38 -62
32 39 -28
32 40 71
32 41 64
32 42 -79
32 43 -64
32 45 -21
32 46 -45
32 47 67
32 48 93
32 49 -24
33 0 -86
33 1 -41
33 3 -10
33 4 -31
33 5 68
33 6 -22
33 7 -94
33 8 -19
33 11 -52
33 12 -42
33 13 -42
33 14 -36
33 15 -18
33 16 85
33 17 92
33 18 -25
33 19 -74
33 20 -3
33 21 -74
33 22 67
33 23 -99
33 24 38
33 25 -1
33 26 -40
33 27 48
33 30 -74
33 31 55
33 32 32
33 34 18
33 35 -56
33 37 60
33 38 -10
33 39 84
33 40 76
33 41 22
33 43 7
33 44 22
33 45 37
33 46 -46
33 48 -34
33 49 84
34 0 9
34 1 -44
34 2 -51
34 3 81
34 4 13
34 5 18
34 6 17
34 7 53
34 8 17
34 9 -98
34 10 29
34 12 -76
34 13 74
34 14 -45
34 20 25
34 21 -44
34 23 -65
34 24 -82
34 25 79
34 26 50
34 27 -45
34 28 -93
34 29 -1
34 30 27
34 33 -96
34 34 100
34 36 62
34 37 22
34 38 55
34 39 -50
34 40 -52
34 41 -83
34 42 76
34 43 25
34 45 -38
34 46 39
34 47 -54
34 48 10
34 49 -37
35 0 43
35 1 -91
35 2 79
35 5 48
35 6 70
35 7 -98
35 8 -41
35 10 40
35 11 23
35 12 67
35 13 -66
35 14 61
35 15 46
35 16 26
35 17 46
35 18 -87
35 19 41
35 20 -81
35 21 81
35 22 -70
35 23 -91
35 24 43
35 28 10
35 31 -80
35 32 -79
35 33 -21
35 34 -72
35 35 -5
35 36 -89
35 37 -86
35 38 -90
35 39 44
35 40 75
35 41 -27
35 42 88
35 43 11
35 44 -56
35 45 -65
35 46 -94
35 47 -51
35 48 -34
35 49 11
36 0 96
36 1 -10
36 3 -5
36 4 54
36 6 -29
36 7 31
36 8 10
36 10 22
36 12 -17
36 13 70
36 15 -39
36 18 -13
36 19 60
36 20 -61
36 23 43
36 24 7
36 25 -7
36 26 94
36 27 -25
36 28 70
36 29 -46
36 31 28
36 33 -28
36 34 -56
36 36 -71
36 37 21
36 38 87
36 39 -9
36 41 -48
36 42 49
36 43 -20
36 44 -46
36 46 13
37 0 65
37 2 13
37 4 -80
37 5 -48
37 6 76
37 7 -69
37 8 53
37 9 50
37 10 93
37 11 21
37 12 45
37 13 -41
37 14 -37
37 15 17
37 16 -65
37 20 35
37 21 81
37 22 5
37 23 54
37 24 31
37 25 8
37 26 12
37 27 -100
37 28 32
37 30 18
37 32 89
37 33 13
37 34 8
37 35 19
37 37 32
37 38 -33
37 39 55
37 40 50
37 41 9
37 42 -4
37 46 37
37 47 6
37 48 84
37 49 -23
38 0 -81
38 2 42
38 3 -28
38 4 -62
38 5 -60
38 6 45
38 7 55
38 8 -37
38 9 -3
38 10 -37
38 12 -59
38 13 -23
38 14 42
38 15 -43
38 16 6
38 17 88
38 19 -71
38 21 84
38 22 67
38 23 22
38 24 58
38 25 33
38 27 -77
38 28 45
38 29 61
38 30 57
38 32 -13
38 33 -21
38 34 -74
38 35 29
38 36 -16
38 37 40
38 38 -80
38 40 -31
38 41 -5
38 43 -21
38 44 -16
38 45 -57
38 46 6
38 47 50
39 0 32
39 1 96
39 2 95
39 3 68
39 4 78
39 5 -20
39 6 -94
39 7 59
39 8 64
39 10 -83
39 12 -19
39 14 93
39 16 -34
39 17 53
39 18 68
39 19 25
39 20 50
39 21 35
39 22 -73
39 23 99
39 24 17
39 25 28
39 26 44
39 27 -28
39 28 -40
39 30 84
39 31 41
39 32 -61
39 33 -87
39 34 21
39 35 -2
39 36 -56
39 37 -61
39 39 -2
39 40 76
39 41 -17
39 42 29
39 43 -16
39 44 -96
39 45 11
39 46 -68
39 49 -3
40 0 -4
40 1 85
40 2 -82
40 3 -96
40 5 -35
40 6 -97
40 7 98
40 8 96
40 10 -21
40 11 40
40 14 52
40 15 -52
40 18 67
40 19 34
40 20 -96
40 21 78
40 22 -47
40 24 69
40 25 -82
40 26 -69
40 28 -80
40 29 68
40 30 99
40 32 37
40 33 -3
40 34 31
40 36 73
40 37 -55
40 38 19
40 39 -20
40 40 27
40 42 -12
40 43 3
40 44 14
40 46 77
40 47 -95
40 49 -65
41 0 -36
41 1 -51
41 6 88
41 7 -64
41 8 -97
41 9 -98
41 10 5
41 12 16
41 13 -87
41 15 -79
41 16 14
41 17 -8
41 20 -53
41 21 24
41 22 -66
41 23 36
41 25 6
41 26 91
41 27 82
41 28 -29
41 30 50
41 31 -28
41 33 -90
41 34 -13
41 35 73
41 36 -44
41 37 -94
41 39 84
41 40 34
41 41 94
41 42 -31
41 43 91
41 44 -96
41 45 43
41 46 -67
41 47 -34
41 48 12
41 49 -87
42 0 -54
42 1 100
42 2 -90
42 3 46
42 4 -92
42 5 49
42 6 -55
42 7 99
42 8 -55
42 9 -16
42 10 66
42 11 -40
42 12 84
42 13 97
42 14 6
42 15 71
42 16 -46
42 17 -94
42 18 -76
42 19 84
42 20 55
42 21 34
42 22 13
42 24 97
42 26 -38
42 27 87
42 28 -61
42 31 11
42 32 -87
42 34 71
42 35 -33
42 38 -98
42 39 -43
42 41 -54
42 42 -7
42 43 -85
42 44 -70
42 45 -88
42 46 -93
42 47 -89
42 48 20
42 49 -97
43 0 -86
43 2 44
43 3 10
43 4 -99
43 5 40
43 6 3
43 7 58
43 8 -54
43 9 -81
43 10 -3
43 11 73
43 15 -61
43 16 21
43 17 -42
43 18 -36
43 19 -96
43 20 19
43 22 59
43 24 -23
43 27 -11
43 28 63
43 29 -90
43 30 13
43 31 89
43 32 -89
43 34 -18
43 35 23
43 37 94
43 38 5
43 39 85
43 41 -7
43 43 -54
43 44 -64
43 45 22
43 46 -29
43 47 18
43 48 58
43 49 -4
44 0 52
44 1 -89
44 3 -96
44 5 64
44 6 -72
44 7 27
44 9 -17
44 10 -41
44 11 -73
44 12 -31
44 13 -2
44 14 -34
44 16 18
44 18 89
44 19 41
44 20 -16
44 21 94
44 22 47
44 24 -93
44 25 31
44 27 16
44 28 -91
44 30 20
44 31 57
44 32 18
44 36 -15
44 37 38
44 38 2
44 39 -38
44 40 -6
44 41 86
44 42 21
44 43 -100
44 44 -25
44 45 40
44 46 -91
44 47 -34
44 48 21
44 49 42
45 3 52
45 4 -30
45 5 10
45 6 -75
45 7 -72
45 8 -38
45 9 -83
45 10 26
45 11 55
45 13 73
45 14 -61
45 15 51
45 17 94
45 18 33
45 19 -95
45 20 79
45 21 -8
45 22 98
45 23 -14
45 24 -56
45 25 -81
45 26 12
45 27 -15
45 28 92
45 30 22
45 31 -20
45 32 26
45 33 52
45 34 -57
45 35 69
45 37 -12
45 38 -1
45 39 75
45 40 27
45 41 33
45 42 -43
45 43 66
45 44 54
45 45 87
45 46 93
45 47 2
45 48 -27
45 49 -81
46 1 -69
46 3 -39
46 4 24
46 5 69
46 6 82
46 7 -15
46 8 62
46 10 -70
46 12 -14
46 14 -4
46 15 29
46 16 -98
46 17 -66
46 18 16
46 19 -82
46 20 -24
46 21 84
46 22 -36
46 23 -69
46 24 27
46 25 50
46 26 -63
46 27 -73
46 28 -20
46 30 47
46 31 68
46 33 -97
46 35 48
46 37 22
46 38 -4
46 40 -54
46 41 16
46 42 -7
46 43 -97
46 45 -76
46 46 -48
46 48 -4
47 0 29
47 1 7
47 2 -3
47 3 65
47 4 -40
47 5 72
47 6 41
47 7 -47
47 8 -9
47 9 -97
47 11 -73
47 12 -15
47 13 28
47 15 -13
47 16 47
47 18 52
47 19 24
47 20 -54
47 21 92
47 22 25
47 23 -96
47 24 -99
47 25 74
47 26 -73
47 27 -3
47 28 71
47 29 59
47 31 -17
47 32 37
47 33 -57
47 36 -14
47 37 16
47 38 7
47 40 -33
47 41 93
47 42 65
47 43 81
47 44 -9
47 45 36
47 46 -2
47 47 80
47 48 76
47 49 -35
48 0 67
48 1 52
48 4 -50
48 5 35
48 6 83
48 7 -28
48 8 -25
48 9 64
48 10 -2
48 11 59
48 12 -34
48 13 -54
48 15 5
48 16 25
48 17 99
48 18 -16
48 20 12
48 21 61
48 22 -12
48 24 87
48 26 3
48 28 -68
48 29 46
48 30 17
48 31 99
48 33 11
48 34 -64
48 35 -40
48 36 13
48 37 12
48 38 -47
48 39 73
48 40 24
48 42 -16
48 43 -5
48 44 12
48 45 -98
48 46 56
48 47 31
48 48 98
48 49 -100
49 0 -61
49 1 -62
49 2 18
49 3 16
49 4 -48
49 5 -8
49 8 -53
49 9 -54
49 10 -96
49 11 84
49 12 -72
49 14 -50
49 15 -9
49 16 100
49 17 -86
49 18 42
49 19 -11
49 20 86
49 21 84
49 22 5
49 23 -75
49 24 -46
49 25 -17
49 26 -29
49 27 -39
49 28 -70
49 29 -93
49 30 98
49 31 77
49 32 -93
49 33 -98
49 35 83
49 36 43
49 37 -43
49 38 -32
49 39 -43
49 40 74
49 41 55
49 42 18
49 43 73
49 44 -17
49 46 -90
49 47 -6
49 48 13