0 0 97
0 2 77
0 3 87
0 4 42
0 5 73
0 6 14
0 7 -63
0 9 72
0 10 76
0 11 96
0 12 66
0 13 39
0 14 -3
0 15 7
0 16 95
0 18 -2
0 19 -64
0 20 -63
0 21 49
0 22 -7
0 26 -87
0 27 -35
0 28 85
0 29 -2
0 31 -43
0 32 36
0 33 -90
0 36 -77
0 37 -33
0 38 -22
0 40 29
0 43 18
0 45 37
0 46 76
0 47 -85
0 48 -43
0 49 85
1 0 96
1 1 -44
1 3 -64
1 7 -80
1 8 53
1 11 -73
1 12 71
1 13 -19
1 16 -35
1 17 -8
1 18 20
1 19 -39
1 22 77
1 23 94
1 24 -19
1 25 -44
1 26 54
1 28 -36
1 30 -5
1 31 62
1 32 6
1 34 -99
1 35 99
1 36 39
1 37 -30
1 39 -88
1 40 -93
1 41 31
1 42 8
1 43 -78
1 44 -86
1 45 -74
1 47 -37
1 48 97
1 49 -8
2 0 82
2 1 -100
2 2 -24
2 4 -1
2 5 -87
2 6 -27
2 7 25
2 8 -18
2 9 -2
2 10 87
2 12 76
2 14 -73
2 15 29
2 16 -55
2 17 61
2 18 41
2 19 -15
2 20 -90
2 21 92
2 22 58
2 23 44
2 24 54
2 26 52
2 28 -45
2 29 -75
2 30 -64
2 31 69
2 32 -6
2 33 72
2 35 -58
2 36 -52
2 37 -6
2 38 34
2 41 21
2 42 10
2 43 -10
2 44 38
2 45 46
2 48 18
2 49 23
3 0 26
3 2 -5
3 3 20
3 4 -66
3 5 44
3 6 -26
3 7 75
3 8 28
3 9 -2
3 10 92
3 11 82
3 12 -68
3 13 -2
3 14 -90
3 16 16
3 17 49
3 19 18
3 20 82
3 21 -25
3 22 -56
3 23 30
3 24 -86
3 27 77
3 28 -79
3 29 7
3 30 -76
3 31 -75
3 32 18
3 33 74
3 35 55
3 36 6
3 38 65
3 40 -92
3 42 6
3 43 -32
3 44 69
3 49 -34
4 0 8
4 2 71
4 3 50
4 4 89
4 5 -50
4 6 15
4 9 87
4 10 -35
4 11 -63
4 12 -38
4 13 -78
4 15 -2
4 16 -83
4 17 -47
4 18 -41
4 19 54
4 20 -82
4 22 49
4 25 7
4 28 -6
4 29 17
4 30 53
4 31 40
4 34 -88
4 35 57
4 37 21
4 38 -5
4 41 79
4 42 -52
4 45 26
4 46 67
4 47 97
4 49 27
5 3 18
5 5 -44
5 6 79
5 7 66
5 8 -45
5 9 30
5 11 12
5 12 -15
5 13 -71
5 14 81
5 15 -65
5 16 66
5 17 -32
5 18 -67
5 19 38
5 20 91
5 21 -40
5 22 -32
5 24 -92
5 26 -11
5 27 -57
5 28 -53
5 29 81
5 30 79
5 31 -62
5 32 89
5 33 -9
5 34 -21
5 35 57
5 36 -1
5 37 91
5 38 -61
5 39 7
5 40 -9
5 41 96
5 42 -40
5 43 71
5 44 87
5 45 -9
5 46 27
5 47 -8
5 48 75
5 49 -97
6 0 -50
6 1 59
6 2 49
6 3 38
6 4 -43
6 6 82
6 7 -13
6 10 84
6 11 46
6 12 73
6 13 17
6 14 -65
6 15 6
6 17 30
6 18 -18
6 24 -53
6 25 55
6 26 -21
6 27 -88
6 29 63
6 31 -83
6 32 11
6 33 -80
6 34 91
6 35 40
6 36 -27
6 37 -42
6 38 96
6 39 20
6 40 53
6 41 -57
6 42 -62
6 43 -26
6 45 -63
6 46 -53
6 47 -70
6 49 63
7 0 -59
7 1 21
7 2 -3
7 3 -17
7 4 -49
7 5 40
7 6 -9
7 7 12
7 8 42
7 10 89
7 11 -30
7 12 -1
7 13 -94
7 14 81
7 15 13
7 16 -64
7 17 93
7 18 92
7 19 -23
7 20 -4
7 22 -7
7 23 39
7 27 -51
7 28 -44
7 29 77
7 31 -54
7 32 94
7 33 95
7 34 -95
7 36 -87
7 37 25
7 38 8
7 40 -14
7 41 -71
7 42 -93
7 43 -90
7 44 68
7 45 -35
7 46 -67
7 47 -25
8 0 -99
8 1 49
8 2 38
8 5 37
8 6 36
8 8 65
8 13 -9
8 14 -66
8 16 -32
8 17 55
8 18 -1
8 20 -41
8 23 11
8 24 39
8 25 30
8 26 -69
8 27 -8
8 28 -25
8 31 -14
8 32 57
8 34 -16
8 35 14
8 36 25
8 37 -76
8 39 -7
8 40 1
8 42 22
8 43 55
8 44 -54
8 46 -41
8 47 -60
8 48 -14
8 49 9
9 1 55
9 2 -61
9 4 -95
9 5 54
9 6 33
9 7 -71
9 8 -18
9 9 -67
9 10 83
9 11 10
9 12 -32
9 14 15
9 15 -46
9 16 24
9 17 75
9 18 14
9 22 -81
9 23 87
9 28 100
9 29 -93
9 30 35
9 31 80
9 33 -92
9 35 87
9 36 -83
9 37 -49
9 39 -39
9 40 40
9 41 -100
9 43 6
9 46 -16
9 48 41
9 49 -83
10 0 4
10 2 -90
10 3 64
10 4 -91
10 5 -56
10 10 -35
10 11 -5
10 12 93
10 13 49
10 16 74
10 17 -43
10 18 -13
10 19 -97
10 20 -92
10 21 86
10 22 27
10 23 35
10 25 39
10 26 78
10 27 23
10 28 38
10 29 -98
10 32 19
10 33 -40
10 34 84
10 35 19
10 36 -12
10 37 -20
10 38 31
10 40 -55
10 41 32
10 42 -34
10 44 -70
10 46 37
10 47 74
10 49 -50
11 0 -67
11 2 -46
11 4 -7
11 5 -55
11 6 -76
11 7 -98
11 8 -72
11 9 20
11 10 74
11 12 -34
11 17 48
11 19 -29
11 20 -9
11 22 16
11 23 -80
11 25 56
11 26 27
11 27 7
11 28 21
11 29 -93
11 31 67
11 32 71
11 36 14
11 37 49
11 39 61
11 40 23
11 41 -89
11 42 91
11 43 -59
11 45 8
11 47 -42
11 48 78
11 49 -70
12 0 83
12 1 67
12 2 89
12 3 -11
12 5 -8
12 6 45
12 7 100
12 8 43
12 9 -92
12 14 -25
12 15 -11
12 17 65
12 18 45
12 19 85
12 21 -72
12 22 44
12 23 94
12 24 -10
12 27 -52
12 28 -99
12 30 29
12 31 -65
12 33 80
12 37 48
12 38 99
12 39 58
12 40 95
12 42 -89
12 43 47
12 44 27
12 45 10
12 47 -48
12 49 7
13 0 95
13 1 -27
13 2 -67
13 3 -44
13 4 88
13 5 3
13 6 94
13 7 -75
13 8 89
13 10 95
13 11 -95
13 13 -48
13 14 -43
13 16 84
13 18 42
13 19 74
13 21 -97
13 22 -53
13 23 -20
13 24 -36
13 25 -59
13 26 29
13 28 76
13 29 -54
13 30 12
13 31 3
13 32 9
13 33 -49
13 34 22
13 35 -67
13 36 -85
13 38 50
13 40 -75
13 41 -8
13 42 -92
13 43 62
13 44 -78
13 45 47
13 46 63
13 47 91
13 48 -2
13 49 4
14 0 -40
14 1 54
14 2 8
14 3 -28
14 4 36
14 6 -93
14 7 -16
14 8 -83
14 9 -25
14 11 72
14 12 12
14 14 -82
14 15 22
14 16 87
14 17 -50
14 19 50
14 20 51
14 21 64
14 22 57
14 23 46
14 24 -52
14 25 48
14 26 34
14 27 -86
14 29 -14
14 31 76
14 32 11
14 33 -91
14 34 99
14 35 -77
14 36 96
14 37 33
14 38 -6
14 39 -97
14 40 -22
14 42 -88
14 43 98
14 44 -96
14 45 24
14 46 58
14 47 -43
14 48 55
15 0 97
15 1 -43
15 2 -47
15 4 53
15 5 49
15 6 36
15 7 -60
15 8 -15
15 9 -1
15 10 65
15 11 -87
15 13 -71
15 14 -24
15 15 -93
15 16 -23
15 17 -46
15 18 -1
15 19 -22
15 20 64
15 21 99
15 22 -34
15 23 -13
15 24 -32
15 25 47
15 27 -23
15 29 23
15 30 16
15 32 58
15 35 35
15 36 -15
15 37 -33
15 38 4
15 39 -61
15 40 92
15 41 55
15 43 -34
15 44 -83
15 45 -73
15 47 -22
15 48 -81
15 49 90
16 0 38
16 1 -43
16 2 98
16 3 -31
16 5 66
16 7 76
16 8 -19
16 9 -44
16 10 -40
16 11 -3
16 13 -65
16 14 -57
16 15 -94
16 16 29
16 17 78
16 19 -75
16 20 -66
16 21 -99
16 23 99
16 24 61
16 25 -9
16 26 60
16 27 77
16 29 58
16 30 87
16 31 18
16 34 -95
16 36 -66
16 37 -9
16 39 75
16 40 13
16 41 -28
16 42 -90
16 43 -67
16 45 -5
16 46 -26
16 47 12
16 48 10
17 0 91
17 1 47
17 2 61
17 3 18
17 4 52
17 5 -82
17 6 28
17 9 -75
17 10 39
17 11 -71
17 12 -1
17 13 -76
17 15 9
17 16 -18
17 17 95
17 18 67
17 19 28
17 20 95
17 22 79
17 23 -3
17 26 -47
17 27 88
17 28 71
17 30 -69
17 31 79
17 32 -27
17 34 -88
17 35 -74
17 36 -86
17 37 -96
17 38 -16
17 39 -52
17 40 -60
17 41 -84
17 42 23
17 43 -16
17 44 44
17 45 -32
17 46 -77
17 47 -93
17 48 -80
17 49 -63
18 0 33
18 1 -31
18 2 -95
18 3 -64
18 4 -51
18 5 -63
18 6 45
18 7 42
18 8 45
18 10 41
18 11 -33
18 14 -19
18 15 -7
18 16 4
18 17 55
18 18 65
18 20 90
18 21 -54
18 22 9
18 24 36
18 25 2
18 26 70
18 28 62
18 29 -2
18 30 98
18 31 -81
18 32 14
18 33 -98
18 34 -53
18 35 64
18 36 1
18 39 -16
18 40 99
18 42 11
18 45 84
18 46 31
18 48 -69
19 0 -76
19 1 94
19 2 35
19 3 76
19 4 -32
19 5 -33
19 6 96
19 9 51
19 11 58
19 14 33
19 15 14
19 16 -13
19 17 13
19 18 85
19 19 -98
19 20 58
19 22 38
19 23 79
19 24 16
19 26 -1
19 27 6
19 28 -77
19 31 -71
19 32 29
19 33 72
19 34 79
19 35 -78
19 36 61
19 38 -83
19 39 -91
19 43 -28
19 45 17
19 46 62
19 47 94
19 48 74
20 0 -4
20 1 50
20 2 -79
20 6 -17
20 7 68
20 8 -12
20 10 -47
20 11 51
20 12 -24
20 13 46
20 14 -67
20 16 -68
20 17 -85
20 18 78
20 19 56
20 20 -60
20 21 13
20 22 -3
20 24 25
20 25 -17
20 29 -57
20 31 -24
20 32 77
20 33 -14
20 34 34
20 35 -60
20 37 -2
20 38 66
20 39 45
20 40 10
20 41 -43
20 42 -42
20 44 68
20 45 -62
20 47 14
20 48 3
20 49 -23
21 0 -56
21 1 -44
21 2 27
21 3 -41
21 4 62
21 5 8
21 6 -44
21 7 -67
21 8 88
21 10 87
21 11 27
21 14 -13
21 15 94
21 16 -68
21 18 -14
21 20 -45
21 21 -20
21 22 75
21 23 88
21 25 -69
21 26 5
21 27 -7
21 29 92
21 31 52
21 33 -74
21 35 -19
21 36 -7
21 37 35
21 39 20
21 40 -4
21 42 -62
21 44 40
21 46 86
21 47 33
21 48 -91
21 49 -4
22 0 44
22 1 -71
22 3 6
22 5 57
22 6 9
22 7 66
22 8 74
22 9 -19
22 10 58
22 11 -86
22 12 -29
22 13 83
22 14 -26
22 15 10
22 17 48
22 18 -5
22 19 -80
22 21 13
22 22 17
22 23 35
22 24 -24
22 25 85
22 26 90
22 27 -26
22 28 97
22 29 76
22 30 -37
22 31 56
22 32 -64
22 33 95
22 34 -71
22 35 1
22 36 -31
22 37 -43
22 38 -63
22 39 30
22 40 18
22 41 -15
22 42 45
22 43 -16
22 44 3
22 45 -81
22 47 -61
22 48 -63
22 49 97
23 0 76
23 1 -47
23 2 -11
23 3 37
23 4 -48
23 5 -86
23 6 89
23 7 67
23 9 47
23 10 43
23 12 -46
23 14 43
23 15 18
23 16 -6
23 17 42
23 20 -70
23 21 -80
23 22 33
23 23 -21
23 24 -10
23 25 -71
23 26 -54
23 27 6
23 30 -87
23 31 -84
23 34 -97
23 35 -35
23 36 83
23 37 -91
23 39 61
23 41 51
23 42 -48
23 43 30
23 44 71
23 47 -38
23 49 -92
24 0 67
24 1 -54
24 2 10
24 3 51
24 4 -76
24 5 25
24 6 99
24 7 100
24 8 -41
24 9 -57
24 10 7
24 12 -28
24 15 -36
24 16 -80
24 17 -54
24 18 -78
24 19 -74
24 20 50
24 21 16
24 22 39
24 23 36
24 24 -85
24 26 -77
24 27 -90
24 28 -77
24 29 -60
24 30 29
24 31 -70
24 33 -35
24 34 -33
24 35 -67
24 37 -61
24 38 -35
24 39 18
24 40 -82
24 44 61
24 45 46
24 46 -1
24 47 5
24 49 60
25 0 -16
25 1 36
25 2 -50
25 4 -36
25 5 68
25 6 50
25 7 73
25 8 21
25 9 70
25 10 99
25 11 84
25 12 64
25 13 66
25 14 81
25 15 17
25 17 -65
25 18 -74
25 19 70
25 20 23
25 21 26
25 22 -66
25 23 -77
25 24 48
25 26 38
25 27 -87
25 28 25
25 29 -27
25 31 -58
25 32 -2
25 35 -79
25 38 42
25 39 -30
25 40 -75
25 41 -33
25 42 -65
25 43 47
25 46 -93
25 47 91
25 48 81
26 0 40
26 1 -2
26 2 13
26 3 51
26 4 17
26 5 98
26 6 74
26 7 53
26 8 -90
26 9 -22
26 11 -63
26 12 6
26 13 32
26 14 -79
26 16 -17
26 17 80
26 18 59
26 19 88
26 21 -76
26 22 43
26 23 79
26 24 -66
26 25 46
26 26 -18
26 27 -50
26 31 -34
26 32 -61
26 33 81
26 34 -40
26 35 42
26 36 51
26 37 -65
26 38 40
26 39 -79
26 40 73
26 41 29
26 42 -62
26 43 -90
26 44 65
26 45 67
26 46 84
26 47 87
26 48 -88
26 49 48
27 0 -29
27 1 97
27 2 15
27 3 25
27 4 95
27 6 -16
27 8 -27
27 11 -35
27 12 -7
27 13 -81
27 14 -84
27 16 -56
27 17 -28
27 19 -67
27 20 66
27 21 57
27 22 -42
27 23 98
27 24 -58
27 25 -14
27 26 58
27 27 39
27 29 -19
27 30 -8
27 31 9
27 32 -93
27 33 3
27 34 -6
27 36 -15
27 37 -95
27 38 33
27 39 84
27 40 60
27 41 -91
27 43 29
27 44 95
27 45 8
27 47 -21
27 48 -29
27 49 -6
28 0 20
28 3 31
28 4 1
28 6 85
28 7 52
28 8 -63
28 10 55
28 11 2
28 12 -61
28 13 100
28 14 37
28 15 -30
28 16 50
28 18 -81
28 19 75
28 20 14
28 21 16
28 23 -89
28 24 -43
28 26 -87
28 27 -35
28 28 56
28 30 -71
28 32 67
28 33 -10
28 34 32
28 35 40
28 36 -82
28 37 15
28 38 -93
28 39 24
28 41 -80
28 42 77
28 44 19
28 45 99
28 46 51
28 47 -38
28 48 -59
28 49 85
29 0 -19
29 1 -97
29 2 -88
29 3 -59
29 4 -97
29 7 60
29 8 32
29 9 -56
29 11 -47
29 13 73
29 16 -60
29 17 5
29 18 -73
29 21 -3
29 23 -71
29 24 -70
29 25 79
29 26 1
29 27 89
29 28 33
29 29 -84
29 30 -46
29 31 44
29 32 45
29 33 37
29 34 -43
29 35 7
29 36 -21
29 38 -58
29 39 50
29 40 46
29 41 61
29 42 -99
29 44 3
29 45 30
29 46 39
29 47 70
29 48 52
30 0 -64
30 1 -10
30 2 -78
30 4 -86
30 5 32
30 6 75
30 7 4
30 8 -12
30 9 -76
30 10 47
30 11 4
30 13 62
30 14 -99
30 15 92
30 17 -57
30 18 86
30 19 11
30 20 22
30 21 67
30 23 -7
30 24 -17
30 25 39
30 26 -16
30 27 26
30 28 61
30 29 -90
30 30 -35
30 31 -96
30 33 -27
30 34 23
30 36 80
30 37 -53
30 38 -53
30 39 -32
30 40 42
30 42 -23
30 43 -83
30 45 93
30 46 -4
30 48 -95
30 49 18
31 0 -66
31 1 21
31 2 98
31 4 8
31 5 21
31 6 34
31 7 -67
31 9 72
31 10 -40
31 12 2
31 13 -10
31 16 90
31 17 -72
31 18 13
31 19 -33
31 20 38
31 21 78
31 22 -26
31 23 -29
31 24 -98
31 25 -31
31 26 64
31 27 -21
31 28 24
31 29 -98
31 31 59
31 32 -64
31 34 -2
31 35 -64
31 37 60
31 38 -62
31 39 56
31 40 -25
31 42 96
31 44 -63
31 45 79
31 46 -94
31 48 -4
31 49 93
32 0 -66
32 2 27
32 3 -59
32 4 2
32 5 45
32 6 17
32 7 45
32 9 66
32 11 32
32 12 52
32 13 66
32 15 -90
32 16 18
32 17 96
32 18 47
32 19 47
32 20 22
32 21 56
32 22 -91
32 24 63
32 26 37
32 27 4
32 28 -82
32 29 80
32 30 -56
32 32 -32
32 35 2
32 36 -17
32 37 13
32 39 -59
32 40 -53
32 41 5
32 42 92
32 43 82
32 44 -25
32 45 -7
32 46 -34
32 47 -48
32 49 23
33 1 5
33 2 -71
33 3 -86
33 4 -73
33 5 95
33 7 77
33 8 25
33 9 -54
33 10 37
33 12 -20
33 14 32
33 16 40
33 18 32
33 19 34
33 20 15
33 21 14
33 22 2
33 23 42
33 24 -30
33 25 -45
33 26 89
33 27 -21
33 28 -94
33 29 8
33 31 -53
33 32 -50
33 33 8
33 34 26
33 36 98
33 37 92
33 39 57
33 40 -92
33 42 57
33 43 68
33 45 54
33 47 66
33 48 -96
33 49 57
34 1 35
34 2 18
34 3 -33
34 4 -96
34 5 -37
34 6 5
34 7 -62
34 8 74
34 11 -83
34 12 -18
34 14 42
34 15 14
34 16 54
34 18 66
34 20 70
34 21 -3
34 22 -22
34 23 35
34 25 7
34 27 -51
34 28 8
34 29 30
34 30 92
34 31 71
34 32 66
34 33 -21
34 35 -23
34 37 -50
34 38 100
34 39 17
34 40 -4
34 41 70
34 43 57
34 44 -78
34 45 39
34 46 66
34 48 -88
35 0 59
35 1 80
35 4 90
35 5 99
35 6 -1
35 8 -40
35 9 -31
35 11 -88
35 12 56
35 13 -33
35 14 -96
35 15 -17
35 17 -48
35 20 3
35 21 -15
35 22 -18
35 24 -2
35 27 20
35 28 12
35 29 29
35 30 -58
35 31 -8
35 32 -84
35 33 -54
35 34 88
35 35 61
35 36 -48
35 38 -45
35 41 -37
35 43 -14
35 44 49
35 45 43
35 47 -65
35 48 -12
35 49 -96
36 0 63
36 2 15
36 3 77
36 6 38
36 7 -21
36 8 59
36 9 52
36 10 -42
36 11 -74
36 12 -2
36 14 -30
36 15 -82
36 16 -70
36 18 14
36 19 14
36 20 21
36 22 88
36 23 -58
36 24 80
36 26 -93
36 27 -86
36 28 -58
36 29 2
36 30 22
36 31 -51
36 33 69
36 34 62
36 35 -65
36 36 -71
36 37 -12
36 39 96
36 40 -70
36 42 -99
36 43 -7
36 44 54
36 47 53
36 48 -43
36 49 5
37 1 -38
37 3 -87
37 4 -95
37 6 -55
37 7 -60
37 9 -39
37 10 30
37 11 59
37 12 89
37 14 34
37 15 95
37 16 -27
37 17 -10
37 18 -57
37 20 72
37 21 -65
37 22 -41
37 23 -51
37 24 55
37 25 33
37 26 63
37 27 -77
37 28 52
37 29 -82
37 30 9
37 31 58
37 32 3
37 33 6
37 34 10
37 36 89
37 37 -54
37 38 66
37 40 -59
37 41 -25
37 42 -99
37 43 -52
37 44 -81
37 45 -69
37 47 32
37 48 85
37 49 -78
38 0 -91
38 1 78
38 2 -15
38 3 81
38 4 -5
38 5 53
38 7 16
38 8 -55
38 9 86
38 10 52
38 11 -23
38 12 -41
38 13 29
38 15 -42
38 16 -55
38 17 -50
38 18 22
38 20 -48
38 21 90
38 22 45
38 23 -15
38 25 52
38 26 -50
38 27 22
38 28 12
38 29 -82
38 30 48
38 31 -90
38 32 -63
38 33 -29
38 35 11
38 36 -18
38 37 -85
38 38 -94
38 41 -69
38 42 -92
38 43 86
38 44 71
38 45 10
38 46 -45
38 47 99
38 48 -63
38 49 46
39 2 -25
39 3 60
39 4 82
39 5 38
39 6 5
39 8 -26
39 9 -96
39 10 -81
39 11 -41
39 12 -2
39 14 43
39 15 50
39 16 87
39 17 82
39 19 55
39 20 -44
39 21 44
39 22 -71
39 23 -20
39 24 74
39 25 1
39 27 -58
39 28 -48
39 29 -66
39 30 82
39 31 57
39 35 -31
39 36 86
39 37 -70
39 38 11
39 39 -6
39 40 59
39 41 -30
39 44 -29
39 45 -90
39 46 -78
39 48 100
39 49 13
40 0 -93
40 1 76
40 2 -87
40 4 84
40 5 62
40 6 -32
40 8 -55
40 9 81
40 11 -56
40 14 -71
40 15 50
40 16 94
40 17 37
40 18 -29
40 19 -49
40 20 -24
40 21 -11
40 22 38
40 23 -23
40 24 82
40 25 15
40 26 -82
40 27 -16
40 29 80
40 30 91
40 31 90
40 32 52
40 34 95
40 35 -55
40 37 -8
40 39 -64
40 40 -43
40 41 82
40 43 -77
40 45 -19
40 46 78
40 48 -29
40 49 -55
41 1 -33
41 2 27
41 3 -77
41 4 -89
41 5 -19
41 6 -17
41 7 84
41 8 -9
41 9 -1
41 10 -80
41 11 30
41 12 33
41 13 31
41 14 60
41 15 100
41 17 -55
41 18 -21
41 20 48
41 21 -29
41 22 92
41 23 -57
41 24 54
41 25 -94
41 26 -47
41 27 -94
41 28 -3
41 29 -93
41 30 -64
41 31 53
41 32 68
41 34 68
41 35 20
41 37 70
41 38 43
41 39 -94
41 41 -77
41 43 34
41 44 66
41 45 92
41 48 -17
41 49 97
42 0 -57
42 1 -50
42 2 -95
42 3 -66
42 4 -18
42 6 34
42 7 5
42 8 95
42 9 37
42 10 -37
42 11 -31
42 12 57
42 13 -89
42 14 58
42 15 -30
42 16 -19
42 17 68
42 20 -66
42 21 11
42 22 -86
42 23 98
42 24 -97
42 26 59
42 27 -37
42 28 16
42 29 64
42 30 25
42 32 18
42 33 98
42 34 97
42 37 79
42 38 -83
42 39 -13
42 40 64
42 41 -69
42 43 -93
42 44 39
42 45 67
42 46 31
42 47 -5
42 49 -44
43 0 85
43 1 1
43 2 -57
43 4 -76
43 6 -57
43 7 -40
43 8 17
43 9 -42
43 10 -60
43 11 93
43 12 -75
43 13 41
43 14 37
43 15 16
43 16 60
43 17 100
43 19 -75
43 20 -97
43 21 20
43 22 72
43 23 -31
43 24 12
43 25 16
43 28 -46
43 29 70
43 32 -32
43 33 -72
43 34 -31
43 35 50
43 36 85
43 37 -11
43 38 82
43 39 28
43 40 86
43 41 -5
43 42 87
43 43 -33
43 44 -7
43 47 33
43 48 80
43 49 -91
44 0 50
44 1 -22
44 2 27
44 4 -53
44 5 45
44 6 -49
44 7 -29
44 8 -2
44 9 -41
44 10 -31
44 11 31
44 12 -18
44 13 -43
44 14 -22
44 15 -12
44 16 -44
44 17 52
44 18 -96
44 19 -95
44 20 4
44 23 49
44 25 -38
44 26 -94
44 27 -81
44 29 100
44 31 42
44 32 20
44 33 -28
44 34 -25
44 35 87
44 36 -84
44 37 49
44 38 46
44 40 -79
44 41 -25
44 42 45
44 43 -11
44 44 88
44 45 -49
44 46 -55
44 48 -71
44 49 -68
45 0 53
45 1 21
45 6 94
45 7 -65
45 9 43
45 10 35
45 12 -21
45 13 27
45 14 -9
45 15 -73
45 16 -65
45 17 -25
45 18 -61
45 19 46
45 20 -31
45 22 -72
45 23 -55
45 24 31
45 25 -48
45 26 -42
45 28 58
45 29 91
45 30 -45
45 31 -98
45 32 -52
45 34 46
45 35 -37
45 37 93
45 38 -94
45 39 -84
45 40 71
45 41 -34
45 42 -10
45 43 3
45 45 23
45 46 22
45 47 -76
45 48 13
45 49 84
46 0 25
46 1 12
46 2 11
46 3 -49
46 4 86
46 5 -73
46 6 -34
46 7 21
46 8 -89
46 9 -51
46 10 77
46 11 -79
46 12 -88
46 13 -76
46 15 27
46 17 -48
46 19 99
46 20 -84
46 21 60
46 22 28
46 23 100
46 25 72
46 28 14
46 29 -62
46 30 -78
46 31 53
46 34 -34
46 35 11
46 37 2
46 38 9
46 40 97
46 41 -67
46 43 62
46 45 -38
46 46 26
46 47 27
46 48 5
46 49 -16
47 0 -90
47 3 85
47 4 74
47 7 -29
47 8 54
47 9 -37
47 10 -77
47 11 -65
47 12 -87
47 13 -20
47 14 3
47 15 12
47 16 61
47 18 -49
47 20 6
47 22 -18
47 23 52
47 24 -46
47 26 -19
47 27 14
47 29 -3
47 30 61
47 31 -72
47 32 41
47 33 -17
47 34 -56
47 35 -43
47 36 -31
47 37 12
47 38 78
47 39 -13
47 41 -39
47 42 67
47 43 94
47 44 20
47 45 -59
47 46 3
47 48 -66
48 0 -80
48 1 85
48 2 52
48 4 49
48 7 30
48 8 -98
48 9 27
48 10 -3
48 11 6
48 12 -32
48 13 95
48 14 -82
48 15 58
48 16 36
48 17 -20
48 18 -37
48 19 -40
48 20 -65
48 22 13
48 23 10
48 24 -46
48 25 32
48 26 -80
48 28 85
48 30 -25
48 31 20
48 32 79
48 33 83
48 34 -40
48 35 -12
48 36 -1
48 37 -86
48 38 51
48 39 -57
48 40 -85
48 41 -34
48 42 -85
48 43 78
48 44 -34
48 45 -27
48 46 40
48 47 -59
48 48 62
49 1 73
49 2 -67
49 3 -27
49 5 85
49 8 64
49 9 -43
49 10 68
49 11 53
49 12 -11
49 14 -58
49 15 29
49 16 -100
49 17 9
49 18 -96
49 19 -7
49 21 -88
49 22 -48
49 23 -12
49 24 -68
49 25 63
49 26 -28
49 27 85
49 29 -4
49 30 86
49 31 -35
49 33 61
49 35 29
49 37 -18
49 40 -77
49 43 -99
49 44 12
49 47 77
49 48 27
49 49 -98