0 0 37
0 1 -81
0 3 28
0 4 83
0 5 -6
0 6 -81
0 7 62
0 8 -19
0 9 8
1 0 -41
1 1 -77
1 2 71
1 3 53
1 4 26
1 5 29
1 6 90
1 7 98
1 8 24
1 9 -61
2 0 -82
2 1 91
2 3 58
2 4 -14
2 5 -32
2 6 -29
2 7 25
2 8 55
2 9 -18
3 0 76
3 2 -47
3 3 80
3 6 23
3 7 94
3 8 -50
3 9 -99
4 0 -14
4 2 -97
4 3 -63
4 4 79
4 5 93
4 6 41
4 7 33
4 8 63
4 9 54
5 0 -85
5 1 97
5 2 -89
5 3 73
5 4 -41
5 5 5
5 6 40
5 8 88
5 9 -74
6 0 34
6 1 5
6 2 28
6 3 -46
6 5 -24
6 6 69
6 7 68
6 8 73
6 9 -10
7 0 80
7 1 -25
7 2 -16
7 3 70
7 4 -96
7 5 32
7 6 -14
7 7 -86
7 8 18
7 9 -17
8 0 83
8 1 -73
8 2 37
8 3 -55
8 4 -68
8 5 90
8 6 59
8 8 -73
8 9 -31
9 0 30
9 1 34
9 2 -99
9 3 95
9 4 -21
9 5 -69
9 6 31
9 7 -30
9 8 -76
9 9 57