0 3 1
0 5 -19
0 9 -12
0 16 3
0 17 45
0 26 -65
0 27 60
0 28 -99
0 32 -90
0 36 15
0 37 -60
0 39 30
0 41 -27
0 44 94
0 45 60
0 47 -89
0 48 13
0 52 -66
0 54 40
0 56 93
0 59 43
0 60 47
0 62 42
0 63 63
0 64 -46
0 70 -41
0 73 18
0 75 79
0 76 -15
0 82 15
0 84 -1
0 87 64
0 91 -64
0 93 2
0 96 58
0 98 -78
0 102 50
0 104 64
0 106 95
0 109 7
0 112 90
0 115 76
0 116 71
0 117 32
0 118 -42
0 119 52
0 121 28
0 122 19
0 125 8
0 126 14
0 134 44
0 135 96
0 140 -52
0 146 10
1 2 84
1 5 -36
1 11 -89
1 12 -51
1 19 -78
1 30 -49
1 34 -80
1 41 -79
1 42 -26
1 43 -69
1 44 82
1 48 58
1 54 -46
1 59 47
1 60 25
1 61 -93
1 62 86
1 66 -17
1 69 47
1 87 -65
1 89 -40
1 92 11
1 93 -72
1 118 73
1 122 -95
1 125 -65
1 128 74
1 135 -74
1 139 -92
1 141 45
1 142 12
1 144 95
1 146 80
2 0 -73
2 1 45
2 5 -25
2 6 -43
2 10 -97
2 12 -80
2 14 81
2 21 72
2 23 91
2 26 -21
2 30 -87
2 33 -71
2 35 -14
2 36 77
2 39 77
2 41 -94
2 48 25
2 51 62
2 52 7
2 54 -24
2 55 55
2 57 -19
2 60 -98
2 61 -2
2 62 -21
2 64 -5
2 66 -66
2 67 80
2 69 -56
2 72 -56
2 75 80
2 78 22
2 79 -62
2 84 -8
2 87 -28
2 90 81
2 94 94
2 99 -92
2 101 -62
2 108 -29
2 111 71
2 112 -63
2 122 -75
2 125 -10
2 127 28
2 128 75
2 131 -33
2 135 -38
2 136 -68
2 140 48
2 143 -62
2 144 -93
2 146 -3
2 148 67
3 1 1
3 4 77
3 7 -31
3 13 52
3 20 61
3 22 54
3 25 -85
3 27 -61
3 32 -24
3 33 15
3 34 62
3 38 22
3 39 -28
3 41 -60
3 44 -16
3 49 -17
3 55 -34
3 63 26
3 65 19
3 69 34
3 71 -28
3 73 84
3 81 1
3 84 -12
3 91 68
3 93 94
3 94 18
3 96 10
3 100 19
3 106 -62
3 108 87
3 115 18
3 116 -38
3 122 34
3 124 70
3 131 -100
3 136 91
3 137 -63
3 139 -38
3 142 -17
3 144 -79
3 145 67
4 1 -77
4 3 39
4 10 -5
4 14 -41
4 15 76
4 16 -34
4 18 35
4 20 -92
4 21 -99
4 24 -72
4 25 37
4 26 72
4 30 -37
4 33 21
4 45 61
4 58 -24
4 59 -91
4 60 -49
4 72 52
4 79 -21
4 84 72
4 86 36
4 88 14
4 89 -83
4 90 51
4 91 60
4 94 -21
4 95 -52
4 96 73
4 102 -73
4 104 -46
4 105 44
4 106 -70
4 111 -58
4 115 -58
4 116 88
4 117 -34
4 120 -91
4 124 91
4 131 86
4 136 77
4 139 61
4 140 -68
4 142 35
4 146 71
4 149 57
5 2 -79
5 7 -24
5 13 -10
5 22 -31
5 23 53
5 24 78
5 25 -46
5 33 3
5 34 -50
5 43 89
5 46 -9
5 48 25
5 56 -98
5 58 -19
5 59 67
5 65 -91
5 69 11
5 70 -40
5 71 -75
5 78 24
5 87 -58
5 91 79
5 93 83
5 101 -24
5 108 -52
5 110 92
5 119 70
5 125 32
5 128 -70
5 129 28
5 130 -35
5 131 1
5 137 17
5 140 13
5 141 -41
5 146 -58
5 147 12
6 1 95
6 3 -48
6 4 -62
6 14 -100
6 17 93
6 21 -92
6 24 -6
6 25 35
6 31 -61
6 32 -18
6 36 -47
6 38 -65
6 39 -98
6 48 -38
6 52 85
6 53 -37
6 54 -97
6 58 69
6 65 19
6 66 -76
6 67 24
6 69 51
6 71 97
6 73 -11
6 77 -14
6 80 69
6 93 18
6 96 -40
6 100 30
6 101 -97
6 102 17
6 108 -86
6 111 -30
6 117 -74
6 118 20
6 120 3
6 125 91
6 136 75
6 137 13
6 139 51
6 148 99
7 4 -78
7 5 71
7 18 -38
7 19 -96
7 24 86
7 25 59
7 26 -92
7 29 -100
7 35 -38
7 36 41
7 39 64
7 43 -73
7 46 90
7 49 -53
7 52 -46
7 53 -67
7 60 -25
7 64 46
7 67 -7
7 69 -14
7 71 -9
7 74 -88
7 76 65
7 79 -85
7 80 32
7 90 -57
7 91 40
7 102 -50
7 103 -58
7 104 97
7 114 -97
7 117 72
7 122 -70
7 123 -56
7 124 -57
7 125 88
7 127 -49
7 128 46
7 131 80
7 132 -1
7 136 64
7 138 -73
7 140 -53
7 141 -33
7 142 65
7 144 46
7 148 -61
8 0 -100
8 2 69
8 3 -22
8 11 -46
8 14 55
8 15 98
8 21 -56
8 35 38
8 48 3
8 55 -79
8 56 34
8 62 -50
8 65 -38
8 66 38
8 70 -90
8 71 47
8 77 -96
8 85 46
8 90 -59
8 96 -40
8 97 -49
8 103 76
8 110 62
8 112 63
8 114 -62
8 118 -90
8 119 66
8 122 13
8 126 10
8 127 72
8 136 -12
8 137 -25
8 138 31
8 139 -23
8 140 -30
8 143 -60
8 148 80
9 4 -65
9 5 10
9 7 -77
9 11 -100
9 13 -6
9 20 81
9 21 -99
9 22 -97
9 23 72
9 25 -69
9 26 3
9 27 -40
9 30 -37
9 32 -97
9 35 -20
9 37 -21
9 44 -60
9 45 11
9 46 -26
9 48 11
9 67 56
9 68 31
9 73 -83
9 77 82
9 80 -58
9 84 29
9 85 -45
9 90 -73
9 94 -35
9 105 -51
9 112 -98
9 115 -83
9 116 -43
9 120 74
9 121 -25
9 126 93
9 127 -36
9 129 -83
9 140 -28
9 143 -84
10 3 69
10 6 -27
10 8 66
10 9 -44
10 12 38
10 17 12
10 18 -6
10 20 16
10 22 99
10 23 41
10 39 -1
10 42 -16
10 49 -70
10 53 -31
10 55 95
10 61 90
10 63 -56
10 73 40
10 81 69
10 84 71
10 86 72
10 90 -36
10 91 37
10 96 40
10 98 45
10 99 -89
10 103 98
10 107 93
10 112 -23
10 113 -49
10 115 -14
10 117 9
10 119 -79
10 123 88
10 128 -96
10 130 94
10 133 59
10 139 37
10 144 9
11 1 55
11 10 74
11 13 87
11 14 42
11 24 -89
11 30 -42
11 33 -90
11 40 43
11 48 53
11 50 -25
11 51 -41
11 53 25
11 55 25
11 56 -1
11 58 -52
11 63 -54
11 65 -32
11 84 42
11 86 -97
11 93 -33
11 95 4
11 105 86
11 107 -80
11 114 -2
11 126 18
11 127 92
11 134 63
11 135 39
11 148 67
12 0 79
12 2 -44
12 3 15
12 5 43
12 8 82
12 9 -60
12 10 88
12 12 57
12 16 -50
12 18 -53
12 23 82
12 27 -46
12 29 32
12 31 10
12 37 -30
12 39 -92
12 46 7
12 48 76
12 53 -81
12 55 81
12 56 -92
12 74 51
12 75 -2
12 76 -9
12 82 -8
12 85 -80
12 88 38
12 89 -8
12 90 -16
12 100 -78
12 101 19
12 103 -100
12 104 -71
12 105 2
12 108 -80
12 111 80
12 112 37
12 113 -14
12 114 -63
12 126 -33
12 131 -75
12 135 32
12 138 -91
12 144 45
12 146 -47
13 1 -9
13 18 35
13 19 -15
13 23 32
13 28 -44
13 35 92
13 39 57
13 43 -89
13 47 17
13 58 39
13 59 4
13 65 66
13 69 -84
13 74 72
13 82 77
13 85 23
13 86 68
13 89 8
13 101 25
13 105 -2
13 108 93
13 112 -6
13 113 70
13 118 -31
13 126 -88
13 134 -61
13 137 -40
14 4 -100
14 5 -75
14 9 -98
14 18 71
14 20 88
14 23 63
14 32 35
14 33 96
14 34 67
14 38 80
14 50 4
14 53 -61
14 54 -88
14 56 41
14 63 65
14 72 68
14 86 5
14 87 66
14 89 -88
14 91 -38
14 95 -60
14 97 48
14 99 2
14 107 -79
14 109 -46
14 114 18
14 116 91
14 120 -78
14 131 -25
14 133 -77
14 138 -8
14 140 98
14 146 30
15 4 66
15 9 28
15 13 6
15 15 13
15 17 -65
15 18 44
15 23 1
15 24 -85
15 27 -94
15 28 -30
15 33 -36
15 36 -70
15 41 14
15 45 61
15 52 -28
15 54 81
15 56 94
15 59 27
15 60 -53
15 76 -98
15 77 46
15 84 -4
15 86 -18
15 87 92
15 88 -83
15 93 86
15 96 98
15 98 -16
15 99 -79
15 100 48
15 103 -1
15 105 -32
15 106 39
15 108 96
15 109 12
15 112 31
15 117 91
15 120 69
15 122 -47
15 124 74
15 128 -11
15 133 -66
15 135 -45
15 139 -2
15 140 -80
15 142 -75
15 145 85
16 3 60
16 4 89
16 8 48
16 11 16
16 22 18
16 24 -39
16 27 17
16 29 79
16 38 11
16 39 -86
16 45 -29
16 46 -45
16 52 65
16 54 78
16 57 -47
16 59 -59
16 61 86
16 67 80
16 72 -3
16 73 98
16 76 37
16 81 63
16 87 -21
16 90 -87
16 92 -76
16 94 31
16 96 25
16 98 18
16 99 -82
16 101 37
16 103 74
16 106 12
16 113 24
16 114 98
16 116 5
16 118 55
16 125 86
16 129 98
16 131 7
16 135 -44
16 141 90
16 143 3
17 1 -91
17 3 4
17 8 51
17 11 12
17 17 -91
17 20 -67
17 24 -12
17 28 88
17 29 39
17 31 89
17 32 63
17 36 -29
17 37 -53
17 39 17
17 46 59
17 49 32
17 52 10
17 53 -1
17 55 -86
17 69 -38
17 74 30
17 75 80
17 82 74
17 83 8
17 86 -37
17 90 95
17 92 -84
17 97 97
17 111 -10
17 114 -37
17 116 -15
17 117 13
17 118 99
17 129 -35
17 130 -49
17 131 67
17 132 40
17 135 16
17 137 47
17 138 33
17 139 35
17 144 -93
17 145 -74
17 147 -94
17 149 -100
18 0 66
18 6 -92
18 7 21
18 8 92
18 11 49
18 30 -26
18 36 -91
18 37 -71
18 39 -57
18 41 -17
18 43 -28
18 46 33
18 47 -8
18 53 -92
18 54 82
18 58 38
18 59 -58
18 64 -88
18 65 95
18 66 -23
18 67 -1
18 79 92
18 80 -80
18 83 89
18 84 6
18 85 -81
18 86 44
18 87 -43
18 89 -83
18 91 45
18 92 -13
18 96 -29
18 97 100
18 105 -45
18 109 -93
18 112 -50
18 114 -14
18 115 41
18 116 50
18 119 -30
18 120 93
18 123 14
18 126 4
18 128 -52
18 130 -97
18 133 -36
18 139 72
18 141 5
18 144 95
18 146 -96
18 147 -79
19 3 -65
19 8 44
19 12 -31
19 17 -40
19 18 -21
19 19 -55
19 23 59
19 30 -51
19 39 -51
19 47 14
19 52 41
19 54 -19
19 59 -48
19 64 43
19 65 93
19 72 69
19 88 28
19 94 -51
19 95 56
19 96 28
19 97 22
19 99 89
19 104 -69
19 105 -88
19 114 -75
19 120 -1
19 124 -94
19 126 27
19 127 81
19 131 -35
19 137 89
19 139 -81
19 140 56
19 141 -74
19 142 82
19 143 -41
19 144 56
19 146 11
19 149 2
20 1 -53
20 10 95
20 17 94
20 18 18
20 19 49
20 21 -34
20 22 -15
20 24 -24
20 28 -85
20 31 54
20 34 89
20 39 70
20 50 -71
20 56 -74
20 58 -88
20 59 -81
20 61 16
20 62 57
20 70 80
20 74 -67
20 75 -8
20 79 -83
20 80 -94
20 82 -78
20 83 19
20 85 -35
20 88 53
20 89 13
20 92 60
20 96 72
20 103 42
20 109 20
20 115 -1
20 116 -50
20 131 22
20 133 7
20 140 -82
20 142 72
20 143 26
20 146 24
20 148 -38
21 1 94
21 3 -75
21 11 43
21 22 -22
21 23 -67
21 26 21
21 32 9
21 38 -91
21 40 -63
21 44 -53
21 45 -8
21 48 -40
21 51 86
21 53 49
21 54 43
21 56 34
21 58 -88
21 59 -30
21 60 -58
21 69 21
21 78 -11
21 81 -56
21 88 -87
21 90 -57
21 91 99
21 94 -38
21 98 -88
21 101 -48
21 102 -28
21 109 99
21 111 -14
21 113 -67
21 120 -76
21 121 21
21 126 57
21 141 -30
21 145 74
22 1 36
22 2 68
22 9 31
22 11 87
22 13 -95
22 20 12
22 21 -86
22 31 -88
22 32 -64
22 36 77
22 41 -88
22 44 -14
22 46 -4
22 48 42
22 51 45
22 56 14
22 63 64
22 71 60
22 74 56
22 80 52
22 82 63
22 84 29
22 85 -16
22 92 -43
22 95 -2
22 97 -100
22 99 -59
22 100 -35
22 101 -87
22 104 77
22 109 23
22 113 -93
22 114 46
22 117 -99
22 123 31
22 127 87
22 128 48
22 130 -11
22 131 -48
22 136 -62
22 140 89
22 144 4
22 145 -97
22 148 67
22 149 59
23 0 -78
23 2 -56
23 5 85
23 6 47
23 7 36
23 10 5
23 12 46
23 16 63
23 17 47
23 35 -80
23 37 -25
23 43 -12
23 51 93
23 52 2
23 54 90
23 59 26
23 63 44
23 64 20
23 65 19
23 81 65
23 90 -97
23 93 -91
23 97 -45
23 105 89
23 106 -1
23 110 10
23 112 -73
23 116 34
23 122 -20
23 129 21
23 131 -21
23 134 99
23 135 -26
23 136 81
23 137 -53
23 149 12
24 0 31
24 6 4
24 7 84
24 9 -86
24 11 -67
24 15 -50
24 16 28
24 18 68
24 19 -21
24 22 -90
24 25 -83
24 34 64
24 37 -4
24 41 -81
24 42 -10
24 47 71
24 49 -39
24 51 -40
24 52 98
24 57 22
24 66 -37
24 69 43
24 70 57
24 72 27
24 73 -68
24 79 60
24 83 -62
24 88 39
24 90 90
24 92 17
24 95 -47
24 97 22
24 104 5
24 109 73
24 111 99
24 114 1
24 115 2
24 122 79
24 125 -13
24 128 78
24 131 82
24 133 -93
24 135 55
24 140 -32
24 142 -100
24 146 -89
24 148 37
25 0 -30
25 1 80
25 2 48
25 6 60
25 15 -70
25 17 82
25 19 -1
25 20 -17
25 26 -60
25 30 56
25 31 -47
25 33 -70
25 45 -46
25 53 -21
25 55 -45
25 57 75
25 58 -74
25 59 -64
25 62 -23
25 63 91
25 66 35
25 67 -23
25 68 54
25 69 63
25 70 24
25 71 33
25 72 -78
25 84 -51
25 85 -46
25 87 -24
25 90 49
25 91 89
25 94 -51
25 96 79
25 97 -38
25 98 -53
25 100 18
25 102 -20
25 105 -74
25 107 -84
25 110 -72
25 113 -26
25 119 49
25 124 -35
25 131 98
25 132 -82
25 134 -52
25 145 -5
25 148 59
26 0 -12
26 1 -63
26 4 -18
26 5 18
26 6 32
26 9 -62
26 12 98
26 22 64
26 24 -84
26 25 -27
26 34 -65
26 40 52
26 41 -31
26 45 -4
26 52 -90
26 58 -18
26 70 -53
26 74 9
26 78 -73
26 83 -75
26 85 -85
26 87 95
26 92 -39
26 101 -50
26 102 12
26 113 -60
26 115 71
26 119 25
26 120 37
26 123 -17
26 124 17
26 127 -69
26 128 48
26 130 -13
26 131 -84
26 134 -53
26 140 -38
26 141 9
26 148 -89
26 149 -48
27 0 -61
27 1 5
27 5 15
27 11 16
27 19 -30
27 30 88
27 32 -22
27 33 3
27 37 -99
27 38 -24
27 49 -71
27 50 63
27 69 50
27 70 -73
27 74 -15
27 77 -98
27 83 9
27 84 -93
27 86 -32
27 87 31
27 88 -24
27 95 49
27 112 -11
27 121 75
27 123 -28
27 126 -83
27 129 -78
27 133 -63
27 134 -50
27 135 -60
27 136 32
27 142 76
27 145 -28
27 146 -49
27 147 -76
27 148 26
28 2 -96
28 5 -17
28 7 -54
28 10 -15
28 13 -1
28 21 53
28 24 69
28 33 -62
28 36 -6
28 45 62
28 46 -7
28 51 34
28 59 34
28 60 -25
28 72 4
28 74 21
28 75 -26
28 76 -80
28 83 91
28 86 -44
28 89 4
28 92 30
28 95 -91
28 97 -10
28 101 -43
28 109 -74
28 112 60
28 113 78
28 115 18
28 116 -64
28 118 -33
28 119 100
28 129 98
28 133 -56
28 136 -62
28 137 -67
28 138 -63
28 145 2
28 146 51
29 1 -65
29 2 -89
29 6 -43
29 8 35
29 9 -73
29 10 3
29 14 15
29 24 31
29 26 97
29 27 4
29 29 -78
29 32 17
29 33 97
29 40 94
29 41 -98
29 42 74
29 44 -96
29 51 27
29 52 -61
29 53 -84
29 54 -42
29 60 -7
29 69 -66
29 72 10
29 79 37
29 80 42
29 82 -43
29 84 -60
29 87 29
29 90 -99
29 99 100
29 101 -88
29 104 -19
29 112 25
29 120 20
29 121 -47
29 125 23
29 134 63
29 138 49
29 139 57
29 142 -37
29 144 84
29 148 -60
30 7 84
30 11 -97
30 14 -22
30 17 -57
30 18 -60
30 19 69
30 27 -20
30 31 -25
30 37 94
30 42 22
30 43 65
30 44 -4
30 45 -89
30 54 -36
30 57 81
30 64 -63
30 70 -30
30 72 71
30 73 -52
30 84 46
30 87 -25
30 89 -29
30 91 -67
30 93 -85
30 95 97
30 102 -42
30 106 85
30 111 48
30 113 -44
30 114 63
30 120 -77
30 122 19
30 131 57
30 133 -8
30 138 -22
30 141 51
30 144 64
30 146 91
31 8 70
31 15 -54
31 17 16
31 19 -61
31 23 -94
31 24 6
31 28 100
31 29 -5
31 31 76
31 35 75
31 37 -67
31 38 87
31 39 -15
31 41 13
31 45 -20
31 53 1
31 57 23
31 59 -60
31 60 -75
31 64 5
31 70 1
31 72 59
31 73 3
31 74 -16
31 77 91
31 78 73
31 79 56
31 80 -50
31 102 24
31 103 7
31 113 27
31 117 -40
31 126 -72
31 127 -66
31 132 77
31 133 13
31 136 -99
31 137 -27
31 140 -94
31 144 -42
31 147 76
32 0 -81
32 4 -56
32 12 -13
32 15 -74
32 17 -7
32 22 -98
32 31 16
32 32 -91
32 35 -83
32 45 87
32 46 -49
32 51 100
32 54 13
32 64 50
32 65 11
32 66 17
32 69 -88
32 73 49
32 76 -33
32 79 67
32 85 94
32 94 27
32 96 36
32 98 -22
32 100 -17
32 101 74
32 102 -45
32 106 28
32 107 -8
32 109 2
32 118 15
32 121 -75
32 123 48
32 127 94
32 132 89
32 139 6
32 143 19
32 147 59
33 0 62
33 12 17
33 13 -79
33 21 -45
33 22 96
33 23 29
33 25 58
33 28 53
33 30 -66
33 31 31
33 32 98
33 36 -87
33 37 4
33 39 -55
33 50 18
33 57 67
33 64 -29
33 66 -42
33 68 -100
33 71 -87
33 74 83
33 77 91
33 89 38
33 90 78
33 93 83
33 95 57
33 99 72
33 100 -68
33 102 27
33 105 44
33 120 -35
33 124 77
33 125 -69
33 126 47
33 127 26
33 132 70
33 133 -68
33 137 34
33 140 -52
33 142 -7
33 143 86
34 1 92
34 2 86
34 3 -53
34 5 -8
34 10 5
34 12 95
34 13 64
34 14 34
34 16 58
34 21 -84
34 29 59
34 30 -43
34 31 -18
34 37 -46
34 39 -1
34 47 43
34 48 -7
34 49 -29
34 51 92
34 55 4
34 57 28
34 64 86
34 65 -37
34 67 58
34 68 -4
34 81 -56
34 84 62
34 88 55
34 93 10
34 96 -95
34 97 -100
34 98 -37
34 99 -22
34 102 -28
34 106 -25
34 108 99
34 109 30
34 111 -19
34 114 47
34 117 -57
34 133 -23
34 142 84
35 0 -31
35 4 -88
35 5 38
35 9 -65
35 12 78
35 18 -70
35 21 -54
35 22 76
35 39 6
35 41 -78
35 42 -1
35 44 13
35 47 38
35 54 92
35 58 -74
35 60 -91
35 62 67
35 63 -63
35 66 97
35 70 -30
35 72 13
35 73 48
35 77 -76
35 78 -96
35 83 -51
35 85 98
35 86 -28
35 89 77
35 97 -32
35 98 3
35 104 -90
35 110 -37
35 114 75
35 118 -11
35 133 78
35 134 35
35 141 -43
35 146 -52
36 0 48
36 3 37
36 5 93
36 16 89
36 17 80
36 18 -96
36 19 30
36 25 3
36 32 -5
36 37 -57
36 43 -80
36 45 53
36 50 27
36 51 87
36 52 -96
36 54 -4
36 56 20
36 59 77
36 63 -23
36 66 46
36 71 42
36 75 -62
36 81 95
36 82 -16
36 83 -84
36 90 -35
36 96 -13
36 104 34
36 105 -69
36 106 -60
36 107 -14
36 111 -47
36 113 -66
36 117 -98
36 118 66
36 122 -64
36 124 -6
36 129 11
36 146 -70
36 147 -14
37 7 9
37 11 74
37 13 -66
37 15 81
37 18 -86
37 19 74
37 20 59
37 23 50
37 25 65
37 32 -6
37 34 26
37 35 -35
37 43 -62
37 46 -8
37 47 -56
37 53 -27
37 61 68
37 62 -33
37 64 -94
37 67 78
37 71 -97
37 73 79
37 74 2
37 81 -53
37 82 47
37 85 14
37 87 50
37 91 27
37 95 90
37 101 29
37 107 94
37 114 -87
37 116 -67
37 123 -49
37 135 93
37 138 53
37 140 -46
37 143 65
38 2 57
38 6 5
38 7 75
38 13 30
38 17 -73
38 19 -45
38 24 -96
38 25 -37
38 27 -94
38 30 -32
38 38 29
38 56 17
38 61 -6
38 68 -30
38 71 -11
38 72 95
38 75 61
38 77 -23
38 78 -83
38 81 -88
38 83 100
38 84 19
38 87 -34
38 95 65
38 99 -47
38 100 -62
38 104 21
38 106 -4
38 108 55
38 110 -34
38 111 -17
38 116 19
38 118 -40
38 125 -12
38 126 -34
38 139 93
38 142 33
39 2 41
39 8 -69
39 9 -30
39 12 42
39 17 36
39 18 -21
39 19 -8
39 22 -94
39 24 15
39 27 94
39 28 79
39 30 99
39 31 -1
39 34 38
39 40 43
39 46 -8
39 47 90
39 49 -71
39 52 80
39 56 -25
39 75 -68
39 82 -88
39 83 -31
39 84 -29
39 86 24
39 87 94
39 91 -65
39 92 -46
39 93 62
39 95 41
39 98 -48
39 102 20
39 108 22
39 112 49
39 113 -76
39 117 -67
39 119 82
39 128 40
39 134 -2
39 136 89
39 141 -7
39 143 54
39 144 16
39 145 -89
39 147 -9
40 4 10
40 5 60
40 7 12
40 12 -72
40 13 -77
40 15 26
40 17 -90
40 21 11
40 39 -7
40 47 37
40 50 14
40 53 -35
40 54 89
40 56 36
40 61 -24
40 63 45
40 66 -77
40 68 6
40 69 2
40 75 -16
40 78 -66
40 84 6
40 87 -64
40 95 54
40 100 8
40 103 5
40 105 -47
40 112 -25
40 113 -97
40 114 55
40 116 -64
40 121 94
40 123 -7
40 124 -82
40 125 -36
40 126 -78
40 128 -44
40 130 27
40 131 22
40 132 -9
40 138 -88
40 139 98
40 141 -1
40 142 -18
40 147 -79
40 149 -14
41 2 -32
41 3 -81
41 4 58
41 5 -87
41 13 -75
41 17 18
41 20 -69
41 35 83
41 36 -69
41 39 -25
41 40 -85
41 46 -51
41 50 -46
41 53 -58
41 54 35
41 55 -85
41 58 -3
41 71 99
41 74 36
41 75 -33
41 76 -74
41 85 36
41 86 93
41 92 -82
41 94 47
41 96 63
41 108 -29
41 112 75
41 115 -78
41 119 67
41 123 48
41 124 -17
41 130 74
41 131 74
41 135 29
41 137 48
41 142 72
41 143 86
41 144 7
41 148 98
42 4 68
42 7 71
42 9 42
42 13 64
42 14 25
42 31 77
42 35 -45
42 41 36
42 45 27
42 47 84
42 50 26
42 51 72
42 53 16
42 54 -51
42 57 72
42 58 51
42 59 -100
42 60 -17
42 63 92
42 67 -42
42 68 -49
42 69 -79
42 75 -93
42 76 -43
42 85 43
42 87 -12
42 88 53
42 91 29
42 93 70
42 96 96
42 99 -62
42 100 73
42 101 96
42 106 -93
42 110 -39
42 115 66
42 117 -82
42 118 96
42 123 -14
42 124 -52
42 126 -51
42 127 73
42 131 60
42 137 74
42 138 -55
42 141 92
42 143 18
42 145 53
43 1 -29
43 4 94
43 5 90
43 13 -3
43 19 78
43 22 -90
43 24 51
43 26 38
43 33 -54
43 37 -11
43 38 60
43 46 12
43 47 22
43 48 22
43 52 -92
43 59 -21
43 60 85
43 61 92
43 73 -30
43 82 77
43 83 -36
43 86 7
43 93 68
43 95 -24
43 103 14
43 105 -89
43 110 -38
43 112 65
43 120 -5
43 122 95
43 126 -75
43 130 66
43 135 60
43 142 -65
43 147 3
44 1 -90
44 3 58
44 7 73
44 11 7
44 19 -3
44 24 -46
44 31 -85
44 33 65
44 36 51
44 42 10
44 43 11
44 44 -57
44 59 -66
44 66 -70
44 69 42
44 71 81
44 74 64
44 82 87
44 83 78
44 86 38
44 87 -45
44 88 26
44 90 -3
44 91 -50
44 95 76
44 97 45
44 101 19
44 104 65
44 117 22
44 119 18
44 120 79
44 121 -58
44 123 96
44 126 87
44 131 54
44 135 -78
44 137 98
44 142 -98
44 147 -4
45 3 -16
45 4 -61
45 10 83
45 13 -53
45 24 44
45 28 -29
45 30 87
45 31 -83
45 32 -47
45 34 19
45 35 -48
45 40 -47
45 49 -86
45 50 49
45 53 -76
45 55 83
45 56 82
45 59 -18
45 60 97
45 62 50
45 63 -66
45 65 39
45 66 12
45 67 13
45 69 55
45 76 74
45 79 64
45 80 -54
45 82 51
45 87 45
45 88 -73
45 91 34
45 92 -1
45 96 -19
45 98 48
45 99 100
45 100 86
45 104 76
45 106 81
45 108 -9
45 125 25
45 129 40
45 137 91
45 141 -39
45 143 -96
46 4 -32
46 6 -16
46 12 72
46 14 -58
46 29 33
46 33 47
46 41 49
46 45 28
46 49 41
46 58 71
46 65 -25
46 66 -32
46 75 62
46 78 -33
46 79 -42
46 83 -58
46 85 -56
46 87 31
46 89 2
46 94 84
46 100 -2
46 101 91
46 103 -72
46 109 8
46 115 -42
46 116 -60
46 119 49
46 124 84
46 127 -74
46 135 22
46 141 -29
46 145 -21
46 147 -71
46 149 -13
47 1 -70
47 15 84
47 17 -56
47 23 44
47 24 -16
47 31 51
47 32 -87
47 33 -68
47 35 -88
47 37 -70
47 41 38
47 46 88
47 48 91
47 50 52
47 52 -74
47 53 -84
47 56 -57
47 59 -2
47 62 -96
47 63 -100
47 69 66
47 74 93
47 75 -84
47 77 66
47 78 -95
47 82 15
47 84 -87
47 87 -51
47 88 -48
47 91 70
47 93 95
47 94 -9
47 96 -26
47 98 -40
47 102 -17
47 107 -82
47 108 28
47 112 67
47 122 70
47 123 61
47 124 51
47 128 82
47 139 14
47 140 -15
47 142 62
47 147 86
48 1 -88
48 9 46
48 11 48
48 17 -22
48 18 -82
48 20 72
48 23 -31
48 40 -33
48 43 96
48 51 99
48 52 21
48 54 -50
48 57 -4
48 58 87
48 61 92
48 63 -11
48 68 -5
48 75 37
48 85 84
48 90 -39
48 99 8
48 104 -83
48 108 29
48 109 40
48 110 5
48 112 -3
48 114 59
48 118 10
48 120 -5
48 122 -88
48 123 -54
48 124 85
48 127 -29
48 134 -79
48 140 -90
48 142 -9
49 0 51
49 1 69
49 3 69
49 27 80
49 29 99
49 41 -93
49 48 -19
49 53 3
49 56 -98
49 57 20
49 60 -50
49 64 84
49 66 25
49 70 54
49 72 -73
49 81 -7
49 82 60
49 83 37
49 84 97
49 86 -8
49 90 -79
49 92 -64
49 98 100
49 99 -94
49 100 -88
49 102 28
49 103 -22
49 104 2
49 107 -35
49 115 78
49 117 22
49 119 79
49 126 -45
49 131 56
49 132 -21
49 145 82
49 149 -84
50 0 -91
50 5 -60
50 9 -33
50 11 63
50 20 25
50 26 -78
50 36 2
50 38 -68
50 39 65
50 44 28
50 45 -9
50 54 -49
50 61 -42
50 71 65
50 73 11
50 76 -77
50 82 93
50 86 23
50 87 -95
50 88 -36
50 89 -49
50 92 -37
50 96 -70
50 102 70
50 103 -93
50 104 96
50 108 -41
50 113 35
50 118 -72
50 129 38
50 130 12
50 133 95
50 134 -24
50 138 86
50 144 -6
50 146 -60
50 149 88
51 0 7
51 12 89
51 13 76
51 19 -50
51 20 -56
51 33 39
51 36 -74
51 41 -8
51 44 91
51 50 -20
51 63 87
51 65 73
51 66 -39
51 67 16
51 71 -65
51 73 -89
51 79 67
51 90 24
51 101 -72
51 104 -22
51 107 -56
51 110 -16
51 114 -31
51 117 39
51 118 23
51 124 100
51 126 -7
51 128 31
51 131 -75
51 134 -57
51 138 -90
51 141 36
51 145 40
51 148 -50
52 0 -94
52 3 -76
52 9 -94
52 12 43
52 15 -63
52 16 -36
52 22 93
52 26 52
52 27 77
52 29 70
52 31 -43
52 37 -60
52 41 99
52 43 -22
52 44 2
52 47 -40
52 49 70
52 50 69
52 51 58
52 54 96
52 59 10
52 64 67
52 66 2
52 67 -100
52 70 -9
52 93 3
52 98 -21
52 101 -73
52 102 16
52 108 -86
52 114 76
52 115 -44
52 116 41
52 122 90
52 126 54
52 140 -7
52 144 86
53 0 75
53 1 -98
53 2 99
53 4 39
53 5 -41
53 6 56
53 9 74
53 13 39
53 18 -52
53 29 -56
53 35 12
53 40 37
53 41 -92
53 44 2
53 46 24
53 49 90
53 52 1
53 57 15
53 69 41
53 71 97
53 76 37
53 81 -42
53 84 29
53 88 -44
53 98 -92
53 103 81
53 104 37
53 114 -20
53 122 91
53 130 70
53 139 -28
53 140 -12
53 145 -92
53 146 48
53 149 -21
54 1 72
54 8 76
54 15 -15
54 19 17
54 21 39
54 23 40
54 25 -4
54 26 -80
54 36 60
54 46 74
54 47 77
54 51 92
54 55 25
54 57 58
54 61 -21
54 64 12
54 65 6
54 67 -30
54 71 3
54 72 42
54 74 35
54 76 53
54 79 50
54 85 -27
54 86 94
54 91 68
54 92 -77
54 93 40
54 103 35
54 106 93
54 108 46
54 112 -32
54 116 -97
54 121 47
54 135 49
54 136 35
54 139 70
54 140 -60
54 141 13
54 142 -100
54 144 -61
55 0 74
55 2 -15
55 6 19
55 8 18
55 9 -67
55 19 -78
55 22 -66
55 24 -83
55 25 27
55 28 -63
55 34 78
55 37 3
55 38 -70
55 39 -52
55 42 -73
55 45 77
55 47 -83
55 49 35
55 56 -52
55 67 84
55 72 13
55 80 -51
55 81 -54
55 82 28
55 83 18
55 90 60
55 92 45
55 93 35
55 99 -32
55 109 23
55 111 28
55 112 51
55 116 -88
55 118 74
55 123 -71
55 127 56
55 129 -53
55 133 -93
55 137 -31
55 143 5
55 144 -48
55 145 15
55 146 1
56 0 3
56 3 -63
56 5 39
56 6 56
56 13 -37
56 18 49
56 19 -29
56 21 48
56 22 -89
56 28 -32
56 30 88
56 32 -23
56 33 93
56 34 -57
56 35 63
56 37 3
56 38 19
56 39 -56
56 41 89
56 48 -48
56 49 89
56 53 -54
56 54 76
56 55 42
56 68 55
56 72 -84
56 76 4
56 80 49
56 87 36
56 88 74
56 89 14
56 91 11
56 95 8
56 97 -81
56 100 -38
56 102 47
56 110 -48
56 120 72
56 127 -72
56 129 34
56 132 -1
56 134 -62
56 142 92
57 3 -95
57 4 -98
57 6 66
57 8 -58
57 12 72
57 14 18
57 18 85
57 22 19
57 24 -24
57 31 32
57 35 27
57 39 14
57 41 -69
57 42 54
57 47 15
57 48 42
57 49 -65
57 51 90
57 58 95
57 60 -30
57 71 -5
57 78 38
57 79 -3
57 92 74
57 93 40
57 94 -52
57 95 2
57 96 -34
57 99 12
57 101 -98
57 111 88
57 118 -53
57 122 -23
57 123 50
57 126 11
57 128 96
57 131 8
57 139 -10
57 145 85
57 148 33
58 3 90
58 4 23
58 6 61
58 7 46
58 13 -58
58 18 -4
58 21 43
58 24 -23
58 32 -73
58 33 -71
58 35 -74
58 39 -37
58 41 12
58 48 -6
58 54 61
58 55 92
58 61 35
58 63 -18
58 65 91
58 79 22
58 82 -35
58 84 -16
58 85 45
58 91 -48
58 93 -18
58 98 12
58 99 54
58 101 84
58 103 -38
58 124 66
58 128 -14
58 133 57
58 134 -61
58 136 46
58 142 25
58 145 -58
58 149 23
59 8 -77
59 9 48
59 15 -16
59 24 71
59 31 -43
59 33 -4
59 34 -53
59 38 3
59 40 -87
59 43 -92
59 45 -63
59 49 -43
59 62 -95
59 65 84
59 66 -74
59 71 -40
59 76 57
59 77 -14
59 81 81
59 86 52
59 91 -15
59 92 -6
59 97 63
59 98 34
59 105 -86
59 106 -59
59 110 58
59 111 -12
59 114 -92
59 123 -79
59 128 -71
59 129 21
59 131 18
59 139 67
59 147 25
60 2 22
60 8 -34
60 18 -90
60 20 -32
60 22 42
60 27 -60
60 28 15
60 30 10
60 31 97
60 33 -67
60 37 -94
60 38 36
60 43 74
60 47 -7
60 49 54
60 55 -34
60 63 -63
60 67 -51
60 69 19
60 76 13
60 78 98
60 80 52
60 81 -61
60 95 -57
60 96 8
60 97 47
60 99 27
60 105 -60
60 106 -29
60 107 -5
60 111 -86
60 114 15
60 116 3
60 120 -22
60 124 -33
60 133 92
60 138 86
60 139 -25
60 145 10
60 148 -36
61 0 -34
61 5 -33
61 9 50
61 10 -18
61 11 86
61 14 87
61 20 -32
61 23 -61
61 26 -30
61 30 67
61 31 7
61 35 -51
61 38 -50
61 39 -28
61 42 52
61 44 73
61 47 -23
61 49 17
61 50 55
61 52 -8
61 58 46
61 60 63
61 62 -100
61 69 -64
61 75 -5
61 82 95
61 83 -31
61 99 -100
61 103 -97
61 104 78
61 107 -71
61 110 -67
61 111 13
61 116 94
61 121 58
61 125 12
61 128 45
61 133 7
61 138 22
61 142 12
61 148 69
61 149 88
62 0 27
62 3 -2
62 8 90
62 11 68
62 13 -80
62 17 61
62 21 -28
62 26 49
62 28 -88
62 31 -23
62 32 -39
62 36 -4
62 38 63
62 41 25
62 51 -38
62 52 31
62 53 -84
62 63 60
62 65 19
62 67 21
62 73 6
62 81 1
62 88 -91
62 91 -17
62 92 -12
62 93 91
62 100 -100
62 103 89
62 115 -7
62 118 21
62 121 91
62 126 -22
62 128 42
62 139 58
62 140 -72
62 141 -54
62 146 15
63 1 11
63 7 87
63 14 -16
63 15 52
63 16 57
63 20 90
63 27 81
63 29 21
63 36 5
63 37 22
63 38 1
63 49 -35
63 51 21
63 59 -67
63 63 -37
63 64 14
63 65 -56
63 66 1
63 74 -94
63 75 -11
63 77 87
63 79 89
63 85 -40
63 90 83
63 97 -17
63 102 73
63 103 -72
63 105 81
63 107 -64
63 109 -100
63 114 91
63 115 55
63 117 90
63 125 -99
63 127 -5
63 130 -11
63 131 -39
63 142 38
63 143 49
63 145 77
63 146 -58
63 148 -22
64 0 -69
64 7 -54
64 8 -86
64 10 -70
64 18 79
64 19 83
64 21 23
64 32 58
64 35 29
64 39 5
64 41 -62
64 43 76
64 46 -45
64 47 -98
64 49 33
64 53 -22
64 55 -53
64 59 -37
64 62 2
64 63 60
64 64 38
64 70 5
64 72 -90
64 75 15
64 78 26
64 83 76
64 88 -51
64 90 40
64 91 -14
64 96 49
64 105 -21
64 106 -31
64 113 95
64 114 -24
64 115 -60
64 118 -8
64 122 -31
64 132 -18
64 142 -67
64 143 -26
64 146 -77
64 147 50
65 1 11
65 2 45
65 3 -99
65 4 4
65 5 90
65 10 -66
65 16 11
65 18 -41
65 26 -92
65 47 -24
65 49 34
65 56 -30
65 60 64
65 63 -71
65 65 -4
65 66 2
65 67 19
65 72 87
65 80 -49
65 83 38
65 92 54
65 94 -70
65 97 86
65 101 89
65 105 36
65 108 1
65 111 8
65 112 -44
65 113 -53
65 118 56
65 123 24
65 129 -46
65 131 -66
65 133 -66
65 136 -7
65 143 -28
65 145 -53
65 146 -96
65 148 -73
66 2 -41
66 3 -23
66 4 -36
66 11 96
66 19 91
66 21 17
66 22 70
66 23 57
66 27 -62
66 29 -62
66 31 98
66 39 22
66 42 49
66 45 -62
66 46 23
66 50 -51
66 54 75
66 57 -100
66 58 50
66 64 -75
66 70 9
66 74 -60
66 83 -28
66 96 54
66 97 67
66 98 -76
66 99 -6
66 102 80
66 107 96
66 109 1
66 115 -97
66 117 -58
66 118 -37
66 122 -93
66 123 73
66 125 -47
66 127 97
66 128 -60
66 129 37
66 130 -92
66 132 86
66 137 29
66 145 -50
66 146 -16
67 4 58
67 9 79
67 13 33
67 17 55
67 18 38
67 21 -93
67 25 -34
67 34 100
67 35 65
67 40 -88
67 41 -45
67 42 40
67 49 -70
67 50 45
67 56 81
67 64 12
67 66 -70
67 70 78
67 77 60
67 80 84
67 83 17
67 85 88
67 88 57
67 94 79
67 97 -52
67 102 94
67 103 -20
67 106 -35
67 114 65
67 115 55
67 124 -26
67 125 -33
67 134 -66
67 136 -32
67 142 71
68 0 -2
68 6 -85
68 8 -73
68 10 -13
68 13 -68
68 15 9
68 17 -55
68 20 -8
68 23 60
68 41 77
68 44 71
68 47 -77
68 50 -10
68 52 -91
68 56 -37
68 58 78
68 60 -48
68 63 -6
68 68 -57
68 70 47
68 71 -82
68 73 -61
68 74 67
68 77 -35
68 81 -44
68 83 10
68 86 51
68 90 42
68 94 38
68 98 47
68 99 -97
68 103 -66
68 104 -81
68 109 -47
68 110 -93
68 111 77
68 114 -47
68 117 -15
68 118 58
68 119 89
68 127 -47
68 129 -89
68 132 52
68 133 -47
68 136 77
68 137 -43
68 138 -24
68 142 -26
68 146 -94
69 3 100
69 13 -95
69 16 -86
69 18 -45
69 23 -59
69 25 -19
69 35 69
69 36 20
69 44 91
69 50 50
69 54 -54
69 55 52
69 57 -24
69 87 -6
69 89 92
69 93 89
69 97 -60
69 103 -9
69 117 28
69 126 -54
69 128 -36
69 129 17
69 136 77
69 137 -50
69 140 18
69 145 23
70 1 14
70 4 49
70 5 93
70 12 24
70 13 6
70 20 -68
70 21 3
70 22 -90
70 24 -67
70 27 -74
70 32 -50
70 33 28
70 34 -85
70 37 13
70 51 -69
70 54 -45
70 59 30
70 66 35
70 68 88
70 72 14
70 73 68
70 75 -99
70 83 11
70 84 -80
70 85 -27
70 86 -66
70 88 53
70 89 1
70 91 14
70 96 -14
70 97 -45
70 98 8
70 101 27
70 102 81
70 104 14
70 105 -34
70 106 -94
70 109 -90
70 110 2
70 116 7
70 119 -49
70 122 13
70 124 42
70 127 49
70 133 92
70 134 92
70 135 35
70 139 -33
70 142 -66
70 143 -59
71 0 -38
71 2 36
71 3 -100
71 4 85
71 5 69
71 7 72
71 11 -7
71 15 32
71 22 -50
71 26 -52
71 28 -78
71 29 10
71 33 64
71 38 42
71 45 62
71 49 64
71 50 -53
71 56 99
71 57 57
71 59 58
71 61 66
71 64 -34
71 69 94
71 70 17
71 77 -21
71 79 59
71 81 -38
71 89 -46
71 92 -73
71 97 71
71 98 52
71 99 -39
71 100 57
71 102 -93
71 114 -2
71 115 64
71 116 -34
71 118 88
71 120 -3
71 127 83
71 130 -25
71 132 16
71 139 -7
71 141 -92
71 142 -57
71 147 -3
72 0 -2
72 4 -34
72 6 -23
72 7 -83
72 12 -81
72 13 95
72 17 -75
72 21 31
72 24 74
72 35 -96
72 40 80
72 50 -57
72 52 -1
72 55 -66
72 59 4
72 64 -75
72 66 95
72 72 -54
72 74 88
72 76 15
72 80 -40
72 81 19
72 82 -51
72 94 79
72 96 -50
72 100 -99
72 101 14
72 105 35
72 108 -73
72 109 -71
72 110 100
72 112 -33
72 116 -62
72 117 -96
72 119 2
72 127 15
72 129 -41
72 132 -46
72 137 -89
72 147 -25
73 1 -93
73 5 30
73 8 70
73 9 -21
73 10 -29
73 13 31
73 20 -99
73 26 -82
73 30 5
73 35 27
73 47 -73
73 51 50
73 52 78
73 55 -47
73 62 56
73 65 -84
73 71 86
73 77 10
73 80 46
73 81 -33
73 83 -66
73 84 5
73 94 -86
73 95 41
73 96 -100
73 103 32
73 107 -99
73 110 76
73 115 -96
73 117 35
73 119 -63
73 126 -67
73 133 -30
73 135 92
73 136 54
73 138 -78
73 141 11
73 143 96
74 0 39
74 2 12
74 4 1
74 9 -10
74 24 62
74 25 -97
74 26 20
74 28 77
74 33 -69
74 37 19
74 38 81
74 41 53
74 43 54
74 45 90
74 46 -79
74 55 17
74 57 33
74 58 44
74 63 69
74 67 -40
74 68 59
74 72 -21
74 73 27
74 74 73
74 75 31
74 79 -19
74 81 -81
74 84 50
74 92 -20
74 93 -10
74 96 -16
74 97 41
74 100 -81
74 102 -36
74 107 67
74 113 69
74 122 -97
74 125 5
74 129 -83
74 131 -42
74 133 -58
74 136 47
74 144 -96
75 1 -26
75 2 27
75 5 -52
75 9 -22
75 11 86
75 15 15
75 23 -39
75 30 57
75 33 -8
75 44 -95
75 52 66
75 57 -70
75 67 -23
75 73 61
75 75 4
75 79 40
75 80 12
75 82 -56
75 86 -10
75 88 -74
75 94 23
75 95 87
75 99 22
75 102 43
75 112 -63
75 114 76
75 120 -26
75 122 -50
75 127 17
75 136 38
75 140 -59
75 145 92
75 148 32
76 6 81
76 17 -69
76 23 -7
76 25 -6
76 31 54
76 33 79
76 35 -79
76 39 -35
76 40 51
76 42 76
76 44 -21
76 54 79
76 59 -97
76 60 -52
76 69 -54
76 73 -61
76 81 46
76 85 40
76 86 74
76 90 37
76 99 -100
76 110 -6
76 111 -10
76 116 -91
76 121 -39
76 123 44
76 124 -38
76 129 39
76 130 14
76 135 -53
76 137 58
76 139 89
76 142 93
76 147 100
77 1 11
77 7 -15
77 10 20
77 14 -61
77 15 44
77 17 -3
77 19 -35
77 31 -87
77 33 -72
77 34 46
77 36 -1
77 44 -83
77 52 -55
77 57 74
77 58 -7
77 59 61
77 61 -28
77 63 35
77 66 -19
77 67 15
77 68 54
77 69 3
77 73 3
77 75 79
77 78 89
77 84 -71
77 89 21
77 96 54
77 101 -5
77 103 -70
77 107 9
77 110 1
77 111 90
77 113 58
77 114 -54
77 119 8
77 121 -11
77 125 -31
77 128 -62
77 129 71
77 131 -53
77 135 34
77 138 66
77 143 -5
77 146 91
78 3 65
78 9 -74
78 10 -99
78 15 -4
78 18 98
78 28 -8
78 33 1
78 37 -83
78 38 -4
78 44 93
78 48 72
78 61 33
78 62 -19
78 70 59
78 71 -15
78 73 -62
78 80 61
78 82 8
78 84 -56
78 88 29
78 89 -69
78 96 -48
78 106 -81
78 112 9
78 119 -56
78 120 37
78 126 55
78 127 -9
78 131 17
78 132 61
78 138 92
78 142 -43
78 144 86
78 149 -59
79 5 2
79 8 1
79 10 47
79 12 -22
79 13 61
79 14 -10
79 17 -63
79 20 72
79 25 -2
79 29 -82
79 30 -81
79 34 -25
79 39 -67
79 40 -61
79 41 -97
79 47 56
79 49 -89
79 54 -77
79 57 -68
79 64 97
79 70 51
79 76 -86
79 78 -97
79 79 69
79 80 40
79 82 -9
79 83 56
79 85 -53
79 90 24
79 94 88
79 95 94
79 96 -89
79 97 9
79 98 1
79 103 83
79 108 69
79 109 95
79 118 -55
79 120 -19
79 121 -76
79 135 91
79 139 38
79 140 -74
79 144 -43
79 145 -59
79 147 -84
79 148 73
80 3 -50
80 8 64
80 15 -63
80 21 -61
80 22 62
80 24 -65
80 26 -42
80 27 7
80 31 -23
80 37 -58
80 42 -73
80 48 65
80 49 81
80 51 -2
80 54 -27
80 59 -9
80 61 -24
80 67 -40
80 71 -79
80 74 88
80 75 -74
80 76 100
80 79 -59
80 85 -10
80 91 79
80 95 92
80 101 -90
80 107 57
80 117 -22
80 120 -23
80 121 60
80 122 86
80 123 -55
80 130 -28
80 137 -99
80 140 70
80 147 -12
80 149 -18
81 8 98
81 11 -31
81 12 -86
81 19 97
81 20 -1
81 21 77
81 22 100
81 27 -57
81 28 -72
81 37 -48
81 38 -7
81 39 68
81 53 33
81 54 -70
81 55 -18
81 56 -52
81 60 2
81 64 20
81 65 28
81 66 34
81 71 -65
81 72 6
81 74 -50
81 77 -90
81 80 29
81 87 -57
81 89 51
81 94 -1
81 96 6
81 103 -1
81 111 80
81 113 43
81 119 -77
81 123 -6
81 126 63
81 131 -75
81 133 72
81 137 -91
81 138 31
81 147 -15
82 12 -81
82 14 -15
82 16 -31
82 17 47
82 19 24
82 21 -74
82 23 -76
82 24 -87
82 31 -50
82 35 70
82 38 -72
82 40 -33
82 41 56
82 43 -10
82 44 9
82 46 -37
82 50 -84
82 54 -70
82 56 -92
82 62 -27
82 65 85
82 69 97
82 73 6
82 74 -58
82 76 99
82 80 57
82 88 -56
82 90 14
82 110 -96
82 112 -97
82 113 -72
82 117 -43
82 123 -59
82 125 36
82 128 -47
82 129 -49
82 137 4
82 139 -75
82 145 43
82 148 -50
82 149 -87
83 0 -34
83 20 60
83 23 41
83 26 -14
83 27 98
83 29 3
83 32 -15
83 33 -12
83 35 75
83 37 -4
83 43 -24
83 49 10
83 55 81
83 61 -18
83 76 31
83 78 -11
83 84 51
83 85 55
83 89 -72
83 91 27
83 94 -83
83 96 -90
83 102 96
83 105 -28
83 106 -3
83 110 73
83 112 -69
83 115 -30
83 116 57
83 119 -23
83 120 42
83 121 92
83 124 -60
83 128 -6
83 129 -69
83 130 69
83 131 2
83 138 93
83 139 -96
83 143 -44
83 144 92
84 1 66
84 2 -4
84 3 19
84 13 14
84 22 -77
84 23 -15
84 24 77
84 30 -30
84 33 96
84 36 100
84 42 -28
84 44 -24
84 45 49
84 47 17
84 49 6
84 57 -41
84 63 -94
84 69 44
84 70 -85
84 78 -56
84 88 -72
84 91 47
84 94 -44
84 95 14
84 104 61
84 106 89
84 109 17
84 110 -95
84 111 93
84 115 -92
84 116 -17
84 120 -46
84 123 -14
84 124 -39
84 128 -25
84 129 -50
84 134 96
84 137 -20
84 143 -65
84 147 8
85 4 60
85 11 18
85 31 38
85 33 -40
85 37 -2
85 39 -61
85 40 -40
85 42 -27
85 47 -91
85 48 5
85 58 -79
85 60 -66
85 62 4
85 64 -59
85 70 -51
85 83 81
85 87 9
85 91 71
85 92 15
85 97 -92
85 98 -95
85 99 99
85 111 100
85 112 88
85 120 86
85 121 -97
85 122 -95
85 124 -34
85 132 69
85 133 -47
85 134 -9
85 137 -6
85 139 -67
85 140 -74
85 142 89
85 143 8
85 145 -34
85 147 -21
85 148 -7
85 149 -26
86 3 49
86 10 65
86 12 70
86 13 -43
86 23 -18
86 27 37
86 28 -57
86 38 -70
86 43 19
86 48 92
86 55 -100
86 56 49
86 57 -68
86 58 -18
86 66 -31
86 70 -49
86 71 -80
86 73 12
86 85 94
86 86 -67
86 102 96
86 116 -87
86 118 86
86 119 10
86 120 29
86 132 44
86 136 -66
86 138 70
86 140 3
87 0 -20
87 6 -1
87 7 -88
87 13 -8
87 16 -54
87 18 81
87 19 -50
87 22 77
87 26 4
87 27 -95
87 30 -67
87 43 -67
87 46 54
87 49 -100
87 50 73
87 52 -40
87 53 76
87 54 58
87 64 -63
87 67 27
87 71 -47
87 74 72
87 75 45
87 76 59
87 77 -1
87 78 14
87 82 48
87 84 -54
87 88 64
87 89 -89
87 96 -43
87 97 -48
87 98 64
87 110 67
87 111 32
87 112 62
87 114 16
87 117 -11
87 119 17
87 121 -67
87 125 36
87 126 90
87 134 -77
87 136 -76
87 149 88
88 0 -3
88 4 56
88 8 9
88 13 -84
88 17 11
88 26 75
88 28 12
88 29 14
88 40 -49
88 44 -2
88 46 38
88 50 -67
88 53 56
88 55 46
88 61 -26
88 62 62
88 63 -98
88 64 -91
88 65 -82
88 67 -73
88 68 39
88 70 -55
88 74 -46
88 75 -8
88 77 44
88 86 77
88 88 58
88 92 -1
88 93 12
88 101 -90
88 105 62
88 107 37
88 108 -69
88 114 36
88 121 38
88 127 -72
88 128 -50
88 130 -77
88 132 71
88 133 -31
88 134 57
88 135 -10
88 139 72
88 143 -92
88 146 -21
88 147 -90
89 3 -76
89 6 -56
89 24 78
89 30 48
89 38 -2
89 45 -83
89 48 -76
89 49 -57
89 52 -81
89 58 -11
89 62 18
89 64 -72
89 65 62
89 68 9
89 76 31
89 77 -78
89 81 20
89 82 5
89 83 -32
89 87 -64
89 89 76
89 90 9
89 103 -27
89 104 35
89 109 -37
89 112 -88
89 117 -3
89 119 11
89 123 22
89 124 58
89 125 -19
89 126 -95
89 130 44
89 131 -71
89 136 -66
89 137 -60
89 142 50
89 144 -86
89 147 21
90 0 38
90 8 80
90 11 59
90 13 -84
90 21 -49
90 22 -34
90 26 -11
90 28 -78
90 29 100
90 30 93
90 32 64
90 33 -60
90 37 -70
90 38 -66
90 39 -52
90 46 19
90 47 -5
90 51 70
90 60 35
90 62 6
90 65 55
90 69 -89
90 81 -61
90 88 -71
90 89 68
90 103 41
90 114 7
90 117 83
90 118 80
90 128 30
90 129 -96
90 131 53
90 137 -60
90 139 -3
90 142 -47
90 145 19
91 2 61
91 3 34
91 5 40
91 7 20
91 8 -77
91 12 82
91 17 -42
91 18 77
91 19 88
91 20 49
91 21 91
91 24 -98
91 25 49
91 29 78
91 30 -18
91 35 -32
91 37 -66
91 41 78
91 46 11
91 58 -30
91 60 -15
91 62 79
91 65 -25
91 66 -57
91 68 -59
91 70 90
91 74 -91
91 76 49
91 79 3
91 81 42
91 90 17
91 93 5
91 98 -25
91 101 59
91 107 9
91 109 7
91 111 65
91 119 29
91 121 -15
91 123 19
91 127 56
91 149 -88
92 7 41
92 13 12
92 17 -41
92 21 24
92 28 -39
92 30 -67
92 31 -4
92 35 83
92 36 -84
92 37 28
92 42 -60
92 43 -100
92 44 -89
92 48 95
92 49 -18
92 55 35
92 62 -98
92 63 -94
92 64 91
92 69 -47
92 70 -70
92 72 58
92 77 -62
92 79 -8
92 80 -19
92 82 -45
92 89 67
92 93 49
92 102 -83
92 105 -98
92 110 64
92 114 -90
92 117 -87
92 120 -6
92 129 -32
92 140 30
92 143 45
92 145 37
92 146 58
92 147 41
93 0 -51
93 4 49
93 7 78
93 8 -34
93 19 66
93 23 -52
93 28 37
93 32 -97
93 33 72
93 34 -76
93 37 9
93 39 73
93 43 -22
93 52 -71
93 62 -98
93 66 78
93 67 -22
93 69 22
93 78 94
93 83 -15
93 85 -40
93 86 -30
93 88 47
93 92 95
93 97 -76
93 99 -3
93 100 51
93 103 49
93 104 85
93 105 90
93 106 3
93 107 -74
93 114 60
93 126 -66
93 127 27
93 129 -10
93 132 36
93 134 19
93 136 7
93 141 -32
93 145 20
93 146 -54
93 147 -94
93 148 78
94 0 53
94 6 15
94 7 -2
94 16 7
94 20 -94
94 21 -10
94 26 95
94 27 73
94 41 -87
94 42 -48
94 48 13
94 53 -78
94 57 -84
94 59 60
94 61 -82
94 64 23
94 67 41
94 71 -56
94 72 99
94 76 -29
94 80 78
94 88 -18
94 89 79
94 91 -63
94 97 35
94 101 17
94 104 -16
94 105 95
94 110 94
94 114 60
94 115 -40
94 119 17
94 120 -85
94 122 83
94 123 45
94 127 94
94 131 -52
94 149 25
95 0 -10
95 2 21
95 4 -38
95 12 -32
95 16 10
95 27 -28
95 29 -81
95 32 94
95 38 58
95 43 16
95 53 58
95 57 -86
95 61 17
95 65 60
95 66 -91
95 70 -44
95 74 71
95 76 -74
95 79 -38
95 82 -11
95 85 -12
95 86 71
95 95 29
95 97 73
95 101 100
95 105 -5
95 112 57
95 113 90
95 114 -6
95 118 -78
95 122 -47
95 124 45
95 125 -67
95 135 81
95 138 70
95 142 -61
95 145 26
95 147 -100
96 4 67
96 6 -54
96 8 55
96 10 -9
96 18 -55
96 20 -35
96 22 -56
96 31 29
96 32 43
96 33 18
96 38 -52
96 41 -76
96 42 11
96 43 -83
96 48 75
96 52 -24
96 54 -49
96 55 17
96 68 25
96 69 33
96 70 70
96 73 56
96 83 -35
96 86 37
96 88 -74
96 89 77
96 90 23
96 95 82
96 99 -79
96 105 40
96 108 19
96 115 74
96 123 -21
96 133 -23
96 134 -18
96 135 -54
96 136 -43
96 137 -22
96 139 18
97 0 -26
97 2 45
97 4 -90
97 7 -66
97 15 -42
97 16 54
97 19 88
97 22 -57
97 23 -55
97 25 -68
97 33 84
97 35 -71
97 44 -93
97 45 -69
97 46 -51
97 47 35
97 56 -3
97 59 65
97 64 -65
97 68 -43
97 76 -68
97 87 -84
97 93 5
97 96 -44
97 97 91
97 102 7
97 104 60
97 107 -64
97 110 -32
97 111 -50
97 112 6
97 115 -31
97 124 69
97 126 90
97 131 -32
97 132 5
97 133 94
97 137 -10
97 145 23
97 146 53
98 5 41
98 7 -73
98 9 -79
98 10 -43
98 12 -27
98 17 -2
98 20 -83
98 26 17
98 28 18
98 30 57
98 31 -56
98 32 55
98 33 4
98 38 -100
98 42 -59
98 44 -64
98 49 99
98 51 33
98 58 92
98 62 -79
98 63 -28
98 66 -15
98 67 -20
98 73 56
98 80 -10
98 88 -8
98 93 24
98 95 -86
98 98 9
98 102 5
98 104 -45
98 106 -58
98 107 71
98 118 22
98 119 -12
98 120 45
98 124 -68
98 125 -99
98 130 -88
98 134 -93
98 146 -58
99 4 -19
99 5 -99
99 10 -66
99 23 27
99 26 96
99 29 63
99 30 22
99 38 -73
99 45 -46
99 47 6
99 52 -73
99 53 -84
99 57 25
99 58 48
99 59 4
99 60 -43
99 61 -66
99 62 -57
99 65 -41
99 66 65
99 69 -76
99 70 71
99 71 -73
99 82 74
99 89 -45
99 100 -32
99 105 81
99 107 -26
99 113 -62
99 115 -66
99 117 42
99 118 -14
99 121 -9
99 130 -44
99 131 -15
99 132 -64
99 136 -90
99 142 7
99 145 -55
99 146 -88
100 12 -63
100 18 -30
100 28 -28
100 29 81
100 30 -77
100 37 59
100 43 -60
100 49 -84
100 53 69
100 54 -39
100 55 -35
100 64 70
100 67 -3
100 70 -29
100 73 60
100 74 94
100 76 36
100 80 26
100 82 27
100 92 -80
100 96 2
100 99 34
100 103 69
100 106 -87
100 108 61
100 109 28
100 111 8
100 113 -90
100 117 -80
100 118 -6
100 119 -92
100 122 -31
100 127 -57
100 131 4
100 132 69
100 135 21
100 144 71
100 145 42
100 146 -69
100 147 -23
100 149 55
101 4 -60
101 5 42
101 8 -17
101 9 -50
101 11 -20
101 18 64
101 20 -78
101 29 33
101 32 16
101 33 46
101 34 25
101 36 72
101 39 -3
101 40 28
101 42 -79
101 43 62
101 46 -9
101 47 62
101 50 43
101 52 -71
101 58 71
101 59 49
101 60 -100
101 61 99
101 62 25
101 70 69
101 76 66
101 78 70
101 81 -54
101 82 43
101 83 -50
101 87 21
101 91 2
101 92 82
101 98 2
101 105 -9
101 107 76
101 111 -66
101 117 38
101 120 65
101 122 64
101 123 58
101 130 -17
101 131 -38
101 132 36
101 134 -90
101 136 -13
101 145 85
102 3 -1
102 5 15
102 6 68
102 8 17
102 9 -66
102 17 11
102 23 92
102 33 -67
102 34 -91
102 39 32
102 40 55
102 43 -27
102 44 43
102 47 -18
102 48 63
102 52 57
102 55 37
102 58 -57
102 61 -31
102 63 88
102 64 -82
102 66 -3
102 68 -46
102 71 -8
102 84 -77
102 85 90
102 96 -31
102 101 83
102 107 61
102 116 -58
102 119 -21
102 122 77
102 130 -27
102 133 27
102 139 -99
102 141 -68
102 143 19
102 144 68
102 146 18
102 147 9
103 0 -86
103 16 -19
103 18 -28
103 20 93
103 25 25
103 27 52
103 32 55
103 33 43
103 34 -82
103 36 -37
103 40 13
103 43 98
103 45 -98
103 59 -65
103 71 -94
103 80 1
103 81 58
103 82 -92
103 84 34
103 86 -36
103 89 -14
103 91 -70
103 92 58
103 94 -2
103 95 97
103 100 64
103 101 22
103 102 92
103 111 79
103 114 4
103 121 100
103 122 90
103 125 -55
103 126 69
103 128 53
103 129 18
103 130 -2
103 131 49
103 138 53
103 145 -10
104 5 -97
104 9 -85
104 14 -10
104 20 -22
104 32 -29
104 33 -48
104 39 45
104 44 -18
104 45 95
104 47 -50
104 49 97
104 50 82
104 51 -78
104 52 18
104 56 -37
104 58 -99
104 59 -46
104 66 75
104 67 49
104 69 30
104 72 -35
104 73 75
104 76 65
104 78 -78
104 79 19
104 84 -66
104 86 66
104 87 -90
104 90 64
104 95 43
104 96 -95
104 99 29
104 102 -97
104 104 69
104 106 -47
104 115 -98
104 124 61
104 130 5
104 133 -47
104 139 -25
104 144 97
104 148 66
105 1 -2
105 2 68
105 13 1
105 21 -51
105 35 -54
105 38 38
105 45 31
105 47 41
105 49 55
105 51 -65
105 59 9
105 61 -6
105 63 46
105 65 -60
105 74 67
105 79 -41
105 85 99
105 89 64
105 94 -83
105 95 -24
105 100 -21
105 105 -35
105 107 -27
105 108 -23
105 113 -11
105 114 -51
105 115 27
105 116 25
105 123 15
105 124 8
105 127 54
105 133 88
105 138 75
105 139 50
105 141 92
105 143 -1
105 144 -69
105 149 -12
106 3 21
106 6 -14
106 7 -63
106 9 17
106 11 -67
106 24 -79
106 25 89
106 27 -97
106 29 -39
106 30 37
106 40 40
106 41 6
106 44 8
106 46 6
106 48 -96
106 54 32
106 61 -99
106 64 -50
106 75 27
106 77 70
106 82 -47
106 86 61
106 90 37
106 95 85
106 100 93
106 106 -14
106 115 -66
106 120 52
106 121 -69
106 122 10
106 125 -3
106 126 98
106 128 -1
106 136 73
106 137 -86
106 140 -92
106 141 -42
106 142 60
106 144 25
107 1 -68
107 6 -16
107 11 -94
107 12 -53
107 14 92
107 31 34
107 37 24
107 41 -78
107 43 -91
107 46 -43
107 50 52
107 52 -25
107 57 19
107 59 -12
107 61 2
107 70 -75
107 71 -30
107 73 -49
107 76 63
107 79 80
107 81 -96
107 94 18
107 95 -9
107 98 -16
107 113 -69
107 119 91
107 120 45
107 124 -99
107 126 13
107 130 -2
107 135 89
107 136 51
107 139 58
107 141 97
107 144 50
107 145 88
107 147 90
107 148 -12
108 3 44
108 4 -66
108 7 -16
108 9 -80
108 20 72
108 26 6
108 28 -66
108 30 29
108 43 99
108 44 -46
108 45 7
108 47 1
108 51 -66
108 55 -67
108 56 -46
108 75 34
108 77 24
108 79 -51
108 86 96
108 88 -32
108 89 88
108 92 -63
108 94 -34
108 96 75
108 99 20
108 103 66
108 106 42
108 110 -71
108 111 36
108 113 -9
108 117 3
108 118 39
108 120 -6
108 122 89
108 128 -73
108 132 -16
108 133 -29
108 135 -21
108 137 -5
108 139 -66
108 142 -13
108 149 77
109 3 59
109 5 86
109 7 -48
109 10 36
109 14 -39
109 15 -61
109 19 48
109 35 58
109 36 47
109 38 71
109 43 -1
109 54 -99
109 56 82
109 57 -90
109 59 -85
109 61 100
109 63 -79
109 64 2
109 66 -36
109 67 54
109 74 -38
109 78 -52
109 84 83
109 85 92
109 89 72
109 90 67
109 95 -12
109 99 -98
109 102 86
109 104 -75
109 108 26
109 110 25
109 111 80
109 114 46
109 117 -30
109 118 -58
109 122 47
109 124 93
109 125 -55
109 147 -57
110 0 -27
110 1 30
110 10 72
110 13 82
110 14 20
110 16 -46
110 23 72
110 31 -12
110 39 80
110 41 -94
110 49 -46
110 50 -39
110 53 58
110 55 89
110 59 -24
110 65 15
110 68 -1
110 69 -56
110 71 -27
110 74 -96
110 79 -42
110 81 53
110 90 -9
110 93 -59
110 95 -21
110 101 98
110 109 78
110 115 15
110 116 -51
110 122 -15
110 128 -86
110 131 -99
110 134 27
110 135 -19
110 137 6
110 149 46
111 1 59
111 3 77
111 18 1
111 22 63
111 23 -12
111 26 -48
111 29 -21
111 31 23
111 34 -27
111 37 100
111 38 -98
111 42 -74
111 47 -50
111 52 34
111 60 -100
111 63 -4
111 67 -72
111 69 51
111 71 71
111 77 -6
111 78 -49
111 80 -29
111 82 -19
111 86 52
111 92 -16
111 95 -20
111 96 -79
111 97 73
111 98 -42
111 113 5
111 114 3
111 117 95
111 118 -98
111 120 -58
111 121 72
111 123 -33
111 125 68
111 130 26
111 138 91
111 139 67
111 140 -84
111 144 16
111 146 -26
111 149 52
112 0 17
112 2 -96
112 4 -44
112 10 20
112 11 65
112 13 -46
112 16 -29
112 17 78
112 19 17
112 20 -8
112 24 19
112 27 -12
112 35 -44
112 36 10
112 44 -57
112 45 -39
112 49 37
112 50 59
112 52 39
112 63 -4
112 66 -36
112 70 -32
112 74 60
112 77 -68
112 79 74
112 82 61
112 83 -73
112 96 -71
112 99 51
112 100 -6
112 104 46
112 108 38
112 109 17
112 110 10
112 112 72
112 114 -30
112 116 11
112 118 76
112 119 86
112 120 -39
112 121 -56
112 126 -94
112 128 30
112 129 -67
112 132 40
112 145 -96
113 1 -10
113 2 75
113 9 39
113 10 38
113 12 92
113 16 -7
113 17 86
113 18 -100
113 22 53
113 23 30
113 24 -20
113 28 -38
113 33 23
113 39 -63
113 48 86
113 51 55
113 64 -82
113 65 -48
113 71 55
113 74 11
113 79 32
113 80 -62
113 85 -25
113 101 -84
113 104 -83
113 110 5
113 113 10
113 117 -40
113 124 -8
113 129 43
113 132 -17
113 133 27
113 137 -43
113 141 43
113 149 26
114 1 -16
114 4 49
114 5 -13
114 8 -63
114 11 -11
114 13 -19
114 20 5
114 21 39
114 24 37
114 30 95
114 32 -81
114 35 85
114 36 60
114 45 -37
114 49 -54
114 51 28
114 55 53
114 60 12
114 62 28
114 66 69
114 67 14
114 68 -7
114 72 9
114 76 -43
114 78 38
114 80 -41
114 84 54
114 88 61
114 89 -34
114 96 23
114 98 -54
114 102 60
114 103 15
114 110 35
114 116 -5
114 130 68
114 132 -83
114 142 16
114 144 28
115 3 41
115 20 23
115 23 34
115 26 61
115 28 -80
115 30 -40
115 33 87
115 37 3
115 38 -48
115 49 60
115 56 65
115 58 16
115 59 -53
115 60 50
115 63 -10
115 70 -81
115 76 -91
115 84 -37
115 85 -17
115 88 -94
115 90 -97
115 92 37
115 94 -68
115 95 22
115 96 -72
115 101 -68
115 102 10
115 108 -26
115 115 -33
115 119 68
115 126 -89
115 127 47
115 128 -6
115 134 74
115 143 98
115 145 22
115 148 -18
115 149 90
116 0 40
116 2 6
116 3 34
116 10 18
116 11 1
116 28 82
116 37 34
116 41 -83
116 45 -73
116 47 -38
116 51 19
116 52 -28
116 56 -90
116 59 11
116 64 55
116 67 -38
116 71 -23
116 81 -8
116 85 56
116 86 71
116 90 57
116 104 -49
116 110 -88
116 113 49
116 116 -47
116 117 -71
116 118 -99
116 120 -31
116 123 13
116 125 -26
116 129 77
116 134 7
116 143 1
116 148 -40
117 1 41
117 5 -11
117 8 100
117 9 93
117 12 -53
117 13 -16
117 15 69
117 17 48
117 20 -23
117 24 -22
117 25 -69
117 28 -83
117 30 -98
117 31 -1
117 40 93
117 45 -51
117 49 29
117 54 92
117 55 69
117 56 3
117 57 -46
117 58 17
117 67 78
117 68 -93
117 72 -16
117 74 76
117 77 -65
117 82 36
117 90 -28
117 94 50
117 96 -31
117 98 16
117 99 -28
117 102 74
117 103 9
117 104 13
117 106 64
117 111 48
117 112 58
117 113 -19
117 118 30
117 119 -12
117 122 25
117 124 38
117 127 -3
117 143 -28
117 149 85
118 1 -68
118 3 45
118 5 -52
118 9 -81
118 10 -41
118 14 -60
118 15 -84
118 20 18
118 21 -80
118 25 9
118 27 65
118 28 31
118 30 63
118 46 24
118 47 -87
118 48 73
118 53 73
118 57 -12
118 61 20
118 63 -81
118 68 -41
118 70 86
118 77 -83
118 79 -48
118 84 -44
118 86 -54
118 90 17
118 91 37
118 92 -84
118 93 -89
118 99 77
118 101 -8
118 109 -18
118 110 43
118 114 -98
118 115 79
118 116 -93
118 118 -16
118 122 23
118 123 5
118 131 -56
118 132 92
118 135 48
118 138 80
118 139 99
118 140 94
118 141 3
118 142 74
119 3 -31
119 4 25
119 7 -9
119 13 89
119 17 -23
119 19 -65
119 31 41
119 32 -77
119 34 78
119 35 91
119 36 59
119 37 17
119 39 -4
119 42 46
119 48 -90
119 50 79
119 54 -8
119 55 -66
119 56 -97
119 58 38
119 66 -17
119 67 92
119 72 -69
119 74 98
119 77 8
119 80 79
119 83 -94
119 86 -40
119 87 79
119 90 -75
119 95 25
119 96 25
119 97 90
119 104 56
119 107 36
119 109 67
119 112 66
119 121 73
119 136 -49
119 137 -48
119 140 -42
119 142 52
119 147 96
119 149 79
120 1 21
120 6 -96
120 10 80
120 11 39
120 14 -18
120 15 -48
120 17 -19
120 21 -27
120 31 -83
120 32 97
120 34 -78
120 38 -96
120 47 19
120 48 34
120 51 -11
120 52 45
120 55 -26
120 61 -16
120 63 44
120 68 -45
120 74 -34
120 75 -49
120 76 -30
120 89 -21
120 92 -57
120 94 69
120 96 82
120 97 66
120 98 -17
120 102 99
120 109 40
120 116 -66
120 117 96
120 118 -52
120 119 -96
120 122 -25
120 124 12
120 125 -32
120 128 -14
120 129 71
120 131 -35
120 138 67
120 140 -14
120 147 72
121 4 69
121 9 -8
121 18 16
121 19 55
121 25 -32
121 30 42
121 32 15
121 38 -70
121 44 62
121 46 28
121 47 96
121 50 75
121 51 -2
121 52 67
121 57 79
121 65 92
121 66 -64
121 69 -12
121 72 35
121 73 -72
121 76 72
121 78 47
121 82 -75
121 91 -98
121 93 -82
121 101 87
121 108 5
121 110 -66
121 113 88
121 114 -62
121 121 -84
121 123 55
121 126 -47
121 134 56
121 145 -96
121 149 -75
122 7 -5
122 13 19
122 19 -37
122 20 -66
122 21 -87
122 23 -86
122 26 -56
122 32 17
122 33 59
122 36 6
122 42 -39
122 49 78
122 55 32
122 56 -67
122 58 -50
122 60 -12
122 61 66
122 67 -26
122 69 16
122 72 -63
122 73 31
122 74 29
122 75 67
122 78 52
122 81 -21
122 82 -69
122 85 73
122 86 99
122 89 57
122 90 45
122 92 57
122 93 -20
122 94 61
122 105 73
122 110 -62
122 113 -48
122 117 32
122 118 -42
122 121 7
122 133 -66
122 141 99
122 142 16
122 145 -31
122 146 30
122 149 24
123 0 89
123 2 -48
123 3 26
123 7 -18
123 16 -58
123 18 50
123 24 -48
123 25 -10
123 26 20
123 28 18
123 31 25
123 34 -81
123 35 36
123 38 -21
123 40 57
123 46 -70
123 49 87
123 58 6
123 69 -82
123 70 33
123 72 -44
123 82 40
123 86 -92
123 88 85
123 91 -79
123 96 73
123 106 56
123 119 -11
123 123 -52
123 124 44
123 128 75
123 133 -89
123 136 -43
123 137 27
123 138 -14
123 139 70
123 140 70
123 141 -9
123 145 -96
124 1 -47
124 4 -74
124 9 58
124 14 16
124 16 -64
124 21 78
124 24 93
124 28 -87
124 35 85
124 39 55
124 41 -82
124 42 -38
124 43 19
124 46 -43
124 52 -70
124 57 -8
124 68 -79
124 70 93
124 71 100
124 76 8
124 78 26
124 81 11
124 82 -20
124 89 -80
124 93 83
124 97 76
124 101 -53
124 103 -95
124 106 39
124 107 94
124 119 -80
124 131 10
124 132 -89
124 134 -58
124 137 54
124 142 15
124 144 12
125 2 -36
125 3 -40
125 7 28
125 10 98
125 14 25
125 22 6
125 24 -63
125 30 -49
125 32 21
125 33 13
125 39 -99
125 47 25
125 55 -23
125 59 60
125 63 -12
125 68 45
125 69 54
125 71 31
125 72 -2
125 77 87
125 78 86
125 81 21
125 83 -28
125 85 -38
125 87 -66
125 89 -30
125 90 50
125 99 8
125 102 -16
125 104 74
125 107 -46
125 108 30
125 109 28
125 115 40
125 119 -81
125 122 11
125 125 -32
125 126 2
125 137 -24
125 145 -50
125 148 -19
126 1 57
126 2 -10
126 4 -14
126 8 -30
126 9 -16
126 17 63
126 28 63
126 29 -77
126 31 3
126 33 35
126 38 -16
126 43 -79
126 45 16
126 47 -10
126 48 -9
126 51 -4
126 62 73
126 69 74
126 78 -59
126 79 -1
126 87 -33
126 93 84
126 94 46
126 101 88
126 106 -90
126 120 16
126 121 52
126 123 -46
126 130 -83
126 131 -61
126 138 -26
126 140 33
126 145 -94
126 146 48
126 148 9
126 149 -66
127 1 -71
127 2 -19
127 9 -51
127 12 26
127 18 58
127 19 -31
127 21 -90
127 22 31
127 24 -29
127 25 47
127 31 74
127 32 52
127 43 51
127 58 -88
127 59 47
127 66 34
127 69 -52
127 71 7
127 73 -73
127 74 65
127 90 -89
127 96 23
127 98 93
127 102 -83
127 116 64
127 120 69
127 124 -91
127 126 -12
127 130 68
127 131 43
127 142 -25
127 144 -74
128 10 39
128 12 90
128 16 -95
128 23 -99
128 30 20
128 36 44
128 40 10
128 42 100
128 43 6
128 44 -90
128 49 -23
128 56 -30
128 58 78
128 63 -41
128 69 51
128 73 -15
128 76 66
128 78 -46
128 81 95
128 84 -64
128 86 50
128 91 20
128 97 -74
128 100 64
128 108 38
128 109 -96
128 110 -4
128 114 50
128 116 80
128 125 -2
128 132 29
128 134 -69
128 136 53
128 139 -50
128 140 -60
128 142 -50
128 143 4
129 1 97
129 5 84
129 8 -26
129 16 -70
129 21 -84
129 22 -78
129 23 9
129 24 49
129 25 60
129 26 30
129 28 -43
129 30 68
129 38 -59
129 40 85
129 41 -72
129 42 -25
129 44 -9
129 45 -97
129 56 -98
129 62 -17
129 67 -69
129 72 -87
129 75 -5
129 76 98
129 78 7
129 82 -89
129 83 89
129 86 -73
129 88 -87
129 90 65
129 92 62
129 98 -95
129 112 73
129 113 58
129 114 -88
129 115 -12
129 116 -6
129 119 -91
129 121 -45
129 122 -77
129 123 6
129 129 -87
129 130 -20
129 131 1
129 134 95
129 139 6
129 142 64
129 146 -76
129 149 -65
130 3 -86
130 4 -16
130 7 -4
130 8 25
130 15 73
130 16 -49
130 19 40
130 20 -93
130 26 22
130 27 39
130 31 -64
130 34 -61
130 38 68
130 46 36
130 51 -40
130 55 61
130 56 -45
130 57 -31
130 61 -83
130 63 68
130 64 68
130 68 -70
130 69 -44
130 71 -22
130 76 -25
130 79 96
130 80 -85
130 83 58
130 85 40
130 88 -96
130 89 70
130 91 7
130 96 -92
130 98 44
130 100 -65
130 102 -71
130 104 51
130 109 79
130 113 -10
130 115 19
130 118 -59
130 119 11
130 121 -46
130 122 -84
130 123 -33
130 124 48
130 127 80
130 129 55
130 133 76
130 134 51
130 135 -15
130 139 -91
130 140 -69
130 142 -91
130 147 67
131 0 16
131 3 -63
131 8 1
131 9 50
131 11 16
131 13 54
131 21 -10
131 23 84
131 25 37
131 32 20
131 34 -97
131 38 17
131 44 -94
131 48 71
131 51 16
131 53 -100
131 54 96
131 58 99
131 62 -38
131 70 60
131 72 17
131 75 -61
131 77 -20
131 79 29
131 80 14
131 82 8
131 84 -63
131 88 -67
131 90 8
131 95 17
131 97 43
131 98 -68
131 99 -33
131 103 -60
131 108 -53
131 111 84
131 113 26
131 115 81
131 116 10
131 119 -52
131 126 66
131 131 -13
131 136 -11
131 139 -2
131 140 62
131 141 74
131 146 52
131 149 18
132 0 -94
132 1 -52
132 3 -38
132 5 46
132 9 -55
132 12 27
132 20 63
132 24 10
132 25 96
132 28 18
132 29 -58
132 35 -68
132 53 44
132 56 -20
132 60 87
132 63 91
132 66 52
132 68 13
132 69 77
132 72 82
132 76 -100
132 77 91
132 79 -9
132 83 7
132 85 -67
132 88 47
132 92 -94
132 96 9
132 99 -68
132 104 -9
132 107 -98
132 122 60
132 127 -41
132 128 83
132 138 74
133 0 91
133 3 85
133 4 44
133 15 42
133 17 88
133 20 15
133 24 67
133 25 26
133 29 -96
133 35 -64
133 37 2
133 39 -64
133 40 -74
133 41 -5
133 47 -51
133 54 20
133 57 -25
133 63 15
133 64 -49
133 69 24
133 79 -32
133 83 -39
133 89 -84
133 91 -20
133 93 85
133 96 -3
133 100 -79
133 101 94
133 107 14
133 110 -42
133 111 -30
133 113 -85
133 116 -1
133 117 11
133 120 -99
133 122 -48
133 123 -21
133 124 -81
133 126 -93
133 129 -47
133 136 50
133 137 71
133 141 -87
133 147 -4
134 4 75
134 6 29
134 7 67
134 26 3
134 27 56
134 29 -63
134 30 47
134 34 77
134 37 99
134 42 -80
134 45 -73
134 47 -56
134 51 19
134 55 -9
134 60 91
134 61 5
134 69 -35
134 75 59
134 81 -42
134 85 -41
134 88 -12
134 92 92
134 93 12
134 96 -54
134 104 -49
134 108 1
134 120 -60
134 122 -22
134 123 93
134 124 -29
134 130 33
134 131 9
134 133 5
134 138 -77
134 148 -32
135 16 45
135 18 -39
135 19 -35
135 20 -59
135 21 69
135 26 34
135 27 69
135 29 63
135 33 -5
135 43 -35
135 44 -9
135 46 -72
135 52 34
135 53 -71
135 56 75
135 58 -49
135 60 83
135 63 47
135 67 100
135 72 76
135 86 72
135 92 75
135 93 74
135 98 28
135 107 42
135 118 -85
135 120 -58
135 131 2
135 132 46
135 138 -23
135 142 -31
135 145 85
135 147 90
135 148 -96
136 2 -44
136 5 -71
136 6 42
136 12 29
136 13 -29
136 20 -56
136 21 63
136 24 -12
136 30 -96
136 36 36
136 37 90
136 45 15
136 46 97
136 49 92
136 54 -98
136 55 -63
136 61 79
136 63 -100
136 64 -1
136 66 -79
136 69 -6
136 76 -36
136 77 60
136 88 52
136 89 -9
136 90 16
136 94 -29
136 100 35
136 102 -58
136 104 96
136 108 -92
136 118 -45
136 120 -30
136 124 64
136 126 88
136 129 77
136 133 78
136 140 4
136 141 26
136 142 -100
137 5 23
137 17 65
137 24 -63
137 25 -21
137 29 -47
137 30 36
137 36 33
137 41 -49
137 42 8
137 46 -90
137 50 31
137 57 -65
137 63 -66
137 67 -53
137 73 3
137 76 -25
137 80 83
137 85 -31
137 102 -18
137 103 90
137 110 6
137 111 -59
137 112 27
137 116 30
137 117 40
137 122 -84
137 125 -81
137 128 -66
137 129 90
137 131 18
137 140 31
137 143 42
137 147 44
137 149 -90
138 1 -78
138 9 -55
138 11 53
138 15 -73
138 19 1
138 20 8
138 22 -68
138 25 -66
138 26 9
138 31 -35
138 33 67
138 34 4
138 43 -76
138 49 -46
138 52 -84
138 54 36
138 56 28
138 62 81
138 63 19
138 66 -59
138 68 3
138 77 46
138 81 -74
138 83 56
138 85 -82
138 91 82
138 95 66
138 101 40
138 104 58
138 105 54
138 107 -65
138 108 -22
138 113 74
138 121 71
138 122 61
138 123 39
138 129 11
138 134 -55
138 135 -70
138 136 16
138 141 -45
138 144 -74
138 147 -4
138 148 -84
139 3 1
139 5 -95
139 8 70
139 17 26
139 19 -67
139 20 -21
139 23 -58
139 28 100
139 32 30
139 33 19
139 42 -86
139 43 -51
139 45 -40
139 49 81
139 52 62
139 56 -45
139 59 -20
139 60 7
139 61 -13
139 73 91
139 74 -65
139 77 30
139 90 -24
139 91 -82
139 98 -67
139 101 68
139 103 51
139 104 38
139 105 70
139 107 -98
139 113 57
139 117 81
139 118 -71
139 119 -57
139 123 -99
139 124 35
139 132 -36
139 133 48
139 146 -22
139 147 -14
139 149 -40
140 3 94
140 7 14
140 9 -59
140 11 -67
140 14 -19
140 25 45
140 27 72
140 29 77
140 31 -33
140 39 60
140 45 -5
140 46 49
140 47 68
140 62 25
140 63 19
140 65 -29
140 68 -88
140 69 25
140 77 -84
140 82 -86
140 86 -42
140 87 -9
140 89 -98
140 92 19
140 96 31
140 97 -93
140 113 -41
140 117 48
140 122 56
140 125 -52
140 131 -82
140 132 -47
140 133 45
140 135 77
140 142 50
140 143 54
141 5 26
141 6 -52
141 9 47
141 14 22
141 15 -45
141 20 67
141 27 -75
141 28 -66
141 31 -79
141 33 83
141 42 -21
141 44 -40
141 47 -17
141 48 25
141 56 -64
141 58 91
141 64 76
141 77 99
141 78 -1
141 79 78
141 93 13
141 94 -74
141 97 -67
141 98 44
141 102 75
141 104 -61
141 105 -80
141 111 61
141 116 -42
141 119 94
141 120 -17
141 123 55
141 133 60
141 137 2
141 145 -92
141 146 -12
141 148 -10
141 149 37
142 0 75
142 1 28
142 6 14
142 11 39
142 14 -11
142 15 -3
142 16 51
142 17 99
142 19 19
142 21 59
142 26 -91
142 28 33
142 29 61
142 38 27
142 40 -28
142 42 -12
142 43 68
142 45 23
142 46 32
142 47 -31
142 52 87
142 54 -6
142 55 -2
142 57 15
142 59 -1
142 65 -32
142 67 5
142 68 -9
142 70 -22
142 75 98
142 85 -1
142 95 21
142 98 78
142 99 -51
142 100 -78
142 103 20
142 106 76
142 114 21
142 115 2
142 117 71
142 123 32
142 125 37
142 126 52
142 133 -33
142 137 22
142 139 -87
142 145 -30
142 149 -86
143 5 92
143 6 -35
143 7 56
143 8 -3
143 12 -31
143 17 9
143 18 47
143 29 -70
143 30 -11
143 35 34
143 38 -95
143 50 52
143 54 -73
143 55 37
143 57 75
143 66 -45
143 82 -82
143 83 -60
143 84 33
143 86 10
143 87 -29
143 88 39
143 94 -18
143 95 -39
143 112 -92
143 113 53
143 116 8
143 118 -57
143 119 40
143 126 1
143 131 47
143 134 -89
143 135 -36
143 137 25
143 144 36
143 146 4
143 148 64
144 0 61
144 3 28
144 4 -26
144 18 -100
144 28 88
144 31 54
144 32 -62
144 40 -54
144 46 93
144 53 -98
144 55 54
144 59 4
144 65 -28
144 68 -81
144 76 59
144 77 11
144 80 -96
144 86 -19
144 90 -51
144 98 -43
144 99 82
144 103 31
144 104 4
144 105 11
144 109 -95
144 112 -85
144 113 71
144 115 -24
144 116 45
144 119 52
144 120 -5
144 121 59
144 125 6
144 132 56
144 134 -99
144 136 49
144 137 -9
144 139 91
144 142 -84
144 146 40
144 148 25
145 2 67
145 4 -30
145 5 17
145 6 -42
145 7 -73
145 10 -64
145 13 47
145 17 26
145 22 -43
145 29 -66
145 31 -97
145 39 97
145 43 -46
145 52 -92
145 56 31
145 57 29
145 58 40
145 61 -11
145 71 34
145 84 -23
145 86 -36
145 88 -26
145 96 59
145 99 -93
145 105 -68
145 106 -55
145 109 62
145 110 59
145 115 -56
145 116 -88
145 123 -5
145 125 -15
145 128 -94
145 129 -68
145 139 -73
145 140 82
145 143 -30
145 146 -36
146 0 -24
146 1 -18
146 3 -62
146 8 92
146 10 43
146 11 -71
146 17 -27
146 24 93
146 25 -57
146 31 -55
146 38 91
146 42 -36
146 43 50
146 45 37
146 50 -5
146 53 -35
146 54 -34
146 56 -38
146 58 -9
146 61 -75
146 64 -15
146 71 18
146 75 -51
146 78 43
146 83 -98
146 101 38
146 103 -19
146 108 -95
146 113 89
146 115 -23
146 125 4
146 128 -57
146 137 -69
146 139 -23
146 140 3
146 142 -35
146 146 17
146 149 36
147 2 46
147 5 -36
147 6 87
147 7 37
147 10 -45
147 12 -37
147 13 61
147 14 15
147 19 -32
147 20 -13
147 21 -24
147 23 -1
147 27 -39
147 29 66
147 32 -80
147 33 -96
147 34 -20
147 38 11
147 47 -70
147 48 13
147 50 34
147 52 1
147 56 -87
147 59 34
147 64 4
147 67 22
147 72 -76
147 78 -73
147 80 -74
147 82 -62
147 85 92
147 86 -65
147 88 59
147 90 -11
147 91 -86
147 94 95
147 95 -5
147 97 -65
147 102 16
147 104 24
147 105 -43
147 107 -39
147 112 25
147 116 -99
147 118 -20
147 120 67
147 121 36
147 124 88
147 125 44
147 126 -61
147 129 -15
147 130 -100
147 134 44
147 136 -93
147 139 50
147 140 47
147 141 29
147 143 100
147 144 -100
147 148 100
148 1 -87
148 3 3
148 6 -81
148 8 -55
148 18 -93
148 19 -78
148 27 -53
148 28 -50
148 29 -10
148 30 -62
148 38 67
148 39 52
148 45 -17
148 53 -75
148 63 65
148 65 17
148 67 -68
148 69 -38
148 71 -17
148 73 30
148 75 -18
148 77 -37
148 80 35
148 81 -65
148 87 34
148 88 -65
148 89 -88
148 91 -96
148 93 -26
148 94 46
148 98 95
148 99 -6
148 102 8
148 103 -19
148 109 -46
148 116 -62
148 117 -14
148 120 -64
148 124 37
148 131 -25
148 135 59
148 136 79
148 140 -17
148 148 -94
149 1 -22
149 10 52
149 14 6
149 20 -8
149 21 -36
149 28 26
149 33 64
149 35 -11
149 38 -1
149 41 77
149 45 44
149 46 57
149 54 -67
149 57 -100
149 65 61
149 67 69
149 71 1
149 72 -29
149 75 12
149 81 -50
149 82 -31
149 86 -77
149 87 82
149 89 -71
149 91 -32
149 92 32
149 95 52
149 99 -2
149 101 -91
149 104 44
149 106 81
149 109 -40
149 111 97
149 127 98
149 128 90
149 135 60
149 140 -20
149 145 -58
149 146 13
149 149 -81