0 0 89
0 5 -18
0 16 -66
0 29 49
0 32 -15
0 39 74
0 44 -58
0 47 31
0 54 -33
0 65 93
0 95 49
0 97 -57
0 109 80
0 122 59
0 123 -94
1 10 65
1 16 87
1 23 61
1 37 -62
1 49 51
1 50 -70
1 51 -59
1 79 90
1 80 93
1 83 54
1 87 -76
1 90 -53
1 91 54
1 98 -86
1 101 -47
1 103 -28
1 105 -45
1 114 -43
1 115 75
1 119 90
1 122 -18
1 127 -70
1 130 40
1 146 -80
2 7 -34
2 12 -34
2 36 29
2 38 -20
2 64 -77
2 77 -68
2 82 -63
2 102 -3
2 104 85
2 105 -93
2 128 -98
2 138 79
2 142 -10
2 145 -10
2 146 29
3 2 17
3 4 37
3 7 -91
3 20 -30
3 26 -71
3 29 70
3 33 25
3 60 8
3 65 -13
3 71 13
3 90 79
3 92 -43
3 105 61
3 116 53
3 121 45
3 122 23
3 133 93
3 143 30
4 2 -19
4 11 98
4 13 76
4 17 -46
4 30 90
4 40 74
4 46 -45
4 49 -54
4 52 -27
4 73 -37
4 94 69
4 101 98
4 102 20
4 104 45
4 113 65
4 116 40
4 130 7
4 134 -100
4 148 -54
5 2 56
5 12 52
5 21 13
5 24 -22
5 31 25
5 32 98
5 36 83
5 46 -10
5 51 43
5 65 -32
5 75 79
5 105 -62
5 110 13
5 117 -81
5 121 42
5 127 -67
5 129 57
5 133 75
5 137 62
5 143 12
5 147 18
5 148 3
6 12 -39
6 24 -3
6 27 67
6 33 -63
6 35 -13
6 39 -49
6 43 -96
6 45 91
6 46 -34
6 54 -99
6 71 -71
6 77 34
6 84 63
6 86 32
6 88 -89
6 96 -27
6 106 -82
6 114 76
6 117 1
6 124 -9
6 131 73
6 132 -89
6 134 -70
6 135 -66
6 140 -46
6 141 -99
6 149 -40
7 8 -53
7 17 85
7 23 -58
7 43 -39
7 45 -27
7 48 93
7 64 70
7 66 71
7 79 -85
7 80 -71
7 82 -13
7 104 -98
7 111 1
7 119 6
7 122 37
7 123 34
7 124 62
7 126 -75
7 129 -40
7 132 44
7 133 3
7 136 7
7 142 -68
8 3 -33
8 8 98
8 20 65
8 21 99
8 28 98
8 40 -8
8 63 24
8 64 -47
8 89 7
8 95 -11
8 100 -13
8 103 -79
8 116 80
8 148 26
9 4 95
9 5 60
9 15 97
9 50 -75
9 54 53
9 60 -71
9 61 91
9 71 76
9 79 35
9 81 -96
9 89 23
9 93 -68
9 100 25
9 101 -88
9 103 -29
9 111 49
9 119 -62
9 144 -41
10 3 12
10 8 -8
10 29 65
10 36 20
10 38 54
10 40 11
10 47 -4
10 56 54
10 58 -2
10 61 -5
10 82 21
10 94 -41
10 111 43
10 139 23
11 13 -100
11 26 -14
11 29 2
11 38 57
11 40 -95
11 50 -6
11 51 -87
11 59 69
11 73 -89
11 92 83
11 97 -99
11 116 -45
11 137 19
11 141 -27
11 146 -27
11 147 17
12 0 -97
12 5 -77
12 7 51
12 8 64
12 18 -50
12 25 92
12 28 93
12 39 -27
12 42 -45
12 44 4
12 74 -29
12 77 38
12 95 -81
12 109 40
12 116 -41
12 118 75
12 122 -15
12 125 -68
12 129 -45
12 130 -67
12 137 36
12 143 95
13 4 80
13 6 -77
13 32 23
13 34 -72
13 41 4
13 69 15
13 76 -41
13 80 15
13 88 -70
13 91 78
13 107 23
13 126 20
13 136 -38
13 148 39
13 149 93
14 15 64
14 24 -66
14 25 -32
14 30 -84
14 35 -93
14 48 -19
14 53 10
14 73 -69
14 78 -85
14 85 57
14 96 -54
14 114 60
14 123 6
14 126 -47
14 127 -61
14 129 64
14 146 -8
14 148 73
15 1 30
15 2 51
15 5 -68
15 8 70
15 9 -74
15 12 -96
15 13 -55
15 14 -39
15 15 99
15 16 -19
15 23 -8
15 31 32
15 38 36
15 40 46
15 48 -7
15 53 -3
15 54 13
15 58 -39
15 61 -77
15 69 35
15 71 97
15 85 -17
15 87 -89
15 94 -5
15 109 -69
15 120 -75
15 131 73
15 137 -91
15 147 90
16 0 -70
16 4 -2
16 11 38
16 26 -89
16 29 -40
16 31 -67
16 36 -40
16 38 75
16 39 95
16 44 6
16 49 20
16 50 32
16 52 -24
16 53 -72
16 55 -20
16 57 -35
16 60 -95
16 80 -98
16 91 -19
16 94 66
16 95 25
16 99 62
16 110 85
16 115 -83
16 116 -39
16 140 65
16 149 38
17 6 -25
17 12 19
17 17 -98
17 45 -42
17 48 40
17 55 -2
17 66 -15
17 76 -97
17 83 39
17 109 -34
17 125 -5
17 133 21
17 138 -45
17 142 30
18 13 -27
18 26 68
18 38 -70
18 61 -73
18 64 61
18 70 92
18 84 75
18 89 -12
18 133 -89
18 139 31
18 147 -73
19 6 -30
19 7 14
19 11 23
19 15 -49
19 21 89
19 32 12
19 39 -84
19 42 15
19 49 78
19 54 -88
19 60 90
19 80 -23
19 81 45
19 119 88
19 143 -88
20 22 68
20 29 35
20 35 -1
20 43 -86
20 62 -45
20 93 39
20 96 100
20 101 87
20 134 -97
20 137 67
20 149 90
21 1 -5
21 2 -67
21 8 -65
21 21 67
21 29 -63
21 33 -17
21 42 -82
21 57 90
21 59 68
21 68 -57
21 70 86
21 76 45
21 93 55
21 101 30
21 112 -40
21 125 67
21 128 25
21 130 2
21 136 70
21 140 59
22 3 -100
22 6 73
22 9 -30
22 26 -27
22 31 -92
22 51 29
22 53 25
22 55 19
22 61 46
22 77 -40
22 82 45
22 83 -43
22 101 92
22 104 -77
22 116 -70
22 118 -74
22 120 -90
22 126 48
22 131 -98
22 138 83
22 144 28
22 146 -19
23 1 63
23 17 36
23 27 -62
23 32 -87
23 35 83
23 38 6
23 47 89
23 65 94
23 82 -48
23 91 28
23 108 -56
23 110 19
23 113 -15
23 121 -11
23 138 -85
23 139 76
24 13 -34
24 16 -6
24 23 -81
24 26 -34
24 46 -65
24 49 -77
24 69 -13
24 85 -97
24 91 67
24 93 -71
24 96 81
24 105 73
24 116 -24
24 122 62
24 132 55
24 135 29
24 136 -80
24 139 56
25 10 -60
25 25 -63
25 32 79
25 34 -55
25 38 13
25 47 -45
25 49 2
25 52 -6
25 70 -10
25 82 63
25 84 -91
25 87 17
25 95 4
25 103 24
25 104 12
25 106 -97
25 126 -98
25 130 -71
25 132 -85
25 134 -57
26 10 -27
26 15 89
26 20 -8
26 24 85
26 25 -47
26 30 12
26 55 83
26 70 43
26 86 12
26 92 -8
26 93 50
26 105 53
26 110 -92
26 120 -71
26 130 -35
26 134 52
26 141 -66
26 144 33
27 2 40
27 6 97
27 7 68
27 9 -57
27 10 -27
27 15 -48
27 17 -58
27 32 17
27 48 11
27 54 -85
27 55 -33
27 97 9
27 102 -72
27 104 -57
27 108 7
27 111 -87
27 116 63
27 119 59
27 133 7
27 144 46
27 146 -70
28 2 -81
28 3 -2
28 11 -68
28 12 -55
28 16 -14
28 21 26
28 33 13
28 37 -36
28 53 -55
28 57 61
28 63 -81
28 71 34
28 80 55
28 85 9
28 86 -94
28 117 97
28 118 -19
28 123 -40
28 129 -34
28 133 -25
29 11 11
29 23 67
29 25 -92
29 34 -6
29 38 68
29 45 23
29 50 64
29 64 -35
29 71 23
29 72 81
29 73 9
29 89 -25
29 105 81
29 108 84
29 122 -96
29 131 -77
29 138 3
30 40 -52
30 59 -48
30 73 79
30 80 63
30 89 -54
30 94 -73
30 96 80
30 105 -79
30 109 -67
30 113 13
30 124 35
30 133 91
30 148 -71
31 16 -99
31 25 18
31 27 48
31 31 -18
31 37 -20
31 41 -3
31 42 -49
31 45 53
31 50 10
31 80 -100
31 88 100
31 97 98
31 108 16
31 121 -41
31 127 86
32 7 54
32 9 -27
32 10 63
32 12 -69
32 16 43
32 17 95
32 18 41
32 28 -41
32 38 7
32 46 39
32 56 -89
32 65 -71
32 66 -44
32 75 44
32 87 -33
32 92 -63
32 99 81
32 122 -55
32 124 29
33 13 61
33 32 45
33 34 -43
33 54 93
33 55 45
33 63 1
33 86 -84
33 101 -30
33 113 -90
33 117 -2
33 124 3
33 127 -32
33 129 -93
33 130 -81
33 131 32
33 132 68
34 5 70
34 9 -85
34 19 -4
34 20 41
34 23 -48
34 32 -71
34 39 -52
34 56 -50
34 63 -55
34 73 11
34 77 -58
34 78 -64
34 88 -28
34 94 -67
34 97 11
34 98 71
34 134 62
34 145 -76
35 0 42
35 2 -24
35 8 -50
35 19 -14
35 31 17
35 32 48
35 34 -9
35 39 28
35 46 2
35 65 29
35 67 46
35 75 -69
35 81 1
35 82 -35
35 86 -30
35 122 97
35 123 24
35 145 -23
35 146 -52
35 148 92
36 0 73
36 37 15
36 55 -71
36 59 16
36 63 91
36 105 4
36 107 -27
36 108 1
36 114 88
36 123 -79
36 127 -93
36 128 47
36 130 9
36 136 -43
36 138 -45
36 145 -81
36 149 34
37 0 -50
37 3 -60
37 4 48
37 6 -91
37 31 91
37 78 12
37 83 4
37 89 -94
37 110 -91
37 111 72
37 137 38
37 140 -5
38 15 -66
38 21 -4
38 32 45
38 33 -50
38 45 50
38 47 95
38 58 -28
38 70 -47
38 92 54
38 105 -58
38 109 39
38 116 -33
38 130 -89
38 145 82
39 4 -10
39 29 -85
39 43 87
39 61 -67
39 79 99
39 98 -59
39 99 42
39 100 -45
39 113 -48
39 115 50
39 121 31
39 124 46
39 127 -5
39 132 26
39 134 34
39 146 18
40 4 24
40 11 -10
40 12 41
40 22 54
40 30 73
40 33 -65
40 42 38
40 56 -71
40 59 78
40 80 -56
40 91 -19
40 94 -50
40 97 -88
40 100 -46
40 104 46
40 107 -78
40 111 -99
40 114 12
40 120 -34
40 131 -14
40 136 -7
40 140 8
40 146 78
40 149 84
41 1 -50
41 14 -41
41 20 -33
41 24 -66
41 30 -22
41 48 -80
41 49 89
41 85 44
41 87 93
41 88 -81
41 91 2
41 99 -14
41 100 -100
41 105 -68
41 109 -31
41 119 39
41 126 -99
41 127 -12
41 129 -12
41 147 80
41 148 -99
42 8 44
42 22 -77
42 26 10
42 42 47
42 63 89
42 68 57
42 72 97
42 74 91
42 90 -5
42 98 3
42 111 36
42 116 -98
42 117 79
42 128 89
42 145 19
43 9 57
43 31 -42
43 34 60
43 36 23
43 43 -6
43 46 -77
43 51 87
43 58 -4
43 69 90
43 70 21
43 82 27
43 92 -74
43 98 -75
43 100 90
43 141 -62
44 2 -46
44 5 -78
44 6 -96
44 14 -67
44 23 -17
44 24 60
44 26 -61
44 36 -19
44 50 69
44 51 -21
44 52 22
44 69 -86
44 75 -7
44 127 68
44 128 -86
44 134 -9
44 136 89
44 138 86
44 140 57
44 149 68
45 2 56
45 4 17
45 5 -73
45 8 -56
45 22 -35
45 46 2
45 59 -60
45 60 28
45 69 -50
45 72 71
45 92 28
45 102 -26
45 103 55
45 104 -54
45 132 75
45 139 -45
45 141 21
46 2 -14
46 7 73
46 55 59
46 71 71
46 76 -8
46 80 -87
46 83 -58
46 85 12
46 96 -36
46 98 72
46 103 68
46 126 53
46 132 43
46 136 88
46 139 -6
46 146 -26
46 147 -88
47 11 91
47 12 69
47 15 -52
47 19 28
47 30 92
47 33 -14
47 35 -72
47 43 77
47 45 -65
47 51 -15
47 54 15
47 60 -53
47 80 59
47 85 -85
47 93 19
47 109 -41
47 113 -66
47 119 93
47 124 6
47 133 -76
48 8 -73
48 11 -87
48 17 -72
48 20 100
48 27 9
48 30 -9
48 36 39
48 44 24
48 49 50
48 51 21
48 52 -52
48 62 -46
48 65 -29
48 80 -43
48 82 -24
48 93 -88
48 98 -88
48 99 1
48 117 -22
48 120 -56
48 137 72
48 138 89
48 144 -8
49 9 3
49 14 -7
49 18 13
49 21 -22
49 22 -22
49 28 -5
49 29 -68
49 39 27
49 46 -23
49 47 -28
49 51 26
49 65 -71
49 75 59
49 77 2
49 82 -26
49 94 -75
49 109 55
49 113 -2
49 114 -16
49 128 -88
49 133 35
49 136 -50
50 0 -11
50 5 -72
50 6 22
50 15 19
50 18 34
50 23 -40
50 36 12
50 48 39
50 51 19
50 66 -31
50 71 27
50 75 -10
50 101 -51
50 106 -89
50 111 -57
50 121 12
50 132 -87
50 134 -5
50 142 70
50 145 96
50 146 -59
51 7 12
51 23 49
51 24 48
51 34 54
51 36 -53
51 42 -19
51 53 64
51 62 74
51 66 9
51 69 4
51 73 93
51 90 97
51 98 73
51 111 69
51 120 -1
51 121 66
51 129 38
51 137 1
52 15 46
52 16 -71
52 18 -56
52 23 -65
52 35 -42
52 44 -36
52 49 45
52 54 -73
52 61 -24
52 73 -4
52 80 98
52 90 -100
52 98 29
52 99 -24
52 102 -62
52 117 -79
52 118 16
52 120 -78
52 139 -77
52 142 -51
53 0 50
53 3 -92
53 9 -95
53 12 -11
53 33 -89
53 44 -24
53 51 76
53 55 -96
53 67 25
53 87 -79
53 88 -36
53 115 -93
53 149 -83
54 22 -15
54 45 64
54 51 52
54 61 -77
54 66 -15
54 77 -63
54 91 26
54 101 63
54 118 -15
54 122 92
54 138 74
54 142 -88
54 147 -62
55 10 -48
55 22 -8
55 24 -90
55 45 -93
55 59 68
55 75 -51
55 76 72
55 80 -32
55 91 24
55 103 20
55 108 21
55 130 -84
55 137 75
55 149 -22
56 3 47
56 7 -77
56 15 -14
56 18 89
56 22 8
56 28 -35
56 32 -63
56 38 -72
56 41 -32
56 66 -25
56 78 75
56 86 16
56 92 -98
56 106 30
56 117 37
56 138 95
57 7 -70
57 14 76
57 18 55
57 22 -21
57 24 26
57 37 70
57 57 -90
57 72 27
57 86 -75
57 95 83
57 96 83
57 114 -58
57 131 96
57 132 38
57 137 51
57 138 -79
57 144 -27
57 145 16
57 146 4
57 149 88
58 0 86
58 6 -85
58 8 21
58 16 11
58 20 -13
58 50 -78
58 58 58
58 60 12
58 63 92
58 75 69
58 78 49
58 81 54
58 115 56
58 118 -80
58 137 -39
59 23 23
59 36 33
59 37 -12
59 42 -21
59 45 54
59 53 13
59 60 -57
59 76 14
59 89 -40
59 105 -50
59 107 68
59 113 2
59 114 63
59 115 41
59 118 43
59 123 15
59 124 10
59 134 56
60 1 42
60 21 90
60 35 25
60 38 1
60 45 32
60 49 -10
60 50 89
60 57 79
60 65 -2
60 77 3
60 78 64
60 119 10
60 125 -70
60 130 3
60 135 14
60 140 -89
60 141 47
61 17 70
61 26 51
61 31 -66
61 37 -74
61 50 -43
61 68 -4
61 82 27
61 83 -48
61 88 81
61 93 -5
61 94 64
61 108 -87
61 109 -62
61 118 8
61 136 -35
61 137 -19
61 139 62
61 142 49
61 149 -13
62 11 55
62 18 -26
62 35 -90
62 36 64
62 51 63
62 54 83
62 58 22
62 67 -52
62 71 55
62 78 71
62 83 20
62 93 -24
62 97 21
62 98 -20
62 102 86
62 104 -55
62 132 41
62 134 -9
62 136 -2
62 139 -2
62 147 -12
63 2 -67
63 5 -22
63 6 -29
63 13 3
63 14 39
63 16 -49
63 18 -84
63 20 -48
63 30 -80
63 57 73
63 67 3
63 79 -55
63 94 83
63 95 2
63 102 -47
63 115 28
63 121 13
63 125 -45
63 135 -13
63 138 -73
63 142 76
63 147 -72
64 0 -52
64 19 -16
64 23 -74
64 27 75
64 38 56
64 43 90
64 52 61
64 58 31
64 60 -69
64 61 -60
64 63 14
64 65 23
64 68 -62
64 72 -4
64 79 -13
64 81 -57
64 84 76
64 91 99
64 113 -33
64 117 -81
64 135 -8
64 138 10
64 147 65
65 6 -88
65 12 -59
65 29 -11
65 33 -5
65 40 31
65 89 -78
65 96 -84
65 110 69
65 122 5
65 149 51
66 0 48
66 2 -88
66 5 36
66 8 27
66 14 87
66 26 -10
66 35 -38
66 38 -90
66 44 -74
66 47 -59
66 51 -36
66 55 12
66 58 -48
66 75 41
66 82 -98
66 86 6
66 91 1
66 101 8
66 104 20
66 122 26
66 127 -95
66 142 -21
66 145 15
67 27 63
67 28 -62
67 30 63
67 45 1
67 46 6
67 54 93
67 55 -75
67 61 73
67 64 28
67 70 17
67 75 -72
67 84 9
67 90 15
67 92 82
67 110 -15
67 124 -15
67 125 -6
67 126 60
67 147 74
68 2 -68
68 15 -78
68 42 26
68 51 8
68 71 74
68 73 -29
68 74 57
68 92 14
68 140 41
68 146 -32
69 1 7
69 3 27
69 9 -7
69 15 55
69 16 -71
69 29 -30
69 49 10
69 53 -64
69 60 -81
69 66 76
69 81 35
69 87 31
69 101 -12
69 115 25
69 119 33
69 139 -91
69 142 14
70 9 -26
70 13 -63
70 16 -40
70 20 -53
70 36 -39
70 52 54
70 69 54
70 71 -22
70 74 -43
70 75 -37
70 76 85
70 85 86
70 86 84
70 90 61
70 105 34
70 111 -7
70 117 6
70 131 -96
70 147 32
71 1 73
71 12 54
71 42 19
71 61 69
71 69 79
71 100 37
71 108 -52
71 109 -50
71 117 -32
71 124 5
71 127 -4
71 131 -85
71 133 12
71 139 -6
71 144 -95
72 10 -86
72 25 -40
72 33 12
72 39 94
72 44 34
72 46 -53
72 53 86
72 68 -52
72 93 35
72 95 52
72 103 31
72 105 -20
72 117 100
72 118 -47
72 129 48
72 131 41
72 134 14
72 139 44
73 23 60
73 26 12
73 42 -78
73 53 -43
73 54 56
73 61 -92
73 77 -2
73 80 -45
73 88 -40
73 89 80
73 100 -79
73 101 40
73 109 -24
73 126 68
73 127 -82
73 131 5
73 134 1
74 0 -86
74 1 10
74 11 56
74 14 45
74 34 97
74 44 -96
74 47 97
74 49 35
74 51 -32
74 76 -84
74 82 -39
74 94 -36
74 98 -58
74 102 69
74 110 60
74 116 -34
74 121 92
74 142 -12
74 146 84
75 5 26
75 7 88
75 28 -31
75 37 53
75 38 -76
75 39 -34
75 47 -8
75 62 48
75 64 5
75 67 -59
75 75 52
75 96 -39
75 103 -23
75 104 52
75 118 -59
75 126 -25
75 128 -99
75 132 4
75 136 32
76 18 -72
76 22 22
76 24 -89
76 32 6
76 34 16
76 36 44
76 37 99
76 38 65
76 42 -10
76 47 75
76 50 20
76 56 9
76 63 -64
76 74 -51
76 79 -64
76 81 -36
76 93 83
76 94 69
76 104 95
76 127 -100
76 133 56
76 136 44
76 147 -14
77 8 52
77 9 71
77 12 -25
77 15 -28
77 18 82
77 31 -57
77 50 16
77 60 -44
77 66 22
77 68 -96
77 73 51
77 77 97
77 81 -44
77 95 -15
77 108 -54
77 116 -49
77 123 -85
77 137 -57
77 144 -43
78 3 41
78 4 52
78 14 58
78 21 -95
78 26 -79
78 34 85
78 35 16
78 42 -87
78 57 74
78 66 -16
78 73 -40
78 82 -97
78 103 96
78 108 -35
78 120 47
78 123 -32
78 126 -90
78 130 69
78 144 49
78 147 -51
78 149 -74
79 6 -6
79 8 -50
79 16 66
79 29 -22
79 37 -90
79 47 -7
79 55 41
79 67 -5
79 81 -43
79 83 -7
79 103 82
79 106 -46
79 108 46
79 127 65
79 139 -68
79 144 94
79 146 -89
79 148 86
80 17 90
80 23 -37
80 26 -79
80 38 -12
80 43 -91
80 65 -28
80 67 74
80 81 -91
80 92 37
80 99 -100
80 106 -83
80 116 -44
80 127 -17
80 129 -47
80 141 -89
80 143 70
81 9 -16
81 37 48
81 40 -77
81 43 -55
81 46 -48
81 55 42
81 62 -40
81 75 -97
81 93 -3
81 96 -64
81 124 -3
81 136 -15
81 137 45
81 146 -58
82 5 38
82 8 -75
82 13 68
82 29 -71
82 41 42
82 43 87
82 45 -33
82 65 -91
82 66 93
82 95 -88
82 111 -70
82 134 82
82 137 84
82 139 -21
83 15 -99
83 27 -95
83 28 31
83 33 -28
83 37 88
83 55 -33
83 63 -47
83 81 -54
83 100 97
83 124 12
83 136 24
83 145 12
84 14 -70
84 19 90
84 20 -32
84 31 -52
84 35 38
84 49 -39
84 55 32
84 74 34
84 76 -23
84 78 -5
84 96 34
84 99 -48
84 106 6
84 112 -26
84 117 21
84 129 -47
85 0 52
85 8 35
85 11 -26
85 15 -61
85 28 -40
85 50 -87
85 51 52
85 56 -47
85 58 -77
85 72 2
85 78 -83
85 88 -55
85 89 -31
85 96 40
85 99 -18
85 108 2
85 111 52
85 113 41
85 114 -69
85 117 -24
85 134 -41
85 137 -17
86 5 75
86 17 -59
86 19 -85
86 31 -73
86 38 41
86 46 -99
86 48 -93
86 54 10
86 64 -91
86 93 -72
86 101 -44
86 108 -35
86 111 99
86 136 59
86 137 -69
87 2 95
87 5 25
87 8 -74
87 9 -16
87 14 28
87 16 92
87 19 97
87 22 -48
87 23 35
87 29 -94
87 36 5
87 44 -8
87 56 -84
87 57 -29
87 66 50
87 67 -99
87 98 63
87 112 -78
87 117 -39
87 127 -61
87 131 -57
87 137 11
87 144 -27
88 3 37
88 9 -16
88 23 91
88 35 36
88 39 -66
88 43 82
88 49 -15
88 69 98
88 73 -83
88 74 45
88 78 -37
88 87 45
88 91 63
88 95 32
88 100 -69
88 105 81
88 112 -8
88 114 8
88 117 59
88 137 -47
88 138 -53
88 144 51
88 147 40
89 2 -15
89 9 -38
89 14 -77
89 20 95
89 30 -89
89 41 -35
89 45 9
89 51 -24
89 52 70
89 68 -69
89 72 -77
89 96 24
89 137 -45
89 144 16
90 12 24
90 32 54
90 35 -4
90 48 36
90 54 -65
90 57 -25
90 66 81
90 69 18
90 77 -39
90 91 63
90 96 14
90 99 99
90 117 81
90 118 28
90 124 -78
90 131 18
90 136 -31
90 145 63
91 6 67
91 13 72
91 16 12
91 24 -43
91 28 -6
91 39 31
91 52 -73
91 55 30
91 80 -86
91 89 -24
91 106 4
91 109 13
91 111 -4
91 120 -6
91 127 -91
91 131 -24
91 133 -17
91 143 -5
92 1 -16
92 10 6
92 30 72
92 42 -71
92 47 -13
92 50 65
92 59 -21
92 64 -99
92 80 -61
92 95 44
92 102 -24
92 119 -32
92 130 96
92 143 -30
92 146 42
93 1 22
93 22 100
93 31 12
93 42 -42
93 48 -55
93 56 -61
93 69 7
93 84 -36
93 102 -54
93 113 -26
93 115 31
93 122 -52
93 126 -19
93 133 14
93 139 -47
93 147 -88
93 148 -9
94 24 37
94 26 -73
94 32 19
94 35 62
94 38 -46
94 42 69
94 43 -36
94 45 33
94 55 40
94 59 -75
94 93 21
94 117 66
94 131 -64
94 138 -52
94 140 -47
95 0 -14
95 7 87
95 11 -92
95 15 -63
95 16 24
95 17 -44
95 26 67
95 29 97
95 60 -84
95 71 -53
95 77 -100
95 81 9
95 84 78
95 86 65
95 97 3
95 104 -18
95 109 51
95 115 -45
95 118 40
95 128 57
95 131 100
95 137 -15
95 139 -98
95 142 44
95 149 58
96 21 -50
96 26 78
96 27 8
96 59 -12
96 62 35
96 65 7
96 71 -31
96 76 44
96 80 28
96 85 94
96 88 62
96 91 -90
96 92 -7
96 93 3
96 117 -87
96 124 -7
96 128 41
96 129 -21
97 0 89
97 31 -56
97 36 -97
97 43 -4
97 48 96
97 57 82
97 70 90
97 76 -83
97 95 -3
97 100 -37
97 115 36
97 124 1
97 128 49
97 132 -12
97 135 -6
97 137 95
98 0 74
98 4 69
98 9 24
98 60 36
98 72 -75
98 87 3
98 101 -51
98 102 -98
98 104 85
98 108 -4
98 119 -100
98 126 83
98 131 74
98 143 88
98 146 7
99 23 -80
99 29 19
99 31 -46
99 43 -82
99 44 -49
99 45 90
99 65 44
99 68 -33
99 76 -26
99 81 -28
99 96 39
99 131 -50
99 135 -96
99 144 -84
100 3 53
100 6 -21
100 11 90
100 14 -82
100 18 68
100 26 69
100 27 59
100 28 -45
100 33 46
100 52 54
100 56 -21
100 60 -40
100 67 52
100 72 53
100 97 67
100 98 -68
100 99 93
100 108 87
100 110 -31
100 143 -87
101 3 51
101 6 -94
101 10 75
101 20 46
101 22 -52
101 24 49
101 27 61
101 30 -4
101 46 -82
101 69 -39
101 83 74
101 84 -34
101 87 -98
101 93 33
101 95 50
101 117 27
101 120 -52
101 127 33
101 134 90
102 8 -99
102 14 95
102 22 61
102 25 -25
102 32 -75
102 44 89
102 53 -55
102 60 -53
102 63 -79
102 86 11
102 88 -78
102 89 45
102 90 6
102 95 -21
102 100 -50
102 107 -4
102 115 47
102 123 -2
102 135 -36
102 139 8
102 147 -98
102 148 -27
103 0 12
103 3 -65
103 9 68
103 12 64
103 18 -68
103 21 -90
103 28 68
103 30 39
103 42 -6
103 43 -73
103 50 73
103 80 89
103 100 83
103 104 43
103 118 53
103 123 81
103 125 -89
103 141 16
103 142 89
103 148 75
104 13 -87
104 14 -86
104 22 80
104 27 44
104 28 -52
104 40 71
104 47 -21
104 61 -68
104 86 42
104 87 55
104 94 -9
104 95 -45
104 108 -69
104 128 46
104 136 -94
104 144 -64
104 145 -49
104 147 92
104 149 -4
105 10 -16
105 21 -91
105 36 27
105 61 79
105 68 77
105 85 42
105 88 -61
105 100 -28
105 103 57
105 132 -6
105 133 97
105 136 78
106 3 -67
106 11 -44
106 29 -82
106 36 53
106 48 34
106 55 -7
106 70 47
106 86 -2
106 87 53
106 88 -44
106 91 19
106 100 6
106 110 97
106 112 98
106 117 11
106 124 -12
106 130 45
106 148 -74
106 149 54
107 3 4
107 8 -70
107 11 76
107 23 -68
107 30 -69
107 46 -11
107 54 99
107 57 -87
107 58 34
107 63 -75
107 64 56
107 67 -36
107 68 -9
107 84 27
107 103 80
107 106 -51
107 115 91
107 118 29
107 121 99
107 122 26
107 124 73
107 137 56
107 141 32
107 145 -66
108 2 82
108 14 57
108 18 55
108 22 67
108 28 36
108 35 22
108 37 93
108 61 52
108 73 -13
108 86 -4
108 90 57
108 100 33
108 108 75
108 109 96
108 118 -31
108 121 37
108 123 -60
108 133 -55
108 137 -50
108 143 69
108 149 -98
109 12 80
109 21 -90
109 22 -67
109 23 -25
109 34 -100
109 40 -58
109 61 -14
109 65 3
109 101 71
109 104 5
109 124 -61
109 132 51
109 137 79
109 146 -86
109 148 -95
110 1 -100
110 5 -68
110 7 59
110 17 39
110 22 -36
110 23 -23
110 30 -35
110 41 -53
110 46 92
110 55 -75
110 87 40
110 90 -3
110 92 53
110 99 -14
110 106 -88
110 110 -100
110 139 -10
110 141 85
110 143 -13
111 13 -41
111 14 -8
111 23 -88
111 30 72
111 36 28
111 45 -12
111 51 42
111 52 20
111 56 -65
111 63 -97
111 70 41
111 76 83
111 84 -51
111 93 -79
111 97 38
111 105 5
111 108 61
112 3 53
112 11 8
112 12 -10
112 16 -6
112 19 93
112 22 -1
112 28 -17
112 40 -97
112 45 -72
112 47 13
112 75 8
112 80 -68
112 85 -37
112 86 50
112 94 76
112 96 -61
112 105 -35
112 108 50
112 127 -9
112 139 -82
112 149 -82
113 38 84
113 41 -77
113 44 -70
113 50 -55
113 61 -23
113 63 34
113 67 -50
113 73 -95
113 90 12
113 94 -14
113 97 -51
113 117 81
113 122 -34
113 127 72
113 132 66
114 1 18
114 7 -10
114 8 -70
114 11 39
114 16 28
114 17 -78
114 18 -99
114 34 -30
114 49 83
114 52 8
114 54 -4
114 79 -6
114 98 89
114 100 83
114 103 -66
114 104 -19
114 105 25
114 108 35
114 109 -88
114 116 -7
114 119 71
114 129 -15
115 18 97
115 29 65
115 31 81
115 49 -20
115 65 -2
115 67 100
115 73 -44
115 74 -96
115 86 -74
115 93 -13
115 96 89
115 98 -48
115 107 47
115 122 -56
115 125 13
115 128 -18
115 131 -46
115 132 -37
115 138 33
115 140 -53
116 14 42
116 19 -32
116 21 9
116 33 28
116 45 -22
116 58 -29
116 63 54
116 70 45
116 85 -87
116 91 -67
116 126 4
116 139 -84
116 144 22
117 14 26
117 17 13
117 19 -85
117 25 -100
117 40 -7
117 45 -56
117 57 -87
117 58 -23
117 65 43
117 80 30
117 84 -40
117 89 -58
117 90 9
117 97 -86
117 102 -33
117 107 99
117 115 -68
117 118 -45
117 124 66
117 137 -60
118 6 -95
118 19 96
118 36 46
118 63 -41
118 67 30
118 77 -28
118 86 84
118 96 -95
118 98 54
118 101 90
118 113 -53
118 121 8
118 131 -9
118 140 -92
118 141 83
118 144 -30
118 145 58
118 146 15
119 4 14
119 8 -80
119 9 -22
119 14 -94
119 17 -94
119 24 40
119 31 -67
119 32 -84
119 38 -91
119 46 -52
119 54 45
119 65 12
119 76 -100
119 79 -53
119 80 84
119 94 -8
119 106 21
119 107 38
119 111 68
119 118 -20
119 125 4
119 130 88
119 133 -26
119 136 71
119 149 4
120 4 -89
120 5 -60
120 14 73
120 24 81
120 27 68
120 30 95
120 45 -41
120 49 -56
120 59 -84
120 66 99
120 85 -87
120 86 -89
120 95 2
120 112 63
120 113 -2
120 143 46
120 146 68
121 1 -79
121 6 -25
121 10 -53
121 20 100
121 28 -7
121 33 70
121 39 -32
121 40 -73
121 55 -35
121 61 57
121 67 94
121 94 89
121 97 39
121 100 30
121 111 31
121 113 -77
121 118 73
121 138 43
121 149 -57
122 0 -47
122 7 -66
122 14 33
122 15 -2
122 38 -30
122 47 13
122 57 69
122 60 22
122 81 47
122 119 50
122 127 91
122 136 12
122 141 -59
123 10 -19
123 46 -7
123 53 79
123 56 63
123 72 64
123 101 4
123 102 34
123 106 -49
123 139 -81
123 141 -74
123 146 -21
124 8 -96
124 22 20
124 28 51
124 51 -7
124 60 47
124 62 86
124 71 -96
124 80 14
124 94 65
124 95 -56
124 104 23
124 125 -71
124 128 -45
124 141 9
125 5 15
125 9 98
125 11 21
125 12 -16
125 19 64
125 27 97
125 41 -77
125 63 26
125 65 -49
125 70 50
125 83 -36
125 97 86
125 98 -22
125 110 10
125 121 -29
125 132 41
125 140 -53
126 3 -73
126 9 39
126 18 62
126 19 43
126 20 -61
126 28 -81
126 29 -81
126 32 11
126 61 65
126 69 28
126 87 -46
126 106 49
126 121 -22
126 126 -79
126 133 -66
126 135 -56
126 137 74
126 139 -49
126 140 -34
126 142 -51
126 143 -25
126 146 43
126 147 -66
126 149 -93
127 7 -3
127 12 45
127 14 -65
127 19 -52
127 21 -3
127 24 28
127 34 -2
127 47 33
127 48 79
127 64 -41
127 80 22
127 85 -70
127 107 93
127 112 83
127 113 -56
127 116 91
127 121 38
127 124 -3
127 128 80
127 130 77
127 138 -47
127 140 55
128 1 52
128 2 83
128 16 95
128 19 -12
128 56 30
128 61 -85
128 66 95
128 69 -68
128 80 18
128 91 73
128 95 -96
128 98 -48
128 109 36
128 111 -93
128 120 -23
128 124 59
128 125 -56
128 128 14
129 18 29
129 41 47
129 43 -13
129 46 -97
129 64 -53
129 72 78
129 85 53
129 91 29
129 107 13
129 111 69
129 114 -59
129 117 76
129 129 85
129 135 -29
129 142 74
129 148 -62
130 0 8
130 9 9
130 20 -99
130 22 -71
130 27 -11
130 37 1
130 47 -20
130 48 76
130 50 70
130 59 73
130 69 75
130 81 65
130 88 67
130 97 -79
130 124 -53
130 127 61
130 138 49
130 142 54
130 149 12
131 7 -24
131 13 -99
131 47 -73
131 61 -72
131 85 59
131 87 -65
131 90 55
131 101 17
131 104 19
131 106 32
131 115 -64
131 122 16
131 135 -44
131 136 35
131 140 -24
131 147 -35
132 28 79
132 32 -4
132 34 -76
132 39 -33
132 42 -46
132 47 34
132 51 -100
132 69 43
132 76 49
132 78 -25
132 81 -81
132 84 32
132 109 85
132 118 -77
132 123 -11
132 139 -4
132 141 -17
132 142 -17
133 1 -73
133 11 -71
133 24 -67
133 52 1
133 56 51
133 58 -77
133 64 -46
133 72 86
133 76 84
133 82 18
133 93 84
133 100 45
133 103 85
133 113 79
133 127 97
133 130 -20
133 132 -29
133 136 -99
133 140 11
133 142 -53
133 145 98
134 1 75
134 4 -83
134 16 -61
134 17 16
134 40 -75
134 44 71
134 54 -47
134 64 20
134 84 80
134 124 -22
134 125 -94
134 139 -30
135 16 10
135 23 87
135 24 9
135 25 -18
135 48 47
135 51 66
135 58 -95
135 69 -96
135 90 7
135 100 71
135 101 24
135 103 -42
135 106 30
135 111 91
135 128 72
135 133 -88
136 15 26
136 18 -8
136 21 -7
136 39 -42
136 42 -66
136 45 21
136 67 99
136 74 -8
136 78 -75
136 86 -26
136 94 27
136 95 -77
136 119 71
136 123 64
136 130 24
136 136 21
136 137 1
136 142 -18
136 147 -5
137 10 82
137 17 -69
137 18 1
137 20 83
137 28 61
137 29 37
137 31 16
137 32 7
137 38 -99
137 41 -34
137 49 45
137 52 -63
137 53 88
137 65 -72
137 78 96
137 83 -34
137 86 26
137 87 -60
137 108 -65
137 116 -14
137 123 46
137 144 67
137 147 -36
138 18 -5
138 24 51
138 26 -41
138 28 -94
138 48 91
138 66 85
138 72 54
138 80 42
138 87 25
138 97 -50
138 109 -20
138 110 -49
138 123 42
138 125 87
138 126 -17
138 131 -38
138 139 54
138 143 4
138 148 93
139 13 52
139 14 50
139 26 -35
139 27 8
139 32 47
139 44 1
139 48 75
139 54 88
139 66 -67
139 70 -12
139 85 80
139 87 -8
139 99 -12
139 107 -19
139 108 -55
139 110 69
139 116 -3
139 118 -97
139 127 -20
139 148 49
140 0 -65
140 2 -21
140 7 93
140 13 -50
140 14 51
140 18 1
140 37 74
140 54 41
140 67 -15
140 74 -21
140 97 31
140 100 -85
140 111 58
140 133 -39
140 135 -64
140 136 46
141 4 94
141 6 -39
141 9 15
141 25 -82
141 28 87
141 39 45
141 45 89
141 70 21
141 83 43
141 113 36
141 121 -42
141 122 44
141 125 2
141 129 -5
141 149 48
142 13 -24
142 14 -78
142 16 -87
142 27 -73
142 35 -99
142 36 -94
142 47 96
142 49 100
142 64 -49
142 78 60
142 81 -46
142 82 -91
142 83 50
142 87 30
142 89 -97
142 105 -33
142 108 8
142 121 45
142 122 27
142 128 86
142 133 -97
142 147 -48
143 8 18
143 36 46
143 37 -28
143 46 92
143 55 -78
143 59 17
143 64 -50
143 69 74
143 73 -42
143 83 69
143 87 38
143 105 -54
143 121 -71
143 122 91
143 133 16
143 135 -28
143 137 -47
143 142 -11
144 15 19
144 17 78
144 18 36
144 37 -75
144 38 -69
144 48 42
144 68 13
144 74 -96
144 77 -26
144 92 -59
144 127 -91
144 134 -8
145 1 -90
145 4 68
145 14 -99
145 32 16
145 38 -15
145 42 37
145 45 -94
145 53 38
145 57 -90
145 58 -68
145 74 -87
145 79 -76
145 80 -89
145 94 -7
145 149 5
146 1 -81
146 2 84
146 15 8
146 17 -94
146 23 -88
146 44 14
146 46 -37
146 52 -88
146 56 -93
146 97 -84
146 105 32
146 125 -21
147 1 -54
147 3 44
147 5 55
147 7 92
147 9 61
147 27 -80
147 28 16
147 30 -9
147 35 89
147 43 10
147 61 -88
147 79 -19
147 86 35
147 89 49
147 90 35
147 92 74
147 95 -48
147 96 -6
147 110 44
147 113 47
147 116 -9
147 145 -42
148 8 97
148 16 42
148 19 13
148 23 -1
148 26 -8
148 31 -38
148 32 -29
148 46 14
148 54 28
148 64 85
148 67 5
148 69 -90
148 70 12
148 72 -93
148 76 100
148 83 58
148 87 78
148 102 2
148 103 43
148 105 8
148 109 -51
148 123 -65
148 138 70
149 3 42
149 7 75
149 22 43
149 23 -98
149 24 61
149 25 -97
149 31 32
149 40 39
149 42 -12
149 56 -100
149 59 34
149 61 52
149 65 -7
149 96 6
149 107 41
149 118 93
149 136 -70
149 138 -21
149 144 -79
149 149 34