0 0 26
0 1 88
0 2 67
0 3 34
0 5 88
0 6 -78
0 7 -63
0 9 75
0 10 17
0 11 -95
0 12 86
0 13 -8
0 14 -84
0 15 1
0 16 9
0 19 -89
0 20 -50
0 21 58
0 22 -19
0 24 -61
0 25 13
0 26 64
0 28 89
0 29 82
0 30 11
0 31 -67
0 32 -21
0 33 16
0 34 71
0 35 46
0 37 57
0 38 -88
0 39 82
0 40 -13
0 41 -80
0 43 3
0 44 -100
0 45 8
0 46 90
0 47 16
0 48 28
0 52 72
0 53 64
0 54 -76
0 56 -79
0 57 1
0 63 -12
0 65 -68
0 66 -33
0 67 -26
0 68 -3
0 69 8
0 71 9
0 72 -98
0 73 3
0 74 92
0 78 -72
0 79 -77
0 80 -59
0 81 86
0 83 -70
0 84 100
0 86 -73
0 87 57
0 88 43
0 89 -70
0 91 30
0 93 11
0 96 -49
0 98 -59
0 99 77
1 0 60
1 1 -74
1 2 66
1 3 -66
1 4 -94
1 5 54
1 6 -87
1 7 56
1 8 7
1 10 -23
1 11 50
1 13 -28
1 17 52
1 19 -74
1 20 -64
1 21 59
1 22 -2
1 23 6
1 24 50
1 25 81
1 32 -44
1 33 29
1 34 48
1 36 54
1 38 -90
1 40 -36
1 42 -37
1 43 -88
1 45 86
1 46 89
1 48 44
1 51 63
1 52 46
1 53 -18
1 57 45
1 58 35
1 59 -51
1 60 30
1 61 -11
1 64 70
1 65 30
1 66 84
1 67 -14
1 68 89
1 69 -58
1 73 -95
1 78 5
1 79 -100
1 81 29
1 82 -77
1 85 39
1 87 -2
1 88 40
1 89 21
1 90 21
1 92 -27
1 93 -27
1 94 -44
1 95 58
1 96 -59
1 97 6
1 98 -5
2 0 -71
2 1 -2
2 7 87
2 9 -34
2 10 -17
2 11 63
2 12 93
2 13 -50
2 14 32
2 17 -44
2 18 -47
2 19 -27
2 20 29
2 21 -14
2 22 -69
2 23 93
2 25 31
2 27 94
2 28 -92
2 29 72
2 32 2
2 35 -73
2 36 -31
2 38 23
2 39 -41
2 41 75
2 42 -49
2 43 66
2 44 91
2 46 93
2 48 49
2 49 -32
2 50 -23
2 51 -88
2 52 17
2 53 96
2 55 -60
2 56 66
2 57 -66
2 58 -9
2 59 69
2 60 -79
2 61 94
2 62 99
2 63 -46
2 64 -10
2 65 -24
2 66 -13
2 67 1
2 68 51
2 69 90
2 71 75
2 72 -33
2 73 82
2 75 -89
2 76 29
2 77 -5
2 78 -99
2 80 85
2 81 -28
2 82 78
2 83 70
2 84 -61
2 85 25
2 87 -32
2 88 29
2 89 -33
2 90 11
2 96 78
2 97 -74
2 98 95
2 99 99
3 0 78
3 3 29
3 4 -57
3 5 -42
3 6 22
3 7 14
3 8 -42
3 10 -79
3 11 -81
3 12 38
3 13 43
3 14 -25
3 17 -74
3 18 -29
3 19 -64
3 20 -71
3 21 86
3 22 -9
3 24 41
3 25 1
3 26 -48
3 27 -99
3 29 -10
3 31 -90
3 32 89
3 33 -96
3 34 -41
3 36 -39
3 37 82
3 39 19
3 40 -27
3 42 2
3 43 -89
3 44 72
3 45 -6
3 47 58
3 48 2
3 49 20
3 51 53
3 53 -12
3 55 -99
3 57 43
3 58 52
3 59 -92
3 62 28
3 64 -43
3 65 36
3 66 56
3 67 17
3 68 -85
3 69 10
3 70 27
3 71 -76
3 73 91
3 75 50
3 77 22
3 78 -17
3 79 -61
3 80 29
3 81 -84
3 82 -87
3 83 -12
3 85 -35
3 86 -40
3 87 9
3 89 29
3 90 56
3 91 -87
3 92 -44
3 93 25
3 95 -69
3 96 -91
3 98 -99
4 0 44
4 2 3
4 6 9
4 7 36
4 8 -21
4 9 68
4 11 39
4 12 32
4 13 -77
4 14 -5
4 15 48
4 17 66
4 18 54
4 19 47
4 20 -4
4 21 74
4 26 65
4 27 4
4 28 -67
4 29 42
4 30 -35
4 31 -53
4 33 38
4 38 -30
4 39 -81
4 40 -56
4 42 47
4 43 -35
4 44 7
4 45 -100
4 47 43
4 48 1
4 49 -73
4 51 9
4 52 94
4 53 -14
4 54 54
4 55 55
4 56 93
4 57 -6
4 58 -41
4 59 57
4 60 40
4 61 -14
4 64 -95
4 65 89
4 68 -18
4 69 -70
4 70 38
4 71 -85
4 73 -32
4 76 91
4 78 -66
4 80 -61
4 82 -21
4 86 10
4 87 -15
4 88 -69
4 91 -75
4 92 -88
4 95 -94
4 96 33
4 97 -100
5 0 -52
5 4 98
5 5 -1
5 6 -45
5 7 90
5 9 60
5 10 78
5 11 90
5 12 70
5 13 93
5 14 -73
5 16 -6
5 17 93
5 18 -25
5 19 -60
5 21 -11
5 26 -97
5 27 55
5 29 32
5 30 47
5 31 -81
5 33 -48
5 35 -66
5 36 1
5 37 98
5 38 3
5 40 18
5 41 87
5 42 -42
5 44 -43
5 45 68
5 46 -77
5 47 69
5 48 -85
5 50 -1
5 51 65
5 53 56
5 54 20
5 56 30
5 57 -93
5 58 46
5 59 94
5 60 -66
5 61 8
5 63 -20
5 64 62
5 65 88
5 66 -2
5 68 96
5 71 69
5 72 99
5 73 14
5 74 -74
5 75 -68
5 76 -41
5 78 11
5 79 43
5 80 -17
5 81 -72
5 82 -65
5 83 15
5 84 29
5 85 31
5 86 -81
5 89 60
5 90 56
5 91 39
5 92 -100
5 93 64
5 95 89
5 96 89
5 97 59
5 98 96
6 2 26
6 3 93
6 4 33
6 6 49
6 7 -74
6 8 -68
6 9 95
6 10 -6
6 11 17
6 12 57
6 13 42
6 14 9
6 16 74
6 18 -31
6 19 -23
6 20 24
6 21 76
6 22 76
6 23 28
6 25 11
6 26 53
6 27 -1
6 30 20
6 31 80
6 33 -61
6 35 -14
6 36 79
6 38 -65
6 40 -66
6 41 -96
6 42 10
6 43 67
6 44 -48
6 46 -54
6 47 24
6 49 31
6 53 76
6 55 -16
6 56 54
6 57 48
6 59 -60
6 60 -42
6 61 47
6 62 -31
6 63 28
6 64 -30
6 66 41
6 67 -48
6 69 95
6 70 83
6 74 98
6 75 -36
6 76 35
6 77 5
6 78 -94
6 79 -38
6 80 5
6 81 -29
6 82 -9
6 84 -60
6 85 12
6 86 -9
6 88 12
6 90 -22
6 94 -16
6 96 -13
6 98 -2
6 99 70
7 0 -95
7 2 -74
7 3 -90
7 5 -1
7 6 -72
7 10 57
7 11 -24
7 12 -8
7 13 76
7 14 38
7 16 62
7 21 32
7 23 35
7 24 -42
7 25 78
7 27 -1
7 28 -77
7 29 29
7 30 -60
7 31 18
7 32 -98
7 34 -56
7 35 84
7 36 84
7 37 -95
7 38 -6
7 39 -75
7 40 74
7 42 90
7 43 -20
7 44 11
7 45 -39
7 46 71
7 47 75
7 48 -23
7 51 17
7 52 89
7 53 55
7 54 5
7 55 3
7 57 -46
7 61 77
7 62 -53
7 64 -90
7 65 84
7 68 60
7 69 30
7 70 15
7 71 -41
7 74 33
7 75 38
7 76 77
7 77 5
7 79 -83
7 81 7
7 82 1
7 83 -4
7 84 -94
7 85 -36
7 86 -78
7 87 45
7 88 63
7 89 89
7 91 -98
7 93 40
7 94 -96
7 95 -89
7 98 28
8 0 -41
8 1 39
8 2 -78
8 4 98
8 5 -70
8 6 49
8 7 41
8 11 -32
8 12 36
8 13 86
8 14 31
8 15 -17
8 16 -18
8 18 20
8 20 60
8 22 21
8 23 83
8 24 -29
8 25 42
8 27 91
8 28 87
8 29 -37
8 30 -72
8 32 94
8 33 -82
8 35 55
8 36 -81
8 37 58
8 38 6
8 39 -15
8 40 50
8 44 38
8 45 81
8 46 -62
8 51 -33
8 52 44
8 53 84
8 54 82
8 55 -98
8 56 12
8 57 -41
8 60 29
8 62 -98
8 63 62
8 66 -2
8 67 20
8 68 -19
8 69 -14
8 70 81
8 71 -65
8 72 89
8 74 69
8 75 -77
8 77 -81
8 79 49
8 82 42
8 83 90
8 84 16
8 85 32
8 86 62
8 87 -55
8 88 -85
8 89 65
8 90 27
8 91 19
8 94 44
8 95 60
8 96 -55
8 97 -94
8 98 89
8 99 -5
9 0 -41
9 1 -32
9 3 -65
9 5 14
9 7 16
9 8 28
9 10 61
9 11 50
9 13 80
9 15 -5
9 16 27
9 18 -33
9 19 -87
9 20 -61
9 24 -25
9 25 59
9 26 -47
9 27 -63
9 29 5
9 31 53
9 32 75
9 33 -19
9 34 -22
9 35 34
9 36 -85
9 37 -29
9 39 -58
9 40 -47
9 41 -93
9 43 84
9 48 47
9 49 -17
9 50 -85
9 51 -76
9 53 -32
9 54 53
9 55 82
9 57 -94
9 58 18
9 60 -55
9 62 -24
9 63 89
9 64 65
9 65 -16
9 66 89
9 67 -52
9 68 82
9 69 -63
9 71 -75
9 72 82
9 76 -21
9 77 90
9 79 -64
9 80 69
9 81 61
9 84 -47
9 85 -74
9 86 -50
9 87 49
9 88 -61
9 89 -46
9 92 -23
9 93 47
9 94 -66
9 97 53
9 98 96
10 0 53
10 2 100
10 3 23
10 4 78
10 5 -32
10 6 16
10 7 -83
10 8 -20
10 9 100
10 10 39
10 12 -8
10 14 36
10 15 -65
10 16 -82
10 17 2
10 18 -17
10 21 67
10 23 44
10 24 -63
10 25 63
10 26 22
10 27 -25
10 29 -81
10 31 -79
10 32 -10
10 33 -31
10 34 -58
10 35 -44
10 39 -77
10 40 -66
10 41 53
10 42 -88
10 43 -20
10 44 36
10 45 44
10 47 -47
10 48 -59
10 50 28
10 51 -25
10 53 -5
10 54 63
10 55 -3
10 56 14
10 57 16
10 58 -33
10 59 -37
10 60 -40
10 61 -64
10 64 43
10 65 29
10 66 33
10 67 -10
10 68 -64
10 69 76
10 70 69
10 71 11
10 72 -88
10 73 -71
10 75 70
10 76 71
10 77 99
10 78 17
10 80 19
10 81 -94
10 85 -53
10 86 83
10 87 60
10 89 -9
10 90 88
10 92 20
10 93 41
10 94 16
10 95 -35
10 96 4
10 98 -25
10 99 51
11 0 10
11 1 -28
11 4 -27
11 5 -59
11 7 -89
11 8 -89
11 9 73
11 12 8
11 14 -11
11 15 96
11 16 21
11 17 -58
11 18 -9
11 19 90
11 20 -36
11 21 13
11 25 -69
11 28 -9
11 29 92
11 30 -17
11 31 84
11 32 -77
11 33 85
11 34 83
11 35 79
11 36 -34
11 37 -42
11 38 -95
11 39 27
11 40 53
11 41 -64
11 42 100
11 43 -85
11 44 55
11 46 24
11 47 -6
11 48 -67
11 49 -35
11 50 14
11 51 31
11 52 66
11 53 47
11 55 9
11 56 -100
11 57 84
11 58 -86
11 59 -28
11 61 -78
11 62 -77
11 63 50
11 64 -27
11 65 -8
11 66 68
11 67 -21
11 69 78
11 70 42
11 71 66
11 72 -43
11 73 57
11 75 -37
11 76 37
11 77 -57
11 80 -53
11 81 4
11 82 -54
11 83 75
11 84 -24
11 87 -37
11 88 30
11 89 -83
11 90 47
11 91 -56
11 93 -4
11 95 2
11 96 -8
11 99 -100
12 0 -80
12 1 76
12 2 51
12 3 -95
12 4 15
12 5 -99
12 9 -67
12 10 29
12 11 -64
12 12 -60
12 13 7
12 14 -26
12 15 -66
12 16 -83
12 17 -94
12 18 55
12 20 5
12 21 -64
12 22 45
12 23 28
12 24 -60
12 25 -6
12 26 -35
12 27 7
12 29 -41
12 30 -66
12 31 -36
12 32 -45
12 33 -42
12 34 31
12 35 -41
12 37 -60
12 38 -91
12 39 -21
12 41 -43
12 42 -65
12 43 91
12 44 -89
12 46 -98
12 48 91
12 49 10
12 50 12
12 51 -94
12 54 48
12 59 28
12 60 -36
12 62 -58
12 64 -6
12 66 -55
12 68 96
12 69 16
12 70 73
12 73 -38
12 74 -66
12 75 -64
12 76 -49
12 77 51
12 79 -78
12 81 6
12 82 -1
12 84 -20
12 85 -22
12 86 -8
12 87 -95
12 88 -40
12 89 -78
12 92 -97
12 94 -31
12 95 -99
12 97 -53
12 99 -41
13 0 -41
13 2 96
13 4 -39
13 6 -51
13 7 65
13 9 -84
13 10 98
13 11 60
13 12 -72
13 15 -30
13 16 -56
13 17 -32
13 18 -4
13 19 1
13 20 50
13 23 -59
13 24 13
13 25 26
13 27 89
13 28 -90
13 29 40
13 32 19
13 33 -45
13 34 19
13 37 57
13 38 -75
13 39 9
13 40 -46
13 41 35
13 42 18
13 43 -58
13 44 60
13 45 26
13 48 66
13 49 -8
13 51 38
13 52 27
13 53 27
13 54 62
13 55 39
13 57 97
13 58 -82
13 59 70
13 61 6
13 62 87
13 64 -13
13 66 84
13 67 -60
13 70 -4
13 71 13
13 72 -28
13 73 -38
13 74 -34
13 76 -55
13 77 -19
13 78 42
13 79 -4
13 81 53
13 82 -28
13 84 -11
13 86 -33
13 87 -43
13 89 77
13 90 1
13 91 66
13 92 -54
13 94 -8
13 96 -28
13 98 -46
13 99 -21
14 0 97
14 1 -63
14 2 41
14 3 -50
14 4 87
14 5 -66
14 6 38
14 7 -5
14 8 47
14 9 100
14 11 -61
14 12 54
14 13 -77
14 14 59
14 15 40
14 16 -27
14 17 -54
14 18 -7
14 19 20
14 20 -79
14 21 -14
14 22 19
14 23 15
14 24 -18
14 25 17
14 26 63
14 28 99
14 29 -65
14 30 35
14 31 82
14 32 -52
14 33 -67
14 34 -39
14 35 64
14 36 -78
14 37 -97
14 38 -1
14 39 19
14 40 26
14 41 28
14 42 -71
14 43 -29
14 44 15
14 45 -1
14 46 -56
14 47 -97
14 48 -30
14 50 -52
14 51 -75
14 52 -18
14 53 -60
14 54 -85
14 55 -16
14 56 47
14 57 56
14 58 -26
14 59 23
14 60 -33
14 63 40
14 64 -7
14 65 41
14 66 76
14 68 9
14 69 -2
14 70 -15
14 71 33
14 72 34
14 73 97
14 74 -65
14 75 20
14 78 -98
14 79 58
14 81 3
14 83 -60
14 84 -20
14 85 -6
14 86 4
14 87 66
14 88 42
14 89 -25
14 90 -27
14 91 -32
14 93 -45
14 94 48
14 98 13
14 99 -59
15 0 -76
15 1 -68
15 2 9
15 3 -54
15 5 87
15 6 -22
15 7 51
15 8 -10
15 10 -17
15 11 -31
15 12 32
15 13 -97
15 16 81
15 17 -5
15 21 -87
15 23 59
15 24 -66
15 25 31
15 26 72
15 27 -88
15 28 -75
15 29 55
15 30 -95
15 31 35
15 32 -64
15 34 -44
15 35 99
15 36 76
15 37 -74
15 39 -34
15 40 75
15 42 10
15 43 -95
15 44 -91
15 46 -95
15 47 33
15 49 -61
15 50 -50
15 51 31
15 52 -24
15 54 -23
15 55 96
15 56 80
15 57 -57
15 61 -2
15 62 -96
15 63 -2
15 64 -42
15 66 96
15 67 14
15 68 -92
15 70 -21
15 71 -90
15 72 -45
15 73 75
15 75 53
15 78 -80
15 79 -2
15 80 -54
15 81 -80
15 82 35
15 84 -97
15 85 -87
15 86 -100
15 89 -32
15 92 -18
15 94 -17
15 96 -47
15 98 -19
15 99 5
16 0 28
16 1 -92
16 2 51
16 3 59
16 4 24
16 6 -79
16 7 57
16 9 72
16 13 88
16 14 -34
16 16 -25
16 17 42
16 19 -30
16 20 -30
16 22 65
16 23 24
16 24 -4
16 25 75
16 26 15
16 28 -44
16 29 91
16 31 -31
16 32 -84
16 34 50
16 37 -80
16 38 61
16 40 95
16 41 45
16 42 -32
16 43 26
16 45 69
16 46 42
16 47 -34
16 48 -21
16 49 12
16 50 -75
16 52 37
16 53 -46
16 54 -10
16 55 32
16 56 -59
16 57 -30
16 58 -50
16 59 26
16 60 -74
16 61 7
16 65 35
16 66 -9
16 67 -2
16 68 -51
16 69 -77
16 71 -11
16 73 -79
16 74 75
16 75 7
16 76 46
16 77 28
16 79 23
16 81 -3
16 82 -9
16 84 -18
16 85 67
16 86 -20
16 87 17
16 88 44
16 90 60
16 92 50
16 93 92
16 94 -21
16 95 3
16 96 31
16 98 9
17 0 2
17 1 -83
17 2 70
17 3 -5
17 4 -3
17 5 100
17 6 79
17 7 41
17 8 -5
17 10 40
17 12 -24
17 13 38
17 14 7
17 15 71
17 16 29
17 17 97
17 18 21
17 19 -97
17 20 -89
17 21 10
17 22 -27
17 23 -95
17 25 19
17 26 -93
17 27 49
17 29 -70
17 32 25
17 34 47
17 35 15
17 36 1
17 39 77
17 40 -47
17 41 -1
17 44 -88
17 46 62
17 48 -16
17 49 -42
17 51 37
17 52 -38
17 53 -2
17 54 -58
17 56 -21
17 57 -19
17 58 97
17 59 94
17 60 -36
17 63 16
17 66 -7
17 67 -23
17 68 -49
17 69 82
17 70 5
17 72 7
17 75 -14
17 76 -85
17 77 -36
17 79 21
17 80 -4
17 81 -21
17 83 49
17 84 39
17 86 -33
17 87 93
17 88 -78
17 89 29
17 90 -34
17 91 33
17 92 -9
17 93 -54
17 94 -91
17 95 -7
17 96 -10
17 97 -12
17 98 -88
17 99 -90
18 0 -55
18 1 -83
18 2 93
18 3 12
18 5 -100
18 6 -91
18 7 -64
18 8 -78
18 9 -12
18 11 -99
18 13 17
18 14 59
18 17 -86
18 19 21
18 20 100
18 21 -37
18 22 55
18 23 95
18 24 53
18 26 22
18 27 -75
18 29 -62
18 30 12
18 33 66
18 34 -52
18 36 36
18 37 -72
18 38 -61
18 39 -79
18 40 -73
18 42 13
18 45 67
18 46 -34
18 47 -78
18 48 45
18 51 -34
18 52 28
18 53 55
18 54 91
18 56 -27
18 57 69
18 58 -32
18 59 93
18 62 -71
18 63 31
18 65 -16
18 66 92
18 68 -44
18 70 -99
18 72 37
18 73 -82
18 75 40
18 76 29
18 77 -71
18 78 -39
18 79 -22
18 81 -34
18 82 -69
18 83 27
18 84 5
18 86 -52
18 88 -94
18 89 63
18 92 -72
18 93 -41
18 94 -59
18 95 -96
18 97 34
18 98 -80
18 99 -22
19 1 -66
19 2 -80
19 3 -60
19 4 58
19 5 -69
19 6 88
19 7 51
19 9 95
19 10 -5
19 11 -63
19 12 -57
19 13 -75
19 14 -56
19 15 -18
19 17 -40
19 18 90
19 20 -18
19 21 -10
19 22 30
19 23 87
19 24 -80
19 26 82
19 27 95
19 28 47
19 31 -51
19 33 1
19 37 5
19 38 -62
19 39 41
19 40 20
19 42 -61
19 44 -39
19 45 26
19 46 37
19 47 -9
19 49 -57
19 51 -39
19 52 77
19 53 95
19 54 1
19 55 29
19 59 62
19 62 -100
19 63 98
19 65 -82
19 68 65
19 70 -10
19 71 -33
19 74 -21
19 75 -33
19 77 79
19 78 62
19 79 -88
19 80 66
19 83 16
19 84 -12
19 85 -79
19 87 -9
19 88 -4
19 89 -42
19 90 77
19 92 3
19 93 39
19 94 -82
19 96 71
19 97 61
19 98 -32
19 99 -78
20 1 35
20 3 22
20 5 -12
20 6 57
20 7 38
20 10 61
20 11 85
20 12 -40
20 13 -21
20 14 -51
20 17 -12
20 18 -65
20 19 5
20 20 82
20 26 22
20 27 -8
20 32 27
20 33 92
20 34 56
20 35 -67
20 37 -32
20 39 -68
20 40 -39
20 42 -50
20 43 23
20 44 -19
20 45 72
20 46 51
20 48 21
20 49 82
20 50 88
20 52 -39
20 53 7
20 54 -1
20 57 69
20 58 -83
20 59 1
20 60 -21
20 61 -23
20 63 85
20 64 -71
20 66 -92
20 67 -1
20 68 -51
20 69 -75
20 71 87
20 72 74
20 74 63
20 75 -64
20 78 -18
20 79 71
20 80 70
20 83 -85
20 84 -96
20 85 73
20 88 72
20 89 93
20 91 89
20 92 -48
20 93 26
20 96 2
20 97 67
21 0 2
21 2 72
21 3 79
21 4 3
21 5 42
21 6 -5
21 9 -42
21 11 -24
21 12 47
21 13 15
21 14 36
21 16 22
21 17 38
21 18 30
21 21 90
21 22 31
21 23 -66
21 24 -3
21 25 18
21 26 -87
21 27 25
21 28 53
21 30 93
21 31 92
21 33 58
21 35 -30
21 37 -46
21 38 -33
21 41 -45
21 43 -6
21 44 -69
21 45 -57
21 46 64
21 49 -30
21 50 91
21 51 -57
21 52 7
21 54 73
21 57 -30
21 58 -100
21 59 82
21 60 39
21 61 72
21 63 17
21 66 -78
21 67 75
21 68 100
21 69 -17
21 71 39
21 72 -58
21 73 -93
21 74 -13
21 77 75
21 78 -45
21 79 88
21 80 -75
21 82 -68
21 84 49
21 85 -78
21 88 40
21 89 17
21 90 25
21 91 26
21 93 75
21 94 87
21 95 26
21 97 -67
21 98 51
21 99 58
22 1 -57
22 3 -89
22 5 41
22 7 -12
22 8 21
22 11 81
22 12 26
22 13 -67
22 15 11
22 16 18
22 18 -50
22 19 -79
22 21 18
22 22 -9
22 23 19
22 26 33
22 27 -45
22 28 -11
22 29 58
22 30 80
22 31 -36
22 33 71
22 34 -41
22 35 96
22 37 -27
22 39 45
22 40 -67
22 41 -48
22 42 27
22 43 -47
22 44 22
22 45 24
22 46 -72
22 47 6
22 48 11
22 49 -51
22 50 19
22 51 34
22 52 -93
22 53 -85
22 54 68
22 56 -41
22 57 70
22 59 -85
22 60 -63
22 61 -78
22 62 81
22 64 -41
22 65 30
22 66 -37
22 67 38
22 68 41
22 69 -76
22 70 23
22 73 -57
22 74 22
22 75 68
22 76 -74
22 77 15
22 78 -86
22 80 -41
22 81 99
22 82 57
22 83 99
22 85 88
22 86 15
22 87 52
22 90 -2
22 91 18
22 92 -47
22 93 83
22 95 44
22 96 87
22 97 -72
22 98 -79
22 99 95
23 0 -18
23 4 12
23 6 -69
23 8 73
23 11 9
23 13 57
23 14 15
23 15 -65
23 16 55
23 17 -83
23 20 4
23 21 -6
23 24 76
23 25 50
23 29 47
23 32 -71
23 33 -84
23 34 63
23 38 -43
23 39 -32
23 41 76
23 42 75
23 43 -76
23 44 35
23 45 8
23 46 32
23 47 18
23 49 -87
23 50 -78
23 51 -93
23 55 9
23 60 55
23 61 33
23 62 -12
23 64 69
23 66 -97
23 67 -31
23 68 45
23 71 66
23 72 89
23 74 -6
23 75 -82
23 78 -88
23 79 -26
23 80 29
23 81 95
23 82 -72
23 83 62
23 85 -67
23 86 -41
23 89 -63
23 91 -52
23 92 27
23 93 78
23 94 99
23 95 98
23 97 35
23 98 45
23 99 -11
24 1 35
24 2 -19
24 4 55
24 5 49
24 6 -79
24 7 -83
24 8 -66
24 9 -32
24 10 34
24 11 -75
24 12 -97
24 14 -53
24 18 84
24 20 55
24 23 -1
24 25 -56
24 26 -32
24 28 87
24 29 21
24 30 11
24 31 -1
24 32 26
24 36 -89
24 37 53
24 38 84
24 39 -72
24 40 -75
24 41 -42
24 43 40
24 45 -82
24 46 85
24 47 -52
24 48 47
24 49 94
24 50 -35
24 51 -21
24 54 -12
24 55 -3
24 56 -73
24 57 -30
24 59 48
24 62 -34
24 65 97
24 66 -32
24 68 96
24 69 -38
24 71 91
24 72 -4
24 73 -48
24 75 -67
24 78 82
24 79 -95
24 80 -78
24 81 -8
24 82 7
24 83 14
24 84 30
24 85 88
24 87 11
24 88 9
24 89 -5
24 90 36
24 92 87
24 93 -64
24 94 53
24 95 40
24 96 96
24 97 92
24 98 51
24 99 -80
25 0 -39
25 1 70
25 3 4
25 4 36
25 5 27
25 7 -34
25 9 -84
25 10 11
25 11 2
25 13 -19
25 14 -65
25 15 53
25 16 -22
25 17 64
25 19 65
25 20 58
25 22 40
25 23 34
25 24 78
25 25 49
25 26 -46
25 27 -58
25 28 52
25 29 8
25 30 -45
25 32 -11
25 35 12
25 36 50
25 37 -53
25 38 36
25 40 93
25 41 2
25 42 36
25 43 -66
25 44 85
25 45 87
25 47 80
25 49 29
25 50 11
25 51 60
25 52 27
25 54 -24
25 56 21
25 58 -78
25 59 33
25 60 97
25 61 -30
25 64 -100
25 67 -73
25 68 -79
25 69 5
25 70 -43
25 71 -22
25 72 -46
25 73 54
25 74 47
25 76 -92
25 78 -19
25 79 62
25 83 67
25 84 -3
25 85 -34
25 87 44
25 89 68
25 92 -28
25 93 -43
25 94 -58
25 95 47
25 96 -37
25 98 -8
26 0 -37
26 2 55
26 5 1
26 6 -49
26 7 51
26 8 68
26 9 27
26 10 93
26 11 68
26 15 5
26 16 -13
26 17 46
26 18 -53
26 19 -88
26 21 -46
26 22 -17
26 23 -1
26 24 -85
26 25 -73
26 26 -26
26 28 -35
26 30 -11
26 31 -25
26 32 -26
26 33 -58
26 34 70
26 36 84
26 37 -14
26 38 -45
26 39 46
26 41 47
26 44 6
26 45 -74
26 46 7
26 47 -33
26 48 50
26 50 -55
26 51 38
26 53 -52
26 54 88
26 55 96
26 56 -80
26 57 63
26 59 19
26 63 -80
26 64 -10
26 65 83
26 66 94
26 67 -77
26 69 -9
26 70 3
26 71 -7
26 72 47
26 73 -33
26 74 98
26 75 -52
26 76 84
26 79 70
26 80 36
26 81 61
26 82 100
26 83 83
26 84 -30
26 86 30
26 87 -21
26 88 -68
26 89 -83
26 90 35
26 92 71
26 93 37
26 94 -22
26 95 -2
26 96 67
26 97 93
26 98 -71
27 0 54
27 2 -99
27 4 77
27 5 76
27 6 99
27 7 35
27 8 -92
27 9 30
27 11 26
27 15 -23
27 16 -83
27 17 -84
27 18 76
27 19 -78
27 22 -57
27 24 -43
27 26 4
27 27 -93
27 28 -32
27 29 -43
27 30 -73
27 32 -39
27 33 12
27 35 28
27 36 -28
27 37 -17
27 38 -24
27 39 -1
27 40 54
27 41 53
27 43 10
27 44 82
27 45 -11
27 46 12
27 48 -96
27 49 -4
27 51 64
27 53 -7
27 54 74
27 55 94
27 56 -19
27 57 100
27 58 -47
27 59 96
27 60 -70
27 62 98
27 63 13
27 64 -33
27 65 46
27 66 12
27 67 -28
27 68 -99
27 69 -24
27 71 17
27 74 -67
27 75 -79
27 76 -21
27 77 79
27 78 -47
27 79 -81
27 80 -45
27 81 -31
27 83 26
27 85 77
27 86 -61
27 87 43
27 89 78
27 92 74
27 93 -41
27 94 32
27 95 -20
27 97 -37
27 99 5
28 2 -49
28 6 -90
28 7 64
28 8 87
28 9 89
28 10 47
28 11 -22
28 13 -37
28 16 36
28 17 70
28 19 -17
28 20 -39
28 21 38
28 22 -31
28 23 -37
28 24 -46
28 25 34
28 27 -24
28 29 -31
28 32 -56
28 33 -93
28 34 -75
28 35 68
28 36 -89
28 37 7
28 41 -39
28 44 28
28 45 12
28 46 69
28 48 82
28 49 48
28 50 -55
28 51 93
28 53 79
28 55 28
28 57 91
28 59 30
28 60 -66
28 61 56
28 62 67
28 64 -87
28 65 2
28 67 -85
28 69 -50
28 71 -94
28 72 -89
28 73 81
28 74 43
28 76 68
28 77 77
28 79 -9
28 82 85
28 84 -75
28 85 25
28 86 -92
28 89 -83
28 90 31
28 91 94
28 92 -45
28 94 -47
28 95 -60
28 96 -42
28 98 35
29 0 -90
29 1 -34
29 3 -17
29 6 6
29 7 -68
29 13 -86
29 14 -41
29 16 -13
29 18 -28
29 19 92
29 20 -84
29 21 92
29 22 -49
29 26 50
29 29 65
29 30 -82
29 31 20
29 32 72
29 33 8
29 34 -54
29 35 -5
29 36 77
29 38 84
29 39 54
29 40 -27
29 41 -95
29 42 -38
29 43 6
29 44 69
29 46 -16
29 49 39
29 50 33
29 52 -76
29 53 -76
29 55 -100
29 56 -48
29 57 11
29 61 -30
29 62 71
29 64 -81
29 65 -81
29 66 73
29 67 72
29 68 -33
29 69 -62
29 72 27
29 73 13
29 74 85
29 76 -48
29 77 -50
29 78 -26
29 80 -80
29 81 2
29 84 -84
29 86 -11
29 88 -91
29 90 -51
29 91 32
29 96 81
29 97 -79
29 99 -34
30 1 5
30 2 -48
30 3 -37
30 4 -34
30 6 93
30 7 -16
30 10 70
30 11 -12
30 13 -47
30 14 -55
30 15 96
30 16 -50
30 17 12
30 18 3
30 19 -32
30 20 67
30 22 35
30 23 54
30 25 46
30 26 -96
30 27 -37
30 29 87
30 30 -88
30 33 67
30 34 -79
30 36 -91
30 40 -90
30 41 -49
30 42 75
30 43 64
30 45 -39
30 46 55
30 47 76
30 48 34
30 49 54
30 51 -46
30 53 42
30 54 -95
30 55 2
30 56 -31
30 57 54
30 58 11
30 60 45
30 61 69
30 62 62
30 63 45
30 64 -17
30 65 -61
30 67 -47
30 68 80
30 69 39
30 70 -88
30 71 -82
30 73 -21
30 74 44
30 76 -10
30 77 -56
30 78 78
30 79 22
30 80 -96
30 81 -36
30 82 -33
30 83 -80
30 84 -76
30 85 -55
30 87 -35
30 89 82
30 90 -71
30 92 52
30 93 24
30 95 -41
30 96 8
30 99 15
31 0 88
31 2 -17
31 3 -53
31 4 55
31 5 -43
31 6 54
31 7 43
31 8 61
31 9 26
31 10 94
31 13 -74
31 14 -79
31 15 74
31 16 46
31 17 -100
31 21 53
31 22 -98
31 23 -3
31 24 11
31 25 -64
31 26 -69
31 27 7
31 28 4
31 29 89
31 31 46
31 33 -62
31 34 -20
31 35 4
31 36 17
31 38 97
31 40 -27
31 41 -17
31 42 -10
31 43 -19
31 44 48
31 46 52
31 50 -33
31 51 90
31 52 -43
31 54 51
31 55 -17
31 56 -62
31 57 -35
31 59 -53
31 60 84
31 61 -34
31 62 -85
31 63 99
31 64 39
31 67 13
31 68 -19
31 69 40
31 71 -31
31 72 -50
31 74 -84
31 76 97
31 77 39
31 79 -62
31 80 52
31 81 -17
31 82 92
31 83 64
31 86 92
31 87 -89
31 89 27
31 90 98
31 91 -19
31 94 55
31 97 -33
31 98 70
31 99 -91
32 0 -40
32 1 97
32 2 -36
32 4 -84
32 5 48
32 7 -43
32 11 -31
32 12 33
32 13 83
32 14 -12
32 16 61
32 17 -89
32 18 -97
32 19 33
32 21 -47
32 22 -24
32 23 -94
32 24 -15
32 25 -90
32 26 29
32 27 29
32 30 -71
32 31 -29
32 32 45
32 33 56
32 34 -86
32 35 23
32 38 56
32 39 -11
32 40 -100
32 41 32
32 43 98
32 45 -70
32 47 18
32 48 25
32 49 -77
32 50 -43
32 51 -65
32 52 -65
32 53 70
32 54 -59
32 56 -82
32 57 95
32 59 57
32 60 78
32 61 35
32 64 -74
32 65 -46
32 67 76
32 68 -24
32 69 -11
32 70 15
32 71 -56
32 72 -50
32 73 37
32 74 -45
32 76 84
32 77 79
32 78 20
32 79 56
32 81 65
32 82 -60
32 84 -2
32 85 -37
32 86 -26
32 87 1
32 88 86
32 89 -69
32 90 -64
32 92 37
32 93 -60
32 94 93
32 96 1
32 98 78
32 99 -88
33 0 25
33 1 66
33 4 68
33 5 -7
33 6 -21
33 7 -66
33 8 -51
33 9 26
33 10 31
33 12 89
33 13 -42
33 14 -42
33 15 66
33 17 -77
33 19 -31
33 20 78
33 21 2
33 23 -16
33 24 27
33 25 -57
33 27 -2
33 28 50
33 29 -72
33 30 -53
33 31 44
33 32 -50
33 33 2
33 34 82
33 35 58
33 36 -61
33 37 86
33 38 25
33 39 99
33 40 -36
33 43 39
33 45 -84
33 47 71
33 48 98
33 50 -29
33 51 -32
33 52 -70
33 53 85
33 54 35
33 55 69
33 56 19
33 59 4
33 60 -62
33 62 13
33 63 85
33 64 4
33 65 29
33 66 -67
33 67 -16
33 68 86
33 69 44
33 72 12
33 75 -84
33 76 73
33 77 19
33 78 83
33 80 13
33 81 -43
33 82 42
33 83 -3
33 84 -61
33 85 76
33 86 -46
33 87 20
33 88 -45
33 89 -59
33 92 -13
33 93 -38
33 94 -34
33 95 36
33 96 -72
33 98 10
34 0 35
34 1 91
34 2 36
34 4 18
34 5 67
34 6 67
34 7 37
34 9 3
34 11 49
34 12 66
34 13 85
34 14 22
34 16 -9
34 17 22
34 18 -14
34 19 -27
34 20 8
34 21 -100
34 22 3
34 24 -45
34 25 -94
34 26 -72
34 28 -75
34 29 64
34 30 73
34 31 -58
34 34 -35
34 35 -25
34 36 67
34 37 87
34 38 -99
34 39 71
34 40 68
34 41 -15
34 42 70
34 43 13
34 44 83
34 45 83
34 46 -39
34 47 -63
34 48 16
34 49 45
34 51 71
34 52 -22
34 53 -56
34 54 -62
34 56 -96
34 57 13
34 58 91
34 59 -99
34 60 -20
34 61 -56
34 62 57
34 63 35
34 64 41
34 65 -35
34 66 -100
34 67 74
34 69 -70
34 71 87
34 72 91
34 74 13
34 75 -39
34 77 -100
34 78 48
34 81 59
34 82 99
34 84 9
34 86 -89
34 87 -6
34 88 40
34 89 90
34 90 -77
34 94 79
34 95 31
34 96 -63
34 97 46
34 98 -44
34 99 79
35 3 3
35 5 -74
35 6 18
35 7 -99
35 8 -32
35 10 -65
35 11 -99
35 13 -70
35 18 69
35 20 9
35 24 28
35 25 3
35 26 57
35 27 80
35 28 -37
35 29 -65
35 30 80
35 32 3
35 33 -48
35 34 27
35 35 -20
35 36 -43
35 37 -14
35 38 16
35 40 -97
35 41 -90
35 42 -15
35 43 -58
35 44 -62
35 46 -50
35 47 -95
35 48 -19
35 49 7
35 50 -54
35 51 -17
35 54 10
35 55 -38
35 56 -80
35 57 -30
35 58 33
35 60 -30
35 61 -3
35 63 18
35 64 85
35 66 39
35 67 -17
35 70 52
35 72 88
35 73 -5
35 74 67
35 75 -56
35 76 40
35 77 5
35 78 -23
35 80 -92
35 81 86
35 82 55
35 84 -71
35 85 41
35 86 65
35 87 -34
35 90 -80
35 92 -70
35 93 77
35 94 -78
35 95 -25
35 96 -93
35 97 13
36 2 67
36 3 -43
36 4 44
36 5 -91
36 6 -85
36 7 -20
36 9 -58
36 11 88
36 12 -17
36 13 60
36 14 -70
36 15 89
36 16 78
36 17 -1
36 19 89
36 20 17
36 21 -40
36 22 -14
36 23 11
36 27 91
36 29 37
36 30 -27
36 32 -92
36 33 22
36 37 -25
36 38 -50
36 39 -95
36 40 -86
36 41 51
36 42 1
36 43 83
36 44 -71
36 46 100
36 47 81
36 48 -27
36 50 -80
36 51 76
36 52 -21
36 53 -84
36 54 49
36 57 24
36 58 23
36 59 4
36 61 11
36 62 12
36 63 -58
36 64 17
36 65 -23
36 66 25
36 67 -90
36 68 -32
36 69 -52
36 71 -64
36 74 -79
36 75 94
36 79 53
36 80 35
36 82 -42
36 87 -13
36 88 4
36 90 57
36 92 23
36 94 -92
36 96 -100
36 98 99
36 99 74
37 1 -40
37 2 -93
37 3 -2
37 6 -80
37 7 66
37 8 -19
37 9 74
37 10 39
37 11 -62
37 12 -80
37 13 -56
37 14 98
37 15 -83
37 16 -88
37 17 7
37 20 75
37 21 -16
37 22 -94
37 24 78
37 25 -33
37 26 21
37 27 97
37 28 72
37 29 62
37 31 -97
37 35 -44
37 36 24
37 37 71
37 38 46
37 39 17
37 40 -64
37 41 -27
37 42 52
37 45 -9
37 46 17
37 48 33
37 50 56
37 52 52
37 53 -15
37 54 10
37 55 86
37 56 -39
37 57 26
37 58 47
37 59 24
37 60 -52
37 61 16
37 62 46
37 63 25
37 64 -9
37 65 -63
37 66 72
37 68 97
37 69 39
37 70 14
37 71 34
37 72 65
37 74 69
37 77 81
37 79 -1
37 80 -63
37 81 -64
37 82 20
37 83 78
37 85 -33
37 86 40
37 88 -60
37 90 -56
37 91 -50
37 93 25
37 94 -37
37 95 98
37 96 -76
37 98 33
37 99 -70
38 1 -85
38 5 81
38 9 97
38 10 -40
38 12 5
38 14 88
38 15 52
38 16 17
38 17 -9
38 19 -77
38 21 89
38 22 6
38 24 45
38 25 99
38 27 -97
38 28 -27
38 29 -90
38 32 -28
38 33 48
38 34 49
38 35 12
38 36 19
38 37 -100
38 39 15
38 40 -20
38 41 7
38 42 -12
38 44 -65
38 45 -60
38 46 67
38 47 20
38 48 41
38 49 -38
38 50 49
38 51 19
38 54 32
38 56 23
38 57 47
38 58 16
38 59 -44
38 60 -45
38 61 75
38 62 -50
38 63 1
38 64 -15
38 69 50
38 70 -16
38 71 -76
38 73 93
38 74 -40
38 75 -70
38 76 -54
38 77 -27
38 78 28
38 79 91
38 80 30
38 83 61
38 84 -100
38 86 32
38 87 -74
38 88 -85
38 89 -86
38 90 73
38 91 -50
38 92 57
38 94 -7
38 97 89
38 98 -73
38 99 -40
39 0 -13
39 4 -48
39 5 21
39 8 -6
39 9 -38
39 10 31
39 11 75
39 14 -25
39 15 70
39 17 -71
39 18 76
39 19 71
39 20 -65
39 22 98
39 23 -23
39 24 38
39 25 -85
39 27 65
39 28 -100
39 32 -62
39 33 92
39 35 74
39 36 -72
39 37 -48
39 38 -75
39 40 36
39 41 -59
39 42 30
39 43 -47
39 45 -26
39 46 -10
39 48 72
39 50 -54
39 51 -82
39 53 -70
39 55 2
39 56 -73
39 58 9
39 59 -5
39 61 28
39 62 -87
39 63 -33
39 66 79
39 68 88
39 70 1
39 71 40
39 72 42
39 73 41
39 74 22
39 76 -96
39 77 18
39 79 -12
39 82 -47
39 84 -78
39 85 -48
39 86 -42
39 89 20
39 90 -35
39 93 63
39 94 37
39 97 -49
40 0 36
40 1 87
40 2 -73
40 3 -23
40 4 -36
40 5 -86
40 6 91
40 7 -57
40 10 42
40 11 25
40 12 -29
40 13 -36
40 16 -39
40 17 19
40 18 40
40 19 87
40 23 -15
40 24 57
40 25 95
40 26 -51
40 28 51
40 29 86
40 30 35
40 32 -37
40 33 43
40 34 34
40 36 59
40 37 -13
40 38 -43
40 40 -77
40 41 94
40 44 59
40 45 57
40 46 -71
40 47 -83
40 48 45
40 50 -30
40 51 -53
40 52 -46
40 54 -35
40 56 99
40 58 19
40 59 -90
40 60 -6
40 61 78
40 62 -43
40 63 -54
40 64 -52
40 67 73
40 68 48
40 69 -77
40 70 -3
40 73 83
40 74 14
40 75 -47
40 77 43
40 78 43
40 79 -29
40 81 71
40 82 -11
40 83 -10
40 84 42
40 86 99
40 87 75
40 88 -78
40 89 22
40 90 47
40 91 99
40 93 25
40 94 -89
40 95 75
40 97 -14
40 99 59
41 0 -73
41 1 22
41 2 -17
41 3 13
41 4 -78
41 6 -28
41 7 72
41 8 -82
41 10 27
41 11 -34
41 12 96
41 13 75
41 14 -50
41 15 47
41 16 25
41 17 -75
41 18 -38
41 19 -79
41 21 -21
41 22 49
41 23 -62
41 24 -52
41 25 -35
41 29 -49
41 30 -2
41 31 -56
41 32 66
41 33 -35
41 34 -45
41 35 88
41 41 -85
41 42 1
41 43 -25
41 44 -83
41 45 -66
41 47 -83
41 49 -79
41 53 78
41 54 13
41 55 -81
41 56 72
41 57 -22
41 58 -18
41 60 23
41 61 -63
41 64 14
41 66 -33
41 67 -25
41 68 -87
41 69 92
41 70 43
41 71 -47
41 72 84
41 74 82
41 76 -59
41 77 -58
41 78 -19
41 79 39
41 80 -24
41 82 -38
41 85 88
41 86 79
41 87 -34
41 88 -32
41 90 18
41 91 -37
41 92 -94
41 93 -3
41 94 56
41 95 -99
41 97 31
41 99 93
42 0 -82
42 1 -9
42 3 56
42 4 34
42 5 88
42 6 -58
42 7 15
42 8 63
42 10 -74
42 11 -30
42 12 55
42 14 12
42 16 -77
42 17 69
42 19 32
42 20 -98
42 21 66
42 23 -97
42 28 54
42 29 81
42 30 -59
42 32 58
42 33 -40
42 34 88
42 35 21
42 36 -72
42 37 -39
42 38 71
42 39 -54
42 43 88
42 44 28
42 45 -39
42 46 -13
42 47 7
42 49 -50
42 50 68
42 52 -6
42 53 32
42 54 -54
42 55 -16
42 56 -84
42 57 72
42 58 -24
42 59 12
42 60 27
42 61 -96
42 62 41
42 65 100
42 67 -31
42 68 -6
42 70 20
42 71 -55
42 72 28
42 73 37
42 74 -61
42 75 -33
42 76 -65
42 78 -2
42 79 -22
42 81 -88
42 82 -46
42 83 83
42 84 95
42 86 -59
42 87 -52
42 89 53
42 90 70
42 91 22
42 92 99
42 93 -68
42 94 -64
42 95 1
42 97 30
42 98 55
43 1 -52
43 2 22
43 4 -84
43 5 27
43 8 68
43 9 26
43 10 -41
43 11 61
43 15 -81
43 21 54
43 22 -65
43 23 -76
43 25 28
43 26 82
43 27 4
43 29 12
43 31 75
43 32 -20
43 33 95
43 35 -52
43 37 28
43 38 27
43 39 -98
43 40 -12
43 41 -17
43 42 21
43 43 88
43 45 46
43 46 -72
43 47 44
43 49 -52
43 50 -66
43 51 -28
43 52 75
43 53 65
43 54 32
43 55 -72
43 56 -81
43 58 -98
43 60 38
43 61 72
43 62 25
43 63 50
43 65 -18
43 66 -22
43 67 2
43 68 -97
43 69 44
43 70 -78
43 71 -82
43 72 26
43 73 11
43 74 47
43 75 37
43 76 -62
43 77 -74
43 78 -32
43 79 -85
43 80 -66
43 81 99
43 82 -55
43 83 -36
43 85 -93
43 87 39
43 88 -86
43 90 16
43 91 -44
43 92 10
43 93 15
43 94 89
43 95 -94
43 96 100
43 98 86
43 99 72
44 0 90
44 1 -97
44 2 -44
44 3 -5
44 4 -72
44 6 -69
44 7 -10
44 8 37
44 9 60
44 13 96
44 14 2
44 16 73
44 17 20
44 19 -62
44 20 -73
44 21 -6
44 22 -69
44 23 -23
44 25 -97
44 26 -90
44 27 -65
44 28 -83
44 29 -43
44 31 10
44 33 80
44 34 -24
44 35 73
44 37 81
44 38 -18
44 40 -67
44 41 26
44 43 85
44 44 -89
44 45 -33
44 46 37
44 49 100
44 50 -24
44 51 100
44 52 -21
44 53 -70
44 54 40
44 56 -49
44 57 -89
44 59 -74
44 60 -97
44 61 8
44 62 -74
44 63 48
44 65 25
44 66 22
44 67 -35
44 68 74
44 71 -18
44 73 22
44 74 29
44 75 -83
44 76 63
44 78 -84
44 80 75
44 81 64
44 83 68
44 84 29
44 85 8
44 86 54
44 87 -74
44 90 -79
44 92 86
44 95 3
44 97 -8
44 98 -13
45 0 76
45 1 97
45 2 4
45 5 -68
45 7 24
45 8 98
45 9 7
45 10 66
45 11 -31
45 12 61
45 13 -48
45 15 30
45 17 -19
45 18 -44
45 19 59
45 20 84
45 21 -58
45 22 -28
45 23 88
45 24 -34
45 26 92
45 27 -8
45 30 44
45 31 -13
45 33 69
45 36 64
45 37 -71
45 38 15
45 39 9
45 41 50
45 42 -79
45 44 -4
45 45 36
45 47 -37
45 48 -80
45 52 -56
45 53 67
45 54 94
45 55 79
45 57 20
45 60 -36
45 61 -44
45 62 95
45 63 57
45 65 74
45 66 25
45 69 -54
45 76 -40
45 78 41
45 81 -24
45 82 -73
45 83 -51
45 84 52
45 85 63
45 86 48
45 87 30
45 88 -96
45 89 13
45 90 58
45 92 -80
45 93 -2
45 94 29
45 95 6
45 96 -70
45 98 84
45 99 49
46 1 9
46 2 71
46 3 59
46 5 17
46 6 4
46 7 -46
46 8 -3
46 9 -96
46 11 -74
46 12 90
46 14 48
46 15 31
46 16 26
46 17 -68
46 18 27
46 19 46
46 20 -14
46 21 39
46 22 11
46 23 72
46 24 -15
46 25 -58
46 27 60
46 28 94
46 29 23
46 30 -76
46 32 39
46 33 -37
46 34 100
46 36 -91
46 37 2
46 38 -54
46 39 -77
46 40 -3
46 41 11
46 43 22
46 45 52
46 48 -98
46 50 -42
46 52 -40
46 53 -67
46 56 38
46 57 -67
46 58 11
46 59 -78
46 64 71
46 65 79
46 66 -62
46 67 41
46 68 -56
46 69 83
46 70 -25
46 71 -87
46 72 -17
46 73 76
46 74 94
46 75 65
46 77 -74
46 78 -24
46 79 -51
46 80 72
46 81 -3
46 82 -22
46 83 9
46 84 -51
46 85 -99
46 86 -96
46 87 -9
46 88 75
46 89 71
46 91 -77
46 92 -9
46 95 -81
46 96 32
46 97 38
46 98 -67
47 1 12
47 3 -78
47 5 49
47 6 -42
47 7 61
47 8 93
47 9 -42
47 10 30
47 11 -61
47 12 41
47 13 73
47 15 37
47 16 46
47 17 -49
47 18 -53
47 19 -83
47 20 -51
47 21 18
47 22 4
47 23 -69
47 27 -70
47 28 31
47 29 42
47 30 45
47 31 -64
47 32 23
47 34 56
47 35 73
47 36 78
47 38 -54
47 40 77
47 42 -64
47 43 -17
47 44 -56
47 45 -95
47 46 -100
47 49 -36
47 50 -43
47 54 4
47 55 -42
47 57 85
47 58 99
47 60 -45
47 64 97
47 65 4
47 67 5
47 68 25
47 69 -68
47 71 -45
47 72 66
47 73 -84
47 75 60
47 78 -20
47 79 75
47 81 -15
47 82 -69
47 84 -30
47 85 -93
47 86 84
47 87 39
47 90 27
47 91 52
47 92 74
47 93 -84
47 94 -9
47 95 86
47 96 58
47 98 -4
47 99 -37
48 1 -94
48 2 -2
48 4 -16
48 6 -70
48 7 13
48 8 -29
48 9 -16
48 10 53
48 12 -40
48 13 -99
48 15 -74
48 18 -45
48 19 51
48 20 66
48 21 -45
48 22 19
48 23 33
48 24 51
48 27 85
48 29 7
48 31 -25
48 33 54
48 34 28
48 36 -56
48 38 -32
48 39 35
48 40 -84
48 42 -97
48 46 72
48 47 -8
48 49 67
48 50 -55
48 51 -34
48 52 -47
48 53 100
48 54 -77
48 57 -28
48 58 53
48 60 -65
48 61 -52
48 62 -100
48 63 47
48 64 -87
48 65 -45
48 66 98
48 67 44
48 69 -95
48 72 80
48 73 4
48 74 60
48 75 -85
48 76 82
48 77 94
48 78 -90
48 79 -69
48 80 -44
48 81 -64
48 83 90
48 84 -79
48 85 -59
48 86 -61
48 87 -62
48 88 -33
48 89 46
48 90 -79
48 91 58
48 94 -4
48 95 -70
48 96 -34
48 97 1
48 98 14
48 99 -46
49 1 -19
49 2 36
49 3 63
49 4 11
49 5 34
49 6 -69
49 9 40
49 11 15
49 12 31
49 13 51
49 15 72
49 16 43
49 18 -93
49 20 18
49 21 -77
49 22 -16
49 23 55
49 24 -39
49 26 43
49 28 -41
49 30 2
49 31 -4
49 36 42
49 38 -97
49 39 -67
49 41 -46
49 42 35
49 43 -81
49 44 84
49 45 79
49 46 -55
49 48 -26
49 49 56
49 51 -76
49 54 -95
49 55 7
49 56 29
49 57 43
49 58 89
49 59 -31
49 62 -55
49 63 20
49 64 -5
49 65 11
49 67 69
49 69 15
49 70 82
49 73 43
49 75 59
49 76 -76
49 78 -52
49 80 -57
49 81 -19
49 82 30
49 83 -51
49 84 -62
49 85 -93
49 86 75
49 87 87
49 92 -8
49 93 49
49 95 -8
49 96 54
49 97 30
49 99 -76
50 1 47
50 3 -46
50 4 27
50 5 -11
50 6 -41
50 8 43
50 9 57
50 10 95
50 11 -12
50 12 90
50 15 56
50 17 19
50 18 -27
50 19 -26
50 20 21
50 21 -57
50 22 69
50 26 12
50 27 64
50 28 44
50 30 -76
50 36 64
50 43 -99
50 44 -64
50 45 42
50 46 77
50 47 -61
50 48 55
50 49 47
50 50 43
50 51 9
50 52 -35
50 53 97
50 54 96
50 55 46
50 58 35
50 59 81
50 61 -88
50 62 81
50 63 41
50 64 87
50 67 38
50 68 -89
50 69 -40
50 70 16
50 72 28
50 73 54
50 74 39
50 75 -94
50 76 -33
50 78 61
50 79 65
50 81 9
50 82 -56
50 83 -27
50 85 47
50 86 -74
50 87 -17
50 89 49
50 90 -32
50 92 31
50 93 -16
50 94 97
50 95 59
50 96 95
50 97 35
50 98 -73
51 0 -21
51 3 4
51 4 68
51 5 -3
51 8 -93
51 9 -69
51 12 22
51 14 -62
51 15 -36
51 16 91
51 17 87
51 18 -81
51 19 -97
51 20 -20
51 23 -66
51 25 24
51 26 -23
51 28 53
51 29 -18
51 31 -46
51 33 15
51 34 -59
51 35 47
51 36 93
51 37 -83
51 38 -99
51 39 64
51 42 -25
51 44 -29
51 45 -48
51 46 -67
51 49 -48
51 50 -53
51 51 20
51 52 -8
51 54 -68
51 55 69
51 56 -84
51 57 28
51 60 75
51 62 -62
51 63 22
51 65 -66
51 69 81
51 70 -23
51 72 -32
51 74 39
51 75 -58
51 78 27
51 79 22
51 81 -65
51 83 -82
51 84 -93
51 85 -13
51 86 21
51 87 54
51 88 -3
51 89 67
51 90 -69
51 91 -32
51 93 -60
51 94 14
51 95 1
51 97 9
51 98 -30
52 0 -9
52 1 -69
52 3 22
52 4 -88
52 5 11
52 6 -90
52 10 -82
52 11 63
52 13 67
52 14 31
52 15 -83
52 16 3
52 17 58
52 18 77
52 19 -92
52 20 71
52 21 92
52 23 41
52 25 65
52 26 60
52 27 73
52 28 -82
52 29 73
52 30 19
52 31 -16
52 32 69
52 33 34
52 35 97
52 36 -57
52 40 6
52 41 -44
52 44 45
52 45 -82
52 46 -9
52 48 -79
52 50 52
52 51 -97
52 52 -100
52 53 -86
52 55 -8
52 58 -25
52 59 36
52 61 66
52 62 39
52 63 -65
52 64 56
52 65 -82
52 69 100
52 71 78
52 72 -30
52 74 87
52 76 68
52 78 92
52 79 -50
52 80 -36
52 81 77
52 82 99
52 84 65
52 86 61
52 88 -41
52 91 13
52 92 -81
52 93 -70
52 95 -26
52 98 -66
52 99 46
53 1 -55
53 2 -16
53 3 -8
53 4 -38
53 6 40
53 7 -97
53 9 75
53 10 100
53 11 -26
53 13 57
53 15 -54
53 16 -71
53 19 -16
53 20 51
53 23 44
53 24 -79
53 25 -9
53 26 -19
53 27 -8
53 29 -67
53 31 71
53 34 38
53 35 62
53 36 22
53 38 -85
53 40 -62
53 41 69
53 42 -48
53 43 81
53 44 77
53 46 -97
53 47 -90
53 48 42
53 49 -3
53 50 88
53 51 63
53 52 1
53 53 -86
53 55 -39
53 56 -18
53 57 -18
53 58 34
53 59 14
53 62 -13
53 63 -96
53 65 -44
53 66 -11
53 67 -100
53 71 77
53 72 -29
53 73 39
53 75 91
53 77 48
53 78 51
53 81 39
53 83 -4
53 84 49
53 85 83
53 86 -70
53 87 -53
53 88 90
53 90 -23
53 91 2
53 92 1
53 94 26
53 95 -12
53 96 -47
53 97 -62
53 99 -78
54 0 98
54 1 16
54 2 -37
54 3 -26
54 4 -94
54 5 -94
54 9 26
54 10 -6
54 11 -21
54 12 -43
54 13 82
54 14 -49
54 15 57
54 17 72
54 18 -62
54 19 -1
54 20 -13
54 22 -31
54 23 89
54 24 -13
54 25 33
54 26 -49
54 27 -56
54 28 79
54 29 38
54 30 49
54 31 100
54 32 60
54 33 -35
54 37 82
54 38 -64
54 39 -70
54 40 -42
54 41 -91
54 43 -21
54 44 -77
54 45 92
54 46 36
54 47 -22
54 49 60
54 50 -65
54 51 -88
54 53 -62
54 54 77
54 55 -55
54 56 57
54 57 -70
54 58 -14
54 59 -7
54 60 -1
54 61 -26
54 62 -51
54 63 66
54 64 -13
54 67 30
54 68 -46
54 70 -53
54 71 -24
54 72 -72
54 73 -78
54 74 -53
54 76 25
54 77 44
54 78 13
54 81 57
54 82 58
54 86 -56
54 88 -42
54 94 100
54 95 3
54 96 -41
54 98 -74
54 99 -24
55 0 -100
55 1 95
55 3 66
55 4 -78
55 5 13
55 7 -60
55 9 100
55 11 25
55 12 -27
55 13 32
55 16 -8
55 17 66
55 18 67
55 19 -100
55 20 -91
55 21 -79
55 22 81
55 23 8
55 24 -12
55 25 -63
55 26 -5
55 27 18
55 29 -50
55 30 89
55 31 -79
55 33 -39
55 34 -86
55 35 -86
55 37 -61
55 38 -98
55 39 -95
55 40 17
55 41 -86
55 42 -54
55 43 -79
55 44 11
55 45 6
55 46 35
55 47 -51
55 49 -36
55 51 -53
55 53 7
55 56 -80
55 57 -46
55 58 58
55 59 -49
55 60 96
55 61 65
55 62 -52
55 63 13
55 65 -41
55 66 41
55 67 66
55 70 94
55 71 -99
55 72 -50
55 73 -93
55 75 -87
55 80 -47
55 81 -16
55 83 -58
55 85 -76
55 86 -12
55 87 79
55 88 -37
55 90 86
55 91 69
55 92 -54
55 96 -72
55 97 6
56 0 79
56 1 -99
56 3 83
56 5 -55
56 6 -88
56 7 -69
56 8 29
56 9 37
56 10 -17
56 11 67
56 12 46
56 13 -32
56 14 -88
56 16 95
56 17 -29
56 18 88
56 19 87
56 20 5
56 22 97
56 23 -60
56 26 47
56 27 -12
56 28 -59
56 32 82
56 33 25
56 34 -58
56 35 22
56 36 -15
56 37 -45
56 38 -17
56 39 44
56 40 74
56 43 -61
56 44 -5
56 45 -83
56 47 30
56 48 64
56 50 -81
56 53 74
56 55 90
56 56 -79
56 58 5
56 59 -1
56 60 7
56 63 -7
56 64 -17
56 65 -1
56 67 64
56 69 -35
56 70 -64
56 71 69
56 75 12
56 76 47
56 77 7
56 78 36
56 79 93
56 81 33
56 83 -85
56 84 -61
56 85 13
56 86 -80
56 88 -47
56 90 76
56 92 -27
56 93 95
56 94 50
56 95 68
56 96 70
56 98 48
56 99 2
57 0 79
57 1 27
57 2 21
57 4 -88
57 5 50
57 6 -44
57 9 -62
57 11 40
57 13 -45
57 14 -14
57 16 83
57 19 1
57 20 45
57 21 -21
57 22 -81
57 23 20
57 24 -84
57 25 -62
57 26 31
57 27 75
57 28 10
57 29 -10
57 31 65
57 33 -91
57 34 95
57 35 -69
57 37 16
57 38 -81
57 39 -81
57 40 74
57 42 3
57 43 82
57 44 50
57 45 24
57 46 -43
57 47 53
57 48 49
57 49 -5
57 50 8
57 51 69
57 52 97
57 54 53
57 55 -84
57 59 -43
57 60 33
57 61 -100
57 64 13
57 65 -40
57 66 74
57 67 87
57 69 85
57 70 85
57 71 -53
57 72 -83
57 74 -49
57 75 -9
57 76 -45
57 78 -9
57 82 32
57 83 -83
57 84 -48
57 85 20
57 89 -63
57 90 -42
57 93 39
57 94 -62
57 97 -55
57 99 -95
58 0 56
58 1 83
58 3 -56
58 4 85
58 5 65
58 6 46
58 7 -91
58 8 20
58 9 -25
58 10 -16
58 12 48
58 13 63
58 15 -40
58 16 -14
58 17 100
58 19 49
58 21 -20
58 22 -67
58 23 -50
58 24 24
58 25 -69
58 26 100
58 28 24
58 30 54
58 31 -40
58 32 -87
58 33 -69
58 34 46
58 35 -35
58 37 -86
58 38 74
58 40 -44
58 41 -19
58 44 -83
58 45 88
58 46 46
58 47 -27
58 48 -92
58 49 -88
58 50 -38
58 51 53
58 52 58
58 53 42
58 55 -97
58 56 -39
58 57 53
58 60 -48
58 61 47
58 63 -6
58 64 75
58 65 -77
58 66 -38
58 67 -27
58 68 54
58 70 39
58 71 -9
58 72 -81
58 75 -25
58 76 96
58 77 55
58 78 17
58 80 -91
58 81 -48
58 82 14
58 86 33
58 88 -20
58 90 -93
58 92 -26
58 93 28
58 94 3
58 95 -31
58 97 79
58 98 -74
58 99 -97
59 0 56
59 1 -73
59 3 -83
59 5 1
59 6 74
59 7 -55
59 8 -10
59 9 -47
59 11 27
59 12 -53
59 13 54
59 16 -37
59 17 8
59 19 15
59 20 -51
59 21 7
59 22 -13
59 23 87
59 25 -77
59 26 -48
59 27 -95
59 28 -19
59 29 -90
59 30 -79
59 31 -44
59 32 20
59 34 -44
59 36 21
59 38 24
59 39 57
59 40 74
59 42 -59
59 44 -61
59 45 3
59 47 -10
59 48 -59
59 49 67
59 50 65
59 52 69
59 55 79
59 56 -63
59 58 -7
59 61 32
59 63 56
59 64 99
59 65 59
59 69 -86
59 71 94
59 72 -36
59 74 -66
59 75 71
59 76 -74
59 79 24
59 81 7
59 85 -86
59 87 -65
59 88 47
59 89 -79
59 91 -8
59 93 99
59 97 -6
59 98 -46
59 99 67
60 0 42
60 1 -86
60 2 -100
60 4 38
60 6 -33
60 7 29
60 8 3
60 9 68
60 10 -77
60 15 38
60 16 13
60 17 5
60 18 43
60 19 -38
60 20 -28
60 23 79
60 24 -97
60 25 -99
60 27 -64
60 28 -23
60 29 15
60 30 39
60 31 -2
60 32 47
60 33 54
60 35 -56
60 37 -60
60 38 65
60 40 -27
60 41 -12
60 42 -10
60 44 87
60 45 -11
60 46 68
60 48 50
60 50 -67
60 54 66
60 55 10
60 56 -28
60 58 -62
60 59 78
60 60 23
60 61 13
60 62 -19
60 64 -97
60 65 63
60 67 -26
60 68 -16
60 70 38
60 71 5
60 72 92
60 74 -48
60 75 -66
60 76 1
60 77 18
60 78 29
60 80 29
60 81 65
60 82 -89
60 83 -43
60 84 -20
60 87 -23
60 88 -96
60 89 44
60 90 73
60 91 15
60 93 43
60 94 78
60 95 32
60 96 59
60 97 83
60 98 63
60 99 70
61 0 -23
61 2 16
61 3 44
61 4 -85
61 6 -75
61 7 -47
61 8 -51
61 10 23
61 11 7
61 13 -81
61 14 -58
61 17 -79
61 18 93
61 19 -70
61 20 81
61 21 6
61 22 92
61 24 -60
61 28 86
61 31 -62
61 34 45
61 35 -86
61 37 -50
61 38 -91
61 39 -69
61 40 79
61 42 2
61 43 27
61 44 -36
61 45 -40
61 46 -84
61 49 -78
61 50 -29
61 51 48
61 52 70
61 53 -58
61 54 -84
61 55 -5
61 57 -6
61 58 28
61 59 -11
61 60 54
61 61 -2
61 62 -38
61 64 31
61 65 -15
61 66 -58
61 68 -82
61 69 -25
61 70 -97
61 72 -100
61 74 -33
61 75 -15
61 76 -91
61 78 97
61 79 73
61 80 -53
61 81 -90
61 83 -52
61 84 12
61 85 -73
61 86 68
61 87 -14
61 88 -53
61 90 -61
61 91 28
61 93 75
61 94 68
61 96 49
61 97 54
61 98 31
61 99 24
62 0 -17
62 2 -59
62 3 -2
62 4 -41
62 6 -44
62 8 -78
62 9 99
62 10 26
62 11 -40
62 12 86
62 14 86
62 15 22
62 16 -90
62 17 -57
62 18 85
62 20 76
62 21 42
62 24 -82
62 26 39
62 28 -43
62 29 -7
62 31 34
62 33 78
62 34 -21
62 35 -73
62 37 -68
62 38 73
62 39 -29
62 40 94
62 41 55
62 42 11
62 43 -2
62 44 7
62 46 -68
62 47 -54
62 48 -39
62 50 -81
62 51 -34
62 53 -35
62 54 -30
62 55 42
62 56 -56
62 57 -13
62 58 38
62 59 61
62 60 70
62 65 -15
62 66 -32
62 67 -89
62 68 -8
62 69 -17
62 70 48
62 72 -81
62 75 74
62 76 100
62 77 -39
62 78 -43
62 81 -85
62 82 -20
62 86 89
62 87 -44
62 89 79
62 91 11
62 92 -16
62 94 -59
62 95 41
62 96 22
62 97 30
63 0 3
63 2 -72
63 3 -38
63 4 -76
63 5 -90
63 7 16
63 8 -57
63 9 94
63 12 -7
63 13 -6
63 14 -27
63 16 68
63 17 -15
63 18 -88
63 20 8
63 21 -34
63 23 -48
63 24 64
63 25 14
63 26 -37
63 27 79
63 28 98
63 29 -16
63 31 54
63 32 94
63 34 -89
63 35 -46
63 36 68
63 37 -11
63 38 23
63 39 94
63 41 -11
63 42 17
63 43 -24
63 44 82
63 45 56
63 48 -51
63 49 48
63 50 8
63 52 83
63 53 -19
63 54 -65
63 56 11
63 58 -59
63 59 -8
63 60 58
63 61 89
63 62 69
63 63 63
63 64 83
63 68 2
63 69 -8
63 71 10
63 72 33
63 73 33
63 75 -3
63 76 -14
63 78 71
63 79 60
63 82 39
63 86 -79
63 88 64
63 89 -58
63 90 7
63 91 24
63 93 -80
63 94 -67
63 95 -76
63 97 -93
63 98 -38
64 1 48
64 2 37
64 3 2
64 4 -21
64 5 -64
64 6 -74
64 7 34
64 10 -9
64 13 -98
64 14 -93
64 15 97
64 16 -80
64 17 93
64 18 94
64 23 -24
64 25 -6
64 27 -37
64 29 18
64 30 26
64 31 -20
64 32 -100
64 34 73
64 35 23
64 37 -1
64 38 -34
64 39 5
64 40 -81
64 41 95
64 42 -60
64 44 87
64 45 -32
64 47 -40
64 48 23
64 51 73
64 53 -52
64 54 17
64 55 49
64 56 -49
64 57 -36
64 60 -96
64 61 -95
64 62 -24
64 63 -49
64 64 -35
64 68 -10
64 69 -49
64 70 49
64 72 8
64 73 -41
64 74 -16
64 75 -14
64 76 72
64 77 -43
64 78 40
64 79 -68
64 81 -20
64 82 -87
64 83 85
64 85 -78
64 86 -1
64 88 66
64 89 -18
64 90 96
64 92 -14
64 93 9
64 94 -99
64 96 59
64 98 -12
65 0 90
65 1 -15
65 2 -65
65 3 -3
65 6 75
65 8 -2
65 12 67
65 14 10
65 15 86
65 16 79
65 17 64
65 18 -25
65 19 65
65 20 1
65 21 -32
65 22 -39
65 23 -43
65 24 -3
65 25 65
65 26 99
65 28 16
65 29 21
65 30 97
65 31 -24
65 32 -34
65 33 -2
65 34 1
65 36 -43
65 38 -45
65 40 -44
65 41 48
65 42 -32
65 44 50
65 46 87
65 48 56
65 51 35
65 52 83
65 54 54
65 55 -77
65 56 -44
65 57 -35
65 58 -13
65 59 -43
65 61 -36
65 62 -40
65 64 -30
65 67 -95
65 68 -34
65 69 75
65 70 -14
65 74 -80
65 75 -76
65 76 -2
65 77 70
65 78 -49
65 79 35
65 80 82
65 81 52
65 82 -32
65 83 43
65 85 -10
65 86 -63
65 87 -58
65 89 -90
65 90 49
65 91 -54
65 92 -89
65 93 -22
65 94 97
65 95 98
65 96 -83
65 97 -31
65 98 -13
65 99 98
66 0 -17
66 1 -70
66 2 -72
66 3 49
66 4 14
66 5 -69
66 6 -84
66 8 -66
66 10 49
66 11 -88
66 14 36
66 15 72
66 17 -81
66 18 62
66 19 77
66 20 -36
66 21 -3
66 22 44
66 23 73
66 24 47
66 26 -63
66 28 13
66 30 -67
66 32 -79
66 33 -69
66 34 29
66 35 -63
66 36 -79
66 37 43
66 38 97
66 39 -78
66 41 -85
66 42 82
66 46 -97
66 47 89
66 50 -97
66 53 67
66 54 -72
66 57 -16
66 58 73
66 59 88
66 60 58
66 64 83
66 65 1
66 66 -82
66 68 -48
66 69 57
66 72 92
66 73 -8
66 74 -16
66 75 29
66 76 14
66 77 -53
66 78 -22
66 79 -8
66 81 -70
66 82 -91
66 83 81
66 84 -4
66 87 18
66 88 -31
66 89 81
66 90 -17
66 96 34
66 97 26
67 0 -79
67 1 83
67 2 14
67 5 -75
67 6 64
67 7 95
67 9 18
67 10 59
67 11 -68
67 12 79
67 13 10
67 14 -84
67 15 -13
67 16 43
67 17 88
67 18 -58
67 20 95
67 21 59
67 22 66
67 23 -6
67 24 16
67 26 -97
67 27 -43
67 29 -76
67 32 71
67 35 -63
67 36 -40
67 39 63
67 40 -22
67 42 45
67 43 -77
67 44 49
67 46 62
67 47 17
67 48 -51
67 49 -91
67 51 -78
67 52 86
67 53 21
67 55 -3
67 56 26
67 57 -69
67 58 14
67 59 28
67 62 -92
67 64 3
67 65 -30
67 67 -58
67 68 12
67 69 28
67 74 -89
67 76 -5
67 77 64
67 78 -78
67 79 -63
67 80 -98
67 83 -72
67 85 78
67 86 31
67 87 -65
67 88 70
67 89 -26
67 93 52
67 94 -22
67 95 69
67 96 -29
67 97 -12
67 99 81
68 0 62
68 1 29
68 2 61
68 5 -32
68 6 39
68 10 32
68 12 23
68 16 74
68 18 66
68 19 24
68 21 -1
68 22 -34
68 23 50
68 24 -34
68 26 -75
68 27 11
68 29 18
68 30 -47
68 32 -12
68 33 89
68 34 -51
68 36 -23
68 37 15
68 38 87
68 39 -27
68 40 100
68 41 -72
68 42 -59
68 43 30
68 44 -2
68 45 -92
68 46 -7
68 48 -38
68 49 46
68 50 -83
68 52 85
68 53 -9
68 54 24
68 55 -51
68 56 36
68 57 -18
68 58 -19
68 61 -89
68 62 92
68 63 -93
68 64 17
68 66 -79
68 67 69
68 68 47
68 70 25
68 71 81
68 73 47
68 74 45
68 75 27
68 77 -38
68 79 -40
68 80 15
68 81 92
68 82 94
68 85 -35
68 87 14
68 88 -9
68 89 -88
68 90 -36
68 91 71
68 92 -44
68 93 -13
68 94 -12
68 95 12
68 99 52
69 1 35
69 2 58
69 4 -56
69 5 -41
69 6 60
69 7 28
69 8 -41
69 9 72
69 11 -6
69 12 55
69 13 94
69 14 51
69 15 84
69 17 -87
69 18 -56
69 20 -67
69 22 -6
69 23 -25
69 24 -9
69 27 84
69 28 -8
69 32 99
69 35 -83
69 36 100
69 38 24
69 39 -98
69 40 98
69 41 96
69 42 59
69 43 -26
69 44 83
69 45 93
69 48 -41
69 49 -58
69 50 46
69 51 -16
69 52 88
69 53 26
69 55 50
69 57 93
69 58 -78
69 59 -36
69 60 59
69 61 -51
69 62 -75
69 63 75
69 64 87
69 65 86
69 66 47
69 67 -21
69 68 -29
69 69 62
69 70 -48
69 71 15
69 72 51
69 74 40
69 75 90
69 76 28
69 77 -77
69 79 61
69 80 26
69 81 62
69 82 45
69 85 -96
69 90 63
69 92 -57
69 94 -56
69 95 -9
69 96 -2
69 97 -89
69 98 -38
70 0 71
70 2 -44
70 3 -34
70 5 43
70 7 -92
70 8 71
70 9 49
70 10 27
70 11 73
70 12 -82
70 13 99
70 14 5
70 15 -64
70 16 -7
70 17 14
70 18 4
70 19 -40
70 20 -12
70 21 34
70 23 -29
70 24 11
70 25 44
70 26 -58
70 28 40
70 29 -80
70 30 82
70 32 80
70 33 37
70 34 67
70 35 37
70 37 31
70 39 24
70 42 -37
70 43 7
70 44 -11
70 45 -35
70 46 -43
70 49 -64
70 50 -35
70 51 -41
70 53 80
70 54 68
70 55 -79
70 57 14
70 62 3
70 63 -8
70 64 2
70 65 92
70 66 54
70 67 -72
70 68 -99
70 70 -59
70 71 84
70 73 -11
70 75 96
70 78 61
70 79 -70
70 80 -24
70 81 33
70 82 69
70 83 -43
70 84 82
70 85 -62
70 86 92
70 87 79
70 89 52
70 90 61
70 91 38
70 92 -80
70 93 9
70 96 -42
70 97 1
70 98 -41
71 2 85
71 3 65
71 5 64
71 6 8
71 8 -66
71 9 -65
71 11 70
71 13 -55
71 14 -90
71 16 -13
71 18 13
71 19 -18
71 20 11
71 21 -88
71 23 -96
71 24 52
71 25 -9
71 28 67
71 30 -86
71 31 91
71 32 -63
71 33 63
71 34 9
71 35 99
71 36 63
71 38 14
71 39 49
71 43 -64
71 44 -21
71 46 -24
71 47 -78
71 48 -30
71 49 -75
71 50 -74
71 52 86
71 53 -21
71 54 19
71 56 -49
71 57 -35
71 58 -68
71 59 -91
71 61 -19
71 62 71
71 63 65
71 64 25
71 65 -74
71 67 -40
71 68 -66
71 69 95
71 70 13
71 71 -56
71 72 43
71 74 -8
71 76 -97
71 77 -45
71 78 24
71 79 -23
71 80 -92
71 81 -66
71 82 43
71 83 -37
71 84 -44
71 85 -56
71 86 80
71 87 1
71 89 99
71 90 -46
71 91 9
71 93 50
71 97 27
71 98 41
71 99 -26
72 3 -22
72 4 4
72 5 -94
72 6 -37
72 10 -1
72 11 49
72 12 -9
72 13 -75
72 14 87
72 15 -13
72 16 71
72 17 75
72 19 59
72 21 -84
72 22 -6
72 23 21
72 24 70
72 25 -85
72 26 -66
72 27 22
72 29 -65
72 30 -70
72 31 -40
72 33 9
72 34 28
72 35 30
72 36 40
72 37 79
72 39 -90
72 40 99
72 42 32
72 43 79
72 44 47
72 46 -65
72 51 -21
72 52 -17
72 54 -16
72 55 9
72 56 -76
72 57 9
72 61 -62
72 62 -30
72 65 46
72 67 -29
72 69 -16
72 70 -36
72 72 11
72 73 -22
72 78 -8
72 79 -45
72 80 93
72 81 -43
72 83 96
72 84 -15
72 85 -25
72 86 18
72 87 92
72 88 -70
72 89 20
72 91 28
72 96 -9
72 97 -91
72 98 72
72 99 31
73 2 82
73 3 -41
73 5 -73
73 6 -60
73 7 85
73 8 6
73 11 83
73 13 37
73 15 -87
73 16 -40
73 17 29
73 18 -4
73 21 -97
73 23 -2
73 24 45
73 25 66
73 30 67
73 31 -60
73 32 5
73 35 -51
73 36 -19
73 37 57
73 38 -5
73 40 -79
73 42 32
73 43 -64
73 45 -59
73 46 34
73 47 5
73 48 -12
73 49 75
73 52 16
73 54 -8
73 55 7
73 59 -30
73 60 47
73 63 40
73 64 -95
73 65 56
73 66 -51
73 67 95
73 68 -56
73 69 -49
73 71 -18
73 73 -94
73 75 1
73 76 45
73 78 43
73 79 -87
73 86 72
73 87 -44
73 89 22
73 90 70
73 91 -80
73 96 75
73 97 74
73 98 -38
73 99 14
74 0 75
74 1 13
74 2 6
74 3 -20
74 7 -47
74 8 -100
74 10 27
74 14 -60
74 15 -55
74 16 20
74 17 78
74 21 -61
74 23 -40
74 24 81
74 25 -38
74 26 -61
74 27 -56
74 28 -47
74 29 -86
74 32 -74
74 33 -74
74 34 17
74 35 -6
74 36 -2
74 37 -27
74 38 -41
74 39 -56
74 40 -21
74 44 52
74 45 26
74 46 10
74 47 74
74 48 -56
74 50 -32
74 51 43
74 52 76
74 53 96
74 54 -37
74 55 54
74 56 6
74 57 72
74 59 -42
74 60 -39
74 63 -46
74 66 -14
74 67 70
74 68 73
74 69 63
74 70 7
74 71 71
74 72 37
74 74 38
74 76 40
74 77 78
74 78 30
74 80 -75
74 81 37
74 83 24
74 84 82
74 85 43
74 86 4
74 88 94
74 89 5
74 90 28
74 91 -70
74 94 97
74 95 74
74 96 40
74 98 28
74 99 -46
75 1 -100
75 2 31
75 3 -62
75 4 93
75 6 -28
75 7 8
75 8 1
75 9 56
75 10 -36
75 11 43
75 13 -9
75 14 45
75 16 51
75 17 66
75 18 -50
75 19 86
75 20 -41
75 22 87
75 23 -83
75 24 -95
75 25 -33
75 27 1
75 29 13
75 30 73
75 31 -43
75 32 -31
75 33 51
75 34 7
75 37 40
75 40 -33
75 41 76
75 42 -85
75 43 80
75 44 -1
75 45 63
75 47 -92
75 48 -51
75 51 11
75 55 -24
75 57 45
75 58 -20
75 60 88
75 61 91
75 63 50
75 64 -1
75 67 58
75 68 3
75 70 -81
75 71 -32
75 73 17
75 74 -35
75 75 -8
75 76 -20
75 79 18
75 80 59
75 81 67
75 82 -14
75 83 -18
75 84 -78
75 85 -88
75 86 -59
75 87 -89
75 88 -5
75 90 33
75 91 72
75 92 -27
75 93 62
75 94 -37
75 96 49
75 97 4
75 98 2
76 0 -37
76 1 -60
76 2 95
76 4 -84
76 5 -91
76 6 -25
76 11 -44
76 13 -81
76 15 23
76 16 26
76 17 -52
76 18 -13
76 21 -57
76 22 34
76 23 -58
76 26 -18
76 27 66
76 28 10
76 30 3
76 31 -58
76 33 8
76 34 -87
76 36 -32
76 39 8
76 40 89
76 41 -60
76 42 18
76 46 48
76 47 -62
76 48 64
76 49 85
76 50 10
76 51 -3
76 54 -51
76 56 -65
76 57 24
76 59 32
76 62 50
76 63 49
76 64 -59
76 66 -87
76 67 -42
76 68 -64
76 69 52
76 70 -70
76 71 -42
76 73 -96
76 75 9
76 76 100
76 77 -74
76 78 5
76 79 -22
76 81 7
76 82 59
76 85 -18
76 86 30
76 89 57
76 90 78
76 91 -9
76 92 16
76 94 80
76 95 -31
76 96 100
76 98 -72
76 99 31
77 1 -3
77 3 87
77 4 49
77 5 7
77 7 -82
77 8 36
77 9 -74
77 10 100
77 11 -81
77 14 -70
77 15 53
77 16 63
77 17 -14
77 18 13
77 19 -21
77 20 70
77 23 41
77 24 -42
77 25 -42
77 26 53
77 27 -3
77 28 -57
77 30 -40
77 31 22
77 33 -56
77 34 25
77 35 53
77 37 63
77 38 -13
77 39 77
77 41 -61
77 42 -97
77 43 -47
77 45 -62
77 46 -29
77 47 71
77 48 57
77 49 -15
77 50 33
77 51 -43
77 54 -56
77 55 88
77 56 48
77 58 -28
77 59 21
77 60 38
77 63 -83
77 64 3
77 65 100
77 67 -73
77 69 17
77 70 11
77 71 4
77 72 -87
77 73 -86
77 74 52
77 75 -79
77 77 15
77 78 6
77 79 24
77 81 52
77 83 96
77 84 71
77 85 -66
77 86 20
77 88 49
77 89 -88
77 90 26
77 91 -5
77 94 21
77 95 -34
77 96 66
77 97 -18
77 99 -99
78 0 -14
78 1 31
78 6 3
78 7 87
78 8 48
78 9 -92
78 10 -23
78 11 36
78 13 -31
78 14 25
78 16 6
78 17 -10
78 18 -23
78 19 -55
78 21 20
78 22 92
78 23 -11
78 24 52
78 25 54
78 26 56
78 27 -15
78 28 -63
78 29 -11
78 30 64
78 33 3
78 35 -55
78 36 60
78 39 -77
78 42 -57
78 43 22
78 44 24
78 45 1
78 46 38
78 47 -18
78 49 -34
78 50 18
78 52 51
78 54 -17
78 56 55
78 57 91
78 58 78
78 59 77
78 61 18
78 63 1
78 64 49
78 65 -88
78 67 -72
78 68 -20
78 69 -53
78 70 26
78 72 76
78 73 -35
78 74 42
78 76 -8
78 77 -92
78 78 41
78 80 -61
78 82 -11
78 83 56
78 88 -27
78 89 -56
78 90 -92
78 91 -18
78 93 -39
78 94 -47
78 97 72
79 1 -54
79 2 -13
79 3 -39
79 4 -16
79 7 60
79 10 51
79 12 2
79 13 -81
79 15 -49
79 16 -9
79 17 79
79 19 -80
79 20 84
79 21 65
79 23 -66
79 24 100
79 25 41
79 26 24
79 30 -34
79 31 -18
79 33 -47
79 35 -68
79 38 2
79 39 39
79 40 -100
79 43 -71
79 44 -56
79 45 -50
79 46 -81
79 47 -53
79 49 13
79 50 -2
79 51 27
79 54 67
79 56 98
79 57 100
79 58 92
79 59 46
79 61 37
79 62 54
79 63 -78
79 64 86
79 65 -69
79 66 42
79 67 -89
79 68 -67
79 69 74
79 70 31
79 71 91
79 74 72
79 76 49
79 78 46
79 79 -61
79 80 -95
79 81 62
79 82 -78
79 83 -54
79 84 55
79 85 39
79 86 -53
79 90 -96
79 93 -67
79 94 -70
79 95 39
79 96 -89
79 97 90
79 98 75
80 0 53
80 1 61
80 4 41
80 5 81
80 6 -88
80 7 37
80 9 -37
80 11 6
80 12 77
80 13 -84
80 14 -23
80 15 -31
80 16 52
80 19 -55
80 20 100
80 21 84
80 26 57
80 27 -29
80 28 3
80 29 -75
80 34 -21
80 35 -44
80 36 63
80 37 -86
80 38 -7
80 39 60
80 40 -30
80 43 -72
80 44 -40
80 45 96
80 46 -94
80 47 68
80 48 92
80 49 13
80 50 -81
80 52 10
80 53 -5
80 54 -7
80 55 -79
80 56 -72
80 58 -52
80 60 -60
80 62 -51
80 63 -94
80 64 -57
80 67 -98
80 68 54
80 69 -20
80 71 -7
80 72 29
80 73 26
80 74 -58
80 75 35
80 77 21
80 78 -93
80 80 73
80 83 64
80 85 -13
80 86 38
80 88 -23
80 92 67
80 93 -4
80 94 66
80 97 -47
80 98 66
80 99 -39
81 0 27
81 1 44
81 3 65
81 4 80
81 5 38
81 7 -97
81 8 39
81 9 -48
81 10 2
81 11 -91
81 13 -53
81 14 52
81 15 64
81 16 -100
81 17 34
81 18 -29
81 19 -8
81 20 -56
81 21 43
81 23 34
81 25 -61
81 26 -47
81 27 11
81 30 -95
81 31 60
81 33 -52
81 34 -3
81 35 57
81 36 45
81 37 37
81 39 -25
81 41 24
81 42 -90
81 43 97
81 47 67
81 49 41
81 50 40
81 53 -100
81 54 11
81 55 86
81 56 94
81 57 -96
81 58 11
81 59 9
81 60 6
81 61 -69
81 62 -99
81 63 -7
81 64 42
81 65 85
81 66 67
81 67 -67
81 68 -26
81 69 -61
81 70 61
81 71 -61
81 72 66
81 73 -83
81 74 66
81 75 5
81 77 48
81 78 -84
81 82 -7
81 84 94
81 85 78
81 88 -57
81 89 4
81 90 -37
81 92 35
81 94 31
81 95 -2
81 96 -19
81 97 -63
81 98 26
82 0 -27
82 1 65
82 2 17
82 3 -65
82 4 50
82 5 7
82 6 68
82 7 16
82 9 -31
82 10 19
82 13 98
82 15 -65
82 16 97
82 17 58
82 18 32
82 20 -66
82 22 -13
82 23 -66
82 25 62
82 27 -100
82 29 -95
82 30 -36
82 31 -79
82 32 -39
82 33 88
82 34 -100
82 36 36
82 37 71
82 38 -68
82 39 71
82 40 -47
82 41 -62
82 42 45
82 46 7
82 47 67
82 49 56
82 50 -7
82 51 -25
82 52 -90
82 53 -48
82 61 -8
82 62 -15
82 64 -90
82 65 -5
82 66 -32
82 67 -93
82 68 -17
82 70 56
82 71 9
82 73 -7
82 74 52
82 76 -63
82 77 -63
82 79 -65
82 80 17
82 81 -1
82 82 -34
82 84 -45
82 85 -48
82 87 -67
82 88 -31
82 90 -14
82 91 38
82 92 -19
82 96 66
82 97 -2
82 99 10
83 0 54
83 1 -100
83 3 86
83 4 79
83 5 22
83 6 84
83 8 -55
83 9 -37
83 12 -87
83 14 60
83 15 -83
83 16 -65
83 17 -61
83 18 31
83 19 51
83 22 1
83 23 -32
83 24 -69
83 25 57
83 27 -80
83 28 24
83 30 -48
83 31 -89
83 32 -82
83 34 -95
83 35 -59
83 36 70
83 37 -100
83 39 53
83 40 68
83 42 -86
83 46 -26
83 48 -43
83 49 -62
83 51 58
83 52 -78
83 57 -29
83 58 84
83 60 14
83 61 -14
83 62 -49
83 63 69
83 64 -64
83 65 -8
83 66 67
83 67 40
83 69 60
83 70 19
83 74 -16
83 75 -57
83 76 -33
83 77 -43
83 78 -10
83 80 26
83 81 40
83 82 -11
83 83 13
83 84 19
83 85 64
83 86 -1
83 87 44
83 89 -66
83 90 -20
83 93 29
83 94 -49
83 95 -92
83 96 -74
83 98 26
83 99 59
84 1 -7
84 2 -98
84 4 57
84 5 52
84 8 65
84 12 80
84 14 -70
84 15 91
84 16 -90
84 17 57
84 18 -58
84 19 59
84 21 -19
84 25 -90
84 26 24
84 27 -72
84 28 82
84 29 -63
84 30 36
84 31 -30
84 34 43
84 35 -12
84 36 84
84 38 46
84 41 -52
84 44 -13
84 45 89
84 46 31
84 47 90
84 48 63
84 50 -39
84 51 87
84 52 90
84 55 82
84 56 -47
84 57 -70
84 58 -89
84 61 47
84 62 68
84 63 59
84 64 81
84 65 99
84 76 60
84 77 -69
84 78 52
84 80 98
84 81 -1
84 82 63
84 83 -58
84 84 6
84 85 65
84 86 73
84 87 23
84 88 69
84 89 29
84 90 -92
84 91 -26
84 93 30
84 94 41
84 96 -75
84 97 -21
84 98 25
84 99 54
85 0 -83
85 2 60
85 5 -53
85 6 50
85 7 -33
85 10 34
85 12 -19
85 13 42
85 14 85
85 15 -3
85 16 -3
85 17 -89
85 19 -75
85 20 6
85 21 2
85 23 75
85 27 77
85 28 -57
85 29 -26
85 31 -84
85 32 -87
85 36 -67
85 37 31
85 38 5
85 39 -27
85 42 94
85 43 16
85 44 -41
85 45 -7
85 46 -67
85 48 -28
85 49 37
85 52 -36
85 53 2
85 54 -45
85 55 35
85 56 -99
85 57 -60
85 58 -87
85 59 44
85 60 -47
85 61 18
85 63 -65
85 65 -23
85 66 6
85 67 -29
85 69 8
85 72 -13
85 74 65
85 75 17
85 76 -51
85 77 11
85 78 70
85 80 39
85 81 -7
85 82 100
85 84 64
85 85 29
85 86 -49
85 87 14
85 89 -54
85 91 25
85 92 -89
85 93 28
85 94 9
85 96 -6
85 97 -92
85 98 -71
85 99 -55
86 3 -22
86 4 66
86 5 -62
86 6 -29
86 8 40
86 9 12
86 10 47
86 12 -92
86 13 -95
86 16 78
86 17 44
86 18 71
86 19 34
86 20 68
86 21 -5
86 22 28
86 23 88
86 24 14
86 25 -57
86 26 18
86 27 -57
86 28 16
86 29 -28
86 30 -41
86 32 -85
86 33 -43
86 34 8
86 35 -32
86 36 37
86 37 76
86 38 -38
86 40 -91
86 41 -10
86 42 -44
86 44 32
86 45 -85
86 46 -30
86 47 -83
86 48 -91
86 49 -50
86 50 49
86 52 -88
86 53 35
86 57 -8
86 59 -99
86 61 -37
86 62 -99
86 63 23
86 65 -70
86 67 -95
86 69 -63
86 70 69
86 72 33
86 73 -13
86 76 -57
86 78 53
86 79 41
86 80 81
86 82 -39
86 85 77
86 86 96
86 87 -98
86 88 -16
86 89 6
86 90 -23
86 91 -74
86 92 95
86 93 -72
86 94 95
86 96 -11
86 98 75
86 99 -24
87 0 -3
87 1 43
87 2 -100
87 3 -63
87 5 -81
87 6 -41
87 7 55
87 9 74
87 12 -19
87 13 -22
87 14 98
87 15 -52
87 16 21
87 18 71
87 19 44
87 21 54
87 25 -1
87 26 36
87 28 -97
87 30 -92
87 31 73
87 33 -62
87 35 69
87 36 27
87 37 23
87 38 98
87 39 -86
87 42 -71
87 43 100
87 44 54
87 46 23
87 47 61
87 48 92
87 49 44
87 50 -31
87 52 90
87 53 32
87 54 -42
87 55 97
87 56 -77
87 57 85
87 58 43
87 59 -23
87 60 -100
87 61 -46
87 62 26
87 64 -16
87 66 -87
87 67 86
87 68 27
87 69 -84
87 71 -96
87 74 14
87 75 48
87 77 -57
87 78 -32
87 79 -84
87 80 20
87 81 -81
87 82 -11
87 84 85
87 85 -42
87 88 68
87 89 100
87 91 5
87 92 -46
87 93 -75
87 96 -55
87 97 28
87 98 -68
88 0 47
88 2 63
88 4 -36
88 5 98
88 6 20
88 8 -33
88 9 -73
88 10 -44
88 11 91
88 12 24
88 13 -1
88 14 14
88 15 -61
88 18 83
88 19 66
88 20 -75
88 22 94
88 24 79
88 25 -8
88 26 -74
88 27 -63
88 28 58
88 29 27
88 30 68
88 31 -87
88 34 -100
88 35 6
88 36 -17
88 37 -60
88 38 -68
88 39 65
88 42 -87
88 43 -18
88 45 23
88 46 57
88 47 -33
88 48 35
88 50 9
88 51 -50
88 52 -34
88 54 -15
88 55 -97
88 56 -73
88 57 25
88 58 47
88 59 -71
88 60 -43
88 62 -89
88 63 -73
88 64 -13
88 65 -86
88 66 49
88 67 -4
88 68 81
88 69 -60
88 70 76
88 71 33
88 72 59
88 73 -87
88 77 77
88 79 32
88 81 92
88 84 -60
88 90 62
88 91 -38
88 94 -17
88 95 76
88 96 -34
88 99 16
89 1 92
89 2 -67
89 3 71
89 5 94
89 6 -85
89 7 55
89 8 -84
89 11 -59
89 12 17
89 13 -97
89 16 89
89 17 -50
89 18 31
89 19 -97
89 20 -15
89 22 -70
89 23 -99
89 24 -3
89 28 -30
89 29 53
89 30 -66
89 31 -39
89 32 9
89 33 -45
89 34 9
89 35 60
89 36 9
89 37 -11
89 38 77
89 39 42
89 40 40
89 41 22
89 42 -61
89 43 -16
89 45 -95
89 46 -10
89 48 95
89 49 78
89 50 2
89 51 72
89 53 50
89 55 -80
89 56 -65
89 57 -31
89 58 -29
89 59 89
89 60 -66
89 61 7
89 62 15
89 63 -78
89 64 -8
89 66 -42
89 68 54
89 69 -85
89 70 10
89 71 -22
89 72 -4
89 74 90
89 77 8
89 80 42
89 81 -79
89 82 -32
89 83 32
89 84 -85
89 85 98
89 86 -1
89 87 -62
89 91 -15
89 92 59
89 93 10
89 95 28
89 98 41
89 99 11
90 1 -3
90 2 25
90 3 -54
90 4 14
90 5 7
90 7 10
90 8 76
90 9 100
90 10 -75
90 11 -52
90 12 79
90 13 86
90 15 -57
90 16 2
90 17 81
90 18 -86
90 19 -66
90 20 17
90 21 -31
90 22 -34
90 23 100
90 24 -14
90 25 82
90 26 18
90 27 -16
90 29 77
90 31 -50
90 33 -70
90 35 16
90 37 45
90 38 -9
90 39 45
90 40 -97
90 42 -64
90 44 -91
90 45 -94
90 46 -3
90 47 -57
90 48 -83
90 49 -55
90 50 -16
90 52 -97
90 53 1
90 54 86
90 55 -68
90 58 26
90 59 -88
90 60 -46
90 61 77
90 62 84
90 63 -81
90 68 -98
90 69 50
90 70 -92
90 71 -18
90 75 -42
90 77 59
90 80 22
90 81 47
90 82 -79
90 83 -44
90 84 -55
90 85 16
90 87 60
90 88 -6
90 89 -80
90 91 93
90 92 -50
90 93 -76
90 94 93
90 97 84
90 99 -39
91 0 -32
91 2 59
91 4 80
91 5 85
91 6 -70
91 7 -66
91 10 99
91 12 21
91 13 -90
91 14 18
91 18 88
91 19 90
91 20 -2
91 22 49
91 23 81
91 24 99
91 25 80
91 28 71
91 29 74
91 31 27
91 32 -92
91 34 -86
91 35 -29
91 36 -30
91 37 -42
91 39 -35
91 40 81
91 41 3
91 42 -59
91 45 36
91 46 7
91 47 -95
91 48 47
91 49 -51
91 50 -5
91 51 -82
91 53 -64
91 54 19
91 56 -17
91 57 -66
91 58 -42
91 60 57
91 61 76
91 64 -58
91 65 -8
91 66 -39
91 68 -89
91 69 -37
91 70 71
91 72 -36
91 73 -55
91 74 93
91 75 51
91 76 -45
91 77 62
91 79 23
91 80 27
91 81 -53
91 82 -49
91 83 -29
91 84 55
91 87 -24
91 89 -22
91 90 -15
91 91 91
91 92 -98
91 93 7
91 94 -89
91 95 -30
91 96 17
91 97 -10
91 98 -40
91 99 -20
92 3 38
92 4 -52
92 7 52
92 9 28
92 10 -99
92 11 -71
92 13 23
92 14 -94
92 17 81
92 19 8
92 20 52
92 22 -43
92 24 93
92 25 -89
92 27 -45
92 28 -97
92 29 99
92 30 -97
92 31 -18
92 32 4
92 33 -29
92 34 -90
92 35 52
92 36 97
92 38 -97
92 39 86
92 41 -37
92 42 -63
92 44 76
92 45 10
92 48 18
92 49 70
92 51 65
92 52 77
92 53 65
92 55 31
92 56 -63
92 57 -29
92 59 -73
92 60 -68
92 61 82
92 62 100
92 64 -42
92 65 -45
92 66 84
92 67 -81
92 69 45
92 72 61
92 73 15
92 75 60
92 76 89
92 77 2
92 79 75
92 81 52
92 82 -24
92 84 -6
92 85 -67
92 87 -92
92 88 63
92 90 -47
92 92 -52
92 93 -24
92 94 -18
92 95 -95
92 96 -62
92 97 7
92 99 18
93 1 6
93 2 -36
93 3 -96
93 5 91
93 7 -87
93 8 -74
93 9 -72
93 10 38
93 12 -77
93 13 -30
93 14 64
93 16 54
93 17 92
93 18 29
93 19 5
93 20 -25
93 21 -2
93 23 43
93 24 74
93 27 59
93 28 -51
93 29 -39
93 30 -95
93 32 -12
93 33 68
93 34 -49
93 35 -17
93 38 40
93 40 -35
93 41 -2
93 46 -73
93 47 -84
93 48 -49
93 49 -76
93 50 53
93 51 -88
93 52 20
93 53 -19
93 54 8
93 56 -80
93 57 23
93 61 -98
93 62 16
93 63 3
93 65 -40
93 67 11
93 68 -68
93 71 -28
93 72 -64
93 73 -45
93 74 -23
93 75 -74
93 79 -64
93 81 58
93 82 -68
93 83 98
93 84 -76
93 85 -10
93 88 -68
93 89 80
93 90 68
93 91 -97
93 92 -74
93 93 -53
93 94 -43
93 95 60
93 96 48
93 97 89
93 98 -21
93 99 -5
94 0 -13
94 1 70
94 2 17
94 3 -44
94 4 -26
94 6 -59
94 7 -28
94 8 88
94 9 -80
94 10 70
94 11 84
94 12 -46
94 13 -20
94 15 51
94 16 97
94 17 -72
94 18 60
94 19 -41
94 20 -54
94 21 -86
94 22 -4
94 24 -52
94 25 -75
94 28 72
94 29 15
94 31 95
94 32 -99
94 35 -3
94 36 53
94 37 -53
94 38 23
94 39 51
94 40 92
94 41 -92
94 42 36
94 43 57
94 44 -75
94 45 -21
94 47 -28
94 48 51
94 49 94
94 50 15
94 51 90
94 54 51
94 55 2
94 57 55
94 58 -4
94 59 51
94 60 -89
94 62 36
94 63 63
94 65 84
94 68 52
94 69 -83
94 71 88
94 72 58
94 73 3
94 74 -18
94 76 -61
94 78 44
94 79 29
94 80 -100
94 81 26
94 83 -80
94 84 -68
94 85 20
94 87 -45
94 88 -61
94 89 37
94 90 54
94 92 10
94 93 35
94 94 -75
94 95 14
94 97 61
94 98 69
94 99 67
95 0 -83
95 1 87
95 2 27
95 3 -32
95 6 -3
95 7 -70
95 9 -2
95 11 -34
95 12 -27
95 14 -2
95 16 -56
95 17 -77
95 18 10
95 19 41
95 20 -99
95 21 33
95 22 -25
95 23 65
95 24 -38
95 25 -97
95 27 96
95 28 -35
95 29 -70
95 30 -71
95 32 -15
95 33 53
95 34 17
95 35 -14
95 36 -21
95 39 12
95 40 -25
95 42 -43
95 44 65
95 45 68
95 46 -16
95 47 -92
95 48 -22
95 49 54
95 51 88
95 52 47
95 53 75
95 54 -83
95 55 -90
95 56 -43
95 57 -42
95 58 -19
95 59 8
95 60 -5
95 62 -28
95 63 -52
95 64 -75
95 65 27
95 66 -63
95 67 -34
95 70 10
95 71 53
95 72 34
95 73 2
95 74 -87
95 75 66
95 77 -30
95 78 89
95 81 -86
95 82 -88
95 83 -12
95 84 -12
95 85 79
95 86 68
95 91 -71
95 92 77
95 93 -64
95 94 66
95 95 -78
95 96 -40
95 97 15
95 98 -64
95 99 74
96 0 -91
96 2 75
96 3 -70
96 4 -75
96 5 2
96 6 66
96 8 -93
96 11 9
96 14 -12
96 15 62
96 16 15
96 17 82
96 18 34
96 19 -10
96 20 28
96 22 -23
96 24 17
96 25 55
96 26 -38
96 27 37
96 28 30
96 29 -17
96 30 98
96 31 60
96 34 -30
96 35 -29
96 36 -19
96 37 67
96 38 -66
96 39 37
96 40 -79
96 41 42
96 42 81
96 43 64
96 45 36
96 46 -11
96 47 28
96 48 22
96 49 77
96 50 -3
96 51 7
96 52 95
96 54 29
96 55 5
96 56 -73
96 57 37
96 59 -7
96 60 -6
96 61 -14
96 62 -75
96 63 46
96 64 -80
96 65 -84
96 66 -62
96 67 18
96 68 -14
96 70 -52
96 71 51
96 72 77
96 73 26
96 74 -18
96 75 -62
96 76 13
96 77 -38
96 78 -91
96 79 -96
96 80 -73
96 81 75
96 82 48
96 84 -37
96 87 24
96 89 -48
96 90 -30
96 93 59
96 94 82
96 95 38
96 96 -13
96 97 49
96 98 -13
97 0 62
97 1 100
97 2 45
97 3 -12
97 6 80
97 7 -28
97 8 17
97 9 23
97 10 -85
97 11 -13
97 13 -44
97 16 -18
97 17 -83
97 18 -64
97 19 -78
97 21 -57
97 23 74
97 26 46
97 27 97
97 29 -31
97 30 86
97 31 -83
97 32 -94
97 33 8
97 34 -14
97 37 -33
97 38 100
97 39 -52
97 43 -92
97 45 23
97 47 -44
97 48 -92
97 50 -19
97 51 62
97 54 66
97 57 81
97 59 -20
97 60 -12
97 61 35
97 62 -67
97 66 13
97 67 79
97 68 58
97 69 -58
97 71 -76
97 72 63
97 73 40
97 74 8
97 75 62
97 76 -16
97 77 -85
97 78 -21
97 79 66
97 80 72
97 83 91
97 84 31
97 85 30
97 86 -35
97 87 66
97 88 -100
97 89 -32
97 91 75
97 92 62
97 94 -57
97 97 57
97 98 25
97 99 -89
98 1 68
98 2 -17
98 3 25
98 5 34
98 8 -40
98 9 57
98 10 48
98 11 -60
98 12 -79
98 13 -99
98 14 -99
98 15 96
98 16 -43
98 17 -76
98 18 90
98 22 -5
98 23 72
98 24 65
98 26 -84
98 28 -83
98 30 66
98 33 -26
98 34 82
98 36 56
98 37 -30
98 38 -48
98 39 42
98 40 3
98 44 47
98 45 13
98 46 -12
98 47 87
98 48 72
98 50 -94
98 52 87
98 53 9
98 55 -36
98 56 -79
98 57 -6
98 58 33
98 59 94
98 60 11
98 61 -99
98 62 100
98 65 -83
98 70 -17
98 71 -98
98 73 1
98 74 1
98 75 -33
98 77 -91
98 78 -72
98 80 96
98 81 61
98 82 20
98 83 -50
98 84 2
98 85 38
98 87 84
98 89 39
98 90 84
98 91 94
98 92 -80
98 93 -41
98 94 -24
98 95 -96
98 97 48
98 98 95
98 99 -38
99 1 68
99 2 13
99 3 60
99 7 -64
99 8 -97
99 9 -14
99 10 57
99 12 -63
99 13 -75
99 14 -18
99 15 89
99 16 -44
99 17 -94
99 18 75
99 19 -40
99 20 86
99 22 -19
99 23 4
99 26 90
99 27 69
99 28 -48
99 29 -36
99 30 48
99 31 -28
99 33 90
99 34 -5
99 35 -25
99 36 14
99 38 86
99 39 80
99 40 6
99 41 -63
99 42 79
99 43 -54
99 45 -71
99 48 -96
99 49 -27
99 50 -81
99 52 68
99 54 -50
99 55 66
99 57 14
99 58 35
99 60 -15
99 61 -32
99 63 -50
99 64 38
99 65 -53
99 66 52
99 68 -8
99 69 -77
99 70 46
99 71 -26
99 72 -76
99 73 -74
99 74 -86
99 75 51
99 80 53
99 81 59
99 83 -90
99 84 -17
99 85 -89
99 86 55
99 87 28
99 89 70
99 92 81
99 93 -5
99 94 91
99 96 -50
99 98 32