0 1 -48
0 4 -2
0 8 -94
0 14 36
0 15 -8
0 21 28
0 22 48
0 23 34
0 27 27
0 32 79
0 34 -27
0 36 23
0 39 34
0 41 -20
0 45 -60
0 47 13
0 48 87
0 51 -17
0 53 -26
0 54 -59
0 65 -86
0 69 -41
0 72 28
0 73 71
0 75 -62
0 76 92
0 83 -39
0 93 -90
0 96 40
0 98 97
0 101 5
0 103 -42
0 105 -23
0 106 -71
0 107 6
0 108 73
0 109 64
0 110 83
0 112 -95
0 113 -100
0 117 67
0 123 49
0 125 3
0 128 74
0 130 9
0 131 -90
0 139 -19
0 140 -45
0 146 66
0 147 31
1 1 49
1 6 -94
1 9 26
1 10 74
1 22 -30
1 24 21
1 29 -39
1 37 58
1 39 49
1 44 74
1 45 -22
1 54 11
1 58 69
1 64 -35
1 69 74
1 71 -24
1 72 -92
1 74 -11
1 78 83
1 80 -83
1 82 -23
1 84 26
1 96 55
1 97 39
1 100 -56
1 103 88
1 108 -77
1 110 30
1 117 4
1 118 36
1 121 69
1 125 27
1 126 60
1 128 -49
1 129 -71
1 130 -51
1 132 -36
1 134 -42
1 138 -79
1 140 -43
1 141 -90
1 142 -7
1 143 78
1 146 -66
2 0 28
2 10 8
2 11 -84
2 19 79
2 24 -35
2 25 -23
2 27 86
2 31 83
2 35 -65
2 36 -2
2 39 68
2 46 -88
2 50 -96
2 55 37
2 59 5
2 63 -42
2 65 24
2 67 -63
2 81 66
2 86 -60
2 87 -52
2 90 55
2 94 -75
2 99 -95
2 103 -7
2 113 61
2 114 -67
2 115 -27
2 116 97
2 124 22
2 127 38
2 132 14
2 134 94
2 146 -97
2 147 -14
2 148 33
3 4 73
3 12 1
3 23 36
3 28 -36
3 29 18
3 32 67
3 38 -65
3 39 -100
3 40 -37
3 41 -71
3 45 -92
3 50 15
3 52 -20
3 56 -44
3 57 -47
3 59 61
3 60 15
3 64 -54
3 65 -29
3 70 99
3 81 -22
3 85 94
3 88 29
3 89 -99
3 90 -19
3 91 84
3 96 83
3 103 -27
3 105 100
3 108 49
3 109 -45
3 112 -34
3 114 9
3 121 -39
3 122 89
3 124 -67
3 126 16
3 131 34
3 134 93
3 136 98
3 137 26
3 138 -7
3 142 73
3 144 69
4 0 94
4 1 -43
4 5 55
4 8 5
4 9 46
4 12 -75
4 15 -31
4 16 85
4 17 64
4 27 -96
4 28 -19
4 31 -26
4 33 -92
4 38 14
4 41 -37
4 43 25
4 44 64
4 46 -9
4 47 30
4 49 -49
4 50 43
4 56 -79
4 57 -62
4 59 44
4 65 -77
4 70 41
4 78 -74
4 79 59
4 82 68
4 83 -49
4 84 -90
4 88 -62
4 96 78
4 99 47
4 105 54
4 107 -33
4 115 -9
4 119 -53
4 120 -88
4 121 -94
4 129 -96
4 131 72
4 135 -51
4 136 20
4 147 68
4 148 -9
4 149 21
5 0 95
5 5 66
5 8 22
5 9 33
5 10 -20
5 11 85
5 12 -1
5 24 78
5 27 -11
5 32 79
5 36 -58
5 39 49
5 40 3
5 44 93
5 46 13
5 47 82
5 53 32
5 54 35
5 64 -43
5 67 -93
5 71 93
5 76 52
5 79 -67
5 92 68
5 94 -99
5 95 35
5 107 14
5 109 -5
5 113 87
5 114 -40
5 120 -79
5 123 65
5 130 -3
5 132 -12
5 140 -85
5 142 -53
5 143 -72
5 144 95
5 148 18
5 149 31
6 0 -68
6 1 33
6 9 -56
6 10 -5
6 11 38
6 14 -73
6 23 54
6 26 -60
6 27 -80
6 29 68
6 32 -4
6 34 95
6 37 70
6 40 -22
6 43 20
6 47 74
6 50 -56
6 54 28
6 59 -53
6 85 -56
6 86 -80
6 88 -42
6 98 22
6 99 96
6 106 -1
6 110 96
6 111 54
6 116 46
6 117 88
6 124 -92
6 126 -67
6 129 83
6 130 17
6 134 -15
6 135 -2
6 139 40
6 140 28
6 148 -83
7 3 -59
7 7 83
7 10 67
7 14 -48
7 15 67
7 20 93
7 21 -88
7 24 62
7 28 20
7 31 39
7 33 -91
7 39 -41
7 40 -95
7 42 9
7 47 -78
7 49 -92
7 51 -10
7 52 -2
7 57 61
7 62 -57
7 66 -54
7 69 24
7 75 -34
7 79 70
7 84 -40
7 85 30
7 96 -69
7 108 25
7 110 -39
7 112 -14
7 116 -14
7 128 56
7 131 58
7 134 23
7 139 57
7 140 -1
7 141 -47
8 4 -19
8 6 18
8 8 -91
8 9 -25
8 18 -74
8 21 -33
8 30 -17
8 32 97
8 33 42
8 35 -16
8 42 41
8 48 9
8 49 -77
8 51 91
8 54 -77
8 57 53
8 63 -77
8 64 -32
8 67 -91
8 70 -47
8 78 -23
8 79 10
8 84 -27
8 89 -92
8 93 -96
8 97 68
8 107 -27
8 110 -79
8 119 -18
8 123 15
8 124 59
8 125 -92
8 128 -43
8 131 -29
8 135 -30
8 136 -56
8 139 7
8 145 -55
8 147 35
9 4 60
9 6 85
9 12 -50
9 16 66
9 17 -98
9 20 14
9 23 98
9 24 -70
9 30 51
9 33 -43
9 34 -51
9 35 97
9 38 93
9 40 -31
9 43 -84
9 50 97
9 51 -75
9 62 -1
9 66 16
9 67 -66
9 68 27
9 70 100
9 72 73
9 79 -90
9 80 -91
9 82 -17
9 88 95
9 93 -91
9 95 77
9 98 79
9 102 -35
9 107 -4
9 112 -18
9 115 -72
9 117 -38
9 119 55
9 121 48
9 124 -66
9 127 42
9 128 48
9 129 17
9 130 -21
9 137 -60
9 142 96
9 144 3
9 147 6
10 4 92
10 6 -84
10 17 -87
10 18 99
10 20 82
10 22 6
10 23 40
10 24 30
10 25 -69
10 30 -52
10 32 59
10 37 -80
10 38 -16
10 40 -69
10 42 14
10 46 59
10 60 24
10 62 -76
10 68 -23
10 70 98
10 73 -87
10 77 4
10 79 18
10 80 -3
10 81 30
10 83 59
10 85 61
10 90 26
10 93 -91
10 95 -96
10 105 44
10 113 49
10 130 -70
10 136 83
10 148 95
11 3 93
11 4 19
11 5 -66
11 8 -45
11 20 71
11 21 53
11 24 63
11 25 -97
11 26 -26
11 37 -21
11 39 71
11 40 -57
11 47 20
11 51 -48
11 52 76
11 53 -13
11 54 80
11 55 -27
11 60 54
11 61 -59
11 66 -91
11 68 -92
11 69 71
11 78 -100
11 79 34
11 84 28
11 92 -70
11 94 60
11 95 -33
11 101 92
11 102 81
11 118 89
11 119 43
11 124 -67
11 125 -31
11 132 -96
11 135 39
11 142 -32
11 146 -85
11 149 72
12 0 -86
12 1 -52
12 8 -65
12 11 -74
12 12 60
12 23 36
12 26 -68
12 31 34
12 32 96
12 40 92
12 44 15
12 49 -45
12 51 -90
12 53 -61
12 55 53
12 58 -12
12 64 -64
12 67 97
12 70 -89
12 75 32
12 79 -48
12 83 55
12 84 -18
12 90 -53
12 97 66
12 104 -19
12 105 35
12 107 72
12 110 43
12 116 19
12 117 -40
12 118 26
12 134 79
12 137 -48
12 148 -54
13 4 -10
13 7 -44
13 10 -18
13 11 73
13 12 69
13 14 -84
13 15 73
13 17 92
13 19 93
13 21 27
13 29 29
13 34 6
13 39 62
13 40 94
13 44 11
13 45 -8
13 48 -77
13 52 -55
13 53 61
13 55 66
13 56 -5
13 67 -89
13 72 97
13 73 -55
13 81 41
13 86 -91
13 87 -50
13 93 -74
13 96 -87
13 100 -17
13 104 -30
13 108 -100
13 109 -37
13 112 95
13 117 -84
13 118 -98
13 120 36
13 127 25
13 128 80
13 129 -30
13 132 41
13 135 63
13 136 -53
13 143 77
13 147 -58
14 23 -86
14 24 -76
14 30 -80
14 31 89
14 35 4
14 61 -53
14 63 78
14 64 -38
14 65 -20
14 68 84
14 72 27
14 90 14
14 91 36
14 94 31
14 99 -83
14 106 -76
14 108 -87
14 111 -60
14 115 -34
14 125 -69
14 126 -71
14 129 38
14 133 -87
14 138 -78
14 139 -4
14 140 -60
14 142 64
14 149 39
15 5 49
15 8 84
15 12 -2
15 13 23
15 14 -15
15 17 -1
15 21 11
15 27 -43
15 29 -98
15 32 12
15 37 -45
15 41 36
15 43 31
15 48 15
15 51 26
15 52 20
15 54 35
15 57 -48
15 59 25
15 68 24
15 73 80
15 78 51
15 82 -60
15 84 18
15 92 93
15 93 -59
15 100 72
15 101 -82
15 105 84
15 108 16
15 110 -11
15 113 -18
15 116 -28
15 119 -39
15 123 -75
15 124 25
15 126 -63
15 132 -81
15 136 80
15 137 4
15 138 34
15 140 82
15 143 18
16 1 85
16 3 43
16 10 -41
16 14 -22
16 15 -22
16 16 -2
16 19 -48
16 20 -64
16 22 99
16 24 -13
16 31 -74
16 33 6
16 35 -83
16 38 -37
16 40 -66
16 51 88
16 53 64
16 54 -4
16 61 -38
16 63 72
16 64 9
16 68 -80
16 70 66
16 77 -93
16 79 -41
16 81 -97
16 88 72
16 95 40
16 96 97
16 98 56
16 103 -74
16 106 65
16 121 -73
16 130 10
16 135 74
17 0 -61
17 6 -41
17 10 -62
17 11 -82
17 24 -76
17 25 -46
17 27 28
17 33 -24
17 35 61
17 41 -77
17 43 -29
17 51 63
17 53 35
17 61 33
17 63 18
17 64 -12
17 72 52
17 73 -31
17 81 -40
17 83 15
17 89 -27
17 91 72
17 93 17
17 102 32
17 113 -97
17 115 76
17 127 -68
17 135 73
17 140 24
17 146 -17
18 0 -9
18 3 81
18 4 88
18 12 -61
18 13 -32
18 18 -94
18 25 -72
18 33 -100
18 34 86
18 37 45
18 43 -27
18 44 -75
18 45 51
18 50 51
18 53 2
18 54 -82
18 60 94
18 61 27
18 71 -87
18 76 18
18 80 58
18 83 55
18 86 16
18 88 52
18 93 -9
18 95 60
18 97 -38
18 98 31
18 105 -39
18 107 -28
18 108 -7
18 109 33
18 116 22
18 125 -98
18 142 60
18 144 -53
18 146 61
18 147 40
19 1 -64
19 4 84
19 8 -74
19 9 70
19 10 -67
19 14 -39
19 20 41
19 22 70
19 24 -65
19 30 5
19 36 -92
19 40 -12
19 44 -70
19 46 -43
19 47 45
19 50 37
19 53 -38
19 60 78
19 63 -61
19 65 -33
19 75 29
19 76 76
19 83 1
19 86 -81
19 88 -70
19 97 -44
19 113 -33
19 114 80
19 123 -84
19 130 31
19 131 -94
19 134 61
19 138 44
19 141 -79
19 146 -6
19 147 45
19 149 33
20 6 34
20 10 -26
20 11 -74
20 12 4
20 13 7
20 14 -13
20 19 -98
20 20 81
20 28 -97
20 31 32
20 32 -89
20 33 5
20 39 62
20 41 -67
20 47 -17
20 49 23
20 54 -84
20 55 -13
20 57 99
20 62 74
20 65 2
20 66 -25
20 67 -15
20 68 52
20 70 31
20 77 43
20 78 61
20 80 7
20 82 18
20 86 -49
20 88 -9
20 89 17
20 93 55
20 94 76
20 109 43
20 113 -11
20 116 -30
20 117 -52
20 118 -58
20 124 -78
20 128 -25
20 129 85
20 134 76
20 140 44
20 142 -87
20 143 36
20 144 90
20 146 4
20 148 76
20 149 -79
21 9 50
21 12 -10
21 21 -52
21 22 -65
21 37 -66
21 44 73
21 47 -88
21 51 -87
21 53 23
21 54 80
21 65 -51
21 68 26
21 69 88
21 71 16
21 73 -15
21 77 -8
21 81 3
21 85 -4
21 88 -85
21 95 -13
21 100 16
21 111 -51
21 114 -79
21 117 -91
21 119 -11
21 121 26
21 122 79
21 124 -5
21 125 -32
21 132 -48
21 133 61
21 134 -32
21 136 -41
21 143 -9
21 144 74
21 145 14
22 1 35
22 2 51
22 3 66
22 4 31
22 6 8
22 7 8
22 8 -79
22 9 -6
22 12 43
22 13 -86
22 17 14
22 20 -12
22 27 -37
22 32 3
22 33 -29
22 35 53
22 41 -8
22 43 8
22 45 3
22 46 -83
22 63 -91
22 64 60
22 67 4
22 68 -16
22 76 49
22 78 6
22 79 -41
22 80 6
22 83 95
22 84 88
22 90 -42
22 92 88
22 93 57
22 94 50
22 95 96
22 98 3
22 101 73
22 106 98
22 108 45
22 110 69
22 111 -70
22 118 38
22 120 -97
22 127 10
22 130 71
22 140 85
22 142 20
22 143 12
22 148 -4
23 0 42
23 17 -13
23 21 94
23 22 36
23 24 23
23 27 92
23 31 -40
23 34 -91
23 35 16
23 36 -64
23 40 80
23 43 -32
23 45 -89
23 46 56
23 55 -93
23 56 28
23 58 -61
23 63 -41
23 68 2
23 69 57
23 70 -69
23 74 100
23 79 15
23 86 25
23 87 -22
23 93 -33
23 96 -64
23 97 -95
23 100 27
23 102 68
23 112 24
23 116 91
23 119 10
23 124 74
23 125 -20
23 127 -72
23 132 54
23 135 20
23 136 11
23 139 94
23 141 -70
23 143 -91
23 144 19
23 146 -78
23 147 -85
23 148 58
23 149 -67
24 6 36
24 11 92
24 18 -2
24 19 -62
24 26 69
24 29 6
24 34 -20
24 36 53
24 38 -47
24 41 -9
24 44 32
24 45 17
24 46 -70
24 47 -2
24 49 -60
24 53 70
24 54 90
24 59 77
24 67 89
24 69 -80
24 73 -46
24 74 -51
24 76 -88
24 80 -25
24 82 44
24 83 4
24 87 -61
24 92 -58
24 98 65
24 101 -80
24 102 65
24 105 -19
24 108 98
24 109 -51
24 110 12
24 111 -69
24 112 -92
24 116 85
24 123 -21
24 124 90
24 125 52
24 127 -86
24 130 65
24 135 98
24 136 -85
24 146 -97
25 4 37
25 5 -9
25 13 -50
25 21 -12
25 24 49
25 28 19
25 30 -12
25 31 41
25 32 42
25 38 42
25 39 29
25 40 -97
25 42 -32
25 46 64
25 47 -71
25 49 41
25 50 2
25 60 6
25 70 -73
25 72 24
25 75 -21
25 79 -26
25 81 -8
25 83 45
25 87 82
25 88 -22
25 89 89
25 91 -56
25 93 -14
25 98 -75
25 99 56
25 103 -26
25 105 39
25 106 34
25 117 80
25 119 -80
25 121 75
25 130 -33
25 132 -9
25 139 4
25 140 -50
26 0 80
26 2 -99
26 4 -25
26 7 85
26 8 99
26 10 -72
26 11 -73
26 20 -42
26 21 43
26 23 -30
26 38 60
26 41 -69
26 44 -71
26 45 -57
26 51 -93
26 56 -48
26 61 99
26 62 22
26 63 25
26 67 20
26 69 96
26 72 -97
26 74 -8
26 76 -92
26 78 100
26 80 -92
26 81 67
26 85 17
26 87 28
26 91 66
26 96 -54
26 106 -27
26 111 31
26 112 -48
26 115 37
26 117 64
26 121 10
26 123 86
26 128 33
26 129 17
26 131 -33
26 139 68
26 141 31
26 143 65
26 146 -100
26 147 17
26 149 91
27 1 87
27 7 -13
27 10 64
27 12 27
27 14 95
27 17 -53
27 21 -70
27 26 -41
27 27 27
27 30 19
27 31 -84
27 35 -100
27 36 -72
27 37 72
27 41 30
27 43 31
27 50 64
27 51 -16
27 53 -87
27 54 91
27 55 39
27 56 -6
27 57 7
27 60 44
27 62 -16
27 76 -91
27 77 -28
27 78 -28
27 86 -18
27 95 14
27 101 33
27 105 -95
27 107 -60
27 109 -30
27 113 32
27 114 15
27 115 -82
27 119 19
27 126 34
27 128 -64
27 131 64
27 135 92
27 138 50
27 142 -92
27 145 85
27 146 50
27 149 35
28 3 87
28 9 -98
28 12 88
28 13 -88
28 15 -90
28 17 -27
28 21 96
28 22 52
28 25 28
28 35 94
28 36 -99
28 37 -27
28 38 56
28 39 -47
28 44 49
28 46 -56
28 47 25
28 48 -44
28 50 41
28 53 -20
28 54 -14
28 57 68
28 61 -83
28 62 -74
28 64 25
28 68 89
28 69 -91
28 78 -68
28 85 24
28 93 -85
28 94 54
28 99 -30
28 108 -72
28 110 83
28 111 44
28 117 -22
28 122 -100
28 123 -57
28 127 -74
28 135 -95
28 138 16
28 139 -73
28 140 -97
28 141 -5
28 147 -10
28 149 48
29 0 82
29 2 38
29 3 42
29 4 18
29 9 -22
29 10 -66
29 13 85
29 14 35
29 20 -30
29 26 65
29 28 -46
29 30 -45
29 31 -20
29 33 -68
29 41 68
29 50 -8
29 62 -84
29 67 -42
29 70 -27
29 74 -44
29 77 29
29 79 -85
29 80 47
29 81 -62
29 86 97
29 87 43
29 90 -9
29 92 86
29 95 -89
29 98 -91
29 104 71
29 106 -99
29 107 -33
29 110 80
29 111 -100
29 114 -54
29 116 -7
29 118 -78
29 125 -41
29 129 37
29 134 -89
29 135 40
29 139 -46
29 143 -19
29 144 -86
29 146 20
30 5 44
30 7 94
30 8 77
30 11 9
30 15 -13
30 16 9
30 17 68
30 19 -67
30 24 -32
30 29 59
30 33 43
30 34 -18
30 35 -38
30 37 42
30 40 73
30 48 53
30 54 71
30 57 -59
30 59 -2
30 60 -11
30 63 -45
30 70 99
30 72 -43
30 76 -12
30 86 -12
30 87 95
30 91 71
30 94 -29
30 95 23
30 96 53
30 101 -53
30 102 96
30 105 -64
30 112 89
30 114 1
30 120 -33
30 124 21
30 128 9
30 134 -78
30 135 27
30 136 -78
30 140 -31
30 143 -6
30 144 -24
30 147 -22
31 0 -77
31 4 -20
31 5 -26
31 6 -68
31 12 -16
31 14 9
31 15 -56
31 20 -64
31 29 97
31 33 5
31 34 98
31 36 39
31 37 15
31 38 -68
31 39 -15
31 40 31
31 44 -48
31 45 44
31 52 35
31 56 70
31 58 -39
31 59 40
31 67 77
31 74 25
31 78 10
31 83 50
31 84 -81
31 87 33
31 88 -49
31 89 89
31 90 -4
31 96 -33
31 97 77
31 98 -60
31 104 -61
31 105 -94
31 108 -14
31 109 10
31 116 -98
31 117 -67
31 123 -73
31 124 33
31 125 16
31 127 -62
31 143 -55
31 147 -57
31 149 100
32 11 1
32 13 -63
32 16 -78
32 26 -45
32 29 -31
32 31 -32
32 32 -95
32 35 78
32 37 4
32 38 14
32 45 29
32 46 -23
32 47 15
32 53 22
32 59 -93
32 63 -38
32 68 -14
32 73 67
32 78 15
32 79 65
32 83 60
32 95 57
32 105 -97
32 108 90
32 115 -80
32 116 -8
32 120 -44
32 123 36
32 128 78
32 129 70
32 130 -6
32 133 -13
32 136 -66
32 140 -68
32 142 68
32 144 -35
32 147 70
32 148 90
32 149 81
33 0 47
33 4 -17
33 9 15
33 10 34
33 11 97
33 14 -43
33 19 -84
33 30 -70
33 33 -96
33 34 27
33 40 -26
33 41 -83
33 43 14
33 48 5
33 57 -69
33 66 99
33 67 38
33 71 18
33 73 15
33 76 17
33 84 98
33 94 -100
33 96 3
33 97 28
33 100 33
33 109 91
33 112 74
33 114 51
33 115 -60
33 120 -26
33 127 51
33 128 -82
33 133 -63
33 134 -95
33 136 69
33 142 -64
33 143 -89
33 145 75
34 3 42
34 7 -37
34 16 49
34 19 -9
34 20 35
34 22 89
34 30 78
34 32 75
34 34 -29
34 38 71
34 40 -13
34 41 49
34 42 16
34 44 81
34 46 27
34 55 23
34 56 -15
34 61 -88
34 63 6
34 66 83
34 72 -31
34 73 -54
34 75 38
34 76 -88
34 78 -43
34 81 -20
34 82 -25
34 86 -7
34 89 -9
34 94 17
34 103 -90
34 104 -9
34 109 -31
34 114 91
34 123 -84
34 124 -68
34 129 40
34 144 29
34 149 -86
35 0 -45
35 4 4
35 8 -27
35 11 94
35 17 4
35 18 26
35 19 67
35 27 78
35 30 -86
35 46 -58
35 54 -29
35 57 -56
35 60 -62
35 61 65
35 62 73
35 74 -62
35 77 -73
35 80 92
35 81 15
35 87 59
35 97 11
35 100 -96
35 102 10
35 103 60
35 113 59
35 114 74
35 115 -14
35 117 -90
35 119 -33
35 120 54
35 123 87
35 126 77
35 128 61
35 130 -43
35 131 80
35 135 91
35 138 -73
35 139 -85
35 145 63
35 149 94
36 0 71
36 2 54
36 4 -79
36 7 20
36 12 70
36 14 -62
36 15 2
36 18 -23
36 20 5
36 22 36
36 27 -16
36 28 -10
36 29 57
36 33 -79
36 45 100
36 51 -30
36 52 85
36 54 -92
36 61 87
36 63 9
36 64 46
36 65 -2
36 70 -50
36 71 24
36 72 77
36 77 27
36 88 31
36 100 99
36 102 -14
36 114 -48
36 115 95
36 116 -57
36 117 -100
36 119 65
36 121 30
36 123 30
36 131 -4
36 134 58
36 137 -66
36 139 83
36 142 -8
36 144 -8
36 147 -25
36 148 33
36 149 89
37 6 60
37 14 -36
37 16 -54
37 22 -90
37 24 -35
37 43 1
37 45 5
37 51 88
37 53 -30
37 55 -14
37 56 -75
37 59 -64
37 60 -41
37 61 -65
37 65 100
37 69 96
37 79 -86
37 81 -70
37 83 16
37 84 19
37 86 -36
37 95 22
37 96 12
37 98 87
37 100 -86
37 102 -65
37 106 -75
37 107 24
37 108 93
37 119 -54
37 126 -91
37 128 -5
37 131 -96
37 133 92
37 138 -4
37 139 79
37 148 -98
38 2 100
38 12 93
38 17 62
38 22 -7
38 26 96
38 29 65
38 30 -56
38 31 99
38 33 -92
38 34 26
38 35 69
38 37 -38
38 38 27
38 40 82
38 42 5
38 49 39
38 52 16
38 55 -51
38 61 79
38 62 -1
38 64 44
38 68 43
38 76 -35
38 77 -85
38 86 16
38 87 28
38 88 -19
38 89 -44
38 92 48
38 93 -46
38 98 22
38 108 21
38 109 78
38 121 -45
38 122 80
38 123 38
38 124 65
38 128 -80
38 131 23
38 134 -3
38 135 21
38 137 91
38 139 -90
38 143 91
38 148 -83
39 11 -99
39 15 -55
39 17 -14
39 20 -44
39 25 -34
39 30 38
39 31 -55
39 33 -17
39 34 94
39 37 64
39 42 -33
39 46 -47
39 48 61
39 52 64
39 55 -44
39 57 -78
39 61 47
39 63 18
39 76 -76
39 80 95
39 87 -7
39 90 23
39 93 64
39 96 93
39 97 41
39 114 -56
39 120 30
39 121 -33
39 122 -24
39 123 -53
39 127 70
39 128 -88
39 129 22
39 132 -59
39 137 13
39 144 3
39 147 76
39 149 -90
40 5 -16
40 6 -33
40 14 59
40 15 -61
40 16 51
40 17 -48
40 22 41
40 23 47
40 25 -2
40 29 -34
40 31 71
40 45 -40
40 54 80
40 55 -39
40 63 80
40 64 3
40 66 -27
40 72 -86
40 77 -94
40 89 85
40 97 26
40 101 -85
40 104 53
40 107 -41
40 114 -76
40 115 89
40 116 44
40 118 26
40 121 -27
40 122 -16
40 124 49
40 133 78
40 134 68
40 140 71
40 147 -41
41 0 -1
41 4 -2
41 7 71
41 11 -66
41 18 -1
41 19 -20
41 27 98
41 33 -12
41 34 32
41 39 46
41 43 -94
41 45 25
41 46 64
41 49 -63
41 54 -53
41 55 -52
41 56 79
41 59 -12
41 61 58
41 65 14
41 66 -95
41 69 -16
41 76 -40
41 79 40
41 81 -32
41 84 -80
41 86 -63
41 89 79
41 102 -85
41 103 47
41 109 11
41 110 -34
41 116 49
41 117 79
41 124 -35
41 128 63
41 131 -89
41 132 -58
41 135 12
41 137 37
41 143 43
41 148 -36
41 149 -49
42 3 -35
42 5 -2
42 23 -61
42 25 -72
42 31 56
42 40 96
42 42 38
42 43 -51
42 44 -77
42 46 -42
42 47 49
42 49 59
42 50 -30
42 53 -78
42 63 -3
42 64 13
42 73 -23
42 94 -27
42 103 -50
42 104 42
42 115 52
42 122 75
42 124 -35
42 131 -39
42 133 -20
42 136 27
42 142 97
42 144 68
42 147 -7
43 1 -93
43 3 95
43 5 49
43 7 -98
43 22 19
43 23 -98
43 25 32
43 28 94
43 33 21
43 36 -50
43 40 61
43 42 -52
43 46 -22
43 52 -83
43 53 -98
43 55 73
43 56 66
43 64 58
43 66 17
43 68 -73
43 72 96
43 77 -63
43 79 45
43 83 -55
43 85 -19
43 86 82
43 87 -7
43 93 63
43 94 -24
43 102 -2
43 104 28
43 105 49
43 107 -36
43 108 81
43 109 -16
43 110 -31
43 112 -86
43 118 95
43 124 74
43 127 -22
43 130 60
43 132 -55
43 133 -84
43 135 -63
43 136 9
43 139 -85
43 143 91
44 1 20
44 6 58
44 10 3
44 16 40
44 17 54
44 20 -8
44 21 61
44 22 -65
44 25 -15
44 30 -40
44 32 -21
44 37 63
44 44 22
44 45 67
44 46 -98
44 47 14
44 51 -18
44 55 49
44 56 -91
44 59 97
44 60 33
44 61 52
44 62 59
44 63 -51
44 64 7
44 67 -48
44 77 -5
44 83 23
44 87 96
44 89 81
44 93 -5
44 98 -8
44 99 10
44 100 61
44 101 96
44 102 -57
44 106 -44
44 107 91
44 109 -52
44 110 -78
44 116 -83
44 118 -85
44 126 3
44 129 52
44 130 -32
44 132 70
44 134 12
44 135 24
44 136 -38
44 139 -66
44 146 56
44 148 10
45 0 83
45 18 -10
45 20 15
45 21 75
45 24 56
45 27 97
45 31 33
45 32 79
45 34 88
45 36 -47
45 40 98
45 41 -27
45 42 11
45 48 -72
45 52 32
45 53 -55
45 58 64
45 59 11
45 62 48
45 63 55
45 65 -92
45 72 -13
45 74 -100
45 81 -22
45 85 -91
45 87 -7
45 94 45
45 96 -86
45 97 -10
45 102 -12
45 109 -63
45 117 -22
45 125 26
45 127 -10
45 128 61
45 133 -39
45 134 -40
45 138 25
45 139 28
45 142 88
45 144 39
45 145 99
45 147 -63
46 3 -11
46 6 48
46 7 -86
46 11 -60
46 13 -46
46 15 -77
46 19 -6
46 22 69
46 24 3
46 27 34
46 33 -78
46 40 -41
46 47 15
46 54 -99
46 58 71
46 59 -95
46 61 79
46 63 -90
46 69 24
46 70 21
46 71 -74
46 77 23
46 79 45
46 81 38
46 84 -1
46 86 65
46 96 -6
46 97 -83
46 99 -26
46 103 6
46 108 44
46 109 -91
46 112 -95
46 114 -90
46 120 -99
46 122 -27
46 123 40
46 125 62
46 132 64
46 136 93
46 138 93
46 139 56
46 146 -56
46 149 64
47 3 -96
47 9 -95
47 12 -45
47 16 -92
47 17 -87
47 18 -86
47 34 -17
47 41 8
47 42 71
47 44 -12
47 45 42
47 46 77
47 59 -43
47 67 81
47 68 44
47 91 24
47 105 80
47 110 90
47 113 -76
47 125 68
47 126 51
47 127 -11
47 128 -12
47 135 56
47 136 -18
47 137 -36
47 141 -33
47 144 84
47 146 63
47 148 59
47 149 13
48 8 54
48 9 -73
48 11 84
48 14 53
48 17 12
48 19 -88
48 21 -34
48 23 -50
48 30 -30
48 32 -5
48 36 76
48 37 -21
48 42 35
48 47 -88
48 50 -81
48 51 -88
48 52 60
48 54 -14
48 56 -38
48 57 42
48 65 2
48 84 -66
48 95 -91
48 96 -95
48 97 53
48 98 -8
48 99 -52
48 100 -63
48 105 -8
48 107 27
48 112 -55
48 117 -88
48 121 86
48 126 78
48 128 -59
48 134 -5
48 135 92
48 136 72
48 143 -27
49 0 -23
49 1 -5
49 4 -97
49 8 -93
49 13 -21
49 15 95
49 18 -8
49 23 -20
49 26 9
49 27 72
49 31 27
49 32 -39
49 33 37
49 35 -40
49 41 -80
49 42 -2
49 43 82
49 46 -22
49 50 60
49 55 -4
49 61 -65
49 62 -9
49 63 -99
49 72 22
49 80 22
49 82 90
49 83 -49
49 88 -40
49 90 85
49 92 34
49 93 91
49 97 62
49 99 55
49 104 -52
49 110 -91
49 112 64
49 124 79
49 127 37
49 130 61
49 131 -93
49 132 60
49 137 96
49 138 35
49 144 -6
49 145 -24
49 149 91
50 2 51
50 4 84
50 5 97
50 6 44
50 8 46
50 10 76
50 11 75
50 13 -14
50 15 -37
50 25 10
50 31 -55
50 35 9
50 36 73
50 48 -33
50 57 55
50 60 90
50 67 52
50 69 -59
50 75 -60
50 78 -42
50 80 90
50 86 -64
50 87 -11
50 91 61
50 98 40
50 103 -47
50 105 -19
50 107 -96
50 114 -67
50 116 -81
50 118 -84
50 124 5
50 125 -56
50 126 23
50 128 -15
50 129 55
50 130 55
50 131 22
50 138 14
50 145 26
50 146 10
50 147 65
51 4 75
51 8 98
51 9 98
51 11 -61
51 22 90
51 23 39
51 25 41
51 31 69
51 34 70
51 35 -88
51 36 -57
51 39 -3
51 43 -79
51 48 -60
51 52 -68
51 53 -37
51 54 99
51 56 26
51 57 30
51 59 18
51 71 -97
51 73 68
51 74 36
51 76 46
51 77 55
51 80 76
51 89 52
51 92 -67
51 94 87
51 96 -33
51 98 18
51 99 -31
51 105 92
51 107 -74
51 120 -11
51 121 59
51 130 90
51 134 9
51 138 -60
51 141 -42
51 143 -51
51 145 29
51 146 18
51 148 -44
52 2 15
52 7 -76
52 9 18
52 11 63
52 24 -74
52 29 -92
52 32 12
52 33 -80
52 35 32
52 37 -38
52 44 -56
52 45 39
52 47 64
52 50 57
52 56 1
52 66 -63
52 69 52
52 80 96
52 82 -26
52 84 43
52 95 8
52 96 -83
52 106 -39
52 108 35
52 110 -91
52 115 3
52 116 -69
52 117 -95
52 126 20
52 129 100
52 141 -62
52 142 49
52 148 76
53 0 9
53 1 50
53 2 -3
53 3 8
53 4 56
53 7 82
53 8 -57
53 9 64
53 11 -64
53 12 -53
53 15 -40
53 19 -90
53 28 -71
53 35 67
53 38 90
53 42 -1
53 47 41
53 52 -74
53 65 60
53 70 40
53 73 -4
53 74 -66
53 75 3
53 76 24
53 78 -8
53 81 -78
53 82 41
53 86 -1
53 88 -32
53 91 22
53 94 52
53 96 72
53 98 14
53 103 20
53 107 -89
53 110 -61
53 111 17
53 114 -24
53 116 11
53 118 54
53 121 -90
53 122 -39
53 130 54
53 137 -13
53 139 -1
53 140 88
53 145 16
53 146 -80
53 147 32
53 148 20
53 149 -76
54 2 38
54 5 -28
54 7 44
54 8 36
54 10 -16
54 20 69
54 22 62
54 23 -3
54 28 -21
54 33 -9
54 34 63
54 37 -91
54 41 -93
54 42 6
54 45 -11
54 47 11
54 49 67
54 51 40
54 54 -38
54 59 -74
54 63 -34
54 64 -90
54 65 -38
54 67 -85
54 71 -71
54 72 13
54 76 49
54 77 -31
54 78 91
54 79 20
54 81 70
54 92 56
54 100 13
54 101 -71
54 111 69
54 115 -77
54 119 -92
54 120 -52
54 123 -49
54 124 71
54 126 -64
54 127 -66
54 134 -63
54 137 92
54 140 7
54 142 -100
54 143 5
54 144 48
54 145 6
54 148 2
55 1 69
55 5 6
55 6 74
55 16 -84
55 26 -61
55 28 -81
55 29 -53
55 36 73
55 37 100
55 48 -91
55 51 -73
55 58 -40
55 60 89
55 61 81
55 62 18
55 64 71
55 65 46
55 70 -26
55 71 38
55 74 -57
55 76 -58
55 78 82
55 84 -8
55 87 86
55 91 10
55 92 89
55 93 40
55 94 -31
55 98 57
55 100 -46
55 102 -61
55 103 -72
55 104 -17
55 106 75
55 111 49
55 114 20
55 119 51
55 120 -57
55 123 39
55 127 100
55 128 -55
55 130 14
55 132 64
55 139 -74
55 140 -93
55 143 -46
55 147 -6
55 149 -76
56 7 26
56 8 85
56 15 24
56 17 83
56 19 -35
56 23 70
56 52 -81
56 57 76
56 59 44
56 60 56
56 70 -42
56 73 80
56 74 -89
56 77 89
56 80 -73
56 83 16
56 84 -89
56 89 -37
56 91 -48
56 97 86
56 100 67
56 101 -86
56 107 -69
56 108 15
56 110 -11
56 113 12
56 114 -88
56 116 75
56 118 45
56 119 67
56 127 94
56 128 26
56 133 -33
56 135 -29
56 140 -61
56 141 79
56 147 -98
56 149 61
57 0 -65
57 2 24
57 5 -45
57 7 66
57 8 59
57 17 57
57 18 37
57 19 58
57 23 28
57 28 5
57 29 26
57 40 -40
57 42 46
57 46 81
57 47 -57
57 49 63
57 50 100
57 51 -4
57 52 -29
57 57 50
57 61 -21
57 67 34
57 72 48
57 77 14
57 80 -77
57 85 96
57 97 26
57 98 -75
57 101 -32
57 106 -68
57 130 -61
57 134 -44
57 148 -25
57 149 -33
58 0 -14
58 3 -74
58 6 54
58 7 -49
58 8 73
58 12 93
58 16 91
58 19 30
58 21 70
58 22 -1
58 26 -6
58 27 51
58 31 59
58 35 -66
58 36 100
58 37 61
58 43 -18
58 53 -8
58 56 -98
58 71 -53
58 79 -79
58 83 95
58 88 -45
58 89 -66
58 91 -81
58 94 34
58 95 -68
58 97 89
58 99 42
58 100 65
58 103 97
58 104 -55
58 105 -93
58 106 11
58 107 41
58 109 43
58 110 -88
58 119 23
58 122 64
58 125 -6
58 126 -84
58 127 31
58 130 6
58 131 -46
58 137 -47
58 139 17
58 140 -25
58 142 85
58 143 87
58 144 21
59 6 41
59 7 -41
59 8 -39
59 9 -82
59 10 100
59 15 -82
59 18 85
59 24 28
59 26 -65
59 27 20
59 34 81
59 36 -20
59 37 -44
59 44 -100
59 47 -21
59 48 -8
59 50 -22
59 52 -28
59 53 -54
59 56 77
59 59 -54
59 61 65
59 64 -27
59 65 -2
59 66 -96
59 67 43
59 68 -65
59 71 9
59 74 5
59 76 8
59 82 43
59 84 24
59 86 -11
59 90 95
59 92 29
59 94 -53
59 96 -43
59 108 15
59 112 -97
59 119 -79
59 124 -75
59 127 -66
59 128 1
59 129 47
59 137 -47
59 138 41
59 142 87
60 6 -25
60 12 6
60 14 59
60 19 49
60 24 97
60 27 -14
60 29 -81
60 30 -83
60 32 93
60 36 -35
60 37 -22
60 39 49
60 43 3
60 44 -50
60 61 -77
60 86 25
60 90 82
60 91 -75
60 94 23
60 104 -63
60 105 -7
60 106 -42
60 109 6
60 111 -79
60 114 27
60 115 18
60 122 -35
60 135 2
60 139 38
60 140 -36
60 141 -3
60 145 -40
60 146 -17
60 148 5
60 149 18
61 4 57
61 6 -34
61 14 -86
61 15 -32
61 17 -38
61 23 60
61 26 20
61 28 100
61 34 -79
61 36 42
61 37 2
61 41 -46
61 43 -87
61 45 -83
61 46 10
61 50 -99
61 51 -91
61 56 20
61 57 36
61 59 -31
61 60 9
61 63 77
61 67 -1
61 79 -97
61 82 -5
61 87 -15
61 88 50
61 91 24
61 93 42
61 94 3
61 98 85
61 104 -83
61 105 -83
61 107 52
61 109 23
61 114 80
61 125 9
61 126 38
61 128 98
61 130 47
61 133 -55
61 138 -37
61 140 95
61 148 -42
62 3 96
62 5 58
62 10 -21
62 13 15
62 16 -24
62 17 -1
62 22 100
62 23 -55
62 25 24
62 31 -13
62 32 -34
62 33 73
62 38 96
62 56 84
62 57 88
62 58 46
62 59 72
62 63 4
62 69 -61
62 77 63
62 79 26
62 81 5
62 83 63
62 87 37
62 89 -27
62 90 99
62 96 62
62 97 97
62 98 31
62 99 -67
62 104 37
62 107 10
62 113 -19
62 117 -84
62 121 -94
62 123 33
62 125 76
62 128 -25
62 131 76
62 142 -47
62 144 -1
63 2 75
63 3 -20
63 4 94
63 10 -96
63 11 -21
63 12 28
63 15 -75
63 33 -33
63 38 -89
63 43 42
63 46 -16
63 50 10
63 56 -74
63 57 32
63 58 -70
63 62 -56
63 63 -84
63 69 -58
63 71 -33
63 77 -32
63 83 -49
63 97 29
63 100 -54
63 102 22
63 106 47
63 107 35
63 108 -57
63 111 -42
63 112 -60
63 113 -95
63 115 -77
63 116 45
63 122 -38
63 125 -1
63 127 98
63 143 -55
63 146 15
63 147 9
64 1 72
64 4 89
64 8 11
64 12 -29
64 14 27
64 19 75
64 20 73
64 21 49
64 22 58
64 23 48
64 29 -60
64 32 -36
64 36 -81
64 39 82
64 45 -23
64 46 27
64 50 -71
64 51 -67
64 53 -62
64 54 -100
64 58 -41
64 60 -30
64 64 28
64 65 10
64 67 24
64 70 -24
64 75 -53
64 80 20
64 83 46
64 86 -60
64 90 11
64 91 -3
64 92 -54
64 95 -11
64 97 60
64 98 -88
64 104 -39
64 106 34
64 107 -73
64 111 36
64 114 82
64 116 73
64 119 81
64 122 -26
64 124 1
64 128 -61
64 130 75
64 132 -57
64 133 59
64 135 18
64 136 -8
64 137 44
64 141 48
64 144 -82
64 147 -88
64 149 26
65 1 16
65 5 -16
65 8 -53
65 9 -65
65 13 100
65 19 -56
65 30 3
65 32 38
65 34 -33
65 36 -20
65 43 21
65 45 -59
65 46 -94
65 47 -8
65 50 62
65 52 -93
65 53 34
65 56 90
65 59 -78
65 61 96
65 63 -50
65 64 43
65 66 50
65 67 -80
65 74 -55
65 77 6
65 79 14
65 80 40
65 83 98
65 85 13
65 86 63
65 88 -56
65 89 22
65 90 87
65 96 -81
65 100 89
65 101 -56
65 102 43
65 104 9
65 110 -67
65 114 73
65 115 84
65 116 60
65 117 -25
65 118 72
65 123 59
65 124 -73
65 130 30
65 131 -58
65 139 48
65 144 -41
66 0 -16
66 4 -20
66 8 -48
66 9 2
66 10 38
66 18 -29
66 23 -79
66 27 -25
66 33 -81
66 34 100
66 37 26
66 39 -72
66 40 -72
66 43 -35
66 47 -32
66 50 85
66 62 -64
66 65 34
66 67 -19
66 83 -90
66 85 45
66 86 -7
66 87 35
66 92 30
66 94 70
66 100 -65
66 104 -83
66 105 3
66 107 28
66 118 86
66 121 -38
66 124 30
66 132 -57
66 137 94
66 142 -71
66 143 -55
66 144 15
66 147 -33
67 4 -50
67 5 40
67 7 -1
67 8 40
67 9 82
67 12 12
67 15 94
67 18 -2
67 19 57
67 22 44
67 24 -32
67 27 93
67 39 86
67 44 44
67 46 -21
67 48 60
67 49 -28
67 53 97
67 58 99
67 62 75
67 63 92
67 65 97
67 69 12
67 70 -2
67 71 -16
67 78 -43
67 86 -59
67 89 11
67 92 -19
67 96 -64
67 97 37
67 98 -54
67 106 98
67 108 28
67 110 23
67 113 64
67 116 -67
67 120 -23
67 122 -35
67 127 62
67 130 41
67 131 -91
67 137 45
67 144 58
67 149 -6
68 6 -67
68 7 -68
68 12 63
68 16 -49
68 18 58
68 19 -69
68 23 69
68 24 -47
68 32 -90
68 34 -78
68 41 12
68 43 -37
68 51 59
68 54 -27
68 58 -64
68 61 -77
68 62 71
68 68 60
68 69 -65
68 70 87
68 72 -5
68 75 -66
68 77 86
68 78 -49
68 79 -14
68 85 18
68 89 10
68 91 32
68 95 -33
68 105 60
68 108 49
68 110 -81
68 111 83
68 115 10
68 116 -15
68 124 -59
68 144 4
68 147 22
68 148 38
69 1 -4
69 2 85
69 7 -85
69 8 36
69 10 20
69 11 -19
69 17 56
69 19 57
69 20 -56
69 23 -27
69 27 -12
69 28 -62
69 30 13
69 48 59
69 55 -31
69 56 -38
69 57 -40
69 61 -61
69 63 -2
69 69 -34
69 77 -29
69 79 -25
69 85 -38
69 90 3
69 93 54
69 94 -30
69 99 -86
69 100 -31
69 101 74
69 102 5
69 106 -53
69 108 -69
69 114 3
69 122 -10
69 124 -61
69 125 34
69 132 -77
69 133 91
69 147 -47
70 3 19
70 5 73
70 6 -22
70 18 -26
70 28 -62
70 34 -86
70 37 20
70 41 -45
70 47 49
70 52 -75
70 54 -89
70 57 50
70 59 17
70 62 25
70 64 81
70 65 -35
70 71 30
70 72 -31
70 76 71
70 79 42
70 82 75
70 85 29
70 90 22
70 91 -61
70 99 -48
70 102 32
70 104 30
70 106 -11
70 111 94
70 116 6
70 117 -55
70 124 -72
70 125 11
70 126 -33
70 131 12
70 137 20
70 141 34
70 146 44
71 9 32
71 15 -19
71 17 2
71 20 -64
71 21 -46
71 23 8
71 25 -27
71 28 -89
71 30 13
71 34 60
71 37 75
71 42 64
71 43 -34
71 45 -57
71 46 -27
71 47 65
71 58 86
71 65 -4
71 74 16
71 76 12
71 78 93
71 84 63
71 85 -76
71 86 88
71 87 -14
71 88 -96
71 92 63
71 94 -11
71 97 22
71 100 -54
71 107 32
71 108 42
71 112 -57
71 115 40
71 116 28
71 121 -92
71 124 51
71 130 -4
71 133 -43
71 135 19
71 139 -58
71 141 -31
71 144 -33
71 149 96
72 6 -39
72 8 13
72 13 20
72 23 60
72 31 -78
72 38 54
72 41 39
72 42 33
72 44 -80
72 46 15
72 47 51
72 48 -48
72 49 -67
72 50 -82
72 53 -75
72 58 -2
72 59 -93
72 63 19
72 65 46
72 71 23
72 74 62
72 76 -86
72 80 -49
72 81 -38
72 83 77
72 84 33
72 90 -4
72 93 66
72 96 -95
72 97 7
72 100 23
72 105 -2
72 108 -35
72 112 -60
72 120 -48
72 122 -25
72 123 -67
72 126 69
72 130 -8
72 131 60
72 134 50
72 135 45
72 139 59
72 144 -73
72 149 -8
73 4 39
73 10 54
73 14 -39
73 20 -46
73 23 -75
73 25 -70
73 26 -6
73 29 -94
73 31 47
73 37 24
73 38 72
73 43 -11
73 44 31
73 51 -63
73 55 8
73 69 -16
73 76 11
73 84 -8
73 86 -85
73 87 11
73 93 56
73 99 38
73 102 94
73 103 -32
73 105 62
73 111 -69
73 118 -19
73 119 -66
73 120 56
73 123 76
73 125 -71
73 126 88
73 127 -24
73 129 97
73 132 -89
73 134 -35
73 139 -37
73 142 82
74 2 7
74 7 -27
74 8 90
74 16 -33
74 17 69
74 22 37
74 23 25
74 29 -43
74 31 -92
74 32 7
74 38 -75
74 40 68
74 52 82
74 53 9
74 60 -32
74 63 30
74 65 30
74 67 70
74 68 -97
74 70 29
74 73 -37
74 83 -39
74 88 -34
74 92 -93
74 99 -57
74 104 94
74 106 42
74 107 -85
74 108 10
74 111 51
74 115 13
74 116 -56
74 117 43
74 121 91
74 122 29
74 124 61
74 131 -14
74 136 19
74 141 -29
74 149 -86
75 16 -46
75 17 66
75 27 22
75 28 43
75 30 -61
75 32 71
75 41 -75
75 42 5
75 48 37
75 51 32
75 62 -62
75 63 -46
75 68 -18
75 73 57
75 74 -41
75 76 -25
75 78 40
75 79 98
75 81 86
75 82 -77
75 84 -55
75 90 -6
75 93 -6
75 94 -82
75 95 71
75 96 81
75 97 1
75 101 95
75 105 73
75 107 -85
75 113 100
75 114 -85
75 115 -86
75 117 -27
75 121 -29
75 126 -32
75 128 72
75 133 -67
75 137 18
75 143 -33
75 144 42
75 148 -37
76 0 67
76 13 6
76 16 -30
76 22 4
76 23 -3
76 26 -77
76 33 93
76 34 -70
76 38 -24
76 39 -58
76 41 19
76 44 96
76 47 -78
76 48 65
76 53 -39
76 54 12
76 55 17
76 59 9
76 61 3
76 62 63
76 65 6
76 68 51
76 69 -91
76 73 39
76 75 100
76 77 -87
76 79 100
76 81 81
76 82 -20
76 83 -42
76 85 95
76 86 -19
76 88 2
76 97 -38
76 98 -64
76 99 58
76 111 70
76 112 31
76 115 -73
76 117 -65
76 124 -87
76 132 41
76 133 -66
76 135 -50
76 148 86
77 0 -75
77 8 -87
77 9 37
77 10 -86
77 11 -37
77 14 -62
77 16 -72
77 17 99
77 21 99
77 26 65
77 27 -18
77 28 -97
77 34 -89
77 38 88
77 42 -38
77 50 26
77 51 24
77 56 -92
77 59 -90
77 65 -40
77 74 -20
77 82 51
77 85 -14
77 90 -84
77 91 69
77 93 -98
77 101 -86
77 103 -21
77 106 -16
77 108 -81
77 113 -53
77 114 79
77 119 24
77 122 74
77 125 -96
77 126 60
77 127 50
77 132 90
77 138 87
77 142 -83
77 143 -42
77 148 -20
78 2 -80
78 3 1
78 4 -39
78 7 -61
78 11 68
78 13 -53
78 14 -62
78 19 -18
78 21 -40
78 23 29
78 24 38
78 29 6
78 37 -96
78 46 92
78 49 -25
78 56 81
78 57 -47
78 64 -83
78 68 -78
78 71 -64
78 73 -20
78 74 -15
78 76 100
78 83 -13
78 89 -58
78 97 25
78 100 -50
78 103 54
78 107 -44
78 112 -83
78 118 67
78 124 -20
78 125 -48
78 129 -61
78 132 -17
78 134 -72
78 138 -3
78 144 -77
78 149 -46
79 1 -87
79 2 55
79 5 88
79 9 28
79 11 -44
79 14 -1
79 15 -44
79 17 -28
79 20 27
79 29 61
79 30 -7
79 34 29
79 36 70
79 37 29
79 39 -100
79 43 6
79 44 47
79 45 33
79 48 97
79 51 15
79 59 -62
79 60 -95
79 61 -61
79 69 -13
79 70 -24
79 74 56
79 78 -60
79 80 -97
79 81 19
79 82 34
79 87 65
79 89 -55
79 96 61
79 98 -26
79 99 -22
79 100 94
79 101 73
79 103 -92
79 107 -38
79 108 -100
79 111 -26
79 112 42
79 117 50
79 122 -89
79 123 -29
79 124 -96
79 127 91
79 129 94
79 130 -24
79 139 -69
80 1 -73
80 10 -35
80 12 -88
80 14 29
80 27 -43
80 29 69
80 33 9
80 37 -22
80 38 33
80 41 22
80 49 -67
80 51 76
80 53 -39
80 56 -1
80 59 -14
80 74 6
80 78 9
80 79 51
80 82 59
80 83 -67
80 88 73
80 92 -76
80 95 25
80 99 -6
80 100 71
80 102 -54
80 111 24
80 129 -27
80 131 -87
80 132 -95
80 134 -14
80 135 -15
80 141 -4
80 143 7
80 145 -42
80 147 15
81 1 -94
81 5 25
81 12 96
81 17 3
81 21 3
81 22 -85
81 24 -31
81 26 -87
81 27 15
81 28 -87
81 29 85
81 32 14
81 33 -82
81 38 -31
81 39 66
81 57 44
81 59 56
81 66 -15
81 69 31
81 71 16
81 87 -51
81 88 -47
81 89 -37
81 98 20
81 99 -8
81 102 39
81 107 23
81 109 48
81 110 -30
81 111 -77
81 115 -54
81 116 1
81 118 -59
81 122 36
81 123 -100
81 124 95
81 127 -31
81 128 -86
81 138 -21
81 145 72
81 147 92
82 0 -10
82 3 9
82 5 75
82 6 -13
82 9 15
82 24 51
82 25 -28
82 28 -8
82 32 82
82 33 -41
82 39 3
82 40 15
82 41 -89
82 43 21
82 49 19
82 51 -63
82 59 29
82 62 -5
82 66 -73
82 68 55
82 69 9
82 70 96
82 71 -2
82 73 -96
82 74 -75
82 85 -51
82 89 68
82 93 -36
82 94 -89
82 96 -51
82 98 -6
82 105 -89
82 112 80
82 115 91
82 118 73
82 119 -50
82 121 -91
82 140 56
82 145 68
82 148 -80
83 5 -69
83 6 73
83 18 47
83 21 -42
83 23 -44
83 27 32
83 28 74
83 31 -74
83 35 83
83 37 1
83 41 -53
83 44 77
83 45 -84
83 47 14
83 52 -64
83 60 -50
83 62 -30
83 72 27
83 74 -46
83 75 -28
83 79 -18
83 83 -52
83 84 70
83 85 -68
83 88 96
83 97 -34
83 105 -77
83 106 -95
83 114 23
83 116 -16
83 117 -3
83 119 -17
83 120 41
83 122 -39
83 125 73
83 130 -75
83 132 27
83 137 50
83 145 92
84 0 26
84 1 72
84 5 6
84 21 25
84 27 3
84 28 99
84 29 88
84 30 9
84 31 77
84 36 -77
84 37 36
84 38 66
84 39 71
84 42 -40
84 43 27
84 45 100
84 49 96
84 55 9
84 65 -38
84 70 56
84 73 17
84 74 74
84 75 -26
84 78 -68
84 79 31
84 87 -84
84 92 42
84 94 -82
84 96 62
84 97 -19
84 102 -62
84 103 12
84 105 27
84 108 35
84 109 -84
84 114 -48
84 115 -36
84 118 -53
84 121 -23
84 122 29
84 128 -56
84 129 -60
84 132 -76
84 134 -64
84 135 -51
84 140 -93
84 141 22
84 147 -95
84 149 -80
85 1 -50
85 2 -48
85 8 68
85 11 -39
85 16 32
85 19 -12
85 20 4
85 21 -91
85 26 -75
85 30 -49
85 44 75
85 46 15
85 47 -3
85 53 -14
85 61 6
85 68 84
85 71 81
85 74 98
85 79 62
85 81 40
85 82 14
85 85 33
85 91 75
85 96 100
85 98 -87
85 99 87
85 101 4
85 102 -11
85 105 77
85 107 60
85 108 71
85 109 -66
85 110 -32
85 113 -17
85 115 -9
85 117 -6
85 119 -18
85 120 51
85 125 -62
85 129 -74
85 131 -74
85 133 -25
85 139 -42
85 141 -56
85 142 -93
85 143 48
85 144 50
86 1 -69
86 8 17
86 10 -26
86 12 61
86 13 -91
86 14 -85
86 16 75
86 18 46
86 19 -83
86 25 -57
86 34 -15
86 41 -18
86 51 28
86 55 -85
86 58 88
86 59 91
86 62 -48
86 63 -61
86 69 21
86 70 -100
86 71 71
86 72 -71
86 74 -68
86 76 60
86 86 -23
86 93 37
86 94 -40
86 100 94
86 104 -56
86 105 -37
86 107 7
86 108 2
86 113 25
86 115 -97
86 120 -16
86 129 -31
86 132 88
86 142 -69
87 6 28
87 10 13
87 11 -89
87 13 73
87 14 -54
87 18 59
87 20 57
87 24 77
87 29 -46
87 30 -76
87 33 22
87 34 -89
87 35 10
87 45 -91
87 46 48
87 49 -51
87 54 -26
87 58 -75
87 60 -15
87 71 -97
87 76 99
87 77 88
87 78 84
87 83 48
87 84 61
87 85 24
87 92 89
87 93 87
87 105 -79
87 109 43
87 113 -32
87 121 3
87 125 27
87 127 -97
87 129 -68
87 134 -12
87 135 -7
87 136 54
87 142 95
88 0 75
88 2 84
88 9 7
88 23 -99
88 28 59
88 29 83
88 33 -74
88 37 1
88 40 -40
88 45 -22
88 48 42
88 54 -92
88 55 -30
88 57 -8
88 63 -50
88 65 -90
88 66 -49
88 67 100
88 74 61
88 75 -64
88 77 32
88 83 97
88 85 -54
88 86 -46
88 88 94
88 95 -70
88 96 -10
88 97 -62
88 98 4
88 99 94
88 106 -64
88 108 -39
88 114 -58
88 118 -79
88 121 -95
88 130 82
88 132 16
88 133 -77
88 141 -95
88 146 -32
88 147 43
88 148 -39
89 1 97
89 11 -59
89 12 -98
89 13 87
89 19 64
89 24 69
89 32 -72
89 33 16
89 35 83
89 36 52
89 39 70
89 48 -6
89 50 -75
89 51 21
89 52 -86
89 55 -56
89 58 44
89 59 -56
89 62 80
89 64 25
89 66 -75
89 68 82
89 69 -37
89 70 -57
89 71 -57
89 77 -5
89 78 79
89 79 40
89 80 -89
89 82 -52
89 85 98
89 86 35
89 90 -23
89 100 83
89 101 85
89 107 -25
89 108 21
89 109 -46
89 113 81
89 115 -1
89 116 78
89 117 8
89 125 -89
89 128 83
89 130 -16
89 137 -83
89 139 -44
89 141 30
89 144 -61
90 1 42
90 2 90
90 4 -9
90 7 28
90 9 65
90 21 -76
90 29 47
90 32 29
90 38 -23
90 39 43
90 40 87
90 43 38
90 44 49
90 45 -14
90 46 90
90 47 35
90 59 -72
90 66 19
90 68 56
90 72 -40
90 74 -72
90 76 90
90 77 21
90 82 -98
90 86 -30
90 87 -68
90 97 65
90 101 -91
90 102 20
90 104 9
90 112 -23
90 113 -61
90 117 -81
90 119 65
90 121 67
90 124 -57
90 132 -40
90 134 83
90 143 52
90 144 -66
90 147 73
90 148 39
90 149 -65
91 1 35
91 4 44
91 11 27
91 30 80
91 32 79
91 34 -83
91 35 79
91 43 28
91 45 86
91 52 71
91 55 -86
91 58 31
91 60 90
91 65 71
91 67 -19
91 69 32
91 73 -50
91 74 -60
91 75 13
91 79 79
91 80 26
91 84 -53
91 88 -19
91 93 1
91 94 -17
91 97 7
91 102 -2
91 106 85
91 111 -19
91 112 87
91 125 37
91 126 99
91 133 15
91 137 12
91 138 -72
91 143 -68
91 144 7
92 0 69
92 1 20
92 4 -75
92 11 -52
92 12 -15
92 15 -30
92 16 -73
92 26 -91
92 30 -91
92 32 50
92 35 74
92 38 -17
92 50 -93
92 53 -96
92 55 -18
92 57 82
92 60 -15
92 70 86
92 72 -67
92 76 13
92 90 -49
92 91 -3
92 97 -69
92 100 -90
92 103 4
92 116 4
92 118 -69
92 122 -53
92 123 -87
92 131 25
92 133 -46
92 139 -27
92 144 -95
92 146 80
93 0 54
93 6 -35
93 7 81
93 8 81
93 11 98
93 14 28
93 30 3
93 35 -64
93 42 99
93 45 79
93 49 64
93 50 6
93 51 -49
93 52 -30
93 53 -7
93 58 -33
93 60 58
93 66 99
93 67 46
93 69 -97
93 70 16
93 71 -60
93 79 19
93 83 84
93 84 97
93 91 55
93 92 59
93 93 45
93 94 57
93 98 -40
93 112 69
93 119 59
93 122 -49
93 123 -43
93 126 -44
93 127 58
93 128 -18
93 133 2
93 138 87
93 144 91
94 2 -51
94 9 -27
94 21 -35
94 25 93
94 28 91
94 32 53
94 41 39
94 43 -92
94 47 10
94 50 -13
94 57 48
94 60 -31
94 65 11
94 66 100
94 76 -41
94 78 -23
94 79 65
94 80 -32
94 82 20
94 83 -26
94 89 5
94 90 -59
94 92 48
94 102 -14
94 103 -34
94 107 -40
94 111 48
94 112 21
94 116 -3
94 120 56
94 126 37
94 130 -89
94 132 -61
94 136 -28
94 138 64
95 3 43
95 8 23
95 9 39
95 18 -95
95 19 35
95 20 81
95 22 4
95 23 -95
95 26 38
95 36 -63
95 38 -58
95 41 -70
95 46 -91
95 48 -43
95 49 90
95 51 19
95 53 -87
95 55 -46
95 63 49
95 67 -51
95 74 -47
95 75 -97
95 77 -92
95 79 13
95 80 -2
95 81 7
95 88 -12
95 93 -88
95 96 -59
95 97 -73
95 99 80
95 104 37
95 107 47
95 112 98
95 113 -50
95 115 96
95 119 19
95 126 82
95 130 10
95 131 -67
95 135 -52
95 137 24
95 139 19
95 140 -80
95 145 -5
95 146 20
96 15 -79
96 16 -42
96 17 -14
96 22 -13
96 26 33
96 27 -32
96 30 -50
96 36 86
96 41 -56
96 44 -74
96 55 -60
96 56 -96
96 61 28
96 75 -2
96 78 -54
96 79 25
96 80 -34
96 82 -53
96 83 44
96 85 -30
96 86 94
96 90 -71
96 91 -16
96 93 28
96 101 100
96 105 46
96 111 55
96 113 82
96 115 -67
96 116 38
96 122 35
96 123 -98
96 125 58
96 131 -77
96 132 -21
96 137 -93
96 139 -29
96 140 -23
96 143 -33
96 144 73
96 149 76
97 3 -54
97 5 -81
97 8 10
97 11 57
97 12 -62
97 28 -49
97 29 52
97 30 80
97 31 71
97 33 -9
97 34 -68
97 36 -41
97 40 -35
97 42 -92
97 47 96
97 50 -100
97 54 -66
97 56 30
97 62 -49
97 65 -36
97 67 -60
97 69 -52
97 75 -38
97 81 -40
97 83 89
97 89 -85
97 90 -30
97 91 98
97 92 40
97 95 46
97 96 -3
97 98 -82
97 103 -2
97 106 -20
97 118 -79
97 121 -40
97 124 61
97 125 23
97 126 98
97 139 31
97 143 95
97 146 -44
97 147 47
98 1 -74
98 8 -53
98 14 -54
98 16 39
98 17 62
98 19 69
98 20 -49
98 21 -8
98 23 -96
98 25 82
98 31 -5
98 33 29
98 34 -53
98 37 61
98 42 28
98 51 -98
98 57 -11
98 58 -6
98 60 76
98 62 -19
98 63 3
98 64 -4
98 71 36
98 75 -11
98 82 -30
98 83 -66
98 85 -61
98 86 82
98 88 -54
98 89 54
98 90 40
98 101 49
98 103 27
98 104 56
98 107 -6
98 112 -11
98 114 82
98 116 10
98 117 -84
98 118 -25
98 123 30
98 125 -73
98 126 64
98 128 -60
98 129 -26
98 133 34
98 139 12
98 142 -81
98 144 -30
99 1 87
99 3 88
99 4 14
99 5 -91
99 7 57
99 10 -54
99 17 -40
99 18 -87
99 21 49
99 23 -17
99 26 69
99 27 44
99 28 82
99 29 19
99 31 98
99 36 60
99 47 -24
99 49 -28
99 51 33
99 53 -69
99 54 -64
99 56 -42
99 62 -90
99 67 -48
99 71 -35
99 72 91
99 73 -80
99 78 -8
99 80 92
99 85 100
99 89 42
99 94 98
99 95 -40
99 102 58
99 106 -92
99 107 57
99 109 11
99 114 -46
99 119 12
99 120 13
99 122 -88
99 123 -55
99 124 -29
99 125 65
99 126 -25
99 127 59
99 129 -89
99 134 -62
99 144 -74
99 146 -70
100 1 -87
100 2 73
100 4 -59
100 5 -53
100 6 -21
100 10 73
100 13 -20
100 14 53
100 15 67
100 18 67
100 20 -98
100 27 -56
100 30 10
100 35 30
100 38 61
100 42 -54
100 43 -73
100 46 -47
100 47 4
100 54 -34
100 59 29
100 66 -53
100 67 -81
100 74 26
100 79 19
100 80 -88
100 84 -78
100 86 -1
100 95 40
100 100 -26
100 103 -77
100 109 46
100 113 39
100 119 74
100 125 25
100 130 -41
100 132 -9
100 133 31
100 134 57
100 138 75
100 141 56
100 143 -52
100 145 36
100 146 -34
100 149 -24
101 0 -31
101 3 24
101 4 58
101 7 61
101 8 -48
101 9 -91
101 10 100
101 15 -71
101 17 -32
101 20 -38
101 22 -34
101 27 -83
101 30 -34
101 33 -9
101 34 97
101 38 -16
101 40 36
101 43 -95
101 45 63
101 51 82
101 58 54
101 61 -21
101 62 -32
101 63 25
101 66 -24
101 73 81
101 78 68
101 81 -25
101 83 -10
101 84 15
101 85 -73
101 86 -88
101 90 -4
101 91 -54
101 93 -10
101 94 -76
101 96 -1
101 102 -6
101 107 -18
101 112 -18
101 123 -18
101 126 -25
101 138 -54
101 139 -60
101 141 -31
101 144 -61
101 146 35
102 0 -77
102 7 8
102 12 -18
102 15 27
102 17 -39
102 20 12
102 28 36
102 31 81
102 33 60
102 37 52
102 38 11
102 41 -91
102 45 -11
102 47 33
102 49 6
102 51 -100
102 52 68
102 53 -22
102 54 -10
102 56 -52
102 58 -22
102 61 -8
102 66 88
102 68 -60
102 75 60
102 76 -1
102 77 15
102 81 -67
102 85 8
102 86 33
102 89 -13
102 93 29
102 95 78
102 101 -31
102 105 7
102 112 -53
102 118 -1
102 120 -43
102 124 -77
102 128 73
102 129 -79
102 130 -17
102 132 4
102 135 -92
102 137 -98
102 142 11
102 147 8
102 148 -68
102 149 50
103 1 7
103 5 -38
103 8 61
103 10 -16
103 11 -16
103 13 90
103 17 -39
103 18 -45
103 34 17
103 35 -95
103 37 59
103 39 -74
103 43 83
103 45 -58
103 47 -27
103 66 -16
103 67 96
103 68 19
103 74 -30
103 75 -10
103 76 -49
103 77 -12
103 81 78
103 82 72
103 85 14
103 95 -7
103 96 72
103 103 20
103 104 -90
103 112 16
103 117 24
103 118 -82
103 127 -59
103 128 -80
103 132 -93
103 139 62
104 2 5
104 10 76
104 11 69
104 14 39
104 16 73
104 18 99
104 20 29
104 24 10
104 25 20
104 28 -31
104 29 3
104 31 -74
104 36 -44
104 38 32
104 48 40
104 49 -61
104 50 42
104 51 -47
104 55 -24
104 59 57
104 66 -8
104 67 -62
104 71 -9
104 73 25
104 76 -89
104 81 40
104 82 13
104 85 -55
104 86 56
104 88 -14
104 94 -58
104 95 -67
104 96 -56
104 97 -4
104 98 -94
104 100 67
104 101 -89
104 105 -23
104 108 -30
104 109 -28
104 110 99
104 118 98
104 125 66
104 128 -28
104 131 11
104 137 -48
104 142 93
104 146 -76
104 148 -17
105 5 42
105 7 45
105 13 77
105 18 -23
105 24 -51
105 25 15
105 37 -56
105 39 -1
105 41 21
105 44 -47
105 47 45
105 48 -23
105 52 2
105 53 -22
105 54 64
105 57 -11
105 60 30
105 62 41
105 64 52
105 65 -63
105 69 98
105 72 98
105 77 -56
105 85 -41
105 92 63
105 101 -54
105 102 86
105 105 30
105 110 48
105 111 -95
105 117 -91
105 137 7
105 142 -65
105 143 -78
106 5 94
106 7 -42
106 9 32
106 11 -93
106 12 -49
106 15 -10
106 20 -67
106 33 12
106 40 -42
106 41 23
106 44 41
106 47 -83
106 51 -43
106 52 28
106 53 -25
106 63 -11
106 65 85
106 69 -71
106 75 -29
106 76 -3
106 77 -26
106 93 -15
106 96 96
106 97 19
106 98 -5
106 105 18
106 106 -85
106 107 -61
106 109 45
106 113 -78
106 120 -99
106 121 75
106 126 -55
106 131 -99
106 135 34
106 138 23
106 143 42
106 144 -70
106 145 62
106 146 -32
106 149 21
107 3 24
107 5 -40
107 9 -33
107 10 19
107 11 -53
107 14 -98
107 15 -96
107 23 -35
107 43 -41
107 49 -36
107 54 3
107 56 87
107 70 59
107 74 58
107 77 -28
107 78 -25
107 84 -26
107 96 -20
107 99 -75
107 104 -50
107 107 -81
107 110 53
107 111 28
107 112 -9
107 114 -70
107 116 -26
107 117 -9
107 120 -40
107 132 -9
107 140 -74
107 142 -64
108 4 57
108 5 26
108 7 -97
108 14 65
108 15 26
108 17 84
108 18 21
108 19 -63
108 28 -76
108 29 46
108 30 -43
108 34 -17
108 35 -47
108 38 -67
108 48 -39
108 49 -32
108 50 92
108 53 -15
108 56 -38
108 60 -10
108 67 64
108 72 91
108 73 -23
108 75 -95
108 77 -43
108 79 -24
108 81 -50
108 82 -28
108 84 17
108 87 83
108 93 -54
108 94 -5
108 96 -6
108 97 38
108 103 11
108 104 21
108 109 -93
108 112 33
108 113 65
108 114 38
108 121 80
108 130 -70
108 142 -19
108 143 74
108 145 66
109 0 42
109 2 -65
109 6 24
109 10 5
109 11 -37
109 13 -13
109 16 58
109 19 18
109 20 -55
109 23 59
109 25 -61
109 26 -5
109 32 62
109 33 3
109 35 71
109 36 93
109 40 77
109 43 80
109 49 40
109 51 24
109 52 -27
109 56 -14
109 58 -88
109 59 -3
109 62 45
109 69 10
109 72 -53
109 73 -72
109 77 93
109 78 -81
109 80 10
109 81 -55
109 82 73
109 83 -89
109 84 27
109 85 13
109 102 63
109 105 87
109 108 -58
109 109 -38
109 110 94
109 111 -98
109 113 1
109 121 41
109 123 -57
109 136 -18
109 140 83
109 143 -46
110 2 67
110 12 90
110 14 38
110 20 -47
110 27 -47
110 28 100
110 29 -67
110 32 -3
110 39 -36
110 42 -12
110 44 13
110 53 25
110 55 -26
110 56 -80
110 64 -27
110 75 6
110 77 15
110 79 -4
110 80 67
110 82 62
110 84 96
110 85 -4
110 87 33
110 90 77
110 93 -67
110 98 -27
110 104 -33
110 109 -88
110 110 96
110 111 62
110 118 16
110 128 -21
110 136 -21
110 138 17
110 146 30
111 5 73
111 7 -94
111 8 -61
111 9 27
111 13 90
111 14 -3
111 15 -35
111 18 72
111 19 97
111 21 67
111 22 42
111 24 49
111 25 92
111 28 96
111 31 70
111 32 -78
111 36 -11
111 40 -77
111 45 -34
111 50 92
111 51 30
111 52 50
111 61 -14
111 63 -37
111 66 20
111 71 -6
111 73 -62
111 78 -62
111 79 26
111 82 -19
111 83 54
111 86 -60
111 89 29
111 90 -13
111 92 -81
111 100 -90
111 107 69
111 110 7
111 111 51
111 115 34
111 119 -36
111 121 60
111 122 -33
111 126 99
111 128 -75
111 141 64
111 143 93
111 145 -6
111 146 -57
112 5 -96
112 16 -72
112 22 -44
112 23 -17
112 25 42
112 27 18
112 29 21
112 31 56
112 32 -87
112 35 66
112 37 -7
112 39 83
112 47 -99
112 49 -57
112 55 46
112 60 48
112 62 -20
112 65 -18
112 66 -31
112 67 -84
112 71 -5
112 72 -96
112 77 -85
112 80 -15
112 81 46
112 94 -71
112 98 54
112 105 40
112 110 -5
112 120 71
112 123 4
112 126 94
112 131 4
112 132 -72
112 142 96
112 144 76
112 145 -75
112 146 -14
113 0 -75
113 2 47
113 7 -88
113 8 -7
113 9 -91
113 10 26
113 11 45
113 14 -76
113 31 14
113 41 -100
113 43 59
113 44 64
113 47 -8
113 60 -66
113 63 19
113 69 36
113 70 62
113 74 56
113 87 40
113 88 -96
113 93 -19
113 94 48
113 101 16
113 105 63
113 119 56
113 122 73
113 124 -61
113 125 -40
113 126 57
113 127 84
113 130 -44
113 132 -52
113 136 55
113 139 57
113 141 3
113 142 -31
113 145 -28
113 147 12
114 3 73
114 4 6
114 10 53
114 12 75
114 17 -27
114 22 -76
114 23 -50
114 28 45
114 31 -44
114 43 -47
114 47 52
114 49 -3
114 51 37
114 53 -87
114 54 -65
114 55 11
114 56 6
114 57 -34
114 59 78
114 61 -55
114 63 -64
114 66 -6
114 70 -50
114 71 27
114 72 68
114 77 31
114 88 -85
114 95 82
114 97 -75
114 99 79
114 102 -23
114 103 21
114 105 59
114 108 24
114 114 35
114 119 -79
114 121 23
114 129 32
114 131 78
114 138 18
114 139 91
114 140 82
114 144 -84
114 145 70
114 147 81
114 149 15
115 4 -12
115 5 25
115 11 83
115 13 38
115 15 50
115 16 -50
115 24 -80
115 26 16
115 31 -96
115 32 48
115 34 61
115 37 87
115 38 -32
115 41 -94
115 44 54
115 45 -97
115 48 59
115 49 -51
115 52 -39
115 53 15
115 54 18
115 57 1
115 59 14
115 68 9
115 71 77
115 73 -45
115 74 97
115 77 7
115 78 84
115 79 17
115 86 -51
115 87 86
115 89 10
115 90 6
115 91 80
115 92 66
115 98 5
115 102 -74
115 103 -32
115 106 -7
115 109 32
115 113 -94
115 114 -34
115 115 -18
115 120 75
115 122 -80
115 125 -43
115 130 -9
115 135 -76
115 137 62
115 139 -50
115 141 63
115 147 -78
116 17 75
116 18 14
116 19 -91
116 20 -18
116 22 -44
116 25 -55
116 30 95
116 31 -7
116 32 9
116 40 32
116 43 97
116 44 -42
116 47 93
116 51 46
116 57 -25
116 60 -93
116 64 -28
116 67 42
116 68 -21
116 69 -31
116 70 -72
116 73 49
116 74 84
116 75 47
116 76 55
116 77 10
116 78 -86
116 82 -27
116 92 76
116 98 67
116 99 -43
116 112 13
116 115 -38
116 117 -90
116 121 -76
116 125 -76
116 127 45
116 136 -78
116 137 -81
116 144 -88
116 145 12
116 147 -20
116 148 91
117 1 -49
117 2 56
117 7 23
117 15 -37
117 23 -88
117 26 -57
117 28 46
117 33 -22
117 36 -48
117 39 13
117 40 -52
117 42 97
117 46 63
117 48 -10
117 50 -17
117 53 46
117 54 70
117 58 -12
117 64 32
117 74 -45
117 77 43
117 79 -79
117 81 -9
117 88 70
117 91 -1
117 92 -24
117 97 73
117 100 -87
117 106 -83
117 109 -7
117 110 81
117 111 15
117 121 -4
117 132 -39
117 146 -5
117 147 -25
117 149 -17
118 0 -10
118 4 -48
118 5 89
118 7 -28
118 10 -35
118 11 -85
118 13 39
118 17 53
118 21 -81
118 26 -82
118 33 69
118 34 8
118 36 9
118 38 12
118 41 -54
118 42 -7
118 43 -43
118 44 41
118 46 59
118 47 -45
118 50 -69
118 51 89
118 53 -48
118 54 -51
118 55 -87
118 56 -31
118 57 -7
118 61 68
118 63 24
118 66 48
118 68 -92
118 69 -39
118 73 -62
118 79 -59
118 86 -3
118 89 90
118 91 26
118 92 -74
118 93 50
118 98 55
118 101 29
118 111 5
118 117 -55
118 120 31
118 122 64
118 127 -29
118 129 -17
118 145 -28
118 146 15
118 148 -3
119 4 -16
119 11 84
119 15 -51
119 16 18
119 17 -3
119 20 62
119 31 -64
119 33 88
119 54 -18
119 58 27
119 76 -57
119 79 -61
119 80 50
119 81 -36
119 82 -2
119 97 55
119 101 97
119 104 89
119 105 -58
119 110 -44
119 112 41
119 117 42
119 118 43
119 122 -60
119 125 -84
119 129 -95
119 131 60
119 134 -29
119 139 92
119 140 60
119 146 -93
120 2 24
120 6 -48
120 18 -28
120 21 47
120 22 -12
120 23 -99
120 27 -53
120 29 -44
120 33 -19
120 34 -20
120 41 48
120 42 -20
120 45 -85
120 51 -97
120 56 -26
120 57 45
120 59 -1
120 60 4
120 67 -38
120 71 29
120 81 32
120 83 -30
120 86 67
120 94 -96
120 96 11
120 101 -25
120 102 13
120 105 -56
120 107 -32
120 110 25
120 114 93
120 115 58
120 118 -6
120 120 -67
120 129 32
120 131 -69
120 133 -87
120 134 -24
120 137 -87
120 138 -32
120 143 93
120 146 -89
120 147 36
121 4 76
121 10 -32
121 14 -37
121 17 64
121 18 58
121 22 -29
121 25 -77
121 28 -11
121 31 32
121 35 -10
121 42 -75
121 44 60
121 49 58
121 56 91
121 58 -71
121 60 34
121 62 29
121 64 -14
121 65 -88
121 68 20
121 75 -22
121 77 -69
121 82 10
121 88 47
121 89 20
121 91 33
121 92 93
121 94 -63
121 98 69
121 99 78
121 102 78
121 108 93
121 111 73
121 113 -72
121 117 -24
121 127 -25
121 128 -77
121 133 37
121 134 -97
121 137 66
121 138 4
121 142 31
121 144 -10
121 145 74
121 147 -4
122 1 -7
122 2 30
122 3 -83
122 9 11
122 13 -92
122 14 -99
122 15 -27
122 22 3
122 23 -50
122 27 30
122 28 -30
122 30 46
122 33 -90
122 34 40
122 38 63
122 39 28
122 46 -29
122 47 -63
122 51 -78
122 55 -98
122 58 26
122 63 -78
122 64 -74
122 65 20
122 69 29
122 78 99
122 81 95
122 86 33
122 87 14
122 100 89
122 102 30
122 103 -10
122 107 33
122 109 14
122 110 -72
122 111 -6
122 112 -15
122 114 97
122 115 62
122 116 -11
122 117 -39
122 120 26
122 122 -84
122 124 -15
122 125 62
122 126 -57
122 130 -78
122 133 37
122 134 -75
122 135 -25
122 137 95
122 138 -84
122 149 95
123 3 100
123 4 -79
123 6 -52
123 9 -3
123 11 40
123 19 -20
123 23 14
123 24 -76
123 28 93
123 31 -21
123 41 76
123 47 -42
123 48 -35
123 50 25
123 52 86
123 58 -89
123 59 5
123 60 -79
123 70 35
123 72 31
123 74 35
123 75 65
123 86 70
123 87 -68
123 89 86
123 94 84
123 95 -34
123 98 50
123 99 3
123 104 -36
123 110 -60
123 111 -78
123 117 -2
123 120 35
123 125 -9
123 135 20
123 141 87
124 7 48
124 11 -45
124 17 -99
124 23 -97
124 28 65
124 30 -37
124 32 53
124 43 62
124 44 -89
124 46 13
124 48 22
124 54 -55
124 57 -49
124 69 -8
124 74 -31
124 75 -69
124 76 2
124 77 -79
124 81 -77
124 83 -44
124 87 2
124 91 49
124 95 63
124 96 69
124 99 -79
124 101 39
124 103 -42
124 104 93
124 122 -64
124 126 -75
124 131 62
124 132 -30
124 133 -52
124 140 -22
125 3 -3
125 9 -11
125 11 -95
125 12 -51
125 13 -97
125 14 10
125 16 -89
125 18 -36
125 19 -41
125 20 40
125 24 -99
125 25 72
125 28 33
125 36 -58
125 38 73
125 39 45
125 49 6
125 53 -46
125 54 -24
125 56 -75
125 57 -40
125 60 36
125 62 6
125 63 33
125 65 57
125 68 -67
125 77 -57
125 78 -71
125 86 -100
125 91 -10
125 94 -32
125 105 -94
125 106 -21
125 110 37
125 112 33
125 113 76
125 116 -6
125 120 -48
125 126 67
125 129 13
125 133 53
125 134 25
125 136 17
126 11 84
126 17 2
126 18 -55
126 19 31
126 21 88
126 35 83
126 36 1
126 37 -8
126 42 -87
126 44 -88
126 45 7
126 47 3
126 49 64
126 51 14
126 53 -9
126 65 -90
126 73 67
126 77 -35
126 80 -19
126 84 1
126 85 57
126 89 90
126 91 -25
126 95 14
126 96 11
126 98 -50
126 105 12
126 108 -84
126 109 -4
126 110 -64
126 120 -71
126 122 -67
126 124 40
126 126 -28
126 127 87
126 135 10
126 141 37
126 146 76
127 3 -22
127 6 -52
127 7 39
127 11 10
127 13 -58
127 14 -39
127 16 39
127 25 -68
127 27 7
127 34 -12
127 40 -18
127 44 -12
127 45 53
127 46 -45
127 47 -25
127 50 79
127 52 1
127 54 83
127 59 -24
127 61 4
127 62 -8
127 66 17
127 67 66
127 68 87
127 72 66
127 74 57
127 76 -91
127 79 -53
127 80 -54
127 83 97
127 84 -81
127 88 -97
127 102 2
127 111 78
127 114 -16
127 119 23
127 127 97
127 129 -62
127 132 -83
127 133 -25
127 135 34
127 137 69
127 138 -4
127 145 28
128 1 -5
128 3 84
128 11 -56
128 15 -51
128 16 7
128 17 11
128 19 100
128 24 30
128 25 67
128 26 45
128 28 -80
128 32 32
128 34 -51
128 35 -27
128 42 -58
128 44 -11
128 48 -40
128 54 -58
128 55 35
128 57 -90
128 64 -14
128 65 -13
128 68 58
128 70 -1
128 72 -31
128 76 -46
128 81 69
128 89 -11
128 90 38
128 92 14
128 94 48
128 97 71
128 104 -57
128 106 97
128 107 -60
128 110 -7
128 111 -64
128 115 17
128 119 77
128 123 13
128 129 -93
128 131 -7
128 133 30
128 138 -25
128 140 63
128 146 -15
129 1 -69
129 4 -82
129 10 -20
129 14 64
129 15 54
129 16 -38
129 18 48
129 20 16
129 22 69
129 27 87
129 29 -64
129 33 33
129 34 -15
129 40 50
129 41 60
129 47 85
129 50 38
129 51 51
129 52 49
129 54 -2
129 56 -20
129 57 62
129 59 64
129 60 38
129 61 67
129 62 63
129 74 -75
129 76 75
129 78 -29
129 79 -10
129 82 -9
129 83 -29
129 84 5
129 89 63
129 92 27
129 93 -3
129 94 38
129 96 -12
129 101 -47
129 103 -98
129 116 43
129 117 -24
129 120 -38
129 141 85
129 142 -47
129 148 -31
129 149 -88
130 2 6
130 4 -17
130 5 -37
130 6 54
130 11 -18
130 13 19
130 17 -73
130 22 -49
130 27 -37
130 29 15
130 36 -88
130 41 -61
130 45 -52
130 47 -49
130 55 68
130 56 -32
130 57 35
130 59 -53
130 62 48
130 65 78
130 69 -48
130 71 63
130 73 -3
130 74 73
130 76 23
130 77 22
130 80 -58
130 95 35
130 96 -97
130 100 14
130 103 -54
130 108 -14
130 121 40
130 122 18
130 123 -61
130 127 -99
130 128 42
130 135 45
130 137 -53
130 139 96
130 142 88
130 143 72
130 145 63
130 148 -49
131 1 -75
131 4 -18
131 6 -63
131 8 38
131 9 7
131 13 -16
131 14 32
131 16 53
131 17 -21
131 20 -100
131 23 71
131 24 -20
131 25 -55
131 30 -66
131 32 -15
131 36 50
131 38 -4
131 39 87
131 41 80
131 44 8
131 46 16
131 47 -87
131 50 65
131 55 9
131 63 12
131 68 -77
131 69 -52
131 71 -71
131 73 38
131 77 66
131 87 -87
131 91 27
131 93 -37
131 100 100
131 102 23
131 104 -47
131 110 48
131 112 51
131 113 -93
131 116 26
131 122 -62
131 130 -47
131 131 -56
131 132 33
131 138 -13
131 142 -17
131 143 -29
132 14 -22
132 21 57
132 26 -42
132 28 -29
132 30 86
132 34 48
132 35 -3
132 44 22
132 50 32
132 53 2
132 55 7
132 62 57
132 64 -73
132 67 -72
132 72 47
132 74 78
132 80 -44
132 83 -72
132 89 63
132 96 23
132 98 77
132 102 71
132 106 -82
132 110 37
132 114 -24
132 121 -40
132 126 24
132 128 -70
132 136 30
132 143 35
132 144 19
132 146 31
132 148 -95
132 149 -13
133 1 -24
133 6 46
133 7 -29
133 9 50
133 12 9
133 13 -96
133 19 -71
133 25 -89
133 26 38
133 31 -88
133 32 87
133 35 -68
133 36 99
133 37 -9
133 39 -38
133 40 88
133 44 -98
133 45 23
133 48 -27
133 49 43
133 50 23
133 51 -84
133 54 -41
133 60 -16
133 61 -51
133 64 54
133 65 -14
133 71 -83
133 74 -81
133 77 68
133 79 -49
133 80 -19
133 81 -54
133 83 -18
133 84 93
133 86 -78
133 90 -30
133 91 -77
133 92 11
133 93 14
133 94 85
133 96 -10
133 98 83
133 99 81
133 112 32
133 120 59
133 121 18
133 122 -57
133 127 -59
133 130 -34
133 138 -39
133 139 87
133 147 14
134 8 71
134 11 -76
134 13 35
134 14 73
134 15 -10
134 24 -33
134 26 91
134 27 -18
134 28 -8
134 32 -37
134 36 -73
134 38 -64
134 41 -86
134 54 50
134 61 -18
134 64 43
134 65 25
134 71 32
134 79 -65
134 88 41
134 95 -86
134 98 -65
134 99 -74
134 102 71
134 108 -98
134 110 40
134 111 95
134 124 1
134 126 58
134 128 91
134 131 3
134 136 85
134 138 5
134 139 -95
134 140 -6
134 141 43
134 143 100
134 144 -13
134 145 -84
134 149 -80
135 1 -86
135 7 7
135 11 91
135 14 -66
135 22 94
135 23 25
135 27 63
135 30 -64
135 32 44
135 36 -61
135 37 -11
135 38 6
135 39 -31
135 43 5
135 46 -88
135 49 -7
135 59 20
135 61 -22
135 77 12
135 80 68
135 81 -27
135 82 75
135 86 76
135 88 56
135 92 -99
135 93 98
135 96 -76
135 97 36
135 98 -14
135 101 35
135 103 67
135 105 5
135 112 4
135 115 -99
135 116 -3
135 125 -47
135 129 -68
135 140 -92
135 142 -1
136 1 -94
136 2 22
136 3 -71
136 4 8
136 5 -33
136 7 -80
136 11 61
136 19 -92
136 30 21
136 32 46
136 34 -5
136 35 81
136 36 48
136 43 -37
136 47 85
136 48 -5
136 49 45
136 51 -36
136 53 92
136 59 -95
136 69 -33
136 71 -12
136 80 -57
136 81 -85
136 83 84
136 85 -14
136 91 -22
136 94 -58
136 99 -75
136 100 -92
136 107 64
136 108 19
136 115 91
136 117 -52
136 121 31
136 122 -68
136 123 83
136 131 100
136 132 45
136 134 -41
136 135 97
136 137 73
136 140 -45
136 142 -59
137 8 90
137 10 57
137 14 -81
137 15 97
137 16 -82
137 17 70
137 28 -36
137 37 32
137 39 -92
137 40 76
137 43 8
137 47 76
137 49 61
137 54 47
137 55 -30
137 64 47
137 66 59
137 73 87
137 75 79
137 77 71
137 78 82
137 82 -98
137 88 70
137 89 -72
137 92 -15
137 94 28
137 95 55
137 97 -50
137 98 46
137 100 62
137 102 44
137 103 26
137 108 93
137 112 82
137 119 42
137 124 27
137 126 -91
137 128 -44
137 130 -46
137 134 -44
137 137 93
137 139 31
137 143 77
138 1 -38
138 3 -29
138 4 -49
138 5 57
138 12 -17
138 16 -2
138 21 -88
138 24 -42
138 28 13
138 30 32
138 34 94
138 42 -7
138 43 -48
138 44 -27
138 47 55
138 51 -50
138 54 -96
138 57 54
138 62 -23
138 63 -5
138 65 -11
138 69 51
138 71 26
138 73 -27
138 74 1
138 78 -55
138 79 94
138 89 -1
138 91 -7
138 93 15
138 95 -69
138 96 -87
138 97 -82
138 103 -100
138 104 -65
138 108 -10
138 114 44
138 116 -84
138 119 -55
138 120 15
138 121 98
138 125 17
138 133 -3
138 139 -18
138 143 57
138 146 72
138 149 -22
139 1 17
139 7 44
139 9 -70
139 13 -16
139 15 26
139 19 8
139 25 -1
139 26 10
139 35 82
139 44 -65
139 45 53
139 46 94
139 47 23
139 51 89
139 57 -29
139 60 42
139 65 58
139 66 96
139 67 38
139 70 -26
139 77 -21
139 79 20
139 84 31
139 87 66
139 99 80
139 100 7
139 110 -45
139 113 -21
139 115 -3
139 122 4
139 124 -6
139 126 27
139 128 -6
139 131 24
139 134 -67
139 135 -75
139 143 22
140 2 -10
140 5 15
140 9 -61
140 11 11
140 14 -39
140 15 91
140 19 -53
140 21 -61
140 26 -47
140 33 5
140 34 -70
140 38 75
140 39 -68
140 40 5
140 50 63
140 51 -54
140 54 83
140 55 -16
140 59 -23
140 62 -97
140 64 -54
140 65 -13
140 69 4
140 71 -14
140 79 85
140 84 9
140 92 67
140 95 58
140 102 -86
140 103 38
140 104 -85
140 105 -11
140 110 77
140 116 38
140 117 -73
140 120 -14
140 122 66
140 123 4
140 124 -28
140 131 9
140 135 32
140 140 -24
140 143 -88
141 1 -23
141 6 28
141 9 -48
141 10 47
141 23 68
141 32 63
141 35 -16
141 41 39
141 44 -63
141 48 42
141 54 20
141 55 21
141 57 36
141 60 -27
141 64 -23
141 66 83
141 72 -19
141 75 -21
141 83 -18
141 85 45
141 91 25
141 98 -85
141 112 -71
141 116 -44
141 120 71
141 121 93
141 126 27
141 127 18
141 128 49
141 131 -70
141 132 77
141 134 7
141 137 53
141 144 42
141 146 96
142 4 48
142 7 -15
142 12 78
142 13 36
142 14 20
142 17 -39
142 18 -78
142 35 23
142 37 27
142 40 83
142 41 -92
142 44 7
142 47 4
142 54 47
142 57 -83
142 60 -25
142 65 14
142 71 -29
142 76 -46
142 78 -50
142 85 -49
142 89 79
142 94 17
142 95 51
142 98 -17
142 102 -43
142 103 43
142 107 -70
142 121 -77
142 122 -57
142 123 -45
142 124 61
142 127 15
142 130 96
142 134 86
142 137 -43
142 140 37
142 144 63
143 7 32
143 13 -81
143 15 58
143 18 70
143 26 -40
143 27 86
143 29 -75
143 30 -60
143 33 -23
143 35 -54
143 38 82
143 50 -73
143 51 82
143 56 -69
143 58 9
143 60 93
143 62 -83
143 65 25
143 66 58
143 69 66
143 71 54
143 76 2
143 85 53
143 86 -61
143 89 -51
143 92 -7
143 102 -80
143 104 93
143 107 -66
143 114 21
143 116 -59
143 121 58
143 125 -81
143 126 -57
143 134 -100
143 137 -7
143 144 11
143 149 9
144 0 3
144 2 43
144 3 87
144 16 75
144 27 -14
144 28 -59
144 30 -98
144 32 -51
144 34 -70
144 45 50
144 46 -58
144 48 16
144 49 -32
144 55 76
144 56 35
144 67 -92
144 69 -31
144 74 88
144 86 -48
144 87 6
144 88 79
144 98 46
144 101 54
144 113 65
144 116 79
144 123 -49
144 125 89
144 137 -9
144 139 -87
144 146 99
144 147 35
145 7 89
145 13 20
145 16 -33
145 22 54
145 24 62
145 27 -64
145 33 -6
145 36 -64
145 39 -39
145 42 64
145 45 11
145 48 -75
145 50 -99
145 51 96
145 52 -51
145 53 -14
145 54 54
145 56 31
145 59 2
145 63 -26
145 67 -100
145 68 -33
145 69 36
145 72 -91
145 77 46
145 83 -38
145 91 -35
145 104 -35
145 105 -8
145 110 -52
145 116 -52
145 117 95
145 118 53
145 120 18
145 122 94
145 124 -52
145 125 55
145 129 -50
145 138 -37
145 141 -20
145 142 35
145 143 -79
145 148 -28
146 1 -11
146 9 -20
146 12 73
146 16 -28
146 22 24
146 23 30
146 24 -7
146 26 19
146 29 58
146 31 47
146 34 -65
146 38 -17
146 39 -18
146 49 76
146 56 -34
146 57 41
146 67 87
146 74 -51
146 75 36
146 81 9
146 87 60
146 89 -67
146 90 -37
146 92 -3
146 93 86
146 95 75
146 97 73
146 108 -51
146 109 15
146 117 -48
146 119 82
146 124 -52
146 126 73
146 127 -15
146 129 73
146 130 -89
146 135 50
146 138 29
146 143 -68
146 144 -97
146 145 71
146 146 -45
146 147 83
146 148 -41
147 2 -92
147 4 49
147 9 -88
147 11 -27
147 13 97
147 17 59
147 19 -40
147 20 -53
147 22 7
147 26 64
147 27 81
147 28 38
147 29 -18
147 33 23
147 36 -44
147 38 -34
147 39 -73
147 44 -78
147 45 13
147 50 58
147 54 12
147 56 -4
147 64 24
147 65 52
147 66 82
147 67 63
147 69 36
147 70 -53
147 74 -47
147 82 22
147 83 37
147 84 20
147 89 68
147 93 -96
147 100 38
147 104 87
147 108 31
147 112 39
147 114 -90
147 118 -31
147 119 65
147 123 -70
147 127 98
147 128 -64
147 133 -89
147 134 13
147 141 57
148 2 -36
148 5 84
148 9 22
148 10 -5
148 11 -54
148 12 -57
148 15 -67
148 23 -23
148 28 -19
148 29 90
148 33 2
148 41 -34
148 49 75
148 51 -43
148 54 91
148 55 69
148 58 -74
148 65 -27
148 67 38
148 68 9
148 78 85
148 79 -48
148 80 -93
148 82 44
148 84 -57
148 85 11
148 89 31
148 93 -47
148 94 60
148 99 5
148 104 83
148 112 4
148 113 -32
148 116 -60
148 118 37
148 119 -79
148 122 4
148 125 64
148 127 26
148 128 -51
148 132 36
148 133 72
148 135 -39
148 136 -90
148 145 -13
149 7 -21
149 11 24
149 12 78
149 14 -16
149 17 44
149 20 -98
149 22 79
149 27 96
149 31 75
149 40 -5
149 43 -4
149 45 -53
149 46 -66
149 60 -90
149 61 -59
149 63 -85
149 64 -68
149 70 -25
149 71 -87
149 75 -14
149 80 -64
149 84 71
149 86 -82
149 88 -84
149 95 -96
149 103 -33
149 104 -81
149 105 -41
149 106 -28
149 111 -64
149 112 -22
149 115 -69
149 122 -11
149 124 -63
149 125 -59
149 127 85
149 129 -38
149 130 -69
149 131 48
149 134 -83
149 136 -49
149 137 93
149 145 98
149 146 81
149 147 68