0 1 95
0 2 33
0 3 52
0 5 -21
0 6 48
0 7 4
0 8 77
0 9 41
0 10 56
0 12 -41
0 14 -66
0 15 -94
0 16 -34
0 17 -57
0 18 -85
0 19 -65
0 21 73
0 23 -29
0 24 63
0 25 47
0 26 -88
0 27 43
0 28 9
0 29 -37
0 30 75
0 32 -2
0 33 88
0 37 63
0 38 -97
0 39 45
0 40 13
0 42 16
0 45 -75
0 46 -96
0 47 -20
1 0 80
1 3 -90
1 5 31
1 6 -41
1 7 70
1 8 86
1 9 99
1 10 -44
1 11 78
1 12 -92
1 13 -25
1 14 12
1 15 100
1 18 -34
1 19 10
1 20 65
1 22 -98
1 23 29
1 24 -32
1 25 -57
1 26 23
1 27 -69
1 29 -79
1 31 84
1 32 50
1 33 61
1 34 -1
1 35 -47
1 36 -29
1 37 -8
1 39 -81
1 40 -31
1 41 79
1 42 65
1 43 68
1 44 34
1 46 -15
1 47 61
1 48 -84
1 49 -84
2 5 31
2 6 74
2 7 -30
2 9 -85
2 10 8
2 12 47
2 13 58
2 14 88
2 16 -84
2 18 71
2 19 -48
2 20 -96
2 21 97
2 22 53
2 23 44
2 24 -6
2 25 47
2 26 49
2 27 7
2 28 61
2 29 -71
2 31 -9
2 33 14
2 35 69
2 36 -89
2 37 10
2 38 71
2 39 91
2 40 -4
2 42 -62
2 45 77
2 47 -14
2 48 -87
3 0 -71
3 1 -20
3 5 2
3 7 77
3 8 -34
3 9 -29
3 10 -42
3 11 16
3 12 72
3 13 22
3 14 100
3 15 -70
3 16 45
3 18 92
3 19 -29
3 20 -54
3 22 99
3 23 -15
3 24 -66
3 25 -81
3 26 -83
3 27 72
3 28 55
3 29 -68
3 30 13
3 31 16
3 32 -47
3 33 23
3 34 -52
3 38 93
3 39 8
3 40 -93
3 41 95
3 42 -37
3 43 60
3 44 -47
3 45 -39
3 46 100
3 47 -11
4 0 86
4 1 -30
4 2 45
4 4 -90
4 5 24
4 7 71
4 8 -30
4 9 23
4 10 -30
4 11 -85
4 14 -66
4 15 95
4 16 38
4 18 31
4 19 -39
4 20 92
4 22 -89
4 23 71
4 24 -90
4 27 40
4 29 -23
4 32 39
4 33 81
4 34 -31
4 37 -1
4 38 -78
4 39 -41
4 42 -48
4 44 -45
4 45 27
4 46 85
4 47 32
5 0 -43
5 1 34
5 2 24
5 4 92
5 5 48
5 6 72
5 7 12
5 9 73
5 10 -56
5 11 -67
5 13 37
5 16 -100
5 17 88
5 19 28
5 20 62
5 21 59
5 22 80
5 23 25
5 24 41
5 25 23
5 26 -18
5 27 63
5 28 52
5 30 77
5 31 85
5 32 -31
5 33 46
5 34 21
5 35 -12
5 36 -47
5 37 -31
5 38 -18
5 39 71
5 40 61
5 41 59
5 42 74
5 43 97
5 44 69
5 47 46
5 48 -60
5 49 69
6 0 -84
6 3 -11
6 4 -9
6 5 45
6 9 -32
6 11 -14
6 14 75
6 15 -44
6 16 -93
6 17 15
6 18 11
6 19 -92
6 20 62
6 21 -51
6 22 70
6 23 4
6 24 21
6 25 -10
6 28 11
6 29 -65
6 30 54
6 31 -52
6 33 -21
6 34 83
6 37 6
6 39 -100
6 40 39
6 41 29
6 42 89
6 44 -89
6 45 -77
6 46 49
6 47 -84
6 48 80
6 49 25
7 0 55
7 3 -39
7 4 79
7 5 51
7 7 -95
7 8 -84
7 9 54
7 11 -85
7 12 -65
7 13 19
7 14 90
7 16 -38
7 19 -35
7 20 75
7 21 -52
7 22 29
7 23 -68
7 24 94
7 25 74
7 26 68
7 28 62
7 30 56
7 31 6
7 32 -61
7 34 16
7 35 -9
7 36 18
7 37 -98
7 39 64
7 40 50
7 41 10
7 43 -59
7 45 42
7 46 100
7 47 -28
7 48 68
7 49 -52
8 0 -40
8 2 -19
8 3 -21
8 4 59
8 5 -46
8 6 -68
8 7 -53
8 8 3
8 9 55
8 11 -11
8 12 51
8 13 76
8 14 -9
8 18 18
8 19 -72
8 20 -29
8 21 -31
8 22 -74
8 23 97
8 26 87
8 27 -82
8 28 78
8 30 22
8 31 -39
8 32 68
8 34 71
8 35 50
8 36 32
8 37 -18
8 38 -26
8 39 10
8 40 89
8 41 56
8 42 30
8 44 -36
8 45 -93
8 47 -88
8 48 3
8 49 71
9 0 5
9 1 -3
9 3 32
9 4 77
9 5 -14
9 6 15
9 7 -23
9 8 -57
9 12 -35
9 16 -25
9 17 45
9 18 -49
9 19 18
9 21 61
9 22 76
9 23 -31
9 24 26
9 27 42
9 28 -34
9 30 58
9 31 96
9 33 -41
9 35 85
9 36 46
9 37 -27
9 38 -41
9 39 14
9 40 -99
9 41 30
9 42 38
9 45 -9
9 46 -74
9 47 68
9 48 57
9 49 -51
10 0 -57
10 1 20
10 3 29
10 4 -11
10 5 16
10 6 28
10 7 5
10 8 -42
10 9 7
10 10 -79
10 13 51
10 14 92
10 15 47
10 16 85
10 17 68
10 18 72
10 19 -9
10 20 64
10 21 -21
10 23 4
10 28 -43
10 29 55
10 30 62
10 31 -11
10 33 -13
10 34 -19
10 35 -29
10 36 38
10 38 -52
10 40 -61
10 41 56
10 43 26
10 45 94
10 47 -21
10 48 4
10 49 -53
11 0 24
11 1 -34
11 2 39
11 3 85
11 5 97
11 7 -22
11 8 -23
11 9 -19
11 10 7
11 11 -71
11 13 60
11 14 -67
11 15 -63
11 16 -26
11 17 51
11 20 -16
11 21 64
11 23 -52
11 26 -71
11 27 -25
11 28 78
11 30 -32
11 35 -73
11 36 99
11 37 -58
11 38 -27
11 39 89
11 40 -92
11 41 -25
11 42 -58
11 44 78
11 46 5
11 48 87
12 0 -37
12 1 -8
12 4 -95
12 5 14
12 8 -29
12 9 6
12 10 -24
12 11 91
12 13 19
12 14 56
12 15 2
12 16 16
12 17 8
12 18 73
12 19 -41
12 20 31
12 21 6
12 22 -92
12 23 67
12 24 28
12 25 -52
12 27 72
12 29 -63
12 30 22
12 33 11
12 34 98
12 35 52
12 36 50
12 37 50
12 38 -98
12 40 -48
12 41 10
12 43 34
12 46 82
12 49 14
13 1 38
13 2 86
13 3 -10
13 4 -7
13 6 91
13 7 36
13 8 84
13 10 -56
13 11 10
13 12 -4
13 13 60
13 15 13
13 17 96
13 18 -71
13 20 45
13 22 85
13 23 -64
13 24 59
13 25 48
13 26 -1
13 27 -11
13 28 50
13 29 -72
13 30 -4
13 31 83
13 32 81
13 33 -12
13 35 -43
13 37 -48
13 38 78
13 39 80
13 41 14
13 42 -76
13 43 -86
13 45 -6
13 46 -79
13 47 49
14 0 -34
14 3 -62
14 6 -30
14 8 75
14 9 36
14 10 -34
14 11 75
14 12 12
14 13 -18
14 14 -7
14 15 74
14 17 -69
14 19 64
14 20 -55
14 22 -97
14 23 -2
14 24 2
14 26 -23
14 27 51
14 28 59
14 29 22
14 30 -98
14 32 16
14 35 -10
14 40 40
14 42 -86
14 43 -7
14 44 58
14 45 93
14 46 -52
14 47 -94
14 48 -41
14 49 94
15 0 -52
15 1 -85
15 2 40
15 3 -20
15 5 -95
15 6 -88
15 7 -58
15 9 76
15 10 57
15 11 -63
15 12 25
15 13 83
15 15 98
15 16 15
15 17 87
15 18 77
15 19 5
15 20 -57
15 21 -16
15 22 79
15 23 33
15 24 45
15 27 70
15 28 56
15 29 45
15 31 -41
15 32 9
15 35 51
15 36 -73
15 37 -67
15 38 13
15 40 -60
15 41 -33
15 43 -93
15 45 -47
15 47 9
15 49 -80
16 0 -23
16 3 -29
16 6 -52
16 7 -47
16 10 -12
16 11 -13
16 12 63
16 14 -11
16 15 -24
16 17 69
16 18 -19
16 19 -56
16 21 28
16 22 -4
16 25 -2
16 26 20
16 27 -80
16 28 63
16 29 -13
16 30 60
16 33 -20
16 34 -82
16 36 64
16 39 47
16 40 1
16 41 67
16 42 70
16 43 -72
16 44 7
16 45 -94
16 46 -93
17 0 21
17 1 -11
17 2 43
17 4 -48
17 7 -40
17 8 78
17 9 83
17 10 -52
17 11 -43
17 12 -35
17 13 -84
17 16 31
17 17 -36
17 18 -39
17 19 -53
17 20 8
17 21 26
17 23 -32
17 24 5
17 25 -9
17 26 4
17 27 40
17 28 80
17 29 -48
17 30 -11
17 32 57
17 34 -12
17 37 -32
17 38 17
17 39 -9
17 40 -49
17 41 42
17 42 4
17 45 13
17 47 -75
18 0 48
18 1 -78
18 2 -96
18 4 74
18 5 -84
18 6 53
18 7 9
18 8 41
18 10 35
18 11 14
18 12 -2
18 13 29
18 16 38
18 17 48
18 18 -39
18 19 -35
18 20 78
18 22 11
18 23 53
18 25 -32
18 26 -64
18 30 96
18 31 -66
18 32 -79
18 33 16
18 34 18
18 35 -19
18 38 -18
18 39 -78
18 40 58
18 43 -65
18 44 33
18 45 -26
18 46 -86
18 47 -89
18 48 5
18 49 -37
19 0 -50
19 4 17
19 6 -25
19 10 -8
19 11 -39
19 12 11
19 13 -46
19 14 -66
19 15 87
19 16 6
19 17 22
19 20 38
19 21 92
19 22 44
19 24 24
19 25 -5
19 26 -64
19 27 -29
19 28 41
19 30 60
19 31 28
19 32 70
19 33 -78
19 34 16
19 35 -60
19 39 89
19 40 -15
19 41 -34
19 44 84
19 45 3
19 47 -23
19 49 -27
20 2 28
20 3 -99
20 4 8
20 5 -50
20 6 35
20 7 66
20 10 -72
20 11 99
20 13 -57
20 14 -93
20 15 68
20 17 30
20 20 -93
20 21 -30
20 22 -55
20 23 -68
20 24 58
20 25 58
20 26 -83
20 28 93
20 29 13
20 30 -69
20 31 66
20 33 -91
20 35 -95
20 36 45
20 37 -6
20 38 89
20 39 10
20 40 72
20 41 19
20 42 -29
20 44 20
20 46 -31
20 47 75
20 48 -24
20 49 -91
21 0 -16
21 1 64
21 2 79
21 3 52
21 5 -41
21 6 11
21 7 -59
21 8 94
21 10 -7
21 12 51
21 13 65
21 14 -54
21 15 -23
21 16 -32
21 17 -84
21 18 -58
21 19 -50
21 20 83
21 21 -17
21 22 -31
21 25 88
21 29 -7
21 30 -22
21 32 82
21 33 -22
21 34 24
21 36 60
21 37 21
21 39 -14
21 40 -28
21 44 23
21 46 100
21 47 -91
21 49 -16
22 1 -70
22 2 -97
22 3 -20
22 5 53
22 7 74
22 8 19
22 9 5
22 10 99
22 12 46
22 13 -12
22 14 -77
22 16 -31
22 17 -93
22 18 -74
22 19 -80
22 20 29
22 21 -50
22 22 -23
22 23 -53
22 25 -2
22 26 -67
22 27 93
22 28 78
22 29 19
22 30 -17
22 31 -49
22 32 -48
22 33 -9
22 34 -15
22 38 46
22 39 -61
22 40 26
22 41 -28
22 44 32
22 46 67
22 47 87
22 49 -81
23 0 30
23 1 -33
23 3 -96
23 4 -70
23 5 57
23 6 -50
23 7 -89
23 8 -46
23 9 34
23 12 -27
23 13 77
23 14 -97
23 15 50
23 16 30
23 20 -100
23 22 84
23 23 20
23 24 49
23 25 54
23 26 80
23 27 -54
23 28 -84
23 29 -98
23 30 -100
23 31 52
23 32 2
23 34 9
23 35 67
23 36 58
23 37 50
23 38 -29
23 39 34
23 40 70
23 41 -44
23 44 -64
23 45 -7
23 48 21
23 49 -43
24 0 10
24 1 13
24 4 61
24 5 18
24 6 53
24 7 -95
24 9 -59
24 10 2
24 11 98
24 12 9
24 13 -59
24 14 65
24 15 -20
24 17 -6
24 19 63
24 20 -80
24 21 81
24 22 -88
24 23 -51
24 24 98
24 25 16
24 28 74
24 29 -61
24 31 25
24 35 85
24 36 -54
24 37 34
24 38 -82
24 39 -49
24 41 75
24 42 86
24 45 -5
24 46 18
24 47 -86
24 48 -35
24 49 32
25 1 88
25 3 53
25 4 36
25 7 -70
25 8 2
25 10 51
25 11 -34
25 12 61
25 13 59
25 15 92
25 16 -58
25 17 -34
25 18 -4
25 19 -55
25 20 -32
25 22 21
25 23 58
25 24 -87
25 25 -61
25 26 -67
25 27 -18
25 28 35
25 29 61
25 31 -19
25 32 5
25 33 20
25 34 -17
25 35 79
25 36 -5
25 37 -72
25 38 59
25 39 -16
25 40 -76
25 41 -82
25 42 -37
25 43 -46
25 44 81
25 45 -2
25 46 95
25 49 -70
26 1 -95
26 2 59
26 3 17
26 4 -11
26 5 -83
26 6 84
26 7 38
26 11 -44
26 13 84
26 17 93
26 18 80
26 20 -18
26 22 -75
26 23 69
26 24 47
26 25 -77
26 27 100
26 31 78
26 34 -88
26 35 97
26 36 89
26 37 -64
26 38 -9
26 39 78
26 40 -61
26 41 -8
26 42 24
26 43 36
26 44 -76
26 45 74
26 46 79
26 49 75
27 1 -83
27 2 -57
27 4 -26
27 5 -90
27 6 -27
27 7 28
27 9 13
27 10 24
27 11 80
27 12 95
27 14 45
27 15 -97
27 16 -52
27 20 20
27 21 19
27 22 48
27 23 7
27 25 71
27 27 -89
27 28 68
27 29 -76
27 32 57
27 34 -41
27 35 -10
27 36 -23
27 37 -97
27 38 68
27 41 11
27 42 7
27 43 72
27 44 30
27 45 39
27 47 90
27 48 16
27 49 8
28 0 33
28 1 16
28 2 -21
28 3 -91
28 5 -94
28 6 -74
28 7 97
28 8 -85
28 9 3
28 11 97
28 13 52
28 15 -18
28 16 94
28 17 -45
28 19 48
28 20 -82
28 21 -71
28 22 51
28 23 69
28 25 -35
28 26 31
28 31 -73
28 32 -60
28 34 -26
28 35 51
28 37 64
28 38 -43
28 40 98
28 41 -53
28 42 98
28 43 -15
28 44 -66
28 45 5
28 46 -97
28 48 -64
28 49 -47
29 1 -95
29 2 -90
29 3 -59
29 4 -95
29 5 100
29 9 88
29 10 -98
29 11 95
29 14 84
29 15 -55
29 16 77
29 17 -36
29 18 96
29 19 17
29 20 84
29 21 -28
29 23 -55
29 24 59
29 25 6
29 26 30
29 29 50
29 30 33
29 31 86
29 32 -67
29 33 -47
29 35 51
29 36 -55
29 37 6
29 38 17
29 43 30
29 44 -48
29 47 -17
29 48 57
30 0 -86
30 1 -10
30 2 80
30 3 -79
30 5 -64
30 7 65
30 8 95
30 9 39
30 16 -81
30 17 -67
30 18 -62
30 19 42
30 20 -41
30 23 49
30 25 36
30 27 45
30 28 89
30 30 8
30 31 -24
30 33 68
30 34 33
30 35 13
30 38 27
30 39 8
30 41 14
30 42 -89
30 43 76
30 45 -53
30 46 -94
30 47 -77
30 49 73
31 3 -22
31 4 80
31 5 9
31 6 13
31 8 -20
31 9 -79
31 10 86
31 11 -37
31 12 61
31 13 -72
31 14 44
31 15 72
31 16 14
31 21 71
31 22 84
31 23 -11
31 24 -74
31 26 -73
31 27 38
31 28 -85
31 29 -84
31 30 29
31 32 34
31 33 59
31 34 -13
31 35 -75
31 36 38
31 38 -20
31 39 -83
31 41 61
31 42 -14
31 45 -19
31 46 -8
31 47 -14
31 48 -40
31 49 -59
32 0 24
32 1 -41
32 3 43
32 4 -94
32 5 11
32 6 -94
32 7 33
32 8 42
32 9 63
32 10 -2
32 12 -97
32 16 -69
32 18 -75
32 19 64
32 20 -13
32 21 -56
32 23 -40
32 25 -20
32 27 -100
32 29 81
32 30 -66
32 31 45
32 32 37
32 33 82
32 36 -9
32 38 -84
32 39 92
32 41 -54
32 43 79
32 44 44
32 45 64
32 46 -55
33 0 -46
33 1 -25
33 3 -86
33 4 97
33 5 -49
33 6 -23
33 8 16
33 11 62
33 13 -69
33 15 71
33 16 -97
33 17 -52
33 19 29
33 20 -90
33 22 -71
33 25 -25
33 26 78
33 27 -78
33 28 -35
33 29 97
33 30 67
33 33 25
33 34 24
33 36 -9
33 37 11
33 38 -36
33 39 -27
33 40 -2
33 42 98
33 43 29
33 44 91
33 45 27
33 46 -10
33 47 -49
33 48 90
33 49 -71
34 0 -40
34 1 -53
34 2 -62
34 3 -43
34 6 -94
34 7 20
34 8 3
34 11 18
34 12 53
34 13 -31
34 14 -82
34 15 -69
34 16 51
34 17 47
34 18 85
34 19 63
34 22 80
34 23 60
34 27 88
34 29 -23
34 30 -20
34 31 7
34 32 30
34 33 13
34 34 -60
34 36 -97
34 38 98
34 39 28
34 40 82
34 42 -93
34 43 -72
34 44 -59
34 45 -37
34 46 -67
34 47 94
34 48 -2
34 49 38
35 0 -59
35 1 1
35 2 19
35 3 -59
35 4 8
35 5 55
35 6 -100
35 7 66
35 9 -62
35 10 6
35 12 79
35 13 -28
35 14 85
35 16 45
35 17 -38
35 19 -100
35 20 -61
35 21 -34
35 22 -30
35 23 -66
35 24 -32
35 26 -1
35 27 35
35 28 78
35 29 12
35 30 21
35 32 -44
35 33 74
35 34 -2
35 35 -21
35 39 87
35 41 80
35 42 96
35 43 74
35 44 -10
35 45 8
35 46 12
35 47 -58
35 48 -39
35 49 -74
36 0 75
36 1 -60
36 3 -42
36 4 32
36 5 -86
36 6 -11
36 7 99
36 8 -84
36 9 89
36 10 16
36 11 -45
36 12 -20
36 14 93
36 18 93
36 19 -13
36 21 40
36 24 -83
36 26 -47
36 28 23
36 29 -78
36 30 58
36 31 71
36 32 53
36 33 37
36 35 60
36 36 -63
36 38 -72
36 39 -65
36 40 92
36 41 -83
36 42 46
36 46 -47
36 47 97
36 48 45
36 49 -21
37 0 51
37 1 25
37 2 45
37 3 76
37 5 79
37 7 9
37 9 89
37 11 90
37 12 -20
37 13 -47
37 14 11
37 17 21
37 18 -81
37 19 -52
37 21 -53
37 23 78
37 25 -4
37 26 74
37 27 -71
37 28 -55
37 29 93
37 31 79
37 35 77
37 38 -8
37 39 21
37 40 26
37 43 -52
37 45 8
37 47 -96
37 48 48
37 49 -89
38 0 -19
38 2 -29
38 3 84
38 4 26
38 6 -52
38 7 -74
38 10 90
38 11 22
38 14 -24
38 16 -23
38 18 72
38 21 -63
38 22 63
38 23 49
38 25 34
38 26 65
38 27 92
38 28 -18
38 30 4
38 31 -41
38 32 59
38 33 44
38 34 -76
38 35 -62
38 37 17
38 38 -42
38 39 -2
38 40 86
38 42 33
38 43 -43
38 44 35
38 46 -18
38 47 33
38 48 -67
38 49 18
39 0 95
39 1 -38
39 3 59
39 4 -55
39 5 23
39 6 -48
39 7 -61
39 8 75
39 9 -26
39 11 -76
39 12 -8
39 16 49
39 17 74
39 18 -31
39 19 -75
39 20 -89
39 21 -92
39 23 49
39 24 13
39 25 -68
39 26 -24
39 28 -84
39 29 -37
39 31 56
39 32 44
39 33 9
39 34 -88
39 35 -2
39 36 -37
39 37 -49
39 38 22
39 39 -25
39 41 15
39 42 54
39 43 10
39 44 3
39 47 -27
39 48 54
39 49 69
40 1 -24
40 2 -72
40 3 -25
40 5 98
40 6 89
40 7 51
40 9 -91
40 10 -69
40 11 -66
40 12 -71
40 14 84
40 15 11
40 16 19
40 17 43
40 18 65
40 19 44
40 21 48
40 23 -90
40 24 85
40 25 24
40 26 81
40 29 -20
40 30 -41
40 31 96
40 32 16
40 33 -55
40 34 57
40 35 72
40 36 60
40 37 -6
40 38 65
40 39 -9
40 40 17
40 43 -59
40 45 83
40 46 93
40 47 -2
40 48 64
40 49 -48
41 0 1
41 1 -55
41 2 94
41 5 -45
41 6 -34
41 8 -80
41 9 1
41 10 60
41 12 -34
41 15 20
41 16 7
41 20 76
41 21 98
41 22 90
41 23 -33
41 24 -42
41 25 -56
41 26 50
41 28 87
41 29 84
41 30 -4
41 31 -95
41 32 -78
41 34 -17
41 35 -36
41 36 -75
41 37 16
41 38 -73
41 39 87
41 41 -66
41 42 -80
41 43 87
41 44 23
41 45 -9
41 48 -70
41 49 -9
42 1 36
42 2 -55
42 3 -88
42 8 -92
42 9 94
42 10 96
42 11 -92
42 12 -2
42 13 -4
42 16 20
42 17 -76
42 18 83
42 20 85
42 21 4
42 22 -76
42 23 -18
42 24 100
42 25 90
42 27 71
42 29 -4
42 31 -94
42 32 -96
42 33 -57
42 34 -35
42 35 65
42 37 1
42 38 56
42 39 52
42 40 -89
42 41 44
42 42 73
42 43 -13
42 44 38
42 45 41
42 46 -31
43 1 6
43 2 40
43 3 -36
43 5 -29
43 6 -23
43 7 2
43 8 47
43 9 26
43 10 -71
43 11 36
43 13 8
43 14 -1
43 17 -1
43 19 18
43 20 -23
43 21 -56
43 23 67
43 24 -48
43 27 -18
43 29 -38
43 30 8
43 31 -28
43 32 54
43 33 -71
43 35 34
43 36 5
43 37 -77
43 39 52
43 41 -47
43 43 -30
43 45 7
43 46 -13
43 47 -36
43 49 13
44 0 59
44 1 40
44 2 -39
44 3 -97
44 4 -46
44 5 49
44 7 -92
44 8 56
44 9 -54
44 11 -32
44 12 58
44 13 21
44 14 57
44 15 53
44 16 91
44 17 -10
44 18 73
44 22 -88
44 23 88
44 24 33
44 25 9
44 26 22
44 27 -75
44 28 -62
44 31 31
44 32 -66
44 34 -63
44 37 100
44 38 27
44 39 -27
44 40 -24
44 41 41
44 42 -72
44 44 14
44 45 70
44 47 81
44 48 61
45 2 100
45 4 92
45 5 -58
45 6 56
45 7 -76
45 8 63
45 9 19
45 10 -93
45 11 46
45 12 32
45 14 23
45 16 -29
45 17 -34
45 18 -26
45 20 17
45 21 -72
45 22 61
45 23 28
45 24 -15
45 28 -95
45 29 48
45 30 -17
45 31 -74
45 33 -3
45 34 -8
45 36 80
45 37 36
45 38 37
45 39 1
45 40 -38
45 41 -32
45 42 -74
45 43 85
45 44 47
45 45 -49
45 46 -24
45 49 83
46 1 -15
46 3 2
46 5 -94
46 7 34
46 9 -84
46 13 -53
46 14 -35
46 15 37
46 16 3
46 17 30
46 21 -58
46 22 -30
46 24 95
46 26 -91
46 27 -48
46 28 72
46 29 -82
46 30 25
46 32 67
46 33 -49
46 37 18
46 38 53
46 39 85
46 41 -74
46 44 -43
46 48 30
46 49 29
47 0 28
47 1 -49
47 2 7
47 3 80
47 4 -90
47 6 51
47 7 -16
47 8 -64
47 9 -100
47 11 80
47 13 94
47 14 31
47 15 13
47 16 53
47 17 75
47 18 57
47 20 36
47 22 -45
47 24 -47
47 25 47
47 26 43
47 27 54
47 28 -72
47 30 71
47 31 83
47 32 35
47 33 38
47 34 -63
47 35 -70
47 37 64
47 38 -9
47 39 79
47 40 8
47 41 16
47 42 65
47 43 -58
47 44 -58
47 45 45
47 46 -56
47 47 100
47 48 -67
47 49 -20
48 1 29
48 2 65
48 5 -99
48 6 -86
48 7 44
48 8 -63
48 9 7
48 10 60
48 11 -21
48 12 93
48 13 -27
48 14 24
48 15 -27
48 16 -28
48 18 89
48 19 -22
48 22 -32
48 24 73
48 25 6
48 28 -73
48 29 -19
48 30 41
48 31 15
48 33 -33
48 35 69
48 36 9
48 38 40
48 41 -33
48 42 20
48 43 94
48 45 -100
48 47 -73
49 1 -58
49 2 46
49 3 63
49 4 -44
49 5 57
49 7 64
49 9 -45
49 10 -8
49 11 13
49 12 -69
49 14 39
49 15 -89
49 16 -50
49 17 -42
49 19 74
49 20 37
49 21 6
49 22 32
49 23 94
49 24 3
49 25 -12
49 27 39
49 28 -61
49 31 -53
49 33 69
49 35 -65
49 36 -34
49 38 64
49 42 -70
49 43 -44
49 44 -24
49 45 5
49 46 -51
49 48 94