0 1 88
0 2 -34
0 3 -86
0 4 -65
0 7 32
0 9 80
0 17 98
0 20 81
0 24 22
0 25 -43
0 26 98
0 32 -19
0 46 -16
0 47 -98
0 48 45
0 50 -21
0 51 -81
0 61 2
0 63 -32
0 64 -10
0 65 1
0 70 13
0 71 32
0 76 -94
0 77 -38
0 79 -27
0 80 -70
0 85 62
0 87 80
0 90 56
0 91 82
0 96 -89
0 100 -17
0 101 45
0 104 -15
0 105 12
0 107 -44
0 111 8
0 121 41
0 124 -81
0 131 -14
0 137 16
0 139 10
0 148 -34
1 2 53
1 3 -99
1 5 83
1 14 -19
1 16 -15
1 18 -56
1 19 25
1 25 -30
1 32 -74
1 34 -27
1 35 20
1 44 99
1 48 -52
1 56 75
1 57 -5
1 60 14
1 62 -11
1 64 77
1 73 -40
1 74 34
1 80 -40
1 82 -23
1 88 76
1 89 -57
1 92 -6
1 101 -25
1 104 98
1 106 81
1 114 -71
1 115 -34
1 122 84
1 127 26
1 134 54
1 135 62
1 138 24
1 142 -76
2 1 -54
2 4 85
2 14 -87
2 15 -68
2 19 5
2 21 -17
2 22 38
2 23 22
2 24 -65
2 25 43
2 31 19
2 32 95
2 34 73
2 35 58
2 38 81
2 40 -22
2 41 -17
2 50 -22
2 51 -100
2 53 -12
2 61 -76
2 62 -70
2 65 -53
2 66 72
2 67 37
2 68 -84
2 72 -5
2 76 -90
2 80 -89
2 84 -26
2 86 80
2 87 74
2 88 2
2 90 -51
2 95 80
2 96 21
2 103 -97
2 104 -11
2 105 37
2 108 43
2 117 -6
2 119 -46
2 121 -22
2 125 65
2 131 91
2 136 41
2 141 46
3 0 -18
3 4 9
3 5 97
3 11 50
3 14 -45
3 15 39
3 16 48
3 18 5
3 24 9
3 27 91
3 28 56
3 29 28
3 31 -88
3 36 -28
3 41 4
3 43 87
3 45 -43
3 48 94
3 49 -79
3 53 47
3 58 2
3 67 -36
3 68 98
3 71 -59
3 74 67
3 78 90
3 79 -20
3 83 -31
3 97 83
3 103 38
3 104 56
3 109 -28
3 111 1
3 115 -13
3 121 -20
3 122 -42
3 126 -59
3 128 18
3 136 31
3 138 -39
3 140 -68
3 144 46
4 3 -77
4 4 -1
4 9 90
4 10 56
4 11 -83
4 18 -70
4 20 -43
4 24 31
4 27 25
4 29 47
4 30 -48
4 33 -10
4 35 -81
4 37 -87
4 44 -54
4 45 78
4 49 36
4 51 34
4 56 63
4 64 43
4 71 59
4 75 30
4 82 53
4 84 -35
4 90 44
4 93 -7
4 98 -26
4 99 40
4 101 -17
4 107 63
4 115 86
4 119 47
4 120 46
4 122 13
4 125 18
4 127 -4
4 134 97
4 136 50
4 137 -77
4 140 -55
4 146 85
4 148 52
5 7 -35
5 18 -34
5 22 -48
5 28 -95
5 33 -81
5 37 7
5 41 92
5 42 -84
5 43 -35
5 51 -91
5 55 12
5 56 37
5 59 -44
5 60 70
5 61 21
5 62 -94
5 64 -74
5 66 -99
5 75 35
5 76 -5
5 77 89
5 80 -100
5 82 90
5 92 -92
5 94 -89
5 96 72
5 97 -68
5 98 59
5 102 -18
5 108 30
5 110 -46
5 112 70
5 114 73
5 126 -57
5 129 -29
5 134 -28
5 149 28
6 0 -38
6 1 55
6 3 -99
6 8 98
6 11 -62
6 15 40
6 18 82
6 23 21
6 25 -47
6 28 8
6 34 -79
6 39 92
6 41 -85
6 43 -95
6 44 60
6 47 11
6 48 37
6 50 91
6 52 15
6 59 91
6 60 -22
6 64 69
6 65 -11
6 66 -60
6 69 -10
6 74 -25
6 76 83
6 82 -63
6 85 21
6 88 -94
6 94 40
6 97 68
6 98 -3
6 101 58
6 104 -23
6 112 -54
6 114 92
6 119 -85
6 124 -91
6 125 72
6 129 -100
6 132 -50
6 136 -85
6 141 -55
6 142 -49
6 149 -8
7 0 67
7 8 -97
7 16 97
7 19 -63
7 20 -9
7 21 -94
7 22 12
7 24 -42
7 25 63
7 26 -67
7 32 24
7 35 -17
7 42 -1
7 57 -94
7 65 -50
7 67 -88
7 71 55
7 79 58
7 82 -27
7 85 -58
7 87 -76
7 88 -97
7 91 59
7 92 -84
7 96 -48
7 100 75
7 104 18
7 111 26
7 113 -63
7 114 -50
7 119 72
7 122 8
7 129 79
7 130 15
7 132 -56
7 133 -76
7 143 -41
8 0 7
8 9 -44
8 10 49
8 11 61
8 18 -64
8 19 46
8 42 10
8 45 78
8 47 18
8 49 60
8 51 -2
8 59 63
8 60 85
8 62 -90
8 70 8
8 73 -11
8 76 -51
8 81 56
8 84 93
8 86 -54
8 91 -50
8 92 79
8 98 2
8 102 80
8 104 -70
8 105 -77
8 112 -74
8 114 -82
8 117 -33
8 119 -9
8 133 98
8 136 11
8 147 35
8 149 -73
9 2 -48
9 3 19
9 4 -10
9 5 -24
9 8 -34
9 9 -69
9 11 -89
9 18 -30
9 19 -32
9 22 -100
9 35 -6
9 38 3
9 41 -60
9 46 -94
9 48 63
9 51 71
9 61 91
9 62 -78
9 64 64
9 66 22
9 82 61
9 83 89
9 84 -9
9 88 91
9 99 -26
9 102 -69
9 103 -7
9 108 -19
9 110 -46
9 113 35
9 114 47
9 116 -90
9 117 14
9 123 16
9 130 -2
9 133 -74
9 134 -37
9 138 -60
9 140 71
9 143 96
9 147 -20
10 6 -97
10 8 80
10 18 -55
10 19 -26
10 23 -48
10 24 1
10 27 -1
10 29 -30
10 30 89
10 34 37
10 35 -15
10 43 65
10 44 -98
10 45 21
10 47 -37
10 50 2
10 52 -53
10 54 85
10 55 20
10 58 -42
10 67 -27
10 70 -93
10 71 36
10 76 92
10 79 -56
10 81 58
10 82 19
10 84 -52
10 85 86
10 94 91
10 106 -2
10 112 26
10 116 -97
10 122 3
10 124 94
10 125 17
10 144 47
11 1 15
11 12 95
11 13 14
11 24 -47
11 26 69
11 27 -92
11 29 -85
11 30 -50
11 36 1
11 44 75
11 48 34
11 51 25
11 52 91
11 53 -43
11 56 -88
11 61 55
11 64 33
11 65 95
11 66 37
11 72 6
11 75 33
11 79 -59
11 86 -82
11 88 -63
11 91 86
11 92 -51
11 93 65
11 96 88
11 99 87
11 103 32
11 108 82
11 110 58
11 111 27
11 112 -78
11 115 -61
11 116 -64
11 124 33
11 125 -44
11 126 -3
11 140 -36
11 145 33
11 148 -23
11 149 66
12 5 -9
12 17 98
12 31 -23
12 36 -16
12 37 91
12 39 32
12 43 -35
12 45 48
12 46 -50
12 52 6
12 56 -62
12 57 73
12 61 -99
12 64 93
12 69 74
12 71 -39
12 80 -85
12 81 -89
12 87 -11
12 90 67
12 94 86
12 98 -44
12 99 87
12 110 77
12 115 98
12 120 -10
12 128 83
12 136 22
12 138 53
12 144 -64
13 4 21
13 6 75
13 9 -70
13 11 -27
13 14 99
13 20 4
13 29 22
13 36 -66
13 37 -47
13 39 2
13 42 -22
13 43 16
13 44 -28
13 46 -69
13 48 95
13 55 1
13 56 47
13 63 51
13 67 92
13 69 80
13 71 39
13 81 -22
13 97 84
13 101 -9
13 103 93
13 105 -21
13 106 -81
13 108 18
13 110 -13
13 111 -60
13 140 -57
13 141 30
13 146 95
13 147 -72
14 1 -82
14 4 -24
14 5 -50
14 7 -21
14 9 7
14 11 -60
14 16 -57
14 22 -15
14 27 -70
14 35 -79
14 37 46
14 40 -87
14 44 2
14 45 72
14 51 -21
14 61 -25
14 66 13
14 68 -18
14 73 -57
14 75 -99
14 77 -27
14 80 75
14 81 -26
14 86 -65
14 88 88
14 91 80
14 95 -89
14 97 70
14 104 46
14 108 48
14 110 52
14 115 -13
14 119 5
14 122 -61
14 127 65
14 135 79
14 137 -60
14 138 72
14 144 -16
14 148 79
15 3 68
15 4 15
15 9 -61
15 13 -11
15 15 55
15 20 72
15 26 -15
15 29 33
15 31 41
15 33 -6
15 40 -89
15 41 49
15 43 -3
15 46 7
15 51 93
15 53 61
15 57 -63
15 66 84
15 73 40
15 74 -98
15 76 -15
15 77 47
15 79 57
15 81 84
15 84 -20
15 85 -36
15 88 -94
15 89 -50
15 91 65
15 92 -76
15 93 65
15 102 -63
15 109 93
15 110 93
15 114 45
15 122 57
15 124 35
15 128 -36
15 130 -99
15 135 5
15 140 20
15 143 73
15 144 -1
16 6 -76
16 9 -100
16 15 3
16 16 -94
16 24 7
16 30 16
16 34 -12
16 41 -98
16 44 -41
16 45 13
16 47 -96
16 57 -41
16 65 -29
16 67 -55
16 71 -66
16 72 -45
16 81 -71
16 82 51
16 87 12
16 88 -22
16 93 11
16 98 -88
16 100 73
16 103 -23
16 110 10
16 115 60
16 124 81
16 125 93
16 135 18
16 141 46
16 143 61
16 144 -28
17 1 77
17 5 81
17 11 -93
17 12 51
17 13 98
17 14 -9
17 21 15
17 25 11
17 26 -75
17 33 -14
17 34 -20
17 35 78
17 36 86
17 37 60
17 38 94
17 43 3
17 44 42
17 45 -48
17 46 64
17 52 99
17 53 -10
17 58 45
17 64 2
17 68 63
17 70 -93
17 78 77
17 79 78
17 81 74
17 84 -37
17 89 32
17 92 -91
17 96 85
17 99 -90
17 102 -87
17 103 62
17 107 -63
17 108 -55
17 110 -87
17 111 93
17 112 8
17 115 1
17 118 -57
17 127 29
17 136 84
17 140 39
17 143 -77
17 147 16
18 1 77
18 2 -58
18 6 38
18 13 83
18 19 -48
18 21 90
18 34 -99
18 36 64
18 39 -100
18 52 -3
18 53 64
18 58 63
18 61 -55
18 62 -22
18 66 39
18 73 99
18 79 72
18 86 12
18 89 -64
18 91 37
18 99 -96
18 101 6
18 102 -29
18 105 39
18 106 71
18 114 -18
18 117 -51
18 126 -13
18 127 50
18 132 49
18 134 9
18 136 87
18 137 60
18 138 -19
18 139 -68
18 141 51
18 145 33
18 148 26
19 0 4
19 1 39
19 6 -95
19 8 -20
19 9 -43
19 11 -9
19 12 93
19 15 97
19 22 -38
19 28 50
19 34 -67
19 38 -32
19 41 -86
19 42 84
19 43 4
19 47 23
19 49 90
19 50 -86
19 54 84
19 57 78
19 65 72
19 67 -24
19 70 -23
19 75 -73
19 83 -98
19 84 -33
19 86 33
19 87 -52
19 88 -86
19 92 -8
19 95 10
19 104 39
19 106 -64
19 107 42
19 113 -52
19 116 -56
19 117 74
19 118 10
19 129 -31
19 138 -5
19 139 -20
19 144 -42
19 149 76
20 0 -59
20 2 89
20 3 79
20 5 -77
20 13 -22
20 16 -18
20 17 19
20 22 -25
20 23 88
20 30 -99
20 32 32
20 33 3
20 44 -35
20 47 -22
20 56 -70
20 57 84
20 60 -42
20 61 14
20 77 -24
20 92 36
20 93 -44
20 99 -16
20 109 25
20 113 40
20 116 10
20 117 -26
20 124 59
20 128 49
20 133 73
20 134 31
20 140 -63
21 5 1
21 8 -43
21 9 -81
21 14 -26
21 15 81
21 20 -42
21 21 97
21 22 80
21 23 55
21 26 18
21 27 -17
21 28 -74
21 30 27
21 31 75
21 35 -50
21 40 -29
21 44 -70
21 45 -58
21 47 -47
21 49 -52
21 50 -34
21 53 74
21 55 -87
21 56 -83
21 62 24
21 65 8
21 67 -22
21 70 26
21 72 88
21 77 87
21 79 9
21 80 -98
21 82 60
21 87 49
21 95 -29
21 96 -67
21 97 -76
21 100 -84
21 107 19
21 109 -10
21 118 16
21 122 -96
21 123 -52
21 127 87
21 134 47
21 137 -71
21 140 -60
21 141 -74
21 146 -60
21 148 -77
22 5 43
22 10 -25
22 12 97
22 25 -5
22 26 -10
22 27 -50
22 30 -67
22 40 -80
22 44 -91
22 48 -89
22 49 -55
22 50 14
22 52 -21
22 54 -37
22 69 -51
22 72 32
22 76 -91
22 79 -70
22 80 -59
22 83 -31
22 87 -8
22 91 73
22 93 -82
22 95 84
22 96 46
22 99 -25
22 100 6
22 101 98
22 102 74
22 108 -39
22 110 38
22 112 61
22 113 -29
22 116 52
22 119 97
22 129 7
22 131 -88
22 134 61
22 135 45
22 139 -13
22 140 -81
22 146 97
22 147 37
23 2 33
23 4 74
23 5 -70
23 11 68
23 12 23
23 18 -53
23 19 58
23 25 72
23 33 70
23 35 -94
23 39 16
23 42 -18
23 47 64
23 50 -59
23 52 -4
23 57 -26
23 58 -67
23 66 -65
23 67 -14
23 68 -5
23 72 49
23 73 84
23 77 -20
23 80 31
23 90 -64
23 91 -50
23 106 -90
23 111 28
23 112 4
23 114 57
23 116 -30
23 122 53
23 128 -47
23 137 57
23 140 93
23 143 8
23 144 -14
24 1 -32
24 11 91
24 17 20
24 24 -51
24 29 -98
24 30 99
24 37 39
24 47 -1
24 50 62
24 53 83
24 55 54
24 56 53
24 57 -6
24 65 -32
24 68 95
24 70 84
24 72 -72
24 73 -14
24 75 -68
24 80 61
24 83 -39
24 85 -18
24 90 -91
24 94 -96
24 114 -97
24 125 68
24 127 -43
24 128 -23
24 130 -83
24 131 42
24 132 -29
24 136 -66
24 138 -47
24 139 27
24 144 39
24 146 30
25 2 -53
25 5 -57
25 11 -16
25 22 76
25 32 -82
25 37 -35
25 45 -26
25 46 67
25 48 59
25 49 45
25 55 -83
25 61 84
25 64 85
25 78 51
25 79 -3
25 80 -86
25 84 -80
25 87 -83
25 91 -82
25 93 -2
25 94 82
25 95 -71
25 103 -76
25 111 -19
25 125 -91
25 130 -35
25 138 5
25 141 38
25 143 82
25 145 83
25 149 -70
26 0 -29
26 2 -41
26 9 61
26 10 24
26 15 -22
26 17 37
26 18 66
26 22 -31
26 27 99
26 30 -69
26 35 49
26 37 -32
26 44 -78
26 45 39
26 49 -64
26 52 -10
26 58 -55
26 60 27
26 63 36
26 82 37
26 86 48
26 87 -68
26 91 39
26 93 18
26 95 -78
26 97 39
26 99 -34
26 100 23
26 103 33
26 104 63
26 108 98
26 110 50
26 121 13
26 140 51
26 142 78
26 144 60
26 148 7
26 149 -85
27 1 -56
27 6 42
27 8 1
27 9 63
27 11 -72
27 12 25
27 15 59
27 16 27
27 20 58
27 22 -83
27 28 -79
27 29 -89
27 30 -97
27 34 -15
27 35 20
27 38 89
27 40 92
27 44 -44
27 49 83
27 51 -79
27 53 2
27 62 -30
27 74 3
27 83 -33
27 88 -68
27 96 -26
27 98 54
27 99 -35
27 100 -26
27 102 -71
27 103 65
27 108 90
27 109 -6
27 111 -10
27 112 -91
27 114 36
27 115 -24
27 119 90
27 123 64
27 124 18
27 125 -84
27 141 -22
28 1 -74
28 2 -23
28 4 -98
28 6 100
28 10 -31
28 12 49
28 15 -60
28 22 -43
28 24 -13
28 40 -79
28 41 -90
28 44 56
28 45 55
28 46 -70
28 50 -12
28 51 -70
28 52 -58
28 56 52
28 58 -61
28 62 90
28 63 -43
28 66 -38
28 67 -54
28 68 -82
28 69 -67
28 71 27
28 74 91
28 75 38
28 80 -8
28 87 55
28 90 10
28 94 -90
28 98 -50
28 109 -72
28 110 15
28 113 10
28 118 -96
28 119 52
28 120 -59
28 121 -83
28 129 60
28 130 78
28 133 -74
28 139 98
28 143 -20
28 145 86
28 146 -69
29 0 -19
29 3 -81
29 6 -39
29 12 -48
29 14 -83
29 18 66
29 20 -40
29 29 -54
29 32 87
29 37 -83
29 39 -29
29 42 92
29 48 -2
29 52 -91
29 53 -95
29 59 -98
29 60 -1
29 63 -43
29 69 16
29 71 -67
29 72 74
29 73 48
29 75 68
29 79 65
29 84 54
29 87 85
29 94 -73
29 95 39
29 96 -77
29 97 -94
29 99 30
29 100 96
29 107 -18
29 112 46
29 116 14
29 127 -87
29 131 53
29 136 30
29 145 12
29 146 83
29 149 47
30 0 56
30 1 -71
30 3 86
30 6 82
30 14 41
30 18 -89
30 20 -49
30 29 64
30 32 8
30 35 -83
30 41 -41
30 42 -61
30 44 -82
30 45 98
30 47 85
30 53 -32
30 57 72
30 60 82
30 63 -56
30 67 20
30 72 -79
30 77 7
30 81 -79
30 93 94
30 97 48
30 107 40
30 113 84
30 114 60
30 115 26
30 119 93
30 124 65
30 134 10
30 149 -65
31 2 83
31 8 -85
31 17 31
31 23 72
31 26 30
31 38 92
31 40 -70
31 44 70
31 57 14
31 62 -5
31 63 -78
31 64 33
31 65 6
31 67 88
31 70 50
31 75 71
31 82 -64
31 92 -24
31 93 -66
31 96 67
31 98 -11
31 99 -3
31 100 61
31 101 -64
31 102 23
31 107 40
31 110 -68
31 113 -14
31 114 89
31 115 -39
31 121 -49
31 122 91
31 123 78
31 131 90
31 133 -78
31 140 34
31 143 -54
31 145 -56
31 146 -46
32 8 47
32 12 -46
32 14 86
32 16 13
32 25 -15
32 28 2
32 39 16
32 56 17
32 59 51
32 63 34
32 67 -97
32 75 86
32 76 -19
32 77 8
32 78 52
32 80 -79
32 95 3
32 108 -8
32 119 -59
32 120 14
32 125 98
32 126 -54
32 130 -90
32 131 -42
32 139 -45
32 148 92
33 6 27
33 13 -21
33 19 41
33 24 21
33 28 93
33 30 27
33 36 77
33 40 44
33 47 -83
33 48 -24
33 50 -11
33 52 -98
33 53 71
33 59 89
33 60 -38
33 65 100
33 66 -93
33 71 -34
33 73 -85
33 76 63
33 78 83
33 82 -40
33 85 -49
33 87 88
33 91 -67
33 92 -94
33 99 -86
33 100 -33
33 106 94
33 107 -97
33 108 -79
33 113 84
33 114 -2
33 115 -8
33 123 -3
33 128 58
33 132 -41
33 140 26
33 144 -5
33 147 -61
33 149 -70
34 7 60
34 13 -88
34 16 -43
34 20 -40
34 23 -65
34 26 14
34 32 54
34 35 95
34 38 -5
34 39 97
34 44 -7
34 48 96
34 53 -46
34 55 43
34 60 36
34 64 19
34 66 58
34 72 -82
34 76 81
34 80 -3
34 85 -22
34 91 5
34 109 3
34 110 -32
34 114 -76
34 116 -70
34 118 28
34 125 -94
34 130 -61
34 135 33
34 138 81
34 139 -21
34 140 -1
35 3 68
35 8 -23
35 11 18
35 29 23
35 33 52
35 35 81
35 36 64
35 43 64
35 45 -39
35 46 -57
35 64 -85
35 66 1
35 70 -65
35 75 93
35 76 -47
35 79 15
35 82 28
35 84 9
35 85 93
35 90 -86
35 91 42
35 102 -1
35 106 -20
35 107 22
35 110 -25
35 113 -94
35 115 76
35 124 73
35 126 80
35 133 -20
35 139 47
35 141 -15
35 144 -60
36 1 76
36 2 -28
36 8 78
36 11 81
36 16 30
36 18 -82
36 24 -21
36 26 -40
36 28 -29
36 36 -81
36 40 38
36 42 24
36 46 -20
36 49 -56
36 51 14
36 52 -62
36 61 -3
36 62 -23
36 65 67
36 68 73
36 74 -75
36 83 -38
36 84 -67
36 87 -66
36 89 28
36 90 6
36 91 16
36 93 -12
36 95 82
36 102 96
36 107 86
36 108 -20
36 110 -98
36 119 -80
36 121 64
36 125 -11
36 126 18
36 128 -10
36 131 -99
36 132 17
36 148 -54
37 0 51
37 3 -78
37 8 10
37 9 97
37 19 -51
37 20 6
37 24 100
37 29 77
37 35 34
37 42 -27
37 45 50
37 48 66
37 50 -5
37 51 7
37 55 67
37 58 -25
37 60 -91
37 62 -75
37 68 -8
37 70 20
37 71 -57
37 84 77
37 85 21
37 86 71
37 88 -63
37 100 -7
37 110 51
37 113 -37
37 116 28
37 119 -1
37 121 66
37 128 -34
37 131 23
37 140 69
37 141 72
37 144 62
37 147 -55
37 148 -50
38 12 73
38 16 -9
38 17 45
38 23 -24
38 30 39
38 39 -96
38 41 -17
38 43 49
38 44 -90
38 48 54
38 49 -52
38 50 40
38 51 -66
38 54 -16
38 55 -33
38 56 85
38 59 -66
38 62 -4
38 63 81
38 71 4
38 73 67
38 74 44
38 86 37
38 93 10
38 98 -37
38 101 8
38 104 -73
38 105 95
38 107 98
38 115 -55
38 118 -56
38 122 60
38 132 74
38 133 49
38 139 -51
38 142 -97
38 144 49
39 1 -63
39 3 53
39 6 -46
39 9 -69
39 16 53
39 19 -69
39 22 6
39 23 -96
39 25 -62
39 26 -33
39 34 -1
39 35 94
39 39 -37
39 40 -75
39 58 -34
39 59 2
39 64 77
39 65 61
39 73 -20
39 77 30
39 84 -34
39 91 -80
39 106 42
39 107 32
39 112 -99
39 113 77
39 120 68
39 124 72
39 126 62
39 127 67
39 133 35
39 137 -15
39 146 72
39 148 100
40 2 72
40 3 -83
40 5 50
40 11 56
40 14 -95
40 24 -98
40 29 27
40 31 49
40 34 39
40 38 -99
40 45 4
40 46 56
40 53 98
40 61 -84
40 70 -40
40 75 -40
40 80 69
40 95 -31
40 96 95
40 101 -58
40 103 39
40 106 -44
40 111 -88
40 116 -59
40 120 18
40 124 33
40 125 -41
40 129 2
40 131 -12
40 132 -82
40 142 78
40 144 22
40 147 -73
40 149 54
41 0 78
41 1 -64
41 8 -47
41 11 34
41 13 -3
41 21 94
41 23 -51
41 27 79
41 30 60
41 32 -30
41 33 -41
41 34 41
41 38 -6
41 48 -97
41 50 57
41 51 85
41 54 75
41 55 11
41 56 59
41 57 -5
41 58 84
41 61 28
41 65 42
41 80 96
41 88 8
41 90 100
41 101 -7
41 103 -99
41 105 72
41 109 -87
41 117 -24
41 120 45
41 121 67
41 123 30
41 125 -32
41 128 5
41 130 43
41 131 16
41 133 -55
41 136 -96
41 138 -91
41 145 12
41 146 23
41 148 -48
42 4 -46
42 5 -84
42 6 -81
42 11 -22
42 12 -68
42 15 -60
42 21 34
42 24 14
42 31 52
42 36 32
42 38 -72
42 39 9
42 44 -91
42 46 99
42 50 66
42 55 25
42 58 -25
42 65 59
42 67 -3
42 73 -54
42 75 -84
42 77 -61
42 80 -27
42 81 -70
42 85 96
42 89 79
42 91 48
42 92 45
42 93 -70
42 107 93
42 108 -47
42 109 -40
42 111 -12
42 112 -26
42 124 64
42 144 -13
42 147 98
43 3 -77
43 4 67
43 6 91
43 9 61
43 12 -7
43 13 77
43 16 -23
43 17 53
43 23 7
43 33 16
43 45 59
43 49 -55
43 51 23
43 56 62
43 60 18
43 61 -3
43 76 -9
43 86 -94
43 91 70
43 97 -48
43 100 -2
43 102 14
43 107 -19
43 112 48
43 114 -11
43 117 -27
43 123 16
43 127 -54
43 128 -40
43 138 -37
43 142 45
43 148 -58
43 149 -56
44 2 -1
44 7 43
44 8 100
44 10 -55
44 15 -91
44 19 -21
44 21 75
44 25 -67
44 28 89
44 34 55
44 55 -55
44 57 9
44 61 -32
44 63 -44
44 71 39
44 72 -40
44 76 67
44 80 53
44 82 92
44 83 63
44 96 -80
44 99 -70
44 100 -31
44 102 16
44 104 67
44 105 35
44 106 -82
44 107 55
44 110 -74
44 115 -52
44 125 37
44 133 54
44 136 15
44 140 83
44 141 82
45 1 -77
45 18 47
45 20 43
45 23 70
45 24 99
45 25 -67
45 27 -21
45 32 80
45 37 -28
45 42 -49
45 47 -93
45 48 88
45 51 1
45 54 -43
45 61 94
45 77 -49
45 78 -68
45 82 -15
45 85 -96
45 86 -89
45 92 90
45 93 -28
45 99 -17
45 103 -66
45 106 39
45 107 -8
45 112 52
45 115 -95
45 130 -82
45 131 39
45 133 52
45 138 -36
45 139 7
45 142 45
45 144 -52
45 145 14
46 1 -16
46 7 -27
46 11 -80
46 15 59
46 16 -16
46 28 95
46 29 35
46 31 91
46 34 -69
46 35 -95
46 41 -93
46 43 59
46 46 -17
46 47 93
46 48 -56
46 50 6
46 54 -12
46 58 66
46 65 -2
46 70 22
46 75 80
46 77 32
46 82 34
46 87 53
46 91 -98
46 100 87
46 101 18
46 108 10
46 115 39
46 119 -63
46 129 80
46 137 -98
46 138 -80
46 139 22
46 148 76
47 4 -74
47 14 -100
47 34 -77
47 38 -18
47 40 6
47 46 84
47 48 -14
47 49 84
47 52 -59
47 57 -39
47 58 -84
47 64 91
47 66 71
47 69 26
47 70 -25
47 71 -7
47 72 52
47 82 78
47 86 -57
47 87 -20
47 91 -81
47 93 -56
47 94 -85
47 108 -4
47 114 -15
47 115 -58
47 116 95
47 121 48
47 127 63
47 129 -31
47 134 -36
47 139 -39
47 146 -54
47 148 16
48 4 1
48 5 -3
48 7 -76
48 9 12
48 17 63
48 21 57
48 23 11
48 25 -57
48 28 -87
48 30 75
48 42 -48
48 45 -95
48 48 81
48 49 97
48 55 -9
48 63 5
48 68 -57
48 73 94
48 75 -90
48 76 -32
48 87 37
48 88 34
48 93 -99
48 94 -39
48 96 -97
48 97 -56
48 107 -22
48 112 96
48 115 -31
48 121 11
48 124 -70
48 126 -31
48 130 -14
48 131 80
48 142 -41
48 143 6
49 2 -39
49 8 80
49 11 36
49 14 88
49 20 -58
49 22 74
49 24 69
49 28 -55
49 30 -2
49 36 -1
49 37 34
49 38 82
49 42 1
49 45 -50
49 52 -49
49 57 29
49 61 87
49 64 46
49 68 -57
49 74 -16
49 75 -56
49 76 -78
49 78 12
49 85 -9
49 90 -38
49 95 -40
49 97 -30
49 100 81
49 102 49
49 106 14
49 109 91
49 112 94
49 123 71
49 138 90
49 140 -87
49 145 -79
50 2 -13
50 15 23
50 16 49
50 24 -99
50 28 47
50 33 -67
50 42 -37
50 44 -53
50 47 40
50 51 -82
50 55 12
50 64 -53
50 68 34
50 69 68
50 71 30
50 76 75
50 77 74
50 79 52
50 90 89
50 91 8
50 109 -47
50 112 -12
50 125 -31
50 132 -16
50 133 -28
50 134 -5
50 135 23
50 142 27
51 5 -21
51 8 45
51 10 70
51 15 55
51 23 27
51 31 -3
51 34 2
51 43 24
51 50 3
51 51 -31
51 68 75
51 69 92
51 72 -30
51 74 -30
51 89 -85
51 93 44
51 106 -96
51 107 -77
51 108 57
51 109 71
51 115 -36
51 117 -72
51 118 51
51 123 -9
51 125 -73
51 131 98
51 138 17
51 139 -97
51 140 22
51 143 87
51 147 76
52 0 57
52 5 38
52 7 -67
52 8 -29
52 11 -62
52 13 7
52 15 -82
52 17 -31
52 19 -86
52 20 64
52 23 -5
52 24 -6
52 27 98
52 34 -75
52 37 40
52 41 82
52 49 -23
52 52 -19
52 54 -36
52 55 -61
52 66 32
52 69 -35
52 71 11
52 73 95
52 84 -17
52 85 51
52 86 -89
52 87 52
52 88 -46
52 89 70
52 90 -3
52 96 29
52 97 67
52 104 69
52 105 41
52 123 -76
52 126 93
52 131 30
52 145 -89
52 148 -86
53 3 58
53 12 37
53 13 4
53 14 96
53 16 21
53 18 -43
53 23 27
53 26 18
53 27 -3
53 29 -90
53 32 97
53 35 -84
53 36 -57
53 44 -68
53 50 40
53 55 -77
53 56 -3
53 57 -44
53 58 56
53 66 64
53 68 18
53 82 8
53 89 -72
53 93 30
53 95 -78
53 97 2
53 101 -3
53 102 -4
53 104 31
53 105 22
53 107 30
53 119 -56
53 121 76
53 128 -67
53 129 28
53 131 -8
53 132 1
53 135 57
54 1 29
54 3 -9
54 6 13
54 15 11
54 19 67
54 31 91
54 32 -86
54 34 -56
54 45 10
54 46 -39
54 47 87
54 50 -55
54 51 -89
54 56 66
54 60 82
54 61 50
54 63 -70
54 67 98
54 69 -73
54 78 -1
54 84 79
54 85 91
54 88 100
54 91 43
54 92 -81
54 107 -44
54 110 -7
54 113 56
54 130 -70
54 131 9
54 133 -97
54 136 22
54 137 98
54 141 -13
54 145 95
55 5 -87
55 9 -69
55 10 62
55 12 -29
55 13 -47
55 17 78
55 28 11
55 34 -60
55 36 -92
55 37 -3
55 40 -7
55 47 53
55 51 43
55 54 -67
55 55 -41
55 56 73
55 61 76
55 66 56
55 67 -42
55 75 97
55 77 27
55 85 -38
55 86 -79
55 88 -4
55 95 -42
55 97 58
55 106 -67
55 111 88
55 112 3
55 115 13
55 117 -15
55 121 43
55 131 -82
55 133 -23
55 134 -59
55 148 68
56 2 -15
56 3 -79
56 4 88
56 6 79
56 8 35
56 14 -25
56 16 -23
56 22 -11
56 35 35
56 39 61
56 48 -85
56 49 -44
56 58 -65
56 62 55
56 63 -80
56 66 68
56 68 76
56 69 -38
56 72 -31
56 76 4
56 77 -56
56 84 81
56 88 -61
56 99 -78
56 106 -9
56 109 67
56 121 -92
56 122 74
56 123 60
56 126 -37
56 129 -50
56 131 49
56 134 -64
56 136 51
56 139 -27
56 146 64
57 1 -21
57 13 12
57 18 -60
57 19 62
57 34 -63
57 38 65
57 43 89
57 44 38
57 45 22
57 46 -37
57 51 -96
57 53 -57
57 55 19
57 56 -58
57 58 -52
57 63 -4
57 64 22
57 66 -19
57 67 16
57 70 -51
57 74 18
57 78 18
57 80 5
57 83 59
57 84 31
57 91 22
57 99 -31
57 101 40
57 102 -27
57 103 -5
57 104 -20
57 113 -60
57 116 8
57 120 -39
57 122 85
57 123 -28
57 125 52
57 127 -87
57 129 97
57 130 -7
57 131 15
57 140 -40
57 143 94
57 145 60
57 147 -42
57 148 -84
58 0 52
58 2 22
58 11 43
58 17 10
58 18 29
58 23 -64
58 34 2
58 36 11
58 37 96
58 42 -72
58 45 -72
58 49 56
58 51 -96
58 52 -49
58 55 82
58 57 -54
58 58 -37
58 60 -80
58 66 -51
58 69 44
58 80 -18
58 86 24
58 93 82
58 94 -70
58 95 -79
58 98 -15
58 99 17
58 101 -48
58 104 4
58 105 32
58 106 62
58 107 37
58 114 78
58 117 -72
58 120 31
58 126 -11
58 129 15
58 131 -31
58 140 36
58 144 79
58 145 -4
58 146 -52
58 148 -91
59 4 25
59 10 -47
59 11 -54
59 19 -76
59 20 94
59 23 33
59 28 44
59 30 -16
59 31 21
59 32 39
59 40 -37
59 45 58
59 51 36
59 56 92
59 60 73
59 71 9
59 86 -55
59 87 92
59 93 -8
59 101 13
59 118 -58
59 121 51
59 124 -72
59 126 37
59 128 -65
59 129 81
59 132 -40
59 138 -47
59 139 -89
59 140 -26
59 145 41
59 146 -86
60 5 -70
60 8 31
60 10 76
60 11 -91
60 15 -28
60 17 21
60 19 -68
60 25 54
60 31 66
60 33 -63
60 34 75
60 40 58
60 44 19
60 46 4
60 55 86
60 61 14
60 65 -93
60 68 30
60 72 -51
60 80 -92
60 82 -36
60 85 -92
60 88 -82
60 91 -97
60 97 36
60 101 -26
60 105 -28
60 116 -76
60 121 88
60 122 36
60 127 -18
60 129 66
60 134 -65
60 138 60
60 142 -23
61 3 -83
61 4 -2
61 5 -46
61 12 -7
61 18 6
61 23 20
61 24 -75
61 29 33
61 31 -22
61 41 -86
61 48 -48
61 53 -20
61 55 -66
61 74 -53
61 76 -95
61 78 -8
61 80 54
61 88 -13
61 89 -58
61 91 -5
61 92 -39
61 95 86
61 97 41
61 98 100
61 99 -52
61 104 -79
61 118 69
61 125 59
61 127 99
61 134 14
61 135 88
61 138 31
61 140 40
61 146 -4
62 1 -43
62 7 -20
62 11 -56
62 16 46
62 18 -93
62 25 11
62 27 98
62 31 -28
62 33 17
62 37 11
62 40 -17
62 46 13
62 53 42
62 58 -53
62 59 34
62 61 40
62 62 -87
62 65 -4
62 68 -46
62 73 5
62 75 13
62 76 49
62 79 87
62 90 -8
62 93 92
62 102 62
62 110 -22
62 111 -49
62 113 -4
62 116 18
62 119 28
62 124 -36
62 128 -81
62 135 21
62 138 -16
62 142 -50
62 144 -63
62 146 -1
63 8 -74
63 12 16
63 14 72
63 22 -31
63 23 -79
63 25 -51
63 31 45
63 42 -56
63 55 -68
63 67 98
63 68 -55
63 71 73
63 72 -68
63 73 -93
63 74 67
63 79 64
63 89 -55
63 93 81
63 95 -92
63 96 90
63 100 -20
63 104 -56
63 108 41
63 111 33
63 112 36
63 113 -2
63 118 -87
63 120 95
63 126 -32
63 131 -10
63 138 -44
63 139 -52
63 140 -77
63 147 82
64 8 12
64 10 -58
64 14 -2
64 15 -83
64 18 93
64 23 70
64 26 20
64 30 51
64 32 16
64 34 73
64 38 77
64 39 -60
64 47 52
64 50 18
64 55 -9
64 63 -66
64 64 -52
64 67 23
64 73 -61
64 77 -62
64 79 73
64 80 -95
64 82 -5
64 84 -78
64 93 -10
64 101 -36
64 102 -23
64 104 38
64 105 -58
64 106 -22
64 114 36
64 123 -60
64 132 -14
64 139 -58
65 0 12
65 1 59
65 4 68
65 10 -10
65 17 -70
65 19 -9
65 21 -98
65 24 -57
65 25 -3
65 35 12
65 40 18
65 48 -43
65 54 -15
65 56 28
65 66 51
65 71 78
65 78 -92
65 80 9
65 85 -89
65 91 -41
65 99 84
65 109 66
65 110 -43
65 111 47
65 112 4
65 118 -99
65 119 81
65 123 -67
65 130 84
65 135 93
65 143 -30
65 145 17
66 0 -49
66 1 93
66 2 -17
66 4 96
66 5 30
66 19 -16
66 22 -67
66 23 -80
66 24 -77
66 26 90
66 35 90
66 37 52
66 38 -61
66 53 -52
66 65 16
66 66 -74
66 67 -58
66 75 -66
66 78 3
66 79 97
66 80 30
66 85 54
66 90 -49
66 94 42
66 97 65
66 103 -25
66 111 16
66 113 87
66 120 75
66 122 99
66 129 -10
66 130 67
66 137 37
66 142 -68
66 148 47
67 0 70
67 1 17
67 5 18
67 7 -81
67 9 -59
67 24 -5
67 31 -71
67 35 -86
67 36 -5
67 40 10
67 41 -74
67 44 -63
67 46 -38
67 47 76
67 48 -67
67 50 10
67 51 85
67 53 14
67 55 85
67 67 -79
67 68 -43
67 79 -37
67 81 89
67 90 91
67 94 78
67 96 -33
67 100 93
67 101 40
67 104 21
67 105 -80
67 109 -88
67 115 16
67 118 78
67 119 -36
67 120 29
67 122 -92
67 124 37
67 126 97
67 134 -85
67 138 -57
67 139 -98
67 140 6
67 143 43
67 148 82
68 0 -84
68 1 37
68 2 47
68 7 -5
68 9 7
68 10 81
68 15 46
68 16 -48
68 17 -6
68 21 91
68 27 -26
68 29 82
68 30 30
68 39 62
68 42 17
68 47 -13
68 50 22
68 51 -54
68 59 -24
68 60 -47
68 61 14
68 63 27
68 64 -6
68 78 -77
68 79 -56
68 81 100
68 82 72
68 86 -66
68 101 -64
68 104 -47
68 110 69
68 113 56
68 121 -64
68 124 -43
68 125 -12
68 127 -95
68 129 8
68 135 -90
68 140 -42
68 141 -7
68 147 -8
68 148 -50
69 4 -11
69 7 -12
69 9 4
69 11 -27
69 13 -61
69 14 -19
69 16 69
69 17 23
69 18 -84
69 23 61
69 25 -59
69 26 -90
69 28 12
69 32 2
69 35 -53
69 42 -32
69 54 -23
69 68 -85
69 70 -94
69 71 -68
69 78 -34
69 79 -31
69 92 -86
69 100 27
69 102 90
69 104 61
69 113 -73
69 119 -53
69 124 19
69 143 19
70 4 -45
70 9 33
70 11 -40
70 17 -58
70 20 -57
70 23 -48
70 30 -68
70 32 -60
70 33 5
70 35 38
70 36 -67
70 39 19
70 40 48
70 46 17
70 55 71
70 56 28
70 57 82
70 58 -100
70 59 46
70 61 -27
70 63 -25
70 65 65
70 67 83
70 70 36
70 71 99
70 72 -54
70 75 -77
70 81 -67
70 82 -100
70 87 10
70 89 2
70 99 29
70 101 89
70 103 -64
70 104 -69
70 105 100
70 106 63
70 108 56
70 113 48
70 114 -70
70 123 -53
70 131 43
70 137 66
70 149 92
71 9 -36
71 16 -29
71 17 75
71 18 -52
71 21 -39
71 22 77
71 24 29
71 25 75
71 26 100
71 32 85
71 36 51
71 40 44
71 53 -78
71 64 -3
71 68 -16
71 81 49
71 83 -30
71 84 8
71 87 -73
71 92 -67
71 95 78
71 97 27
71 98 46
71 100 54
71 107 85
71 111 17
71 115 -34
71 116 42
71 120 56
71 130 -69
71 137 7
71 144 4
71 147 -56
72 5 -90
72 7 -55
72 9 -45
72 11 73
72 13 86
72 15 71
72 24 75
72 25 93
72 32 -56
72 43 82
72 45 78
72 47 -47
72 49 29
72 50 -93
72 51 44
72 58 -52
72 62 76
72 65 -84
72 66 33
72 71 32
72 76 -16
72 78 -21
72 80 52
72 86 60
72 92 -9
72 99 93
72 108 -96
72 109 46
72 120 12
72 127 63
72 128 53
72 131 -95
72 133 45
72 143 -45
73 3 -36
73 4 65
73 10 85
73 12 96
73 24 57
73 26 68
73 32 76
73 35 65
73 40 50
73 43 50
73 47 99
73 49 49
73 51 -99
73 57 -23
73 59 33
73 61 -59
73 69 -37
73 73 -10
73 75 99
73 79 45
73 92 70
73 98 -74
73 108 3
73 112 -57
73 117 32
73 118 -25
73 119 75
73 123 67
73 125 39
73 129 19
73 132 -12
73 142 -4
74 0 -21
74 1 -27
74 6 -73
74 14 -45
74 17 -10
74 20 9
74 24 82
74 26 -53
74 33 -78
74 35 12
74 39 -26
74 40 -62
74 54 -28
74 67 82
74 68 96
74 82 60
74 87 -65
74 89 56
74 92 90
74 98 -42
74 99 12
74 106 83
74 109 -70
74 112 -30
74 114 75
74 115 68
74 118 87
74 122 97
74 127 -41
74 131 -25
74 135 -18
74 136 -51
74 140 90
74 143 88
75 2 39
75 4 24
75 6 39
75 7 43
75 12 33
75 16 -42
75 21 -18
75 23 11
75 25 -87
75 28 -94
75 30 -85
75 34 66
75 37 24
75 39 -33
75 46 -1
75 48 81
75 49 -43
75 54 -4
75 56 4
75 60 -42
75 62 -2
75 65 -49
75 74 91
75 78 96
75 86 88
75 87 44
75 89 2
75 91 13
75 97 -65
75 101 -32
75 102 -81
75 104 -94
75 108 31
75 110 85
75 113 25
75 117 -41
75 126 -37
75 127 -82
75 128 23
75 136 92
75 140 -27
75 141 -67
75 144 73
75 146 -10
75 147 -62
76 2 81
76 5 -15
76 11 27
76 18 11
76 23 -48
76 31 72
76 34 -45
76 35 -77
76 41 -61
76 45 42
76 49 96
76 50 -100
76 55 -69
76 75 75
76 76 -82
76 88 90
76 91 -6
76 96 63
76 102 -26
76 109 38
76 112 -68
76 114 17
76 118 -93
76 124 88
76 129 53
76 146 -65
76 147 -44
77 2 87
77 5 -87
77 7 13
77 13 -80
77 16 40
77 22 16
77 23 -99
77 25 100
77 27 -4
77 33 -92
77 34 100
77 38 -26
77 39 54
77 41 -83
77 46 9
77 53 -97
77 55 88
77 62 75
77 65 8
77 78 -99
77 80 31
77 91 -52
77 98 91
77 106 -11
77 112 47
77 116 -29
77 119 82
77 120 -76
77 121 71
77 129 83
77 130 25
77 132 20
77 137 -19
77 142 89
77 147 -52
78 2 -5
78 3 39
78 14 32
78 18 81
78 26 9
78 30 15
78 32 54
78 36 17
78 39 -8
78 40 57
78 49 -14
78 50 -81
78 57 -37
78 62 -93
78 66 -21
78 71 -67
78 73 31
78 74 -49
78 77 59
78 79 13
78 84 -96
78 88 -73
78 93 3
78 94 32
78 99 31
78 102 16
78 109 -70
78 112 -25
78 114 4
78 117 -8
78 120 -44
78 124 23
78 126 -52
78 133 59
78 140 72
78 143 -35
78 145 73
78 147 73
79 3 1
79 7 -36
79 21 95
79 22 80
79 23 -21
79 25 72
79 26 74
79 37 84
79 45 -17
79 48 -41
79 49 60
79 56 -72
79 68 -39
79 71 1
79 73 51
79 74 91
79 75 -89
79 86 43
79 91 -58
79 92 6
79 94 53
79 97 67
79 98 -7
79 100 9
79 105 23
79 106 -91
79 107 51
79 108 -39
79 110 34
79 114 30
79 115 15
79 118 99
79 119 -59
79 124 -33
79 125 -90
79 132 62
79 142 -57
79 144 -46
79 147 -20
79 148 80
80 5 67
80 6 24
80 12 92
80 15 58
80 22 -95
80 24 83
80 35 14
80 36 -32
80 41 -46
80 45 1
80 48 98
80 65 -57
80 66 -98
80 76 -86
80 78 93
80 81 -32
80 82 30
80 84 20
80 85 -47
80 89 50
80 90 -64
80 94 33
80 97 -63
80 108 -71
80 112 -26
80 122 -83
80 123 -59
80 125 -99
80 134 20
80 139 53
80 143 -68
80 148 -67
81 2 23
81 3 52
81 7 76
81 9 -57
81 10 -41
81 12 58
81 15 -35
81 19 98
81 22 -29
81 36 -94
81 38 36
81 41 56
81 49 -91
81 50 71
81 51 -57
81 52 43
81 55 1
81 65 -31
81 70 86
81 73 -97
81 76 -56
81 80 -57
81 83 10
81 85 -65
81 86 -71
81 87 22
81 91 -58
81 106 -100
81 107 -73
81 110 22
81 118 -57
81 121 64
81 125 89
81 132 77
81 133 43
81 135 31
81 140 -34
81 142 -89
81 147 12
81 149 11
82 1 51
82 5 -9
82 6 13
82 30 43
82 38 -80
82 39 -64
82 41 -28
82 48 23
82 50 -17
82 53 5
82 55 -88
82 59 83
82 63 17
82 64 24
82 65 -72
82 84 -23
82 85 -67
82 87 -69
82 92 -26
82 93 -70
82 96 62
82 97 -9
82 100 -47
82 103 -15
82 104 -65
82 106 8
82 107 14
82 111 30
82 115 81
82 119 8
82 125 31
82 128 62
82 134 48
82 138 -48
82 140 28
82 141 40
83 11 88
83 15 -67
83 18 16
83 21 -28
83 23 -60
83 31 6
83 32 50
83 35 72
83 36 -67
83 37 99
83 40 8
83 54 42
83 55 20
83 57 -38
83 58 37
83 60 -69
83 61 -83
83 63 54
83 64 -48
83 71 48
83 73 82
83 75 49
83 83 -52
83 84 -4
83 85 -21
83 86 29
83 87 16
83 88 -45
83 90 16
83 94 -70
83 113 -39
83 117 -68
83 122 -19
83 128 -41
83 130 -32
83 131 55
83 138 -90
84 0 59
84 9 80
84 12 -57
84 15 -49
84 25 -99
84 28 -64
84 30 89
84 31 50
84 35 84
84 38 -44
84 40 55
84 42 33
84 44 -55
84 52 70
84 55 -31
84 57 83
84 65 -6
84 68 74
84 69 -45
84 71 -34
84 78 43
84 81 96
84 82 -7
84 83 -95
84 85 45
84 87 -16
84 89 45
84 102 7
84 106 5
84 113 -67
84 115 -62
84 117 -40
84 118 9
84 120 -81
84 123 47
84 128 -31
84 130 -91
84 133 12
84 134 -72
84 146 -59
84 148 22
85 3 -35
85 8 27
85 10 -42
85 16 9
85 17 35
85 22 100
85 26 -18
85 31 99
85 42 18
85 49 -61
85 50 26
85 57 -68
85 58 70
85 64 87
85 68 42
85 69 9
85 83 29
85 86 -10
85 88 13
85 96 -57
85 98 34
85 99 74
85 105 71
85 109 -9
85 116 77
85 121 97
85 126 -42
85 128 -86
85 129 -22
85 131 -72
85 132 8
85 133 -53
85 134 -38
85 138 -33
85 139 34
85 140 -37
85 144 -80
86 3 -5
86 14 62
86 15 -2
86 22 19
86 32 -19
86 38 28
86 42 -44
86 43 97
86 45 -39
86 47 2
86 50 -36
86 52 -87
86 54 5
86 56 -85
86 60 -19
86 66 -51
86 69 -99
86 70 -93
86 79 -19
86 82 -27
86 87 -81
86 95 -20
86 96 -19
86 107 -9
86 109 -93
86 113 -91
86 121 35
86 122 -46
86 124 42
86 125 1
86 126 63
86 138 85
86 143 -86
86 144 -56
86 147 87
87 2 -69
87 4 -41
87 10 -63
87 15 42
87 18 -61
87 26 95
87 28 -88
87 32 -17
87 33 -99
87 40 36
87 41 2
87 56 2
87 59 51
87 65 -28
87 67 -50
87 82 -52
87 88 8
87 90 13
87 91 -21
87 92 74
87 94 50
87 96 -19
87 100 72
87 105 46
87 106 -83
87 108 -56
87 111 78
87 113 36
87 115 -14
87 119 -72
87 121 58
87 131 -32
87 136 -20
87 143 41
87 146 72
87 149 47
88 3 4
88 6 -68
88 16 95
88 17 -84
88 18 64
88 19 -8
88 25 -83
88 26 60
88 34 -45
88 39 19
88 40 51
88 42 78
88 43 -53
88 48 -11
88 66 58
88 83 -33
88 86 4
88 90 50
88 93 14
88 97 57
88 107 -87
88 108 65
88 110 91
88 120 88
88 122 -89
88 126 -11
88 128 44
88 130 14
88 140 74
88 147 -61
88 148 -23
88 149 43
89 1 35
89 9 -6
89 12 -33
89 13 -24
89 14 -67
89 16 -46
89 20 5
89 21 20
89 22 -8
89 23 -35
89 24 -75
89 27 -25
89 28 13
89 29 -8
89 30 64
89 31 32
89 32 97
89 33 -7
89 34 84
89 38 -11
89 41 -88
89 42 15
89 49 60
89 54 -65
89 58 -16
89 65 92
89 67 69
89 71 23
89 73 -31
89 76 92
89 77 -3
89 78 -39
89 79 -80
89 82 30
89 83 5
89 88 -73
89 91 23
89 94 86
89 95 41
89 97 5
89 100 88
89 103 -93
89 108 -50
89 109 7
89 111 41
89 114 -64
89 120 -55
89 122 -95
89 126 -74
89 127 -19
89 131 30
89 132 -3
89 134 69
89 141 49
89 145 -100
89 146 -56
90 23 -22
90 28 -18
90 38 36
90 42 -68
90 48 54
90 49 10
90 54 77
90 64 -67
90 69 5
90 71 -34
90 75 -39
90 76 94
90 79 66
90 81 -16
90 87 2
90 89 -23
90 93 57
90 97 40
90 98 36
90 103 30
90 105 -49
90 106 15
90 107 51
90 108 -10
90 110 -50
90 111 63
90 115 98
90 120 -27
90 124 62
90 128 -79
90 129 -54
90 134 -66
90 145 -91
91 2 -39
91 7 -50
91 14 99
91 22 -21
91 24 -82
91 25 -11
91 26 -46
91 31 -7
91 32 76
91 37 -30
91 39 61
91 40 -73
91 42 71
91 47 83
91 52 5
91 63 34
91 64 75
91 65 12
91 68 49
91 75 -3
91 80 11
91 90 73
91 93 72
91 95 -22
91 99 24
91 104 35
91 105 -37
91 106 10
91 109 75
91 112 94
91 114 57
91 115 -79
91 119 57
91 120 15
91 122 -38
91 126 11
91 128 -3
91 129 -89
91 131 -59
91 133 76
91 146 -19
91 147 -80
92 2 -29
92 7 78
92 12 23
92 13 96
92 14 -5
92 15 -54
92 19 -24
92 23 -36
92 24 -6
92 32 -3
92 33 -10
92 35 7
92 44 -91
92 45 -49
92 51 79
92 54 -55
92 57 15
92 61 -22
92 66 99
92 71 44
92 74 -63
92 77 -3
92 78 -99
92 79 31
92 83 29
92 87 96
92 90 -23
92 94 38
92 95 -25
92 105 -45
92 112 55
92 114 -5
92 120 39
92 121 -49
92 123 -25
92 124 -40
92 125 -34
92 126 75
92 127 -59
92 130 -93
92 138 -89
92 143 -84
92 145 -16
93 0 80
93 2 89
93 13 -69
93 14 -48
93 15 -10
93 19 39
93 24 31
93 31 16
93 34 -65
93 36 -72
93 37 93
93 39 37
93 49 -75
93 51 -41
93 63 10
93 67 24
93 68 -48
93 71 47
93 74 46
93 78 46
93 79 -54
93 81 62
93 83 51
93 84 -20
93 85 30
93 94 -48
93 95 40
93 97 -43
93 101 -75
93 104 -60
93 105 -96
93 110 95
93 114 31
93 118 -69
93 121 -98
93 123 41
93 127 25
93 133 -14
93 134 -8
93 136 82
93 140 73
93 144 47
93 148 33
93 149 -13
94 7 42
94 15 27
94 19 57
94 20 -29
94 21 -4
94 24 -96
94 27 -78
94 29 -100
94 33 -45
94 37 52
94 39 -46
94 49 -37
94 52 -44
94 57 -65
94 64 -49
94 66 -30
94 67 -47
94 70 67
94 71 -57
94 75 -48
94 80 -34
94 82 90
94 89 44
94 93 -36
94 108 -24
94 109 63
94 113 7
94 115 -22
94 121 -30
94 133 -34
94 135 44
94 137 64
94 138 67
94 139 -51
94 143 34
94 145 44
95 1 64
95 3 -44
95 7 93
95 10 63
95 11 -33
95 17 2
95 19 69
95 20 68
95 21 -55
95 28 -27
95 31 33
95 36 80
95 37 -21
95 39 -71
95 44 -49
95 45 29
95 53 42
95 54 -46
95 62 48
95 63 -40
95 64 -79
95 71 -59
95 74 -87
95 76 71
95 78 -18
95 79 -80
95 90 -49
95 91 -1
95 95 -37
95 97 -74
95 99 -29
95 102 -92
95 104 1
95 106 -3
95 107 84
95 109 -49
95 116 -50
95 117 33
95 126 60
95 132 -54
95 136 -64
95 137 29
95 142 -25
95 143 5
95 146 34
96 3 -7
96 5 99
96 6 48
96 8 40
96 10 -89
96 12 8
96 13 66
96 14 -39
96 27 -22
96 35 59
96 36 38
96 39 35
96 40 31
96 44 -41
96 52 -59
96 54 42
96 55 -30
96 57 21
96 58 -20
96 61 -61
96 63 -36
96 68 76
96 72 3
96 79 -7
96 80 70
96 82 -64
96 83 71
96 88 64
96 94 -45
96 100 -21
96 103 2
96 106 87
96 107 23
96 110 -17
96 115 68
96 116 38
96 126 -74
96 134 16
96 136 58
96 140 -97
96 141 -52
96 145 21
96 146 66
97 1 -54
97 2 -63
97 3 45
97 5 -77
97 6 -32
97 16 100
97 18 62
97 25 -90
97 27 46
97 28 -97
97 29 88
97 39 -50
97 41 77
97 44 10
97 47 71
97 50 22
97 55 -56
97 78 10
97 79 16
97 83 -82
97 84 -10
97 85 13
97 87 -73
97 91 97
97 95 -65
97 105 33
97 106 44
97 110 5
97 112 -22
97 116 99
97 117 6
97 123 38
97 124 -16
97 127 -4
97 136 36
97 137 -4
97 139 -30
97 141 -43
97 145 80
97 146 -57
97 149 73
98 1 -75
98 3 66
98 7 4
98 11 74
98 18 -42
98 25 -39
98 30 -74
98 33 -44
98 41 76
98 51 23
98 53 65
98 57 -54
98 66 -31
98 72 -1
98 74 -25
98 77 12
98 83 48
98 87 -53
98 90 -93
98 94 -88
98 96 -31
98 98 -30
98 102 61
98 103 -15
98 106 -39
98 110 -95
98 111 41
98 113 -85
98 115 34
98 123 -56
98 125 -18
98 136 95
98 138 -53
98 142 -7
98 146 -23
99 1 -52
99 13 -53
99 19 83
99 20 47
99 29 -27
99 33 -87
99 35 -47
99 38 -32
99 47 90
99 49 96
99 52 -17
99 54 -58
99 55 51
99 58 -72
99 59 13
99 62 21
99 72 -48
99 76 31
99 77 28
99 81 80
99 85 -10
99 90 -35
99 94 93
99 100 -41
99 103 29
99 106 100
99 122 75
99 126 -60
99 127 26
99 128 -94
99 130 -42
99 135 79
99 138 -45
99 139 -58
99 145 16
99 146 -49
99 147 84
99 149 82
100 0 26
100 4 57
100 11 -46
100 13 23
100 22 -38
100 23 -93
100 25 -12
100 27 -3
100 33 -19
100 35 23
100 42 12
100 46 -76
100 48 22
100 52 82
100 54 -39
100 58 12
100 59 82
100 62 -61
100 66 -39
100 69 92
100 75 -33
100 82 68
100 83 -16
100 109 69
100 111 96
100 113 -60
100 119 -91
100 129 20
100 130 21
100 132 48
100 135 1
100 137 2
100 141 -94
100 147 56
100 149 25
101 2 -35
101 6 -69
101 8 94
101 9 11
101 15 45
101 16 44
101 17 98
101 21 91
101 22 80
101 24 52
101 28 -100
101 30 -73
101 38 -68
101 39 84
101 46 39
101 49 -64
101 50 89
101 51 -11
101 53 28
101 55 -51
101 57 -59
101 60 -93
101 63 68
101 65 -47
101 84 -81
101 95 81
101 96 43
101 101 16
101 106 -79
101 111 37
101 114 -35
101 115 19
101 116 -26
101 125 90
101 127 -44
101 132 -29
101 135 -3
101 143 -74
102 5 42
102 8 -9
102 10 55
102 19 -83
102 22 -11
102 35 75
102 36 67
102 37 -41
102 41 3
102 45 -93
102 52 4
102 54 7
102 55 26
102 56 -49
102 57 84
102 61 -92
102 69 -20
102 70 -72
102 72 -56
102 80 -95
102 81 25
102 89 -67
102 90 -40
102 93 -14
102 96 -29
102 99 -45
102 104 30
102 105 85
102 107 96
102 112 -63
102 119 -52
102 120 -44
102 122 -68
102 123 25
102 128 58
102 129 -79
102 131 23
102 134 40
102 135 30
102 140 -24
102 147 15
103 3 11
103 4 -76
103 6 18
103 8 98
103 17 -100
103 19 67
103 20 80
103 31 -49
103 33 -94
103 40 -57
103 43 85
103 44 17
103 51 -46
103 59 83
103 60 -61
103 64 -1
103 65 -72
103 66 -40
103 71 84
103 76 88
103 80 -84
103 81 72
103 85 78
103 86 -82
103 91 15
103 100 51
103 101 -50
103 114 5
103 122 21
103 123 45
103 127 43
103 130 -55
103 135 51
103 143 -50
104 2 -24
104 21 -40
104 24 -71
104 25 22
104 26 44
104 27 42
104 30 -98
104 38 78
104 39 71
104 47 41
104 50 52
104 52 47
104 53 -36
104 61 -93
104 63 17
104 69 50
104 74 -3
104 77 -76
104 79 -69
104 84 -15
104 93 10
104 103 50
104 104 96
104 105 44
104 107 -71
104 108 -73
104 110 -42
104 116 36
104 123 -3
104 125 82
104 127 -95
104 136 -59
104 141 -51
105 0 17
105 3 -26
105 4 -82
105 7 48
105 10 81
105 13 38
105 14 -42
105 35 -82
105 43 94
105 51 -87
105 52 52
105 54 -56
105 57 -12
105 61 -44
105 75 43
105 77 -27
105 78 55
105 81 1
105 84 77
105 88 -16
105 91 -96
105 95 7
105 98 70
105 101 -27
105 107 3
105 108 -99
105 109 -9
105 114 -28
105 122 34
105 123 -86
105 124 17
105 125 88
105 127 43
105 134 85
105 136 -39
105 138 -4
105 141 -51
105 148 -91
106 4 -7
106 6 90
106 9 -37
106 17 -1
106 19 -50
106 21 -30
106 28 30
106 32 -59
106 33 -35
106 40 22
106 48 -29
106 59 -16
106 60 36
106 62 83
106 72 10
106 73 -26
106 80 -77
106 82 -84
106 84 -46
106 85 -27
106 87 46
106 88 28
106 92 -54
106 101 -66
106 102 -45
106 110 -38
106 122 54
106 130 77
106 136 82
106 138 -8
106 139 -59
106 147 99
106 148 -36
107 4 44
107 6 -91
107 8 35
107 9 -9
107 16 73
107 18 -78
107 24 -54
107 25 -8
107 35 -70
107 37 77
107 44 47
107 48 -51
107 55 13
107 58 -90
107 59 -3
107 68 13
107 70 15
107 82 97
107 106 -77
107 117 -93
107 118 2
107 122 -35
107 125 -93
107 128 49
107 133 55
107 137 -22
107 138 32
107 142 47
107 145 -3
107 148 -67
108 0 -44
108 1 -84
108 5 -41
108 6 22
108 9 39
108 16 31
108 17 -29
108 20 71
108 22 51
108 26 45
108 38 35
108 42 13
108 50 -97
108 54 -33
108 56 71
108 64 -81
108 66 90
108 71 -4
108 74 46
108 75 31
108 78 -77
108 79 -60
108 83 24
108 84 13
108 86 -19
108 87 57
108 90 6
108 102 32
108 103 98
108 108 58
108 110 5
108 112 80
108 113 89
108 114 78
108 116 59
108 119 -86
108 121 65
108 123 -5
108 124 -48
108 128 87
108 134 -64
108 138 84
108 139 -77
108 147 31
108 149 18
109 4 -79
109 6 -49
109 8 94
109 11 -55
109 12 47
109 22 -58
109 30 -50
109 34 26
109 36 -86
109 38 -16
109 49 42
109 50 58
109 51 98
109 54 33
109 56 -37
109 57 66
109 58 31
109 62 24
109 64 67
109 70 53
109 71 18
109 73 -5
109 75 33
109 78 -81
109 87 28
109 88 64
109 90 -50
109 91 18
109 98 -6
109 107 21
109 110 -38
109 115 71
109 117 -88
109 125 -36
109 130 2
109 134 -74
109 142 -57
110 8 -39
110 9 -5
110 11 -87
110 13 -58
110 16 -12
110 21 -37
110 22 54
110 23 -84
110 26 -94
110 27 68
110 34 -54
110 38 92
110 47 6
110 48 41
110 55 18
110 57 -8
110 59 -4
110 60 -40
110 61 -32
110 62 -90
110 71 -68
110 73 -2
110 74 -76
110 76 46
110 83 44
110 84 54
110 90 -10
110 95 28
110 97 99
110 103 -18
110 104 -70
110 107 -83
110 108 -95
110 109 -61
110 114 -17
110 117 10
110 120 14
110 121 -66
110 124 -1
110 129 39
110 133 -98
110 141 29
110 142 76
110 145 -83
110 148 -42
111 0 29
111 10 -35
111 13 28
111 15 -19
111 19 20
111 23 19
111 28 -32
111 42 56
111 47 -82
111 51 58
111 52 -45
111 53 -76
111 56 -74
111 58 40
111 63 25
111 67 47
111 68 -9
111 70 -50
111 72 74
111 75 13
111 78 -21
111 86 30
111 89 -73
111 92 27
111 93 15
111 97 8
111 98 20
111 102 -88
111 103 -17
111 107 -27
111 109 -51
111 111 87
111 124 -35
111 128 11
111 137 -13
111 140 64
112 0 70
112 1 -23
112 3 51
112 13 39
112 17 2
112 20 -67
112 24 36
112 27 -62
112 29 -43
112 30 -69
112 34 -73
112 38 -24
112 44 28
112 45 -42
112 46 88
112 51 85
112 53 -91
112 67 -54
112 68 79
112 74 90
112 75 -45
112 81 57
112 82 -54
112 88 -84
112 93 94
112 94 -97
112 107 82
112 112 -81
112 115 49
112 116 96
112 122 20
112 123 -54
112 126 85
112 128 50
112 130 -44
112 131 24
112 133 42
112 135 -44
112 142 -65
113 9 -52
113 10 -30
113 18 21
113 21 -55
113 22 -88
113 26 -76
113 28 -96
113 38 -30
113 39 -85
113 41 7
113 46 62
113 56 62
113 58 70
113 59 -91
113 66 56
113 68 -48
113 72 38
113 81 71
113 90 86
113 93 59
113 95 33
113 104 -33
113 112 35
113 120 56
113 121 -55
113 129 -50
113 135 4
113 137 -86
113 142 -1
113 146 -51
114 4 61
114 12 8
114 13 -72
114 20 18
114 24 90
114 30 -4
114 32 -15
114 33 60
114 36 93
114 41 -83
114 42 -98
114 49 -11
114 58 20
114 65 29
114 71 6
114 75 4
114 80 -39
114 83 62
114 85 -27
114 96 85
114 98 4
114 103 -8
114 104 95
114 108 -65
114 109 93
114 111 43
114 116 53
114 122 100
114 124 -9
114 126 -91
114 129 30
114 130 -58
114 131 11
114 133 63
114 134 -63
114 137 19
114 139 76
114 140 62
114 144 8
114 146 -16
115 1 -98
115 2 9
115 8 76
115 12 -72
115 20 -12
115 22 83
115 24 -88
115 27 39
115 39 -40
115 48 98
115 49 -79
115 53 -100
115 54 7
115 64 12
115 68 93
115 72 -15
115 73 -6
115 74 -50
115 76 1
115 77 85
115 79 -71
115 81 -63
115 87 -40
115 90 -59
115 99 10
115 100 -61
115 105 -42
115 109 87
115 111 26
115 121 30
115 125 72
115 134 -39
115 137 -55
115 140 80
115 141 -29
115 143 96
115 145 29
116 0 61
116 2 100
116 10 58
116 17 21
116 22 -5
116 25 -44
116 26 -47
116 29 85
116 37 -38
116 39 -21
116 40 -47
116 47 6
116 51 33
116 54 17
116 57 37
116 58 82
116 60 -84
116 66 -61
116 70 -86
116 77 52
116 78 -36
116 80 50
116 82 50
116 85 43
116 86 52
116 89 -53
116 90 -24
116 93 -1
116 94 -13
116 97 13
116 98 -79
116 104 -35
116 110 -92
116 113 65
116 115 -7
116 120 -64
116 124 99
116 130 58
116 131 -56
116 136 60
116 139 61
116 149 -84
117 0 -73
117 18 -5
117 19 -62
117 21 -47
117 22 -44
117 23 31
117 29 -44
117 33 -32
117 36 -99
117 39 54
117 40 22
117 41 -37
117 42 84
117 48 -55
117 55 -71
117 57 91
117 59 22
117 66 -64
117 69 -25
117 74 22
117 75 24
117 77 6
117 79 3
117 80 -46
117 81 -56
117 82 -92
117 87 -28
117 92 -89
117 93 90
117 94 -10
117 97 -95
117 102 -65
117 103 -67
117 105 55
117 108 90
117 113 -22
117 115 37
117 117 -36
117 118 9
117 119 71
117 127 -88
117 130 -39
117 137 99
117 140 19
118 1 -49
118 12 49
118 13 2
118 16 78
118 18 52
118 53 27
118 57 64
118 66 24
118 87 22
118 89 75
118 93 -87
118 94 -13
118 100 86
118 104 -57
118 106 65
118 107 29
118 111 50
118 113 -81
118 120 21
118 121 92
118 126 33
118 127 -38
118 134 51
118 138 -88
118 145 98
118 147 34
118 149 -21
119 5 -85
119 17 72
119 18 -40
119 20 46
119 26 -84
119 33 85
119 34 -86
119 42 -29
119 43 -60
119 47 33
119 53 15
119 57 -100
119 59 65
119 60 55
119 66 -28
119 67 54
119 70 50
119 73 75
119 78 34
119 81 35
119 90 -59
119 93 -96
119 94 -7
119 100 28
119 102 28
119 107 64
119 108 65
119 112 64
119 114 16
119 123 -11
119 129 -24
119 130 -6
119 134 38
119 139 1
119 141 12
119 143 -69
119 144 4
119 146 99
119 147 -42
120 0 43
120 17 -23
120 20 15
120 23 -74
120 26 -20
120 29 91
120 31 74
120 36 -19
120 39 -57
120 42 -27
120 46 76
120 52 -68
120 56 46
120 61 -83
120 66 75
120 75 -57
120 79 -54
120 81 -44
120 82 -56
120 85 76
120 88 -32
120 89 11
120 97 -66
120 99 71
120 105 30
120 118 16
120 130 71
120 137 -13
120 139 97
120 141 28
120 144 30
120 149 25
121 3 93
121 11 16
121 15 -12
121 18 -14
121 21 73
121 24 4
121 27 17
121 32 -39
121 46 -57
121 49 52
121 50 13
121 55 -81
121 57 -13
121 69 2
121 70 -9
121 73 35
121 79 89
121 82 5
121 83 -84
121 84 17
121 86 -37
121 87 65
121 93 94
121 97 13
121 101 25
121 102 -62
121 103 25
121 105 89
121 108 -6
121 114 55
121 116 41
121 123 -54
121 126 38
121 129 55
121 149 -12
122 0 -30
122 1 26
122 2 71
122 6 57
122 13 56
122 14 34
122 20 97
122 23 -16
122 25 -32
122 26 98
122 30 -42
122 38 83
122 42 -26
122 43 -71
122 44 -80
122 57 -14
122 62 -67
122 76 89
122 77 36
122 85 80
122 86 15
122 88 74
122 93 -86
122 95 86
122 101 -86
122 105 -33
122 107 -14
122 114 -40
122 115 80
122 118 -33
122 119 11
122 123 -40
122 131 -16
122 136 28
123 2 -45
123 8 -52
123 9 -54
123 10 73
123 12 88
123 16 11
123 21 -40
123 29 -54
123 32 38
123 33 -47
123 37 71
123 39 -25
123 43 13
123 48 95
123 49 21
123 55 51
123 69 41
123 70 -51
123 71 -38
123 73 -26
123 82 -98
123 91 3
123 93 -60
123 94 31
123 96 63
123 97 -95
123 105 -94
123 111 -92
123 115 50
123 119 -43
123 120 37
123 122 93
123 123 -71
123 128 78
123 130 -78
123 131 -27
123 132 39
123 135 -38
123 136 -44
123 139 -46
123 149 -79
124 1 -95
124 8 11
124 9 9
124 18 89
124 26 -38
124 29 66
124 30 31
124 34 -4
124 41 97
124 48 67
124 53 12
124 56 -28
124 60 55
124 61 -69
124 69 22
124 70 -1
124 73 -36
124 76 -99
124 77 21
124 80 37
124 84 62
124 88 -9
124 91 53
124 92 40
124 94 73
124 97 -1
124 101 -58
124 103 52
124 104 -29
124 105 -50
124 110 75
124 112 -6
124 115 -64
124 118 -78
124 123 -77
124 127 50
124 131 -94
124 136 77
124 139 -15
124 149 21
125 9 -99
125 10 22
125 14 -9
125 17 8
125 19 87
125 31 -64
125 37 -97
125 41 -89
125 42 42
125 48 -94
125 49 -39
125 50 -92
125 51 57
125 56 77
125 57 100
125 60 -91
125 61 42
125 63 32
125 64 -64
125 65 74
125 75 32
125 77 64
125 79 41
125 89 10
125 90 -27
125 94 64
125 96 42
125 97 -38
125 101 29
125 102 100
125 103 -9
125 108 -71
125 109 -97
125 115 -94
125 118 -65
125 121 48
125 130 34
125 135 54
125 136 67
125 137 87
126 2 -9
126 6 54
126 8 -12
126 10 84
126 13 75
126 22 75
126 28 -95
126 37 -49
126 39 61
126 44 -7
126 45 -7
126 48 99
126 50 -70
126 51 -8
126 52 28
126 55 -31
126 59 27
126 68 -79
126 76 -43
126 79 -72
126 82 -48
126 85 65
126 86 5
126 87 96
126 88 71
126 92 64
126 98 16
126 103 25
126 108 53
126 109 43
126 110 67
126 117 94
126 119 97
126 120 -90
126 122 -14
126 124 -76
126 126 24
126 135 -7
126 136 71
126 137 23
126 141 64
126 143 97
127 3 -91
127 4 13
127 6 -62
127 8 24
127 10 29
127 17 40
127 22 44
127 23 43
127 28 40
127 29 -40
127 33 43
127 36 -66
127 39 71
127 44 -42
127 46 63
127 48 28
127 51 24
127 54 70
127 57 -80
127 69 24
127 74 -46
127 79 73
127 81 1
127 86 86
127 89 19
127 91 5
127 103 62
127 105 -49
127 106 -82
127 108 22
127 113 -92
127 114 -41
127 117 -87
127 118 -28
127 127 -2
127 132 37
127 133 -73
127 144 -29
127 146 -37
127 147 82
127 148 -83
128 8 47
128 12 99
128 13 78
128 17 2
128 18 7
128 19 -64
128 31 36
128 34 87
128 43 83
128 45 -90
128 47 10
128 48 54
128 56 43
128 57 40
128 59 40
128 62 58
128 63 -24
128 69 -48
128 77 84
128 88 -55
128 93 69
128 99 -5
128 100 97
128 102 -89
128 106 -32
128 111 -22
128 125 44
128 127 -74
128 128 -14
128 130 -75
128 135 -49
128 136 -30
128 141 81
128 142 -30
128 143 37
129 0 77
129 4 90
129 5 -19
129 10 10
129 11 41
129 15 57
129 16 -25
129 18 61
129 22 63
129 26 -47
129 28 86
129 32 -77
129 44 2
129 47 75
129 49 73
129 50 -11
129 53 30
129 62 -44
129 63 -82
129 64 -26
129 67 42
129 68 45
129 70 51
129 72 -26
129 75 -96
129 78 -92
129 87 -92
129 88 -76
129 101 -95
129 104 -48
129 105 9
129 115 15
129 116 -78
129 117 67
129 118 79
129 128 -45
129 134 -65
129 137 12
129 140 30
129 143 4
129 144 49
129 149 79
130 8 45
130 9 -61
130 17 18
130 23 25
130 30 53
130 32 -22
130 33 -46
130 36 -23
130 40 -82
130 44 88
130 47 -16
130 53 -19
130 57 -84
130 58 -88
130 67 -60
130 71 57
130 72 -100
130 74 72
130 76 16
130 77 56
130 78 -37
130 81 -34
130 82 4
130 89 -61
130 95 38
130 104 17
130 106 5
130 110 21
130 111 3
130 114 54
130 125 -11
130 133 74
130 137 47
130 140 57
130 147 -23
131 12 83
131 17 73
131 23 -75
131 30 -90
131 38 88
131 39 97
131 43 -5
131 51 -10
131 53 -45
131 55 78
131 57 95
131 60 71
131 74 -54
131 75 -53
131 82 -97
131 89 -63
131 93 21
131 99 -37
131 100 59
131 103 -59
131 107 -26
131 110 -85
131 116 70
131 118 96
131 120 91
131 130 74
131 133 33
131 137 -5
131 139 -54
131 143 65
131 144 -8
131 146 -79
131 147 12
132 3 10
132 4 -95
132 7 28
132 26 -53
132 28 -100
132 41 -91
132 42 -28
132 45 45
132 49 -73
132 52 49
132 53 -57
132 62 -69
132 65 -85
132 68 66
132 80 75
132 81 9
132 84 40
132 85 -24
132 89 -94
132 95 34
132 105 49
132 108 -51
132 115 -58
132 125 58
132 132 93
132 133 -24
132 138 90
132 143 64
132 145 -70
132 146 40
132 148 9
133 1 -52
133 3 18
133 5 -100
133 8 74
133 12 -36
133 15 6
133 20 72
133 23 35
133 24 41
133 29 75
133 35 86
133 37 26
133 43 73
133 47 97
133 52 79
133 58 -89
133 61 -46
133 68 -46
133 69 -18
133 70 -98
133 72 27
133 83 1
133 86 16
133 87 6
133 88 -51
133 90 49
133 92 -85
133 93 -94
133 96 -73
133 97 -94
133 104 53
133 106 -69
133 107 41
133 109 -74
133 118 -6
133 127 31
133 129 7
133 130 33
133 135 -100
133 137 19
133 143 69
133 147 -55
134 0 -56
134 4 -43
134 5 -20
134 8 67
134 16 24
134 20 67
134 22 -56
134 23 -39
134 26 -22
134 29 -51
134 30 -60
134 34 59
134 35 -91
134 37 36
134 39 70
134 46 95
134 57 30
134 61 -89
134 70 48
134 74 -11
134 78 25
134 80 56
134 84 38
134 93 40
134 96 -1
134 97 -86
134 99 -15
134 105 -45
134 107 63
134 113 -10
134 121 -22
134 124 4
134 127 23
134 129 8
134 131 -87
134 134 1
134 136 -7
134 142 2
134 144 -50
134 145 -79
135 11 11
135 17 -75
135 19 8
135 31 57
135 32 -15
135 34 -51
135 37 22
135 38 92
135 40 4
135 42 3
135 44 66
135 52 56
135 53 33
135 55 -8
135 58 -4
135 64 -35
135 65 66
135 68 -89
135 71 23
135 72 38
135 76 24
135 78 72
135 83 66
135 91 -70
135 93 -65
135 98 -65
135 99 -75
135 100 71
135 114 59
135 117 94
135 120 -6
135 123 35
135 125 -88
135 127 -57
135 144 6
136 0 -55
136 3 78
136 5 -43
136 11 73
136 13 -29
136 18 7
136 25 23
136 32 -2
136 35 -52
136 37 97
136 46 5
136 52 -63
136 54 -1
136 60 44
136 71 59
136 75 4
136 76 26
136 77 26
136 81 -42
136 84 -79
136 87 90
136 88 52
136 90 85
136 108 4
136 113 65
136 115 -82
136 121 6
136 124 -7
136 125 -89
136 142 -89
136 145 14
137 3 -49
137 9 -22
137 23 21
137 26 94
137 28 -53
137 31 -87
137 32 -86
137 34 -44
137 35 11
137 37 -88
137 38 -70
137 40 -92
137 46 -43
137 47 -2
137 48 84
137 50 -49
137 51 -96
137 55 -54
137 56 56
137 57 32
137 63 -91
137 64 -89
137 69 -6
137 70 66
137 72 8
137 73 10
137 80 -2
137 86 -10
137 98 13
137 103 -33
137 105 -87
137 109 51
137 116 40
137 117 -52
137 125 -15
137 126 84
137 131 -66
137 133 -15
137 144 93
137 147 -66
137 149 -45
138 0 75
138 1 57
138 15 -97
138 18 74
138 19 -46
138 22 53
138 23 -11
138 27 -44
138 33 -23
138 38 -11
138 39 81
138 42 39
138 44 -48
138 46 -30
138 55 65
138 59 59
138 60 45
138 65 28
138 68 52
138 71 -5
138 80 82
138 85 -63
138 89 96
138 94 -96
138 97 8
138 101 -52
138 106 -69
138 115 -14
138 118 38
138 128 -31
138 131 15
138 137 82
138 139 47
138 144 -9
139 10 64
139 19 1
139 22 -55
139 31 31
139 32 -98
139 34 17
139 35 24
139 36 -13
139 38 -14
139 39 -79
139 43 30
139 44 62
139 54 -87
139 58 75
139 68 100
139 70 -76
139 87 -61
139 96 76
139 99 -34
139 102 12
139 107 26
139 109 55
139 112 14
139 118 18
139 119 -84
139 121 -22
139 125 -33
139 127 -63
139 128 3
139 130 96
139 134 -83
139 137 54
139 142 31
139 145 -41
139 147 84
139 148 -78
140 1 21
140 5 -68
140 6 21
140 12 43
140 19 57
140 20 -39
140 21 -89
140 23 -35
140 32 -88
140 42 -40
140 48 16
140 56 64
140 57 -30
140 61 48
140 70 58
140 74 100
140 75 -80
140 78 -71
140 79 21
140 83 53
140 86 67
140 94 23
140 104 82
140 114 73
140 117 -28
140 120 18
140 121 -20
140 125 4
140 127 57
140 133 -67
140 138 78
140 142 -54
140 144 -62
141 0 8
141 4 -36
141 5 -13
141 11 16
141 12 -42
141 14 -88
141 15 84
141 19 -18
141 20 -56
141 23 -27
141 39 36
141 43 45
141 50 -97
141 52 31
141 56 -74
141 62 -46
141 67 -40
141 68 75
141 69 80
141 70 88
141 71 -76
141 76 11
141 78 56
141 84 87
141 88 -50
141 92 -49
141 93 62
141 94 -59
141 100 -76
141 101 -76
141 104 84
141 113 -60
141 125 -78
141 140 59
141 141 -86
141 145 3
141 146 59
142 4 96
142 6 93
142 16 -28
142 17 -40
142 18 -81
142 24 -33
142 25 1
142 29 98
142 31 10
142 32 70
142 34 -56
142 44 -40
142 52 62
142 53 -38
142 57 -70
142 58 81
142 65 -24
142 75 -88
142 87 10
142 89 -82
142 97 6
142 103 -98
142 111 -35
142 115 40
142 120 76
142 122 86
142 128 -96
142 133 -72
142 136 -54
142 137 -34
142 141 -66
143 3 -58
143 10 -10
143 11 50
143 13 33
143 18 43
143 19 -2
143 20 -23
143 23 -24
143 27 -48
143 30 88
143 31 4
143 32 41
143 34 -83
143 38 83
143 41 -1
143 43 -18
143 45 47
143 48 -80
143 49 -22
143 57 10
143 58 62
143 59 20
143 69 -1
143 70 -5
143 74 -94
143 82 65
143 84 12
143 85 -33
143 92 -47
143 100 -26
143 101 -30
143 105 79
143 106 78
143 109 77
143 110 -79
143 111 -56
143 114 -88
143 115 39
143 123 24
143 132 66
143 140 -24
143 143 -26
143 146 78
144 10 -41
144 11 8
144 12 32
144 22 -87
144 24 -76
144 31 -64
144 33 -98
144 34 41
144 35 -73
144 39 10
144 45 60
144 48 69
144 50 40
144 62 46
144 63 86
144 64 41
144 69 -88
144 70 40
144 73 -66
144 79 94
144 84 53
144 93 89
144 99 -83
144 101 -63
144 112 -42
144 116 37
144 119 6
144 122 -25
144 123 -60
144 125 97
144 126 77
144 127 27
144 128 -77
144 130 -51
144 138 -53
144 139 18
144 144 -6
144 146 6
144 148 8
145 4 98
145 7 82
145 11 86
145 15 72
145 28 20
145 29 89
145 32 -19
145 34 -5
145 38 69
145 43 46
145 47 58
145 53 65
145 54 -46
145 55 -21
145 57 95
145 61 -6
145 64 -9
145 71 -48
145 74 -70
145 78 -49
145 84 -24
145 85 37
145 86 -25
145 87 89
145 88 24
145 90 -13
145 94 -87
145 96 -16
145 97 -40
145 104 84
145 108 5
145 109 69
145 110 71
145 114 -58
145 116 -12
145 121 -70
145 123 33
145 129 -46
145 139 63
145 140 79
145 143 98
145 149 -31
146 3 -35
146 7 -12
146 8 -85
146 9 -66
146 11 86
146 13 -26
146 15 18
146 17 85
146 19 83
146 22 -56
146 28 -78
146 33 60
146 41 75
146 47 58
146 54 77
146 57 86
146 65 74
146 76 24
146 80 -90
146 83 49
146 84 54
146 87 -50
146 88 48
146 89 -24
146 98 -25
146 107 -29
146 108 -3
146 112 77
146 117 59
146 118 -55
146 122 2
146 130 -15
146 139 -75
146 141 -9
146 143 -85
146 144 26
146 148 19
147 4 60
147 5 68
147 12 -19
147 14 -3
147 22 98
147 25 78
147 26 14
147 30 -74
147 39 -39
147 41 39
147 49 -86
147 50 -75
147 52 -48
147 55 52
147 57 -17
147 60 -64
147 63 -18
147 66 72
147 67 -14
147 69 -37
147 72 42
147 74 49
147 76 5
147 79 65
147 80 -42
147 86 79
147 87 20
147 92 -3
147 93 18
147 94 -1
147 95 33
147 101 40
147 103 14
147 104 55
147 106 -67
147 108 75
147 113 -80
147 117 28
147 118 50
147 131 64
147 138 96
147 141 -64
147 148 50
148 4 64
148 6 -26
148 8 -73
148 11 70
148 14 32
148 16 -69
148 19 -96
148 24 -84
148 25 -14
148 31 41
148 37 -79
148 39 -7
148 43 93
148 44 -100
148 47 69
148 50 -42
148 54 -13
148 55 82
148 56 -11
148 57 -4
148 59 -22
148 69 2
148 79 87
148 97 87
148 108 24
148 110 41
148 113 98
148 127 -4
148 132 89
148 133 47
148 134 53
148 135 95
148 139 38
148 140 -49
148 141 -75
148 145 41
148 147 45
149 14 29
149 16 56
149 20 46
149 28 -48
149 30 -3
149 34 -95
149 35 -42
149 39 -19
149 40 -2
149 46 -21
149 56 -25
149 57 -39
149 61 57
149 62 -23
149 65 -28
149 89 35
149 96 9
149 98 -48
149 99 76
149 106 19
149 108 30
149 112 51
149 115 82
149 120 -86
149 126 24
149 127 -92
149 137 74
149 140 47
149 143 -2