0 0 96
0 1 57
0 2 -70
0 3 65
0 5 -32
0 6 85
0 7 -85
0 8 49
1 1 -42
1 2 40
1 3 -16
1 4 -32
1 5 -24
1 6 24
1 7 2
1 8 -16
1 9 90
2 1 -34
2 2 39
2 3 -39
2 4 2
2 5 -14
2 6 -72
2 7 -64
2 8 -51
3 1 -52
3 2 95
3 3 32
3 6 -69
3 7 11
3 9 57
4 0 -41
4 1 -98
4 2 49
4 3 17
4 4 68
4 5 42
4 6 76
4 7 -3
4 8 -23
5 0 4
5 1 -24
5 2 -44
5 3 18
5 5 -12
5 6 -3
5 7 32
5 8 -39
5 9 42
6 1 -73
6 2 -34
6 3 66
6 4 89
6 5 -97
6 6 19
6 7 89
6 8 98
7 1 1
7 2 -31
7 3 50
7 4 -20
7 5 47
7 6 -3
7 7 25
7 8 27
7 9 95
8 0 64
8 1 53
8 3 -67
8 4 -6
8 5 -84
8 8 -89
8 9 22
9 0 48
9 1 38
9 3 86
9 4 9
9 5 -69
9 6 58
9 7 -16
9 8 29
9 9 -17