0 1 3
0 2 -92
0 6 12
0 7 83
0 9 100
0 10 65
0 11 42
0 13 -74
0 15 -75
0 16 43
0 20 -6
0 28 10
0 32 -10
0 37 77
0 38 -43
0 43 -29
0 46 38
0 48 43
1 1 68
1 4 -90
1 5 -96
1 7 -97
1 8 -86
1 9 8
1 14 -34
1 15 5
1 16 7
1 17 -96
1 18 91
1 26 -4
1 27 -43
1 30 -95
1 33 -92
1 34 4
1 35 57
1 37 -9
1 38 -81
1 39 84
1 40 100
1 44 -79
1 46 90
1 49 62
2 0 92
2 2 -48
2 3 -25
2 4 -76
2 7 50
2 12 93
2 16 -16
2 17 14
2 20 -89
2 23 80
2 24 -12
2 25 -54
2 26 -65
2 28 88
2 31 13
2 32 75
2 34 -35
2 39 58
2 41 30
2 46 33
2 47 -95
3 0 52
3 5 29
3 10 -66
3 11 30
3 15 29
3 16 -60
3 18 35
3 19 -59
3 27 73
3 32 57
3 33 -48
3 35 28
3 39 35
3 41 26
3 43 98
3 47 95
3 49 -32
4 3 37
4 5 57
4 6 9
4 8 15
4 10 -26
4 11 -22
4 12 -96
4 14 -79
4 15 22
4 20 -9
4 23 -29
4 32 42
4 37 -5
4 41 81
4 44 -91
4 49 -39
5 1 65
5 6 -88
5 7 -87
5 10 41
5 13 81
5 14 -56
5 16 4
5 18 -99
5 23 60
5 24 -84
5 27 -87
5 30 -19
5 34 73
5 37 10
5 40 36
5 41 30
5 43 16
5 45 -73
5 48 -91
6 2 -53
6 4 -55
6 6 73
6 11 23
6 16 23
6 18 -59
6 22 -75
6 25 -94
6 35 5
6 36 -80
6 37 -22
6 39 -77
6 43 -12
6 44 -19
6 47 -44
6 48 -91
6 49 78
7 6 38
7 11 -28
7 12 -11
7 17 99
7 18 -19
7 20 86
7 24 65
7 25 -20
7 27 -87
7 30 89
7 37 100
7 42 88
7 44 18
7 45 -59
7 46 49
7 49 71
8 0 -84
8 1 -8
8 2 27
8 10 42
8 13 13
8 14 -7
8 16 90
8 17 -100
8 24 -10
8 26 -38
8 31 20
8 33 -33
8 34 28
8 35 4
8 36 -2
8 38 -53
8 39 -20
8 41 49
8 42 84
8 44 -27
8 46 -49
8 47 -60
9 1 39
9 3 8
9 9 19
9 13 -1
9 14 12
9 15 -100
9 17 -66
9 18 -34
9 19 65
9 24 60
9 26 -4
9 27 68
9 31 9
9 32 -82
9 34 -50
9 36 43
9 46 -50
9 48 25
10 1 39
10 2 79
10 5 70
10 6 -78
10 8 15
10 10 91
10 15 44
10 19 -48
10 21 3
10 22 88
10 24 -73
10 27 -97
10 28 72
10 35 12
10 37 -9
10 39 -32
10 40 -11
10 41 -2
10 48 -33
10 49 -46
11 0 -39
11 2 60
11 9 -43
11 10 25
11 12 -7
11 14 91
11 17 -8
11 20 100
11 24 91
11 25 -99
11 27 92
11 31 18
11 32 55
11 33 -19
11 36 -82
11 37 -12
11 39 -41
11 41 -83
11 47 85
12 0 -89
12 9 -77
12 10 90
12 13 67
12 14 97
12 15 -28
12 16 77
12 17 84
12 18 6
12 20 65
12 21 8
12 24 -47
12 25 -56
12 26 88
12 28 44
12 29 57
12 30 -12
12 33 -55
12 37 -97
12 38 21
12 39 -28
12 40 34
12 41 99
12 42 68
12 48 68
13 0 5
13 2 38
13 5 -36
13 8 43
13 9 30
13 10 -88
13 12 -54
13 13 -66
13 16 -11
13 18 -74
13 19 -14
13 21 -25
13 22 -43
13 24 -63
13 26 46
13 28 -23
13 31 -29
13 32 -13
13 34 -63
13 35 38
13 39 -10
13 40 16
13 42 34
13 43 -48
13 44 -75
13 45 81
13 47 76
13 48 57
14 1 -46
14 2 70
14 4 45
14 9 -47
14 11 88
14 15 -61
14 16 -91
14 19 -95
14 20 38
14 22 -18
14 23 42
14 26 32
14 27 -91
14 31 89
14 33 59
14 37 62
14 38 -35
14 39 39
14 40 -32
14 41 66
14 44 -99
14 45 -60
14 47 -56
14 48 -34
15 0 -80
15 8 78
15 12 54
15 19 20
15 23 -2
15 26 -29
15 31 -69
15 35 58
15 37 19
15 39 40
15 41 5
15 42 46
15 43 -19
15 45 -39
15 47 -59
16 1 -97
16 4 -3
16 5 32
16 6 -55
16 9 -53
16 12 84
16 13 6
16 14 -43
16 15 -78
16 21 14
16 29 46
16 32 -32
16 35 8
16 36 97
16 37 -71
16 38 80
16 40 -21
16 49 5
17 0 -60
17 2 -72
17 3 38
17 5 23
17 7 -63
17 8 -11
17 11 91
17 16 -90
17 17 76
17 19 68
17 20 85
17 22 -99
17 23 40
17 29 9
17 32 -23
17 33 -62
17 34 79
17 36 -7
17 39 77
17 42 -15
17 43 -55
17 48 -19
17 49 -32
18 0 -33
18 3 47
18 4 -12
18 5 77
18 8 -92
18 11 -100
18 12 95
18 13 -2
18 15 -8
18 16 66
18 17 -72
18 18 -14
18 20 -76
18 21 21
18 22 -47
18 25 -97
18 33 38
18 37 -37
18 39 -58
18 40 -79
18 41 -27
18 45 -14
18 46 39
18 47 41
18 48 -93
19 1 14
19 3 -30
19 9 51
19 11 46
19 13 -43
19 15 43
19 16 55
19 25 85
19 35 -33
19 36 46
19 37 65
19 43 -37
19 46 17
19 48 -99
20 3 -5
20 4 -49
20 6 -7
20 8 72
20 11 45
20 14 -99
20 18 66
20 20 68
20 27 26
20 32 32
20 33 90
20 34 -69
20 36 -54
20 39 8
20 40 1
20 41 -36
20 46 -64
20 47 -96
20 48 -78
20 49 -20
21 1 88
21 2 -17
21 4 -87
21 7 17
21 8 -58
21 10 -41
21 12 44
21 13 56
21 14 29
21 15 -47
21 16 -30
21 18 95
21 20 53
21 21 25
21 23 58
21 24 18
21 27 -34
21 29 88
21 30 -3
21 32 -97
21 35 37
21 38 31
21 46 -8
21 49 -96
22 0 -48
22 4 -38
22 5 66
22 11 41
22 13 24
22 16 87
22 19 17
22 21 -36
22 24 11
22 25 80
22 26 -21
22 29 -100
22 30 34
22 33 -36
22 34 35
22 35 85
22 36 -82
22 39 37
22 41 60
22 43 100
22 44 21
23 3 66
23 7 37
23 11 6
23 15 -49
23 16 70
23 18 -61
23 19 95
23 21 49
23 22 59
23 25 36
23 31 -15
23 32 97
23 33 92
23 34 73
23 35 -16
23 38 -78
23 42 33
23 43 31
23 49 -1
24 0 34
24 1 -6
24 2 11
24 3 -16
24 4 -47
24 7 47
24 11 74
24 14 -87
24 15 -51
24 18 67
24 20 40
24 23 30
24 28 -85
24 38 -33
24 41 -9
25 8 20
25 11 90
25 13 67
25 15 -30
25 18 -49
25 22 83
25 24 41
25 28 51
25 29 -28
25 30 25
25 31 66
25 32 23
25 35 -24
25 37 -43
25 38 70
25 40 -85
25 41 -80
25 42 -23
25 44 -98
26 0 -70
26 1 -1
26 4 29
26 8 3
26 9 74
26 10 80
26 11 26
26 14 -95
26 15 73
26 16 -88
26 18 75
26 19 29
26 22 59
26 23 -66
26 24 -20
26 27 -80
26 28 -18
26 30 -19
26 31 93
26 33 -3
26 34 59
26 39 50
26 41 74
26 44 -23
26 45 65
26 46 71
26 48 71
26 49 -95
27 1 35
27 5 -81
27 7 100
27 11 -65
27 13 10
27 17 51
27 18 86
27 19 -47
27 22 -58
27 24 55
27 29 46
27 30 46
27 37 73
27 38 30
27 41 22
27 42 27
27 43 79
27 46 -71
28 0 34
28 1 86
28 5 -59
28 7 -73
28 8 90
28 11 50
28 12 73
28 14 -19
28 20 46
28 21 63
28 22 -52
28 23 49
28 29 97
28 30 -63
28 31 65
28 33 -67
28 35 -80
28 36 -70
28 37 -23
28 38 -49
28 40 52
28 42 47
28 46 59
28 47 -67
29 2 -39
29 3 -60
29 9 80
29 12 -47
29 14 90
29 15 -2
29 18 9
29 19 -19
29 21 47
29 24 -100
29 29 31
29 31 -22
29 33 -34
29 37 -29
29 42 4
29 44 -30
30 0 -70
30 1 -24
30 2 -38
30 3 6
30 5 8
30 7 94
30 11 -95
30 13 73
30 15 36
30 16 100
30 18 23
30 19 -7
30 21 22
30 22 19
30 27 -100
30 28 24
30 31 28
30 34 -100
30 35 61
30 37 -81
30 39 50
30 45 -60
30 49 84
31 0 -18
31 1 -9
31 5 -42
31 9 -38
31 12 29
31 14 -21
31 16 -87
31 17 -27
31 20 -98
31 24 48
31 25 10
31 36 35
31 39 93
31 40 -41
31 43 95
31 48 -11
32 1 -77
32 2 67
32 3 -2
32 5 -45
32 6 -41
32 10 -61
32 12 52
32 13 -8
32 14 96
32 15 7
32 17 14
32 19 -70
32 31 -22
32 38 -75
32 40 -50
32 42 82
32 44 7
32 45 -98
32 48 33
33 2 -88
33 4 95
33 10 72
33 11 -92
33 13 -31
33 15 -53
33 19 20
33 26 93
33 32 64
33 33 48
33 34 -99
33 38 -8
33 43 27
33 45 -34
33 48 68
34 0 -21
34 6 55
34 7 60
34 8 -85
34 11 -94
34 12 47
34 14 10
34 15 -49
34 23 41
34 25 11
34 26 66
34 27 88
34 28 24
34 30 -47
34 31 51
34 32 -68
34 35 -88
34 36 5
34 39 82
34 44 57
34 45 78
34 47 42
35 5 88
35 6 -47
35 8 80
35 10 21
35 11 -93
35 13 86
35 16 12
35 19 -97
35 20 26
35 22 81
35 23 80
35 27 -35
35 30 -100
35 34 -80
35 35 55
35 36 -21
35 37 -73
35 42 -32
35 45 -73
36 1 -90
36 2 71
36 3 -78
36 9 -2
36 11 -59
36 12 49
36 13 -46
36 17 -5
36 18 92
36 20 39
36 24 8
36 26 -32
36 29 -4
36 32 69
36 36 -98
36 38 -83
36 40 -68
36 41 -18
36 45 3
36 46 69
36 47 -26
37 5 25
37 9 52
37 11 -70
37 14 38
37 19 -46
37 21 43
37 31 90
37 32 8
37 40 -96
37 43 -75
37 46 -82
38 1 29
38 3 27
38 6 72
38 7 -44
38 11 76
38 12 -18
38 17 89
38 18 -52
38 19 37
38 20 -13
38 22 42
38 25 53
38 33 -3
38 36 71
38 38 -13
38 39 -41
38 41 55
38 43 64
38 44 54
39 0 19
39 3 -41
39 4 3
39 6 97
39 7 -57
39 9 -31
39 10 -64
39 17 65
39 19 55
39 24 -26
39 26 -78
39 28 -74
39 29 21
39 31 88
39 32 89
39 35 95
39 37 -36
39 38 -96
39 40 2
39 43 51
39 46 99
40 0 -62
40 2 -5
40 6 -40
40 7 -22
40 8 -77
40 9 -69
40 13 70
40 15 -76
40 24 6
40 28 -49
40 34 58
40 35 -44
40 40 61
40 47 -39
40 48 -47
41 1 -24
41 2 -51
41 4 -13
41 5 55
41 7 -44
41 8 -13
41 9 59
41 10 44
41 11 -42
41 14 -94
41 15 -46
41 16 74
41 19 -65
41 20 -27
41 22 -40
41 24 43
41 29 23
41 31 -33
41 33 -61
41 36 74
41 47 -18
41 48 -32
41 49 64
42 3 -34
42 6 53
42 7 54
42 9 -18
42 12 -63
42 13 -72
42 15 22
42 19 99
42 22 54
42 23 -23
42 24 -3
42 28 40
42 29 -60
42 33 -12
42 34 21
42 36 -89
42 39 88
42 42 35
42 43 57
42 49 54
43 1 67
43 2 -27
43 6 21
43 7 -43
43 10 -62
43 11 -64
43 13 -91
43 15 -18
43 17 58
43 19 -66
43 20 23
43 21 57
43 23 -60
43 24 64
43 28 71
43 29 58
43 32 -69
43 34 57
43 40 15
43 44 -98
43 45 -27
43 48 35
43 49 -23
44 1 21
44 2 72
44 3 26
44 4 66
44 5 -58
44 12 -97
44 13 -10
44 18 -53
44 20 -87
44 21 100
44 23 -11
44 24 -8
44 25 6
44 28 67
44 36 54
44 38 -53
44 46 -40
44 47 -62
45 0 94
45 2 -94
45 5 -12
45 9 96
45 13 -88
45 15 91
45 16 91
45 18 32
45 19 77
45 21 -84
45 24 -52
45 26 -50
45 31 21
45 35 -49
45 38 -92
45 44 89
45 45 15
45 48 -55
46 0 -62
46 1 66
46 4 -8
46 6 -60
46 13 -31
46 18 -51
46 21 -40
46 27 67
46 28 52
46 29 78
46 31 91
46 33 -15
46 37 -10
46 38 32
46 40 40
46 41 78
46 44 9
46 45 -18
46 46 9
47 1 -30
47 11 -47
47 12 -97
47 13 -80
47 18 38
47 20 -95
47 21 -8
47 23 79
47 26 -31
47 30 62
47 31 -37
47 32 -41
47 41 -92
47 48 -53
47 49 -73
48 0 -38
48 1 68
48 2 76
48 4 29
48 5 96
48 12 5
48 13 -15
48 15 -96
48 17 70
48 20 -43
48 23 9
48 24 49
48 30 -92
48 32 96
48 36 -71
48 38 -11
48 39 -31
48 40 -38
48 43 -23
48 44 87
48 47 57
48 48 -41
49 4 -16
49 10 -68
49 14 -69
49 20 -98
49 21 -68
49 22 -93
49 26 41
49 27 84
49 34 -83
49 41 -74
49 44 29
49 46 -54
49 49 32