0 1 -90
0 2 98
0 3 -14
0 4 30
0 5 90
0 6 4
0 7 -57
0 8 -21
0 9 69
0 10 48
0 11 -7
0 12 98
0 13 -60
0 14 51
0 15 73
0 16 -23
0 17 94
0 18 39
0 19 7
0 20 69
0 21 39
0 22 70
0 23 92
0 24 33
0 25 36
0 26 60
0 27 -84
0 28 68
0 29 -66
0 30 -77
0 31 83
0 32 -28
0 33 97
0 34 -57
0 35 -58
0 36 -3
0 38 31
0 39 -94
0 40 -44
0 42 90
0 43 -2
0 44 94
0 45 -84
0 46 36
0 47 52
0 48 80
0 49 51
1 0 -77
1 1 -91
1 2 -5
1 3 9
1 4 90
1 6 49
1 7 65
1 8 3
1 9 18
1 10 -69
1 11 100
1 12 -90
1 13 30
1 14 20
1 15 -56
1 16 -38
1 17 59
1 18 44
1 19 -7
1 22 -33
1 23 -8
1 24 6
1 25 49
1 26 -33
1 27 59
1 28 -85
1 29 -57
1 30 -22
1 31 10
1 33 93
1 34 84
1 36 -33
1 37 -91
1 38 35
1 39 -31
1 40 -69
1 41 7
1 42 -8
1 43 35
1 44 -69
1 46 25
1 47 22
1 48 27
1 49 6
2 0 9
2 1 -22
2 3 45
2 4 -14
2 5 44
2 6 8
2 7 -81
2 8 -40
2 9 56
2 11 96
2 12 58
2 13 90
2 14 21
2 15 75
2 16 31
2 17 -7
2 20 17
2 21 -91
2 23 -83
2 24 -77
2 25 54
2 26 39
2 27 -59
2 29 -56
2 30 -82
2 31 91
2 32 -72
2 33 95
2 34 -21
2 35 63
2 36 -56
2 37 100
2 39 54
2 40 -21
2 41 -2
2 44 52
2 45 -34
2 46 19
2 47 -43
2 48 34
3 0 91
3 1 -77
3 2 -83
3 3 74
3 5 -40
3 6 -42
3 7 -67
3 8 62
3 9 30
3 10 22
3 12 -7
3 13 66
3 14 -6
3 15 46
3 16 26
3 18 -11
3 19 85
3 20 32
3 21 -14
3 22 -88
3 23 89
3 24 -19
3 25 6
3 27 86
3 28 11
3 29 -22
3 30 -18
3 32 91
3 33 29
3 34 55
3 35 -65
3 36 -42
3 37 -83
3 38 -43
3 40 -93
3 41 2
3 42 27
3 43 -42
3 44 91
3 45 12
3 46 -89
3 47 5
3 48 60
3 49 60
4 0 -90
4 2 -65
4 4 -74
4 5 -98
4 6 88
4 8 -75
4 9 51
4 10 71
4 11 38
4 12 -47
4 13 -43
4 14 60
4 15 5
4 16 -96
4 17 72
4 18 -38
4 19 -88
4 21 -93
4 22 -22
4 23 -61
4 24 -48
4 25 77
4 26 98
4 27 94
4 28 42
4 29 26
4 31 -87
4 32 21
4 33 6
4 34 23
4 35 -48
4 36 -95
4 37 9
4 38 44
4 40 82
4 42 14
4 43 -91
4 44 82
4 45 -39
4 46 -33
4 47 -27
4 48 33
4 49 -96
5 0 -79
5 1 -81
5 2 52
5 3 -65
5 4 45
5 5 -60
5 6 99
5 7 35
5 8 -42
5 9 54
5 10 -11
5 11 12
5 13 -38
5 14 31
5 15 61
5 16 -26
5 17 53
5 20 13
5 21 92
5 22 13
5 23 71
5 24 -45
5 25 -93
5 26 -6
5 27 -51
5 30 -47
5 31 -58
5 32 99
5 33 57
5 34 -35
5 35 2
5 36 91
5 37 -60
5 39 80
5 41 86
5 42 -19
5 43 -32
5 44 -27
5 46 93
5 48 -88
5 49 90
6 0 42
6 1 -80
6 2 -45
6 4 29
6 5 -89
6 6 94
6 9 -45
6 10 -74
6 12 -37
6 13 -83
6 14 -100
6 15 -18
6 16 90
6 18 -4
6 19 -86
6 20 77
6 21 80
6 23 63
6 25 -6
6 26 75
6 27 45
6 28 -11
6 29 -9
6 30 27
6 31 -79
6 32 34
6 33 64
6 36 -10
6 37 39
6 38 -80
6 39 -38
6 40 74
6 42 38
6 43 -31
6 44 -68
6 46 -44
6 47 28
6 48 16
6 49 2
7 0 -76
7 1 1
7 2 76
7 3 -14
7 4 24
7 5 1
7 6 13
7 7 100
7 8 -41
7 9 81
7 10 -83
7 11 55
7 13 -49
7 14 -90
7 16 -37
7 17 1
7 18 -55
7 19 88
7 20 -36
7 21 -16
7 22 -81
7 23 57
7 24 53
7 26 53
7 28 79
7 29 -71
7 30 12
7 32 -33
7 33 17
7 34 89
7 35 -31
7 36 56
7 37 -74
7 38 -66
7 39 44
7 40 -9
7 41 -97
7 42 -56
7 44 15
7 45 26
7 46 13
7 47 48
7 49 84
8 0 30
8 1 -66
8 2 -23
8 3 -67
8 4 41
8 6 20
8 7 3
8 8 39
8 9 42
8 10 52
8 11 40
8 12 -5
8 13 19
8 14 63
8 15 55
8 16 80
8 18 50
8 19 92
8 21 -58
8 22 26
8 24 -39
8 25 92
8 27 -11
8 29 19
8 30 89
8 31 -92
8 33 74
8 34 -52
8 35 20
8 36 -14
8 37 -87
8 38 71
8 39 -45
8 40 60
8 41 93
8 42 -3
8 44 -12
8 47 -6
8 48 26
8 49 14
9 0 -8
9 1 -82
9 2 58
9 3 43
9 4 66
9 5 44
9 6 -10
9 8 -63
9 10 -23
9 12 4
9 13 15
9 14 -26
9 15 98
9 16 52
9 17 -62
9 18 -21
9 20 -31
9 21 2
9 22 -30
9 23 -66
9 24 69
9 25 -87
9 26 -25
9 27 -9
9 28 -29
9 30 80
9 31 34
9 32 -34
9 33 -7
9 35 -18
9 36 7
9 39 51
9 41 -81
9 42 -59
9 43 -77
9 44 -72
9 45 -26
9 46 -8
9 47 60
9 48 -27
9 49 -35
10 0 -47
10 1 30
10 2 72
10 3 -47
10 4 -78
10 7 -98
10 8 31
10 9 69
10 10 -13
10 11 58
10 12 36
10 14 61
10 15 -10
10 17 -11
10 18 -37
10 19 89
10 20 -59
10 21 -51
10 22 16
10 23 32
10 24 -58
10 25 -84
10 27 41
10 28 99
10 29 -31
10 30 95
10 31 -15
10 32 -63
10 33 -10
10 34 37
10 35 -85
10 36 59
10 37 15
10 38 -71
10 39 92
10 41 -14
10 42 -64
10 43 49
10 44 90
10 45 59
10 46 -24
10 47 -29
10 48 7
11 0 17
11 2 71
11 4 63
11 5 -66
11 6 -8
11 7 68
11 8 -78
11 9 -71
11 10 -37
11 11 -44
11 12 -6
11 15 -13
11 16 88
11 17 12
11 18 -68
11 19 82
11 20 -96
11 21 -100
11 22 -17
11 23 -21
11 24 80
11 29 -52
11 31 -65
11 32 -49
11 33 57
11 34 34
11 35 -13
11 36 -9
11 37 1
11 38 98
11 39 16
11 40 -20
11 43 16
11 44 -60
11 45 27
11 47 45
11 48 -99
11 49 -29
12 0 -30
12 1 -81
12 2 57
12 4 33
12 5 -25
12 6 30
12 8 -11
12 9 -98
12 10 -63
12 11 7
12 13 45
12 14 -26
12 15 40
12 16 99
12 17 -99
12 18 35
12 19 70
12 20 -24
12 21 -39
12 22 -1
12 23 42
12 24 88
12 25 74
12 26 -43
12 27 37
12 28 -76
12 29 1
12 30 -73
12 32 67
12 33 -5
12 34 99
12 35 -39
12 36 17
12 39 -78
12 40 -38
12 41 48
12 42 54
12 43 73
12 44 -18
12 45 33
12 47 -68
12 49 59
13 0 90
13 4 13
13 5 82
13 6 -22
13 8 89
13 9 -4
13 10 -9
13 11 -45
13 12 -80
13 13 55
13 14 -67
13 15 17
13 17 -67
13 18 -47
13 19 -67
13 20 -2
13 21 -32
13 22 9
13 23 -27
13 26 92
13 27 -63
13 28 48
13 29 100
13 30 -3
13 31 68
13 32 71
13 33 -52
13 34 -11
13 35 -89
13 36 83
13 37 -53
13 38 4
13 39 -16
13 40 82
13 41 -51
13 43 58
13 44 -77
13 45 -11
13 46 87
13 47 40
13 48 37
13 49 -25
14 0 -31
14 1 -73
14 3 98
14 4 45
14 6 -3
14 7 52
14 9 68
14 10 -99
14 11 70
14 12 -74
14 13 -8
14 14 41
14 17 95
14 18 20
14 19 -7
14 20 -93
14 21 -95
14 23 -36
14 24 16
14 25 71
14 26 -4
14 27 18
14 28 -76
14 29 41
14 30 11
14 31 -97
14 32 -64
14 33 -68
14 34 100
14 35 -30
14 36 22
14 37 -85
14 38 1
14 39 58
14 40 16
14 42 -81
14 43 21
14 44 -9
14 45 65
14 46 91
14 48 60
14 49 55
15 0 44
15 1 -88
15 3 -6
15 4 28
15 5 -15
15 7 -53
15 8 -94
15 9 67
15 10 10
15 12 33
15 13 9
15 14 -7
15 15 69
15 16 9
15 19 -62
15 20 41
15 22 -88
15 24 -41
15 25 -72
15 26 26
15 28 -22
15 29 -38
15 30 32
15 31 92
15 32 73
15 33 -87
15 34 -85
15 37 -34
15 38 -14
15 39 52
15 40 -50
15 41 61
15 42 -48
15 43 -54
15 44 92
15 45 74
15 46 -14
15 47 -96
15 48 52
15 49 34
16 2 91
16 3 30
16 4 96
16 5 -86
16 6 -87
16 7 -32
16 8 83
16 9 -72
16 10 31
16 11 57
16 12 -43
16 13 2
16 15 28
16 16 54
16 18 -31
16 19 60
16 21 -30
16 22 -38
16 23 -67
16 24 70
16 25 34
16 26 -47
16 27 -58
16 28 -17
16 29 -52
16 30 42
16 31 -46
16 32 27
16 33 -47
16 34 -96
16 35 -71
16 37 86
16 38 -38
16 41 85
16 42 -9
16 43 30
16 44 19
16 45 34
16 46 9
16 48 98
16 49 42
17 0 43
17 1 -44
17 2 53
17 3 80
17 4 36
17 5 4
17 6 13
17 7 69
17 8 63
17 9 18
17 10 -5
17 11 72
17 12 1
17 13 55
17 14 -94
17 15 100
17 16 -18
17 17 -12
17 18 43
17 19 79
17 20 -12
17 21 26
17 23 -81
17 24 51
17 25 1
17 26 100
17 27 13
17 28 -16
17 29 -81
17 30 -35
17 32 60
17 33 96
17 34 49
17 35 -73
17 36 90
17 37 38
17 38 91
17 39 74
17 40 19
17 41 -94
17 42 93
17 43 13
17 45 4
17 46 -24
17 48 91
17 49 -9
18 0 -37
18 1 -96
18 2 -73
18 3 66
18 4 -3
18 5 -31
18 6 -89
18 7 -3
18 8 -79
18 11 -19
18 13 -11
18 14 31
18 15 -77
18 16 46
18 17 -1
18 18 62
18 20 -62
18 21 -8
18 22 -30
18 23 76
18 26 28
18 27 -44
18 28 -87
18 29 -36
18 30 -71
18 33 66
18 34 45
18 35 91
18 37 69
18 38 -29
18 40 15
18 41 -80
18 42 -96
18 44 69
18 45 61
18 46 76
18 47 65
18 48 -22
18 49 44
19 0 -62
19 1 -100
19 5 -53
19 6 59
19 7 -27
19 8 -53
19 9 28
19 10 -99
19 11 -52
19 12 27
19 13 -23
19 14 -97
19 16 95
19 17 69
19 18 -4
19 19 -90
19 21 69
19 23 55
19 25 10
19 26 23
19 27 37
19 28 -10
19 29 75
19 30 27
19 31 -12
19 32 54
19 33 -48
19 35 -66
19 36 62
19 37 30
19 38 -36
19 39 21
19 40 -79
19 41 -57
19 43 -73
19 44 16
19 45 16
19 47 -47
19 49 3
20 0 -10
20 1 -34
20 3 89
20 4 -57
20 5 15
20 7 72
20 8 -15
20 9 -39
20 10 -57
20 11 87
20 12 -1
20 13 -51
20 14 15
20 15 -90
20 16 -4
20 17 79
20 18 11
20 19 28
20 20 10
20 21 -4
20 22 -53
20 26 -8
20 27 99
20 29 -4
20 30 28
20 31 95
20 32 46
20 33 79
20 34 -64
20 35 -63
20 36 85
20 37 67
20 38 33
20 39 -79
20 42 -54
20 43 -41
20 44 70
20 46 -69
20 47 -52
20 48 -33
20 49 -62
21 0 85
21 2 88
21 3 -56
21 4 11
21 6 97
21 7 50
21 8 46
21 10 54
21 11 53
21 12 95
21 13 -98
21 14 -74
21 15 -87
21 17 -44
21 18 -73
21 19 91
21 20 77
21 21 -67
21 24 -21
21 25 19
21 26 -73
21 30 -84
21 31 57
21 32 -89
21 33 -47
21 34 -58
21 35 -59
21 36 -95
21 37 8
21 38 37
21 39 -29
21 40 -57
21 41 -75
21 42 -86
21 43 -99
21 44 -19
21 46 100
21 47 69
21 48 88
21 49 -28
22 0 60
22 1 23
22 2 -3
22 3 93
22 4 -13
22 5 48
22 7 36
22 8 70
22 9 -83
22 10 96
22 11 73
22 12 19
22 13 76
22 14 -30
22 15 -8
22 16 -31
22 17 70
22 18 57
22 19 -44
22 20 100
22 21 -90
22 22 -57
22 23 24
22 25 -25
22 26 -23
22 27 -8
22 28 -51
22 29 -89
22 30 84
22 31 -72
22 32 -66
22 33 85
22 35 52
22 36 -7
22 37 -46
22 38 86
22 40 -84
22 41 43
22 42 -17
22 43 96
22 44 -76
22 45 3
22 47 -100
22 48 22
22 49 53
23 0 51
23 1 97
23 2 23
23 3 -81
23 4 -12
23 5 -82
23 6 -35
23 8 -23
23 9 68
23 10 -60
23 12 29
23 13 -35
23 14 -75
23 15 85
23 16 29
23 17 84
23 18 -12
23 20 59
23 23 -31
23 24 66
23 25 -4
23 26 23
23 27 -4
23 28 62
23 29 -51
23 31 -26
23 32 -84
23 33 40
23 35 60
23 36 -76
23 37 -98
23 38 98
23 39 19
23 40 -45
23 41 64
23 42 47
23 43 -34
23 44 65
23 45 -54
23 47 -44
23 48 78
23 49 -68
24 0 7
24 1 93
24 2 -36
24 3 22
24 5 47
24 6 29
24 9 -25
24 12 -56
24 13 48
24 14 64
24 16 5
24 18 -72
24 19 36
24 20 45
24 21 -74
24 22 -78
24 24 49
24 25 92
24 26 91
24 27 39
24 28 -1
24 30 -2
24 31 19
24 32 52
24 33 -65
24 34 20
24 36 58
24 37 -9
24 38 60
24 39 96
24 40 89
24 41 -97
24 42 79
24 43 4
24 44 -26
24 45 55
24 47 -21
24 48 52
24 49 75
25 2 12
25 4 34
25 5 -9
25 6 76
25 7 83
25 8 -58
25 9 -96
25 11 -98
25 12 -10
25 13 58
25 14 -75
25 15 -93
25 17 10
25 18 58
25 19 -13
25 20 -75
25 21 79
25 22 81
25 23 -43
25 24 -39
25 26 -15
25 27 -98
25 29 40
25 31 -72
25 32 -84
25 33 89
25 34 82
25 35 16
25 37 55
25 38 63
25 39 35
25 40 -93
25 42 31
25 43 11
25 44 40
25 46 5
25 47 24
25 48 29
25 49 71
26 0 12
26 2 -32
26 3 97
26 4 51
26 5 93
26 6 30
26 10 5
26 11 -36
26 13 22
26 14 54
26 15 29
26 16 -90
26 18 58
26 19 60
26 21 -17
26 22 45
26 24 -51
26 25 70
26 26 -57
26 27 1
26 29 80
26 30 33
26 31 19
26 32 -39
26 34 -34
26 35 97
26 36 -75
26 37 33
26 38 13
26 39 68
26 40 -34
26 41 -92
26 42 -20
26 43 53
26 44 20
26 45 33
26 46 55
26 47 -52
26 49 -73
27 0 3
27 1 -6
27 2 4
27 3 89
27 4 -69
27 5 -96
27 6 -13
27 7 14
27 8 -64
27 9 -84
27 10 8
27 11 35
27 12 -59
27 14 -62
27 15 98
27 16 -38
27 17 -44
27 18 -48
27 19 -91
27 20 -84
27 21 7
27 22 -85
27 23 -17
27 24 -31
27 25 12
27 28 1
27 29 -81
27 30 15
27 32 -35
27 33 43
27 34 83
27 35 37
27 36 23
27 37 -12
27 38 -59
27 39 -42
27 40 15
27 41 93
27 43 51
27 44 22
27 45 89
27 46 48
27 48 -62
27 49 -17
28 0 65
28 1 -26
28 2 -82
28 3 97
28 4 -99
28 5 56
28 6 18
28 7 14
28 8 60
28 9 94
28 10 -73
28 11 -55
28 13 7
28 14 -41
28 16 26
28 18 -96
28 19 -76
28 20 54
28 21 21
28 22 41
28 23 -58
28 24 34
28 25 13
28 26 67
28 27 8
28 28 -31
28 29 -3
28 30 -63
28 31 21
28 32 -48
28 33 42
28 34 23
28 35 19
28 36 48
28 39 -24
28 41 49
28 42 -2
28 43 -61
28 45 -96
28 46 37
28 47 19
28 48 -7
28 49 -100
29 0 -27
29 1 58
29 2 -14
29 3 71
29 5 -44
29 6 -21
29 8 78
29 9 74
29 10 50
29 11 -48
29 12 -24
29 13 24
29 14 14
29 16 64
29 17 49
29 18 -69
29 21 54
29 22 61
29 24 -82
29 25 -87
29 26 -72
29 29 11
29 30 -89
29 31 -56
29 32 94
29 33 -30
29 34 -67
29 35 80
29 36 42
29 37 68
29 39 -9
29 40 -37
29 41 -45
29 42 94
29 43 -77
29 44 -31
29 46 51
29 47 -25
29 49 -45
30 0 -38
30 1 61
30 2 -54
30 3 -66
30 6 -71
30 8 -22
30 12 -62
30 13 26
30 14 -51
30 15 -69
30 16 1
30 17 38
30 18 42
30 19 86
30 20 -98
30 21 15
30 22 -92
30 24 90
30 25 -64
30 26 42
30 27 -30
30 28 3
30 30 -73
30 31 76
30 33 98
30 34 -60
30 35 -67
30 36 -58
30 38 -8
30 40 48
30 41 -74
30 42 -45
30 43 -62
30 44 46
30 45 -17
30 46 -36
30 47 16
30 48 -38
30 49 12
31 0 -40
31 1 -43
31 2 -34
31 5 -94
31 6 -65
31 7 -38
31 9 80
31 10 12
31 11 -90
31 13 79
31 14 -35
31 15 -71
31 17 20
31 18 31
31 19 -95
31 20 27
31 21 22
31 22 -77
31 23 -29
31 24 -98
31 26 -68
31 27 45
31 28 26
31 29 68
31 30 80
31 32 82
31 33 30
31 34 -93
31 38 46
31 39 51
31 43 56
31 44 89
31 45 -19
31 46 47
31 47 -88
31 48 40
31 49 -77
32 0 74
32 1 -8
32 2 -53
32 3 -92
32 4 85
32 5 -51
32 6 -68
32 7 -46
32 8 -86
32 9 36
32 10 -74
32 11 -78
32 12 -49
32 13 -3
32 14 -36
32 16 -3
32 18 2
32 19 84
32 20 10
32 21 -32
32 23 45
32 24 52
32 25 91
32 28 92
32 29 -78
32 30 -17
32 31 67
32 32 7
32 33 36
32 34 -88
32 35 4
32 36 -93
32 38 73
32 39 24
32 41 -8
32 42 17
32 43 71
32 45 50
32 46 31
32 47 -23
32 48 64
32 49 -96
33 0 -40
33 1 -66
33 2 -32
33 3 -97
33 4 -45
33 5 -38
33 7 51
33 8 90
33 11 -99
33 12 10
33 13 76
33 14 11
33 15 -36
33 16 38
33 17 -98
33 18 41
33 19 -83
33 20 88
33 21 56
33 22 -27
33 24 -17
33 26 93
33 27 96
33 28 83
33 30 64
33 31 -39
33 32 -84
33 33 52
33 35 65
33 36 -24
33 37 20
33 39 -47
33 40 81
33 41 -47
33 42 -23
33 43 55
33 44 -13
33 45 -33
33 46 -24
33 47 41
33 49 -72
34 0 7
34 1 -37
34 2 -22
34 3 90
34 4 -1
34 6 64
34 8 38
34 10 -48
34 11 -11
34 12 19
34 13 57
34 14 -65
34 15 -37
34 16 93
34 18 12
34 19 -83
34 20 95
34 21 -93
34 22 53
34 23 82
34 24 -37
34 25 -34
34 26 64
34 27 64
34 29 59
34 31 25
34 32 96
34 34 -19
34 36 -63
34 38 -43
34 39 64
34 40 3
34 42 100
34 43 77
34 44 83
34 45 43
34 46 67
34 48 -71
34 49 -56
35 0 -52
35 2 -55
35 3 5
35 4 -61
35 5 -41
35 6 -71
35 10 -46
35 11 28
35 12 90
35 13 -35
35 14 -14
35 15 -63
35 16 3
35 17 23
35 18 -59
35 19 75
35 20 97
35 21 52
35 22 70
35 23 -13
35 24 12
35 25 -40
35 26 32
35 27 38
35 28 77
35 29 30
35 30 -41
35 31 -88
35 32 -76
35 35 39
35 36 5
35 37 -13
35 38 -99
35 39 45
35 41 -19
35 42 22
35 43 -72
35 44 -75
35 45 80
35 46 -15
35 47 46
35 49 -97
36 0 -83
36 2 4
36 3 61
36 4 -69
36 6 100
36 8 98
36 9 31
36 10 -22
36 11 80
36 12 25
36 14 40
36 15 91
36 16 -53
36 17 -78
36 18 8
36 19 -43
36 20 -37
36 21 70
36 22 -13
36 24 18
36 25 -69
36 26 23
36 27 -49
36 28 -31
36 29 -20
36 31 77
36 32 -13
36 33 -98
36 34 12
36 35 41
36 36 70
36 40 21
36 42 60
36 43 45
36 44 -10
36 45 -67
36 46 58
36 47 3
36 49 -69
37 0 46
37 1 -87
37 2 84
37 3 -97
37 4 31
37 5 51
37 6 1
37 7 97
37 8 -64
37 9 30
37 10 -56
37 11 -81
37 13 -89
37 14 -78
37 15 33
37 16 -93
37 17 5
37 18 -29
37 19 -75
37 20 74
37 21 59
37 22 -46
37 23 51
37 24 38
37 25 12
37 26 91
37 27 -51
37 28 -50
37 29 94
37 30 67
37 31 -99
37 33 87
37 34 19
37 35 -26
37 37 57
37 38 -25
37 39 -52
37 40 91
37 42 54
37 43 -4
37 44 -72
37 45 57
37 46 -16
37 48 -63
37 49 -49
38 0 84
38 1 29
38 2 49
38 3 -79
38 4 66
38 5 -43
38 6 -54
38 7 43
38 8 26
38 9 34
38 10 51
38 11 97
38 12 -69
38 13 -86
38 15 32
38 16 -66
38 17 -40
38 18 50
38 19 -93
38 20 -65
38 22 -11
38 24 -53
38 25 74
38 26 52
38 27 -30
38 28 61
38 29 -80
38 30 -13
38 32 15
38 34 -16
38 35 -36
38 36 15
38 38 11
38 39 -81
38 40 -19
38 42 -21
38 43 100
38 44 -23
38 46 -79
38 47 9
38 48 -91
38 49 84
39 0 37
39 2 14
39 3 -68
39 4 -74
39 5 -82
39 6 52
39 7 -12
39 8 -1
39 9 -21
39 10 55
39 11 -13
39 12 -78
39 13 -95
39 14 -63
39 15 52
39 16 65
39 17 -73
39 18 14
39 19 -55
39 20 67
39 21 -68
39 22 -49
39 23 -89
39 24 65
39 25 -91
39 26 -40
39 27 -62
39 28 -4
39 30 -79
39 32 -61
39 33 -33
39 34 -36
39 35 -8
39 36 78
39 37 7
39 38 -73
39 39 -64
39 40 100
39 42 91
39 44 30
39 46 36
39 47 -18
39 49 8
40 0 94
40 1 18
40 2 -68
40 3 -61
40 5 -91
40 6 -73
40 7 64
40 9 -48
40 10 16
40 11 -82
40 12 75
40 13 -3
40 14 21
40 15 -27
40 16 72
40 17 23
40 18 82
40 19 -43
40 20 73
40 21 -99
40 22 -14
40 23 -18
40 24 25
40 25 -25
40 26 75
40 27 -26
40 28 92
40 29 28
40 31 -82
40 32 -84
40 33 -12
40 34 47
40 35 -45
40 36 30
40 37 47
40 38 -69
40 39 -6
40 40 13
40 41 -18
40 42 52
40 43 -79
40 44 18
40 45 -5
40 46 89
40 47 -57
40 48 -92
40 49 -17
41 0 61
41 1 -9
41 2 23
41 3 -99
41 4 -100
41 5 -1
41 6 41
41 7 75
41 8 64
41 9 57
41 10 61
41 11 -21
41 12 -82
41 15 -99
41 16 -84
41 17 8
41 18 -40
41 19 -85
41 20 -41
41 21 -69
41 22 94
41 23 -91
41 24 98
41 25 36
41 26 -21
41 27 69
41 29 -61
41 30 20
41 31 -89
41 34 -53
41 35 -56
41 36 52
41 37 10
41 38 -5
41 39 -44
41 40 68
41 41 17
41 42 67
41 43 -87
41 44 -46
41 45 -12
41 46 -42
41 48 98
41 49 -56
42 0 -50
42 1 -19
42 2 -89
42 3 -37
42 4 -17
42 5 69
42 6 29
42 7 -61
42 8 13
42 9 67
42 10 21
42 11 26
42 13 82
42 14 -17
42 15 47
42 18 49
42 19 82
42 21 86
42 22 -22
42 23 36
42 24 -12
42 25 25
42 27 26
42 28 56
42 30 20
42 31 51
42 32 4
42 33 85
42 34 -25
42 35 100
42 36 -34
42 37 98
42 38 20
42 39 -86
42 40 69
42 41 -13
42 42 93
42 43 -47
42 44 -82
42 45 -19
42 46 35
42 48 -58
43 0 -75
43 1 -24
43 2 57
43 4 -74
43 5 54
43 6 -84
43 7 6
43 8 30
43 9 -71
43 10 -64
43 11 18
43 12 -57
43 13 -74
43 14 61
43 15 74
43 16 74
43 17 22
43 19 4
43 21 -86
43 23 3
43 24 73
43 25 11
43 26 -5
43 27 -77
43 29 -96
43 30 51
43 31 51
43 32 16
43 35 -34
43 36 -54
43 38 -96
43 39 -7
43 40 36
43 41 63
43 42 64
43 43 -92
43 48 46
43 49 32
44 0 -91
44 1 26
44 2 45
44 3 95
44 4 4
44 5 67
44 7 75
44 8 96
44 9 4
44 10 49
44 13 12
44 14 35
44 17 -30
44 18 85
44 19 63
44 21 10
44 22 62
44 23 -20
44 24 -75
44 25 -5
44 27 73
44 28 -11
44 29 45
44 30 88
44 31 22
44 32 -52
44 33 -49
44 34 -13
44 36 -61
44 38 -61
44 39 -38
44 41 -85
44 42 77
44 43 -4
44 44 -18
44 45 44
44 46 5
44 47 -23
44 48 -67
44 49 -59
45 0 -46
45 1 -47
45 3 40
45 4 47
45 5 -80
45 6 92
45 7 -78
45 8 93
45 9 -8
45 10 -1
45 11 -47
45 12 5
45 15 1
45 16 -31
45 17 -62
45 19 34
45 20 -42
45 22 -6
45 25 -36
45 26 -73
45 27 79
45 29 -37
45 30 4
45 32 -34
45 33 -52
45 34 17
45 35 91
45 36 -63
45 37 -78
45 38 -4
45 39 47
45 40 -15
45 41 63
45 42 -43
45 43 -72
45 44 32
45 45 57
45 46 81
45 47 -55
45 48 99
45 49 -49
46 0 94
46 1 31
46 2 -59
46 3 -14
46 4 -33
46 5 37
46 6 63
46 7 76
46 8 -17
46 9 -25
46 10 65
46 11 -60
46 12 65
46 13 93
46 14 -90
46 15 -59
46 17 23
46 18 1
46 19 -46
46 20 24
46 21 -7
46 22 9
46 23 80
46 24 -9
46 25 46
46 26 14
46 27 6
46 30 69
46 31 -77
46 32 59
46 33 -27
46 34 32
46 35 69
46 36 -14
46 37 -79
46 40 45
46 41 -98
46 43 37
46 44 -43
46 45 -13
46 46 -70
46 47 -82
46 48 -99
46 49 -84
47 0 -99
47 1 -74
47 2 -97
47 4 60
47 5 63
47 6 -17
47 7 72
47 8 81
47 9 -68
47 10 -53
47 11 -60
47 12 37
47 13 -91
47 14 60
47 15 92
47 16 16
47 17 -19
47 18 78
47 20 92
47 21 -86
47 22 63
47 23 -62
47 24 -44
47 28 19
47 29 -99
47 30 -51
47 31 -34
47 32 87
47 34 -8
47 35 81
47 36 16
47 38 -41
47 39 -8
47 40 -12
47 41 -21
47 42 -22
47 43 -27
47 44 4
47 45 -81
47 46 44
47 47 -66
48 0 -80
48 1 -76
48 2 25
48 3 -38
48 4 61
48 5 -34
48 6 72
48 7 -51
48 8 11
48 9 -36
48 11 31
48 12 24
48 13 52
48 14 97
48 15 68
48 16 -40
48 17 90
48 18 -93
48 19 -15
48 21 -65
48 22 -55
48 23 -66
48 26 14
48 28 58
48 29 -89
48 31 -16
48 32 8
48 33 25
48 35 47
48 36 -64
48 37 79
48 38 -95
48 39 -87
48 40 89
48 41 -3
48 44 -71
48 45 63
48 46 24
48 47 -45
48 48 -13
48 49 34
49 0 -83
49 2 -84
49 3 16
49 4 -17
49 5 30
49 6 61
49 7 89
49 8 32
49 9 -70
49 11 6
49 12 50
49 14 19
49 15 -5
49 16 -92
49 18 89
49 19 12
49 20 -78
49 21 -23
49 22 -34
49 23 37
49 24 -20
49 25 18
49 26 -59
49 28 9
49 29 -70
49 30 38
49 31 96
49 32 71
49 33 -49
49 34 -77
49 35 54
49 36 -43
49 37 29
49 38 -29
49 39 -19
49 40 -1
49 41 55
49 44 -47
49 45 31
49 46 46
49 47 3
49 48 -2
49 49 -97