0 0 55
0 1 -79
0 3 30
0 4 -18
0 7 65
0 8 -50
0 9 -96
0 11 24
0 12 -98
0 13 90
0 14 -91
0 15 23
0 16 46
0 18 44
0 19 6
0 20 -78
0 21 -78
0 22 10
0 23 -63
0 24 26
0 25 40
0 26 94
0 29 -53
0 30 2
0 32 -45
0 34 24
0 35 4
0 36 47
0 37 67
0 38 9
0 39 -36
0 40 -44
0 41 -74
0 43 -86
0 44 95
0 45 87
0 46 23
0 47 -87
0 48 -36
0 49 -63
0 50 17
0 51 -7
0 52 46
0 53 -49
0 54 -15
0 55 -55
0 56 24
0 58 41
0 59 97
0 60 32
0 61 79
0 63 99
0 64 -37
0 65 77
0 66 -68
0 67 -59
0 69 33
0 70 -17
0 73 -19
0 74 79
0 75 33
0 76 -80
0 77 -19
0 78 4
0 79 5
0 80 -77
0 81 -10
0 82 -98
0 83 95
0 87 -52
0 88 48
0 89 -95
0 90 91
0 91 55
0 92 53
0 93 100
0 94 27
0 96 -98
0 97 90
0 98 95
0 99 31
1 0 -56
1 3 -48
1 4 17
1 7 86
1 8 -22
1 10 76
1 12 77
1 14 -22
1 15 88
1 16 3
1 17 -7
1 18 54
1 20 -20
1 21 -16
1 22 -93
1 24 -12
1 25 -40
1 26 23
1 27 23
1 28 -69
1 29 -3
1 30 9
1 32 8
1 35 92
1 36 -93
1 37 -15
1 38 19
1 39 47
1 40 21
1 41 -93
1 42 -100
1 43 -60
1 45 15
1 46 -66
1 47 -4
1 48 47
1 49 -27
1 50 4
1 51 -6
1 54 -82
1 56 -75
1 57 34
1 58 -25
1 59 48
1 60 46
1 61 31
1 62 -3
1 63 -46
1 64 -1
1 65 -74
1 66 -97
1 67 -70
1 68 -82
1 69 34
1 70 -27
1 71 -7
1 73 10
1 76 91
1 77 41
1 80 -77
1 81 81
1 82 -67
1 83 67
1 84 26
1 85 -56
1 86 57
1 87 5
1 88 72
1 89 82
1 90 48
1 91 -92
1 92 -5
1 94 34
1 95 42
1 96 -43
1 97 -11
2 0 -23
2 1 -9
2 4 51
2 6 77
2 8 9
2 9 8
2 10 20
2 11 -19
2 12 -37
2 14 -42
2 15 -95
2 16 -61
2 17 -88
2 18 -10
2 19 25
2 20 -42
2 21 98
2 22 81
2 23 -71
2 24 -63
2 25 72
2 28 82
2 29 28
2 31 7
2 32 89
2 33 44
2 34 -36
2 35 -58
2 36 -48
2 37 -35
2 38 12
2 40 -22
2 41 -87
2 42 28
2 43 47
2 44 48
2 46 82
2 47 -90
2 49 62
2 51 66
2 52 26
2 53 -87
2 54 -86
2 55 50
2 56 -90
2 58 -40
2 59 -74
2 60 -46
2 62 -10
2 63 19
2 64 56
2 65 53
2 67 99
2 68 10
2 70 -12
2 71 -95
2 72 8
2 73 90
2 75 -20
2 76 44
2 78 -75
2 79 -57
2 80 -81
2 81 -27
2 82 -79
2 83 -13
2 84 -76
2 85 -42
2 86 29
2 87 88
2 88 -87
2 89 -72
2 90 8
2 91 -86
2 92 23
2 93 35
2 94 62
2 96 -57
2 97 -38
2 98 -71
2 99 -71
3 1 -82
3 2 64
3 3 -29
3 4 93
3 5 -28
3 7 -96
3 8 -71
3 9 21
3 10 58
3 11 98
3 12 3
3 13 -18
3 14 -8
3 15 -9
3 17 26
3 18 3
3 19 61
3 20 84
3 21 -14
3 23 80
3 25 -89
3 26 -89
3 27 96
3 28 -86
3 29 -88
3 30 71
3 31 72
3 32 -99
3 33 6
3 34 39
3 35 -14
3 36 19
3 37 29
3 38 -2
3 39 -89
3 40 2
3 41 75
3 42 3
3 43 68
3 44 -56
3 46 -43
3 47 94
3 48 -97
3 49 -98
3 50 -61
3 51 -54
3 52 24
3 53 -76
3 54 -72
3 56 75
3 57 -58
3 58 -65
3 60 -42
3 61 -68
3 62 22
3 64 -59
3 65 -74
3 66 -2
3 67 64
3 68 -66
3 69 43
3 70 2
3 71 -98
3 72 -8
3 73 65
3 74 -34
3 75 -65
3 76 49
3 78 3
3 80 -27
3 82 -74
3 83 -16
3 84 54
3 85 -59
3 86 -64
3 87 100
3 88 27
3 89 -71
3 90 -1
3 91 70
3 92 21
3 93 -85
3 94 72
3 95 75
3 97 -66
3 98 5
3 99 67
4 0 44
4 2 -79
4 3 -27
4 4 58
4 5 77
4 7 45
4 8 36
4 9 85
4 10 -85
4 12 -4
4 13 -40
4 14 15
4 16 19
4 17 -51
4 19 49
4 21 43
4 23 -72
4 24 74
4 25 62
4 26 52
4 27 -28
4 28 81
4 30 97
4 31 -25
4 32 46
4 33 -8
4 34 -18
4 35 -54
4 36 -27
4 39 30
4 40 20
4 41 -54
4 42 70
4 43 31
4 44 -25
4 46 8
4 48 -55
4 49 -28
4 50 50
4 51 54
4 52 -77
4 53 -50
4 54 -13
4 55 57
4 56 -83
4 57 53
4 59 38
4 60 23
4 62 -2
4 63 46
4 64 50
4 65 74
4 66 -15
4 67 45
4 68 -1
4 69 -82
4 70 -56
4 73 69
4 76 54
4 77 -78
4 78 -95
4 79 97
4 80 -63
4 81 -27
4 82 9
4 83 -63
4 84 100
4 85 24
4 86 92
4 87 -72
4 88 1
4 89 -88
4 90 90
4 91 -53
4 92 78
4 94 -1
4 95 35
4 96 100
4 97 -46
4 98 -87
5 1 50
5 2 -94
5 3 -53
5 5 98
5 6 -27
5 7 -57
5 8 47
5 9 -30
5 10 -74
5 11 58
5 12 -80
5 13 -40
5 14 21
5 15 -64
5 16 -8
5 17 85
5 18 -70
5 19 -48
5 20 40
5 21 -40
5 22 -77
5 23 15
5 24 -71
5 25 -39
5 26 -18
5 27 34
5 28 54
5 30 2
5 31 74
5 33 -22
5 34 38
5 35 57
5 36 5
5 37 58
5 38 -78
5 39 -83
5 40 92
5 41 -18
5 42 99
5 43 -85
5 44 30
5 46 -44
5 48 -81
5 49 -42
5 50 65
5 52 -73
5 53 40
5 54 -27
5 55 39
5 56 42
5 57 -4
5 58 -74
5 59 34
5 61 65
5 62 99
5 63 -79
5 64 -10
5 65 -25
5 68 -76
5 71 67
5 72 86
5 73 41
5 74 -12
5 75 -31
5 76 65
5 78 36
5 79 -59
5 80 33
5 81 -50
5 82 96
5 83 91
5 84 85
5 86 11
5 87 62
5 88 85
5 90 44
5 91 33
5 92 18
5 93 -55
5 96 91
5 97 54
6 0 -73
6 1 51
6 3 -55
6 4 38
6 5 10
6 6 -85
6 7 1
6 8 57
6 9 -27
6 10 15
6 11 -26
6 12 71
6 13 -14
6 14 95
6 15 27
6 17 81
6 19 -87
6 20 -26
6 21 7
6 22 -37
6 23 -5
6 24 70
6 25 -16
6 26 3
6 28 24
6 29 -76
6 30 21
6 31 -31
6 32 -21
6 33 -71
6 34 70
6 35 63
6 36 -77
6 37 -42
6 38 35
6 39 -75
6 40 -14
6 41 -49
6 42 -74
6 43 55
6 44 -8
6 46 26
6 47 97
6 48 -51
6 49 -57
6 50 -31
6 51 -54
6 53 82
6 54 -35
6 55 53
6 56 4
6 57 31
6 58 -19
6 59 -2
6 60 -23
6 61 92
6 62 -98
6 63 11
6 64 -60
6 65 -73
6 66 -23
6 67 100
6 68 62
6 69 70
6 70 12
6 71 31
6 72 90
6 73 90
6 75 11
6 76 96
6 77 9
6 78 -20
6 79 29
6 80 -65
6 81 -100
6 82 45
6 83 -8
6 84 -49
6 85 39
6 86 80
6 87 80
6 88 48
6 89 -59
6 90 89
6 91 -94
6 92 28
6 93 1
6 97 15
6 98 -44
7 0 38
7 1 84
7 3 17
7 4 -1
7 5 -15
7 6 -70
7 7 -57
7 9 7
7 10 44
7 11 13
7 12 -37
7 14 -11
7 15 67
7 16 -19
7 17 63
7 19 -20
7 21 -8
7 22 22
7 23 88
7 24 100
7 26 26
7 27 93
7 28 76
7 29 67
7 30 -70
7 31 -92
7 32 -77
7 33 58
7 34 92
7 35 -42
7 36 31
7 37 -12
7 38 78
7 39 -67
7 40 -74
7 41 48
7 42 22
7 43 -95
7 44 -36
7 45 28
7 46 -18
7 47 -61
7 48 8
7 49 -45
7 50 -90
7 52 -4
7 53 -90
7 54 52
7 55 81
7 56 23
7 57 91
7 58 -66
7 59 18
7 60 -90
7 61 -52
7 62 -95
7 63 -62
7 64 -76
7 65 -89
7 66 -82
7 67 77
7 68 -33
7 69 -96
7 70 -69
7 71 -44
7 77 -99
7 78 77
7 79 53
7 80 -94
7 81 -12
7 82 -64
7 84 -34
7 85 -13
7 86 60
7 87 64
7 89 46
7 90 85
7 91 10
7 92 30
7 93 -5
7 94 -47
7 95 -3
7 96 30
7 97 8
7 98 -72
8 0 -96
8 2 -44
8 3 -83
8 5 71
8 8 27
8 9 -8
8 10 -29
8 11 96
8 12 67
8 13 -24
8 14 -77
8 15 48
8 16 57
8 17 -48
8 18 -92
8 19 49
8 20 62
8 21 -65
8 22 33
8 24 -7
8 25 86
8 26 -97
8 27 -71
8 28 63
8 29 -14
8 30 -67
8 31 -48
8 32 -44
8 33 -10
8 35 47
8 36 26
8 37 -91
8 38 -83
8 40 80
8 41 -75
8 42 -51
8 43 46
8 45 -53
8 46 -76
8 47 35
8 48 -78
8 49 -83
8 50 -59
8 51 85
8 52 -100
8 53 -96
8 55 -60
8 57 -91
8 58 75
8 59 70
8 61 95
8 62 5
8 63 -11
8 64 54
8 66 -78
8 67 9
8 68 52
8 69 -67
8 70 -20
8 71 -85
8 72 -98
8 74 -49
8 75 -92
8 77 -19
8 78 57
8 79 89
8 80 49
8 81 -11
8 83 -82
8 84 70
8 85 35
8 86 9
8 87 -15
8 88 -10
8 89 58
8 90 -17
8 91 91
8 92 -22
8 93 67
8 94 14
8 95 95
8 96 33
8 97 80
8 98 -38
8 99 -35
9 0 72
9 1 55
9 2 -42
9 3 -24
9 4 -81
9 5 -10
9 6 19
9 7 18
9 9 68
9 10 -97
9 11 -17
9 12 34
9 13 -38
9 14 -52
9 15 -16
9 17 91
9 18 91
9 21 -22
9 22 33
9 24 72
9 25 -4
9 26 58
9 27 -37
9 29 84
9 31 23
9 32 39
9 34 -57
9 35 28
9 36 -87
9 37 30
9 38 -5
9 39 -60
9 41 97
9 42 -86
9 43 49
9 45 72
9 46 -82
9 47 93
9 50 84
9 53 14
9 55 -7
9 58 -98
9 59 30
9 60 93
9 61 -41
9 62 -75
9 63 42
9 64 -80
9 67 88
9 68 7
9 69 -30
9 70 84
9 71 88
9 72 -96
9 75 -76
9 76 -7
9 77 -52
9 78 -64
9 79 -97
9 80 -76
9 82 -72
9 83 97
9 84 41
9 85 58
9 87 59
9 88 84
9 89 11
9 90 46
9 91 13
9 92 -29
9 93 -12
9 94 -39
9 97 77
9 98 39
10 0 62
10 1 -70
10 3 63
10 4 -15
10 5 83
10 7 44
10 8 -4
10 9 63
10 10 80
10 11 -77
10 12 -96
10 13 24
10 14 -54
10 15 1
10 17 63
10 18 -20
10 19 99
10 20 98
10 21 17
10 22 -39
10 23 23
10 24 -9
10 26 -30
10 27 -8
10 28 32
10 29 -99
10 30 -41
10 31 -14
10 32 -9
10 33 -44
10 34 -15
10 35 -30
10 36 -89
10 37 -34
10 38 27
10 39 -74
10 40 -46
10 42 -59
10 43 -71
10 45 10
10 46 -13
10 47 -8
10 48 -13
10 49 23
10 51 -70
10 52 -92
10 53 54
10 54 88
10 55 6
10 56 -98
10 57 -11
10 58 -50
10 59 44
10 60 -19
10 61 -42
10 63 -75
10 64 86
10 65 -35
10 67 -92
10 68 -81
10 69 -58
10 70 -100
10 72 6
10 73 -56
10 74 -36
10 75 10
10 76 1
10 77 54
10 78 -74
10 80 -10
10 81 66
10 82 5
10 84 -60
10 85 -28
10 86 14
10 87 -24
10 88 -67
10 89 -22
10 90 -68
10 92 6
10 93 -41
10 94 4
10 96 -15
10 97 19
10 98 20
10 99 -87
11 0 -72
11 1 -74
11 2 -22
11 3 10
11 5 -24
11 7 -75
11 8 -22
11 10 51
11 11 93
11 12 -85
11 13 88
11 14 58
11 15 -70
11 16 -53
11 17 -1
11 18 -23
11 19 28
11 20 -59
11 21 -80
11 27 1
11 28 46
11 29 95
11 30 88
11 31 -13
11 32 -10
11 34 46
11 35 94
11 36 79
11 38 -92
11 39 -37
11 40 49
11 41 30
11 42 10
11 43 85
11 45 -29
11 46 -29
11 47 -6
11 48 54
11 49 93
11 50 77
11 51 45
11 52 65
11 53 -6
11 54 -98
11 55 -77
11 56 -92
11 58 -60
11 59 -8
11 60 -41
11 61 33
11 62 -51
11 63 50
11 64 9
11 65 -93
11 66 -10
11 67 89
11 68 -95
11 71 11
11 72 -75
11 74 78
11 76 -35
11 78 -93
11 79 -22
11 80 -58
11 81 -10
11 82 -10
11 83 71
11 84 95
11 85 78
11 86 -52
11 87 -45
11 88 -64
11 89 44
11 90 -25
11 91 19
11 92 97
11 93 95
11 94 -72
11 95 -100
11 96 -17
12 2 92
12 3 -47
12 5 -70
12 7 36
12 8 79
12 9 30
12 12 -91
12 13 -49
12 15 -55
12 16 55
12 18 -93
12 19 -87
12 20 54
12 22 -50
12 23 43
12 24 25
12 25 -67
12 27 -100
12 28 1
12 29 -9
12 30 6
12 31 -46
12 32 25
12 33 -98
12 34 -86
12 35 -47
12 38 25
12 39 -83
12 40 70
12 41 -61
12 42 -86
12 43 -30
12 44 87
12 45 14
12 46 22
12 47 -43
12 48 -97
12 49 -60
12 50 66
12 51 -55
12 53 -58
12 54 31
12 55 -26
12 56 9
12 57 -61
12 59 83
12 60 -24
12 61 59
12 62 79
12 63 -74
12 64 11
12 65 59
12 66 -69
12 67 -38
12 68 65
12 71 -34
12 72 -6
12 74 -28
12 77 76
12 78 61
12 80 -76
12 81 -60
12 82 93
12 83 -13
12 84 12
12 85 36
12 86 14
12 87 58
12 88 15
12 90 25
12 91 -20
12 92 35
12 93 -88
12 94 -3
12 95 -70
12 96 63
12 97 -59
12 98 44
12 99 -39
13 0 -50
13 1 -98
13 2 -70
13 3 78
13 4 59
13 5 -77
13 6 80
13 7 85
13 8 -22
13 9 60
13 10 -39
13 12 38
13 13 -76
13 14 -3
13 15 53
13 16 37
13 19 -47
13 20 -63
13 22 13
13 23 62
13 24 8
13 25 -29
13 26 37
13 27 56
13 28 56
13 29 -96
13 30 -68
13 31 96
13 32 42
13 33 -11
13 34 65
13 35 9
13 36 -50
13 37 -18
13 38 -21
13 39 -48
13 40 -65
13 41 79
13 42 -12
13 44 -75
13 45 -74
13 47 -70
13 48 -75
13 50 4
13 51 -27
13 52 -4
13 53 -69
13 54 28
13 55 -47
13 56 -63
13 57 78
13 58 23
13 59 -66
13 60 -26
13 61 -23
13 62 -83
13 63 24
13 64 41
13 65 50
13 66 -99
13 67 -99
13 68 92
13 69 -47
13 70 39
13 72 -76
13 73 1
13 74 -26
13 75 58
13 77 -66
13 78 80
13 79 -98
13 81 -89
13 82 76
13 83 19
13 84 -20
13 85 52
13 86 -30
13 87 16
13 88 67
13 89 -43
13 90 92
13 91 73
13 92 -92
13 93 -50
13 94 35
13 95 -3
13 97 -7
13 98 -19
13 99 -97
14 0 -1
14 2 90
14 3 -49
14 4 8
14 5 5
14 6 -77
14 7 -39
14 8 36
14 9 -53
14 10 84
14 11 5
14 12 35
14 13 -74
14 15 -77
14 16 5
14 17 -56
14 18 -6
14 20 31
14 21 -2
14 25 94
14 26 -14
14 27 -32
14 28 -99
14 30 34
14 32 -23
14 34 -3
14 35 33
14 37 -88
14 38 31
14 39 -10
14 40 54
14 41 -26
14 42 26
14 43 -19
14 44 -34
14 45 -50
14 46 -87
14 47 35
14 48 50
14 49 -89
14 50 30
14 51 41
14 52 28
14 53 -62
14 54 -99
14 55 -20
14 56 -68
14 57 -36
14 60 -10
14 61 8
14 62 -11
14 63 34
14 65 81
14 66 30
14 67 -21
14 68 -12
14 69 100
14 70 39
14 71 -65
14 72 -45
14 73 40
14 74 96
14 75 34
14 76 -93
14 77 42
14 79 -67
14 80 16
14 83 41
14 84 20
14 85 -96
14 88 -89
14 89 -12
14 90 81
14 91 45
14 92 18
14 93 75
14 94 -32
14 95 19
14 98 51
14 99 65
15 0 20
15 1 -75
15 2 90
15 3 -47
15 4 -50
15 5 -98
15 6 -38
15 7 68
15 8 28
15 9 22
15 10 -63
15 11 45
15 12 -50
15 13 42
15 14 18
15 15 -7
15 17 -68
15 18 72
15 19 -2
15 20 -49
15 22 -55
15 24 -56
15 25 16
15 26 96
15 27 -92
15 28 -66
15 29 26
15 31 59
15 32 32
15 33 63
15 34 -70
15 35 -91
15 36 28
15 37 4
15 38 -21
15 39 31
15 40 -4
15 41 -13
15 44 -36
15 45 -48
15 47 -65
15 49 97
15 50 -69
15 51 77
15 52 5
15 53 20
15 54 22
15 55 58
15 56 6
15 57 37
15 58 52
15 59 -96
15 60 30
15 61 -93
15 62 74
15 65 -50
15 66 19
15 67 -29
15 70 86
15 71 40
15 72 -23
15 73 37
15 74 93
15 75 51
15 77 -54
15 79 51
15 80 -75
15 82 -38
15 83 -15
15 84 -36
15 85 -100
15 86 70
15 87 81
15 90 -10
15 91 89
15 92 87
15 93 -15
15 94 -20
15 95 -83
15 96 -92
15 98 28
16 0 -83
16 1 -3
16 2 80
16 4 -31
16 5 -17
16 6 35
16 8 58
16 12 40
16 13 -99
16 14 -61
16 15 -38
16 16 -44
16 17 65
16 18 -52
16 19 -35
16 20 -92
16 21 -32
16 22 -82
16 23 -95
16 25 30
16 27 -62
16 28 54
16 30 -24
16 31 -44
16 32 -92
16 33 -64
16 34 -67
16 35 23
16 36 40
16 37 -34
16 38 -47
16 39 38
16 40 26
16 41 54
16 42 -41
16 43 64
16 44 -56
16 45 83
16 46 -29
16 47 45
16 48 100
16 49 -50
16 51 74
16 52 -67
16 53 80
16 56 -59
16 57 -54
16 58 89
16 59 -25
16 60 -15
16 61 -20
16 62 83
16 64 12
16 65 -80
16 66 92
16 67 -37
16 68 2
16 70 -21
16 72 51
16 73 69
16 74 9
16 76 24
16 78 30
16 79 36
16 81 -14
16 82 24
16 83 13
16 84 -100
16 85 56
16 86 -45
16 87 27
16 88 -57
16 89 -98
16 90 -83
16 93 13
16 95 -77
16 96 -76
16 99 -58
17 0 -40
17 1 -52
17 2 11
17 3 53
17 4 6
17 5 -57
17 6 -99
17 7 -5
17 8 65
17 9 99
17 10 32
17 11 -65
17 12 13
17 13 74
17 14 13
17 15 -2
17 16 6
17 17 -18
17 18 -88
17 22 45
17 23 45
17 24 -82
17 27 -70
17 28 -91
17 31 -54
17 32 28
17 33 8
17 34 -68
17 35 -68
17 36 -49
17 37 -37
17 38 99
17 39 48
17 40 -50
17 41 -96
17 43 18
17 44 -24
17 45 38
17 46 -16
17 47 -93
17 48 7
17 49 -61
17 51 -36
17 52 -33
17 53 -91
17 55 15
17 56 19
17 57 -34
17 59 -26
17 61 -68
17 63 -9
17 64 42
17 65 -89
17 66 -6
17 67 -86
17 68 100
17 69 45
17 70 89
17 71 72
17 72 37
17 73 -5
17 74 -57
17 75 -9
17 78 55
17 79 -95
17 80 14
17 81 20
17 82 26
17 84 -82
17 85 -86
17 88 33
17 89 72
17 90 -76
17 91 23
17 92 -7
17 93 77
17 94 84
17 96 -17
17 98 -95
17 99 85
18 0 -5
18 2 -79
18 3 -99
18 4 20
18 5 99
18 6 -91
18 7 37
18 9 -24
18 10 -76
18 11 -11
18 12 -25
18 13 -25
18 14 -70
18 15 -87
18 16 -65
18 17 -1
18 18 -100
18 19 95
18 20 -76
18 21 87
18 22 -25
18 24 12
18 25 50
18 26 -20
18 28 82
18 29 -57
18 31 -87
18 32 -30
18 33 44
18 34 -73
18 35 39
18 36 61
18 37 -58
18 39 44
18 40 -78
18 41 -43
18 42 42
18 43 8
18 44 22
18 45 41
18 46 65
18 47 38
18 48 36
18 49 16
18 50 29
18 51 -86
18 53 -41
18 54 -39
18 55 -35
18 56 82
18 57 9
18 58 -13
18 59 -27
18 60 50
18 61 -88
18 62 -64
18 63 20
18 64 -97
18 65 22
18 67 70
18 68 57
18 69 80
18 70 19
18 71 -12
18 72 -95
18 73 -47
18 74 36
18 75 97
18 76 24
18 77 24
18 78 11
18 79 -5
18 80 -30
18 81 -36
18 82 -23
18 84 -42
18 85 -13
18 87 62
18 88 -91
18 89 28
18 90 -36
18 91 -61
18 92 24
18 93 25
18 94 -52
18 95 -53
18 97 -77
18 98 87
18 99 -3
19 0 54
19 1 12
19 2 36
19 3 25
19 4 -2
19 5 86
19 7 30
19 9 21
19 10 -44
19 11 74
19 13 35
19 14 79
19 15 45
19 16 76
19 17 84
19 18 90
19 19 88
19 20 -94
19 22 62
19 23 -40
19 24 38
19 25 44
19 26 -27
19 27 36
19 28 65
19 29 24
19 30 -84
19 31 -32
19 33 -71
19 34 86
19 35 52
19 36 -96
19 37 18
19 38 6
19 39 -6
19 40 -44
19 41 30
19 42 64
19 43 -8
19 44 11
19 45 28
19 46 -1
19 47 -24
19 48 84
19 49 -67
19 50 36
19 52 -94
19 53 58
19 55 95
19 58 32
19 59 92
19 60 -50
19 61 -75
19 62 42
19 63 91
19 64 92
19 65 42
19 66 6
19 67 -57
19 69 -53
19 70 -91
19 71 -5
19 72 -38
19 73 -43
19 74 -65
19 75 81
19 76 11
19 77 -50
19 78 17
19 79 -15
19 80 46
19 81 45
19 82 52
19 83 -40
19 84 92
19 85 77
19 87 -3
19 88 -64
19 89 90
19 90 12
19 91 -34
19 92 99
19 93 -95
19 94 -75
19 95 99
19 98 48
19 99 -10
20 0 92
20 1 76
20 3 -83
20 4 -58
20 5 -37
20 6 5
20 7 -66
20 8 -14
20 9 -58
20 10 5
20 12 -26
20 13 -7
20 14 -76
20 15 -70
20 16 90
20 17 88
20 18 39
20 19 57
20 20 32
20 21 -56
20 22 -38
20 23 -71
20 25 86
20 26 2
20 27 49
20 28 -89
20 29 71
20 30 52
20 31 -52
20 32 -96
20 34 -55
20 35 9
20 36 23
20 37 12
20 38 55
20 41 -25
20 42 -82
20 43 53
20 44 -60
20 45 -81
20 46 -35
20 47 89
20 48 2
20 49 -37
20 50 34
20 51 -85
20 52 -75
20 53 52
20 54 -53
20 55 5
20 56 37
20 57 100
20 58 85
20 59 14
20 60 67
20 61 -47
20 62 40
20 63 31
20 64 95
20 65 15
20 66 -68
20 67 -21
20 69 76
20 70 29
20 71 -86
20 72 41
20 73 31
20 74 -4
20 75 -95
20 76 -54
20 77 -94
20 78 33
20 79 -53
20 80 -54
20 83 -21
20 84 73
20 86 92
20 87 66
20 88 -87
20 89 99
20 90 73
20 91 -67
20 92 5
20 93 -100
20 94 82
20 95 -7
20 96 41
20 98 -72
20 99 77
21 0 -68
21 2 -25
21 3 -46
21 4 -72
21 5 -39
21 6 -22
21 7 -88
21 9 -26
21 10 -1
21 11 -50
21 12 -65
21 13 -26
21 15 84
21 16 69
21 19 76
21 21 -19
21 22 -67
21 23 70
21 24 58
21 25 3
21 26 -21
21 27 -91
21 28 -40
21 29 26
21 31 -47
21 32 28
21 33 -39
21 34 -92
21 35 5
21 36 95
21 37 -30
21 39 25
21 43 -91
21 44 63
21 45 12
21 47 -31
21 48 58
21 49 90
21 50 -93
21 51 12
21 52 -85
21 53 -41
21 54 39
21 55 -41
21 56 -74
21 57 8
21 58 33
21 59 -18
21 60 8
21 61 40
21 62 35
21 63 -44
21 64 26
21 65 61
21 66 48
21 67 83
21 68 27
21 69 52
21 70 -40
21 71 -12
21 72 68
21 75 78
21 76 -2
21 77 -30
21 78 98
21 79 -53
21 80 -52
21 81 73
21 82 -53
21 83 64
21 86 89
21 87 -90
21 90 -76
21 92 -46
21 93 -55
21 94 -1
21 95 -10
21 97 25
21 98 56
21 99 -32
22 0 76
22 1 -38
22 2 -18
22 5 28
22 6 87
22 7 79
22 8 -1
22 9 -97
22 10 -21
22 12 47
22 13 -2
22 14 -57
22 16 -7
22 18 24
22 19 32
22 20 90
22 22 -93
22 23 -65
22 24 52
22 25 72
22 26 -54
22 27 42
22 28 21
22 29 -37
22 30 -52
22 31 -96
22 33 -98
22 34 -21
22 37 -33
22 38 81
22 39 63
22 40 -39
22 41 42
22 44 -85
22 45 -19
22 47 74
22 48 -41
22 49 24
22 50 61
22 51 18
22 52 47
22 53 -45
22 54 -52
22 56 53
22 57 65
22 58 -37
22 59 -28
22 60 -93
22 61 39
22 62 76
22 63 -25
22 64 61
22 65 -81
22 66 38
22 67 -40
22 68 3
22 69 87
22 70 7
22 71 -36
22 72 4
22 73 -76
22 74 -33
22 75 -12
22 77 19
22 78 51
22 79 -74
22 80 47
22 81 -93
22 83 69
22 84 83
22 85 37
22 86 77
22 87 29
22 88 20
22 89 51
22 90 -52
22 91 -87
22 93 76
22 94 -29
22 95 -8
22 96 -18
22 97 -17
22 98 53
23 0 67
23 1 -83
23 3 27
23 4 -97
23 5 -89
23 6 26
23 7 79
23 8 -27
23 9 68
23 11 79
23 12 -68
23 13 -36
23 14 5
23 15 70
23 16 90
23 17 68
23 18 -18
23 19 -79
23 20 -2
23 21 -49
23 23 -92
23 25 29
23 26 -47
23 28 -7
23 29 31
23 30 64
23 32 47
23 33 -53
23 35 -64
23 36 51
23 37 -47
23 38 -10
23 40 41
23 41 -3
23 42 83
23 44 45
23 45 -89
23 46 14
23 47 -77
23 48 57
23 49 85
23 50 70
23 51 66
23 54 -33
23 55 -14
23 56 -5
23 57 35
23 58 -34
23 60 -19
23 61 88
23 63 100
23 66 58
23 68 -15
23 69 75
23 70 -61
23 71 27
23 74 -41
23 75 -44
23 76 -99
23 77 -27
23 80 -44
23 81 60
23 82 4
23 83 72
23 84 37
23 85 -41
23 86 -91
23 87 -14
23 88 98
23 89 -85
23 90 26
23 91 -29
23 92 90
23 93 -61
23 94 -69
23 95 -27
23 96 42
23 97 11
23 99 -96
24 0 81
24 1 76
24 2 -97
24 3 47
24 4 -59
24 5 8
24 6 56
24 8 -30
24 9 19
24 10 88
24 11 -9
24 13 23
24 14 -76
24 15 26
24 16 34
24 17 -42
24 18 54
24 19 7
24 20 62
24 21 72
24 22 -17
24 23 6
24 24 10
24 25 16
24 26 -61
24 27 51
24 28 15
24 29 -28
24 30 -63
24 31 37
24 32 90
24 33 20
24 34 9
24 38 -19
24 39 -61
24 40 -4
24 41 69
24 44 15
24 45 -21
24 46 92
24 47 -81
24 49 87
24 50 -16
24 51 -27
24 52 42
24 54 86
24 55 -30
24 57 -24
24 58 80
24 59 -60
24 61 -58
24 62 -41
24 64 77
24 65 -74
24 67 68
24 68 62
24 69 -31
24 70 -20
24 71 -11
24 73 62
24 74 92
24 76 -52
24 78 -87
24 79 71
24 80 41
24 81 52
24 82 28
24 83 -36
24 84 31
24 86 -40
24 87 -35
24 88 -35
24 90 81
24 91 9
24 92 -10
24 93 -88
24 94 -62
24 95 -12
24 96 -46
24 97 20
24 98 87
24 99 -81
25 0 -28
25 2 -83
25 3 55
25 4 -84
25 6 -2
25 7 18
25 10 74
25 11 26
25 12 1
25 13 -45
25 14 -66
25 15 85
25 16 -98
25 17 91
25 18 18
25 19 -77
25 20 -58
25 21 -34
25 23 -100
25 24 13
25 25 -19
25 26 -48
25 27 -72
25 29 -69
25 34 6
25 35 77
25 36 -58
25 38 -24
25 39 95
25 40 -69
25 41 -14
25 42 43
25 43 55
25 44 -55
25 45 97
25 46 20
25 47 -22
25 48 51
25 49 -88
25 50 -87
25 51 44
25 52 68
25 53 -2
25 54 42
25 55 13
25 56 -39
25 57 36
25 58 80
25 59 -9
25 60 -1
25 61 -27
25 63 12
25 64 71
25 65 -14
25 66 8
25 67 65
25 68 -53
25 69 -30
25 70 18
25 71 -44
25 72 87
25 73 -22
25 74 -12
25 75 12
25 77 -32
25 79 -34
25 80 -71
25 81 16
25 82 -76
25 83 46
25 85 27
25 87 88
25 88 92
25 89 39
25 90 14
25 92 35
25 93 65
25 94 5
25 96 6
25 97 -10
25 98 -50
25 99 70
26 0 -74
26 1 -89
26 2 -80
26 4 -16
26 5 -13
26 6 5
26 7 90
26 8 99
26 9 29
26 10 96
26 11 92
26 12 72
26 13 -90
26 14 76
26 15 -80
26 16 20
26 17 -38
26 18 -68
26 19 81
26 20 86
26 23 73
26 24 -64
26 25 -80
26 26 -51
26 27 50
26 28 100
26 30 -26
26 31 -4
26 33 -62
26 34 48
26 35 43
26 36 23
26 38 69
26 39 -84
26 41 -77
26 42 89
26 43 -26
26 44 56
26 46 -3
26 47 -14
26 50 -52
26 51 82
26 54 -65
26 55 49
26 56 59
26 57 -43
26 58 95
26 59 25
26 61 -26
26 62 -2
26 63 44
26 64 93
26 65 89
26 66 25
26 67 -34
26 69 50
26 70 -78
26 71 41
26 72 70
26 73 -15
26 74 4
26 75 77
26 76 -5
26 77 32
26 78 75
26 80 -96
26 81 93
26 82 32
26 83 -4
26 84 -22
26 85 4
26 86 -59
26 87 25
26 88 19
26 90 -71
26 92 -79
26 93 15
26 94 -67
26 95 18
26 96 40
26 98 42
26 99 75
27 0 17
27 1 -75
27 3 -23
27 4 -95
27 5 -66
27 7 -67
27 8 -22
27 9 -16
27 10 -58
27 11 -11
27 12 11
27 13 -31
27 14 30
27 16 65
27 17 -81
27 18 26
27 19 -86
27 20 -11
27 21 -43
27 23 10
27 24 -33
27 25 -3
27 26 78
27 27 13
27 28 91
27 29 27
27 31 23
27 33 -94
27 34 75
27 35 -38
27 36 53
27 38 83
27 39 -75
27 40 94
27 41 1
27 42 55
27 43 85
27 44 -90
27 46 60
27 47 49
27 48 22
27 49 -20
27 51 -37
27 52 -71
27 54 -93
27 55 -59
27 56 -1
27 57 13
27 58 -25
27 59 -95
27 60 -46
27 61 -38
27 62 -33
27 63 -35
27 64 -9
27 66 76
27 67 -28
27 68 42
27 69 -49
27 70 -8
27 71 -29
27 72 49
27 73 9
27 74 44
27 75 -57
27 76 83
27 77 -95
27 78 -6
27 79 53
27 80 -96
27 82 76
27 83 8
27 84 90
27 85 -94
27 86 20
27 87 -83
27 88 -66
27 89 -61
27 90 9
27 91 65
27 92 74
27 93 -80
27 94 -48
27 95 69
27 96 -46
27 98 -45
27 99 41
28 0 59
28 1 81
28 2 94
28 3 33
28 4 78
28 5 44
28 6 -24
28 7 -89
28 8 -92
28 9 96
28 10 -34
28 11 -80
28 12 -99
28 13 90
28 14 -2
28 15 69
28 16 60
28 17 -33
28 18 17
28 19 -88
28 21 80
28 22 48
28 23 48
28 25 59
28 26 -57
28 27 55
28 28 -87
28 29 -20
28 30 5
28 31 -52
28 32 -86
28 33 10
28 34 -16
28 36 -78
28 37 -32
28 38 79
28 39 29
28 41 20
28 42 1
28 43 -5
28 44 96
28 45 11
28 48 32
28 50 43
28 51 55
28 52 28
28 53 36
28 55 21
28 56 53
28 57 -48
28 58 43
28 59 -39
28 60 -71
28 61 -87
28 62 -12
28 63 -74
28 65 97
28 66 -48
28 67 35
28 68 78
28 69 16
28 70 -71
28 71 84
28 74 4
28 75 -86
28 76 9
28 77 -56
28 78 -78
28 79 87
28 80 97
28 81 12
28 82 -43
28 83 -73
28 84 94
28 85 -89
28 87 -87
28 89 -39
28 90 72
28 91 -49
28 92 44
28 93 86
28 95 56
28 96 32
28 98 20
28 99 -84
29 0 -36
29 1 36
29 2 66
29 3 -79
29 4 44
29 5 -80
29 7 7
29 8 -55
29 9 -80
29 10 -85
29 11 7
29 12 -41
29 13 32
29 15 82
29 17 3
29 18 32
29 19 -50
29 20 69
29 21 -78
29 23 59
29 24 1
29 25 88
29 26 95
29 28 6
29 29 -61
29 30 -69
29 31 60
29 32 -45
29 33 -91
29 34 -15
29 36 34
29 39 -61
29 40 35
29 41 63
29 42 42
29 45 27
29 46 -7
29 47 93
29 49 97
29 50 73
29 52 -22
29 53 56
29 55 47
29 56 -72
29 57 -67
29 58 95
29 59 -20
29 60 97
29 61 26
29 62 -65
29 63 48
29 64 67
29 65 -87
29 66 -44
29 68 58
29 69 -61
29 70 -32
29 71 -11
29 74 -99
29 75 -36
29 77 -92
29 79 -56
29 80 25
29 81 80
29 82 56
29 83 83
29 84 88
29 85 7
29 86 37
29 87 17
29 88 23
29 89 50
29 90 -7
29 91 -96
29 92 -29
29 93 -1
29 94 -84
29 95 -31
29 96 82
29 97 -81
29 98 -38
29 99 -7
30 0 -76
30 1 -91
30 2 90
30 3 -4
30 4 11
30 5 23
30 6 71
30 8 -99
30 9 -88
30 11 -22
30 12 -23
30 13 -17
30 14 -51
30 15 -85
30 16 -96
30 17 27
30 18 70
30 19 68
30 20 -80
30 21 50
30 22 66
30 23 -83
30 24 87
30 25 -3
30 26 22
30 28 -45
30 29 -90
30 32 85
30 34 -93
30 35 -45
30 36 21
30 37 32
30 38 -23
30 39 -51
30 41 -61
30 42 -35
30 43 94
30 44 36
30 45 -5
30 46 -94
30 47 -3
30 48 -53
30 49 -19
30 50 92
30 51 37
30 52 48
30 53 99
30 54 4
30 55 -76
30 56 -11
30 57 -84
30 58 -4
30 59 54
30 60 90
30 61 -55
30 62 -77
30 64 -58
30 66 40
30 68 74
30 69 85
30 70 86
30 71 36
30 72 49
30 73 -47
30 74 32
30 75 -52
30 76 -58
30 78 29
30 79 -43
30 80 88
30 82 -11
30 83 -94
30 85 84
30 87 -36
30 88 -9
30 89 -82
30 90 49
30 92 19
30 93 38
30 95 -13
30 97 -82
30 98 -43
30 99 12
31 0 61
31 1 -47
31 2 30
31 4 -26
31 5 -98
31 6 38
31 7 53
31 8 50
31 9 -33
31 10 44
31 11 -56
31 12 -22
31 13 -23
31 14 91
31 16 -16
31 17 30
31 18 27
31 19 -55
31 20 -91
31 21 -11
31 22 88
31 23 -70
31 25 -95
31 26 -74
31 27 69
31 28 72
31 29 -26
31 30 12
31 31 24
31 32 81
31 34 -47
31 35 -37
31 36 -62
31 37 15
31 38 26
31 39 37
31 41 -37
31 42 -95
31 43 14
31 44 -20
31 46 -32
31 49 1
31 50 47
31 51 -86
31 53 63
31 54 7
31 55 -12
31 56 26
31 57 -82
31 58 -99
31 59 98
31 60 41
31 61 9
31 63 -3
31 64 75
31 65 9
31 66 -50
31 68 78
31 69 66
31 70 -45
31 73 -10
31 74 32
31 75 1
31 76 -8
31 77 -32
31 79 16
31 80 39
31 81 5
31 82 -81
31 83 -8
31 84 27
31 85 -67
31 86 -72
31 88 10
31 89 53
31 90 2
31 91 79
31 92 84
31 93 -57
31 94 36
31 95 -69
31 97 -21
31 98 88
32 0 70
32 1 81
32 3 -14
32 5 -48
32 6 53
32 7 69
32 8 16
32 10 -30
32 11 -60
32 12 -50
32 13 -41
32 14 95
32 15 57
32 17 -1
32 18 84
32 19 84
32 20 -33
32 22 -94
32 23 61
32 24 48
32 25 -10
32 26 39
32 27 61
32 28 78
32 29 -92
32 31 -20
32 32 1
32 33 30
32 34 -73
32 35 -37
32 36 -11
32 37 -94
32 38 14
32 39 -6
32 40 89
32 41 -67
32 42 -16
32 43 48
32 44 64
32 45 30
32 46 71
32 47 -77
32 48 -56
32 49 -79
32 50 97
32 51 -13
32 52 13
32 53 47
32 55 61
32 57 -31
32 60 65
32 62 39
32 63 -65
32 64 -91
32 65 44
32 66 -81
32 67 -29
32 68 -78
32 69 -100
32 71 -40
32 72 21
32 74 -89
32 75 86
32 76 84
32 77 -33
32 79 69
32 80 65
32 81 -1
32 82 -49
32 83 -89
32 84 -61
32 85 -61
32 86 -48
32 87 85
32 88 -96
32 89 -10
32 90 19
32 91 18
32 92 -13
32 93 -88
32 95 35
32 96 -61
32 97 -98
32 98 1
32 99 82
33 1 -73
33 4 -28
33 5 53
33 6 48
33 7 -34
33 9 2
33 10 81
33 11 -87
33 12 -15
33 13 -94
33 15 -96
33 17 -83
33 18 76
33 19 -98
33 21 79
33 22 -39
33 23 1
33 24 63
33 25 -78
33 27 -96
33 28 88
33 29 -89
33 30 54
33 31 10
33 32 82
33 33 -46
33 34 -32
33 35 -80
33 36 -6
33 37 -14
33 38 38
33 39 55
33 40 -14
33 41 -53
33 42 -10
33 43 98
33 44 85
33 45 47
33 46 -45
33 47 27
33 48 17
33 50 -21
33 51 -52
33 52 91
33 53 -100
33 54 -24
33 55 -3
33 57 -24
33 58 37
33 60 66
33 61 73
33 62 84
33 63 -41
33 64 -58
33 65 -52
33 66 49
33 67 60
33 68 -86
33 69 -87
33 70 28
33 71 -12
33 72 -96
33 73 78
33 74 71
33 75 62
33 76 -56
33 77 57
33 78 -4
33 79 -24
33 80 -91
33 81 27
33 82 30
33 83 -85
33 84 -67
33 85 47
33 86 77
33 89 73
33 91 93
33 92 49
33 93 83
33 94 -92
33 95 46
33 96 61
33 98 -5
33 99 63
34 0 -87
34 1 85
34 3 -68
34 4 29
34 5 -44
34 6 -84
34 7 -57
34 8 -86
34 9 44
34 10 10
34 11 -41
34 12 -6
34 15 86
34 16 41
34 17 -51
34 18 -27
34 19 6
34 21 37
34 22 6
34 23 82
34 24 -6
34 26 86
34 27 -28
34 28 89
34 29 45
34 30 19
34 31 -30
34 32 -17
34 33 80
34 34 6
34 35 -66
34 36 -43
34 37 30
34 39 -35
34 40 88
34 41 35
34 43 12
34 45 89
34 46 -4
34 47 89
34 48 -48
34 49 -35
34 50 -73
34 51 -52
34 53 -14
34 54 6
34 55 -48
34 56 -73
34 57 76
34 58 18
34 59 -8
34 60 -8
34 61 69
34 62 51
34 63 14
34 64 -45
34 65 13
34 66 37
34 67 68
34 68 -43
34 69 -39
34 70 -36
34 71 46
34 72 66
34 73 -38
34 74 15
34 75 56
34 76 25
34 78 -94
34 79 82
34 80 -12
34 81 7
34 82 61
34 84 -69
34 85 -97
34 86 36
34 87 -26
34 90 17
34 91 -77
34 92 -59
34 93 -57
34 94 -62
34 95 28
34 96 -87
34 97 -45
34 98 -14
34 99 -32
35 0 98
35 1 75
35 2 41
35 3 37
35 4 21
35 5 40
35 6 -63
35 7 48
35 8 83
35 9 31
35 10 -56
35 11 32
35 12 -12
35 13 94
35 15 -56
35 16 -14
35 17 -15
35 18 7
35 19 -28
35 20 84
35 21 -64
35 22 97
35 23 -44
35 25 -100
35 28 -10
35 29 1
35 30 -6
35 31 58
35 32 -75
35 33 24
35 35 37
35 36 -71
35 38 -29
35 39 93
35 41 -28
35 42 26
35 43 -48
35 44 92
35 45 -38
35 46 -60
35 47 -53
35 48 6
35 50 63
35 51 -34
35 52 5
35 53 14
35 54 -5
35 55 -57
35 56 63
35 59 -67
35 60 -52
35 61 -98
35 62 -24
35 63 20
35 65 82
35 66 -79
35 67 8
35 68 39
35 69 13
35 70 -69
35 71 19
35 72 -54
35 73 90
35 74 39
35 75 -67
35 76 32
35 78 97
35 80 -66
35 81 15
35 82 74
35 83 75
35 84 -98
35 85 -24
35 86 61
35 88 69
35 89 -46
35 90 47
35 91 -78
35 92 -68
35 94 -40
35 95 -40
35 96 -46
35 98 -11
35 99 49
36 0 -19
36 1 70
36 3 -24
36 4 10
36 5 22
36 6 56
36 8 23
36 9 84
36 11 -59
36 12 -71
36 15 -30
36 16 -5
36 17 -23
36 18 -53
36 19 4
36 20 62
36 21 8
36 23 27
36 24 -44
36 25 99
36 27 -6
36 29 -12
36 30 53
36 31 -3
36 32 -98
36 33 56
36 34 79
36 35 21
36 36 -54
36 37 16
36 39 -12
36 40 33
36 41 -4
36 42 -40
36 43 -53
36 45 93
36 46 -59
36 47 -55
36 48 28
36 49 -42
36 50 36
36 51 -90
36 52 -65
36 54 -75
36 55 64
36 56 -50
36 57 -14
36 59 58
36 60 78
36 61 56
36 62 73
36 63 -15
36 64 11
36 65 -52
36 66 61
36 67 56
36 68 51
36 69 85
36 70 -94
36 71 78
36 72 -52
36 73 -39
36 74 42
36 75 -93
36 76 99
36 77 -76
36 78 91
36 79 7
36 80 -97
36 81 70
36 82 10
36 83 -86
36 84 63
36 85 48
36 86 72
36 87 -56
36 89 16
36 90 -40
36 91 93
36 92 -78
36 93 70
36 94 48
36 95 -97
36 96 32
36 98 59
36 99 52
37 0 -12
37 1 47
37 2 -95
37 3 59
37 4 -99
37 6 56
37 7 -79
37 9 -15
37 10 -6
37 12 -15
37 14 76
37 16 85
37 17 -70
37 18 -33
37 19 -10
37 20 -66
37 21 -78
37 22 -24
37 23 65
37 24 72
37 25 -27
37 27 -36
37 28 -6
37 29 13
37 30 -70
37 31 89
37 32 86
37 33 98
37 34 -8
37 35 100
37 36 34
37 37 -61
37 38 22
37 40 75
37 41 55
37 43 42
37 44 25
37 45 -92
37 47 25
37 48 -98
37 50 -15
37 52 85
37 53 -52
37 54 -37
37 55 69
37 56 -38
37 59 85
37 60 -53
37 61 -82
37 62 -57
37 63 -42
37 64 -30
37 65 -82
37 67 51
37 68 71
37 69 32
37 70 -8
37 71 21
37 72 -96
37 73 -3
37 74 -28
37 75 55
37 76 79
37 77 -89
37 78 84
37 79 97
37 80 -36
37 81 58
37 82 -29
37 84 -8
37 85 49
37 86 68
37 87 72
37 88 -11
37 89 59
37 90 -41
37 91 58
37 92 -46
37 95 -71
37 97 -48
37 98 -73
37 99 83
38 1 31
38 2 41
38 3 -71
38 4 -91
38 5 -97
38 6 55
38 7 57
38 8 -54
38 9 -18
38 10 55
38 11 -27
38 13 -14
38 14 -7
38 15 36
38 16 -33
38 17 90
38 18 65
38 20 26
38 21 -74
38 22 -59
38 23 -82
38 24 40
38 26 -77
38 27 -99
38 28 26
38 29 -68
38 30 83
38 31 -28
38 32 8
38 33 40
38 34 15
38 35 -23
38 36 -93
38 37 75
38 38 -34
38 39 -24
38 40 -87
38 41 -36
38 43 26
38 44 34
38 45 76
38 46 -17
38 47 -78
38 49 -21
38 50 98
38 51 -10
38 52 60
38 53 -17
38 54 35
38 56 -46
38 57 -65
38 58 -16
38 60 -50
38 61 -2
38 62 72
38 63 -14
38 64 19
38 65 90
38 66 87
38 67 -67
38 68 -18
38 69 19
38 70 34
38 71 58
38 73 7
38 75 37
38 76 60
38 77 18
38 79 -2
38 81 -41
38 82 -93
38 83 -97
38 84 -47
38 86 -54
38 89 60
38 90 -26
38 91 -69
38 92 14
38 93 -78
38 94 -81
38 95 25
38 96 -72
38 97 4
38 98 29
38 99 36
39 0 -97
39 1 37
39 2 -51
39 4 -28
39 5 70
39 6 83
39 7 -78
39 9 -70
39 11 -23
39 12 -6
39 15 -44
39 17 88
39 19 -15
39 20 77
39 21 21
39 22 -32
39 23 -85
39 24 -25
39 25 39
39 26 -27
39 27 90
39 29 33
39 30 -57
39 31 -27
39 32 72
39 33 -49
39 34 -91
39 36 -75
39 37 89
39 38 -14
39 39 23
39 40 100
39 41 -15
39 43 -95
39 44 93
39 45 -34
39 46 -60
39 47 16
39 48 -7
39 49 -27
39 51 59
39 52 41
39 53 87
39 54 -32
39 55 83
39 56 -47
39 57 -69
39 59 29
39 60 -74
39 62 72
39 63 20
39 64 -35
39 65 32
39 66 54
39 68 19
39 70 -100
39 71 38
39 72 57
39 73 56
39 74 44
39 75 -84
39 76 3
39 77 42
39 78 -75
39 80 -24
39 81 9
39 83 -85
39 84 15
39 85 -66
39 87 94
39 88 -92
39 89 70
39 90 -74
39 91 67
39 92 -58
39 93 97
39 94 -35
39 95 -93
39 97 -67
39 99 -91
40 0 -71
40 1 41
40 2 96
40 3 97
40 5 -86
40 6 55
40 7 -31
40 9 48
40 10 56
40 11 62
40 12 14
40 13 55
40 14 69
40 15 -17
40 16 -80
40 17 7
40 18 -61
40 19 -80
40 21 -30
40 22 55
40 23 -17
40 24 -50
40 25 78
40 27 73
40 28 -52
40 29 36
40 31 -27
40 32 -9
40 33 -3
40 34 100
40 35 -64
40 36 -53
40 37 16
40 39 -40
40 41 -19
40 42 92
40 43 55
40 44 9
40 45 72
40 46 34
40 47 56
40 48 70
40 49 2
40 50 73
40 51 64
40 52 62
40 53 -80
40 54 28
40 55 85
40 56 78
40 57 2
40 58 -68
40 59 34
40 60 -86
40 61 12
40 62 -32
40 63 60
40 64 -13
40 65 -93
40 67 -70
40 68 -65
40 69 23
40 71 40
40 72 72
40 74 43
40 75 -43
40 77 -78
40 78 6
40 80 -29
40 81 -26
40 82 -83
40 83 100
40 84 11
40 85 -99
40 86 70
40 87 44
40 88 1
40 89 -55
40 90 -89
40 91 98
40 92 77
40 93 -92
40 94 -89
40 95 -66
40 96 78
40 98 -32
40 99 -4
41 0 94
41 1 -4
41 2 87
41 3 -100
41 4 9
41 5 81
41 6 34
41 7 -96
41 8 28
41 9 -9
41 11 -3
41 12 -44
41 13 30
41 14 81
41 15 -7
41 16 -49
41 17 -41
41 18 52
41 19 -89
41 21 54
41 22 -78
41 23 -95
41 24 27
41 27 -98
41 29 -40
41 31 70
41 32 -50
41 33 53
41 34 22
41 35 70
41 36 15
41 37 72
41 38 -47
41 41 -18
41 42 45
41 43 13
41 44 -74
41 47 -21
41 48 25
41 50 -73
41 52 -7
41 53 13
41 54 71
41 55 -4
41 56 10
41 57 -50
41 59 8
41 60 -100
41 61 56
41 63 -47
41 64 -31
41 65 -66
41 66 29
41 68 -49
41 69 20
41 70 48
41 71 -63
41 72 -41
41 73 82
41 74 -69
41 75 -53
41 76 -66
41 77 -58
41 78 -99
41 79 94
41 80 99
41 81 78
41 83 -86
41 84 -78
41 85 -27
41 87 -30
41 88 -68
41 89 63
41 90 38
41 91 59
41 92 54
41 95 33
41 96 35
41 97 66
41 98 45
42 0 -35
42 1 -25
42 4 -14
42 5 -57
42 7 -2
42 8 -47
42 9 -69
42 10 95
42 11 99
42 12 -90
42 14 29
42 15 -58
42 16 85
42 17 17
42 18 52
42 19 44
42 20 95
42 21 -6
42 22 -14
42 23 -58
42 24 56
42 25 -58
42 26 -91
42 27 62
42 28 -49
42 29 -38
42 30 -84
42 31 -4
42 32 87
42 33 91
42 37 62
42 39 62
42 40 -42
42 41 49
42 42 -38
42 43 41
42 44 -68
42 45 93
42 46 47
42 47 -3
42 48 -12
42 50 -35
42 51 96
42 52 -81
42 53 24
42 54 -93
42 55 28
42 57 -28
42 59 -48
42 60 -9
42 62 -53
42 63 10
42 64 62
42 65 -45
42 66 11
42 67 97
42 68 -33
42 70 84
42 71 -9
42 73 -67
42 74 -98
42 75 -73
42 76 -83
42 77 -95
42 78 95
42 79 -19
42 81 90
42 82 59
42 83 84
42 84 21
42 85 -54
42 86 -67
42 87 42
42 88 90
42 89 -68
42 90 7
42 91 -48
42 92 15
42 93 88
42 94 -81
42 95 33
42 97 92
42 98 -77
43 0 -40
43 1 87
43 2 93
43 4 9
43 5 90
43 6 57
43 7 25
43 9 71
43 10 -47
43 11 84
43 12 45
43 15 29
43 17 82
43 18 -93
43 20 88
43 21 90
43 22 1
43 23 51
43 24 -87
43 26 -29
43 28 -74
43 29 -68
43 30 -35
43 31 -56
43 32 -62
43 33 52
43 34 -55
43 35 78
43 36 90
43 37 -43
43 38 95
43 39 -46
43 40 -53
43 42 36
43 43 -93
43 44 80
43 45 -41
43 46 18
43 47 95
43 50 -38
43 51 -25
43 52 -62
43 53 -49
43 54 17
43 55 98
43 56 -84
43 57 22
43 58 -20
43 59 -57
43 60 -30
43 61 -43
43 62 -87
43 63 -17
43 64 7
43 65 -5
43 66 70
43 67 35
43 68 60
43 69 54
43 70 -59
43 71 -79
43 73 -71
43 74 -9
43 75 59
43 76 -84
43 77 -87
43 78 -24
43 79 -96
43 80 4
43 82 65
43 83 -96
43 84 10
43 85 -91
43 86 25
43 87 -29
43 88 -39
43 89 15
43 90 -84
43 91 -64
43 92 -5
43 93 73
43 95 -74
43 96 -12
43 97 2
43 98 89
43 99 -78
44 0 -26
44 1 -51
44 2 -64
44 4 -30
44 5 -1
44 6 -2
44 7 -32
44 8 -64
44 9 26
44 10 -24
44 11 -89
44 12 87
44 13 88
44 14 -41
44 15 23
44 16 17
44 17 -60
44 18 -96
44 19 -2
44 21 -33
44 22 86
44 23 -1
44 24 -67
44 26 -28
44 28 -97
44 29 -27
44 30 -70
44 32 -82
44 33 -82
44 34 41
44 35 60
44 36 1
44 37 89
44 38 55
44 39 -13
44 40 83
44 44 -89
44 45 2
44 46 -93
44 47 44
44 48 71
44 49 -71
44 50 -49
44 51 -68
44 52 -3
44 53 -42
44 54 12
44 55 -25
44 56 -15
44 57 -13
44 58 -89
44 59 64
44 60 -11
44 61 -60
44 62 -99
44 64 -2
44 66 99
44 67 63
44 68 30
44 69 77
44 70 -42
44 71 87
44 72 97
44 73 -36
44 74 5
44 75 -39
44 76 27
44 77 60
44 78 -68
44 79 18
44 80 -83
44 81 70
44 82 97
44 83 93
44 84 50
44 85 -58
44 86 73
44 87 56
44 88 -98
44 89 69
44 90 8
44 91 -28
44 92 -95
44 94 -15
44 97 -14
44 98 -48
44 99 -93
45 1 -29
45 3 43
45 4 44
45 5 17
45 8 -33
45 9 -35
45 10 53
45 11 22
45 12 47
45 14 -96
45 15 75
45 16 44
45 17 -67
45 18 -98
45 19 -45
45 20 -62
45 21 22
45 22 60
45 23 -7
45 24 26
45 25 88
45 27 -22
45 28 71
45 29 43
45 30 -64
45 31 71
45 34 8
45 35 70
45 36 -76
45 37 -25
45 38 -85
45 40 -21
45 41 -71
45 43 39
45 44 -52
45 45 -64
45 46 92
45 47 -8
45 48 -92
45 49 -78
45 50 -57
45 52 26
45 53 -17
45 54 -67
45 55 -83
45 57 -37
45 58 43
45 59 -76
45 60 98
45 61 -83
45 62 10
45 64 62
45 65 32
45 66 -79
45 68 -45
45 69 39
45 70 62
45 73 -33
45 74 -18
45 75 -70
45 76 -92
45 79 7
45 80 -85
45 82 86
45 83 -64
45 84 11
45 85 -91
45 86 67
45 87 26
45 88 -65
45 90 -80
45 91 37
45 95 10
45 96 -61
45 97 55
45 98 -13
46 1 22
46 2 14
46 3 98
46 4 77
46 5 31
46 6 -74
46 7 20
46 8 -43
46 9 -85
46 10 90
46 11 -84
46 12 -81
46 13 95
46 14 71
46 15 71
46 16 -81
46 17 -100
46 18 -61
46 19 -20
46 20 -49
46 21 15
46 22 32
46 23 67
46 25 -33
46 26 66
46 27 71
46 28 15
46 30 -57
46 31 -48
46 33 67
46 35 -1
46 36 73
46 37 28
46 38 -37
46 39 -74
46 40 -66
46 42 79
46 44 70
46 45 -41
46 46 98
46 47 71
46 49 85
46 51 -21
46 52 -25
46 54 -26
46 55 -50
46 56 -37
46 58 13
46 60 -52
46 61 -32
46 62 9
46 63 44
46 64 52
46 66 -81
46 67 -83
46 68 57
46 69 -97
46 70 -20
46 71 47
46 72 47
46 73 34
46 74 5
46 75 -48
46 76 -37
46 77 10
46 79 20
46 80 -14
46 82 42
46 84 77
46 85 96
46 86 65
46 87 -11
46 89 54
46 90 85
46 91 41
46 92 -3
46 93 61
46 94 58
46 95 -80
46 96 95
46 97 -22
46 98 -26
46 99 -76
47 0 -7
47 1 -23
47 3 -22
47 4 -4
47 5 -32
47 6 68
47 8 51
47 9 95
47 10 -50
47 11 -70
47 12 69
47 13 49
47 14 59
47 15 -35
47 16 -40
47 17 15
47 18 -54
47 19 -26
47 20 -73
47 21 61
47 22 27
47 23 95
47 24 66
47 25 7
47 26 45
47 28 -39
47 30 74
47 31 -99
47 32 -44
47 33 8
47 35 44
47 36 -93
47 37 3
47 38 -69
47 39 -71
47 42 18
47 43 -82
47 44 -92
47 45 -5
47 46 82
47 47 -47
47 48 41
47 49 -33
47 50 81
47 51 56
47 52 84
47 53 -16
47 54 -19
47 55 3
47 56 -91
47 59 -28
47 60 -12
47 61 -100
47 63 40
47 64 -86
47 65 6
47 66 21
47 67 -78
47 68 -57
47 69 -77
47 70 -22
47 71 91
47 72 20
47 74 100
47 76 38
47 77 -21
47 78 70
47 80 70
47 81 7
47 82 11
47 84 -23
47 85 3
47 86 7
47 87 79
47 88 -80
47 90 50
47 91 -72
47 92 92
47 93 93
47 94 -68
47 95 -67
47 96 -58
47 97 7
48 0 -7
48 1 65
48 2 2
48 4 14
48 5 72
48 8 37
48 11 -16
48 12 -6
48 13 22
48 14 -94
48 15 5
48 16 72
48 17 91
48 18 1
48 19 1
48 21 -33
48 22 1
48 23 94
48 24 8
48 25 25
48 26 -16
48 27 20
48 28 49
48 29 70
48 31 46
48 32 13
48 33 98
48 34 -100
48 35 -86
48 37 61
48 38 70
48 39 -72
48 40 21
48 41 -91
48 42 -81
48 44 7
48 45 -52
48 48 71
48 49 30
48 51 59
48 52 -96
48 53 -19
48 54 -80
48 55 96
48 56 -38
48 57 47
48 58 -68
48 60 -100
48 61 9
48 62 -32
48 63 -14
48 64 -22
48 65 -44
48 67 5
48 68 -75
48 69 -43
48 70 84
48 71 75
48 72 -48
48 73 59
48 74 74
48 75 -35
48 77 61
48 79 -76
48 80 -70
48 81 68
48 84 33
48 86 50
48 87 70
48 88 -99
48 89 -36
48 91 -82
48 93 -55
48 94 -71
48 95 -84
48 96 23
48 97 -30
48 98 96
48 99 87
49 0 -7
49 2 52
49 3 -63
49 5 -39
49 6 -7
49 8 76
49 10 -96
49 11 72
49 12 -74
49 14 21
49 15 77
49 16 71
49 18 2
49 19 26
49 20 -1
49 21 69
49 22 13
49 23 -68
49 24 56
49 25 38
49 26 -39
49 27 32
49 29 87
49 30 -62
49 31 77
49 32 -90
49 33 48
49 34 63
49 35 -39
49 36 60
49 37 -10
49 38 65
49 39 99
49 41 67
49 42 32
49 43 83
49 44 -92
49 45 -40
49 46 -60
49 47 32
49 48 -1
49 49 77
49 50 11
49 51 23
49 52 98
49 53 81
49 54 29
49 56 7
49 57 -59
49 59 3
49 60 1
49 61 -51
49 62 83
49 63 -49
49 64 -11
49 65 14
49 66 24
49 68 73
49 72 -53
49 73 -30
49 76 -45
49 78 13
49 79 -66
49 82 -93
49 83 -94
49 85 -3
49 87 -14
49 88 -60
49 89 -84
49 90 -69
49 91 44
49 92 56
49 93 -28
49 94 9
49 95 77
49 96 73
49 97 -9
49 98 -79
49 99 -66
50 0 77
50 1 -2
50 3 -94
50 4 -67
50 5 -16
50 6 -20
50 7 25
50 8 100
50 9 57
50 10 14
50 11 -12
50 12 -85
50 13 3
50 14 23
50 16 -68
50 18 -87
50 20 -92
50 21 75
50 22 98
50 23 19
50 24 16
50 25 -26
50 26 16
50 27 28
50 29 68
50 30 -26
50 32 62
50 33 27
50 34 -80
50 35 -32
50 36 -17
50 37 35
50 38 56
50 39 -5
50 41 73
50 42 39
50 43 -22
50 44 -70
50 45 22
50 47 17
50 48 -57
50 49 -40
50 50 18
50 51 30
50 52 49
50 53 71
50 54 26
50 55 -92
50 56 -28
50 57 -76
50 60 -66
50 61 12
50 62 -14
50 64 -28
50 65 89
50 66 19
50 67 -42
50 68 -48
50 69 -80
50 70 -50
50 72 81
50 73 -56
50 74 -54
50 75 40
50 76 -8
50 78 -37
50 79 -89
50 80 -74
50 81 95
50 82 78
50 83 -58
50 85 -29
50 86 -85
50 87 -79
50 89 82
50 90 25
50 91 1
50 92 46
50 93 -56
50 94 54
50 95 -11
50 96 63
50 97 -78
50 99 -4
51 2 -20
51 5 92
51 6 -58
51 7 -75
51 8 8
51 9 -71
51 10 18
51 11 78
51 12 10
51 14 -98
51 15 -19
51 16 -31
51 17 -11
51 18 41
51 19 25
51 20 -5
51 21 -72
51 23 -53
51 24 58
51 25 -52
51 26 -38
51 27 -50
51 28 -39
51 30 -32
51 31 51
51 32 -42
51 33 48
51 34 -12
51 35 -16
51 36 36
51 37 20
51 38 -100
51 40 -84
51 41 -16
51 43 -20
51 44 -59
51 45 -17
51 47 -13
51 48 75
51 49 -21
51 51 -77
51 52 86
51 53 63
51 54 89
51 55 -82
51 56 56
51 57 -43
51 58 10
51 59 -86
51 60 34
51 61 -21
51 62 -20
51 63 17
51 64 32
51 66 67
51 67 91
51 69 63
51 70 14
51 71 -12
51 72 -12
51 73 26
51 74 -35
51 75 12
51 78 -62
51 79 52
51 81 -17
51 82 54
51 83 19
51 84 56
51 85 -76
51 86 -24
51 88 85
51 89 -66
51 90 14
51 91 79
51 92 89
51 93 67
51 95 97
51 96 11
51 97 55
51 98 92
51 99 -87
52 0 78
52 1 -35
52 2 73
52 3 6
52 4 -26
52 6 -65
52 7 61
52 8 -52
52 9 38
52 10 55
52 11 -85
52 12 24
52 13 -58
52 14 3
52 15 -92
52 16 78
52 17 -42
52 18 61
52 19 -29
52 20 29
52 21 16
52 22 -38
52 23 2
52 24 -14
52 26 -49
52 27 -2
52 28 -15
52 29 -23
52 30 17
52 31 26
52 32 95
52 35 -37
52 36 -77
52 37 91
52 38 33
52 39 51
52 40 97
52 42 -44
52 43 5
52 44 6
52 45 17
52 46 -16
52 47 -46
52 48 72
52 49 95
52 53 70
52 55 55
52 57 83
52 58 -54
52 59 -33
52 60 28
52 61 83
52 62 -60
52 63 40
52 64 5
52 65 -5
52 66 50
52 68 -51
52 69 17
52 70 -33
52 71 -50
52 72 -63
52 73 -17
52 74 72
52 76 -13
52 77 -30
52 78 -41
52 81 -44
52 82 -59
52 83 -75
52 84 15
52 86 14
52 87 -36
52 88 -65
52 89 -48
52 90 29
52 92 53
52 93 28
52 94 -36
52 95 26
52 97 -87
52 98 18
52 99 17
53 1 85
53 3 38
53 4 -64
53 5 59
53 6 77
53 7 59
53 8 -96
53 9 -69
53 10 23
53 11 74
53 13 -3
53 15 42
53 16 84
53 17 -51
53 18 -4
53 20 -57
53 21 -66
53 22 -88
53 23 16
53 24 29
53 25 -89
53 26 -4
53 27 62
53 29 42
53 30 -22
53 31 -39
53 35 90
53 36 63
53 37 67
53 38 -44
53 39 -3
53 41 -77
53 42 -80
53 43 91
53 44 -88
53 45 -38
53 46 90
53 47 -84
53 48 82
53 49 86
53 50 -41
53 51 53
53 52 -74
53 53 -5
53 54 2
53 55 -73
53 56 16
53 57 50
53 58 31
53 59 81
53 60 -72
53 61 17
53 62 -89
53 63 -64
53 64 73
53 67 52
53 68 -90
53 69 18
53 71 80
53 72 -4
53 73 -49
53 74 2
53 75 -34
53 77 32
53 79 -29
53 80 -39
53 81 -57
53 83 -59
53 84 50
53 86 16
53 87 77
53 88 -31
53 89 -10
53 90 6
53 92 16
53 93 -33
53 94 74
53 95 -95
53 97 4
53 98 46
54 1 -14
54 2 90
54 3 -78
54 4 41
54 5 81
54 6 -64
54 7 50
54 8 -56
54 9 37
54 10 -8
54 11 -19
54 12 -88
54 13 7
54 15 71
54 16 31
54 17 37
54 18 93
54 19 96
54 20 71
54 21 7
54 23 -36
54 24 -25
54 25 -90
54 27 93
54 28 -84
54 29 2
54 30 70
54 31 -50
54 32 90
54 33 -76
54 39 73
54 41 51
54 42 -53
54 43 18
54 44 -38
54 46 35
54 47 34
54 48 -38
54 49 -44
54 50 -52
54 52 21
54 53 45
54 54 86
54 56 37
54 57 96
54 59 -88
54 61 2
54 63 25
54 65 -85
54 67 35
54 68 42
54 69 -97
54 70 -66
54 71 12
54 72 15
54 73 39
54 74 96
54 75 -55
54 77 -12
54 78 42
54 80 85
54 81 11
54 82 93
54 83 -56
54 84 42
54 85 41
54 86 29
54 87 20
54 88 -80
54 89 48
54 90 98
54 91 -21
54 93 -64
54 95 65
54 96 1
54 97 8
54 99 26
55 0 61
55 1 83
55 3 8
55 4 -96
55 5 -100
55 6 99
55 7 -35
55 9 -75
55 10 -38
55 11 6
55 13 8
55 14 -79
55 15 -65
55 16 37
55 17 -66
55 18 72
55 19 -93
55 20 30
55 21 -23
55 22 -62
55 23 -52
55 24 92
55 26 -70
55 27 -29
55 29 33
55 30 27
55 31 82
55 32 63
55 35 -2
55 36 -45
55 37 -27
55 38 94
55 39 -79
55 42 -8
55 43 -68
55 47 -87
55 48 -22
55 49 20
55 50 55
55 51 -35
55 52 -5
55 53 -27
55 54 -92
55 56 69
55 57 -67
55 58 27
55 59 73
55 60 -76
55 61 -66
55 62 -99
55 63 -48
55 64 11
55 65 16
55 66 22
55 67 -90
55 68 85
55 69 -51
55 70 44
55 71 7
55 72 -52
55 73 -48
55 74 90
55 77 12
55 78 33
55 79 4
55 80 21
55 81 -4
55 82 85
55 83 -24
55 85 58
55 86 -95
55 87 71
55 88 -55
55 89 -92
55 90 53
55 91 6
55 92 -52
55 93 87
55 94 -66
55 95 -19
55 97 -78
55 98 15
55 99 -18
56 1 43
56 2 47
56 3 58
56 4 96
56 5 -2
56 7 -18
56 8 97
56 9 32
56 11 30
56 12 -87
56 13 92
56 14 28
56 16 60
56 17 88
56 18 74
56 19 73
56 20 4
56 21 74
56 22 31
56 23 -83
56 24 50
56 25 76
56 26 79
56 27 14
56 28 84
56 29 43
56 30 -95
56 31 -19
56 32 -9
56 33 49
56 34 50
56 35 41
56 39 -14
56 40 -65
56 41 -23
56 42 -12
56 43 -90
56 44 -84
56 45 33
56 46 -4
56 47 96
56 48 37
56 49 -70
56 51 44
56 52 44
56 54 34
56 56 86
56 57 71
56 58 16
56 59 37
56 60 -94
56 61 3
56 62 68
56 63 -62
56 64 23
56 65 -15
56 66 22
56 67 -78
56 68 -85
56 69 47
56 70 -58
56 71 -7
56 72 13
56 73 -54
56 74 -69
56 75 27
56 77 88
56 78 -81
56 79 72
56 80 -64
56 81 -26
56 82 8
56 84 57
56 85 31
56 86 40
56 87 2
56 88 -6
56 89 -20
56 91 67
56 93 -21
56 95 -37
56 96 -45
56 97 -58
56 98 14
56 99 -33
57 0 95
57 1 -64
57 2 -51
57 3 -21
57 4 12
57 5 -42
57 6 -99
57 7 -26
57 8 22
57 9 98
57 10 -24
57 11 -4
57 13 -65
57 15 85
57 16 54
57 17 11
57 18 -55
57 19 -49
57 20 -31
57 21 58
57 22 44
57 23 -44
57 24 65
57 25 -12
57 26 19
57 28 -67
57 29 98
57 30 90
57 31 -50
57 32 28
57 33 -28
57 34 -4
57 35 -15
57 36 68
57 37 90
57 38 -11
57 39 3
57 40 -49
57 42 -51
57 43 -66
57 44 -92
57 45 98
57 46 -94
57 47 47
57 48 -95
57 49 -56
57 50 -85
57 51 21
57 52 46
57 53 -47
57 54 69
57 56 31
57 57 34
57 58 99
57 59 -15
57 61 -22
57 62 77
57 63 -93
57 64 6
57 66 91
57 67 37
57 68 -6
57 69 -16
57 70 -70
57 71 -62
57 72 93
57 73 21
57 74 -42
57 75 13
57 76 26
57 77 -18
57 78 100
57 79 36
57 81 53
57 82 10
57 83 16
57 84 45
57 85 71
57 86 89
57 87 -57
57 88 37
57 89 48
57 91 -17
57 92 46
57 93 -40
57 94 17
57 95 65
57 97 72
57 98 14
58 0 18
58 1 -100
58 2 8
58 3 36
58 4 3
58 6 18
58 7 -82
58 9 89
58 10 -1
58 11 16
58 13 13
58 14 53
58 15 65
58 16 -43
58 18 38
58 19 -22
58 20 -65
58 21 -27
58 22 -9
58 23 46
58 24 86
58 25 50
58 26 48
58 27 -31
58 29 -18
58 31 -92
58 33 -44
58 34 43
58 35 -15
58 36 -81
58 37 49
58 38 100
58 39 -58
58 41 -40
58 42 38
58 43 -35
58 44 8
58 45 -70
58 46 -7
58 47 64
58 48 -97
58 49 -43
58 50 -24
58 52 -76
58 54 24
58 55 26
58 57 94
58 58 -97
58 59 13
58 60 93
58 61 -67
58 62 -5
58 63 -48
58 64 71
58 65 88
58 66 78
58 67 80
58 69 -76
58 72 -50
58 73 67
58 74 -76
58 75 98
58 76 7
58 77 -36
58 78 75
58 79 -81
58 80 -76
58 81 -6
58 83 -12
58 84 37
58 86 -73
58 87 65
58 88 47
58 90 -30
58 91 -74
58 92 -8
58 93 -44
58 94 -70
58 95 -74
58 97 38
58 98 71
58 99 94
59 0 61
59 1 -79
59 2 83
59 4 -53
59 5 -9
59 6 72
59 8 99
59 9 -40
59 10 -36
59 12 84
59 13 1
59 14 50
59 15 -76
59 16 -96
59 17 -7
59 18 16
59 19 4
59 20 39
59 21 -47
59 22 -42
59 23 62
59 24 26
59 25 -91
59 26 -49
59 27 73
59 28 58
59 29 -71
59 30 92
59 31 14
59 32 88
59 33 56
59 34 -54
59 35 49
59 37 78
59 38 35
59 39 22
59 40 -13
59 41 -5
59 42 65
59 44 -62
59 45 89
59 46 -61
59 48 37
59 49 45
59 50 70
59 51 -95
59 52 -14
59 53 2
59 54 -87
59 55 -36
59 56 -19
59 57 67
59 58 -73
59 59 85
59 60 17
59 62 -51
59 63 47
59 64 37
59 65 67
59 67 3
59 68 35
59 69 -30
59 70 -45
59 71 -15
59 72 -7
59 73 82
59 74 84
59 75 97
59 76 95
59 77 -86
59 78 -23
59 79 -91
59 80 90
59 82 97
59 83 -98
59 84 89
59 85 33
59 86 48
59 88 -19
59 90 -42
59 91 -8
59 92 8
59 93 -95
59 94 -72
59 96 -20
59 97 -18
59 98 -6
60 0 -74
60 1 95
60 3 46
60 4 39
60 5 -31
60 6 17
60 7 -11
60 8 57
60 9 -76
60 10 -31
60 11 10
60 12 76
60 13 36
60 14 -59
60 15 -23
60 16 84
60 17 18
60 18 -40
60 20 -51
60 21 -35
60 23 -71
60 24 70
60 25 6
60 26 -30
60 27 -17
60 28 25
60 29 18
60 30 21
60 32 -62
60 33 -81
60 34 -70
60 35 37
60 36 41
60 37 -57
60 39 -68
60 40 20
60 41 57
60 42 -65
60 43 -31
60 44 86
60 45 -31
60 46 -97
60 47 31
60 48 18
60 49 -59
60 50 -56
60 51 -91
60 52 -73
60 53 -81
60 54 43
60 55 -31
60 57 -25
60 59 72
60 60 61
60 62 -63
60 63 -5
60 64 -86
60 65 100
60 67 18
60 68 -63
60 69 -17
60 70 12
60 72 -59
60 74 -5
60 75 59
60 76 28
60 77 -97
60 78 -13
60 79 -81
60 80 -70
60 81 -91
60 82 -12
60 83 66
60 84 62
60 85 90
60 86 33
60 87 -49
60 88 -25
60 89 100
60 91 4
60 92 -95
60 93 77
60 94 -59
60 95 91
60 96 69
60 97 73
60 98 -49
60 99 -21
61 0 18
61 1 28
61 3 -41
61 4 47
61 6 21
61 7 -48
61 8 67
61 9 -46
61 11 -79
61 13 -62
61 15 -55
61 16 59
61 17 41
61 18 51
61 20 -40
61 22 -29
61 23 -62
61 25 -2
61 26 -82
61 27 -35
61 29 63
61 30 13
61 31 48
61 32 83
61 33 23
61 34 37
61 35 39
61 36 -86
61 37 40
61 38 -45
61 39 48
61 40 75
61 41 -82
61 42 -26
61 43 -73
61 45 24
61 46 -98
61 47 32
61 48 -96
61 49 66
61 50 -21
61 51 19
61 52 14
61 54 -61
61 56 -2
61 57 -72
61 58 91
61 59 29
61 60 40
61 61 -33
61 62 24
61 63 -80
61 64 42
61 65 76
61 66 -81
61 68 4
61 70 30
61 71 32
61 72 -33
61 73 -10
61 74 -52
61 75 2
61 76 -84
61 77 -90
61 78 74
61 79 -45
61 80 -67
61 81 22
61 82 -67
61 83 -73
61 84 -34
61 85 -4
61 86 -27
61 87 49
61 88 -97
61 89 -28
61 90 19
61 92 64
61 94 -8
61 95 -34
61 96 -28
61 97 -16
61 98 -45
61 99 -73
62 0 -35
62 1 67
62 2 -40
62 3 76
62 4 45
62 5 3
62 6 -67
62 7 54
62 8 35
62 9 17
62 10 71
62 11 33
62 12 -47
62 13 33
62 14 -56
62 15 28
62 16 -75
62 17 -71
62 18 20
62 19 -47
62 20 -63
62 21 95
62 22 -82
62 23 4
62 24 -65
62 25 61
62 26 -92
62 27 -53
62 28 26
62 29 43
62 31 -26
62 33 94
62 34 -62
62 35 -67
62 36 10
62 37 35
62 39 -91
62 41 -11
62 42 -19
62 43 -34
62 44 -75
62 45 82
62 46 61
62 47 45
62 48 5
62 50 -42
62 51 64
62 54 -44
62 55 -1
62 56 55
62 57 7
62 58 -52
62 60 -85
62 61 54
62 63 73
62 64 77
62 65 56
62 66 99
62 67 -17
62 68 8
62 69 36
62 70 -47
62 71 -10
62 72 -35
62 73 -93
62 74 82
62 75 -91
62 76 2
62 77 89
62 78 -81
62 80 81
62 81 72
62 82 -52
62 83 56
62 84 16
62 85 54
62 86 -31
62 87 11
62 88 94
62 89 66
62 90 -16
62 91 -61
62 92 46
62 94 71
62 96 -31
62 98 24
62 99 -30
63 0 -13
63 1 -29
63 2 -87
63 3 19
63 5 71
63 7 -18
63 8 -6
63 9 -94
63 10 -29
63 11 -76
63 12 54
63 14 -18
63 15 23
63 17 11
63 19 -27
63 21 -29
63 23 -81
63 24 -82
63 27 96
63 28 7
63 29 -24
63 30 100
63 31 60
63 33 64
63 35 61
63 36 -88
63 37 -47
63 38 60
63 39 35
63 40 71
63 41 3
63 43 10
63 44 -91
63 45 82
63 46 98
63 48 -92
63 49 26
63 50 80
63 51 -28
63 52 -42
63 53 79
63 54 -59
63 55 86
63 56 68
63 57 -51
63 58 20
63 59 -43
63 60 -88
63 61 -4
63 62 25
63 63 97
63 64 18
63 67 74
63 68 -92
63 69 -80
63 70 -32
63 71 83
63 73 46
63 74 -93
63 75 18
63 76 57
63 77 47
63 78 -59
63 79 91
63 80 -61
63 81 62
63 82 -6
63 83 -86
63 85 -1
63 86 99
63 87 80
63 88 -57
63 89 73
63 90 -67
63 91 -45
63 92 43
63 93 93
63 94 35
63 97 -31
63 98 -41
64 0 76
64 1 55
64 2 35
64 3 -92
64 4 -40
64 5 -45
64 6 -23
64 8 83
64 9 44
64 10 11
64 11 37
64 12 36
64 14 -36
64 15 87
64 16 51
64 17 -27
64 19 26
64 20 -9
64 21 -69
64 22 -38
64 23 -6
64 24 -34
64 25 -64
64 26 74
64 27 3
64 28 18
64 29 -63
64 30 -25
64 31 -39
64 32 95
64 33 28
64 34 -61
64 35 74
64 38 99
64 39 -71
64 40 8
64 41 -72
64 43 -55
64 44 89
64 47 36
64 48 -95
64 49 -79
64 50 36
64 51 44
64 52 78
64 53 52
64 54 8
64 55 -75
64 56 -68
64 58 95
64 60 -14
64 62 -9
64 63 13
64 64 -41
64 65 33
64 66 -57
64 67 5
64 68 59
64 69 -23
64 70 -39
64 71 -15
64 72 -65
64 73 76
64 74 28
64 75 96
64 76 3
64 77 52
64 78 88
64 79 84
64 80 52
64 81 -100
64 82 -16
64 84 -91
64 85 100
64 86 -43
64 88 17
64 89 -93
64 90 77
64 91 92
64 93 69
64 94 83
64 96 66
64 97 -35
64 98 21
64 99 -69
65 0 -50
65 1 71
65 3 -20
65 4 55
65 5 2
65 6 76
65 7 27
65 8 4
65 9 -58
65 11 63
65 12 16
65 13 31
65 14 34
65 16 -80
65 17 81
65 19 13
65 20 39
65 21 92
65 22 42
65 23 -57
65 25 57
65 26 2
65 27 76
65 28 -100
65 29 61
65 30 -25
65 31 -35
65 32 -44
65 33 -30
65 34 34
65 35 17
65 37 5
65 38 -59
65 39 -7
65 40 -25
65 41 -38
65 42 8
65 43 -14
65 45 88
65 46 56
65 47 -74
65 48 51
65 49 69
65 50 94
65 51 90
65 53 81
65 54 45
65 55 -10
65 56 -34
65 57 79
65 58 81
65 59 87
65 60 -40
65 61 -81
65 62 -92
65 63 55
65 64 76
65 65 -27
65 66 -6
65 67 -88
65 69 -51
65 70 33
65 71 17
65 72 60
65 74 -82
65 75 60
65 76 -14
65 77 -53
65 78 29
65 79 86
65 80 -29
65 81 -44
65 82 -51
65 83 -33
65 85 48
65 86 55
65 87 -81
65 88 -17
65 89 -85
65 90 -69
65 92 85
65 93 33
65 94 -7
65 95 58
65 96 87
65 97 -81
65 98 46
65 99 69
66 0 -82
66 2 -70
66 3 -87
66 4 -68
66 6 73
66 7 19
66 8 76
66 9 -62
66 11 65
66 12 -55
66 13 84
66 14 -18
66 15 -86
66 16 -35
66 17 40
66 18 61
66 19 45
66 20 -81
66 21 82
66 22 92
66 23 -21
66 24 66
66 25 83
66 26 34
66 27 50
66 28 -39
66 29 -46
66 30 -81
66 31 70
66 32 -78
66 33 60
66 34 77
66 35 -10
66 36 84
66 37 74
66 38 8
66 39 -61
66 40 -8
66 41 56
66 42 5
66 43 10
66 44 72
66 45 -14
66 47 48
66 48 -26
66 49 -14
66 50 1
66 51 78
66 52 -52
66 53 19
66 54 -93
66 55 -4
66 56 5
66 57 -56
66 58 -91
66 59 76
66 60 -71
66 61 -31
66 63 -50
66 64 -77
66 65 -38
66 66 -46
66 67 -2
66 68 -84
66 69 79
66 71 -60
66 72 44
66 73 -25
66 74 93
66 75 -9
66 76 -38
66 77 35
66 78 -39
66 79 -70
66 80 -74
66 81 -37
66 82 -68
66 83 91
66 84 98
66 85 -43
66 86 87
66 87 -68
66 88 -49
66 89 79
66 90 16
66 91 -19
66 92 -29
66 93 9
66 94 49
66 95 23
66 96 -71
66 97 -38
66 98 64
66 99 41
67 2 60
67 3 99
67 4 46
67 5 -85
67 6 92
67 9 97
67 10 74
67 11 56
67 12 68
67 14 7
67 15 31
67 16 77
67 18 -37
67 19 -30
67 20 79
67 22 -86
67 23 -33
67 24 -1
67 26 6
67 27 78
67 28 -51
67 29 53
67 30 93
67 31 -55
67 32 -5
67 33 -1
67 34 1
67 35 -3
67 36 -40
67 37 51
67 38 53
67 39 34
67 40 92
67 41 -48
67 43 -100
67 44 -21
67 45 -85
67 47 92
67 48 91
67 49 -25
67 50 93
67 51 48
67 52 81
67 53 79
67 54 -53
67 55 97
67 56 -20
67 57 59
67 59 -45
67 60 48
67 61 100
67 62 40
67 63 44
67 64 -94
67 65 -4
67 66 24
67 67 -40
67 68 -60
67 69 73
67 70 -14
67 71 96
67 72 -66
67 73 -57
67 74 -58
67 76 -58
67 77 -96
67 78 88
67 79 61
67 80 -54
67 81 -42
67 82 91
67 84 75
67 85 -35
67 86 -43
67 88 63
67 89 -10
67 90 55
67 91 20
67 92 61
67 93 71
67 94 -55
67 96 37
67 97 19
67 99 -12
68 0 -76
68 1 93
68 2 -65
68 5 12
68 6 -56
68 7 59
68 8 84
68 9 23
68 10 64
68 12 75
68 13 39
68 14 24
68 15 69
68 17 2
68 18 34
68 19 -56
68 20 -98
68 21 -35
68 22 78
68 23 16
68 24 24
68 25 72
68 26 -80
68 27 97
68 29 69
68 30 -80
68 32 10
68 33 -34
68 34 35
68 35 -50
68 36 -87
68 37 -19
68 38 -35
68 39 73
68 40 -8
68 41 -82
68 42 -74
68 43 -18
68 44 79
68 46 84
68 47 40
68 48 -34
68 49 -14
68 51 31
68 54 32
68 55 97
68 57 -81
68 58 -14
68 59 11
68 60 -48
68 61 81
68 62 -90
68 63 5
68 64 12
68 66 12
68 67 -44
68 68 -82
68 69 -43
68 70 76
68 71 -38
68 72 92
68 74 86
68 75 58
68 76 -94
68 77 78
68 78 71
68 79 -76
68 80 42
68 81 -57
68 82 -82
68 83 -67
68 84 -92
68 85 14
68 86 -57
68 87 -57
68 88 -64
68 90 45
68 91 66
68 92 -54
68 93 12
68 94 93
68 95 22
68 96 10
68 97 -65
68 99 76
69 1 -7
69 2 56
69 3 17
69 4 49
69 5 -51
69 6 84
69 9 36
69 10 53
69 11 -84
69 12 72
69 14 51
69 15 -57
69 16 -1
69 18 45
69 20 -59
69 21 -29
69 22 51
69 23 -61
69 24 50
69 25 47
69 26 -52
69 27 43
69 28 -80
69 29 62
69 31 30
69 32 98
69 33 55
69 34 -59
69 35 -1
69 36 31
69 37 99
69 38 75
69 39 66
69 40 -60
69 41 -19
69 42 -25
69 43 93
69 44 -2
69 45 -87
69 46 63
69 47 -15
69 48 -100
69 49 20
69 50 43
69 51 28
69 52 59
69 55 84
69 57 5
69 58 -34
69 59 -38
69 60 -17
69 61 -84
69 62 -11
69 63 -24
69 64 -43
69 65 -15
69 66 11
69 68 85
69 69 -76
69 71 -94
69 72 -27
69 73 20
69 74 4
69 75 -91
69 76 -30
69 77 31
69 79 -16
69 80 73
69 81 -40
69 84 65
69 85 -39
69 87 93
69 88 -36
69 89 13
69 91 -50
69 92 6
69 93 -11
69 94 -75
69 95 -59
69 96 44
69 97 -86
69 98 -7
70 0 23
70 1 52
70 2 49
70 3 -25
70 4 85
70 5 86
70 6 52
70 7 -33
70 8 14
70 10 -42
70 11 -84
70 12 -3
70 13 1
70 14 -25
70 15 -26
70 16 -63
70 17 -44
70 18 -88
70 19 -32
70 20 -7
70 21 -73
70 22 -76
70 23 -61
70 24 3
70 25 53
70 27 34
70 28 -21
70 29 -28
70 30 27
70 31 31
70 32 99
70 33 41
70 35 79
70 36 35
70 37 42
70 38 -23
70 39 -1
70 40 -34
70 41 -72
70 42 67
70 43 69
70 44 86
70 46 -36
70 47 12
70 49 -95
70 50 -62
70 52 32
70 54 19
70 56 21
70 58 1
70 59 83
70 60 -94
70 61 20
70 62 78
70 64 -9
70 65 78
70 66 -16
70 67 -82
70 69 67
70 72 -61
70 73 -40
70 74 -80
70 75 -63
70 76 47
70 77 -3
70 78 14
70 79 76
70 80 20
70 81 73
70 83 -48
70 84 57
70 85 -41
70 87 70
70 88 -30
70 90 -21
70 93 -57
70 94 -22
70 95 -12
70 96 -10
70 97 65
70 99 53
71 0 77
71 2 46
71 3 29
71 4 -54
71 6 27
71 7 -86
71 8 20
71 9 16
71 10 -76
71 11 -43
71 12 59
71 13 32
71 14 28
71 15 16
71 16 -39
71 17 -10
71 18 -88
71 19 -66
71 20 -42
71 22 29
71 23 15
71 24 -9
71 26 -63
71 27 26
71 28 60
71 30 11
71 32 75
71 33 28
71 34 -86
71 37 -58
71 38 -65
71 39 -98
71 41 42
71 42 -13
71 43 5
71 44 -31
71 45 -70
71 46 42
71 47 14
71 48 -23
71 49 81
71 50 -22
71 51 -63
71 52 61
71 53 -55
71 54 -63
71 55 -56
71 56 16
71 59 -84
71 60 -69
71 61 47
71 62 -49
71 63 47
71 64 -67
71 65 41
71 67 23
71 69 -68
71 70 28
71 71 -72
71 73 -21
71 75 -80
71 77 -67
71 78 -55
71 79 -28
71 81 -34
71 82 -29
71 83 -30
71 84 -51
71 85 11
71 86 -98
71 87 -69
71 88 -72
71 89 -75
71 90 -16
71 91 -68
71 93 35
71 95 -9
71 96 72
71 97 -31
71 98 -35
71 99 -13
72 0 -11
72 1 -61
72 2 13
72 3 66
72 5 -100
72 6 -82
72 7 41
72 8 -40
72 9 38
72 10 -83
72 11 28
72 12 100
72 13 -26
72 14 67
72 16 -52
72 17 45
72 18 45
72 19 10
72 20 2
72 22 -4
72 23 54
72 25 -49
72 26 -61
72 27 93
72 28 82
72 31 -45
72 32 -80
72 33 74
72 34 -65
72 35 -73
72 36 83
72 37 50
72 38 -42
72 39 78
72 40 2
72 41 -89
72 42 95
72 43 83
72 44 35
72 45 -21
72 47 -1
72 48 38
72 49 38
72 54 -1
72 55 -58
72 56 51
72 57 68
72 58 54
72 59 -26
72 60 86
72 61 -56
72 62 -48
72 63 -62
72 64 -69
72 65 -66
72 66 -12
72 67 -69
72 68 -21
72 69 97
72 70 -50
72 71 10
72 73 89
72 74 15
72 75 -82
72 76 36
72 77 -53
72 78 93
72 79 -57
72 81 99
72 82 -26
72 83 72
72 85 15
72 86 85
72 87 75
72 88 84
72 89 -84
72 90 -69
72 91 35
72 92 -92
72 93 -71
72 94 66
72 96 15
72 97 -61
72 98 -18
72 99 -46
73 0 76
73 3 50
73 5 11
73 6 -70
73 7 88
73 8 -84
73 9 -11
73 10 69
73 11 28
73 12 29
73 13 52
73 14 16
73 15 -45
73 17 85
73 18 -44
73 20 41
73 21 -12
73 22 -98
73 23 89
73 24 -62
73 25 -66
73 26 -32
73 27 13
73 29 99
73 30 -3
73 31 -79
73 32 64
73 33 -92
73 34 -70
73 35 -97
73 37 -95
73 38 79
73 41 -78
73 42 2
73 43 20
73 44 49
73 45 19
73 46 80
73 47 63
73 48 -59
73 50 -14
73 51 36
73 52 -72
73 54 -79
73 56 -53
73 57 -95
73 58 -20
73 59 83
73 61 -18
73 63 72
73 64 -53
73 67 16
73 69 94
73 70 -12
73 72 -53
73 74 -32
73 75 31
73 77 -51
73 78 -89
73 80 79
73 82 -2
73 83 61
73 86 49
73 88 30
73 89 -5
73 90 6
73 91 -65
73 92 28
73 93 -26
73 94 -95
73 96 -97
73 97 -85
73 98 -64
73 99 -100
74 0 93
74 1 -57
74 3 -98
74 5 21
74 6 -41
74 7 61
74 8 84
74 9 -1
74 10 -13
74 11 69
74 12 -83
74 13 81
74 14 -61
74 16 -21
74 17 -74
74 18 44
74 19 -61
74 20 59
74 21 -19
74 22 -70
74 23 96
74 24 89
74 25 68
74 26 -96
74 27 -29
74 28 59
74 30 -5
74 32 -92
74 33 -91
74 34 71
74 35 -89
74 36 -87
74 37 -53
74 38 19
74 40 -64
74 41 -73
74 42 50
74 43 47
74 44 4
74 45 -37
74 46 -5
74 47 29
74 50 3
74 51 -54
74 52 -99
74 53 26
74 54 -95
74 55 45
74 58 94
74 61 44
74 62 -2
74 65 6
74 66 94
74 67 49
74 68 -1
74 69 -98
74 70 93
74 71 -58
74 72 64
74 73 -52
74 74 6
74 76 24
74 77 -43
74 78 96
74 79 -100
74 81 7
74 82 34
74 83 11
74 84 -47
74 86 69
74 87 -32
74 88 -9
74 89 -67
74 90 -19
74 91 -99
74 93 -78
74 94 -85
74 95 28
74 96 -58
74 97 47
74 98 67
74 99 -16
75 0 32
75 1 88
75 2 -26
75 3 40
75 4 -30
75 6 57
75 7 -6
75 10 -70
75 11 -54
75 12 17
75 13 19
75 14 7
75 16 63
75 17 98
75 18 -54
75 20 39
75 21 27
75 22 -56
75 23 42
75 25 -3
75 27 -45
75 28 98
75 29 -26
75 30 53
75 31 -35
75 32 -9
75 33 -31
75 34 -99
75 36 -57
75 37 -2
75 39 70
75 41 35
75 43 72
75 44 -43
75 45 39
75 46 -8
75 47 -52
75 48 -14
75 49 1
75 50 -30
75 52 87
75 53 -14
75 56 -9
75 57 -71
75 58 -100
75 59 -9
75 60 22
75 61 -21
75 62 91
75 63 89
75 64 74
75 65 -64
75 66 -19
75 68 7
75 70 -96
75 71 -52
75 72 -28
75 73 36
75 74 35
75 75 -94
75 76 -26
75 77 25
75 78 49
75 79 -1
75 80 45
75 82 -77
75 83 -25
75 84 -12
75 85 78
75 86 -72
75 87 63
75 88 69
75 90 -52
75 91 -100
75 92 -75
75 93 -69
75 94 66
75 95 -46
75 96 41
75 97 38
76 0 -69
76 1 -74
76 2 -90
76 4 70
76 5 77
76 6 -91
76 7 93
76 8 -83
76 9 -92
76 10 82
76 11 78
76 12 13
76 13 -40
76 14 -65
76 15 -78
76 17 -26
76 18 2
76 19 -13
76 20 81
76 21 83
76 23 -84
76 24 -52
76 25 -5
76 26 -27
76 27 -89
76 28 50
76 30 -58
76 31 -42
76 32 -98
76 33 -95
76 34 -72
76 35 35
76 36 22
76 37 -86
76 38 -29
76 39 -37
76 40 -30
76 41 11
76 42 -69
76 43 74
76 47 -47
76 48 -8
76 49 -52
76 50 -87
76 51 -53
76 52 -8
76 53 96
76 54 -100
76 55 -61
76 56 30
76 57 -26
76 58 23
76 59 -32
76 60 43
76 61 -45
76 63 -22
76 64 -91
76 65 -79
76 66 92
76 67 -88
76 68 58
76 69 56
76 70 -4
76 71 5
76 72 31
76 73 59
76 74 -81
76 75 -90
76 76 89
76 77 96
76 78 -98
76 79 20
76 80 68
76 81 20
76 84 91
76 86 -50
76 87 48
76 88 61
76 89 -32
76 90 -34
76 91 66
76 92 -24
76 93 -89
76 94 66
76 95 58
76 96 -35
76 97 -27
76 98 -7
76 99 13
77 0 7
77 1 -61
77 2 55
77 4 30
77 6 19
77 7 15
77 8 -40
77 9 -97
77 12 47
77 13 2
77 14 69
77 15 13
77 16 98
77 18 64
77 19 33
77 20 95
77 21 14
77 22 -8
77 24 -22
77 25 8
77 26 -25
77 27 98
77 28 -85
77 29 -72
77 30 -6
77 32 29
77 35 35
77 36 -31
77 37 77
77 39 -27
77 41 -95
77 43 65
77 44 27
77 46 24
77 47 78
77 48 32
77 49 88
77 50 79
77 51 -20
77 52 -2
77 53 90
77 55 70
77 57 94
77 59 -10
77 60 26
77 61 57
77 62 59
77 63 -85
77 64 6
77 66 85
77 68 -40
77 69 58
77 70 36
77 71 -91
77 73 77
77 75 -30
77 76 42
77 77 -8
77 79 -52
77 80 87
77 81 40
77 83 -36
77 85 -22
77 86 53
77 87 -89
77 88 -1
77 89 38
77 91 -64
77 92 -38
77 93 -48
77 94 -55
77 95 94
77 96 -32
77 97 69
77 98 -79
77 99 45
78 0 -66
78 1 -1
78 2 -21
78 4 61
78 5 49
78 6 28
78 7 94
78 8 -86
78 10 19
78 11 -46
78 12 -2
78 13 9
78 14 -36
78 15 -5
78 16 -95
78 17 -33
78 18 -21
78 19 -98
78 21 6
78 22 -75
78 23 -43
78 24 68
78 25 -41
78 26 18
78 27 -12
78 28 82
78 31 -52
78 32 100
78 34 37
78 37 -40
78 39 16
78 40 -22
78 41 -80
78 42 3
78 43 -78
78 44 18
78 45 49
78 46 45
78 48 -82
78 49 -56
78 50 -97
78 51 37
78 52 -92
78 54 56
78 55 -34
78 56 60
78 58 31
78 59 40
78 61 -88
78 62 -59
78 63 81
78 64 64
78 65 -15
78 66 45
78 67 12
78 68 58
78 69 84
78 70 37
78 71 -49
78 72 52
78 73 82
78 74 72
78 75 53
78 76 12
78 77 86
78 78 3
78 79 58
78 80 -77
78 81 41
78 82 41
78 83 -100
78 84 24
78 86 98
78 87 -30
78 88 25
78 89 43
78 90 -95
78 91 58
78 92 -40
78 93 25
78 94 -50
78 95 82
78 96 2
78 97 -79
78 98 54
78 99 60
79 0 -36
79 2 83
79 3 68
79 4 -35
79 5 93
79 6 87
79 7 -86
79 8 3
79 9 -24
79 11 -15
79 12 -6
79 13 65
79 14 -89
79 15 -93
79 16 43
79 17 -54
79 19 -79
79 20 28
79 22 9
79 23 -41
79 24 64
79 25 -42
79 27 -100
79 28 -18
79 29 7
79 30 9
79 31 65
79 32 -76
79 33 -8
79 34 -72
79 35 54
79 36 -87
79 38 46
79 39 -21
79 40 -23
79 42 36
79 43 95
79 44 -1
79 46 -32
79 47 -27
79 48 -73
79 49 -43
79 50 -72
79 52 -37
79 53 6
79 54 29
79 56 11
79 57 -22
79 58 18
79 60 -7
79 61 -75
79 62 40
79 63 18
79 64 -3
79 66 -11
79 67 64
79 68 -37
79 69 23
79 70 58
79 71 8
79 72 -18
79 73 -24
79 74 10
79 75 59
79 76 -74
79 77 -73
79 78 -61
79 79 -49
79 80 -65
79 82 -36
79 84 -96
79 85 65
79 88 -5
79 90 23
79 91 -10
79 92 86
79 95 30
79 97 -58
79 98 67
79 99 2
80 0 50
80 1 -56
80 2 -43
80 3 -94
80 4 80
80 5 -81
80 6 -48
80 8 -83
80 9 16
80 10 81
80 11 -71
80 13 4
80 15 -90
80 16 77
80 17 -59
80 18 -44
80 20 -27
80 22 42
80 23 -54
80 24 -97
80 25 -11
80 26 66
80 27 -11
80 28 -94
80 29 33
80 30 -52
80 31 91
80 32 36
80 34 16
80 35 100
80 36 26
80 37 -75
80 38 67
80 39 72
80 40 -87
80 41 12
80 42 -59
80 43 -58
80 44 -1
80 46 74
80 47 71
80 49 23
80 50 54
80 51 14
80 53 -22
80 54 29
80 55 22
80 56 15
80 59 -48
80 60 -63
80 62 40
80 63 -48
80 64 -4
80 65 -49
80 66 41
80 68 -87
80 69 84
80 70 -45
80 71 51
80 72 -91
80 73 -79
80 74 -2
80 76 11
80 78 63
80 79 -12
80 81 88
80 82 -28
80 83 44
80 84 -45
80 85 98
80 86 10
80 87 -56
80 88 -81
80 89 -78
80 90 -48
80 91 7
80 92 -17
80 93 16
80 94 -23
80 95 32
80 96 22
80 97 61
80 98 -28
81 0 -2
81 1 16
81 2 92
81 3 -85
81 4 8
81 5 -46
81 6 -97
81 7 -11
81 8 36
81 9 19
81 10 -78
81 11 36
81 12 -49
81 14 -79
81 15 17
81 17 -86
81 18 -64
81 19 -47
81 20 -53
81 21 -17
81 22 47
81 23 -18
81 24 -61
81 25 -25
81 26 -71
81 27 -36
81 29 59
81 30 -11
81 31 -91
81 32 83
81 33 23
81 34 9
81 35 53
81 38 33
81 39 -49
81 41 50
81 42 -32
81 43 -38
81 44 38
81 46 75
81 47 44
81 48 96
81 49 18
81 50 12
81 51 -47
81 52 -69
81 54 -78
81 55 -42
81 56 68
81 57 11
81 58 -84
81 59 80
81 63 -1
81 64 27
81 65 94
81 66 97
81 67 86
81 68 -95
81 69 -90
81 70 -9
81 71 74
81 72 -27
81 73 13
81 74 89
81 75 45
81 76 -35
81 77 40
81 78 96
81 79 -71
81 80 37
81 81 -70
81 82 -13
81 83 -48
81 84 34
81 86 99
81 87 -79
81 88 41
81 89 87
81 90 51
81 91 87
81 92 -75
81 93 39
81 94 85
81 95 -25
81 96 19
81 97 -74
81 98 -92
81 99 22
82 0 -6
82 1 -10
82 2 79
82 3 81
82 4 57
82 5 -67
82 6 72
82 7 83
82 8 57
82 9 83
82 10 71
82 11 -88
82 12 69
82 13 53
82 15 -7
82 16 3
82 17 2
82 18 -100
82 19 -57
82 20 43
82 21 55
82 23 74
82 24 -23
82 25 58
82 27 47
82 28 100
82 29 69
82 30 61
82 31 -82
82 32 -96
82 33 -79
82 34 -23
82 35 75
82 36 61
82 37 94
82 39 -57
82 40 25
82 41 -23
82 42 65
82 43 40
82 45 39
82 46 85
82 47 -32
82 49 -58
82 50 27
82 52 52
82 53 -55
82 54 30
82 55 -90
82 57 7
82 59 -38
82 61 -67
82 62 95
82 63 80
82 64 -93
82 66 36
82 67 -59
82 68 74
82 69 21
82 70 24
82 71 -93
82 72 31
82 74 -42
82 75 60
82 77 88
82 78 -4
82 79 83
82 81 -21
82 82 17
82 83 -26
82 84 80
82 85 55
82 87 -46
82 88 -67
82 89 -97
82 90 57
82 91 63
82 92 -75
82 93 -59
82 94 13
82 97 -94
82 98 -57
82 99 57
83 0 -30
83 1 -51
83 2 48
83 3 82
83 4 -78
83 5 -29
83 6 100
83 8 48
83 9 17
83 10 -46
83 11 -93
83 12 58
83 15 -51
83 17 -1
83 18 -42
83 19 -34
83 20 84
83 21 -44
83 22 -10
83 23 62
83 24 11
83 26 -64
83 27 -55
83 28 -22
83 29 62
83 30 88
83 32 29
83 33 34
83 34 -18
83 36 18
83 37 51
83 38 39
83 39 58
83 40 90
83 41 55
83 42 65
83 43 -98
83 44 -30
83 46 -52
83 47 7
83 48 71
83 49 63
83 50 11
83 51 100
83 52 -45
83 53 -35
83 55 21
83 56 77
83 58 -2
83 59 -83
83 61 15
83 64 -35
83 65 63
83 66 66
83 67 34
83 69 28
83 70 -100
83 71 -62
83 73 -38
83 74 -23
83 75 87
83 76 -49
83 77 -69
83 78 -5
83 79 70
83 80 48
83 81 28
83 82 -15
83 83 99
83 84 57
83 85 55
83 87 -25
83 88 71
83 90 -28
83 91 53
83 92 74
83 93 -77
83 94 99
83 96 38
83 98 -94
83 99 50
84 2 -14
84 3 -34
84 5 -87
84 6 82
84 7 17
84 8 -51
84 9 -83
84 11 83
84 12 -37
84 15 -30
84 16 20
84 19 -28
84 20 -41
84 21 3
84 22 -14
84 23 -54
84 24 -63
84 25 83
84 26 30
84 27 58
84 28 -69
84 29 -92
84 30 34
84 31 -80
84 33 24
84 34 -49
84 35 14
84 36 30
84 37 75
84 38 -47
84 39 44
84 40 85
84 41 -39
84 42 40
84 43 -70
84 46 53
84 47 -21
84 48 75
84 49 -88
84 50 -23
84 51 15
84 52 -72
84 53 -11
84 55 -2
84 56 11
84 57 22
84 58 -84
84 59 28
84 60 86
84 61 46
84 62 67
84 63 97
84 64 17
84 65 -2
84 66 -95
84 67 92
84 68 -73
84 69 93
84 70 -3
84 71 -83
84 72 -1
84 73 -12
84 74 25
84 75 29
84 77 81
84 78 -74
84 79 15
84 80 90
84 81 33
84 82 39
84 83 90
84 84 -80
84 85 -7
84 86 89
84 87 -63
84 88 -5
84 90 -64
84 91 18
84 92 6
84 93 -33
84 94 -100
84 96 72
84 97 71
84 98 -100
84 99 -13
85 0 -92
85 3 35
85 4 -7
85 5 50
85 6 -12
85 7 -13
85 10 -100
85 11 -80
85 12 53
85 13 -82
85 14 -44
85 16 89
85 17 1
85 18 89
85 19 33
85 20 -85
85 21 -9
85 23 -77
85 24 89
85 25 -87
85 26 46
85 27 74
85 29 -23
85 30 94
85 32 23
85 33 6
85 34 70
85 35 84
85 36 -90
85 37 90
85 38 8
85 40 8
85 41 55
85 42 -2
85 43 -65
85 44 6
85 46 -39
85 48 16
85 49 95
85 50 16
85 52 -23
85 53 91
85 54 62
85 56 88
85 58 86
85 59 63
85 60 28
85 61 79
85 62 24
85 63 -94
85 64 13
85 65 78
85 66 -78
85 68 43
85 69 -34
85 71 -82
85 76 -28
85 77 -29
85 78 -99
85 79 96
85 80 -39
85 82 -70
85 83 77
85 85 71
85 86 98
85 87 -63
85 88 -88
85 89 34
85 90 -47
85 91 42
85 92 86
85 93 2
85 94 33
85 95 -87
85 96 -89
85 97 34
85 98 -32
85 99 33
86 0 72
86 1 -57
86 3 86
86 4 -88
86 5 61
86 6 -44
86 7 36
86 8 -25
86 10 -82
86 11 59
86 12 -68
86 13 -86
86 14 -43
86 15 -46
86 16 18
86 17 11
86 18 86
86 19 -78
86 20 70
86 21 61
86 22 32
86 23 -95
86 24 82
86 25 12
86 26 22
86 27 -53
86 28 18
86 29 36
86 30 78
86 31 31
86 32 57
86 33 -71
86 34 -86
86 35 15
86 36 -4
86 37 -96
86 39 67
86 40 65
86 41 35
86 42 23
86 43 -21
86 45 -40
86 46 4
86 47 46
86 48 -43
86 49 13
86 50 4
86 51 87
86 52 71
86 53 -32
86 54 -61
86 55 -89
86 56 -53
86 57 -42
86 58 11
86 61 -99
86 63 -51
86 64 -84
86 65 -18
86 66 -7
86 68 96
86 69 98
86 70 2
86 71 22
86 72 -45
86 73 21
86 74 71
86 75 8
86 76 65
86 77 -96
86 78 77
86 79 69
86 80 -56
86 81 77
86 82 57
86 83 -96
86 84 70
86 85 -23
86 86 81
86 87 -94
86 88 -42
86 89 -8
86 90 33
86 91 -73
86 92 38
86 94 -70
86 95 25
86 96 -77
86 97 78
86 98 1
86 99 -63
87 0 -35
87 1 73
87 3 -7
87 4 41
87 5 -93
87 7 22
87 9 37
87 10 -24
87 11 93
87 12 65
87 13 67
87 14 61
87 15 43
87 16 96
87 17 21
87 18 37
87 19 -29
87 20 37
87 21 89
87 24 -41
87 25 1
87 27 -97
87 28 32
87 29 -74
87 30 -59
87 31 29
87 32 -98
87 33 76
87 35 -42
87 36 54
87 38 -13
87 39 -30
87 40 -86
87 41 -90
87 42 90
87 44 -42
87 45 -91
87 46 93
87 47 -80
87 48 30
87 49 40
87 50 81
87 51 8
87 52 34
87 53 -22
87 54 77
87 56 74
87 57 -29
87 58 -79
87 59 -51
87 60 72
87 61 -9
87 62 94
87 63 26
87 64 -26
87 65 20
87 66 92
87 67 -22
87 68 24
87 69 -65
87 70 52
87 71 19
87 72 17
87 73 -47
87 74 -94
87 75 -20
87 76 -88
87 77 -92
87 78 -16
87 79 3
87 81 52
87 83 -63
87 84 -70
87 85 -18
87 86 -61
87 87 76
87 88 1
87 89 -79
87 91 54
87 92 36
87 93 19
87 94 22
87 95 -58
87 96 91
87 97 53
87 99 -5
88 0 81
88 1 -86
88 2 36
88 4 -87
88 5 5
88 7 -25
88 8 41
88 10 -60
88 11 -42
88 12 -81
88 14 -96
88 15 71
88 18 90
88 19 -48
88 20 10
88 21 -76
88 22 26
88 23 -97
88 24 -99
88 25 -41
88 26 84
88 27 -99
88 28 -48
88 30 6
88 31 -66
88 32 -80
88 34 -94
88 36 54
88 37 56
88 38 1
88 39 -64
88 40 -51
88 41 5
88 42 -20
88 43 5
88 45 47
88 46 48
88 47 29
88 49 -24
88 51 78
88 52 -1
88 53 -94
88 54 -5
88 55 99
88 56 -48
88 57 11
88 58 -1
88 60 -60
88 62 -83
88 63 21
88 64 70
88 67 -76
88 68 -73
88 69 61
88 70 12
88 71 -43
88 72 38
88 73 67
88 74 -41
88 75 -6
88 76 59
88 78 71
88 79 -87
88 80 -19
88 81 -51
88 82 53
88 83 -94
88 84 100
88 85 -86
88 87 38
88 88 -19
88 89 95
88 90 97
88 91 -14
88 92 -14
88 93 14
88 94 -39
88 95 94
88 96 -10
88 98 -86
88 99 -84
89 0 48
89 1 -78
89 2 -38
89 5 -90
89 6 -43
89 7 15
89 8 79
89 10 22
89 11 67
89 12 3
89 14 -43
89 15 -72
89 16 99
89 17 75
89 18 -30
89 19 -27
89 20 85
89 22 -18
89 23 -5
89 25 -27
89 26 49
89 27 -94
89 30 -32
89 31 69
89 32 -89
89 33 88
89 34 -8
89 35 -66
89 36 -77
89 37 -40
89 38 57
89 39 -75
89 40 -48
89 42 58
89 43 -88
89 44 -22
89 45 82
89 46 -12
89 47 35
89 48 24
89 49 93
89 50 -14
89 51 14
89 52 -78
89 53 -55
89 54 52
89 55 -17
89 56 -67
89 57 -91
89 58 68
89 59 9
89 60 -56
89 61 -98
89 62 -11
89 63 -6
89 64 60
89 65 -4
89 66 78
89 67 53
89 68 70
89 69 11
89 70 -16
89 71 -77
89 72 -46
89 73 4
89 74 98
89 75 55
89 76 43
89 77 94
89 78 60
89 79 10
89 80 -32
89 81 84
89 82 17
89 83 -9
89 84 33
89 86 -61
89 87 -19
89 88 -34
89 90 -98
89 91 68
89 93 76
89 95 1
89 96 -21
89 97 -65
89 98 100
90 0 -95
90 1 9
90 2 49
90 4 -87
90 5 67
90 6 52
90 7 -11
90 9 -91
90 10 -68
90 11 -29
90 12 -92
90 13 -19
90 14 -84
90 15 14
90 16 -77
90 17 45
90 18 -20
90 19 20
90 20 -16
90 21 -39
90 22 -8
90 23 -45
90 24 45
90 25 46
90 26 71
90 27 -82
90 29 -8
90 31 -50
90 32 -23
90 34 -89
90 35 -43
90 36 37
90 37 84
90 38 51
90 41 -93
90 43 -4
90 44 -64
90 47 40
90 48 -32
90 49 93
90 52 44
90 53 -99
90 54 50
90 56 55
90 57 -68
90 58 -56
90 60 -91
90 61 81
90 62 -11
90 63 10
90 64 -8
90 65 20
90 66 55
90 67 1
90 68 -10
90 69 2
90 70 -86
90 71 10
90 72 68
90 73 49
90 75 -68
90 77 68
90 78 -75
90 79 -90
90 80 26
90 81 -3
90 82 25
90 83 -70
90 84 26
90 86 15
90 87 32
90 88 -8
90 89 32
90 90 -28
90 91 90
90 92 48
90 93 83
90 94 -82
90 96 27
90 97 -24
90 98 -62
90 99 57
91 1 7
91 3 92
91 4 -66
91 5 -93
91 6 -87
91 8 -46
91 9 83
91 10 -77
91 11 -38
91 12 90
91 13 32
91 14 58
91 15 -7
91 16 -59
91 17 16
91 18 38
91 19 -40
91 20 29
91 21 -10
91 22 -48
91 24 88
91 26 16
91 27 -33
91 28 -97
91 30 22
91 32 -21
91 33 -45
91 34 -45
91 35 44
91 37 -23
91 38 -91
91 39 82
91 41 -95
91 42 59
91 43 29
91 44 -73
91 46 -12
91 47 -14
91 49 80
91 50 53
91 51 -19
91 53 12
91 54 -85
91 55 13
91 57 -61
91 58 76
91 59 -66
91 60 87
91 61 -71
91 62 5
91 63 -91
91 64 -22
91 66 -77
91 67 97
91 68 -92
91 69 65
91 70 31
91 72 7
91 74 -64
91 75 -7
91 76 -54
91 77 37
91 80 29
91 81 5
91 82 20
91 84 -76
91 86 -16
91 87 -97
91 88 -50
91 89 -99
91 91 -53
91 92 57
91 93 -19
91 94 -53
91 95 -64
91 96 97
91 98 -10
91 99 39
92 0 73
92 1 -11
92 3 88
92 5 73
92 6 -6
92 7 31
92 9 40
92 10 -60
92 11 -87
92 12 44
92 13 32
92 14 -84
92 16 96
92 18 22
92 19 1
92 20 68
92 22 66
92 23 25
92 24 -70
92 25 9
92 26 -38
92 27 93
92 28 44
92 29 21
92 30 -25
92 31 -95
92 32 28
92 33 -31
92 34 -90
92 35 -18
92 37 52
92 38 18
92 39 -83
92 40 -47
92 42 4
92 45 2
92 46 -94
92 47 14
92 48 29
92 49 -32
92 50 -60
92 51 -82
92 53 24
92 54 30
92 55 -60
92 56 10
92 57 -89
92 58 15
92 59 -94
92 60 -21
92 61 -93
92 62 -21
92 65 -56
92 67 -44
92 68 99
92 69 84
92 70 -91
92 71 29
92 72 94
92 73 42
92 74 51
92 75 -42
92 76 50
92 77 -4
92 78 34
92 81 86
92 82 58
92 84 -22
92 86 74
92 87 -91
92 88 78
92 89 -77
92 90 87
92 91 73
92 92 -14
92 94 -3
92 96 -19
92 98 63
92 99 77
93 0 -66
93 1 91
93 2 9
93 3 73
93 4 -97
93 7 -22
93 8 -99
93 9 -89
93 10 -2
93 11 -90
93 12 -8
93 13 43
93 14 -40
93 15 64
93 16 19
93 17 -15
93 20 89
93 21 -37
93 22 -10
93 23 -35
93 24 79
93 26 29
93 27 90
93 30 -34
93 31 -3
93 32 -48
93 33 -85
93 34 25
93 35 24
93 36 37
93 37 82
93 38 -27
93 39 -65
93 40 50
93 43 -89
93 46 -8
93 47 5
93 48 97
93 49 23
93 50 -68
93 51 -49
93 52 48
93 53 99
93 54 39
93 55 29
93 56 -25
93 57 -67
93 58 35
93 60 -52
93 61 32
93 62 80
93 63 -6
93 65 77
93 66 89
93 67 1
93 68 -23
93 69 77
93 70 16
93 71 42
93 72 16
93 73 23
93 76 1
93 78 -29
93 79 -42
93 80 88
93 82 -41
93 83 38
93 84 -59
93 85 -91
93 87 69
93 88 -100
93 90 -45
93 91 81
93 92 -43
93 93 25
93 96 -8
93 97 -58
93 98 -55
94 0 47
94 1 -20
94 2 -11
94 3 61
94 4 40
94 5 -90
94 6 10
94 7 85
94 8 -36
94 9 7
94 10 -2
94 11 8
94 13 -44
94 15 92
94 16 -21
94 18 -57
94 19 92
94 20 -16
94 21 80
94 22 75
94 23 100
94 24 -42
94 25 14
94 27 -72
94 28 13
94 29 -3
94 30 -7
94 31 -67
94 32 -30
94 33 23
94 35 -23
94 36 94
94 38 18
94 40 51
94 41 87
94 42 -6
94 43 -15
94 44 -68
94 45 -24
94 46 39
94 47 96
94 48 61
94 49 61
94 50 -72
94 53 47
94 54 -88
94 55 -56
94 56 69
94 57 -51
94 58 50
94 59 26
94 60 -88
94 61 -15
94 62 50
94 63 -69
94 64 90
94 66 89
94 67 -99
94 68 59
94 70 58
94 71 -5
94 72 47
94 73 22
94 75 -60
94 76 6
94 77 44
94 78 -89
94 79 -4
94 81 83
94 82 4
94 84 43
94 85 -74
94 86 73
94 87 -42
94 89 -35
94 90 -80
94 91 -67
94 92 -8
94 93 89
94 94 78
94 95 -79
94 96 -64
94 97 -67
94 99 96
95 0 -68
95 1 -51
95 2 -80
95 5 -1
95 6 -22
95 8 39
95 9 -39
95 10 55
95 11 22
95 12 7
95 14 99
95 15 -4
95 16 92
95 17 -99
95 18 96
95 19 -12
95 20 48
95 21 -91
95 22 66
95 23 67
95 25 -71
95 26 53
95 27 57
95 28 27
95 29 62
95 30 -68
95 31 -86
95 32 -57
95 34 -48
95 35 -48
95 37 -64
95 38 -50
95 39 -37
95 40 -94
95 42 60
95 43 67
95 46 57
95 47 -40
95 48 16
95 51 98
95 52 51
95 54 -59
95 56 41
95 57 -57
95 58 -57
95 60 -91
95 61 2
95 62 -13
95 63 72
95 64 -63
95 65 -14
95 66 56
95 67 -2
95 68 -57
95 69 17
95 70 -69
95 71 96
95 72 -32
95 73 -45
95 74 -7
95 75 -44
95 76 77
95 77 -59
95 78 92
95 79 39
95 80 55
95 81 99
95 82 95
95 83 -15
95 84 9
95 86 58
95 87 -73
95 88 -36
95 89 65
95 90 9
95 91 54
95 92 2
95 93 19
95 94 51
95 96 13
95 97 22
95 98 -24
95 99 80
96 0 -94
96 1 -72
96 2 84
96 6 30
96 8 81
96 9 41
96 10 -81
96 11 51
96 12 -93
96 13 32
96 14 38
96 15 -56
96 17 89
96 18 -21
96 20 -27
96 21 64
96 22 -92
96 23 -90
96 26 41
96 27 -60
96 28 23
96 29 92
96 30 -81
96 31 74
96 32 30
96 33 99
96 34 -7
96 35 34
96 36 -17
96 38 -94
96 40 -86
96 41 -61
96 42 40
96 43 -67
96 44 -77
96 45 88
96 46 -26
96 47 -45
96 49 -77
96 50 48
96 52 76
96 53 -10
96 54 15
96 55 84
96 56 -3
96 57 50
96 58 60
96 59 10
96 60 37
96 62 37
96 64 35
96 65 -46
96 66 83
96 67 32
96 68 -82
96 70 95
96 71 -26
96 72 -30
96 73 53
96 74 -99
96 75 80
96 76 16
96 77 -42
96 79 -97
96 80 -25
96 81 37
96 83 26
96 84 51
96 85 16
96 86 -43
96 87 -95
96 88 96
96 90 -3
96 91 40
96 94 -75
96 95 100
96 96 17
96 97 -37
97 0 -70
97 1 11
97 3 -21
97 4 -60
97 6 89
97 7 -37
97 8 -49
97 9 -87
97 10 23
97 11 -99
97 12 61
97 13 -33
97 14 -7
97 15 44
97 16 -51
97 17 81
97 18 18
97 20 -12
97 21 8
97 22 6
97 23 -89
97 24 87
97 26 41
97 27 17
97 29 17
97 30 -70
97 31 -82
97 33 -65
97 34 -72
97 35 11
97 37 -46
97 40 -74
97 41 28
97 42 -97
97 45 24
97 46 69
97 47 63
97 48 29
97 49 -21
97 51 -66
97 52 -37
97 53 -31
97 55 23
97 57 -11
97 58 35
97 59 -14
97 60 -67
97 61 18
97 62 31
97 63 12
97 64 29
97 65 82
97 66 19
97 67 51
97 68 93
97 69 -62
97 70 25
97 71 94
97 72 84
97 73 9
97 74 75
97 75 18
97 76 -83
97 77 -71
97 78 55
97 80 -39
97 81 52
97 83 75
97 84 -25
97 85 3
97 86 -22
97 87 -71
97 89 56
97 90 78
97 91 -47
97 92 -21
97 93 66
97 94 -65
97 95 95
97 96 74
97 97 55
97 98 -7
98 0 77
98 1 83
98 2 -66
98 3 -73
98 5 -6
98 6 41
98 7 51
98 8 20
98 10 -32
98 11 75
98 12 70
98 13 53
98 14 -45
98 15 23
98 16 -89
98 17 -32
98 18 50
98 19 80
98 20 62
98 22 -56
98 23 -13
98 24 52
98 25 26
98 26 98
98 27 60
98 28 91
98 29 69
98 31 20
98 32 -81
98 33 10
98 34 -60
98 35 24
98 36 -69
98 37 -59
98 38 83
98 39 -89
98 40 69
98 42 -78
98 43 -16
98 44 -10
98 47 98
98 48 -54
98 49 -92
98 50 -22
98 51 34
98 53 -34
98 54 -100
98 55 47
98 56 -94
98 57 48
98 58 -22
98 59 -73
98 60 1
98 61 28
98 63 58
98 64 -49
98 67 -43
98 68 -58
98 69 -38
98 70 -48
98 71 73
98 73 6
98 75 -2
98 76 2
98 78 62
98 79 64
98 80 -38
98 81 78
98 82 -95
98 83 61
98 84 57
98 85 -54
98 86 32
98 87 -91
98 89 -36
98 90 35
98 91 74
98 93 -41
98 94 -41
98 95 45
98 96 31
98 97 -30
98 98 42
98 99 75
99 0 87
99 1 -20
99 2 3
99 3 -29
99 4 30
99 5 99
99 7 33
99 8 83
99 9 -50
99 11 3
99 12 72
99 13 -44
99 14 15
99 15 -74
99 16 -79
99 18 -8
99 19 -27
99 20 -9
99 21 27
99 22 -7
99 23 -63
99 24 53
99 25 79
99 26 -29
99 27 79
99 28 -43
99 30 -62
99 32 -31
99 33 -42
99 34 17
99 35 18
99 36 68
99 37 -38
99 38 31
99 39 -58
99 40 91
99 42 33
99 44 13
99 45 82
99 46 82
99 47 -48
99 48 59
99 49 22
99 50 -53
99 51 -33
99 52 100
99 53 -14
99 54 -37
99 55 -60
99 57 98
99 58 18
99 59 -98
99 60 -29
99 61 58
99 62 45
99 63 -35
99 64 -52
99 65 9
99 67 19
99 68 -37
99 70 -66
99 71 -36
99 72 -28
99 73 76
99 75 28
99 76 -2
99 77 34
99 78 44
99 79 13
99 80 -95
99 81 -3
99 82 34
99 85 -61
99 86 42
99 87 -4
99 88 -94
99 89 69
99 90 65
99 91 -54
99 92 25
99 93 9
99 95 19
99 96 -55
99 97 93
99 98 -99