0 0 42
0 2 -76
0 3 -49
0 4 -12
0 6 72
0 7 -77
0 8 -52
0 10 41
0 11 90
0 12 -14
0 13 -30
0 14 17
0 15 22
0 16 48
0 17 -10
0 19 24
0 20 -30
0 21 82
0 22 -29
0 23 -15
0 24 88
0 25 -92
0 27 20
0 28 -58
0 30 40
0 33 -31
0 34 3
0 35 -49
0 36 42
0 37 89
0 38 35
0 39 71
0 40 34
0 41 -3
0 42 -32
0 43 72
0 44 -97
0 45 45
0 46 1
0 47 -90
0 48 78
1 1 19
1 3 32
1 4 -66
1 5 -29
1 6 8
1 7 -51
1 8 41
1 9 88
1 10 -8
1 11 38
1 12 -39
1 13 -98
1 14 -70
1 15 -18
1 17 -7
1 18 -27
1 19 20
1 21 33
1 22 55
1 23 -72
1 24 -58
1 25 -69
1 26 57
1 27 68
1 28 9
1 29 -47
1 31 31
1 32 -10
1 34 97
1 35 6
1 36 -21
1 37 -1
1 38 23
1 39 -100
1 40 7
1 41 -2
1 43 96
1 44 96
1 46 -94
1 47 -85
1 48 49
1 49 36
2 0 36
2 2 17
2 3 -53
2 4 45
2 7 -64
2 8 31
2 9 68
2 10 -99
2 12 -27
2 14 -50
2 15 36
2 16 -82
2 17 68
2 18 -34
2 19 -35
2 20 -98
2 21 -1
2 22 8
2 23 -50
2 24 -80
2 25 93
2 26 -62
2 27 -64
2 29 1
2 32 -87
2 33 -60
2 34 -61
2 35 45
2 36 21
2 37 -52
2 38 -19
2 40 72
2 41 68
2 42 10
2 43 59
2 45 -73
2 46 -6
2 48 -49
2 49 -66
3 0 -36
3 1 60
3 3 -62
3 4 -97
3 5 87
3 7 -88
3 8 -70
3 9 17
3 10 92
3 11 41
3 12 -13
3 13 -42
3 14 94
3 15 -24
3 16 1
3 19 -50
3 20 35
3 21 -30
3 22 19
3 23 -81
3 24 94
3 25 27
3 26 -70
3 27 57
3 28 -91
3 29 -30
3 30 -29
3 33 43
3 34 -79
3 35 -86
3 36 -52
3 37 53
3 38 -44
3 39 -74
3 40 -5
3 41 77
3 42 -96
3 44 -96
3 45 98
3 46 -89
3 47 -77
3 49 4
4 0 46
4 1 -31
4 2 69
4 3 45
4 4 44
4 5 -99
4 6 -78
4 7 98
4 8 -1
4 9 95
4 10 -26
4 11 70
4 12 -22
4 13 27
4 14 52
4 15 -24
4 16 17
4 17 -66
4 18 -58
4 19 37
4 20 -66
4 21 -91
4 22 -1
4 24 -50
4 26 55
4 27 -25
4 28 -69
4 29 68
4 31 32
4 33 55
4 35 -38
4 36 51
4 37 -35
4 38 1
4 39 41
4 40 -43
4 42 99
4 45 13
4 47 -97
4 49 10
5 1 48
5 2 10
5 3 -97
5 4 67
5 9 75
5 10 62
5 12 7
5 17 87
5 18 -48
5 19 92
5 21 73
5 22 -13
5 23 -65
5 24 -51
5 25 -47
5 26 -15
5 27 -63
5 29 -16
5 31 69
5 32 52
5 34 -52
5 35 100
5 36 22
5 37 96
5 38 -19
5 39 16
5 40 -84
5 43 -72
5 44 -85
5 45 -71
5 46 -97
5 47 20
6 2 42
6 3 -63
6 4 -9
6 5 54
6 7 82
6 8 75
6 10 10
6 11 36
6 12 99
6 13 20
6 14 -74
6 15 64
6 16 7
6 18 88
6 20 96
6 21 67
6 22 -21
6 23 -77
6 25 17
6 26 -85
6 28 58
6 29 62
6 31 -78
6 33 69
6 35 28
6 36 48
6 37 46
6 38 20
6 42 38
6 43 -71
6 44 -2
6 45 23
6 46 93
6 47 26
6 48 1
7 0 67
7 1 22
7 4 74
7 6 93
7 7 -73
7 9 -19
7 10 3
7 11 -88
7 12 20
7 13 -26
7 14 40
7 16 -32
7 17 -19
7 18 94
7 20 -1
7 21 86
7 24 90
7 25 -70
7 27 -24
7 28 -28
7 29 98
7 32 -89
7 33 10
7 35 84
7 36 -27
7 37 -94
7 38 -43
7 40 -80
7 42 -46
7 44 -58
7 46 -97
7 47 97
7 48 82
7 49 -83
8 0 -44
8 1 -73
8 3 -84
8 4 91
8 5 -37
8 6 94
8 7 78
8 9 73
8 10 60
8 14 -26
8 15 -39
8 17 -71
8 18 40
8 21 -55
8 23 54
8 26 -50
8 27 -78
8 28 -33
8 29 -91
8 31 -19
8 32 -11
8 33 91
8 34 -55
8 37 -50
8 38 18
8 41 -8
8 42 5
8 43 29
8 44 75
8 45 56
8 47 40
8 48 2
8 49 -81
9 0 -84
9 1 96
9 2 -73
9 3 72
9 5 -68
9 6 -38
9 8 -75
9 10 73
9 11 -46
9 13 96
9 14 81
9 16 66
9 18 37
9 19 39
9 20 65
9 21 -6
9 22 81
9 23 -7
9 24 98
9 26 40
9 27 56
9 28 81
9 29 26
9 30 -41
9 31 -4
9 33 -15
9 34 47
9 35 8
9 38 3
9 41 77
9 42 65
9 43 42
9 44 -71
9 45 6
9 46 73
9 47 15
9 48 82
10 0 -67
10 1 67
10 2 64
10 3 42
10 5 -59
10 6 99
10 7 -98
10 9 -76
10 10 50
10 11 -40
10 12 57
10 13 43
10 16 23
10 17 14
10 19 -39
10 22 -52
10 24 -29
10 25 -38
10 26 -65
10 27 -42
10 28 -64
10 31 -41
10 32 -82
10 33 -27
10 34 20
10 35 -44
10 38 -26
10 39 21
10 40 -92
10 41 -66
10 42 83
10 44 31
10 45 82
10 46 38
10 47 -92
10 48 -25
10 49 78
11 0 1
11 1 55
11 3 -8
11 5 33
11 6 62
11 7 84
11 9 -2
11 10 -81
11 11 58
11 13 -72
11 14 -94
11 15 -51
11 16 -20
11 17 -100
11 18 60
11 20 52
11 21 -11
11 23 86
11 24 85
11 25 -50
11 26 -37
11 27 43
11 28 -45
11 29 47
11 30 95
11 31 -35
11 32 -98
11 33 -45
11 34 65
11 37 87
11 38 11
11 39 26
11 40 -86
11 42 56
11 44 -34
11 45 58
11 47 77
11 49 68
12 0 48
12 1 76
12 2 61
12 3 -58
12 4 -14
12 5 -26
12 8 -80
12 9 -9
12 10 -52
12 12 94
12 13 -1
12 14 -98
12 15 68
12 16 -32
12 17 -37
12 18 -73
12 19 -96
12 20 -22
12 21 -43
12 22 71
12 23 -82
12 24 95
12 25 -81
12 26 -72
12 27 74
12 29 -92
12 32 -61
12 33 33
12 34 -16
12 36 8
12 37 83
12 38 -39
12 39 90
12 40 -61
12 42 -83
12 43 54
12 44 17
12 45 -30
12 47 14
12 48 -68
13 0 75
13 1 63
13 2 -64
13 4 -79
13 5 12
13 7 -29
13 8 22
13 10 62
13 11 75
13 12 37
13 13 49
13 15 69
13 17 3
13 18 31
13 20 10
13 21 40
13 22 85
13 23 -57
13 24 -67
13 25 90
13 26 -51
13 27 -16
13 29 -70
13 31 -75
13 32 12
13 33 63
13 34 -58
13 35 -1
13 36 54
13 37 94
13 39 -27
13 43 36
13 45 9
13 46 87
13 48 -29
13 49 -82
14 0 14
14 1 55
14 5 43
14 6 78
14 7 69
14 8 48
14 9 -57
14 11 -94
14 12 -81
14 13 -64
14 14 9
14 15 68
14 16 11
14 17 -68
14 18 -66
14 19 21
14 20 96
14 21 -51
14 23 81
14 24 39
14 25 -66
14 26 -51
14 27 -49
14 28 -82
14 29 -56
14 30 -79
14 31 62
14 32 -9
14 33 -20
14 34 -68
14 35 96
14 37 78
14 39 40
14 40 38
14 41 8
14 42 89
14 44 -40
14 45 -15
14 47 88
14 48 21
14 49 -57
15 0 9
15 1 82
15 2 -42
15 3 -57
15 5 -51
15 6 -4
15 10 -74
15 11 -11
15 13 -13
15 14 18
15 16 49
15 17 -59
15 18 -88
15 21 37
15 25 39
15 26 86
15 27 -69
15 29 63
15 30 51
15 31 -18
15 32 -21
15 35 -26
15 38 54
15 39 -78
15 40 39
15 41 83
15 42 80
15 43 -22
15 44 -43
15 45 -32
15 46 -56
15 47 39
15 48 -63
16 3 -86
16 4 17
16 5 33
16 6 5
16 8 59
16 9 44
16 10 4
16 11 61
16 14 -47
16 15 -26
16 16 -51
16 17 12
16 20 -12
16 22 9
16 24 50
16 25 28
16 26 39
16 27 30
16 28 35
16 29 -79
16 30 27
16 32 12
16 35 -53
16 36 51
16 37 11
16 38 -90
16 39 -66
16 40 4
16 43 -33
16 44 -30
16 45 34
16 46 -18
16 47 85
16 49 32
17 0 1
17 1 -38
17 2 -24
17 3 -28
17 4 -96
17 5 83
17 6 -41
17 7 -100
17 8 11
17 9 77
17 10 95
17 11 -67
17 12 87
17 13 -34
17 14 30
17 16 9
17 17 17
17 18 81
17 19 33
17 20 74
17 21 -66
17 22 92
17 24 -35
17 25 38
17 26 -85
17 27 18
17 28 -72
17 29 62
17 30 -14
17 32 34
17 33 -48
17 34 -45
17 35 -4
17 36 -24
17 37 -82
17 40 -28
17 42 23
17 43 -14
17 45 60
17 47 -99
17 48 28
17 49 66
18 0 42
18 1 -83
18 2 72
18 3 -45
18 4 56
18 5 26
18 6 -60
18 8 53
18 11 86
18 12 -95
18 14 -37
18 16 -85
18 18 -33
18 19 96
18 21 -79
18 22 75
18 23 69
18 24 -54
18 25 19
18 26 -42
18 27 -24
18 28 100
18 29 49
18 30 56
18 31 -71
18 33 33
18 34 89
18 35 -31
18 36 -7
18 37 19
18 39 -13
18 40 8
18 41 99
18 42 -11
18 43 91
18 44 44
18 45 61
18 46 -76
18 47 71
19 0 -40
19 1 70
19 2 -87
19 3 18
19 4 -92
19 5 -66
19 6 -98
19 7 28
19 8 81
19 9 19
19 11 7
19 12 82
19 16 90
19 17 -12
19 20 22
19 21 19
19 22 -43
19 23 29
19 24 -72
19 25 -35
19 26 56
19 28 -22
19 30 -16
19 32 90
19 33 33
19 35 -28
19 37 -39
19 38 -61
19 39 -25
19 40 -74
19 41 -15
19 42 -18
19 43 96
19 45 31
19 46 -88
19 47 34
19 49 -27
20 0 -4
20 3 18
20 4 -65
20 5 -97
20 7 -40
20 8 -13
20 9 -28
20 11 36
20 12 -54
20 13 -34
20 14 66
20 16 -79
20 17 65
20 18 90
20 19 99
20 20 -80
20 21 47
20 22 65
20 23 -31
20 24 13
20 27 -64
20 28 -17
20 30 32
20 31 -5
20 32 -56
20 33 20
20 34 -36
20 35 -95
20 36 28
20 37 63
20 38 -75
20 40 44
20 43 27
20 44 34
20 45 -42
20 47 -50
20 49 2
21 0 12
21 1 90
21 2 -31
21 3 -93
21 4 -7
21 7 -19
21 8 -89
21 9 -74
21 10 24
21 11 -93
21 13 81
21 14 64
21 17 20
21 19 -52
21 20 61
21 21 59
21 22 -64
21 24 77
21 25 -68
21 26 -4
21 27 70
21 28 95
21 29 -86
21 30 83
21 32 -25
21 33 -3
21 34 35
21 35 52
21 36 36
21 37 -84
21 39 85
21 40 -3
21 41 85
21 44 22
21 45 61
21 48 -50
21 49 -79
22 0 -73
22 2 -48
22 4 -79
22 5 -11
22 6 78
22 7 -37
22 8 -21
22 9 -30
22 10 -31
22 11 89
22 12 32
22 13 48
22 15 -50
22 16 63
22 18 -97
22 19 97
22 20 53
22 22 -74
22 23 -3
22 24 48
22 25 -75
22 26 31
22 27 -37
22 28 91
22 29 71
22 30 60
22 31 23
22 33 -80
22 34 49
22 35 -91
22 36 34
22 37 37
22 39 3
22 41 -72
22 42 -2
22 43 -17
22 45 -29
22 47 55
22 48 93
22 49 11
23 0 34
23 1 34
23 3 -50
23 4 -29
23 5 80
23 6 40
23 8 48
23 13 97
23 14 -61
23 15 -31
23 16 -32
23 18 -1
23 20 -21
23 21 95
23 22 16
23 25 33
23 28 19
23 29 99
23 30 -90
23 32 87
23 33 -37
23 34 40
23 35 74
23 36 20
23 41 34
23 44 -40
23 45 -64
23 46 -17
23 47 84
23 48 84
23 49 -68
24 0 -83
24 1 -49
24 2 -20
24 4 -22
24 5 -62
24 7 91
24 8 -62
24 9 9
24 11 -58
24 12 -18
24 13 70
24 15 -34
24 16 17
24 17 84
24 18 -5
24 19 -93
24 20 46
24 21 -22
24 22 41
24 23 50
24 24 -51
24 25 -55
24 26 72
24 27 1
24 28 -87
24 30 -39
24 31 -74
24 33 13
24 35 1
24 36 -17
24 38 30
24 39 -61
24 40 -26
24 42 -9
24 45 -75
24 46 87
24 47 -61
24 48 -27
25 0 71
25 1 14
25 3 55
25 4 85
25 5 -61
25 7 -21
25 8 1
25 9 55
25 10 79
25 11 85
25 12 22
25 13 68
25 14 96
25 17 -54
25 18 -32
25 20 91
25 21 -49
25 23 81
25 24 -37
25 25 -37
25 27 -42
25 29 64
25 30 -57
25 31 -84
25 32 -76
25 34 -54
25 36 87
25 37 -55
25 38 -61
25 39 52
25 40 3
25 42 58
25 43 -55
25 44 -35
25 45 8
25 46 31
25 47 -50
25 48 -83
25 49 20
26 0 30
26 1 -44
26 4 -57
26 5 -93
26 6 -30
26 7 97
26 8 -88
26 9 18
26 10 17
26 11 79
26 13 -47
26 14 -2
26 15 -24
26 16 -60
26 17 72
26 18 20
26 19 -78
26 20 -1
26 21 -17
26 22 -62
26 23 46
26 24 -17
26 25 -37
26 27 31
26 28 70
26 29 93
26 30 -13
26 31 -82
26 32 -56
26 33 10
26 35 77
26 36 -53
26 37 84
26 38 -2
26 39 -35
26 40 -39
26 41 71
26 42 97
26 43 -41
26 44 -74
26 45 -71
26 47 -6
26 49 9
27 3 77
27 4 -37
27 5 98
27 6 1
27 9 32
27 11 -61
27 13 -73
27 14 28
27 15 -6
27 17 -87
27 18 -47
27 19 44
27 20 -94
27 21 49
27 23 73
27 24 4
27 25 52
27 26 -63
27 27 53
27 29 -45
27 31 9
27 32 -28
27 33 -81
27 35 70
27 36 62
27 38 36
27 39 -38
27 40 -35
27 41 96
27 42 -55
27 43 -52
27 45 12
27 46 -89
27 49 -41
28 0 18
28 2 -66
28 3 -13
28 4 65
28 5 37
28 7 7
28 9 -95
28 10 34
28 11 49
28 12 -22
28 13 52
28 17 8
28 18 -51
28 19 74
28 20 73
28 21 22
28 22 77
28 23 7
28 24 -11
28 25 -40
28 26 9
28 27 37
28 28 4
28 30 41
28 32 -73
28 34 -46
28 35 62
28 36 76
28 37 71
28 38 81
28 39 57
28 41 43
28 42 -63
28 43 27
28 44 -60
28 46 -21
28 49 -19
29 0 -17
29 1 92
29 2 76
29 4 71
29 10 59
29 11 70
29 12 87
29 14 -63
29 15 83
29 16 2
29 17 -43
29 18 -39
29 19 -97
29 20 -56
29 21 -72
29 22 -77
29 24 -52
29 25 -61
29 26 33
29 29 -1
29 30 27
29 31 -57
29 32 -97
29 33 -70
29 34 12
29 35 88
29 36 59
29 37 28
29 38 22
29 39 87
29 40 61
29 42 82
29 43 -19
29 44 48
29 45 -45
29 46 -63
29 47 -10
29 48 -5
30 1 61
30 2 -85
30 3 -9
30 5 52
30 6 -96
30 7 -11
30 9 -43
30 10 -81
30 11 88
30 12 48
30 13 -50
30 14 64
30 15 -72
30 16 -60
30 17 -63
30 18 -99
30 19 -26
30 20 77
30 22 -18
30 23 25
30 24 -39
30 26 89
30 27 94
30 28 39
30 29 -40
30 30 60
30 31 98
30 32 85
30 33 35
30 35 80
30 36 -73
30 37 -39
30 39 1
30 40 -64
30 41 75
30 42 -20
30 43 -27
30 44 79
30 46 -15
30 47 18
30 48 93
30 49 40
31 0 -43
31 2 -92
31 3 72
31 4 78
31 5 69
31 6 -97
31 9 -8
31 10 51
31 11 -61
31 14 -35
31 17 62
31 18 38
31 20 -25
31 22 -4
31 24 -26
31 25 -59
31 26 51
31 27 3
31 28 -99
31 29 93
31 30 -5
31 31 -28
31 34 25
31 35 3
31 36 -75
31 37 23
31 38 -51
31 39 22
31 40 64
31 41 16
31 42 -44
31 43 -78
31 44 3
31 45 -29
31 46 96
31 47 3
31 48 14
32 3 61
32 4 3
32 5 -24
32 6 -62
32 7 -73
32 8 -69
32 9 -15
32 10 -68
32 11 -46
32 13 -70
32 14 -100
32 15 73
32 16 -89
32 17 -54
32 18 10
32 19 -59
32 20 -52
32 21 39
32 23 -45
32 24 -99
32 25 2
32 26 -9
32 27 -60
32 29 79
32 31 57
32 32 -40
32 33 93
32 35 19
32 36 4
32 37 22
32 38 -66
32 39 -64
32 40 -34
32 41 6
32 42 -92
32 44 91
32 45 42
32 46 22
32 49 -34
33 0 -77
33 2 -80
33 4 -51
33 5 58
33 7 76
33 8 -70
33 10 75
33 12 29
33 13 24
33 15 -64
33 17 46
33 18 33
33 21 84
33 22 -23
33 23 -1
33 25 -41
33 26 21
33 27 9
33 28 -1
33 29 -24
33 31 91
33 32 -88
33 33 54
33 34 -71
33 35 -5
33 36 49
33 38 76
33 39 67
33 42 85
33 43 39
33 46 -75
33 47 -53
33 48 18
33 49 -75
34 0 -88
34 2 34
34 3 -9
34 4 22
34 5 70
34 6 41
34 7 -49
34 10 3
34 11 -71
34 13 43
34 14 19
34 15 -85
34 16 70
34 17 -66
34 19 -35
34 20 65
34 21 -73
34 22 8
34 24 15
34 25 92
34 29 98
34 30 22
34 31 65
34 32 88
34 33 -21
34 34 -7
34 35 -17
34 36 81
34 37 -72
34 38 -29
34 39 -98
34 40 -22
34 41 -93
34 42 -98
34 44 -29
34 45 39
34 46 53
34 47 -67
34 48 -62
34 49 -30
35 0 81
35 1 97
35 2 6
35 3 -54
35 4 49
35 7 17
35 9 74
35 11 40
35 12 -26
35 13 -28
35 16 -64
35 17 11
35 19 9
35 20 -18
35 21 8
35 22 50
35 23 -73
35 24 3
35 26 -76
35 27 -54
35 28 89
35 29 23
35 30 -71
35 33 -33
35 34 46
35 36 93
35 37 -91
35 39 9
35 41 -90
35 44 -19
35 45 43
35 46 -61
35 47 -56
35 48 84
35 49 44
36 0 -21
36 4 80
36 5 -10
36 6 -34
36 7 -7
36 8 -69
36 9 -100
36 10 -37
36 11 -37
36 12 -67
36 13 -32
36 14 -60
36 17 54
36 18 2
36 19 7
36 21 65
36 22 -72
36 24 1
36 25 46
36 27 -10
36 29 -57
36 31 12
36 32 24
36 33 -56
36 34 25
36 36 33
36 37 -47
36 41 -87
36 42 91
36 43 74
36 44 81
36 45 -46
36 46 83
36 47 53
36 48 18
36 49 -51
37 0 10
37 1 -85
37 2 32
37 3 -32
37 4 61
37 6 -28
37 8 -73
37 10 86
37 12 82
37 13 54
37 14 -100
37 15 -33
37 17 -76
37 18 -52
37 19 23
37 20 5
37 21 -35
37 22 -75
37 23 -29
37 25 66
37 27 -90
37 31 13
37 33 -58
37 35 56
37 36 -85
37 37 69
37 38 97
37 39 88
37 40 -97
37 41 -86
37 42 3
37 43 -21
37 45 -9
37 46 48
37 47 -25
37 48 -76
37 49 -3
38 0 20
38 1 75
38 2 42
38 3 43
38 5 61
38 6 -47
38 8 -90
38 9 -17
38 11 -47
38 13 -53
38 16 -45
38 17 -55
38 18 57
38 19 -72
38 20 -38
38 22 57
38 23 -72
38 25 -47
38 26 -38
38 27 -98
38 28 -76
38 29 -70
38 30 3
38 31 53
38 34 15
38 35 60
38 36 55
38 37 35
38 38 92
38 41 53
38 42 40
38 43 -73
38 44 68
38 48 -71
38 49 -41
39 3 -76
39 4 -37
39 5 44
39 6 -66
39 7 -95
39 9 -55
39 10 -91
39 11 86
39 13 17
39 14 -49
39 15 30
39 16 90
39 17 20
39 18 53
39 19 -10
39 20 63
39 21 25
39 22 -25
39 23 -10
39 25 -38
39 26 -17
39 28 -43
39 29 56
39 30 96
39 31 -67
39 32 -32
39 33 54
39 34 15
39 37 68
39 38 21
39 40 -48
39 41 -82
39 42 -31
39 44 6
39 45 38
39 47 -67
39 49 -35
40 2 -82
40 4 -14
40 8 42
40 9 -10
40 10 -6
40 12 -74
40 13 71
40 15 7
40 16 -4
40 19 57
40 21 85
40 23 29
40 25 96
40 27 -86
40 28 -52
40 29 32
40 30 15
40 31 -54
40 32 47
40 36 -2
40 37 2
40 38 -18
40 40 -93
40 41 -39
40 42 60
40 44 -12
40 45 -20
40 46 23
40 47 -98
40 48 77
40 49 -94
41 0 -38
41 2 47
41 3 38
41 4 70
41 5 41
41 6 -47
41 7 -82
41 8 93
41 9 -72
41 10 -44
41 11 21
41 12 14
41 14 -61
41 15 -91
41 16 11
41 17 -10
41 18 45
41 19 39
41 21 -63
41 22 97
41 24 -43
41 25 72
41 26 -71
41 27 -55
41 28 93
41 30 9
41 31 49
41 32 -12
41 34 72
41 35 27
41 37 59
41 39 88
41 40 1
41 42 -92
41 44 -7
41 45 -65
41 46 -96
41 47 53
41 48 -44
41 49 68
42 0 -53
42 2 94
42 3 -33
42 4 96
42 5 -77
42 7 90
42 8 -14
42 9 -72
42 10 59
42 12 -10
42 13 -39
42 14 -72
42 15 -42
42 16 -2
42 17 -87
42 18 14
42 19 -30
42 20 -64
42 21 97
42 23 9
42 24 78
42 25 -23
42 26 73
42 28 25
42 29 -98
42 30 29
42 31 68
42 33 -55
42 36 -22
42 37 31
42 38 -69
42 39 -94
42 42 77
42 44 -2
42 45 23
42 46 12
42 47 -69
42 48 -25
43 0 64
43 1 -36
43 2 87
43 4 -25
43 6 -18
43 7 -66
43 8 33
43 10 81
43 11 10
43 13 93
43 14 -98
43 15 -81
43 16 -97
43 17 -3
43 19 -13
43 20 -24
43 21 10
43 23 -72
43 25 -18
43 26 94
43 28 -47
43 29 -11
43 30 -92
43 31 85
43 32 79
43 33 25
43 35 16
43 36 55
43 37 61
43 38 -10
43 40 -17
43 41 97
43 44 38
43 45 85
43 46 13
43 47 36
43 48 -86
43 49 5
44 0 -28
44 1 -29
44 4 -77
44 5 79
44 6 98
44 7 -82
44 8 94
44 9 66
44 10 96
44 11 -79
44 12 61
44 13 -69
44 14 -97
44 15 78
44 17 -78
44 18 40
44 20 92
44 21 3
44 22 -51
44 24 -47
44 26 61
44 27 -56
44 28 -27
44 29 83
44 31 -1
44 33 -80
44 34 6
44 35 -96
44 36 -87
44 37 65
44 38 44
44 39 -26
44 40 67
44 41 -93
44 42 -96
44 43 -53
44 44 -1
44 45 -25
44 46 -77
44 47 49
44 48 39
44 49 60
45 0 -63
45 1 44
45 2 -24
45 3 -74
45 4 82
45 6 -62
45 7 3
45 8 -100
45 10 20
45 11 81
45 12 -83
45 13 24
45 15 -87
45 17 44
45 18 5
45 19 4
45 21 -60
45 22 24
45 23 75
45 24 -73
45 25 97
45 26 -34
45 27 -64
45 28 -71
45 29 -90
45 30 55
45 31 50
45 32 62
45 33 -14
45 34 -47
45 35 85
45 36 -28
45 37 -34
45 38 96
45 39 -37
45 40 41
45 41 -40
45 45 76
45 46 -77
45 49 -29
46 0 52
46 1 73
46 3 87
46 4 -56
46 5 -90
46 7 81
46 9 77
46 10 11
46 11 -16
46 13 22
46 14 -34
46 15 17
46 17 -39
46 18 62
46 20 60
46 21 -43
46 22 -40
46 23 -63
46 24 -11
46 25 91
46 26 9
46 28 95
46 30 -30
46 32 77
46 33 -70
46 34 57
46 35 30
46 36 -64
46 37 -42
46 38 71
46 39 42
46 40 -55
46 41 16
46 42 -69
46 43 81
46 45 62
46 46 88
46 48 -12
46 49 32
47 0 97
47 1 -66
47 2 -45
47 3 57
47 4 -22
47 7 16
47 8 54
47 10 -47
47 11 95
47 12 -13
47 16 45
47 17 75
47 19 -98
47 20 100
47 21 30
47 23 50
47 26 -59
47 27 -60
47 28 -26
47 29 86
47 30 -38
47 31 -32
47 32 -80
47 34 5
47 36 11
47 37 78
47 38 64
47 39 -20
47 42 87
47 43 -38
47 44 -69
47 45 -35
47 46 66
47 48 37
47 49 34
48 0 -4
48 1 50
48 2 -57
48 3 -91
48 4 26
48 5 -90
48 6 16
48 7 71
48 8 -7
48 9 95
48 10 75
48 11 49
48 16 79
48 18 2
48 20 85
48 22 84
48 23 65
48 24 47
48 25 29
48 27 -79
48 30 -64
48 31 63
48 32 53
48 33 -70
48 34 -34
48 35 -39
48 36 -83
48 37 94
48 38 42
48 39 -7
48 40 59
48 41 -51
48 43 37
48 44 -92
48 45 -70
48 47 55
48 49 -55
49 2 -94
49 3 -46
49 5 38
49 6 64
49 7 -55
49 8 -43
49 9 -16
49 10 42
49 11 74
49 12 -74
49 15 52
49 17 45
49 18 47
49 20 -88
49 21 99
49 24 40
49 25 52
49 26 -78
49 28 -10
49 29 12
49 30 -77
49 31 30
49 32 -27
49 33 90
49 34 80
49 35 62
49 36 61
49 37 100
49 38 -84
49 39 50
49 40 -93
49 41 -88
49 42 -52
49 44 -48
49 45 4
49 46 4
49 47 25