0 0 -93
0 5 41
0 9 -44
0 13 42
0 16 -1
0 21 64
0 25 99
0 30 88
0 32 91
0 39 81
0 40 -84
0 42 46
0 46 25
0 48 -87
0 60 -16
0 67 48
0 69 19
0 72 70
0 76 19
0 77 37
0 89 -45
0 91 -90
0 93 73
0 98 -14
1 1 63
1 3 -59
1 16 -80
1 20 -56
1 21 38
1 29 45
1 30 24
1 33 33
1 37 62
1 41 -22
1 43 -67
1 46 72
1 48 84
1 49 -59
1 53 58
1 55 47
1 59 -70
1 69 64
1 74 15
1 76 -94
1 80 -60
1 81 -76
1 84 60
1 86 -34
1 87 91
1 95 -65
1 97 54
2 5 67
2 7 -19
2 14 -73
2 18 -96
2 27 -63
2 30 44
2 42 24
2 45 83
2 55 37
2 78 -43
2 80 -60
2 81 86
2 88 82
2 91 -55
2 95 -34
2 99 -4
3 0 -33
3 1 98
3 13 14
3 14 21
3 16 -2
3 19 37
3 28 53
3 30 -80
3 31 -36
3 35 -86
3 36 -18
3 38 51
3 42 -27
3 50 -43
3 51 61
3 61 13
3 63 28
3 87 5
4 16 -66
4 19 -96
4 22 -70
4 23 -88
4 24 -87
4 26 -22
4 30 -87
4 37 -13
4 39 53
4 40 -75
4 44 32
4 45 -74
4 46 89
4 49 59
4 50 -14
4 55 25
4 58 33
4 65 9
4 70 -68
4 75 -76
4 76 97
4 77 -1
4 80 -29
4 98 -25
5 0 -94
5 3 87
5 7 71
5 20 -55
5 24 38
5 38 60
5 53 36
5 54 57
5 58 34
5 64 -90
5 70 35
5 71 -91
5 74 -65
5 78 18
5 79 29
5 80 -73
5 83 -66
5 88 91
5 96 16
5 98 -27
6 4 -38
6 9 -2
6 15 -52
6 22 65
6 35 28
6 39 -34
6 44 46
6 45 70
6 46 -78
6 49 -90
6 52 -29
6 53 -87
6 54 -47
6 65 87
6 67 -24
6 74 -4
6 82 89
6 84 41
6 90 -22
6 95 8
6 97 -77
6 98 79
7 18 21
7 21 24
7 22 -41
7 24 34
7 25 -92
7 32 60
7 40 4
7 43 20
7 46 -73
7 52 20
7 59 -50
7 62 -58
7 63 -66
7 64 26
7 66 77
7 69 -30
7 70 31
7 74 -84
7 82 79
7 86 -62
7 92 -31
7 93 -25
8 3 40
8 5 -93
8 6 21
8 8 16
8 11 -5
8 21 54
8 25 59
8 26 68
8 27 -19
8 28 75
8 33 -56
8 35 37
8 39 100
8 40 15
8 48 -10
8 49 66
8 52 -77
8 53 -68
8 57 24
8 59 -81
8 61 79
8 67 85
8 69 -26
8 72 51
8 76 -68
8 79 68
8 85 96
8 93 -82
8 96 -82
9 6 84
9 8 51
9 11 20
9 12 48
9 13 85
9 14 65
9 16 -40
9 20 85
9 21 -2
9 24 38
9 27 -13
9 33 25
9 34 77
9 36 33
9 41 73
9 42 8
9 49 -41
9 51 -83
9 52 58
9 53 -64
9 57 -12
9 59 -46
9 61 48
9 68 -8
9 70 -86
9 74 -37
9 75 -5
9 76 -91
9 91 98
9 96 -20
10 1 85
10 3 -28
10 4 -27
10 8 71
10 10 -23
10 13 33
10 19 18
10 26 79
10 27 49
10 32 23
10 42 67
10 43 -33
10 44 76
10 48 -54
10 49 26
10 57 51
10 60 49
10 61 48
10 65 -52
10 66 -98
10 68 -100
10 70 -99
10 75 93
10 76 -27
10 77 23
10 78 -70
10 80 -74
10 84 29
10 91 -25
11 6 90
11 13 -67
11 16 -62
11 28 55
11 31 17
11 32 -82
11 36 -98
11 38 18
11 54 -9
11 56 67
11 64 87
11 66 -79
11 67 73
11 71 -75
11 72 -46
11 73 72
11 76 82
11 92 -68
11 96 74
12 5 -92
12 26 39
12 30 -29
12 31 -24
12 33 43
12 37 -11
12 39 -93
12 41 15
12 43 -71
12 49 -50
12 56 -14
12 58 -54
12 63 -49
12 69 75
12 70 -65
12 83 43
12 86 -11
12 87 -83
12 88 -10
12 91 47
12 94 44
13 2 -55
13 7 -59
13 17 38
13 18 10
13 31 63
13 34 -61
13 43 -68
13 45 -51
13 49 -59
13 58 -71
13 59 -16
13 65 -27
13 67 90
13 73 -23
13 77 -17
13 85 34
13 86 81
13 99 -37
14 9 92
14 16 60
14 17 -83
14 27 -12
14 29 77
14 34 30
14 35 43
14 39 67
14 40 -58
14 43 93
14 46 81
14 47 -7
14 51 -24
14 52 -63
14 54 63
14 55 69
14 58 -98
14 61 99
14 66 -81
14 67 -97
14 68 71
14 73 -81
14 74 32
14 82 36
14 93 85
15 2 -40
15 4 95
15 6 82
15 7 -80
15 11 -15
15 15 42
15 18 73
15 32 96
15 36 50
15 40 92
15 41 32
15 45 39
15 46 29
15 47 59
15 54 -81
15 57 -5
15 58 -36
15 65 -51
15 68 43
15 75 -6
15 96 -89
16 0 -21
16 15 32
16 17 -68
16 23 75
16 26 91
16 31 -22
16 39 -100
16 43 77
16 47 88
16 51 35
16 59 77
16 63 -99
16 66 51
16 71 -33
16 72 -27
16 74 -28
16 76 -11
16 77 51
16 79 47
16 86 -32
16 88 -4
16 94 -53
17 4 -90
17 6 94
17 16 95
17 18 68
17 20 66
17 23 -92
17 25 68
17 29 2
17 33 -9
17 36 -90
17 41 55
17 46 35
17 48 11
17 49 6
17 54 -85
17 62 71
17 63 -8
17 64 9
17 69 8
17 73 -8
17 76 -79
17 79 92
17 84 -55
17 93 -58
17 96 29
17 99 5
18 2 -97
18 4 -96
18 6 -36
18 7 -16
18 9 31
18 10 -4
18 13 -66
18 16 60
18 24 -80
18 25 16
18 27 45
18 29 73
18 31 15
18 40 63
18 42 72
18 48 24
18 53 70
18 59 -7
18 60 -51
18 61 -39
18 68 9
18 74 -3
18 77 -87
18 79 19
18 80 -61
18 83 77
18 84 -71
18 86 63
18 87 42
18 91 -23
19 1 -94
19 6 -81
19 11 -41
19 12 37
19 15 27
19 19 -93
19 26 -42
19 29 -86
19 40 -4
19 41 54
19 44 -43
19 52 -2
19 54 -75
19 57 -96
19 73 -55
19 82 -69
19 86 -22
19 88 -68
19 91 5
19 99 -49
20 1 95
20 6 -41
20 18 84
20 23 -80
20 26 -74
20 50 -62
20 59 2
20 60 70
20 61 55
20 62 41
20 63 -23
20 66 -12
20 69 50
20 73 -14
20 76 40
20 88 -18
20 90 58
20 91 84
20 92 18
20 93 -44
21 4 -75
21 9 26
21 15 -25
21 22 -68
21 23 -5
21 25 -39
21 31 -57
21 32 -16
21 35 98
21 39 70
21 42 47
21 47 4
21 52 -14
21 58 -77
21 61 -52
21 64 65
21 68 78
21 75 36
21 83 47
21 84 55
21 89 -98
21 93 95
21 95 85
22 4 -33
22 7 58
22 8 12
22 9 -43
22 11 65
22 15 90
22 21 43
22 26 -17
22 30 -27
22 33 -23
22 34 48
22 41 -95
22 46 -40
22 51 69
22 60 -46
22 63 -61
22 64 -45
22 69 55
22 78 -69
22 81 70
22 82 -77
22 83 -56
22 87 96
22 92 -100
22 95 16
22 97 97
22 99 87
23 0 21
23 1 17
23 8 -15
23 12 75
23 17 20
23 25 55
23 27 40
23 32 -65
23 39 -52
23 45 74
23 46 -36
23 52 35
23 55 -27
23 60 63
23 64 -21
23 75 -83
23 84 50
23 90 67
23 92 70
23 95 -76
23 99 -48
24 0 81
24 12 -20
24 19 53
24 26 -31
24 27 100
24 33 -52
24 35 57
24 56 60
24 60 -96
24 61 -11
24 62 71
24 71 98
24 76 8
24 78 -25
24 82 97
24 86 -64
24 88 -29
24 96 31
24 97 60
25 2 -35
25 5 88
25 7 -14
25 9 -3
25 14 -46
25 15 -94
25 20 65
25 26 -37
25 28 39
25 33 -67
25 34 -82
25 42 -63
25 45 -91
25 48 -83
25 52 83
25 57 -25
25 58 73
25 65 -92
25 72 -80
25 78 -41
25 79 -51
25 81 65
25 85 -66
25 86 -18
25 90 -23
25 98 95
26 4 2
26 5 -72
26 7 48
26 10 -62
26 20 60
26 21 76
26 27 56
26 35 -5
26 37 29
26 39 -73
26 41 30
26 52 98
26 53 48
26 56 63
26 59 -51
26 61 53
26 68 50
26 71 61
26 74 28
26 84 -68
26 90 16
26 95 34
26 97 -96
26 98 -28
26 99 -37
27 3 -88
27 11 7
27 12 -49
27 13 -77
27 21 57
27 30 -57
27 32 -36
27 33 -76
27 35 -69
27 38 -32
27 41 84
27 50 -60
27 51 52
27 62 13
27 63 14
27 68 60
27 69 71
27 70 58
27 82 70
27 87 22
27 98 34
28 2 23
28 3 100
28 14 66
28 15 -15
28 21 61
28 26 -38
28 27 85
28 32 13
28 42 71
28 43 -8
28 47 100
28 54 22
28 59 6
28 64 -62
28 74 8
28 75 -33
28 77 34
28 80 -95
28 86 -9
28 87 -16
28 94 74
28 96 -53
29 0 -98
29 10 64
29 14 44
29 21 12
29 22 10
29 25 3
29 26 37
29 27 -4
29 28 94
29 29 67
29 31 -63
29 42 34
29 43 -7
29 49 -45
29 55 38
29 61 -21
29 62 -24
29 64 77
29 71 21
29 74 -43
29 77 53
29 80 7
29 82 74
29 84 -38
29 87 19
29 93 -26
29 99 -78
30 2 -85
30 8 -29
30 23 19
30 24 -31
30 28 -17
30 32 27
30 37 -81
30 52 52
30 56 88
30 57 48
30 58 -91
30 60 3
30 64 -80
30 65 -42
30 85 -4
30 86 73
30 91 -37
30 92 69
30 98 -77
31 2 -35
31 5 42
31 6 -15
31 11 -70
31 13 85
31 14 -42
31 35 -90
31 37 37
31 41 -81
31 46 45
31 51 84
31 52 57
31 53 55
31 57 -73
31 62 -2
31 65 -10
31 67 15
31 71 2
31 76 54
31 79 30
31 81 68
31 85 -64
31 87 21
31 90 4
31 92 65
31 98 -53
32 1 -36
32 9 -12
32 25 79
32 31 98
32 32 -73
32 34 -28
32 49 -91
32 50 82
32 56 84
32 63 66
32 64 -27
32 65 -55
32 68 47
32 70 18
32 75 -23
32 77 99
32 82 -61
32 83 -10
32 89 13
33 0 84
33 2 -77
33 5 38
33 6 -46
33 11 48
33 13 -52
33 28 49
33 32 -55
33 34 -70
33 42 100
33 51 46
33 53 35
33 55 50
33 60 97
33 62 73
33 68 -47
33 73 -57
33 75 -30
33 78 92
33 79 30
33 81 -60
33 84 2
33 85 58
33 86 18
33 87 -100
33 89 -50
33 92 -88
33 93 56
33 96 -38
33 98 86
34 5 40
34 13 33
34 17 -34
34 19 100
34 23 -47
34 31 -42
34 44 -95
34 47 -82
34 48 30
34 49 -21
34 56 -33
34 57 32
34 60 83
34 62 -98
34 70 96
34 73 24
34 74 45
34 87 2
34 93 -79
34 94 48
35 10 69
35 12 96
35 18 -92
35 22 -36
35 23 77
35 30 25
35 38 84
35 43 -48
35 46 -30
35 49 -76
35 51 -6
35 54 -78
35 58 -51
35 60 -27
35 62 83
35 63 -32
35 66 -5
35 68 -81
35 74 31
35 79 91
35 81 -29
35 84 3
35 85 42
35 87 36
35 89 66
35 91 -90
35 92 -4
35 95 -68
35 96 19
35 99 -18
36 9 -96
36 11 -95
36 14 -96
36 16 -44
36 19 25
36 20 -3
36 32 64
36 33 -34
36 36 -37
36 43 5
36 52 -16
36 56 -31
36 65 4
36 78 -11
36 81 13
36 84 -62
36 85 61
36 86 68
36 88 -45
36 90 55
36 92 60
37 1 -68
37 12 -65
37 16 -43
37 20 25
37 39 -16
37 40 -9
37 41 46
37 42 -17
37 52 -27
37 60 45
37 66 -7
37 73 -40
37 75 15
37 79 -67
37 82 4
37 83 69
37 84 29
37 88 19
37 89 -89
37 90 42
38 3 74
38 10 -97
38 20 -79
38 30 -30
38 36 69
38 43 27
38 44 -82
38 45 -60
38 50 -37
38 56 -1
38 58 -62
38 61 -60
38 63 -66
38 65 99
38 70 -85
38 72 -78
38 74 43
38 75 90
38 88 -14
38 89 44
38 91 -42
38 93 -36
38 98 -65
39 7 -73
39 9 -12
39 14 -55
39 18 -45
39 20 -8
39 21 -57
39 23 2
39 27 72
39 30 6
39 37 -44
39 46 92
39 48 85
39 50 -6
39 60 -79
39 61 9
39 62 42
39 65 87
39 66 -7
39 70 -66
39 80 66
39 82 -51
39 84 -27
39 86 73
39 90 95
39 93 90
40 3 66
40 5 -63
40 10 -78
40 12 -63
40 20 -75
40 37 -28
40 41 -70
40 42 -79
40 43 82
40 44 -61
40 45 -30
40 46 46
40 48 -81
40 54 11
40 55 27
40 58 -81
40 60 45
40 61 52
40 62 67
40 73 83
40 74 60
40 77 78
40 78 -13
40 83 56
40 85 -16
40 86 50
40 94 -29
40 95 89
41 4 25
41 10 47
41 11 56
41 19 55
41 27 -28
41 28 24
41 34 73
41 45 20
41 46 -66
41 53 -62
41 56 -95
41 66 58
41 68 3
41 74 -41
41 75 -35
41 76 -18
41 86 18
41 88 82
41 89 90
42 0 49
42 4 34
42 8 48
42 12 29
42 13 -45
42 16 -21
42 19 -39
42 20 89
42 21 -30
42 22 -54
42 23 -10
42 24 83
42 27 4
42 28 -100
42 30 31
42 32 -80
42 37 19
42 40 -9
42 42 50
42 43 4
42 45 -38
42 48 -95
42 57 -48
42 62 52
42 67 -48
42 68 26
42 72 -12
42 73 -8
42 77 -43
42 81 40
42 82 8
42 91 -38
42 97 -11
43 8 -94
43 14 75
43 17 -45
43 29 35
43 34 60
43 36 -21
43 37 52
43 49 -5
43 54 47
43 56 37
43 62 -72
43 63 -67
43 70 41
43 71 -76
43 73 -82
43 75 -53
43 76 58
43 79 -33
43 89 42
43 92 54
43 95 -7
43 96 54
44 4 -39
44 6 58
44 7 -63
44 12 -29
44 13 8
44 14 -40
44 17 -67
44 24 -48
44 25 100
44 27 81
44 30 -15
44 36 65
44 41 -51
44 42 11
44 46 75
44 48 -70
44 51 -19
44 56 86
44 58 -94
44 68 -40
44 75 58
44 77 -30
44 78 -11
44 84 12
44 89 -52
44 93 -27
44 95 -15
44 96 -4
44 99 -56
45 1 14
45 3 48
45 4 99
45 9 -84
45 15 78
45 23 2
45 34 70
45 35 43
45 45 21
45 48 -34
45 49 36
45 50 -80
45 52 99
45 55 -34
45 56 92
45 57 -71
45 64 -43
45 75 -59
45 78 -45
45 83 32
45 84 47
45 90 19
45 92 -59
45 94 1
46 2 -60
46 3 41
46 4 -70
46 7 30
46 17 79
46 20 -46
46 23 70
46 26 19
46 27 59
46 28 -15
46 44 12
46 47 -29
46 58 25
46 59 -1
46 62 94
46 69 -30
46 78 81
46 79 69
46 84 49
46 85 -81
46 87 -25
46 88 96
46 96 -77
47 0 -91
47 2 19
47 3 69
47 10 42
47 17 77
47 21 -27
47 25 -94
47 26 54
47 28 -38
47 30 76
47 31 93
47 34 -80
47 44 95
47 45 92
47 51 39
47 54 -29
47 57 -86
47 71 -29
47 74 80
47 79 2
47 80 -60
47 81 47
47 84 -22
47 88 15
47 90 -72
47 92 85
47 95 59
47 96 -85
47 99 -52
48 1 -73
48 5 17
48 7 58
48 12 98
48 13 -94
48 17 -40
48 19 -100
48 25 -88
48 33 44
48 37 -60
48 49 1
48 56 -34
48 58 35
48 63 -22
48 64 -71
48 66 -81
48 67 -6
48 69 -34
48 72 72
48 73 14
48 74 -28
48 76 31
48 77 47
48 79 67
48 87 -91
48 88 23
48 90 -51
48 91 71
48 94 -1
48 96 96
48 99 -28
49 1 40
49 12 -41
49 13 85
49 14 68
49 16 -89
49 22 -40
49 24 -97
49 25 -94
49 26 -88
49 29 36
49 31 -60
49 32 91
49 35 30
49 40 49
49 41 -21
49 47 38
49 51 -38
49 53 -81
49 62 37
49 67 -37
49 73 29
49 79 91
49 88 -45
49 91 71
49 94 39
49 96 1
50 4 29
50 15 93
50 17 -100
50 20 16
50 29 88
50 30 -27
50 32 50
50 39 39
50 46 6
50 47 78
50 54 -66
50 57 -59
50 67 -43
50 68 -91
50 70 97
50 82 -55
50 87 -73
50 90 52
50 97 95
51 1 -60
51 10 52
51 13 92
51 27 -41
51 42 -73
51 51 -80
51 58 -7
51 59 -24
51 65 5
51 67 -7
51 71 -71
51 76 40
51 83 -46
51 84 -5
51 85 -46
51 89 -26
51 91 -62
51 92 14
51 94 -39
52 1 6
52 4 16
52 9 -16
52 11 -60
52 15 57
52 29 19
52 34 73
52 39 55
52 43 -44
52 44 93
52 45 -54
52 46 -68
52 48 50
52 51 -77
52 75 64
52 79 61
52 81 24
52 82 -5
52 88 -7
52 91 33
52 94 -47
52 97 -60
53 3 58
53 9 87
53 13 -20
53 24 7
53 27 68
53 30 -70
53 39 -4
53 40 -48
53 48 8
53 49 -34
53 53 2
53 54 -99
53 65 8
53 71 100
53 77 -45
53 78 44
53 97 4
53 99 9
54 0 -51
54 1 -78
54 4 -41
54 9 98
54 18 -87
54 20 28
54 23 95
54 26 16
54 31 38
54 39 -50
54 45 82
54 52 -45
54 55 41
54 59 12
54 66 7
54 69 51
54 72 -62
54 73 78
54 75 7
54 79 46
54 80 78
54 82 -34
54 84 -84
54 85 7
54 97 26
54 98 71
55 7 -32
55 8 23
55 12 -53
55 16 28
55 21 43
55 27 -18
55 36 -95
55 53 38
55 55 4
55 69 73
55 70 -52
55 74 -72
55 76 24
55 77 -47
55 78 59
55 84 -63
55 92 -53
55 93 -17
55 96 -54
56 4 95
56 5 -47
56 8 -78
56 13 -73
56 23 -58
56 25 -37
56 26 -75
56 36 -15
56 43 69
56 59 -14
56 61 31
56 76 -70
56 82 -41
56 84 12
56 85 -15
56 87 31
56 88 -59
56 93 52
56 96 -39
56 98 7
57 0 -72
57 2 -72
57 4 -64
57 7 -76
57 9 34
57 11 45
57 16 58
57 20 31
57 26 -34
57 29 11
57 34 -60
57 36 -12
57 44 30
57 45 -86
57 51 46
57 64 -15
57 70 3
57 75 64
57 80 -39
57 84 -19
57 92 98
57 93 -60
57 94 -25
57 99 -88
58 3 -93
58 4 -51
58 5 -17
58 8 67
58 10 63
58 11 -98
58 28 -8
58 29 57
58 32 -44
58 42 -58
58 54 44
58 55 25
58 58 -63
58 61 1
58 69 -4
58 74 -61
58 79 56
58 81 13
58 86 -70
58 92 37
59 2 96
59 17 -27
59 23 97
59 29 -47
59 35 2
59 36 -70
59 40 -35
59 49 50
59 50 -81
59 55 -20
59 56 -62
59 59 85
59 64 19
59 67 86
59 71 -28
59 73 32
59 80 32
59 82 15
59 83 85
59 87 -94
59 89 56
59 97 95
59 98 15
60 6 -18
60 11 5
60 17 74
60 22 94
60 26 4
60 32 30
60 37 -27
60 41 88
60 44 9
60 47 -11
60 49 -52
60 50 -62
60 52 -26
60 55 93
60 59 17
60 62 -10
60 70 -37
60 77 -45
60 78 -9
60 83 -40
60 86 81
60 87 -88
60 91 15
60 94 72
60 99 -37
61 0 -42
61 1 15
61 3 -37
61 4 54
61 13 26
61 19 -61
61 20 18
61 23 54
61 26 -71
61 39 -80
61 41 70
61 42 -90
61 43 69
61 45 -72
61 52 55
61 62 78
61 66 -94
61 81 -57
61 82 84
61 85 -30
61 92 -39
61 93 -90
61 95 -36
61 96 -22
61 97 23
61 98 -58
62 1 -98
62 3 -62
62 7 31
62 14 72
62 21 65
62 23 11
62 27 52
62 30 26
62 37 -73
62 45 38
62 46 45
62 47 6
62 56 -87
62 62 -69
62 64 5
62 67 94
62 70 59
62 76 76
62 81 33
62 82 -1
62 86 -45
62 90 94
62 91 30
62 96 -60
63 3 -44
63 5 -14
63 17 15
63 18 -43
63 23 88
63 35 90
63 36 -47
63 42 -36
63 44 -97
63 48 9
63 55 -58
63 57 87
63 58 -69
63 59 -11
63 62 -30
63 70 92
63 79 59
63 87 81
63 92 6
63 93 -15
63 96 -66
63 97 36
64 1 -32
64 2 -6
64 6 71
64 7 26
64 18 -54
64 24 52
64 30 53
64 31 -83
64 35 -97
64 36 96
64 38 89
64 47 -37
64 54 -83
64 58 -93
64 59 17
64 61 -81
64 66 37
64 69 96
64 80 70
64 89 15
64 95 89
64 96 -31
64 98 15
65 11 83
65 16 57
65 24 -92
65 26 -41
65 27 15
65 33 -49
65 38 -33
65 40 54
65 41 33
65 48 -98
65 54 -59
65 60 -71
65 62 -57
65 72 70
65 82 -6
65 90 -55
65 91 -82
65 93 37
66 3 -4
66 5 26
66 6 -59
66 8 82
66 12 -90
66 15 25
66 16 20
66 28 -1
66 35 -16
66 38 62
66 56 62
66 59 -68
66 64 -3
66 65 64
66 72 83
66 73 42
66 82 51
66 88 36
66 91 -38
66 94 -40
67 1 -84
67 2 51
67 8 -82
67 11 -82
67 12 42
67 14 79
67 17 -25
67 23 27
67 24 93
67 28 -83
67 33 -91
67 42 62
67 44 65
67 46 72
67 50 -68
67 56 20
67 62 62
67 64 83
67 66 -43
67 71 39
67 81 -33
67 82 -71
67 87 81
67 92 24
67 95 93
67 96 57
67 99 2
68 6 -70
68 9 -92
68 22 -11
68 25 -7
68 26 -40
68 34 5
68 36 33
68 42 -10
68 50 94
68 57 71
68 60 36
68 73 33
68 78 -76
68 82 -81
68 83 -71
68 85 45
68 86 47
68 89 -1
69 4 66
69 20 51
69 23 62
69 25 -18
69 26 -79
69 31 98
69 32 -78
69 34 -13
69 38 53
69 41 47
69 51 38
69 64 -85
69 65 88
69 66 -63
69 67 76
69 71 -5
69 73 51
69 78 -90
69 79 -86
69 84 -22
69 86 97
69 97 35
70 2 -77
70 18 1
70 19 -35
70 25 85
70 27 -52
70 28 31
70 29 -78
70 31 92
70 35 -92
70 37 -81
70 40 -88
70 41 -52
70 43 -83
70 46 62
70 50 79
70 54 76
70 59 79
70 60 10
70 61 -17
70 62 63
70 66 12
70 73 -26
70 78 80
70 83 76
71 7 -51
71 11 -90
71 21 -13
71 22 -67
71 26 71
71 27 -80
71 29 -72
71 37 67
71 42 -50
71 52 93
71 61 -51
71 71 -24
71 73 -41
71 78 73
71 81 52
71 86 8
71 87 11
71 95 -78
72 0 -24
72 3 -19
72 4 -52
72 5 66
72 7 30
72 10 -100
72 12 93
72 14 -90
72 18 76
72 20 8
72 24 -96
72 26 86
72 27 60
72 28 20
72 29 -70
72 31 98
72 32 -10
72 36 -91
72 46 -87
72 50 27
72 59 -77
72 64 1
72 67 62
72 69 -82
72 74 -20
72 84 38
72 93 60
73 9 -45
73 14 75
73 16 -98
73 22 -7
73 24 26
73 26 -8
73 27 -87
73 29 -61
73 37 -28
73 50 98
73 51 -73
73 54 61
73 55 -32
73 59 -67
73 61 23
73 67 -62
73 70 36
73 71 -76
73 77 19
73 78 74
73 81 -91
73 87 11
73 97 -47
73 99 -42
74 1 -92
74 3 1
74 11 50
74 14 -88
74 16 57
74 23 -25
74 25 -16
74 32 52
74 39 -2
74 45 60
74 49 -77
74 62 -96
74 64 55
74 67 -94
74 70 -92
74 83 17
74 87 -92
74 90 28
74 94 31
74 97 15
75 10 -30
75 13 -44
75 20 -20
75 21 -9
75 24 65
75 26 -17
75 39 77
75 52 -58
75 53 -78
75 56 30
75 64 -24
75 72 -79
75 79 67
75 80 18
75 83 -32
75 85 -86
75 97 -86
76 5 46
76 6 -6
76 8 31
76 10 49
76 13 53
76 21 -8
76 25 4
76 30 98
76 39 41
76 41 -19
76 51 11
76 53 28
76 55 -54
76 56 29
76 60 67
76 68 87
76 76 58
76 79 -64
76 83 86
76 87 -71
76 91 86
76 97 86
77 1 66
77 8 -16
77 11 1
77 20 -2
77 26 -65
77 28 -22
77 33 16
77 37 36
77 57 -28
77 62 60
77 66 13
77 68 -30
77 79 6
77 84 -1
77 92 26
77 93 -63
77 94 20
77 96 -27
78 1 42
78 3 84
78 6 1
78 11 63
78 17 1
78 19 -88
78 23 -8
78 26 35
78 34 -55
78 37 -27
78 40 10
78 45 2
78 47 60
78 49 100
78 58 62
78 59 -33
78 62 19
78 64 -95
78 65 -75
78 69 14
78 70 -53
78 76 34
78 81 52
78 87 63
78 88 -98
78 94 -24
78 98 37
79 4 -40
79 9 96
79 13 -82
79 15 -82
79 18 38
79 23 60
79 33 -85
79 34 41
79 35 -20
79 36 -37
79 40 -84
79 46 -68
79 47 -86
79 52 -92
79 53 90
79 60 -33
79 63 -59
79 74 12
79 79 -84
79 82 40
79 84 7
79 88 -29
79 89 -25
79 90 13
79 94 43
79 97 41
80 1 -40
80 4 24
80 5 9
80 6 -34
80 18 -73
80 20 -59
80 22 -29
80 27 26
80 28 81
80 31 79
80 34 -77
80 37 -26
80 38 -12
80 40 -74
80 52 56
80 57 80
80 62 1
80 66 43
80 69 -34
80 71 89
80 74 11
80 75 -2
80 87 33
80 91 -8
80 92 -96
80 94 36
80 97 72
81 2 24
81 6 10
81 16 -81
81 20 84
81 21 33
81 24 66
81 27 -37
81 33 97
81 34 43
81 41 11
81 48 93
81 52 50
81 60 74
81 73 -48
81 75 -7
81 79 81
81 80 -66
81 83 -65
81 91 -20
81 92 -98
81 96 25
81 97 -19
81 98 18
82 2 -53
82 4 68
82 9 -48
82 12 -33
82 14 8
82 26 -57
82 32 -38
82 34 4
82 47 81
82 48 29
82 54 -1
82 63 -47
82 65 73
82 74 63
82 76 -42
82 80 -18
82 81 -43
82 83 92
82 85 -47
82 91 97
82 97 26
82 98 -26
82 99 -3
83 0 74
83 4 -58
83 6 99
83 9 -28
83 20 84
83 26 15
83 28 -96
83 36 -66
83 42 -15
83 43 -67
83 44 -17
83 45 46
83 50 83
83 55 76
83 57 20
83 59 -85
83 60 90
83 61 -24
83 70 -20
83 73 -41
83 89 52
84 3 46
84 4 54
84 18 90
84 21 -70
84 24 -15
84 30 -23
84 37 -9
84 38 6
84 40 -10
84 49 -34
84 50 44
84 55 37
84 63 79
84 65 58
84 67 22
84 75 99
84 76 -59
84 79 36
84 84 -22
84 85 -56
84 90 73
84 95 -55
84 96 13
85 1 -3
85 3 29
85 10 8
85 13 88
85 15 -48
85 16 -41
85 24 79
85 25 -86
85 27 -26
85 33 -17
85 36 87
85 39 25
85 42 -63
85 44 20
85 49 30
85 50 -42
85 52 62
85 53 -88
85 54 -54
85 61 -35
85 63 73
85 64 -96
85 65 -32
85 79 -34
85 81 45
85 83 69
85 86 -83
85 92 -81
85 93 78
85 95 22
85 96 -36
86 0 -22
86 10 -73
86 12 -13
86 16 -72
86 17 44
86 19 -62
86 20 63
86 28 -5
86 31 37
86 48 76
86 55 -49
86 63 -29
86 68 -18
86 74 -46
86 77 50
86 80 -32
86 88 -93
86 92 55
86 94 -86
86 95 45
87 1 88
87 4 -87
87 5 -70
87 9 43
87 13 67
87 17 65
87 19 36
87 22 -65
87 25 36
87 26 -81
87 36 -34
87 39 88
87 40 -52
87 41 39
87 56 14
87 58 -96
87 59 -20
87 61 57
87 65 81
87 75 -91
87 76 -47
87 78 65
87 83 -65
87 85 -16
87 86 62
87 87 -87
87 90 56
88 6 97
88 9 -92
88 11 84
88 19 -96
88 22 -91
88 23 10
88 26 45
88 27 -10
88 29 76
88 32 86
88 34 -5
88 35 68
88 36 -37
88 39 -12
88 46 69
88 48 56
88 53 39
88 60 -71
88 61 -89
88 63 61
88 65 20
88 68 54
88 70 -2
88 72 21
88 75 24
88 81 27
88 84 5
88 87 -87
88 95 17
89 1 -72
89 2 26
89 5 64
89 10 82
89 11 -94
89 17 50
89 25 51
89 34 92
89 39 -6
89 41 79
89 42 29
89 52 36
89 57 32
89 61 -11
89 62 -2
89 72 -43
89 75 -95
89 77 32
89 79 -94
89 83 -12
89 91 -89
89 92 -33
90 2 -51
90 7 34
90 10 86
90 13 -35
90 16 35
90 17 -10
90 20 100
90 21 -56
90 24 -38
90 35 41
90 39 99
90 41 -89
90 46 -16
90 48 -12
90 50 -1
90 63 -47
90 65 73
90 84 -43
90 94 55
90 97 -39
91 7 1
91 27 99
91 28 46
91 29 -72
91 35 -57
91 62 66
91 68 89
91 71 54
91 72 54
91 74 -9
91 75 25
91 81 -40
91 87 -50
91 89 29
91 90 -77
91 98 -63
91 99 46
92 1 59
92 2 63
92 5 -1
92 10 -61
92 12 97
92 22 -14
92 27 -70
92 36 -90
92 71 -100
92 74 49
92 79 -10
92 80 78
92 85 80
92 89 -92
92 93 -5
92 98 71
92 99 -4
93 1 -58
93 9 -49
93 11 1
93 14 -69
93 17 -87
93 27 21
93 31 -90
93 35 60
93 38 -46
93 43 -20
93 44 -83
93 46 74
93 52 -54
93 71 37
93 74 -90
93 78 -63
93 82 2
93 87 56
93 93 -65
93 95 26
94 1 95
94 11 85
94 12 -32
94 13 -26
94 25 39
94 26 -54
94 28 -23
94 33 -74
94 43 71
94 60 26
94 62 77
94 64 -47
94 65 -76
94 71 -43
94 75 98
94 79 82
94 82 52
94 83 -69
94 88 -51
94 95 -64
95 2 -57
95 3 -44
95 10 28
95 18 54
95 21 -80
95 30 29
95 31 65
95 36 -69
95 38 -25
95 39 -17
95 42 -6
95 45 -8
95 50 64
95 52 41
95 59 10
95 60 5
95 70 -85
95 84 10
95 90 -33
96 2 91
96 9 60
96 12 -46
96 17 -79
96 32 -57
96 35 99
96 36 64
96 37 8
96 38 -51
96 40 39
96 42 -67
96 51 -53
96 60 -8
96 63 -30
96 64 46
96 70 7
96 72 60
96 73 -3
96 75 43
96 78 27
96 80 78
96 92 96
96 99 -57
97 3 -62
97 11 -23
97 12 91
97 14 70
97 15 -12
97 21 -21
97 28 2
97 36 26
97 37 -49
97 40 -66
97 43 45
97 49 -49
97 59 19
97 75 26
97 82 24
97 84 -39
97 87 -75
97 88 76
97 92 -53
98 3 9
98 5 -59
98 14 33
98 16 -6
98 19 39
98 22 43
98 26 43
98 28 7
98 34 -69
98 38 -10
98 44 39
98 46 -4
98 47 49
98 48 -98
98 51 -55
98 55 84
98 60 3
98 61 -47
98 63 -50
98 64 12
98 67 -19
98 70 -34
98 76 34
98 80 -17
98 83 44
98 87 28
98 92 86
99 6 87
99 9 78
99 19 19
99 20 87
99 25 -46
99 32 -65
99 35 12
99 36 -70
99 38 -45
99 39 -46
99 41 89
99 42 61
99 49 86
99 55 -38
99 58 -33
99 67 -82
99 68 -36
99 71 -3
99 85 -63
99 89 -10
99 93 95
99 95 -15
99 96 -27