0 0 -21
0 1 -75
0 4 71
0 10 -31
0 12 -74
0 16 -81
0 17 43
0 18 48
0 19 -100
0 22 8
0 24 58
0 25 -93
0 26 -18
0 27 -68
0 28 3
0 29 80
0 30 -21
0 31 -26
0 32 -8
0 33 66
0 34 37
0 36 -51
0 37 56
0 38 -50
0 40 41
0 41 55
0 42 -3
0 43 47
0 45 -37
0 46 -17
0 47 60
0 48 -63
0 49 -64
1 1 -33
1 2 -38
1 5 9
1 6 -80
1 8 24
1 10 -52
1 11 -60
1 12 43
1 13 -67
1 15 -56
1 16 8
1 17 96
1 18 -11
1 19 62
1 20 56
1 22 56
1 23 90
1 24 35
1 25 -44
1 26 -8
1 27 -34
1 28 -88
1 29 70
1 30 81
1 32 5
1 34 61
1 35 99
1 38 -38
1 39 61
1 41 -86
1 42 28
1 43 -61
1 44 -92
1 48 -4
2 4 -85
2 7 -7
2 8 -9
2 9 82
2 10 51
2 12 41
2 13 -98
2 15 -87
2 16 5
2 17 -98
2 19 -46
2 21 -59
2 23 -94
2 24 -28
2 26 63
2 27 -13
2 29 -98
2 31 -4
2 32 52
2 34 83
2 35 38
2 38 3
2 41 -44
2 42 -78
2 43 -2
2 45 -64
2 46 -28
2 48 -30
3 0 -44
3 2 44
3 3 55
3 7 92
3 9 38
3 11 -2
3 12 37
3 14 84
3 15 41
3 17 -58
3 18 98
3 21 -100
3 23 -79
3 25 29
3 26 37
3 29 31
3 30 -8
3 31 20
3 34 15
3 36 -79
3 37 34
3 42 -17
3 43 33
3 44 -27
3 45 -38
4 1 -8
4 3 -26
4 4 35
4 5 6
4 7 -23
4 9 -18
4 10 73
4 11 51
4 12 39
4 13 55
4 14 12
4 15 53
4 16 -35
4 17 -99
4 18 84
4 19 90
4 20 29
4 21 -68
4 22 56
4 25 25
4 26 -88
4 27 -19
4 28 38
4 29 -9
4 32 27
4 34 55
4 35 71
4 36 -55
4 40 56
4 41 55
4 42 62
4 43 -50
4 45 88
4 46 -21
4 49 94
5 2 30
5 4 -60
5 5 78
5 8 87
5 10 -15
5 11 -49
5 14 -7
5 15 65
5 17 -87
5 18 -40
5 19 7
5 20 2
5 21 79
5 23 4
5 25 7
5 27 -67
5 29 -20
5 31 -76
5 35 19
5 36 43
5 37 -14
5 38 87
5 39 18
5 40 -58
5 41 74
5 43 9
5 47 15
6 1 -16
6 2 9
6 4 -47
6 5 -20
6 6 -100
6 7 85
6 8 -10
6 9 -3
6 10 -77
6 11 -87
6 13 -54
6 14 61
6 15 2
6 17 9
6 18 35
6 19 -69
6 20 83
6 21 92
6 23 -39
6 24 9
6 25 24
6 26 54
6 27 61
6 28 67
6 29 49
6 30 -68
6 31 31
6 35 -78
6 36 -54
6 37 87
6 38 -8
6 39 -5
6 41 10
6 42 89
6 43 -11
6 44 -54
6 45 36
6 46 -59
7 0 57
7 1 -34
7 4 65
7 5 -65
7 6 -37
7 8 20
7 10 -26
7 11 64
7 12 86
7 13 -12
7 14 23
7 17 -6
7 18 68
7 21 34
7 22 33
7 23 -56
7 24 -15
7 25 44
7 26 16
7 27 -90
7 28 67
7 29 64
7 31 93
7 33 -24
7 34 75
7 35 -29
7 37 4
7 38 -5
7 40 95
7 42 73
7 43 46
7 44 -87
7 48 54
7 49 41
8 3 27
8 4 -91
8 5 -26
8 6 43
8 7 60
8 9 82
8 12 16
8 14 -63
8 16 38
8 20 -93
8 21 47
8 22 69
8 23 67
8 24 58
8 25 -93
8 26 16
8 28 8
8 29 10
8 30 58
8 31 -62
8 34 -29
8 35 94
8 37 31
8 38 46
8 41 -86
8 42 -91
8 43 -65
8 45 28
8 46 -22
8 47 30
8 48 -92
8 49 97
9 2 -69
9 3 -64
9 4 86
9 8 -39
9 9 -79
9 10 -23
9 12 -93
9 13 -17
9 16 -18
9 18 96
9 19 -98
9 20 -34
9 24 -67
9 26 39
9 28 10
9 29 32
9 32 -26
9 33 65
9 35 -41
9 36 22
9 37 -62
9 38 80
9 39 -8
9 40 85
9 41 45
9 44 -67
9 45 -35
9 46 96
9 49 -82
10 0 8
10 1 68
10 3 99
10 5 37
10 6 -85
10 8 78
10 10 -32
10 13 -34
10 14 -61
10 16 66
10 17 66
10 18 28
10 19 20
10 21 11
10 22 91
10 23 -23
10 24 79
10 25 -62
10 26 62
10 27 -9
10 28 96
10 29 -87
10 30 -47
10 31 -16
10 32 -61
10 33 57
10 35 -50
10 36 94
10 38 -66
10 44 -72
10 45 -74
10 46 -40
10 47 42
10 48 -65
10 49 96
11 0 -34
11 2 89
11 4 -54
11 5 -60
11 7 64
11 8 52
11 9 -7
11 10 98
11 13 -81
11 16 -5
11 17 34
11 18 -28
11 19 58
11 21 -57
11 22 -23
11 24 -44
11 25 -40
11 27 22
11 28 -16
11 29 23
11 33 -15
11 34 -59
11 35 -83
11 37 -12
11 38 100
11 40 -98
11 41 -45
11 42 62
11 43 18
11 45 -34
11 46 89
11 49 35
12 1 -48
12 2 66
12 3 70
12 5 -7
12 6 10
12 8 97
12 9 -71
12 10 -22
12 11 -94
12 12 -67
12 13 9
12 14 -83
12 15 -40
12 19 65
12 20 21
12 26 89
12 27 62
12 28 -1
12 29 -50
12 30 97
12 31 90
12 37 -79
12 38 42
12 39 43
12 40 -85
12 41 9
12 42 66
12 46 45
12 47 -79
12 48 -29
13 1 -34
13 4 -15
13 5 -16
13 7 13
13 9 -38
13 10 -37
13 11 -8
13 12 -14
13 13 32
13 14 -16
13 16 50
13 17 90
13 18 -3
13 19 18
13 20 79
13 21 -45
13 22 -2
13 23 -67
13 24 8
13 25 97
13 26 -77
13 27 -76
13 30 88
13 31 5
13 32 -58
13 33 -70
13 34 37
13 35 35
13 36 -52
13 38 8
13 39 -65
13 40 -92
13 41 53
13 43 -71
13 44 26
13 45 -65
13 46 100
13 48 -5
13 49 -56
14 0 -91
14 1 -25
14 2 -81
14 5 -54
14 8 4
14 9 93
14 10 39
14 11 -18
14 12 45
14 13 -96
14 15 -86
14 18 53
14 20 59
14 22 -29
14 24 22
14 25 -37
14 26 -41
14 27 -18
14 28 74
14 29 -37
14 30 -77
14 31 -43
14 32 -37
14 33 -100
14 34 -20
14 35 -95
14 37 47
14 38 56
14 40 39
14 42 -31
14 43 23
14 44 -76
14 45 54
14 46 -68
14 47 80
14 48 81
15 0 -85
15 1 61
15 2 -51
15 3 -63
15 4 -31
15 5 41
15 6 -46
15 7 -9
15 8 90
15 9 -43
15 10 -69
15 11 82
15 13 -28
15 14 95
15 16 41
15 18 -88
15 19 74
15 20 -8
15 21 -3
15 22 -49
15 26 -46
15 27 -39
15 28 76
15 34 -23
15 35 -54
15 37 11
15 39 -43
15 40 -97
15 41 -31
15 42 -56
15 43 96
15 48 70
16 0 13
16 1 -95
16 4 40
16 5 38
16 6 -85
16 8 -4
16 10 -66
16 11 -8
16 12 79
16 13 -96
16 14 45
16 16 -34
16 17 36
16 18 28
16 20 -98
16 21 -98
16 24 100
16 28 -4
16 29 36
16 31 -93
16 33 67
16 35 -38
16 39 -26
16 40 43
16 41 -26
16 42 40
16 43 -37
16 44 -76
16 45 -6
17 0 100
17 2 75
17 3 96
17 6 -73
17 7 -64
17 9 -61
17 11 71
17 14 -95
17 18 -93
17 19 79
17 20 99
17 21 -41
17 25 -100
17 29 36
17 30 71
17 31 -58
17 34 90
17 35 88
17 36 68
17 37 88
17 38 -88
17 39 91
17 40 -70
17 43 -77
17 44 -49
17 45 8
17 46 45
17 47 -77
17 48 -59
17 49 -70
18 0 92
18 1 -84
18 2 -37
18 3 -29
18 4 38
18 5 -29
18 6 50
18 7 -63
18 8 70
18 9 -28
18 11 -20
18 12 65
18 13 -89
18 14 94
18 15 -20
18 16 83
18 18 100
18 19 25
18 20 -12
18 22 -13
18 25 54
18 26 97
18 27 -44
18 28 -5
18 30 -61
18 31 11
18 32 67
18 33 51
18 34 -10
18 35 -65
18 36 18
18 37 91
18 40 -26
18 41 66
18 42 -52
18 44 -15
18 46 -68
18 47 58
18 49 61
19 0 31
19 1 49
19 2 17
19 3 -1
19 4 17
19 5 -70
19 6 -54
19 7 71
19 9 -97
19 12 44
19 13 66
19 15 -32
19 16 -79
19 17 -99
19 22 44
19 24 -70
19 28 -59
19 29 -15
19 33 -73
19 34 9
19 35 38
19 38 -65
19 39 -53
19 40 -48
19 41 -54
19 42 56
19 43 -85
19 44 17
19 46 33
19 47 11
19 48 -58
20 0 -9
20 2 56
20 3 76
20 4 37
20 5 -32
20 7 -67
20 8 25
20 9 -65
20 12 82
20 17 -8
20 18 -51
20 19 -40
20 20 -15
20 21 -90
20 23 63
20 25 63
20 26 -99
20 27 55
20 29 28
20 30 -100
20 31 85
20 32 72
20 33 -60
20 35 -52
20 37 -77
20 38 51
20 39 -68
20 40 86
20 42 50
20 43 13
20 44 -67
20 46 28
20 49 55
21 2 -71
21 3 -80
21 4 -28
21 5 30
21 7 -75
21 8 -83
21 10 5
21 11 -73
21 12 -55
21 13 -26
21 14 94
21 15 -25
21 17 -37
21 19 32
21 20 49
21 21 58
21 22 2
21 24 -56
21 25 95
21 28 57
21 29 68
21 32 -7
21 34 98
21 35 44
21 36 76
21 39 18
21 40 -9
21 42 84
21 43 -2
21 44 -23
21 45 -77
21 46 16
21 48 45
22 0 -78
22 1 88
22 3 -34
22 4 3
22 6 16
22 7 51
22 11 -48
22 12 -28
22 16 91
22 18 63
22 19 -37
22 21 9
22 23 81
22 25 -81
22 27 -20
22 28 -20
22 30 66
22 31 -65
22 32 6
22 33 -11
22 34 90
22 35 48
22 37 -64
22 40 63
22 41 -21
22 42 -96
22 45 -10
22 46 -6
22 47 -28
23 2 -62
23 3 18
23 4 10
23 5 -40
23 7 -6
23 10 10
23 11 76
23 15 -17
23 16 27
23 17 81
23 18 -10
23 19 -7
23 22 -4
23 23 -34
23 24 83
23 25 14
23 28 -20
23 30 16
23 31 47
23 32 -5
23 33 -49
23 34 47
23 35 92
23 36 94
23 37 -95
23 38 -97
23 39 45
23 41 42
23 42 -50
23 43 40
23 44 -37
23 45 12
23 47 -83
24 0 -73
24 1 -72
24 2 98
24 3 24
24 4 -91
24 5 28
24 6 57
24 8 -72
24 9 -13
24 10 -87
24 11 63
24 12 96
24 13 -76
24 14 64
24 15 -67
24 17 -54
24 19 77
24 20 12
24 21 -45
24 24 97
24 26 64
24 27 100
24 29 -44
24 30 -44
24 32 19
24 33 31
24 34 -51
24 35 98
24 36 -10
24 37 -61
24 38 2
24 39 -68
24 40 52
24 41 64
24 42 58
24 45 88
24 46 -52
24 48 37
25 1 -70
25 2 38
25 4 -99
25 5 93
25 6 46
25 8 5
25 10 28
25 11 24
25 12 -27
25 13 -46
25 15 -68
25 21 48
25 22 70
25 24 42
25 25 89
25 26 -18
25 28 -81
25 29 -31
25 31 75
25 32 -52
25 33 68
25 34 34
25 35 -44
25 36 -7
25 39 78
25 40 36
25 41 -26
25 42 8
25 43 10
25 46 67
25 47 20
25 48 -24
25 49 62
26 0 -36
26 1 -67
26 2 -34
26 4 -92
26 7 -28
26 11 31
26 12 -30
26 13 89
26 14 -13
26 16 68
26 17 -6
26 18 -94
26 21 77
26 22 -78
26 24 -24
26 25 -1
26 27 -45
26 28 -72
26 29 81
26 31 31
26 32 -100
26 33 -26
26 34 -47
26 35 -36
26 36 42
26 38 -35
26 43 28
26 44 -13
26 45 67
26 46 -50
26 49 40
27 0 36
27 3 6
27 5 79
27 7 49
27 8 39
27 14 -15
27 17 -99
27 18 -18
27 20 52
27 22 93
27 23 -8
27 24 80
27 25 -74
27 26 -57
27 27 98
27 28 -77
27 30 37
27 31 -55
27 32 6
27 33 -15
27 34 -79
27 35 60
27 36 -70
27 37 -64
27 39 -52
27 40 -4
27 41 -67
27 43 -86
27 45 -73
27 46 2
27 49 69
28 1 -36
28 4 33
28 5 -65
28 6 -66
28 8 -24
28 9 3
28 12 90
28 13 26
28 16 9
28 17 -8
28 18 -34
28 19 59
28 20 -9
28 23 -39
28 24 99
28 26 100
28 27 -50
28 30 -52
28 31 86
28 32 2
28 34 65
28 35 -87
28 36 42
28 39 -43
28 41 81
28 42 80
28 43 21
28 44 -54
28 45 74
28 46 -98
28 49 49
29 0 -49
29 1 -68
29 2 -38
29 4 20
29 5 -86
29 6 -91
29 7 -61
29 9 -34
29 10 63
29 12 24
29 14 -38
29 20 9
29 22 4
29 23 41
29 24 60
29 25 -75
29 26 62
29 27 -53
29 30 31
29 33 -25
29 34 -45
29 35 39
29 36 96
29 38 -60
29 39 48
29 40 -22
29 41 -40
29 42 -82
29 45 48
29 46 -27
29 48 -81
29 49 -71
30 1 23
30 2 32
30 3 -68
30 5 -72
30 6 53
30 7 -81
30 8 84
30 9 -76
30 10 -54
30 11 -30
30 13 -46
30 14 -13
30 15 -89
30 16 -93
30 18 -75
30 19 -8
30 20 -83
30 23 -1
30 24 -81
30 25 -44
30 26 -56
30 27 -41
30 30 1
30 31 26
30 33 64
30 34 -55
30 35 -87
30 36 90
30 38 27
30 39 74
30 40 -17
30 42 -44
30 43 -20
30 44 84
30 45 -95
30 46 -37
30 48 5
31 1 -16
31 3 63
31 4 -10
31 5 -88
31 7 46
31 9 94
31 11 18
31 12 10
31 15 75
31 16 -9
31 19 79
31 21 96
31 22 -83
31 23 -36
31 24 34
31 25 57
31 26 1
31 28 -14
31 31 46
31 35 42
31 36 21
31 38 -27
31 39 65
31 40 -40
31 43 67
31 44 82
31 45 35
31 47 -44
31 49 -69
32 1 52
32 3 -71
32 7 97
32 9 34
32 10 -35
32 11 -52
32 13 8
32 14 7
32 16 -3
32 18 -81
32 20 -88
32 21 47
32 22 -29
32 23 -29
32 24 67
32 25 78
32 26 -25
32 28 -46
32 29 -80
32 30 -77
32 33 19
32 36 -93
32 39 -48
32 41 10
32 43 -83
32 45 46
32 47 -65
32 48 94
32 49 -99
33 0 -12
33 1 49
33 2 38
33 3 100
33 5 -61
33 9 -25
33 11 84
33 14 43
33 17 1
33 18 51
33 19 17
33 20 12
33 23 98
33 25 -36
33 29 18
33 30 -9
33 31 42
33 32 -13
33 34 -40
33 35 46
33 37 -5
33 38 6
33 39 -39
33 41 53
33 42 85
33 43 44
33 44 69
33 45 -85
33 47 69
34 0 47
34 3 17
34 4 -90
34 5 49
34 6 98
34 8 -18
34 9 -45
34 10 -61
34 11 -26
34 12 -36
34 13 -19
34 14 -80
34 15 15
34 16 22
34 17 7
34 18 31
34 19 54
34 20 -10
34 21 80
34 22 9
34 23 -25
34 26 -54
34 28 -96
34 29 45
34 30 39
34 31 -100
34 32 9
34 33 -12
34 34 -37
34 36 -93
34 37 43
34 38 -76
34 39 -9
34 42 -32
34 43 69
34 44 -92
34 45 -1
34 47 99
35 3 81
35 4 -6
35 5 -20
35 7 -98
35 8 -53
35 10 -71
35 11 38
35 12 -13
35 15 -14
35 16 -8
35 20 -35
35 21 -27
35 23 -35
35 25 -63
35 26 1
35 27 67
35 28 77
35 29 -7
35 31 58
35 36 88
35 37 -39
35 38 -92
35 41 -26
35 42 65
35 44 57
35 45 82
35 46 64
35 47 -56
35 49 24
36 0 -35
36 5 -26
36 6 -67
36 7 -94
36 8 -73
36 9 98
36 10 69
36 11 36
36 14 66
36 15 76
36 16 63
36 18 -60
36 20 54
36 21 59
36 22 -40
36 23 -61
36 24 -33
36 25 11
36 27 -81
36 29 3
36 30 -11
36 32 88
36 33 -3
36 34 82
36 36 -22
36 37 89
36 40 -88
36 41 -34
36 42 -64
36 43 29
36 45 10
36 47 94
37 0 39
37 1 39
37 2 -16
37 4 -44
37 5 -85
37 6 -99
37 7 25
37 8 -3
37 9 -41
37 10 52
37 12 17
37 13 58
37 15 21
37 17 51
37 18 -72
37 19 -6
37 20 -9
37 21 -27
37 22 28
37 23 -48
37 24 57
37 25 32
37 26 77
37 27 -74
37 29 -15
37 30 -32
37 31 88
37 32 -14
37 34 76
37 35 87
37 36 -56
37 37 5
37 39 37
37 40 -57
37 41 64
37 43 34
37 45 -54
37 46 -12
37 47 84
37 48 -56
37 49 57
38 1 -53
38 4 -7
38 6 -43
38 7 90
38 8 75
38 10 27
38 12 -30
38 14 -42
38 15 -79
38 18 -37
38 20 -48
38 22 36
38 24 -18
38 26 54
38 27 79
38 28 52
38 29 -50
38 31 -69
38 33 -38
38 34 11
38 35 -6
38 36 33
38 37 71
38 38 -77
38 39 13
38 41 -77
38 45 75
38 46 84
38 47 -4
38 49 55
39 0 14
39 2 83
39 3 -12
39 4 67
39 5 74
39 6 -18
39 7 16
39 10 -96
39 11 75
39 12 80
39 14 76
39 15 -50
39 16 -33
39 17 -50
39 19 12
39 20 -63
39 24 -59
39 26 76
39 27 64
39 28 -98
39 29 43
39 30 -64
39 32 72
39 33 -21
39 34 83
39 35 -17
39 37 -19
39 38 -32
39 40 68
39 41 92
39 42 38
39 43 -55
39 44 -32
39 45 50
39 48 15
39 49 74
40 1 49
40 5 -75
40 6 -26
40 7 33
40 8 -70
40 9 43
40 12 14
40 13 56
40 14 -4
40 15 33
40 17 70
40 18 -61
40 20 85
40 21 90
40 22 -21
40 23 47
40 24 -97
40 26 -28
40 27 -11
40 28 -35
40 30 38
40 31 -3
40 34 40
40 35 -16
40 37 16
40 38 60
40 39 -46
40 42 46
40 43 -92
40 45 -83
40 46 93
40 48 48
41 0 25
41 3 -41
41 5 -16
41 7 -54
41 11 70
41 14 -25
41 15 2
41 16 95
41 17 85
41 18 63
41 19 -54
41 20 9
41 21 65
41 22 -33
41 23 -25
41 26 -32
41 29 42
41 30 -52
41 33 13
41 34 -94
41 35 95
41 36 56
41 38 62
41 39 -44
41 41 22
41 44 6
41 45 -90
41 46 -3
41 47 95
42 0 59
42 1 95
42 2 45
42 4 -9
42 7 -72
42 10 22
42 11 20
42 12 99
42 13 -68
42 14 -58
42 15 25
42 18 2
42 19 -41
42 20 35
42 21 -49
42 22 30
42 23 72
42 24 -94
42 26 -66
42 27 -92
42 28 8
42 29 -36
42 30 -16
42 31 -58
42 32 -1
42 34 -58
42 36 66
42 37 -7
42 38 -95
42 39 93
42 40 -41
42 41 78
42 42 -82
42 43 74
42 46 26
42 47 -10
42 48 15
42 49 27
43 0 92
43 1 -71
43 4 64
43 6 63
43 7 -75
43 8 41
43 9 11
43 10 90
43 11 -51
43 15 -4
43 16 -28
43 17 10
43 19 7
43 20 57
43 21 3
43 22 17
43 23 -68
43 24 97
43 25 85
43 27 18
43 28 -68
43 30 77
43 31 -63
43 33 28
43 34 -41
43 35 68
43 36 31
43 37 54
43 38 58
43 40 1
43 41 -35
43 42 -24
43 43 -45
43 46 10
43 47 94
43 49 28
44 0 -96
44 1 74
44 4 97
44 5 75
44 7 -88
44 8 14
44 10 -91
44 13 96
44 17 100
44 19 35
44 21 61
44 22 -96
44 23 -88
44 24 -43
44 26 99
44 27 86
44 29 -76
44 30 13
44 31 -48
44 32 -88
44 33 71
44 35 25
44 38 1
44 39 -63
44 42 -3
44 43 -3
44 44 -75
44 45 37
44 46 -15
44 47 -2
44 49 36
45 0 -82
45 1 37
45 2 55
45 3 95
45 4 13
45 5 -42
45 6 -73
45 7 -83
45 8 -77
45 9 -66
45 13 98
45 15 -53
45 16 -41
45 19 -61
45 20 2
45 21 80
45 25 9
45 26 92
45 27 -69
45 28 -77
45 29 59
45 30 41
45 31 -20
45 33 99
45 35 99
45 36 -60
45 38 -74
45 40 -37
45 42 74
45 43 64
45 45 69
45 46 -56
45 49 24
46 1 -89
46 2 23
46 5 -95
46 7 12
46 8 74
46 9 50
46 10 -83
46 11 -51
46 12 -28
46 13 -7
46 16 -35
46 17 31
46 18 -65
46 19 72
46 20 39
46 22 -3
46 23 70
46 25 -80
46 26 -97
46 28 86
46 30 -59
46 32 79
46 33 39
46 35 -46
46 36 80
46 38 -32
46 39 -65
46 40 96
46 41 65
46 45 47
46 46 82
46 48 66
46 49 56
47 1 64
47 2 92
47 4 -72
47 7 1
47 8 5
47 9 -10
47 10 63
47 14 -46
47 17 3
47 19 92
47 20 84
47 23 -26
47 24 -47
47 26 -54
47 27 43
47 28 -57
47 29 36
47 34 59
47 35 -33
47 36 78
47 39 -87
47 43 88
47 45 -56
47 46 -77
47 48 75
47 49 -20
48 0 11
48 1 -26
48 2 -4
48 3 -74
48 4 16
48 5 14
48 6 -45
48 7 73
48 8 9
48 9 -58
48 10 15
48 11 -87
48 13 9
48 16 -7
48 18 -62
48 19 52
48 20 80
48 21 16
48 22 20
48 24 -4
48 26 -72
48 28 -63
48 29 40
48 31 100
48 32 -43
48 33 92
48 34 -37
48 35 26
48 36 -94
48 38 13
48 42 -65
48 43 19
48 44 76
48 46 18
48 47 83
48 48 77
49 0 94
49 1 -29
49 2 8
49 4 -30
49 6 -50
49 9 -53
49 10 -12
49 11 39
49 13 31
49 14 46
49 17 8
49 18 77
49 20 19
49 21 -26
49 22 -12
49 23 74
49 24 7
49 27 -7
49 28 -18
49 32 34
49 33 14
49 35 29
49 36 91
49 37 41
49 41 -1
49 42 -64
49 44 -96
49 45 84
49 49 -59