0 0 100
0 1 60
0 3 -27
0 4 -14
0 6 14
0 8 52
0 9 50
0 11 -64
0 13 54
0 18 -77
0 19 51
0 21 -46
0 23 43
0 24 -84
0 25 -8
0 27 29
0 28 39
0 29 -26
0 31 9
0 33 3
0 34 -14
0 36 -58
0 38 -44
0 39 45
0 40 -95
0 42 61
0 43 -80
0 44 -71
0 45 -86
0 46 85
0 48 96
1 3 31
1 4 47
1 8 42
1 9 -92
1 10 96
1 11 63
1 13 -85
1 15 81
1 16 36
1 17 -62
1 18 53
1 19 -29
1 20 -94
1 24 60
1 25 -77
1 26 81
1 27 40
1 28 76
1 29 -93
1 31 -86
1 32 -64
1 35 67
1 37 -86
1 40 54
1 41 73
1 42 -33
1 44 -21
1 46 44
1 49 7
2 1 24
2 2 -66
2 3 27
2 4 86
2 5 -1
2 7 -43
2 8 -30
2 9 -92
2 10 53
2 11 -18
2 13 71
2 15 -51
2 16 99
2 18 -89
2 20 85
2 22 98
2 24 -84
2 26 -13
2 27 23
2 28 -72
2 29 30
2 30 15
2 31 -30
2 36 4
2 39 -94
2 40 -19
2 42 47
2 44 42
2 46 31
2 47 57
2 49 61
3 0 67
3 2 6
3 3 -85
3 5 51
3 7 -73
3 8 -77
3 9 51
3 12 -56
3 13 -99
3 14 70
3 15 33
3 16 -69
3 18 62
3 19 55
3 21 93
3 22 50
3 26 -88
3 29 -69
3 30 69
3 31 -84
3 33 76
3 34 -97
3 39 -47
3 40 -31
3 42 47
3 43 60
3 44 94
3 45 15
3 48 -39
3 49 26
4 1 -67
4 2 -56
4 3 67
4 4 -59
4 6 -12
4 7 -67
4 9 21
4 12 -44
4 14 22
4 15 -65
4 16 77
4 18 -55
4 20 35
4 21 -55
4 22 63
4 23 11
4 26 77
4 28 46
4 29 -53
4 30 -9
4 34 38
4 35 -2
4 36 84
4 37 -63
4 39 -32
4 40 44
4 44 17
4 48 -98
5 1 17
5 3 -63
5 4 71
5 7 -14
5 9 -63
5 10 67
5 15 -90
5 17 31
5 18 -66
5 19 -43
5 20 52
5 21 87
5 22 88
5 23 -18
5 24 -92
5 25 3
5 27 26
5 28 79
5 31 79
5 32 -73
5 35 -97
5 39 -68
5 40 61
5 41 87
5 42 -42
5 46 -41
5 47 -98
5 49 54
6 1 -15
6 3 -86
6 9 95
6 11 -29
6 12 32
6 14 78
6 15 54
6 16 -5
6 17 -59
6 18 -80
6 19 19
6 22 -4
6 23 24
6 27 21
6 31 -57
6 32 52
6 33 -49
6 35 54
6 36 -48
6 38 -24
6 42 92
6 45 -37
6 48 90
7 2 -45
7 3 -45
7 5 -62
7 7 81
7 9 38
7 10 -45
7 13 -90
7 14 82
7 15 11
7 16 64
7 17 97
7 18 88
7 19 -43
7 26 64
7 27 79
7 28 -46
7 31 -14
7 34 58
7 39 -55
7 42 67
7 43 7
7 45 43
7 49 94
8 0 18
8 2 -48
8 3 -93
8 5 10
8 7 -54
8 8 65
8 9 -83
8 10 99
8 11 -46
8 12 -87
8 13 15
8 14 83
8 16 15
8 17 16
8 18 89
8 19 -84
8 20 32
8 21 -78
8 22 -69
8 25 -50
8 26 -97
8 28 -85
8 29 -39
8 30 -47
8 33 -17
8 35 -51
8 38 37
8 43 13
8 44 -95
8 45 22
8 47 -57
8 49 74
9 0 84
9 1 -58
9 2 -58
9 3 10
9 4 -9
9 5 72
9 6 43
9 7 2
9 8 53
9 9 -92
9 10 -37
9 12 18
9 15 -21
9 17 -92
9 20 -100
9 22 -11
9 23 25
9 25 38
9 26 86
9 28 -69
9 29 26
9 31 -45
9 32 29
9 33 79
9 36 16
9 37 99
9 39 -78
9 40 -76
9 41 45
9 42 -84
9 43 -30
9 44 -31
9 46 57
9 47 53
9 48 -31
9 49 66
10 0 -92
10 2 -6
10 3 -57
10 5 -6
10 6 25
10 9 5
10 10 64
10 11 89
10 12 -40
10 13 27
10 14 42
10 15 -25
10 16 51
10 18 -4
10 19 65
10 21 -16
10 22 -27
10 23 -91
10 26 -61
10 28 -21
10 29 -41
10 30 43
10 32 -31
10 35 -84
10 36 -49
10 38 -56
10 40 26
10 42 -4
10 47 24
10 49 48
11 0 -73
11 1 38
11 7 55
11 9 -41
11 10 15
11 11 -4
11 12 41
11 13 28
11 15 -97
11 16 -5
11 18 18
11 19 97
11 20 8
11 21 56
11 23 71
11 24 89
11 25 -84
11 27 66
11 28 -68
11 29 93
11 36 -86
11 37 96
11 39 -46
11 41 -69
11 42 -74
11 45 85
11 47 -21
11 48 -77
12 0 31
12 3 82
12 5 -36
12 11 -60
12 12 -74
12 14 45
12 15 -18
12 17 73
12 19 -95
12 20 -69
12 22 -17
12 23 -45
12 24 -80
12 25 -96
12 28 -4
12 30 -19
12 34 -100
12 35 -52
12 36 93
12 39 92
12 43 -79
12 47 3
13 3 -81
13 4 -12
13 5 -6
13 6 -15
13 9 -73
13 11 -6
13 14 -52
13 16 -45
13 17 27
13 21 33
13 23 65
13 24 -31
13 26 21
13 27 -67
13 28 -92
13 31 99
13 34 -97
13 36 -67
13 37 2
13 41 100
13 42 -72
13 45 -20
13 49 -71
14 0 -64
14 5 -82
14 6 13
14 8 23
14 9 35
14 10 38
14 11 72
14 13 7
14 14 -41
14 15 -17
14 16 37
14 17 27
14 19 -56
14 20 -71
14 22 43
14 26 43
14 27 48
14 31 -38
14 32 -38
14 33 -10
14 36 -64
14 37 20
14 40 -32
14 41 35
14 47 68
14 49 72
15 1 -66
15 2 27
15 4 -65
15 5 78
15 6 13
15 8 90
15 10 45
15 12 4
15 16 -37
15 17 85
15 18 26
15 22 -76
15 23 -65
15 24 -45
15 25 -86
15 27 26
15 28 6
15 32 -4
15 33 98
15 34 27
15 35 -97
15 36 -17
15 37 -10
15 42 -17
15 44 -78
15 45 -7
16 4 -19
16 5 -60
16 6 -23
16 9 -83
16 10 -3
16 12 87
16 13 78
16 15 95
16 17 5
16 19 -40
16 20 -93
16 21 -51
16 26 -81
16 28 31
16 34 8
16 35 15
16 40 71
16 41 -16
16 44 35
16 46 52
17 0 16
17 1 -57
17 2 14
17 3 -33
17 6 88
17 7 -30
17 12 -76
17 14 94
17 15 -67
17 16 -94
17 18 55
17 19 -4
17 20 39
17 22 49
17 23 93
17 24 -28
17 25 47
17 26 -85
17 27 -40
17 28 -33
17 30 25
17 31 -81
17 32 -31
17 33 53
17 37 -20
17 38 21
17 39 -60
17 40 41
17 42 -38
17 43 48
17 44 68
18 0 -23
18 1 -90
18 2 33
18 4 74
18 5 -71
18 8 31
18 10 43
18 11 84
18 12 -58
18 14 -47
18 16 -41
18 17 89
18 18 5
18 19 94
18 20 -24
18 21 -18
18 23 -73
18 24 13
18 29 27
18 34 5
18 35 -70
18 36 46
18 37 18
18 39 38
18 41 3
18 43 -2
18 44 -50
18 45 -82
18 47 -33
18 48 8
19 2 -4
19 4 -65
19 7 -56
19 8 67
19 9 -94
19 10 -71
19 11 93
19 12 -89
19 14 90
19 15 -92
19 16 13
19 18 13
19 19 -26
19 20 -88
19 22 33
19 23 91
19 24 -43
19 25 69
19 29 18
19 30 52
19 31 1
19 32 12
19 33 47
19 35 -38
19 36 55
19 38 -58
19 40 41
19 41 55
19 42 50
19 47 75
19 48 77
20 0 19
20 1 -10
20 2 27
20 3 32
20 5 -46
20 6 -31
20 8 -90
20 9 -85
20 10 -85
20 11 60
20 16 -84
20 17 -85
20 18 -90
20 20 -70
20 27 90
20 28 -100
20 31 -95
20 32 45
20 33 15
20 36 -63
20 37 -94
20 39 31
20 42 43
20 43 -44
20 44 -78
20 45 -58
20 46 -90
20 47 -70
20 48 -8
20 49 -82
21 0 25
21 1 -2
21 3 72
21 4 -27
21 6 90
21 7 -71
21 9 -88
21 10 73
21 12 -74
21 13 70
21 16 -57
21 18 13
21 21 99
21 23 44
21 25 -52
21 26 89
21 29 -61
21 30 97
21 33 -96
21 34 -7
21 38 95
21 39 -53
21 40 -59
21 41 -7
21 43 6
21 44 -72
21 47 28
21 48 12
21 49 -34
22 1 49
22 2 55
22 3 -50
22 4 46
22 6 64
22 7 -100
22 8 -85
22 9 -31
22 10 -88
22 11 -55
22 12 -50
22 13 86
22 14 -36
22 15 -43
22 17 -69
22 18 21
22 19 -2
22 27 -58
22 28 -100
22 30 74
22 32 99
22 35 79
22 36 -61
22 37 96
22 38 -27
22 41 -50
22 43 63
22 44 67
22 46 99
22 47 -1
23 0 82
23 4 66
23 5 15
23 6 2
23 8 -56
23 9 -44
23 10 4
23 12 63
23 13 -41
23 21 -21
23 22 29
23 24 -97
23 26 -7
23 27 9
23 29 96
23 31 84
23 32 -60
23 33 54
23 35 83
23 36 72
23 38 -68
23 40 -28
23 44 -9
23 46 -27
23 47 85
23 49 -77
24 0 73
24 2 -12
24 3 16
24 4 -95
24 5 -53
24 7 -53
24 8 57
24 9 2
24 11 -15
24 12 -16
24 13 -43
24 14 -33
24 16 -93
24 19 -50
24 23 -21
24 27 -86
24 28 -28
24 30 -50
24 31 -25
24 32 36
24 34 -76
24 35 -84
24 38 53
24 39 -48
24 40 -65
24 41 75
24 44 85
24 45 -26
24 46 -98
24 48 -68
24 49 -88
25 2 97
25 3 -25
25 4 84
25 6 74
25 7 44
25 13 -6
25 14 -92
25 16 68
25 21 90
25 22 -89
25 24 59
25 25 9
25 27 64
25 29 15
25 30 75
25 31 -73
25 32 73
25 33 -43
25 35 62
25 39 -90
25 40 78
25 42 21
25 45 -24
25 48 69
25 49 7
26 0 -49
26 1 -64
26 3 100
26 4 -79
26 5 77
26 7 -67
26 9 52
26 10 -57
26 13 71
26 14 -38
26 16 -21
26 17 15
26 20 -13
26 21 -49
26 23 -67
26 24 54
26 27 55
26 28 -2
26 29 -72
26 33 49
26 34 -99
26 36 40
26 37 -12
26 38 6
26 39 -40
26 40 45
26 41 -86
26 42 78
26 43 -42
26 44 -24
26 49 -26
27 1 -60
27 2 99
27 5 -73
27 6 -76
27 7 -80
27 10 -68
27 11 25
27 12 -34
27 16 25
27 17 -48
27 18 -69
27 19 -95
27 22 28
27 23 65
27 31 -69
27 33 44
27 34 59
27 37 94
27 40 41
27 41 24
27 44 67
27 48 -10
28 0 -30
28 1 -9
28 3 18
28 4 86
28 10 74
28 17 -41
28 19 36
28 20 99
28 23 -48
28 25 26
28 26 50
28 27 -11
28 29 29
28 30 -41
28 32 74
28 33 99
28 34 88
28 35 72
28 36 -16
28 40 10
28 41 79
28 42 -71
28 45 94
28 47 67
28 48 35
28 49 -9
29 0 50
29 1 85
29 4 -66
29 6 -31
29 8 62
29 10 -4
29 11 -60
29 12 -71
29 13 21
29 14 85
29 15 39
29 17 29
29 19 83
29 25 11
29 26 -65
29 27 32
29 28 99
29 30 -93
29 31 -22
29 32 64
29 33 84
29 35 60
29 36 -54
29 38 -75
29 40 -64
29 41 -80
29 42 -16
29 43 -94
29 46 -47
29 48 7
29 49 5
30 2 -36
30 4 -13
30 6 47
30 8 -15
30 9 62
30 10 45
30 11 79
30 12 41
30 13 74
30 14 75
30 17 -65
30 19 -89
30 20 66
30 23 -32
30 24 -17
30 28 -40
30 29 84
30 33 -54
30 34 93
30 36 -87
30 37 -64
30 39 -96
30 40 -9
30 41 -54
30 46 83
30 47 58
30 48 -6
31 0 -54
31 1 -13
31 2 -94
31 4 46
31 7 -86
31 8 -78
31 10 -90
31 11 1
31 13 41
31 16 47
31 17 -27
31 18 60
31 20 -47
31 22 87
31 23 70
31 24 -71
31 25 4
31 26 -11
31 28 8
31 29 -94
31 30 91
31 32 54
31 35 -12
31 36 -27
31 37 -16
31 38 -36
31 39 -66
31 40 -10
31 45 -86
31 46 -74
32 1 57
32 7 80
32 8 -42
32 9 29
32 13 -30
32 14 -91
32 17 81
32 21 -42
32 22 -24
32 24 21
32 25 30
32 27 79
32 29 -67
32 30 -50
32 31 -52
32 32 56
32 33 23
32 37 -39
32 38 -43
32 39 -70
32 40 58
32 46 71
32 47 -81
32 48 -22
33 0 -94
33 1 24
33 2 14
33 3 14
33 4 26
33 5 -99
33 8 35
33 10 -64
33 11 -95
33 12 -83
33 13 -36
33 15 51
33 16 84
33 17 59
33 18 5
33 19 -17
33 21 -4
33 22 12
33 23 -75
33 24 -73
33 25 -14
33 27 12
33 28 97
33 29 -14
33 31 68
33 32 -57
33 33 9
33 34 83
33 35 -87
33 36 -27
33 38 29
33 41 -73
33 43 -48
33 46 -92
33 47 18
33 49 63
34 0 -18
34 3 -63
34 4 -59
34 6 62
34 7 -76
34 10 36
34 11 -96
34 16 24
34 17 -3
34 21 -5
34 23 -49
34 24 76
34 25 95
34 26 5
34 28 -86
34 29 -44
34 31 -52
34 35 31
34 36 84
34 37 72
34 38 19
34 41 -41
34 43 45
34 44 -27
34 46 -7
34 47 96
34 48 -4
34 49 4
35 1 93
35 4 17
35 5 -66
35 8 17
35 9 -91
35 10 -88
35 11 -63
35 12 50
35 13 17
35 14 -30
35 15 -95
35 16 54
35 19 69
35 20 -20
35 21 -95
35 23 -66
35 25 -81
35 27 93
35 29 -82
35 30 -18
35 31 -61
35 32 14
35 37 -74
35 38 97
35 42 -43
35 44 -29
35 46 49
35 47 19
35 48 38
36 2 -3
36 3 72
36 6 -11
36 7 40
36 9 97
36 10 -99
36 13 -38
36 16 58
36 23 58
36 24 91
36 25 -4
36 29 99
36 31 84
36 33 -59
36 34 -66
36 36 -31
36 38 21
36 41 -8
36 44 -8
36 45 -38
36 46 -30
36 48 56
37 1 -48
37 2 29
37 3 -85
37 4 -67
37 5 30
37 6 73
37 11 31
37 12 -79
37 13 -4
37 17 -59
37 18 -34
37 20 -59
37 21 -98
37 23 74
37 28 49
37 29 -72
37 30 -50
37 32 21
37 33 38
37 34 -36
37 38 -83
37 39 -67
37 41 92
37 45 -28
37 46 -11
37 48 34
38 0 -76
38 1 95
38 3 -41
38 6 99
38 7 57
38 9 100
38 10 -74
38 12 24
38 13 91
38 16 55
38 17 -85
38 19 100
38 20 -60
38 21 -50
38 22 43
38 23 5
38 27 -79
38 29 43
38 32 36
38 33 26
38 35 97
38 37 -77
38 38 40
38 41 -19
38 42 -65
38 44 87
38 45 -92
38 48 -23
38 49 -44
39 0 -21
39 1 -14
39 4 -58
39 6 -81
39 8 97
39 11 50
39 13 97
39 14 -54
39 17 17
39 18 -75
39 19 13
39 20 23
39 21 94
39 22 -2
39 24 -5
39 25 23
39 26 -6
39 27 6
39 29 42
39 31 64
39 32 66
39 33 2
39 34 93
39 35 -22
39 37 -6
39 39 96
39 40 -70
39 41 94
39 42 43
39 43 -61
39 44 -41
39 45 -20
39 46 -50
39 47 2
39 49 6
40 0 27
40 2 46
40 5 -32
40 6 -69
40 7 -32
40 11 77
40 15 70
40 16 76
40 18 -93
40 21 -73
40 23 -67
40 24 100
40 28 70
40 29 96
40 30 -63
40 32 22
40 33 -29
40 36 -24
40 39 -77
40 40 76
40 42 -92
40 44 -58
40 46 26
40 47 39
40 48 55
40 49 -100
41 0 -2
41 1 -90
41 3 -28
41 4 -84
41 5 -54
41 7 -57
41 11 95
41 13 -34
41 16 44
41 17 56
41 18 61
41 19 -62
41 21 -64
41 24 54
41 25 69
41 26 32
41 27 -73
41 28 -28
41 30 -92
41 31 -87
41 32 -35
41 33 96
41 35 8
41 36 19
41 37 100
41 38 81
41 40 68
41 42 76
41 44 94
41 45 68
41 46 -27
41 48 84
42 2 19
42 3 24
42 4 -65
42 8 -77
42 10 -85
42 11 -71
42 15 -1
42 16 34
42 21 -77
42 22 -23
42 23 -82
42 25 76
42 26 10
42 27 -81
42 28 -45
42 29 -99
42 34 41
42 35 -4
42 37 52
42 44 -3
42 45 -33
42 46 50
42 47 -31
42 48 88
42 49 -27
43 2 5
43 3 69
43 4 -84
43 5 44
43 7 -44
43 10 -52
43 11 -17
43 14 97
43 15 -7
43 16 -33
43 20 -65
43 21 82
43 22 -13
43 24 -70
43 28 11
43 29 -13
43 31 24
43 33 -58
43 35 58
43 36 -50
43 37 -91
43 38 32
43 40 52
43 41 7
43 42 52
43 43 -7
43 44 -95
43 46 -92
43 47 58
44 0 40
44 2 84
44 6 49
44 7 18
44 8 -17
44 11 -63
44 12 37
44 15 -35
44 17 -79
44 18 59
44 19 59
44 20 -83
44 21 68
44 22 -77
44 23 82
44 24 -61
44 25 -24
44 26 -51
44 27 34
44 28 -2
44 30 91
44 31 46
44 33 69
44 34 71
44 36 61
44 38 -36
44 42 -28
44 45 -74
44 46 -83
44 48 78
44 49 9
45 1 -18
45 3 -88
45 4 57
45 5 -85
45 6 -72
45 7 25
45 8 31
45 9 -65
45 10 12
45 11 -79
45 14 -78
45 20 84
45 23 1
45 25 35
45 26 68
45 28 -79
45 29 40
45 33 -56
45 35 -3
45 38 4
45 40 22
45 43 -28
45 44 58
45 45 73
45 46 42
45 48 -61
45 49 93
46 0 25
46 2 19
46 4 58
46 5 18
46 6 -5
46 8 76
46 9 45
46 10 -64
46 11 -5
46 12 50
46 13 -22
46 14 88
46 15 -67
46 16 10
46 17 -7
46 19 -79
46 23 -43
46 24 -96
46 26 75
46 27 46
46 28 91
46 29 65
46 30 -97
46 34 -48
46 35 -4
46 36 -65
46 38 92
46 41 -18
46 42 -80
46 43 -88
46 45 -48
46 46 20
46 47 -92
46 48 38
46 49 76
47 1 16
47 3 -55
47 4 74
47 6 34
47 7 -100
47 8 6
47 9 -30
47 11 -66
47 12 33
47 13 -19
47 14 46
47 15 24
47 16 -83
47 18 -25
47 19 48
47 21 80
47 23 40
47 24 83
47 25 -50
47 26 7
47 28 71
47 29 -8
47 30 -27
47 32 91
47 34 61
47 35 -54
47 37 -93
47 38 -5
47 39 -29
47 40 90
47 41 -72
47 43 -29
47 47 -35
47 48 -75
47 49 -59
48 0 64
48 2 64
48 3 57
48 5 85
48 6 -6
48 7 95
48 9 -56
48 10 -43
48 15 93
48 16 17
48 17 86
48 18 21
48 19 91
48 22 48
48 25 61
48 27 -21
48 28 71
48 29 -31
48 33 81
48 34 -37
48 35 50
48 36 -32
48 37 58
48 39 -99
48 40 86
48 41 -51
48 43 67
48 48 -69
48 49 15
49 0 9
49 2 -74
49 4 -14
49 6 -92
49 7 41
49 8 -52
49 9 -61
49 10 82
49 11 21
49 13 -100
49 14 -3
49 15 50
49 16 -96
49 17 48
49 18 48
49 21 -63
49 24 73
49 25 33
49 33 -50
49 34 -63
49 36 52
49 37 -8
49 38 -74
49 39 -63
49 40 82
49 41 -60
49 42 -95
49 47 -30
49 48 -84
49 49 -14