0 7 -63
0 10 -3
0 16 100
0 30 26
0 42 -65
0 60 60
0 68 12
0 77 100
0 94 13
0 99 60
1 1 -66
1 17 -34
1 20 61
1 27 -50
1 35 1
1 65 91
1 79 -43
1 88 77
1 91 -24
1 93 -87
2 27 21
2 36 -14
2 53 -21
2 57 24
2 58 16
2 60 -81
2 71 46
2 79 30
2 92 67
3 0 -91
3 30 16
3 49 72
3 51 43
3 54 -48
3 56 -65
3 60 29
3 61 -98
3 82 9
4 11 -78
4 29 48
4 32 -48
4 57 89
4 65 -65
4 68 -53
4 84 -42
4 92 86
5 8 -95
5 58 -21
5 60 -67
5 66 -6
5 77 -77
5 83 19
5 87 -18
5 90 -48
6 3 1
6 10 -96
6 20 -3
6 22 -49
6 40 -78
6 41 56
6 43 -49
6 53 14
6 74 49
6 79 -80
6 80 53
6 84 17
6 86 27
6 92 -82
7 17 48
7 18 77
7 22 91
7 30 75
7 36 -74
7 43 64
7 60 45
7 91 97
8 13 -27
8 22 -13
8 31 -46
8 45 -47
8 53 -42
8 62 75
8 86 74
9 0 -90
9 8 9
9 23 -40
9 39 17
9 57 87
9 62 -28
9 70 23
9 74 -35
9 82 -38
9 86 60
9 96 -48
10 8 -9
10 11 -24
10 16 43
10 19 83
10 23 -46
10 38 25
10 45 -93
10 48 -74
10 56 50
10 77 41
10 86 82
11 28 -83
11 37 -71
11 43 -18
11 45 -61
11 51 -51
11 61 40
11 70 73
11 79 32
11 98 -19
12 3 78
12 9 83
12 23 90
12 38 6
12 60 -76
12 99 -68
13 21 -43
13 26 29
13 28 38
13 57 100
13 62 49
13 90 -79
13 99 95
14 0 83
14 25 89
14 28 -19
14 49 41
14 64 -31
14 70 -82
14 85 -88
14 87 -77
14 90 -6
14 93 -38
15 2 -36
15 23 79
15 28 -67
15 36 -8
15 53 56
15 67 85
15 83 4
15 88 48
15 96 -57
15 97 -92
16 13 27
16 14 53
16 19 40
16 28 -6
16 58 -36
16 67 47
16 81 -72
17 11 -44
17 29 -42
17 30 -61
17 32 -80
17 42 -18
17 57 -10
17 61 57
17 67 35
17 76 -75
17 85 -58
17 90 -48
17 94 33
18 8 -82
18 15 -19
18 34 38
18 42 -14
18 44 -30
18 59 -67
18 66 -65
18 87 26
18 89 -4
18 97 -28
18 98 76
18 99 -45
19 1 16
19 2 25
19 25 51
19 44 35
19 46 -7
19 47 -100
19 54 88
19 59 -81
19 77 19
19 97 36
20 12 46
20 14 -80
20 16 -79
20 33 40
20 49 74
20 53 -86
20 64 13
20 70 96
20 73 6
20 87 19
21 10 -66
21 20 95
21 26 66
21 34 -41
21 35 -5
21 46 -6
21 51 24
21 59 50
21 66 -37
21 68 19
21 72 -94
22 6 -42
22 8 73
22 12 -75
22 21 67
22 28 -4
22 32 18
22 59 30
22 73 -2
22 82 -2
22 85 -79
22 94 -82
22 95 21
23 0 81
23 2 41
23 12 -5
23 40 68
23 58 -92
23 77 3
23 86 -37
23 92 -41
23 95 -85
24 9 67
24 12 43
24 14 84
24 26 85
24 28 47
24 31 -14
24 46 -29
24 52 94
24 63 -8
24 77 -33
24 80 -74
24 87 51
24 96 52
25 6 -54
25 9 -60
25 17 30
25 27 18
25 32 51
25 43 -67
25 50 -54
25 71 -98
25 86 78
25 89 -12
25 95 -81
26 3 -30
26 10 77
26 25 91
26 36 4
26 38 -17
26 39 -90
26 81 -3
26 86 -87
26 89 -76
27 26 25
27 30 31
27 50 16
27 63 64
27 72 -73
28 0 -13
28 24 -63
28 39 26
28 56 17
28 69 -21
28 74 70
28 90 -27
28 93 -94
29 2 -48
29 3 -23
29 14 -31
29 22 -32
29 23 65
29 24 -64
29 27 15
29 31 74
29 47 57
29 48 -98
29 51 -17
29 53 56
29 59 83
29 74 -61
29 89 -99
29 94 -60
29 99 28
30 1 89
30 15 33
30 19 59
30 36 21
30 59 -68
30 71 -56
30 75 91
30 78 -80
30 79 73
31 26 -36
31 36 34
31 41 26
31 43 34
31 51 41
31 54 -16
31 61 -28
31 63 39
31 66 53
31 75 68
31 90 -13
31 94 79
32 0 34
32 5 6
32 23 -74
32 35 11
32 40 86
32 50 -49
32 74 67
32 78 59
32 92 100
32 93 -70
33 0 67
33 7 2
33 24 -64
33 31 67
33 33 -24
33 49 46
33 50 -9
33 58 66
33 68 -34
33 92 67
34 2 41
34 4 69
34 39 91
34 46 84
34 59 -90
34 62 58
34 65 57
34 78 38
34 98 20
35 11 16
35 13 -94
35 15 -73
35 19 -16
35 59 -91
35 69 -44
35 77 -21
36 12 -30
36 13 -91
36 16 -90
36 25 10
36 35 68
36 56 -64
36 76 -6
36 81 -3
36 83 75
37 6 89
37 17 -88
37 26 59
37 35 88
37 53 39
37 54 -56
37 66 97
37 67 68
37 76 -57
37 77 -29
37 85 88
37 89 4
38 13 71
38 16 -42
38 38 -87
38 46 -16
38 50 -3
38 61 -5
38 63 85
38 65 77
38 66 -22
38 73 11
38 95 25
39 3 10
39 7 20
39 16 -64
39 29 22
39 59 -58
39 75 -58
39 85 40
39 93 72
40 9 91
40 48 -43
40 51 -66
40 72 -4
41 8 33
41 12 -19
41 36 18
41 68 73
41 97 24
42 4 -22
42 17 -83
42 27 68
42 32 32
42 33 -57
42 35 -23
42 40 7
42 50 -32
42 72 32
42 77 -63
42 91 -96
43 18 -36
43 54 -5
43 59 22
44 12 -58
44 19 -48
44 37 78
44 49 -52
44 52 -45
44 53 46
44 68 39
44 96 -63
45 43 51
45 52 65
45 53 92
45 57 53
45 68 -29
45 72 -25
45 76 -65
45 81 64
45 84 39
45 98 -71
46 2 33
46 11 -85
46 18 -23
46 21 49
46 23 -64
46 24 -87
46 29 88
46 53 34
46 82 -80
46 94 28
46 97 35
47 6 36
47 7 -68
47 8 16
47 13 70
47 20 -80
47 23 -35
47 35 -4
47 42 53
47 44 -25
47 47 -45
47 53 -28
47 55 -22
47 56 9
47 57 76
47 68 -66
47 78 -12
47 79 66
47 90 -20
48 6 13
48 20 -75
48 39 -50
48 65 -74
48 73 -60
48 86 -40
48 90 19
48 94 -2
49 7 -72
49 20 -32
49 29 94
49 42 77
49 56 -1
49 60 67
49 71 -81
49 86 55
49 92 -90
50 2 -28
50 3 -70
50 5 -82
50 8 89
50 10 65
50 25 70
50 29 88
50 44 78
50 49 -83
50 51 -59
50 55 -87
50 89 37
50 90 37
50 91 56
51 0 -99
51 2 58
51 9 98
51 14 -23
51 16 -30
51 19 93
51 21 32
51 23 6
51 36 -77
51 38 8
51 41 95
51 64 6
51 68 47
52 2 85
52 12 -91
52 23 73
52 43 -61
52 67 16
52 74 -53
52 83 35
53 21 -15
53 24 -29
53 26 -38
53 41 20
53 48 -68
53 55 68
53 59 90
53 63 61
53 64 32
53 73 66
53 88 29
53 94 -6
54 8 58
54 14 -80
54 21 -62
54 29 -68
54 37 -76
54 66 18
54 92 94
55 7 -50
55 54 81
55 55 51
55 59 -4
55 64 -75
55 67 -44
55 74 -20
55 76 -72
56 8 65
56 11 -44
56 14 -44
56 31 47
56 38 -61
56 40 66
56 55 36
56 62 46
56 73 91
56 74 -4
56 78 68
56 84 44
56 96 -38
56 98 -73
57 0 -13
57 28 21
57 59 -63
57 61 74
57 63 34
57 66 -4
57 86 -44
57 96 -51
58 2 -97
58 6 41
58 30 -47
58 41 41
58 47 -48
59 7 -96
59 13 -23
59 27 -10
59 31 -75
59 38 -53
59 43 14
59 49 -79
59 50 -97
59 57 97
59 61 21
59 78 61
59 79 -96
59 93 -21
60 1 -62
60 11 -69
60 17 81
60 28 89
60 35 -79
60 38 -91
60 51 23
60 60 -24
60 66 -41
60 71 -89
60 76 -77
60 83 67
60 97 82
61 1 42
61 16 -85
61 21 -94
61 22 -11
61 26 67
61 31 -15
61 38 -80
61 49 64
61 65 -75
61 67 -47
61 78 -75
62 5 99
62 15 93
62 31 -49
62 63 100
62 79 97
62 99 63
63 0 -85
63 12 -87
63 15 -95
63 25 94
63 36 94
63 47 3
63 49 57
63 69 -91
63 70 52
63 73 75
63 77 -59
63 81 -49
63 92 52
63 93 65
64 10 96
64 19 -59
64 25 83
64 28 88
64 29 43
64 72 -43
64 81 35
64 82 -17
64 87 -62
65 4 -29
65 11 -87
65 12 -30
65 17 53
65 21 -30
65 26 -73
65 30 -20
65 32 -17
65 38 78
65 46 7
65 50 -60
65 64 20
65 68 -43
65 72 55
65 77 5
65 78 53
65 83 -38
65 88 -46
65 89 -6
65 98 94
66 4 31
66 6 -84
66 7 18
66 8 5
66 11 57
66 15 54
66 22 59
66 26 -3
66 37 -99
66 39 30
66 51 -30
66 59 37
66 62 -9
66 77 -47
66 96 45
67 0 80
67 14 45
67 24 -68
67 40 -42
67 45 -81
67 63 61
67 90 26
68 10 -71
68 40 -3
68 52 -32
68 56 78
68 75 -13
68 76 -97
69 0 -41
69 3 -41
69 5 49
69 10 5
69 20 -30
69 54 74
69 68 -9
69 94 84
70 5 -9
70 32 20
70 39 46
70 50 90
70 67 -16
70 76 74
71 0 40
71 3 87
71 6 23
71 12 -22
71 23 -68
71 30 -27
71 39 -94
71 47 -22
71 58 33
71 63 -52
71 76 2
71 98 39
72 4 73
72 13 -53
72 24 11
72 26 34
72 50 67
72 54 -52
72 58 87
72 61 80
73 3 12
73 12 38
73 14 -3
73 18 -9
73 42 54
73 47 -51
73 70 96
73 83 -74
74 0 -90
74 1 63
74 2 -79
74 17 -18
74 33 -10
74 35 -52
74 40 -24
74 48 -73
74 64 68
74 68 -60
74 80 -59
74 82 37
74 92 -14
74 95 -96
75 0 -60
75 2 -83
75 18 98
75 29 -54
75 30 -93
75 35 67
75 46 64
75 48 -75
75 54 -55
75 72 90
75 74 -14
75 80 78
75 84 -81
75 89 -3
75 93 49
76 1 -31
76 18 41
76 21 -71
76 22 85
76 26 -32
76 42 2
76 47 95
76 75 51
76 78 -98
76 90 -89
76 99 -79
77 2 -17
77 4 -49
77 11 17
77 17 -51
77 18 62
77 20 -16
77 23 -7
77 27 60
77 51 100
77 62 -4
77 70 -81
77 72 -55
77 89 -61
77 91 -33
78 13 -5
78 27 -59
78 31 33
78 33 88
78 35 4
78 54 73
78 63 86
78 67 71
78 77 -14
78 78 44
78 79 84
78 90 42
79 6 -5
79 7 96
79 12 -27
79 25 59
79 30 -78
79 39 33
79 46 -96
79 49 36
79 53 -1
79 55 -2
79 73 7
79 81 47
80 12 24
80 17 31
80 37 -13
80 66 -4
80 71 -40
80 74 20
81 2 30
81 4 12
81 23 35
81 37 48
81 45 -7
81 48 23
82 2 -40
82 8 64
82 11 -19
82 25 25
82 62 -47
82 63 -27
82 94 -71
83 0 -11
83 19 -76
83 23 -20
83 24 -24
83 28 11
83 30 10
83 31 35
83 53 72
83 54 85
83 68 56
83 77 -54
83 82 5
83 89 -58
83 91 -14
84 5 88
84 6 75
84 7 -21
84 16 -20
84 26 9
84 31 41
84 37 -37
84 42 33
84 71 46
84 76 -80
84 80 12
85 11 -48
85 26 -68
85 31 23
85 35 -57
85 36 -56
85 66 -12
85 70 25
85 75 -9
85 82 -27
85 83 76
85 99 -27
86 4 -87
86 15 84
86 28 -31
86 57 -40
86 78 -93
86 79 32
86 88 -15
87 3 38
87 9 -77
87 10 -92
87 16 -23
87 21 -25
87 26 56
87 46 57
87 49 34
87 63 69
87 65 -45
87 66 85
87 89 33
87 95 20
87 97 67
87 98 79
88 6 -34
88 7 -85
88 23 22
88 25 -81
88 28 68
88 32 21
88 43 49
88 46 -62
88 60 -19
88 61 66
88 64 -92
88 73 -31
88 98 -91
89 48 5
89 53 29
89 61 25
89 92 57
89 98 40
90 7 19
90 19 29
90 26 -64
90 27 10
90 36 34
90 37 -8
90 41 68
90 48 -33
90 58 -60
90 64 -91
90 75 90
90 91 -92
90 95 63
91 2 64
91 20 69
91 27 18
91 28 3
91 44 -1
91 47 -57
91 78 -83
92 4 29
92 9 -9
92 13 -21
92 17 -62
92 27 -57
92 32 89
92 40 16
92 69 62
92 73 -17
92 86 -16
92 93 65
93 10 -26
93 11 4
93 25 -19
93 58 56
93 66 -36
93 72 68
93 77 76
93 89 -73
93 90 31
94 4 32
94 16 90
94 47 8
94 60 55
94 62 16
94 65 -65
94 68 -45
94 73 -66
94 75 -3
94 77 -75
94 78 84
94 88 23
94 90 -1
94 94 11
95 38 6
95 46 -100
95 52 15
95 57 -93
95 81 74
95 94 -63
96 2 40
96 4 7
96 9 -86
96 15 -26
96 18 -92
96 25 15
96 31 84
96 37 54
96 42 60
96 52 -40
96 56 -1
96 60 97
97 12 -26
97 17 81
97 22 -58
97 30 -62
97 51 56
97 57 -27
97 67 34
97 75 37
97 88 11
98 0 13
98 22 19
98 24 91
98 26 50
98 27 77
98 35 4
98 38 80
98 40 28
98 47 -30
98 61 39
98 68 24
98 76 -15
98 82 -66
98 83 -11
98 86 25
99 14 88
99 18 92
99 34 -52
99 38 64
99 49 55
99 51 -67
99 55 58
99 68 -41
99 93 -96
99 99 43