0 6 -17
0 20 -29
0 27 -92
0 33 -5
0 42 -3
0 51 35
0 52 8
0 68 -64
0 79 3
0 80 -56
1 0 71
1 5 -54
1 8 6
1 9 70
1 21 -3
1 23 28
1 27 63
1 41 34
1 46 42
1 51 -83
1 61 56
1 62 7
1 63 51
1 74 -12
1 79 51
1 80 58
1 85 98
1 96 50
1 98 -81
2 4 9
2 10 13
2 22 -32
2 32 -75
2 35 69
2 37 9
2 50 -82
2 53 91
2 55 -99
2 58 -52
2 67 -60
2 78 23
2 79 -49
2 81 60
2 82 -20
2 84 -9
2 97 86
2 99 6
3 4 37
3 31 87
3 37 -91
3 38 -94
3 39 8
3 45 68
3 49 -73
3 61 -55
3 62 5
3 66 -18
3 70 82
3 72 58
3 79 -10
3 88 95
3 96 -5
3 98 5
4 5 68
4 7 90
4 15 -61
4 19 92
4 20 89
4 21 -47
4 31 96
4 32 -23
4 33 -79
4 34 89
4 40 22
4 42 -57
4 45 -5
4 48 -69
4 54 4
4 64 -94
4 68 -41
4 70 81
4 75 -63
4 78 -32
4 80 81
4 82 -25
4 84 9
4 85 97
4 88 61
4 90 -17
4 91 16
4 92 25
5 1 36
5 6 8
5 12 99
5 17 -87
5 18 -51
5 25 -41
5 30 74
5 45 31
5 46 -90
5 54 98
5 56 62
5 62 -93
5 77 9
5 87 77
5 98 4
6 2 -93
6 4 1
6 8 59
6 12 -24
6 13 -15
6 14 -39
6 26 78
6 31 -72
6 41 20
6 48 91
6 53 92
6 56 53
6 57 -3
6 61 12
6 62 62
6 65 -52
6 69 83
6 74 40
6 83 -4
6 94 72
6 96 -39
7 2 -29
7 15 -48
7 18 42
7 20 34
7 40 16
7 51 27
7 54 -28
7 55 22
7 67 -41
7 68 2
7 70 -92
7 72 92
7 73 -68
7 75 84
7 83 -27
7 87 6
7 91 4
7 94 83
8 2 41
8 24 65
8 35 55
8 48 33
8 52 -84
8 53 64
8 55 -50
8 63 22
8 64 4
8 66 -57
8 75 -25
8 79 94
8 80 6
8 84 -5
8 91 -63
8 97 18
8 98 47
9 2 -1
9 4 57
9 9 -16
9 10 -37
9 15 57
9 21 -58
9 26 -68
9 28 24
9 30 26
9 34 -17
9 36 -44
9 37 -26
9 41 6
9 47 -35
9 50 -13
9 55 -42
9 62 -5
9 64 -99
9 68 19
9 73 28
9 75 -64
9 76 -3
9 81 34
10 2 -90
10 7 88
10 8 -53
10 11 -95
10 13 78
10 24 4
10 28 -14
10 29 72
10 37 -100
10 38 -58
10 41 76
10 42 13
10 64 -44
10 65 -100
10 68 -29
10 75 -8
10 90 -59
10 91 -91
10 92 17
10 97 -89
10 99 -72
11 6 9
11 7 37
11 21 -47
11 23 -90
11 25 84
11 29 -34
11 34 30
11 44 -32
11 58 -35
11 62 8
11 64 89
11 70 5
11 79 42
11 80 -91
11 92 -65
11 94 34
11 96 -55
12 0 38
12 6 -17
12 13 -2
12 31 45
12 32 -43
12 36 71
12 38 -31
12 46 -31
12 50 34
12 51 98
12 52 -74
12 56 -87
12 64 45
12 65 64
12 82 47
12 85 3
12 89 -83
12 90 40
12 91 -36
12 95 54
13 6 70
13 17 -37
13 22 -29
13 36 -9
13 40 -55
13 41 20
13 42 -28
13 44 96
13 61 -52
13 64 -52
13 65 -4
13 66 96
13 75 -67
14 6 -62
14 24 -29
14 25 -6
14 27 -92
14 29 17
14 44 20
14 52 -84
14 57 82
14 65 29
14 67 -38
14 75 -100
14 79 32
14 82 58
14 83 -82
14 88 45
14 89 50
14 97 -87
15 9 30
15 23 7
15 27 -80
15 32 -33
15 63 99
15 64 -28
15 77 9
15 79 32
15 84 37
15 86 -86
15 95 -44
15 97 -84
15 98 -51
16 0 14
16 1 -53
16 5 78
16 13 -16
16 15 -8
16 31 88
16 34 -35
16 36 62
16 38 -6
16 41 -92
16 42 -16
16 43 33
16 47 54
16 61 85
16 64 -11
16 75 -8
16 78 -73
16 95 -52
16 96 12
17 5 7
17 22 18
17 45 63
17 48 32
17 62 33
17 65 10
18 0 -22
18 1 -73
18 5 -61
18 6 -96
18 7 -81
18 9 -95
18 10 35
18 15 -45
18 19 -58
18 21 49
18 36 -75
18 42 92
18 62 -76
18 68 -95
18 78 92
18 90 -8
18 95 -96
18 99 -38
19 0 54
19 18 84
19 23 -81
19 24 17
19 31 22
19 38 26
19 43 -80
19 50 -5
19 52 -100
19 62 -77
19 67 -58
19 70 92
19 73 69
19 75 24
19 81 64
19 97 15
20 1 68
20 11 65
20 13 21
20 15 -28
20 26 65
20 30 81
20 31 -68
20 32 65
20 36 59
20 38 -39
20 40 -12
20 47 -100
20 67 -99
20 76 59
20 78 -8
20 86 73
20 95 -27
20 99 -41
21 20 -2
21 23 -42
21 27 -26
21 30 29
21 52 66
21 56 80
21 61 -70
21 64 45
21 80 33
21 84 65
21 91 -77
21 95 -58
21 96 17
22 14 -33
22 27 -21
22 45 46
22 46 81
22 54 72
22 62 99
22 73 85
22 76 -89
22 77 -92
22 92 23
22 94 -13
23 1 35
23 3 -61
23 7 59
23 21 29
23 27 -46
23 39 -83
23 53 88
23 63 -49
23 70 8
23 73 9
23 76 37
23 84 73
24 2 -91
24 11 32
24 13 -57
24 14 61
24 15 -51
24 20 65
24 21 -18
24 31 22
24 35 -86
24 43 -35
24 55 -21
24 64 57
24 72 -16
24 83 68
24 84 71
24 88 76
24 98 -43
25 0 -27
25 9 -75
25 10 -24
25 19 52
25 29 -36
25 33 -34
25 36 11
25 39 -43
25 63 14
25 65 16
25 68 -65
25 69 -7
25 71 -17
25 78 14
25 80 17
25 86 -52
25 88 -20
25 96 -48
26 1 -60
26 2 -81
26 5 -84
26 20 6
26 36 85
26 40 -12
26 46 33
26 54 55
26 64 -8
26 74 96
26 78 -74
26 84 -42
26 88 100
27 0 85
27 2 -16
27 5 2
27 7 72
27 10 -79
27 18 -14
27 31 -60
27 38 -16
27 49 -42
27 50 -59
27 63 6
27 68 18
27 79 60
27 92 -52
27 97 -93
27 99 -47
28 1 -95
28 2 -42
28 8 14
28 35 62
28 36 -90
28 50 -3
28 54 -58
28 57 -74
28 60 63
28 63 -77
28 74 -80
28 75 -45
28 77 41
28 85 98
28 96 98
28 97 3
28 98 -20
29 3 43
29 5 53
29 6 39
29 12 29
29 14 -27
29 27 -25
29 43 59
29 44 -27
29 50 5
29 57 71
29 61 -79
29 68 -65
29 72 52
29 81 -80
29 86 -73
29 87 -48
29 89 21
29 95 -46
29 96 31
29 99 -36
30 0 -84
30 5 91
30 12 64
30 13 9
30 25 71
30 27 26
30 29 8
30 30 -1
30 31 98
30 35 -26
30 43 15
30 50 45
30 52 44
30 54 -30
30 75 -57
30 76 69
30 91 -31
30 97 37
31 2 -52
31 9 11
31 19 48
31 25 -97
31 27 -99
31 28 42
31 34 75
31 50 -73
31 51 -26
31 53 -41
31 56 18
31 62 100
31 72 98
31 86 3
31 90 -25
31 94 -17
31 98 -23
32 1 -4
32 2 -18
32 6 -76
32 7 -5
32 8 -17
32 27 -34
32 28 -69
32 32 74
32 34 36
32 35 53
32 37 -33
32 40 -22
32 41 -20
32 43 -10
32 55 46
32 59 24
32 70 79
32 71 -97
32 72 -94
32 80 -80
32 83 -44
32 84 -25
32 85 -29
32 96 -43
32 98 -75
33 11 95
33 27 33
33 32 34
33 39 -72
33 40 72
33 42 -100
33 58 -58
33 60 89
33 88 -27
33 92 -69
33 97 -32
33 98 61
34 2 96
34 7 16
34 9 -9
34 10 -5
34 25 -58
34 26 18
34 37 31
34 39 -18
34 60 -51
34 63 89
34 71 -83
34 81 -71
34 82 90
34 84 -37
34 90 15
34 91 -45
34 96 -6
35 0 -28
35 3 97
35 7 -89
35 8 -78
35 10 -75
35 19 -39
35 34 44
35 39 -82
35 43 20
35 47 -85
35 53 -93
35 58 15
35 61 77
35 63 -14
35 64 11
35 67 -44
35 68 92
35 70 95
35 75 66
35 80 14
35 93 41
35 95 -53
35 96 26
35 98 -67
36 1 -48
36 5 71
36 12 12
36 24 17
36 29 36
36 35 -26
36 48 -93
36 49 11
36 50 76
36 71 56
36 73 94
36 75 -86
36 77 83
36 79 -72
36 83 82
36 87 -22
36 92 11
36 93 -9
36 98 -30
37 3 -6
37 10 90
37 11 48
37 25 52
37 30 24
37 31 -33
37 46 12
37 51 -47
37 55 25
37 63 -48
37 68 -87
37 69 -41
37 70 62
37 71 -86
37 75 -97
37 83 -76
37 88 -21
37 90 -25
37 93 -51
37 94 67
38 7 -63
38 20 -92
38 23 -21
38 44 -86
38 50 15
38 51 26
38 57 -45
38 60 -45
38 61 24
38 62 -42
38 73 8
38 80 48
38 96 41
39 2 47
39 10 -80
39 11 25
39 17 74
39 22 -4
39 26 -29
39 29 62
39 35 41
39 36 -30
39 37 -56
39 80 -37
39 81 99
39 82 49
39 90 -48
39 92 78
40 3 -35
40 11 -9
40 29 67
40 35 2
40 38 17
40 40 33
40 44 70
40 48 -34
40 53 97
40 59 -91
40 60 32
40 71 73
40 81 12
40 83 68
40 85 -40
40 88 -97
40 90 61
40 92 35
41 2 -49
41 3 -57
41 6 41
41 18 93
41 19 -47
41 26 71
41 29 63
41 30 -63
41 33 -80
41 40 -72
41 41 -98
41 43 -7
41 58 -63
41 65 -31
41 73 -85
41 77 78
41 83 63
41 84 95
41 85 4
41 87 -65
41 90 54
41 95 11
41 98 63
42 1 -80
42 3 55
42 16 81
42 22 99
42 24 21
42 36 -41
42 39 7
42 49 84
42 59 -39
42 76 -86
42 90 -83
42 97 -61
43 1 94
43 7 68
43 17 -45
43 19 3
43 45 35
43 49 -74
43 65 -87
43 66 -13
43 74 46
43 78 -77
43 90 37
43 91 5
43 97 74
44 2 -78
44 8 70
44 20 69
44 23 -64
44 25 77
44 26 -20
44 31 48
44 32 26
44 42 -48
44 47 -52
44 48 62
44 53 49
44 55 -62
44 59 -6
44 77 -18
44 89 18
44 92 -21
45 10 64
45 11 54
45 13 52
45 14 6
45 19 31
45 32 -64
45 41 -26
45 44 -99
45 52 -47
45 60 91
45 67 62
45 77 -31
45 87 90
45 95 77
45 98 2
45 99 -62
46 1 26
46 7 -25
46 10 -80
46 26 -44
46 27 99
46 29 -22
46 48 14
46 59 70
46 67 64
46 70 -41
46 73 43
46 75 95
46 76 87
46 79 71
46 86 81
46 87 65
46 98 71
47 6 -85
47 19 85
47 26 9
47 28 70
47 34 -43
47 35 -50
47 37 13
47 41 67
47 44 98
47 53 -9
47 56 41
47 60 73
47 64 -12
47 72 22
47 76 -67
47 85 -51
47 99 47
48 1 11
48 7 -89
48 14 -35
48 16 -86
48 22 -57
48 29 19
48 31 97
48 34 -52
48 40 -39
48 50 -95
48 65 -24
48 69 47
48 71 -75
48 78 26
48 97 -48
48 98 33
49 1 -71
49 8 64
49 12 -27
49 13 -27
49 19 10
49 29 -57
49 30 -69
49 34 -49
49 42 91
49 49 88
49 52 -82
49 56 -68
49 58 -51
49 60 61
49 63 83
49 69 -24
49 82 -14
49 85 30
49 92 -32
49 93 -84
49 94 -55
49 98 -90
50 3 -62
50 12 -47
50 16 -81
50 21 85
50 23 -85
50 25 -37
50 27 -97
50 37 69
50 47 28
50 56 26
50 74 45
50 77 82
50 81 50
50 86 77
50 90 -61
51 2 50
51 8 28
51 9 -8
51 15 -41
51 19 59
51 22 -83
51 25 -87
51 30 -81
51 32 -10
51 33 -95
51 37 -72
51 61 -55
51 75 -27
51 84 -57
51 87 -62
51 92 1
51 93 73
51 95 14
52 8 -25
52 23 64
52 24 -34
52 37 -50
52 44 40
52 45 69
52 48 59
52 49 -25
52 64 83
52 67 96
52 89 -20
52 97 9
53 0 4
53 17 -84
53 19 -49
53 22 80
53 23 97
53 25 -33
53 28 -18
53 44 82
53 53 15
53 64 -25
53 70 60
53 72 7
53 83 26
53 84 -14
53 92 -73
53 93 -52
54 2 20
54 21 -11
54 25 47
54 28 65
54 32 25
54 43 -67
54 45 49
54 49 75
54 52 47
54 60 21
54 64 -38
54 70 10
54 73 -75
54 74 24
54 77 -95
54 86 -34
55 15 -20
55 21 34
55 27 -81
55 29 28
55 32 -64
55 37 -17
55 42 7
55 60 14
55 63 -57
55 64 27
55 71 80
55 73 56
55 74 -100
55 76 24
55 83 -34
55 84 23
55 87 13
55 91 8
55 95 -3
55 99 28
56 1 93
56 2 20
56 6 84
56 11 -2
56 12 14
56 24 75
56 27 69
56 32 -13
56 37 -64
56 43 -84
56 45 47
56 52 77
56 58 61
56 69 29
56 72 -20
56 73 15
56 74 -26
56 75 97
56 80 -5
56 83 -11
56 86 75
56 92 -42
56 93 -99
57 7 57
57 8 25
57 10 -100
57 12 -18
57 18 85
57 20 76
57 21 39
57 22 -97
57 24 -70
57 28 11
57 34 -91
57 40 -25
57 43 -3
57 48 23
57 49 -40
57 55 86
57 60 -11
57 61 8
57 69 65
57 78 67
57 88 -77
57 94 11
57 98 -24
58 4 -5
58 7 6
58 10 -97
58 25 -58
58 32 -36
58 34 -48
58 45 61
58 49 36
58 54 13
58 60 -4
58 65 -6
58 79 54
58 88 73
58 89 -14
58 91 10
58 93 38
58 95 41
58 97 91
58 98 -44
59 10 48
59 12 -19
59 21 79
59 37 -59
59 41 73
59 56 -41
59 58 21
59 59 76
59 65 -58
59 66 38
59 72 28
59 74 -45
59 80 -92
59 81 14
59 91 -27
59 93 -18
59 98 -74
60 24 -28
60 40 -91
60 41 -27
60 46 44
60 51 33
60 55 39
60 56 -27
60 59 -83
60 71 86
60 77 3
60 82 -92
60 87 12
60 89 68
60 92 57
60 93 -41
61 7 17
61 8 -85
61 42 -30
61 44 -2
61 47 -100
61 49 97
61 57 66
61 61 -44
61 62 65
61 80 34
61 82 5
61 83 28
61 85 -76
61 90 43
62 5 14
62 6 83
62 9 99
62 10 -43
62 14 58
62 15 73
62 19 39
62 27 -51
62 33 49
62 34 -65
62 36 77
62 38 -9
62 45 -4
62 53 -51
62 55 -77
62 56 6
62 58 -65
62 63 43
62 67 -38
62 68 -97
62 78 3
62 85 96
63 11 51
63 16 -30
63 17 17
63 32 -68
63 35 -29
63 41 15
63 67 21
63 71 8
63 80 23
63 83 99
63 94 65
64 2 99
64 3 24
64 7 76
64 13 5
64 15 -58
64 18 39
64 29 -11
64 30 -6
64 38 72
64 41 41
64 48 -6
64 50 55
64 51 -25
64 59 11
64 70 79
64 73 84
64 77 -17
64 81 -12
64 89 -31
64 95 -48
65 14 72
65 17 -75
65 23 19
65 28 -97
65 32 11
65 42 -26
65 43 -59
65 44 -69
65 53 -62
65 64 9
65 67 -9
65 74 -47
65 90 -60
65 92 30
65 96 -37
66 1 71
66 3 -99
66 9 22
66 13 66
66 29 96
66 32 -66
66 40 86
66 41 -77
66 47 94
66 51 -44
66 56 -75
66 57 -45
66 61 27
66 62 45
66 69 15
66 74 100
66 93 -32
66 94 3
67 1 36
67 5 -61
67 13 -23
67 16 6
67 20 -8
67 38 92
67 46 -64
67 47 35
67 50 16
67 54 13
67 55 -46
67 56 -74
67 63 51
67 68 -57
67 69 -61
67 73 74
67 80 89
67 87 -24
68 5 66
68 6 -64
68 7 -55
68 18 -88
68 27 96
68 36 -36
68 38 -32
68 39 83
68 53 95
68 54 5
68 57 85
68 62 -77
68 68 14
68 76 -93
68 88 74
68 91 -34
69 5 -27
69 8 -27
69 16 -25
69 26 -34
69 43 49
69 49 -78
69 51 -47
69 53 68
69 60 33
69 61 -10
69 64 22
69 65 -64
69 69 -36
69 71 -87
69 72 16
69 74 20
69 77 32
69 84 47
69 90 49
70 1 30
70 7 -56
70 8 91
70 20 78
70 27 -100
70 29 60
70 34 -16
70 36 -71
70 40 -23
70 51 30
70 52 -79
70 56 50
70 58 -80
70 63 -55
70 70 43
70 72 -82
70 95 -84
70 97 -61
70 98 46
70 99 -3
71 13 -28
71 21 89
71 31 -73
71 32 4
71 41 -97
71 93 -80
72 0 -77
72 1 -64
72 17 83
72 24 14
72 27 -70
72 30 59
72 35 -15
72 41 16
72 47 -77
72 56 -12
72 61 -64
72 65 -68
72 71 -77
72 91 -49
72 93 99
72 94 -44
72 97 -8
73 5 -52
73 8 23
73 13 -97
73 15 77
73 18 55
73 29 -19
73 31 -90
73 32 -59
73 48 99
73 56 88
73 62 100
73 63 58
73 70 -55
73 72 -67
73 76 -74
73 78 -75
73 85 -44
73 90 -81
74 0 84
74 6 -93
74 22 20
74 29 61
74 46 69
74 59 -87
74 65 -17
74 66 89
74 70 -78
74 74 -97
74 80 42
74 90 67
74 93 -74
75 10 91
75 11 -55
75 20 9
75 24 79
75 30 83
75 35 10
75 38 18
75 39 38
75 41 -94
75 50 98
75 53 6
75 58 63
75 65 -21
75 72 -16
75 83 -3
75 84 -64
75 85 -36
75 89 -91
75 98 85
76 9 -70
76 17 25
76 47 26
76 50 42
76 53 84
76 56 68
76 57 -77
76 59 -72
76 60 68
76 71 -28
76 72 10
76 80 21
76 83 62
77 2 54
77 4 70
77 6 -47
77 8 56
77 9 -32
77 21 87
77 36 -38
77 54 77
77 60 -73
77 61 -37
77 72 -28
77 79 7
77 83 69
77 88 39
77 94 -57
77 95 51
78 11 -65
78 12 26
78 14 -95
78 16 -26
78 18 94
78 26 71
78 27 51
78 28 -49
78 34 83
78 39 10
78 40 58
78 48 88
78 57 68
78 59 -47
78 68 19
78 71 -89
78 78 6
78 81 43
78 85 -9
78 86 70
78 87 -78
78 93 80
79 5 38
79 11 -56
79 31 -65
79 34 81
79 40 -80
79 44 -55
79 48 39
79 52 -43
79 61 95
79 82 32
79 89 40
80 1 -71
80 7 38
80 8 75
80 9 -90
80 10 55
80 18 96
80 21 -25
80 26 16
80 28 39
80 36 -50
80 37 -28
80 39 -16
80 43 -54
80 44 86
80 46 42
80 63 12
80 69 67
80 72 -95
80 78 -99
80 82 -89
80 86 100
80 87 98
80 91 -32
80 92 -85
80 95 -50
80 97 57
81 10 -18
81 18 28
81 26 -80
81 32 -31
81 40 27
81 43 40
81 45 -12
81 61 55
81 71 -8
81 77 -92
81 81 -68
81 87 82
81 95 -35
81 98 26
82 0 99
82 1 -81
82 9 73
82 13 45
82 15 17
82 16 -8
82 21 -85
82 26 -47
82 40 84
82 50 22
82 78 72
82 80 -5
82 85 89
82 86 -82
82 89 -63
82 90 74
82 91 92
82 95 19
83 0 -4
83 4 -39
83 19 -85
83 20 16
83 22 -20
83 27 52
83 29 -82
83 31 -36
83 37 5
83 45 -62
83 50 75
83 55 62
83 74 34
83 81 92
83 88 35
83 91 68
83 92 43
83 97 -15
83 98 59
84 3 56
84 5 -29
84 8 -30
84 11 70
84 25 -11
84 30 26
84 32 -83
84 38 38
84 50 19
84 61 99
84 62 -79
84 68 68
84 70 -32
84 78 -37
84 87 -41
85 0 -12
85 2 -18
85 3 -53
85 14 3
85 17 -14
85 20 -82
85 28 5
85 31 -7
85 40 -100
85 47 -26
85 51 21
85 55 79
85 60 -70
85 62 -31
85 67 -76
85 68 -17
85 69 17
85 76 -29
85 83 30
85 92 -62
85 93 50
85 99 -7
86 7 -96
86 10 -94
86 17 -96
86 31 -85
86 41 -41
86 50 25
86 62 75
86 65 -60
86 70 -75
86 74 -30
86 81 96
86 92 38
86 94 80
87 2 82
87 12 -26
87 16 50
87 27 37
87 38 33
87 50 38
87 52 25
87 56 -99
87 61 50
87 62 -67
87 74 -81
87 76 -42
87 99 -19
88 5 -52
88 21 16
88 27 -76
88 33 97
88 34 -38
88 51 -70
88 52 44
88 60 -83
88 62 27
88 67 45
88 81 -75
88 83 -69
88 84 -31
88 92 2
88 97 80
89 1 -67
89 9 93
89 15 60
89 17 -9
89 19 -66
89 20 -14
89 28 79
89 36 -3
89 57 -78
89 59 43
89 62 -68
89 69 22
89 74 -51
89 75 -88
89 85 25
89 86 98
89 95 29
89 97 69
89 99 34
90 3 9
90 13 -48
90 14 -79
90 18 -86
90 47 -14
90 55 24
90 80 -61
90 81 68
90 86 78
90 87 -78
90 90 19
90 94 -38
90 96 -22
90 99 31
91 0 4
91 12 -48
91 14 88
91 18 -90
91 20 3
91 23 82
91 42 -88
91 44 -46
91 54 -31
91 66 98
91 68 -87
91 73 11
91 76 -70
92 4 -14
92 11 90
92 12 -70
92 15 -44
92 23 -95
92 25 50
92 26 19
92 27 -58
92 56 -39
92 58 -18
92 64 -93
92 70 66
92 75 10
92 77 71
92 86 -26
92 92 -72
92 93 -92
92 96 -94
93 0 -87
93 7 16
93 9 -23
93 29 8
93 32 -5
93 53 -13
93 60 -44
93 75 -52
93 77 -91
93 79 -47
93 81 50
93 89 71
93 92 77
93 95 -95
93 99 -97
94 6 -25
94 10 33
94 12 57
94 15 -48
94 19 81
94 38 61
94 53 -53
94 56 -29
94 57 95
94 68 98
94 69 47
94 74 -98
94 76 50
94 85 80
94 87 -69
94 93 90
94 95 70
94 96 -50
94 97 -10
95 3 80
95 8 3
95 9 96
95 11 64
95 12 8
95 17 47
95 19 58
95 21 -70
95 27 -89
95 28 -99
95 29 -100
95 31 -22
95 32 -62
95 35 94
95 37 56
95 51 83
95 69 -14
95 70 88
95 84 -48
95 86 -70
95 90 68
96 0 78
96 3 -39
96 4 -81
96 7 -64
96 9 -51
96 11 61
96 15 -81
96 20 30
96 25 -24
96 36 -50
96 39 -73
96 43 -91
96 59 80
96 64 -55
96 73 -99
96 78 50
96 80 94
96 96 34
96 99 33
97 2 -13
97 4 -27
97 14 18
97 19 93
97 23 55
97 26 28
97 32 77
97 36 -63
97 49 -51
97 58 86
97 62 81
97 69 40
97 71 13
97 76 6
97 79 -27
97 80 -59
97 81 -98
97 83 -77
97 98 92
98 0 -4
98 3 -43
98 4 -2
98 12 45
98 15 11
98 25 73
98 30 69
98 33 -43
98 41 -71
98 66 -37
98 81 77
98 83 16
98 89 3
98 94 -73
98 95 -44
98 96 -8
99 2 -35
99 17 99
99 19 63
99 33 38
99 38 -66
99 43 -47
99 51 23
99 58 73
99 59 -4
99 61 -100
99 62 -9
99 65 -41
99 69 20
99 71 -18
99 74 80
99 84 -33
99 96 75
99 97 8
99 98 20