0 0 -12
0 12 -71
0 14 57
0 16 39
0 27 -39
0 28 -86
0 35 -97
0 40 91
0 44 34
0 55 61
0 58 85
0 68 76
0 69 55
0 75 98
0 80 -17
0 84 75
0 85 93
0 93 22
0 98 32
1 3 99
1 28 -99
1 30 -57
1 35 18
1 36 24
1 51 59
1 55 42
1 59 80
1 63 68
1 69 -70
1 81 94
1 84 -19
1 86 -8
1 98 37
2 1 -43
2 11 97
2 12 -54
2 15 84
2 22 -42
2 26 38
2 29 -33
2 35 -87
2 36 66
2 37 -76
2 53 -51
2 56 73
2 60 -28
2 61 -75
2 64 -82
2 72 -3
2 73 -24
2 76 -89
2 82 -93
2 91 -18
2 95 61
2 97 71
3 0 29
3 2 80
3 6 -42
3 7 -46
3 10 75
3 19 -19
3 35 53
3 36 74
3 38 36
3 43 -76
3 50 9
3 51 -94
3 54 56
3 57 -28
3 63 -22
3 67 80
3 74 26
3 75 -75
3 81 46
3 84 -12
3 87 -51
4 12 -30
4 17 33
4 20 61
4 25 9
4 31 72
4 32 9
4 34 -82
4 39 -88
4 49 -12
4 65 -61
4 66 -84
4 77 83
4 80 -98
4 85 -50
4 86 -66
4 95 -46
4 96 -62
4 97 84
5 4 -23
5 7 -13
5 8 12
5 19 -72
5 24 -45
5 30 -31
5 33 63
5 34 -76
5 40 30
5 44 58
5 45 51
5 49 73
5 50 -24
5 54 -40
5 67 34
5 69 -41
5 71 -33
5 73 -99
5 82 -44
5 87 81
5 92 -16
5 94 99
5 96 -94
5 97 -46
6 0 6
6 7 55
6 13 63
6 14 83
6 16 -26
6 19 -29
6 23 -21
6 26 -34
6 34 -20
6 41 -33
6 46 -66
6 52 -94
6 55 98
6 62 53
6 70 -55
6 77 79
6 78 -85
6 81 59
6 95 61
7 0 15
7 3 35
7 11 100
7 17 -34
7 18 35
7 26 -37
7 39 -3
7 45 -64
7 47 -12
7 49 -47
7 52 -22
7 53 -80
7 59 -61
7 60 20
7 94 72
7 98 96
7 99 -92
8 0 -24
8 3 -21
8 5 -38
8 10 81
8 11 -15
8 21 94
8 23 68
8 24 87
8 33 -37
8 43 54
8 47 82
8 49 -63
8 51 52
8 52 97
8 53 -31
8 60 -59
8 62 -43
8 71 -38
8 84 67
8 85 -65
8 88 -46
8 91 43
9 1 46
9 2 -9
9 5 -95
9 6 88
9 7 46
9 8 49
9 9 -99
9 11 -3
9 38 99
9 39 -98
9 44 67
9 45 -24
9 48 -40
9 49 -79
9 53 -55
9 61 3
9 64 -26
9 75 -18
9 79 -58
9 82 -85
9 87 -77
9 89 -35
9 90 -45
9 93 -5
9 94 38
9 97 91
10 10 5
10 14 -71
10 19 -98
10 25 33
10 33 60
10 55 -45
10 57 -10
10 87 -23
10 88 97
10 89 -8
10 95 30
11 10 56
11 14 25
11 15 36
11 37 -30
11 39 -71
11 52 82
11 60 40
11 69 37
11 70 7
11 73 83
11 75 60
11 78 30
11 89 29
12 6 -11
12 11 -73
12 13 -58
12 18 -6
12 19 25
12 20 -2
12 27 -24
12 29 52
12 35 54
12 56 86
12 61 -83
12 65 73
12 67 64
12 74 20
12 76 -7
12 87 32
12 94 9
12 95 33
13 0 -41
13 2 -57
13 5 -56
13 7 -1
13 11 88
13 12 24
13 28 -59
13 29 67
13 30 6
13 31 -100
13 37 38
13 38 -25
13 53 90
13 58 63
13 61 84
13 70 78
13 76 -51
13 84 -82
13 93 -61
13 95 56
13 99 64
14 3 69
14 4 75
14 6 44
14 25 -20
14 26 -52
14 38 -72
14 51 12
14 60 -87
14 66 68
14 71 71
14 78 74
14 82 14
14 85 -5
14 87 -79
14 88 82
14 95 -66
14 96 -92
14 97 -64
14 98 -70
15 4 -53
15 7 26
15 10 32
15 11 39
15 15 51
15 16 53
15 26 -1
15 36 -98
15 55 -70
15 64 39
15 65 50
15 67 72
15 68 -46
15 73 87
15 77 -50
15 85 55
15 88 40
15 93 -52
15 94 -56
15 96 -25
15 98 22
15 99 61
16 13 28
16 14 94
16 15 -12
16 22 -44
16 24 -30
16 29 -43
16 31 -2
16 37 -16
16 38 -71
16 42 -79
16 49 90
16 52 66
16 55 -72
16 56 -68
16 59 49
16 62 -15
16 67 4
16 80 65
16 86 -79
16 89 -19
16 94 -32
17 0 35
17 3 -33
17 5 22
17 18 -30
17 19 99
17 26 -69
17 27 80
17 42 57
17 43 75
17 44 -9
17 53 7
17 54 13
17 56 29
17 74 -95
17 79 95
17 81 -56
17 83 -27
17 88 -10
17 89 -69
17 95 -22
17 97 -57
18 0 -41
18 2 84
18 4 45
18 7 40
18 12 75
18 21 95
18 32 57
18 34 -49
18 43 -18
18 46 8
18 48 62
18 55 86
18 56 90
18 60 90
18 71 70
18 76 17
18 82 63
18 85 58
18 88 84
18 96 3
18 98 -19
18 99 -85
19 0 -28
19 6 -76
19 7 33
19 20 87
19 21 61
19 23 89
19 25 92
19 29 -87
19 30 -61
19 32 18
19 33 -72
19 39 -65
19 44 72
19 76 70
19 80 85
19 81 -74
19 84 6
19 95 -54
19 96 99
19 98 -47
19 99 -33
20 1 49
20 8 -4
20 17 11
20 27 -73
20 28 -31
20 32 39
20 41 48
20 44 -29
20 53 34
20 54 64
20 55 58
20 59 39
20 60 -8
20 66 54
20 72 88
20 77 -85
20 79 -75
20 86 -44
20 87 -94
20 91 34
21 0 10
21 13 -17
21 14 96
21 16 -30
21 22 -16
21 26 4
21 29 78
21 30 36
21 32 -55
21 35 -54
21 37 -86
21 42 54
21 49 47
21 58 -81
21 59 -41
21 65 86
21 67 47
21 68 56
21 78 -32
21 84 5
21 86 21
21 92 34
21 98 -9
22 2 -1
22 7 45
22 9 -48
22 13 -45
22 16 -82
22 19 -40
22 21 90
22 26 95
22 27 -65
22 44 37
22 49 21
22 53 -15
22 59 -37
22 64 28
22 68 47
22 76 52
22 81 -73
22 83 -9
22 86 -95
23 0 -17
23 8 -76
23 11 -38
23 12 30
23 28 75
23 30 -53
23 31 71
23 34 72
23 41 29
23 43 45
23 48 -99
23 50 -81
23 59 1
23 60 -87
23 72 5
23 75 -78
23 77 -97
23 86 -26
23 89 4
23 93 18
23 95 93
23 96 -6
24 1 76
24 2 -37
24 9 -38
24 10 14
24 13 74
24 14 -59
24 17 75
24 18 -46
24 22 90
24 24 -43
24 25 78
24 31 -16
24 32 60
24 34 -69
24 51 65
24 54 -10
24 60 31
24 70 -82
24 72 14
24 75 -22
24 77 97
24 79 80
24 82 90
24 86 -85
25 0 -37
25 9 44
25 10 -5
25 18 46
25 25 -33
25 36 54
25 45 -69
25 57 -51
25 64 64
25 66 26
25 82 -50
25 86 -73
25 89 -4
25 92 -100
25 99 85
26 6 64
26 12 75
26 14 -52
26 17 34
26 20 44
26 23 6
26 25 13
26 26 -89
26 32 -64
26 52 -30
26 60 3
26 64 46
26 74 47
26 79 -29
26 87 52
26 90 20
26 96 -69
27 2 -51
27 5 -66
27 6 16
27 7 81
27 14 40
27 15 -68
27 20 -33
27 22 86
27 37 -51
27 39 -45
27 46 74
27 48 -62
27 51 72
27 52 -36
27 60 -4
27 61 -36
27 67 67
27 69 -18
27 70 18
27 86 61
27 88 -52
27 89 47
27 92 72
27 99 55
28 0 -46
28 4 -95
28 12 -76
28 15 95
28 21 74
28 35 -3
28 39 -63
28 42 -45
28 51 -69
28 53 64
28 58 -20
28 60 -78
28 61 -8
28 99 89
29 1 -81
29 4 29
29 10 13
29 11 92
29 12 19
29 13 18
29 14 -36
29 19 83
29 21 90
29 31 67
29 33 -69
29 50 -93
29 54 -85
29 55 73
29 74 6
29 78 49
29 83 11
29 89 -2
29 91 91
30 6 -58
30 15 -18
30 22 100
30 27 -98
30 28 -29
30 29 -55
30 30 26
30 33 99
30 38 -78
30 40 75
30 41 -96
30 50 -68
30 54 -66
30 58 51
30 65 61
30 69 -93
30 71 -100
30 81 -70
30 83 34
30 85 -92
30 86 27
30 87 -37
30 95 66
31 6 80
31 13 89
31 17 -43
31 18 -34
31 22 93
31 23 -70
31 24 61
31 27 -65
31 32 -21
31 33 -80
31 44 -6
31 50 -96
31 58 -30
31 67 95
31 71 22
31 79 -84
31 86 -96
31 88 -23
32 4 78
32 14 -27
32 15 73
32 18 8
32 29 47
32 30 -7
32 37 -28
32 41 -88
32 49 -26
32 51 -67
32 54 -22
32 55 -39
32 59 50
32 62 -95
32 69 -45
32 70 -85
32 73 33
32 74 79
32 83 87
32 85 -71
32 86 65
32 88 73
32 91 -14
32 95 -73
32 99 -43
33 5 -90
33 16 33
33 18 -22
33 19 11
33 27 2
33 31 -64
33 47 -14
33 67 62
33 68 5
33 70 19
33 80 -6
33 81 -88
33 82 42
33 94 -96
33 95 50
34 3 82
34 8 20
34 19 -44
34 21 46
34 23 65
34 26 9
34 30 63
34 32 90
34 45 -46
34 47 -99
34 50 72
34 51 -69
34 54 -6
34 59 33
34 60 20
34 69 100
34 70 -44
34 78 74
34 79 89
34 80 32
34 84 61
34 88 37
34 96 -6
34 98 -77
35 7 40
35 14 -86
35 15 56
35 19 22
35 29 -81
35 30 -5
35 33 100
35 34 -39
35 36 -52
35 51 -35
35 75 50
35 80 -44
35 88 85
35 90 3
35 93 -59
36 3 -68
36 6 -100
36 7 89
36 8 78
36 11 -60
36 18 -34
36 23 86
36 31 -56
36 34 -57
36 42 99
36 44 52
36 45 -55
36 48 23
36 50 -17
36 60 -7
36 63 -47
36 66 44
36 78 -56
36 96 14
37 1 49
37 4 -85
37 11 76
37 13 96
37 14 98
37 22 4
37 24 -72
37 26 7
37 33 -56
37 40 16
37 45 98
37 50 -32
37 54 -6
37 56 -87
37 67 -79
37 68 -5
37 69 -49
37 76 67
37 78 -24
37 84 8
37 88 -89
37 96 57
38 1 65
38 10 -9
38 25 46
38 29 -48
38 37 -24
38 42 36
38 51 74
38 59 16
38 63 -17
38 69 56
38 73 -98
38 77 67
38 79 48
38 81 54
38 98 58
39 2 -3
39 7 67
39 22 10
39 23 75
39 26 68
39 32 -27
39 38 -39
39 42 13
39 51 80
39 56 -29
39 60 -15
39 61 2
39 67 -38
39 70 -47
39 82 25
39 85 40
39 90 -41
39 91 39
39 95 58
39 98 -55
40 6 25
40 10 38
40 25 -56
40 27 58
40 35 29
40 40 -32
40 50 82
40 51 40
40 53 91
40 55 46
40 56 -10
40 57 -2
40 58 76
40 63 31
40 66 -48
40 75 -51
40 78 -55
40 79 -35
40 82 63
40 89 92
40 90 83
41 10 64
41 12 -60
41 16 43
41 17 63
41 19 18
41 20 -16
41 26 64
41 29 -30
41 30 -37
41 37 96
41 41 -47
41 42 -64
41 57 11
41 58 75
41 62 30
41 80 12
41 82 26
41 87 46
41 94 -83
41 95 -16
42 1 36
42 2 21
42 6 -43
42 9 25
42 10 -48
42 11 -82
42 13 71
42 19 -91
42 29 -45
42 31 45
42 33 58
42 36 32
42 46 -45
42 49 71
42 57 -52
42 61 17
42 68 -75
42 69 -92
42 82 92
42 87 -74
42 89 -12
42 95 63
43 4 20
43 10 53
43 14 67
43 15 61
43 23 -16
43 38 -27
43 40 69
43 49 100
43 51 -85
43 52 -67
43 79 29
43 91 79
43 93 3
43 94 59
44 0 -50
44 11 -46
44 13 15
44 20 -89
44 22 29
44 28 -86
44 29 51
44 30 2
44 32 -74
44 56 62
44 62 -52
44 64 -1
44 66 60
44 74 24
44 75 76
44 78 10
44 80 55
44 84 11
44 87 95
44 88 -78
44 93 49
45 1 -71
45 28 -24
45 30 -87
45 41 43
45 45 -65
45 57 73
45 58 -32
45 59 -98
45 60 63
45 62 43
45 65 -12
45 66 -44
45 68 -79
45 73 72
45 83 -82
45 89 90
45 95 -80
46 11 61
46 14 -88
46 15 -92
46 24 -15
46 31 -13
46 42 55
46 53 53
46 55 71
46 67 73
46 70 45
46 75 -1
46 81 -81
46 82 -15
46 86 -72
46 92 -17
46 96 36
46 98 -84
47 0 -74
47 8 77
47 23 66
47 24 -91
47 25 -44
47 29 -64
47 31 -58
47 33 22
47 38 57
47 43 -11
47 47 -21
47 51 -44
47 52 40
47 58 -31
47 59 99
47 61 -56
47 71 16
47 78 83
47 85 -83
47 88 50
47 93 13
47 94 87
47 98 -42
48 7 82
48 8 7
48 13 90
48 21 68
48 25 39
48 35 44
48 37 53
48 40 33
48 41 67
48 55 69
48 57 54
48 60 -48
48 61 -32
48 62 -75
48 69 55
48 71 -18
48 84 70
48 89 -59
48 98 59
49 2 -12
49 6 64
49 11 87
49 17 20
49 42 30
49 52 -37
49 65 51
49 67 -63
49 72 95
49 73 -57
49 85 64
49 88 -85
49 93 98
50 0 6
50 2 -38
50 4 68
50 6 -28
50 13 -17
50 15 34
50 17 -59
50 25 -89
50 26 -4
50 31 14
50 34 -10
50 35 -33
50 44 1
50 45 2
50 46 53
50 49 -30
50 53 30
50 57 18
50 61 29
50 63 94
50 71 -94
50 73 29
50 81 -4
51 0 -66
51 4 60
51 8 56
51 20 -29
51 31 -80
51 32 6
51 35 64
51 37 26
51 39 83
51 42 -31
51 49 -98
51 52 -1
51 54 23
51 57 -46
51 68 -6
51 71 -82
51 73 -68
51 79 -36
51 80 4
51 81 82
51 84 -71
51 86 89
51 91 -22
51 93 -49
52 4 92
52 5 -8
52 8 80
52 41 82
52 44 2
52 55 70
52 57 43
52 59 86
52 60 -20
52 62 23
52 79 1
52 89 -82
53 1 33
53 6 -87
53 8 -58
53 9 -54
53 18 -48
53 19 90
53 21 -4
53 29 -67
53 34 94
53 40 -83
53 49 70
53 53 -24
53 54 81
53 62 13
53 64 -8
53 68 84
53 69 11
53 72 -2
53 79 -95
53 82 -74
53 83 -55
53 91 -67
54 1 -38
54 3 50
54 12 30
54 13 -58
54 15 16
54 17 -4
54 19 4
54 22 19
54 26 -18
54 30 -28
54 32 33
54 36 4
54 37 72
54 41 -55
54 45 38
54 47 -89
54 53 13
54 65 66
54 71 -22
54 76 23
54 81 -79
54 93 8
54 96 -29
54 99 -75
55 0 -5
55 17 9
55 21 86
55 22 78
55 40 -23
55 42 -2
55 44 85
55 52 -40
55 53 -89
55 56 -16
55 80 18
55 81 -97
55 82 62
55 90 -17
55 91 84
55 96 -78
55 98 -48
56 1 -63
56 5 12
56 21 38
56 30 -9
56 31 91
56 37 -43
56 41 67
56 50 -85
56 55 6
56 58 7
56 61 90
56 65 -60
56 66 -20
56 67 -26
56 72 -50
56 77 83
56 81 83
56 86 -43
56 99 -53
57 0 -82
57 1 31
57 4 -22
57 10 -2
57 12 67
57 19 43
57 24 -37
57 25 39
57 29 59
57 38 2
57 42 34
57 63 58
57 66 18
57 69 10
57 72 -28
57 74 -55
57 75 53
57 79 -45
57 88 -9
57 89 -14
57 93 -93
57 95 35
57 98 -4
58 1 -35
58 6 -85
58 13 84
58 15 -96
58 18 5
58 19 24
58 20 -57
58 24 86
58 27 36
58 31 -29
58 32 -64
58 39 -34
58 44 59
58 64 -96
58 67 -14
58 68 39
58 79 -26
58 88 25
58 93 -14
58 94 -64
58 96 91
58 98 65
59 5 57
59 9 -91
59 10 60
59 11 20
59 15 -40
59 17 55
59 20 26
59 21 -93
59 24 -51
59 25 40
59 37 61
59 40 -48
59 54 -31
59 56 70
59 60 -89
59 63 41
59 64 86
59 65 18
59 67 56
59 69 73
59 71 -36
59 73 -94
59 88 -24
59 91 -74
59 97 -17
60 9 35
60 12 -89
60 16 -93
60 24 64
60 25 -30
60 29 -97
60 30 -56
60 36 29
60 38 78
60 41 -89
60 44 50
60 45 -93
60 46 -42
60 62 97
60 73 -79
60 74 64
60 78 -100
60 79 66
60 84 -68
60 85 26
60 87 -31
60 91 -34
60 93 -87
61 0 48
61 14 -37
61 21 77
61 24 -19
61 25 45
61 30 20
61 36 56
61 38 -29
61 45 80
61 52 16
61 55 2
61 58 96
61 76 -25
61 84 -90
61 89 21
61 91 40
61 94 67
61 97 -91
62 0 -58
62 15 -29
62 17 -57
62 20 75
62 21 84
62 30 83
62 37 96
62 40 -20
62 45 -15
62 50 56
62 52 -47
62 63 -91
62 65 -63
62 67 -57
62 70 -32
62 72 -68
62 74 -65
62 79 59
62 99 93
63 16 34
63 30 -100
63 34 38
63 42 25
63 50 14
63 54 73
63 59 -68
63 67 -7
63 69 -68
63 73 -23
63 74 -92
63 76 -98
63 79 12
63 80 -17
63 81 79
63 94 -76
64 0 -61
64 26 -43
64 28 44
64 30 -50
64 32 -76
64 35 57
64 45 12
64 55 -36
64 56 79
64 61 67
64 73 -56
64 74 -48
64 77 -64
64 85 -14
64 89 38
64 92 -16
64 95 31
64 98 81
65 9 33
65 11 92
65 20 58
65 24 -17
65 29 -91
65 40 -45
65 42 -84
65 47 89
65 49 -11
65 50 9
65 56 48
65 58 -92
65 62 -19
65 85 43
65 90 -40
65 91 -7
65 93 81
65 96 23
65 97 -77
65 98 67
66 8 -22
66 14 93
66 20 17
66 21 -78
66 64 25
66 67 -84
66 70 68
66 72 -36
66 73 -91
66 77 -83
66 81 16
66 82 -8
66 83 -89
66 91 -43
66 93 -80
66 95 -18
67 1 -27
67 9 50
67 11 -15
67 20 24
67 22 -41
67 24 87
67 30 4
67 37 78
67 46 -22
67 49 44
67 56 95
67 62 -61
67 73 19
67 76 88
67 80 -80
67 82 -28
67 87 -39
67 97 -40
68 2 -52
68 12 -58
68 14 -71
68 19 14
68 20 72
68 32 -75
68 37 41
68 39 73
68 47 -81
68 51 -49
68 57 -30
68 59 -88
68 66 -48
68 74 -27
68 75 -88
68 85 94
68 91 20
69 2 -68
69 5 47
69 6 98
69 9 -66
69 28 67
69 32 17
69 36 -41
69 39 -11
69 43 4
69 50 11
69 60 -10
69 64 -3
69 71 11
69 76 11
69 77 -81
69 78 -27
69 79 93
69 80 -86
69 95 -8
70 1 75
70 2 -17
70 7 -21
70 8 -80
70 10 -85
70 13 -66
70 14 -37
70 17 39
70 20 -35
70 27 27
70 32 35
70 39 -49
70 40 -83
70 41 29
70 48 86
70 51 4
70 67 -50
70 68 89
70 70 -81
70 73 -88
70 76 -31
70 78 -93
70 89 -37
70 93 -59
70 94 -53
70 96 -59
70 98 -63
70 99 41
71 7 98
71 8 22
71 11 98
71 14 89
71 17 31
71 21 1
71 23 -42
71 27 35
71 30 -41
71 33 -30
71 35 88
71 36 33
71 41 86
71 42 -94
71 56 -12
71 58 3
71 62 -19
71 64 10
71 68 89
71 91 -37
71 97 33
72 15 -11
72 19 -4
72 23 -69
72 24 43
72 25 2
72 29 -35
72 32 10
72 34 -10
72 35 -72
72 41 -91
72 43 -13
72 49 37
72 50 8
72 57 20
72 59 98
72 63 -77
72 72 -48
72 73 -50
72 76 93
72 80 63
72 81 55
72 95 40
72 96 74
72 98 -36
73 0 -9
73 2 -70
73 4 13
73 9 -76
73 10 -25
73 14 28
73 15 -9
73 18 92
73 20 50
73 25 -3
73 30 8
73 31 -98
73 36 -65
73 40 -78
73 41 14
73 47 -84
73 52 24
73 56 26
73 59 -22
73 66 57
73 70 32
73 77 96
73 79 85
73 84 -35
73 90 -87
73 99 64
74 9 -76
74 10 42
74 11 -13
74 24 99
74 28 -16
74 32 -92
74 34 58
74 35 98
74 38 -99
74 41 -2
74 49 72
74 57 12
74 60 -25
74 68 -31
74 71 78
74 77 -75
74 84 63
74 89 40
74 90 72
74 93 -12
74 95 -19
74 96 -3
75 7 12
75 9 -26
75 11 89
75 13 82
75 15 32
75 17 -7
75 22 60
75 29 -43
75 35 -28
75 38 -15
75 41 -50
75 48 -83
75 50 59
75 54 93
75 55 95
75 65 -22
75 70 80
75 77 39
75 81 39
75 84 97
75 85 33
75 86 -61
75 87 8
75 93 -62
76 5 -54
76 15 -3
76 27 -65
76 34 -62
76 41 99
76 42 -93
76 58 -74
76 59 -18
76 67 29
76 72 -33
76 76 -67
76 78 -25
76 90 86
76 94 11
76 95 16
76 96 89
76 99 -6
77 16 -45
77 19 33
77 22 66
77 27 -6
77 31 92
77 44 -76
77 46 -25
77 47 -43
77 53 18
77 57 92
77 65 -51
77 67 80
77 69 -41
77 72 -37
77 73 -13
77 74 78
77 91 -96
77 96 33
77 97 -24
77 98 -9
77 99 -61
78 6 -64
78 10 -46
78 11 -53
78 13 78
78 21 -53
78 25 22
78 34 -55
78 42 -81
78 48 91
78 52 -23
78 54 73
78 55 -92
78 64 93
78 65 -36
78 66 8
78 83 -33
78 89 48
78 99 81
79 1 62
79 5 21
79 13 12
79 14 -9
79 20 -47
79 28 60
79 33 71
79 36 59
79 39 -38
79 40 1
79 50 27
79 60 94
79 64 -55
79 69 99
79 78 12
79 80 -87
79 82 -95
79 84 66
79 87 92
79 90 -4
79 97 12
79 98 4
80 5 -76
80 7 -32
80 15 64
80 25 59
80 31 12
80 43 -90
80 46 -22
80 51 29
80 67 25
80 69 62
80 76 17
80 77 -84
80 82 -5
80 88 75
80 89 -24
80 95 -64
81 4 -88
81 5 -8
81 10 72
81 12 37
81 13 40
81 14 -18
81 19 -59
81 20 46
81 23 79
81 25 72
81 26 -55
81 32 -48
81 37 -85
81 43 60
81 46 -73
81 52 19
81 53 -38
81 61 81
81 68 72
81 70 -84
81 76 -93
81 77 -78
81 81 50
81 88 13
81 93 -57
82 2 43
82 8 -70
82 20 75
82 21 -46
82 28 53
82 29 10
82 32 88
82 40 -65
82 42 -23
82 44 100
82 47 61
82 52 7
82 55 64
82 56 -10
82 59 -2
82 65 64
82 71 -63
82 82 88
82 85 -67
82 92 60
82 96 -36
82 99 -39
83 3 -91
83 7 87
83 11 -9
83 16 22
83 18 90
83 24 58
83 28 86
83 43 79
83 47 89
83 48 -23
83 50 -39
83 51 82
83 56 42
83 63 46
83 72 42
83 73 12
83 79 62
83 93 40
83 96 -19
84 0 38
84 1 35
84 8 -10
84 13 -15
84 14 -37
84 16 80
84 26 90
84 27 -17
84 33 -75
84 35 73
84 52 -59
84 54 51
84 59 -83
84 65 -79
84 73 64
84 75 82
84 80 -81
84 83 -81
84 84 -21
84 91 57
84 92 -11
85 4 -36
85 12 79
85 15 30
85 30 18
85 39 -10
85 48 -8
85 55 -64
85 58 24
85 59 -12
85 68 39
85 69 -86
85 70 -1
85 73 -2
85 84 -30
85 88 -10
85 89 -91
85 92 20
85 94 79
86 2 4
86 6 86
86 7 -98
86 11 -98
86 14 35
86 16 -23
86 20 11
86 29 -43
86 33 2
86 34 2
86 35 -76
86 40 2
86 50 -1
86 61 -20
86 63 99
86 66 8
86 67 -67
86 70 35
86 72 65
86 73 61
86 74 -32
86 77 -39
86 85 58
86 87 -96
86 93 -91
86 98 -5
87 6 -98
87 16 59
87 28 -42
87 29 -54
87 33 -90
87 38 96
87 52 43
87 54 95
87 59 -93
87 61 -13
87 73 31
87 77 -81
87 80 -64
87 83 -25
87 85 89
87 98 -93
88 0 -87
88 5 -3
88 16 -58
88 26 25
88 28 -56
88 33 -58
88 39 -20
88 42 86
88 50 35
88 52 86
88 53 -37
88 54 90
88 57 -18
88 61 -45
88 68 73
88 77 -36
88 79 -49
88 83 -95
88 91 -15
89 4 -22
89 9 -82
89 17 47
89 23 -88
89 27 -81
89 28 32
89 33 -65
89 45 -21
89 47 -7
89 48 -49
89 49 -50
89 50 -31
89 52 17
89 55 49
89 60 -76
89 67 98
89 72 -25
89 76 64
89 80 -95
89 82 -32
89 83 -67
89 84 -86
89 88 -95
89 89 -98
89 93 21
89 96 -86
90 0 -82
90 19 -3
90 24 -100
90 25 -25
90 26 73
90 39 -27
90 42 17
90 43 44
90 46 -70
90 51 47
90 59 -36
90 65 -7
90 70 -69
90 73 -8
90 76 78
90 78 -3
90 80 36
91 2 -46
91 8 -75
91 10 -29
91 12 42
91 17 -19
91 25 -88
91 27 56
91 32 -12
91 38 -48
91 40 84
91 52 92
91 57 81
91 61 81
91 75 76
91 79 -92
91 88 49
91 96 22
91 98 -54
92 5 -38
92 17 -61
92 24 52
92 38 28
92 41 -60
92 44 -100
92 63 81
92 82 58
92 85 -30
92 88 98
93 4 32
93 11 15
93 24 19
93 26 -97
93 28 43
93 40 -8
93 42 -67
93 45 -32
93 51 -13
93 60 -78
93 83 -11
93 84 -25
93 87 -71
93 90 18
94 0 15
94 3 86
94 5 2
94 9 5
94 10 41
94 11 -94
94 13 -100
94 16 31
94 22 -7
94 28 27
94 32 -67
94 37 -43
94 41 -79
94 46 -52
94 47 -87
94 54 30
94 57 11
94 59 -76
94 61 -88
94 68 -91
94 71 71
94 83 -88
94 84 -1
94 86 -41
94 89 65
94 91 86
94 95 85
94 99 73
95 8 -36
95 15 80
95 17 -5
95 19 71
95 20 -56
95 22 -44
95 23 70
95 28 -24
95 36 -71
95 38 40
95 39 18
95 45 59
95 48 84
95 50 -22
95 64 -12
95 66 -12
95 74 -80
95 76 96
95 79 -49
95 82 50
95 86 -70
95 89 72
95 90 64
95 91 17
96 11 -77
96 12 -7
96 15 56
96 22 41
96 23 -35
96 25 -88
96 26 -92
96 30 63
96 31 11
96 40 91
96 42 -89
96 53 4
96 56 46
96 60 -64
96 62 15
96 66 -91
96 74 75
96 81 77
96 83 -38
96 84 -25
96 93 -37
97 2 -4
97 3 -93
97 4 -44
97 5 -82
97 11 -42
97 13 -40
97 20 -47
97 22 -3
97 23 98
97 26 9
97 29 -40
97 37 -29
97 38 -48
97 39 -13
97 40 -73
97 43 -65
97 45 88
97 46 -94
97 48 -99
97 56 -16
97 64 56
97 65 95
97 68 -88
97 70 85
97 71 49
97 76 -84
97 90 -23
97 94 38
97 95 26
97 98 30
98 2 -34
98 4 48
98 11 -31
98 21 -70
98 22 36
98 23 46
98 24 -67
98 27 15
98 32 12
98 43 41
98 45 -97
98 48 -20
98 57 -50
98 58 90
98 62 29
98 64 -37
98 65 -57
98 66 -59
98 67 -88
98 75 -39
98 89 97
98 92 1
98 93 78
98 95 88
99 8 -17
99 17 85
99 18 -67
99 27 -91
99 30 -91
99 32 -25
99 39 -88
99 40 -6
99 45 10
99 51 -42
99 52 88
99 57 69
99 60 93
99 83 98
99 84 -7
99 85 90
99 90 14