0 0 -27
0 1 -98
0 2 -66
0 3 -58
0 4 68
0 5 -39
0 6 5
0 7 -47
0 8 -75
0 9 -19
1 0 20
1 1 -70
1 2 63
1 3 33
1 4 -80
1 5 -77
1 6 -16
1 7 29
1 8 4
1 9 71
2 0 41
2 1 -40
2 2 -2
2 3 34
2 4 46
2 5 77
2 6 -50
2 7 98
2 8 36
2 9 -74
3 0 23
3 1 -20
3 2 56
3 3 50
3 4 58
3 5 9
3 6 -44
3 7 38
3 8 61
3 9 25
4 0 54
4 1 -64
4 2 10
4 3 -89
4 4 -15
4 5 76
4 8 -50
4 9 -25
5 1 11
5 2 32
5 3 -10
5 4 -84
5 5 31
5 6 71
5 8 88
5 9 38
6 0 -38
6 1 -33
6 2 9
6 3 66
6 5 -91
6 6 24
6 7 -51
6 8 56
6 9 95
7 0 17
7 1 -46
7 2 11
7 3 -91
7 4 80
7 5 81
7 6 65
7 7 -95
7 8 -66
7 9 25
8 0 71
8 2 23
8 3 80
8 4 -22
8 6 85
8 8 -49
8 9 70
9 0 -97
9 1 14
9 2 -97
9 3 26
9 4 44
9 5 -93
9 6 -87
9 7 -77
9 8 -20
9 9 80