0 8 -40
0 9 72
0 15 -31
0 17 -38
0 26 9
0 32 98
0 39 -8
0 40 -9
0 41 93
0 44 34
0 49 80
0 53 76
0 57 -79
0 61 -6
0 62 12
0 72 56
0 73 -15
0 80 -25
0 87 -78
0 89 84
0 99 7
0 107 38
0 111 8
0 117 1
0 118 7
0 119 -49
0 123 -100
0 124 6
0 126 -45
0 131 20
0 136 -24
0 140 50
0 144 -99
0 148 9
1 2 -96
1 6 32
1 14 18
1 24 -15
1 26 -77
1 29 -20
1 45 -91
1 48 -37
1 49 -49
1 63 95
1 65 66
1 70 -94
1 79 -77
1 82 -100
1 91 -14
1 94 -23
1 96 -38
1 103 36
1 109 -31
1 121 89
1 127 -17
1 133 69
1 142 26
1 149 4
2 2 18
2 7 -73
2 28 -55
2 36 -8
2 42 82
2 56 91
2 57 -57
2 65 -95
2 72 97
2 73 17
2 75 74
2 78 47
2 80 48
2 84 2
2 87 -81
2 90 -30
2 95 -64
2 99 -77
2 113 69
2 133 -88
2 144 -21
2 147 26
3 6 -97
3 8 -29
3 9 67
3 13 -60
3 14 -78
3 20 40
3 22 -88
3 33 -14
3 37 -74
3 38 4
3 47 60
3 48 -95
3 53 -12
3 54 -68
3 70 19
3 74 77
3 85 -19
3 92 21
3 94 50
3 97 5
3 104 -88
3 115 -72
3 118 98
3 119 61
3 120 -26
3 124 -80
3 130 51
3 133 -80
3 138 -55
3 144 77
4 13 69
4 19 31
4 27 77
4 37 33
4 44 -6
4 45 42
4 50 -82
4 51 91
4 60 17
4 62 100
4 68 45
4 70 -45
4 76 65
4 84 74
4 96 46
4 97 -4
4 100 -38
4 104 -19
4 111 -72
4 113 98
4 123 100
4 134 3
4 136 78
4 138 71
4 140 -62
4 143 48
4 144 -97
4 148 75
5 12 -64
5 14 65
5 16 -34
5 20 -62
5 29 7
5 30 -49
5 32 -15
5 38 16
5 40 19
5 42 7
5 44 31
5 53 -7
5 58 39
5 63 -87
5 77 75
5 84 -83
5 86 67
5 87 -81
5 98 -27
5 100 -61
5 109 -6
5 115 83
5 117 -71
5 123 17
5 129 -61
5 137 -52
5 145 -31
5 148 -73
6 6 97
6 16 13
6 33 97
6 37 56
6 38 -90
6 44 17
6 45 -58
6 55 49
6 56 35
6 66 -42
6 67 -2
6 72 -68
6 78 -67
6 82 -59
6 92 -97
6 93 34
6 98 -50
6 101 99
6 105 -15
6 112 3
6 115 42
6 123 -42
6 124 50
6 126 -27
6 133 -13
6 134 21
7 2 56
7 18 -70
7 21 93
7 29 -98
7 42 25
7 58 63
7 67 65
7 68 41
7 81 -51
7 84 -35
7 86 38
7 91 -97
7 95 -93
7 101 10
7 105 57
7 108 6
7 110 93
7 112 -62
7 118 -82
7 121 46
7 131 30
7 148 61
7 149 -52
8 1 10
8 4 29
8 8 65
8 10 -71
8 16 -94
8 17 76
8 19 -46
8 20 44
8 21 49
8 25 33
8 31 32
8 39 44
8 44 7
8 53 99
8 64 -75
8 75 -5
8 78 -65
8 83 76
8 85 77
8 115 100
8 120 -55
8 129 -25
8 133 8
8 135 31
8 139 -20
8 141 89
8 147 -52
9 2 87
9 12 44
9 13 -26
9 21 -71
9 32 -97
9 44 -49
9 57 -85
9 62 93
9 65 -91
9 67 10
9 73 -87
9 84 -61
9 87 -65
9 91 -41
9 106 -67
9 107 -45
9 110 55
9 116 -89
9 119 19
9 126 -76
9 129 -96
9 138 -8
9 144 75
10 3 -12
10 15 -1
10 19 -65
10 25 -99
10 48 40
10 51 -43
10 52 -18
10 55 -95
10 60 -53
10 61 -59
10 72 -70
10 77 -21
10 85 -66
10 94 46
10 107 -88
10 124 -6
10 125 40
10 134 -24
10 142 95
10 146 -51
11 5 -86
11 8 24
11 9 59
11 15 -2
11 20 -78
11 22 -57
11 28 92
11 31 46
11 45 -16
11 48 -60
11 55 46
11 56 -61
11 58 -53
11 68 100
11 71 -67
11 77 -26
11 80 -36
11 81 41
11 86 86
11 88 -22
11 89 54
11 128 -21
11 131 41
11 135 68
11 136 81
11 137 -59
11 142 -91
11 144 -7
12 8 -52
12 31 -80
12 44 -82
12 47 -100
12 57 55
12 65 57
12 66 -99
12 70 -39
12 71 -46
12 77 -19
12 95 16
12 102 -96
12 107 -28
12 115 -24
12 129 40
12 132 46
12 135 -80
12 148 79
12 149 85
13 4 -100
13 6 -67
13 28 -90
13 30 5
13 32 -63
13 38 32
13 39 -64
13 41 -34
13 42 -47
13 44 4
13 45 34
13 48 47
13 65 -14
13 71 16
13 82 21
13 99 64
13 102 -84
13 106 -63
13 110 84
13 113 -14
13 115 -88
13 116 25
13 117 44
13 119 -71
13 121 34
13 126 42
13 129 52
13 130 -2
13 132 47
13 135 73
13 138 -72
13 142 4
14 1 -40
14 3 66
14 9 13
14 20 -18
14 27 -12
14 29 -67
14 38 -24
14 39 -68
14 47 91
14 49 -82
14 52 -31
14 59 91
14 60 70
14 61 73
14 62 34
14 70 -77
14 79 23
14 84 98
14 85 -49
14 99 -76
14 102 -56
14 103 5
14 109 -89
14 121 -75
14 136 28
14 145 -100
14 147 76
15 0 79
15 2 -89
15 7 34
15 10 56
15 19 -73
15 22 -59
15 28 -7
15 36 34
15 49 19
15 52 3
15 61 -81
15 63 56
15 64 17
15 66 48
15 68 13
15 70 -33
15 80 23
15 82 74
15 88 100
15 97 -80
15 98 58
15 104 24
15 109 -15
15 112 -2
15 116 -26
15 137 13
16 5 -37
16 27 -28
16 28 78
16 32 -23
16 41 -5
16 42 68
16 48 43
16 54 28
16 66 -93
16 67 -50
16 75 100
16 76 -100
16 81 -48
16 94 -44
16 96 -81
16 119 -62
16 133 54
16 138 -8
16 140 98
16 142 -6
16 145 -75
16 146 -2
16 147 -42
17 9 28
17 10 -38
17 11 57
17 31 -66
17 34 -72
17 37 -97
17 42 -56
17 48 88
17 57 13
17 67 41
17 81 6
17 92 -25
17 96 -38
17 99 12
17 103 87
17 107 -88
17 115 84
17 117 14
17 124 43
17 128 69
17 135 86
17 136 -68
17 137 -100
17 141 61
17 142 -10
18 6 8
18 11 -39
18 14 -63
18 18 -94
18 34 -9
18 36 -94
18 43 -77
18 44 -13
18 46 -48
18 59 8
18 61 -49
18 66 6
18 74 -3
18 80 -27
18 86 -9
18 90 -20
18 91 12
18 94 9
18 96 -96
18 101 -31
18 105 99
18 112 -64
18 116 -83
18 123 92
18 126 49
18 145 83
19 8 -76
19 14 -80
19 18 -66
19 19 -14
19 21 -57
19 38 -42
19 48 -23
19 50 17
19 51 -81
19 55 82
19 56 -73
19 57 -94
19 59 10
19 66 -35
19 67 -100
19 77 -69
19 84 -73
19 91 33
19 96 36
19 103 -41
19 104 49
19 107 -7
19 110 -15
19 116 -14
19 118 -1
19 122 -92
19 128 -89
19 130 70
19 136 40
19 137 36
19 138 -49
19 140 82
19 141 -53
19 142 -20
19 145 66
19 146 27
19 149 -57
20 2 -31
20 6 18
20 10 -80
20 11 68
20 16 89
20 30 -75
20 31 -9
20 33 -6
20 34 100
20 37 74
20 44 -46
20 47 -85
20 62 -100
20 64 22
20 67 -82
20 70 -43
20 72 -91
20 76 -61
20 85 -29
20 86 -5
20 88 -83
20 91 82
20 101 -44
20 106 80
20 111 9
20 112 -18
20 121 59
20 129 -52
20 131 6
20 132 -34
20 136 39
20 138 -92
20 141 15
20 142 49
20 144 -72
21 9 -63
21 15 57
21 17 -72
21 20 71
21 23 57
21 46 -7
21 47 4
21 49 -85
21 50 -44
21 60 33
21 83 6
21 86 72
21 89 47
21 118 -73
21 127 -4
21 130 -52
21 131 -5
21 135 25
21 137 -15
21 139 11
21 148 42
22 6 -57
22 8 -27
22 9 52
22 13 -46
22 16 -66
22 23 -93
22 31 -52
22 42 -60
22 53 11
22 68 38
22 74 -81
22 79 10
22 82 96
22 89 33
22 101 -93
22 106 38
22 108 -30
22 113 97
22 137 56
22 140 -20
22 148 -39
23 4 -71
23 9 -6
23 10 13
23 20 99
23 24 60
23 25 -81
23 26 -26
23 28 38
23 33 79
23 35 32
23 36 -33
23 44 43
23 49 52
23 50 82
23 52 62
23 59 81
23 64 -58
23 76 35
23 81 -10
23 83 -23
23 99 -71
23 114 17
23 120 -3
23 124 -20
23 130 -87
23 133 -33
23 135 -35
23 140 -54
23 142 99
23 143 55
23 144 -56
24 5 98
24 9 -24
24 13 -45
24 14 -15
24 17 -42
24 22 24
24 24 -16
24 28 21
24 34 79
24 36 -45
24 47 42
24 49 75
24 54 53
24 57 -72
24 58 88
24 86 13
24 89 49
24 106 33
24 108 -36
24 109 30
24 112 24
24 128 -89
24 137 -19
24 140 -46
24 142 -55
24 143 12
24 146 -17
25 25 -39
25 32 -81
25 34 -79
25 35 -41
25 37 24
25 40 -94
25 45 -87
25 56 18
25 59 -1
25 61 -82
25 64 47
25 70 70
25 71 66
25 72 -47
25 74 -41
25 77 -94
25 78 -94
25 83 -75
25 86 -17
25 87 98
25 90 -75
25 98 -92
25 104 78
25 107 16
25 108 -22
25 112 61
25 115 47
25 118 -26
25 126 8
25 131 29
25 134 -36
25 145 -61
26 3 69
26 8 89
26 12 -66
26 19 59
26 20 -83
26 25 71
26 32 66
26 34 66
26 45 76
26 46 -70
26 52 79
26 57 -25
26 62 -53
26 69 4
26 70 75
26 73 -9
26 75 -25
26 83 -70
26 86 -76
26 87 100
26 104 -47
26 111 78
26 112 65
26 118 -44
26 120 46
26 124 11
26 128 11
26 131 -2
26 132 8
26 138 90
26 144 48
27 2 42
27 4 71
27 12 -25
27 15 -68
27 19 -35
27 29 61
27 30 71
27 39 48
27 44 -68
27 52 14
27 57 53
27 60 31
27 61 88
27 62 -44
27 64 -32
27 66 29
27 77 -93
27 87 -42
27 92 -19
27 96 49
27 97 -94
27 101 -11
27 115 53
27 125 3
27 126 13
27 133 -93
27 138 53
28 9 59
28 20 98
28 25 -15
28 34 -33
28 42 52
28 51 -61
28 52 -85
28 64 91
28 80 44
28 85 12
28 87 -5
28 97 13
28 104 -56
28 117 72
28 120 13
28 141 89
28 143 -27
29 6 -86
29 15 19
29 16 48
29 18 61
29 32 -25
29 39 -12
29 42 -17
29 45 -59
29 51 95
29 53 -60
29 54 79
29 55 -42
29 57 -57
29 59 38
29 68 -78
29 72 2
29 75 16
29 82 10
29 87 -54
29 88 82
29 90 -27
29 104 -60
29 106 -69
29 113 41
29 114 -63
29 123 63
29 126 -66
29 135 65
29 137 -52
29 141 80
29 144 54
29 149 51
30 25 75
30 29 59
30 48 4
30 49 -39
30 54 -27
30 57 5
30 59 -12
30 60 -43
30 71 43
30 73 -3
30 80 -92
30 81 21
30 83 -11
30 92 -57
30 112 -96
30 113 53
30 117 90
30 119 75
30 127 -4
30 134 -75
30 135 -14
31 0 8
31 5 29
31 6 20
31 7 21
31 8 -3
31 20 95
31 27 -44
31 29 -48
31 33 5
31 39 34
31 40 -58
31 43 58
31 55 60
31 60 -82
31 74 -11
31 80 -5
31 88 15
31 91 27
31 95 48
31 117 -62
31 118 -89
31 119 4
31 130 -3
31 131 -99
31 141 -100
31 144 5
31 146 84
31 147 28
32 0 -95
32 6 -4
32 7 40
32 9 -35
32 11 55
32 12 82
32 31 -2
32 33 89
32 43 -8
32 47 42
32 50 -90
32 72 93
32 75 100
32 80 -91
32 82 -53
32 89 93
32 96 18
32 108 51
32 121 31
33 0 -80
33 2 -9
33 13 30
33 25 13
33 28 -91
33 45 -81
33 48 14
33 49 100
33 52 6
33 76 24
33 78 -81
33 91 95
33 92 -40
33 103 96
33 107 99
33 108 -89
33 111 14
33 118 -41
33 127 -87
33 128 -84
33 135 -77
33 144 76
33 145 -5
34 10 24
34 11 51
34 12 -15
34 20 -47
34 21 85
34 22 -46
34 30 14
34 32 -69
34 34 95
34 35 -65
34 36 85
34 39 -39
34 40 96
34 42 34
34 43 -36
34 45 -53
34 46 21
34 66 29
34 70 -84
34 71 47
34 78 19
34 83 50
34 84 54
34 96 -26
34 98 81
34 111 -5
34 116 71
34 138 -47
34 142 -74
34 143 96
35 1 -56
35 10 42
35 23 -54
35 35 -10
35 43 -93
35 53 19
35 57 62
35 60 -92
35 75 84
35 78 92
35 92 1
35 93 -56
35 95 -51
35 97 4
35 100 36
35 101 -89
35 118 -34
35 126 -61
35 128 31
35 135 89
35 138 -93
36 0 83
36 2 84
36 4 -86
36 5 61
36 9 33
36 10 -21
36 22 30
36 32 -23
36 36 80
36 42 -56
36 43 95
36 46 68
36 52 -78
36 66 -3
36 71 81
36 76 17
36 88 13
36 89 -88
36 93 -78
36 95 -50
36 103 93
36 105 -97
36 114 -82
36 117 -28
36 122 97
36 131 11
36 133 -9
36 134 -79
37 4 4
37 6 45
37 9 69
37 10 54
37 14 61
37 19 91
37 23 -8
37 24 5
37 29 -59
37 33 49
37 37 6
37 38 -53
37 42 -87
37 43 -78
37 44 82
37 45 98
37 47 3
37 49 -90
37 53 38
37 65 77
37 70 31
37 77 -10
37 78 33
37 79 -65
37 81 -96
37 82 78
37 99 70
37 108 24
37 116 51
37 127 -21
37 129 37
37 131 -93
37 139 -23
37 145 -11
37 147 -80
37 149 78
38 1 -91
38 6 89
38 8 -94
38 10 30
38 12 27
38 20 -11
38 21 39
38 30 3
38 38 -49
38 42 53
38 48 -13
38 51 66
38 56 27
38 66 69
38 68 11
38 72 31
38 76 -33
38 97 78
38 107 7
38 121 58
38 134 -50
38 135 8
38 142 -84
39 12 -6
39 23 36
39 25 75
39 26 82
39 29 -75
39 34 -93
39 38 -61
39 59 33
39 66 -26
39 76 -52
39 79 53
39 86 -81
39 90 26
39 97 -55
39 99 58
39 101 58
39 117 -59
39 121 -97
39 122 39
39 129 -68
39 135 41
39 136 -20
39 140 66
40 19 -42
40 26 85
40 29 36
40 33 33
40 42 38
40 46 -62
40 64 -96
40 67 -22
40 71 3
40 74 18
40 93 68
40 96 -89
40 99 92
40 103 82
40 109 -42
40 117 -41
40 120 44
40 121 28
40 125 96
40 126 -33
40 136 57
40 139 40
40 148 57
41 1 68
41 10 -27
41 12 -58
41 14 -22
41 23 -3
41 32 94
41 36 84
41 39 15
41 40 -84
41 44 17
41 47 -99
41 54 28
41 61 78
41 63 -60
41 65 49
41 69 72
41 71 -49
41 75 -60
41 80 -37
41 90 -27
41 93 80
41 96 -60
41 129 55
41 130 -20
41 132 -87
41 133 72
41 141 23
41 146 -59
41 147 19
42 6 55
42 8 -53
42 20 4
42 25 19
42 29 9
42 30 40
42 37 81
42 46 -7
42 47 78
42 48 63
42 49 78
42 52 -87
42 60 -58
42 62 -39
42 65 -66
42 66 22
42 67 10
42 70 14
42 71 69
42 85 -5
42 103 91
42 109 91
42 114 62
42 122 84
42 126 26
42 129 -1
42 130 52
42 143 30
43 5 -6
43 7 20
43 18 14
43 28 -97
43 34 77
43 37 96
43 38 -26
43 46 -54
43 49 79
43 54 -13
43 56 -27
43 58 24
43 74 94
43 80 -12
43 83 76
43 86 3
43 91 -76
43 92 -81
43 98 -7
43 100 -16
43 103 16
43 116 -90
43 117 -41
43 124 84
43 127 -54
43 132 -98
43 134 22
43 138 92
43 148 34
44 0 91
44 1 -86
44 2 -84
44 5 -27
44 6 54
44 11 32
44 22 -46
44 25 59
44 27 96
44 31 38
44 40 -80
44 41 8
44 42 33
44 49 13
44 57 29
44 61 5
44 65 64
44 67 -69
44 82 -11
44 98 -56
44 111 -91
44 112 -29
44 116 -77
44 121 8
44 123 -73
44 125 15
44 148 -50
45 0 -3
45 13 -91
45 19 35
45 23 89
45 29 49
45 39 97
45 40 30
45 42 39
45 49 -50
45 55 -19
45 60 27
45 81 -23
45 86 -16
45 89 20
45 102 61
45 104 -44
45 105 43
45 113 57
45 121 -75
45 130 -7
45 133 35
45 138 -25
45 142 -85
46 7 14
46 14 -92
46 23 73
46 31 67
46 32 -22
46 34 -75
46 35 -21
46 43 -75
46 59 91
46 63 -37
46 72 -42
46 74 51
46 75 -37
46 76 -94
46 87 86
46 100 -64
46 104 -59
46 107 3
46 113 26
46 119 5
46 132 -70
46 138 83
46 143 -75
46 146 -63
47 2 72
47 8 -33
47 14 -1
47 19 49
47 24 -63
47 27 12
47 36 -93
47 42 -49
47 60 28
47 61 -93
47 63 42
47 64 -58
47 77 -96
47 88 8
47 94 -24
47 108 -23
47 112 -52
47 119 -44
47 123 7
47 136 54
47 137 62
47 144 35
47 147 3
48 4 35
48 17 -30
48 19 41
48 22 -33
48 23 66
48 27 83
48 41 -2
48 59 40
48 67 -6
48 68 -19
48 75 -51
48 83 100
48 84 41
48 85 -24
48 97 95
48 98 76
48 100 5
48 116 91
48 120 -45
48 127 44
48 130 -67
48 131 -83
48 132 2
48 138 -91
48 139 -78
48 148 -39
49 13 38
49 14 41
49 21 -73
49 22 -90
49 24 82
49 34 60
49 35 -46
49 42 -87
49 56 49
49 70 24
49 74 -53
49 79 -58
49 83 60
49 85 43
49 89 18
49 97 60
49 104 -53
49 108 80
49 117 -63
49 119 26
49 130 -5
49 133 6
49 138 -3
49 140 32
49 144 -34
49 145 84
49 149 97
50 3 58
50 13 74
50 19 -83
50 20 64
50 30 -11
50 46 -39
50 50 -35
50 51 91
50 54 69
50 58 -68
50 67 47
50 69 -59
50 71 36
50 79 1
50 80 94
50 91 27
50 93 -35
50 111 -18
50 112 98
50 117 17
50 133 -33
50 140 -79
50 144 -32
51 0 -23
51 14 27
51 25 -8
51 33 -79
51 35 -42
51 41 77
51 73 89
51 83 -82
51 98 -94
51 107 -74
51 113 -53
51 115 -87
51 122 -29
51 135 59
51 137 33
51 143 -13
52 9 83
52 10 -43
52 13 -9
52 19 44
52 20 -49
52 28 -60
52 36 14
52 44 40
52 45 -29
52 51 18
52 53 -30
52 65 33
52 67 69
52 69 -12
52 72 -77
52 73 6
52 77 20
52 82 48
52 84 80
52 92 -76
52 95 -31
52 99 -21
52 117 -71
52 119 -60
52 124 -87
52 125 -83
52 128 -7
52 143 -80
52 145 3
52 147 84
52 149 57
53 9 10
53 23 -80
53 39 -55
53 42 -53
53 50 20
53 59 -15
53 65 51
53 69 54
53 75 -27
53 82 36
53 84 -48
53 87 -17
53 97 92
53 107 -70
53 117 -63
53 120 46
53 125 -27
53 132 35
53 133 99
53 138 -5
53 139 44
53 142 -62
54 2 85
54 3 71
54 7 -9
54 12 -34
54 13 95
54 14 25
54 19 14
54 32 -40
54 33 80
54 34 -44
54 49 -16
54 58 -86
54 73 14
54 81 27
54 83 -70
54 90 -64
54 98 -42
54 102 -12
54 106 80
54 110 85
54 130 -17
55 3 5
55 16 -88
55 22 -78
55 23 76
55 29 -30
55 32 -43
55 34 -84
55 46 -59
55 47 -24
55 48 24
55 49 -69
55 56 75
55 59 100
55 71 -42
55 81 33
55 88 -31
55 89 -84
55 96 -70
55 126 83
55 137 -78
55 138 -96
55 139 -71
55 142 75
56 4 64
56 8 -64
56 28 -16
56 31 65
56 36 50
56 42 -6
56 44 -49
56 45 58
56 46 38
56 51 -46
56 52 35
56 54 1
56 55 15
56 66 4
56 67 35
56 68 -48
56 72 31
56 76 -13
56 77 2
56 83 45
56 105 -81
56 117 56
56 119 51
56 122 -25
56 126 90
56 138 -22
57 0 45
57 11 -47
57 16 -95
57 38 7
57 62 -20
57 64 86
57 65 -89
57 71 -97
57 74 -25
57 91 -37
57 94 62
57 97 -73
57 121 -11
57 129 30
57 131 -50
57 149 -67
58 0 1
58 5 5
58 9 -33
58 18 99
58 21 4
58 32 -52
58 50 -25
58 52 -46
58 61 -78
58 67 11
58 74 23
58 83 -23
58 86 -93
58 93 -48
58 95 9
58 104 73
58 105 74
58 114 -18
58 121 -94
58 122 69
58 124 64
58 132 -85
58 140 -94
59 1 -3
59 14 94
59 17 20
59 18 99
59 22 -9
59 32 -33
59 39 13
59 42 11
59 46 33
59 49 -17
59 60 -51
59 65 -18
59 67 91
59 72 57
59 89 78
59 93 -87
59 97 56
59 98 98
59 100 -96
59 105 -83
59 106 1
59 109 -26
59 114 77
59 119 -91
59 124 -81
59 129 -51
59 131 36
59 133 37
59 138 -16
59 148 -66
59 149 -100
60 12 -81
60 18 71
60 32 -68
60 34 -4
60 35 -64
60 36 83
60 44 -25
60 47 -98
60 60 83
60 69 -64
60 71 -39
60 72 93
60 76 4
60 77 86
60 84 37
60 98 23
60 113 78
60 123 79
60 133 48
60 137 -80
60 140 -79
60 148 -81
61 0 -1
61 16 80
61 17 91
61 26 -63
61 27 86
61 30 -68
61 38 -13
61 41 70
61 42 74
61 47 40
61 54 27
61 55 -44
61 75 89
61 77 -100
61 82 -17
61 90 9
61 91 21
61 95 75
61 98 -85
61 111 -53
61 113 -97
61 116 36
61 119 -96
61 120 16
61 125 -35
61 128 -72
61 141 -48
61 142 -60
61 144 62
61 146 -52
62 2 19
62 5 27
62 10 96
62 11 -26
62 18 -43
62 20 -57
62 26 -62
62 32 18
62 35 96
62 40 63
62 44 6
62 52 -49
62 54 -98
62 60 -19
62 63 -32
62 66 27
62 74 -57
62 79 -100
62 91 52
62 94 -93
62 96 83
62 101 -65
62 105 -27
62 115 -54
62 116 -2
62 120 -28
62 121 -40
62 123 54
62 127 -86
62 141 42
62 143 -46
63 20 41
63 21 50
63 23 -92
63 26 -52
63 30 -59
63 40 10
63 44 23
63 49 58
63 57 -32
63 65 9
63 66 73
63 82 41
63 85 81
63 86 -98
63 87 -80
63 103 89
63 104 -18
63 106 -45
63 107 -2
63 110 -89
63 112 62
63 113 73
63 115 69
63 116 70
63 119 18
63 124 -34
63 128 92
63 129 10
63 134 -57
63 149 4
64 8 49
64 9 39
64 34 -42
64 41 -36
64 43 38
64 47 -2
64 49 81
64 52 -99
64 55 83
64 59 11
64 68 -7
64 70 -43
64 80 -83
64 88 -77
64 92 -56
64 97 -44
64 101 -1
64 104 -93
64 107 49
64 112 49
64 127 -4
64 130 -58
64 148 35
65 1 -27
65 2 45
65 11 -86
65 15 -35
65 20 11
65 23 61
65 28 75
65 32 -26
65 35 69
65 37 -31
65 40 98
65 44 59
65 46 -53
65 49 -86
65 51 -88
65 61 84
65 69 28
65 70 -1
65 75 13
65 88 -3
65 89 -91
65 99 -8
65 102 59
65 103 -34
65 112 -7
65 118 82
65 126 -2
65 144 53
65 148 -98
66 2 -40
66 11 98
66 17 -53
66 23 -48
66 24 -13
66 25 -24
66 26 86
66 55 41
66 59 39
66 70 -63
66 80 -79
66 83 -87
66 91 -100
66 94 7
66 102 27
66 105 -56
66 112 -19
66 114 33
66 127 -43
66 128 -74
66 131 3
66 143 -76
66 144 -92
66 145 52
67 11 48
67 18 -71
67 22 -35
67 42 -95
67 53 -89
67 54 100
67 67 -5
67 70 38
67 74 -18
67 77 2
67 81 74
67 88 -57
67 91 7
67 93 -63
67 109 -75
67 110 -81
67 114 -2
67 115 80
67 117 85
67 133 46
67 138 -66
67 142 -97
67 143 95
68 4 19
68 8 -69
68 18 -61
68 26 -83
68 28 1
68 33 -41
68 41 97
68 44 -39
68 48 98
68 51 -68
68 55 5
68 64 56
68 65 53
68 67 51
68 77 -37
68 81 -98
68 85 -47
68 89 -15
68 105 -85
68 110 42
68 117 -58
68 123 -32
68 126 -7
68 131 47
68 136 -40
68 145 68
69 22 23
69 23 -82
69 40 99
69 41 36
69 47 -73
69 57 -46
69 66 -53
69 69 -17
69 75 31
69 81 -62
69 90 56
69 91 58
69 96 8
69 109 -30
69 138 10
69 141 45
70 0 -13
70 3 -60
70 11 95
70 13 49
70 18 81
70 29 100
70 32 -66
70 40 87
70 46 -59
70 47 -63
70 50 47
70 58 -91
70 60 43
70 61 96
70 64 -100
70 74 -53
70 85 35
70 86 24
70 89 8
70 92 62
70 96 -68
70 99 -40
70 103 -47
70 106 -89
70 107 56
70 111 -41
70 117 92
70 118 -24
70 120 25
70 122 -8
70 124 64
70 125 34
70 129 -39
70 140 -4
70 147 98
71 3 40
71 30 55
71 31 67
71 39 82
71 44 -18
71 45 18
71 64 -48
71 67 93
71 84 -47
71 88 65
71 98 94
71 105 -88
71 108 -33
71 116 75
71 129 -62
71 131 -18
71 133 -86
71 135 53
71 137 57
71 141 93
72 9 72
72 13 41
72 14 -68
72 18 -90
72 28 47
72 52 -75
72 56 -89
72 63 -96
72 67 37
72 70 98
72 74 -21
72 82 -22
72 92 -82
72 99 -50
72 111 -84
72 118 -88
72 129 -23
72 131 4
72 133 -22
72 139 -61
72 140 53
72 142 -98
72 145 69
73 0 96
73 14 -56
73 40 -43
73 43 -2
73 44 86
73 52 65
73 53 33
73 62 -6
73 71 23
73 78 -4
73 81 -3
73 100 89
73 113 -8
73 115 -78
73 128 64
73 129 96
73 132 28
73 139 34
73 140 12
73 144 -10
73 147 5
73 148 4
74 7 -1
74 12 -52
74 16 36
74 23 -60
74 24 5
74 31 -33
74 35 -80
74 40 -6
74 45 20
74 51 33
74 54 33
74 61 -84
74 63 12
74 66 -84
74 84 -5
74 90 45
74 104 59
74 105 -51
74 107 33
74 109 -58
74 124 100
74 125 -37
74 137 -94
74 140 -95
74 142 -23
74 143 6
74 144 -87
74 146 -21
74 147 -55
75 2 -36
75 5 -56
75 6 39
75 8 -39
75 37 -58
75 53 46
75 56 28
75 57 -45
75 61 -64
75 64 -7
75 67 18
75 77 91
75 80 -61
75 85 -89
75 95 87
75 102 64
75 107 -45
75 112 -91
75 128 -73
75 139 60
75 140 39
75 141 50
75 142 -27
75 143 -34
75 147 -4
76 6 -88
76 14 7
76 20 -80
76 33 56
76 40 15
76 57 27
76 63 98
76 67 78
76 73 49
76 79 -15
76 83 9
76 90 -61
76 95 -90
76 98 -11
76 107 -21
76 112 95
76 125 9
76 134 96
76 145 -60
76 148 37
76 149 -17
77 0 43
77 1 43
77 5 -6
77 9 -55
77 12 -38
77 22 -31
77 24 -36
77 25 -54
77 33 -50
77 37 -77
77 44 -52
77 46 83
77 50 -96
77 54 25
77 59 54
77 62 -1
77 78 -48
77 84 -58
77 85 -86
77 88 -97
77 94 3
77 95 58
77 98 48
77 105 -25
77 108 84
77 114 20
77 117 -32
77 123 64
77 132 -40
77 136 85
77 141 -12
77 142 -51
78 5 61
78 7 -18
78 13 -40
78 15 61
78 17 48
78 23 -12
78 26 29
78 27 7
78 36 71
78 39 94
78 46 1
78 50 98
78 54 -47
78 55 72
78 80 -95
78 84 9
78 86 48
78 94 82
78 106 79
78 112 87
78 117 -18
78 119 -52
78 123 -58
78 126 -82
78 141 -77
78 146 56
79 3 26
79 6 -17
79 28 -72
79 32 -82
79 37 9
79 44 -13
79 45 90
79 63 30
79 83 -63
79 84 85
79 86 -40
79 100 -70
79 127 -29
79 132 -99
79 140 60
79 146 -21
80 1 89
80 10 -66
80 19 -17
80 24 35
80 39 100
80 41 -50
80 44 -23
80 50 65
80 55 -68
80 67 -95
80 69 -20
80 76 -72
80 86 -33
80 87 52
80 88 85
80 106 100
80 107 -56
80 118 -88
80 120 -58
80 126 -88
80 127 28
80 136 -40
80 140 -10
80 143 -96
80 146 -98
81 15 -97
81 16 37
81 21 8
81 25 -41
81 27 -55
81 33 67
81 42 18
81 44 -22
81 46 1
81 47 -77
81 53 20
81 56 -60
81 57 -23
81 58 -63
81 61 13
81 63 -68
81 68 69
81 69 83
81 74 81
81 75 92
81 76 -85
81 83 55
81 87 -51
81 90 -63
81 109 -73
81 117 7
81 132 -12
81 134 -44
81 142 15
82 7 -18
82 11 -77
82 14 -48
82 21 -87
82 22 65
82 27 77
82 31 53
82 32 -63
82 34 27
82 35 -67
82 36 54
82 39 88
82 44 53
82 48 -63
82 56 -86
82 58 -47
82 63 -56
82 69 77
82 71 -73
82 73 -7
82 78 -46
82 80 15
82 82 -77
82 84 77
82 86 -2
82 90 9
82 109 34
82 110 -21
82 116 -71
82 118 21
82 126 -21
82 128 -58
82 135 48
82 149 41
83 1 18
83 5 100
83 6 -98
83 12 -87
83 28 -88
83 31 60
83 35 73
83 37 -37
83 38 85
83 39 53
83 40 25
83 43 -28
83 45 -8
83 53 24
83 60 91
83 80 64
83 101 -55
83 105 -77
83 106 -90
83 115 69
83 127 -31
83 137 -91
84 0 -88
84 1 43
84 4 52
84 13 95
84 30 -22
84 32 46
84 38 26
84 43 43
84 44 45
84 56 -29
84 57 1
84 65 100
84 67 -66
84 71 -66
84 75 -38
84 81 62
84 91 -45
84 94 94
84 100 77
84 101 -48
84 113 -36
84 114 34
84 117 -73
84 120 47
84 133 67
84 142 -80
84 145 96
85 9 57
85 10 -35
85 14 65
85 19 12
85 23 -93
85 24 90
85 27 85
85 28 17
85 31 39
85 43 79
85 45 -70
85 52 -22
85 53 -46
85 56 -99
85 58 23
85 67 -49
85 75 -46
85 87 -35
85 97 -9
85 98 3
85 100 11
85 103 -26
85 108 87
85 110 32
85 112 59
85 114 32
85 115 -52
85 118 -96
86 8 51
86 15 -69
86 20 41
86 21 96
86 22 29
86 35 -22
86 38 -90
86 48 -3
86 54 -68
86 59 -2
86 63 -23
86 69 1
86 70 -7
86 72 40
86 82 -82
86 88 -59
86 99 -38
86 101 -58
86 104 -8
86 107 -95
86 109 -100
86 125 94
86 130 95
86 140 -95
86 148 -47
87 1 -14
87 3 -34
87 7 -40
87 8 -63
87 9 22
87 15 67
87 23 39
87 29 31
87 33 34
87 35 -52
87 36 -71
87 42 -46
87 43 90
87 44 -62
87 45 -13
87 46 32
87 49 2
87 54 74
87 58 -62
87 59 -37
87 61 -51
87 81 -97
87 85 -94
87 89 90
87 98 -61
87 109 -75
87 111 14
87 120 -18
87 129 -67
87 130 -95
87 136 16
87 138 5
87 140 53
87 148 61
88 0 -46
88 3 36
88 33 -50
88 37 79
88 41 -92
88 42 38
88 57 77
88 58 -20
88 71 -36
88 72 9
88 84 -90
88 92 -10
88 95 67
88 96 -61
88 97 32
88 100 -20
88 116 43
88 118 -92
88 134 -6
88 136 61
88 140 -13
88 147 8
89 0 60
89 4 12
89 8 -64
89 9 -7
89 13 70
89 14 96
89 17 -67
89 20 20
89 28 -27
89 29 86
89 31 -35
89 36 -99
89 37 -17
89 60 -38
89 66 51
89 76 84
89 78 37
89 90 -97
89 91 -63
89 95 -54
89 99 -89
89 100 41
89 103 -20
89 117 -100
89 119 -19
89 127 -99
89 128 -29
89 133 86
90 1 -2
90 2 49
90 4 -88
90 14 29
90 26 17
90 37 -70
90 41 -50
90 50 -59
90 58 95
90 73 -80
90 75 60
90 84 40
90 85 -10
90 94 -49
90 106 -99
90 108 82
90 111 -20
90 113 69
90 123 -61
90 128 -20
90 134 -98
90 140 77
91 1 -66
91 6 15
91 10 -95
91 17 -42
91 18 73
91 36 20
91 40 -100
91 41 -24
91 47 88
91 49 -91
91 55 82
91 72 -69
91 76 -46
91 84 -12
91 91 -27
91 99 71
91 100 88
91 101 -51
91 106 90
91 113 -94
91 120 87
91 124 42
91 140 -81
91 149 82
92 3 29
92 4 -73
92 6 -81
92 17 46
92 19 -21
92 22 79
92 41 91
92 42 -97
92 44 61
92 55 -83
92 57 28
92 79 15
92 81 -73
92 82 68
92 84 58
92 90 -95
92 103 80
92 105 -10
92 110 -15
92 114 55
92 117 13
92 121 -13
92 128 73
92 132 -22
92 137 -26
92 139 59
92 141 -14
93 14 38
93 18 -38
93 19 29
93 44 -80
93 49 -75
93 55 -78
93 59 46
93 61 -91
93 67 -6
93 68 39
93 74 37
93 76 -80
93 79 -99
93 93 45
93 101 -58
93 104 -92
93 111 57
93 112 95
93 113 88
93 131 67
93 132 94
93 138 -44
93 139 76
93 146 5
93 149 54
94 0 -25
94 2 68
94 3 -21
94 14 -73
94 24 -43
94 28 -89
94 32 -90
94 41 88
94 42 -84
94 53 100
94 59 10
94 62 93
94 66 -26
94 67 -61
94 68 48
94 73 -55
94 76 76
94 85 18
94 89 23
94 94 29
94 102 -50
94 111 97
94 117 2
94 121 82
94 126 -99
94 137 -67
94 138 -32
94 143 25
94 145 37
94 146 94
95 9 -72
95 10 -36
95 15 -38
95 20 50
95 32 -90
95 37 93
95 40 -47
95 62 -93
95 64 -29
95 73 89
95 87 42
95 88 -3
95 89 75
95 90 87
95 95 -39
95 99 63
95 102 63
95 115 -94
95 117 76
95 130 -25
95 131 -27
95 142 97
95 143 -14
96 0 58
96 2 -28
96 4 -67
96 5 24
96 15 -78
96 16 9
96 17 15
96 24 -65
96 35 -76
96 53 75
96 56 -33
96 60 44
96 62 39
96 66 80
96 70 -39
96 74 -31
96 75 -53
96 82 -12
96 83 80
96 84 13
96 85 -51
96 87 -47
96 88 -69
96 89 -75
96 106 -69
96 114 19
96 115 85
96 120 -8
96 121 -48
96 124 -72
96 129 35
96 134 -5
96 137 91
96 144 -22
96 148 -75
97 9 -88
97 12 -33
97 15 82
97 37 7
97 41 29
97 44 -49
97 48 59
97 59 62
97 75 -6
97 77 95
97 82 36
97 84 -33
97 94 71
97 96 39
97 100 -85
97 101 -66
97 103 -36
97 111 74
97 114 -19
97 123 24
97 132 -29
97 136 7
97 138 -4
97 139 -33
98 4 85
98 10 96
98 16 -40
98 23 6
98 25 -40
98 37 70
98 45 -69
98 51 -52
98 53 56
98 63 4
98 64 -66
98 68 20
98 86 -40
98 91 30
98 119 11
98 122 -13
98 128 84
98 130 34
98 141 99
99 2 -40
99 10 35
99 12 -38
99 22 -64
99 25 26
99 26 10
99 27 76
99 37 29
99 39 47
99 52 -21
99 62 -2
99 65 77
99 68 68
99 74 62
99 90 33
99 91 -26
99 92 -23
99 96 15
99 107 -20
99 112 -4
99 113 -82
99 117 -59
99 120 88
99 132 -18
100 4 -98
100 14 -95
100 22 7
100 42 -93
100 47 -98
100 49 33
100 51 -35
100 55 -31
100 58 -27
100 69 -12
100 82 -54
100 83 66
100 103 -13
100 113 -48
100 114 -3
100 123 26
100 147 -27
100 148 93
101 5 -61
101 7 -58
101 14 -91
101 20 56
101 21 -30
101 31 64
101 34 29
101 41 -20
101 48 75
101 50 50
101 56 -20
101 57 -6
101 59 -43
101 63 19
101 65 -74
101 69 -49
101 73 -59
101 74 -44
101 75 -32
101 79 29
101 80 14
101 83 88
101 85 65
101 101 -74
101 102 -54
101 110 32
101 113 1
101 116 71
101 120 64
101 122 -77
101 129 -43
101 134 99
101 136 -82
101 145 -69
101 149 -8
102 5 -98
102 7 23
102 12 -34
102 17 -57
102 20 -90
102 22 23
102 28 24
102 31 -6
102 33 85
102 36 28
102 44 30
102 48 34
102 49 -18
102 50 -63
102 60 -59
102 72 44
102 79 11
102 83 -64
102 99 50
102 103 97
102 107 93
102 125 -79
102 132 72
102 135 42
102 144 92
102 149 -9
103 9 7
103 12 86
103 14 8
103 27 -38
103 36 -49
103 38 13
103 63 -6
103 66 -1
103 69 -49
103 91 42
103 94 -23
103 95 15
103 97 -84
103 102 -18
103 122 9
103 128 89
103 135 95
103 140 -39
104 1 49
104 6 88
104 12 63
104 14 -28
104 15 6
104 16 -34
104 21 -5
104 31 -23
104 33 25
104 41 -5
104 43 11
104 52 51
104 69 97
104 79 86
104 82 -63
104 83 23
104 85 14
104 94 87
104 96 -29
104 103 69
104 109 -5
104 110 -34
104 114 47
104 118 -71
104 140 -83
104 142 53
104 146 74
104 149 -5
105 3 34
105 6 25
105 21 -24
105 41 99
105 47 17
105 48 27
105 49 -54
105 52 66
105 56 -5
105 57 -29
105 68 -96
105 72 -99
105 81 63
105 98 -64
105 110 -67
105 114 -34
105 120 46
105 121 -2
105 123 -1
105 137 -65
106 5 42
106 6 -34
106 11 77
106 19 -98
106 28 -60
106 30 24
106 34 7
106 40 88
106 45 -57
106 55 -85
106 62 -60
106 66 38
106 70 83
106 75 -87
106 78 49
106 79 82
106 88 80
106 90 -20
106 94 -16
106 99 56
106 111 37
106 115 -77
106 116 -3
106 127 70
107 2 88
107 4 -9
107 10 -2
107 13 -11
107 14 37
107 23 88
107 28 -55
107 34 68
107 36 -38
107 38 83
107 39 -61
107 44 37
107 80 -21
107 90 -57
107 93 69
107 94 36
107 102 40
107 117 -71
107 124 -20
107 128 9
107 139 -66
107 140 80
107 142 61
108 2 37
108 6 -90
108 11 -58
108 13 33
108 17 83
108 26 92
108 28 -25
108 32 42
108 34 -81
108 37 8
108 44 -50
108 47 -78
108 53 -58
108 69 43
108 81 98
108 83 81
108 89 -18
108 90 20
108 96 78
108 108 -37
108 125 17
108 129 50
108 144 -12
109 4 -30
109 9 84
109 13 -23
109 29 46
109 30 -39
109 31 -32
109 35 -71
109 38 -13
109 41 9
109 42 24
109 63 -10
109 66 -62
109 85 -52
109 113 -29
109 119 12
109 129 -99
109 146 22
109 149 -86
110 1 -88
110 2 32
110 3 -31
110 4 -38
110 9 6
110 15 -33
110 27 54
110 31 -54
110 34 -72
110 37 77
110 43 -81
110 49 99
110 51 17
110 61 -96
110 66 -45
110 69 24
110 75 -85
110 77 -66
110 79 -83
110 86 -77
110 88 22
110 90 28
110 93 2
110 99 -3
110 102 -31
110 113 31
110 115 66
110 127 -100
110 135 -11
110 141 -81
110 142 56
110 144 40
110 147 -80
111 14 -77
111 16 -92
111 24 -66
111 32 -68
111 36 -100
111 41 -52
111 42 -51
111 53 -51
111 54 -24
111 55 -13
111 57 -54
111 61 -33
111 62 93
111 63 48
111 65 -24
111 78 -19
111 85 -95
111 91 66
111 94 -54
111 99 -90
111 102 -52
111 105 48
111 118 -82
111 144 19
111 145 79
112 0 78
112 6 60
112 8 26
112 24 -26
112 32 -56
112 33 64
112 41 98
112 47 -45
112 59 -96
112 60 -70
112 63 -24
112 65 88
112 67 23
112 68 -38
112 76 -17
112 79 76
112 80 -86
112 87 89
112 96 73
112 103 62
112 105 -99
112 114 18
112 118 86
112 125 60
112 128 -90
112 139 4
112 140 -46
112 145 -50
112 149 40
113 1 91
113 8 81
113 10 23
113 16 12
113 18 76
113 19 50
113 34 30
113 41 94
113 44 75
113 45 38
113 48 24
113 54 -14
113 62 32
113 91 -90
113 107 7
113 108 -69
113 111 51
113 116 41
113 127 -59
113 133 59
113 145 -10
113 148 -11
114 9 -62
114 26 11
114 31 -31
114 38 41
114 39 63
114 40 -38
114 43 53
114 46 40
114 56 -8
114 57 -49
114 59 44
114 75 38
114 83 -6
114 87 19
114 95 -2
114 99 27
114 102 -88
114 103 8
114 106 65
114 110 64
114 117 -4
114 123 38
114 138 -69
114 147 -88
115 4 3
115 14 64
115 16 -86
115 22 -23
115 23 31
115 25 -94
115 26 31
115 35 100
115 40 -37
115 47 16
115 52 56
115 54 -22
115 67 -94
115 73 -67
115 81 66
115 85 -25
115 87 84
115 90 -24
115 92 -71
115 93 -70
115 94 -17
115 104 -46
115 105 62
115 108 27
115 110 -57
115 111 86
115 117 51
115 125 44
115 134 -73
115 136 -68
116 1 -3
116 10 34
116 25 -2
116 27 -28
116 30 33
116 33 -28
116 40 -2
116 56 94
116 57 -50
116 62 94
116 68 11
116 71 57
116 86 69
116 89 -2
116 96 18
116 97 -63
116 99 79
116 100 49
116 103 54
116 107 22
116 111 -16
116 113 100
116 114 61
116 118 17
116 123 -77
116 126 -14
116 129 52
116 131 -4
116 137 -53
116 143 -89
116 145 -54
117 2 40
117 9 -86
117 11 -66
117 14 -74
117 22 61
117 31 -88
117 33 79
117 35 -42
117 40 39
117 52 -62
117 63 -75
117 66 -17
117 71 -87
117 73 60
117 81 -19
117 84 23
117 95 67
117 102 83
117 104 -5
117 108 58
117 115 -62
117 128 -89
117 129 -37
117 134 -54
117 136 66
118 2 -65
118 4 -36
118 11 21
118 19 -77
118 33 -66
118 46 74
118 56 12
118 57 -47
118 61 82
118 63 -58
118 68 -7
118 69 -81
118 70 -26
118 91 78
118 97 94
118 98 -64
118 109 62
118 115 -8
118 121 23
118 128 -68
118 130 -44
118 134 63
118 142 -82
119 9 -10
119 11 -81
119 15 73
119 26 46
119 29 91
119 37 -9
119 38 -66
119 41 29
119 42 -12
119 49 -4
119 52 8
119 62 25
119 70 -30
119 72 12
119 94 -70
119 102 11
119 104 -12
119 123 35
119 127 48
119 128 30
119 134 -16
119 135 -27
119 139 -32
119 141 62
120 10 55
120 14 41
120 19 -12
120 27 49
120 31 -92
120 34 82
120 43 -73
120 64 -57
120 71 34
120 73 -45
120 74 77
120 79 64
120 85 1
120 112 3
120 122 -83
120 134 36
120 135 74
120 138 81
120 145 -70
121 2 -33
121 4 4
121 19 91
121 20 90
121 27 -61
121 34 -46
121 49 92
121 51 -61
121 68 81
121 70 1
121 73 -2
121 77 -54
121 79 4
121 80 -65
121 81 -95
121 83 40
121 85 -29
121 92 15
121 106 70
121 107 21
121 110 65
121 111 -82
121 119 40
121 122 91
121 126 34
121 132 91
121 133 82
121 138 -48
121 145 -92
121 146 -90
122 1 -11
122 11 46
122 21 -69
122 34 9
122 37 99
122 40 34
122 43 -88
122 50 85
122 63 -1
122 66 -29
122 74 -70
122 76 69
122 77 12
122 91 43
122 105 13
122 132 -63
122 135 15
122 149 -95
123 20 66
123 43 -31
123 45 8
123 48 97
123 49 -79
123 51 40
123 58 -22
123 62 48
123 64 -35
123 68 -66
123 72 -28
123 75 -7
123 81 55
123 85 -62
123 95 43
123 100 -18
123 106 -61
123 120 79
123 123 55
123 131 -25
123 136 51
123 141 -61
123 146 -73
124 12 -60
124 16 -92
124 18 -84
124 21 5
124 26 -9
124 27 -13
124 29 21
124 32 -88
124 56 -77
124 59 -47
124 76 -94
124 81 26
124 90 -16
124 102 90
124 103 58
124 104 -61
124 105 -10
124 107 97
124 110 -89
124 119 73
124 124 5
124 133 40
124 145 -53
125 0 -4
125 4 -44
125 6 -97
125 12 -58
125 22 -59
125 29 51
125 33 -84
125 74 94
125 76 80
125 82 34
125 84 30
125 86 -74
125 95 -51
125 108 84
125 109 24
125 111 -94
125 114 -36
125 117 19
125 126 9
126 5 -64
126 7 -49
126 18 70
126 29 -46
126 30 -52
126 37 46
126 40 42
126 55 80
126 64 -48
126 71 13
126 82 33
126 85 11
126 93 -10
126 94 90
126 95 5
126 104 -62
126 105 51
126 106 29
126 111 5
126 119 -10
126 121 47
126 127 -91
126 128 70
126 137 -8
126 143 63
126 144 94
127 0 70
127 34 28
127 45 -18
127 50 -2
127 56 -8
127 60 -95
127 61 -98
127 74 22
127 75 5
127 89 61
127 94 57
127 97 -34
127 100 4
127 106 -77
127 107 -63
127 122 -89
127 123 44
127 144 47
128 5 -73
128 14 9
128 16 27
128 20 40
128 46 -51
128 53 -14
128 64 1
128 78 20
128 82 -96
128 89 90
128 90 -48
128 95 -79
128 96 64
128 103 14
128 104 -64
128 117 -41
128 119 4
128 122 -38
128 147 51
129 3 -65
129 7 89
129 15 71
129 17 63
129 19 74
129 27 69
129 35 -56
129 36 -63
129 37 59
129 40 -7
129 41 -78
129 56 -13
129 60 80
129 62 31
129 65 -5
129 69 6
129 71 79
129 73 92
129 78 83
129 91 47
129 93 5
129 106 -75
129 117 6
129 123 -32
129 124 67
129 126 -37
129 133 -6
129 134 7
129 135 -1
129 136 -4
129 139 33
130 0 -48
130 14 92
130 15 84
130 16 -9
130 25 6
130 36 29
130 38 35
130 41 -14
130 42 -88
130 43 31
130 46 -88
130 47 -25
130 50 -89
130 55 3
130 58 55
130 67 85
130 69 75
130 79 21
130 90 8
130 94 -97
130 99 -32
130 101 -1
130 108 -45
130 111 68
130 114 49
130 115 95
130 130 54
130 133 -43
130 138 -85
130 145 -66
130 148 -21
131 8 99
131 11 51
131 19 85
131 31 11
131 35 74
131 47 -95
131 48 2
131 55 87
131 72 -54
131 75 8
131 89 -87
131 94 68
131 107 -53
131 132 42
131 133 50
131 144 24
132 2 8
132 4 100
132 11 -34
132 18 -22
132 28 -75
132 42 9
132 47 32
132 52 71
132 55 61
132 56 -79
132 57 59
132 59 48
132 63 1
132 64 -37
132 65 58
132 67 90
132 68 -100
132 74 -3
132 77 -78
132 78 -1
132 82 -43
132 89 37
132 98 42
132 102 -34
132 103 72
132 106 49
132 108 72
132 125 -89
132 127 -91
132 128 -3
132 135 58
132 136 40
132 138 -73
132 142 98
132 147 92
133 5 -54
133 6 77
133 18 -31
133 24 31
133 25 30
133 32 -50
133 45 23
133 51 -21
133 57 -12
133 58 78
133 63 100
133 68 20
133 71 84
133 72 -30
133 82 -19
133 99 61
133 103 -70
133 107 -52
133 116 -76
133 128 75
133 131 -11
133 141 -7
133 143 -51
133 145 31
134 3 -26
134 4 -29
134 6 -50
134 11 -19
134 13 50
134 40 99
134 43 63
134 44 16
134 46 -21
134 51 -23
134 54 2
134 65 -94
134 67 75
134 71 38
134 73 -91
134 78 -86
134 85 88
134 105 17
134 112 -79
134 121 20
134 122 64
134 123 85
134 125 30
134 134 -36
134 141 52
134 144 -43
134 146 51
134 149 -24
135 0 -100
135 1 91
135 2 1
135 9 -31
135 14 91
135 30 29
135 32 -54
135 37 2
135 40 -98
135 41 -44
135 50 81
135 54 53
135 57 20
135 60 91
135 62 1
135 65 -56
135 70 -6
135 71 -15
135 72 97
135 79 -55
135 80 -38
135 89 11
135 91 -57
135 93 -5
135 94 -68
135 104 -33
135 106 -47
135 115 77
135 116 -47
135 117 26
135 118 -63
135 128 -60
135 135 -38
135 140 90
135 144 -80
135 147 -85
136 1 44
136 2 69
136 9 80
136 14 17
136 42 -46
136 51 -68
136 61 44
136 66 -98
136 67 60
136 76 94
136 79 89
136 80 -58
136 83 -40
136 85 -6
136 90 34
136 111 -23
136 122 78
136 124 47
136 129 89
136 137 -58
136 146 54
137 2 78
137 11 -38
137 13 5
137 27 -72
137 31 53
137 41 59
137 43 36
137 50 -60
137 54 -31
137 56 -22
137 67 -9
137 72 -1
137 77 -42
137 80 60
137 83 -94
137 84 98
137 89 -90
137 104 1
137 109 -96
137 121 -48
137 131 21
137 135 74
137 136 -53
138 1 -61
138 9 58
138 17 42
138 23 -16
138 25 -30
138 32 -68
138 33 44
138 35 31
138 39 90
138 58 -53
138 62 70
138 63 53
138 76 -30
138 80 -60
138 81 -84
138 84 52
138 92 98
138 93 2
138 97 55
138 103 91
138 104 -51
138 109 -2
138 120 -70
138 132 -96
138 135 23
138 147 -24
138 148 -62
138 149 -79
139 11 -42
139 20 42
139 27 -3
139 34 56
139 35 42
139 37 -67
139 38 -56
139 40 58
139 42 55
139 43 -59
139 47 -44
139 48 -69
139 52 66
139 53 -80
139 57 -100
139 66 84
139 82 71
139 89 58
139 98 -30
139 102 47
139 105 -63
139 111 73
139 116 -39
139 119 54
139 121 75
139 122 -11
139 132 53
139 135 -10
139 138 -47
139 144 -90
139 147 84
140 1 -80
140 3 -34
140 6 -50
140 8 -76
140 12 35
140 13 89
140 14 88
140 32 85
140 35 15
140 51 -80
140 59 -26
140 66 -65
140 69 -51
140 77 -24
140 81 -12
140 88 75
140 93 -91
140 96 -55
140 97 61
140 98 28
140 99 35
140 110 95
140 112 23
140 121 66
140 127 86
140 129 -30
140 130 26
140 134 25
140 139 -3
140 142 -88
141 24 -57
141 25 -7
141 32 17
141 37 73
141 47 78
141 51 26
141 54 -2
141 69 -54
141 73 8
141 84 13
141 93 -5
141 103 -18
141 106 10
141 113 -26
141 116 69
141 123 -92
142 1 -26
142 16 -9
142 17 76
142 18 83
142 27 12
142 40 -5
142 62 -71
142 71 42
142 75 76
142 85 93
142 92 -5
142 95 8
142 99 22
142 118 31
142 120 -11
142 122 41
142 123 3
142 124 -54
142 131 10
142 145 -66
143 3 -64
143 8 24
143 11 -51
143 13 94
143 21 -38
143 22 56
143 26 73
143 27 64
143 35 85
143 37 39
143 40 43
143 59 -14
143 60 -59
143 64 25
143 66 -61
143 75 62
143 76 97
143 91 16
143 92 -68
143 98 -26
143 101 -47
143 105 -21
143 108 -1
143 115 -9
143 119 -61
143 123 -60
143 126 -14
144 5 8
144 6 -85
144 10 79
144 18 -35
144 21 -100
144 29 -57
144 32 62
144 35 60
144 41 -81
144 43 -20
144 47 -45
144 48 -58
144 50 45
144 58 -19
144 63 -80
144 65 -60
144 72 -58
144 79 -5
144 86 6
144 93 31
144 105 -56
144 111 -81
144 123 57
144 127 54
144 129 15
144 131 -27
144 132 10
144 143 -1
144 144 65
145 7 31
145 20 -61
145 22 -19
145 24 100
145 25 4
145 27 -12
145 29 29
145 31 -66
145 48 45
145 56 -50
145 57 68
145 59 -43
145 62 23
145 69 -87
145 77 -46
145 87 86
145 91 -29
145 98 2
145 105 90
145 106 46
145 108 -32
145 115 -62
145 116 17
145 131 100
145 137 -3
146 5 -4
146 9 96
146 17 -62
146 19 38
146 28 -13
146 29 86
146 37 99
146 47 65
146 56 76
146 59 35
146 60 71
146 63 71
146 66 50
146 68 -86
146 70 -54
146 72 -23
146 77 -59
146 86 43
146 116 53
146 118 88
146 127 23
146 128 50
146 130 75
146 132 52
146 139 53
146 140 -47
146 141 -22
147 19 7
147 26 100
147 33 22
147 43 -87
147 45 12
147 46 -89
147 47 -43
147 48 76
147 56 -41
147 66 61
147 68 -84
147 77 54
147 82 -79
147 86 2
147 87 5
147 94 -6
147 100 90
147 101 25
147 102 80
147 106 74
147 111 -52
147 112 71
147 122 21
147 127 25
147 132 25
147 143 -16
147 148 54
148 11 -8
148 22 -24
148 27 85
148 34 -20
148 37 -24
148 39 82
148 43 1
148 47 -28
148 53 -3
148 56 -92
148 67 -67
148 68 -2
148 69 -80
148 77 -66
148 81 35
148 95 29
148 101 32
148 116 -98
148 120 -16
148 129 -13
148 134 -2
148 136 71
149 0 -22
149 3 68
149 8 -52
149 12 53
149 15 -2
149 16 -66
149 17 -98
149 32 72
149 33 -88
149 43 -5
149 49 8
149 53 -4
149 60 93
149 61 64
149 62 63
149 70 63
149 74 15
149 76 -90
149 83 78
149 85 25
149 90 65
149 100 26
149 106 76
149 108 -89
149 113 -37
149 118 -7
149 122 64
149 124 -42
149 140 -10