0 0 97
0 1 94
0 2 -62
0 3 23
0 4 24
0 6 -2
0 7 -29
0 9 83
0 10 -63
0 11 59
0 12 6
0 13 80
0 14 65
0 15 -46
0 16 89
0 17 55
0 18 -54
0 19 -86
0 20 89
0 21 -46
0 22 91
0 24 94
0 25 -73
0 26 -29
0 27 43
0 29 -56
0 30 -64
0 31 -89
0 32 76
0 33 37
0 34 -62
0 35 22
0 36 -87
0 37 15
0 38 -32
0 39 -29
0 40 -94
0 41 -15
0 42 100
0 43 36
0 44 -23
0 45 -24
0 46 65
0 47 15
0 48 -90
0 49 51
0 50 -46
0 51 -82
0 52 -45
0 53 24
0 54 -76
0 55 -26
0 56 -60
0 57 16
0 58 -11
0 59 -8
0 60 39
0 61 2
0 62 -24
0 63 85
0 64 -81
0 65 40
0 66 74
0 67 72
0 68 -64
0 69 83
0 70 -51
0 71 67
0 72 74
0 73 43
0 74 -96
0 75 -78
0 76 -99
0 77 25
0 78 -64
0 79 67
0 80 -56
0 81 38
0 82 23
0 83 -85
0 84 -86
0 85 -12
0 86 -1
0 87 -24
0 88 -58
0 89 31
0 90 74
0 91 -86
0 92 -4
0 93 -88
0 94 74
0 95 49
0 96 -30
0 97 73
0 98 88
1 0 -48
1 1 -41
1 2 39
1 3 -54
1 4 15
1 6 -9
1 7 11
1 8 -86
1 9 -41
1 10 -67
1 11 -38
1 12 10
1 13 -28
1 14 80
1 15 34
1 16 66
1 17 74
1 18 -32
1 19 -4
1 20 -14
1 21 4
1 22 55
1 23 20
1 24 -89
1 25 86
1 26 63
1 27 84
1 28 -56
1 29 23
1 30 58
1 31 62
1 32 75
1 33 75
1 34 66
1 35 94
1 36 -87
1 37 -77
1 38 -41
1 39 81
1 40 -14
1 41 91
1 42 -99
1 44 67
1 45 -71
1 46 8
1 47 3
1 48 -38
1 49 40
1 50 10
1 51 35
1 52 -92
1 54 1
1 55 1
1 56 -25
1 57 -24
1 58 6
1 59 -54
1 60 96
1 61 -91
1 62 -99
1 63 -47
1 64 -93
1 65 42
1 66 -70
1 67 53
1 68 -48
1 69 16
1 70 80
1 71 -34
1 72 72
1 74 93
1 75 -48
1 76 -17
1 77 53
1 78 -73
1 79 -38
1 80 30
1 81 -13
1 82 -13
1 83 42
1 84 -39
1 85 73
1 86 -85
1 88 71
1 89 -98
1 90 -90
1 91 23
1 92 53
1 93 -99
1 94 71
1 95 -64
1 97 -10
1 98 -6
1 99 -69
2 0 55
2 1 -64
2 2 26
2 3 -31
2 4 -22
2 5 -24
2 6 -43
2 7 61
2 8 83
2 9 -71
2 10 35
2 11 -5
2 12 -10
2 13 72
2 14 -47
2 15 33
2 17 22
2 18 -32
2 19 -96
2 20 19
2 21 -76
2 22 88
2 23 70
2 24 -51
2 25 -83
2 26 -100
2 27 27
2 29 83
2 30 48
2 31 72
2 32 9
2 33 60
2 34 48
2 35 60
2 36 32
2 37 -94
2 38 -79
2 39 62
2 40 97
2 41 98
2 42 52
2 43 83
2 44 15
2 45 26
2 46 44
2 47 -10
2 48 -41
2 49 -69
2 50 -68
2 51 61
2 52 -87
2 54 -89
2 55 -39
2 56 -46
2 57 68
2 58 30
2 59 52
2 60 -94
2 61 51
2 62 8
2 63 -46
2 64 32
2 65 25
2 66 24
2 67 -78
2 68 -12
2 69 -98
2 70 18
2 71 -45
2 72 45
2 73 -38
2 74 86
2 75 -1
2 76 -84
2 77 -70
2 78 -99
2 79 20
2 80 20
2 81 18
2 82 97
2 83 -4
2 84 41
2 85 -85
2 86 -38
2 87 23
2 88 -43
2 89 4
2 90 48
2 92 31
2 93 26
2 94 13
2 95 57
2 96 -60
2 97 -46
2 98 29
2 99 20
3 0 -75
3 1 30
3 2 77
3 3 41
3 4 -45
3 6 57
3 7 71
3 8 -65
3 9 58
3 10 -81
3 11 75
3 12 -49
3 13 -25
3 14 -96
3 15 69
3 16 13
3 17 -98
3 18 -52
3 19 28
3 20 -52
3 21 53
3 22 53
3 24 84
3 25 73
3 26 -44
3 27 -90
3 28 -23
3 29 -24
3 30 59
3 31 -87
3 32 93
3 33 11
3 34 53
3 35 -41
3 36 2
3 37 -69
3 38 -12
3 39 47
3 40 -31
3 41 -38
3 42 85
3 43 -75
3 44 -8
3 45 30
3 46 -6
3 47 -85
3 48 -26
3 49 35
3 50 83
3 52 -33
3 53 19
3 54 -5
3 55 -4
3 56 23
3 57 -5
3 58 89
3 59 66
3 60 14
3 61 -53
3 62 -82
3 63 -55
3 64 -2
3 65 -68
3 66 -51
3 67 -96
3 68 -20
3 69 57
3 70 33
3 71 -22
3 72 -2
3 73 85
3 74 -98
3 75 -21
3 76 98
3 77 55
3 78 -84
3 79 -10
3 80 97
3 81 21
3 82 46
3 84 -100
3 85 -89
3 86 -23
3 87 -48
3 88 -76
3 89 100
3 90 -60
3 91 65
3 92 -88
3 93 80
3 94 100
3 95 -74
3 96 92
3 97 -30
3 98 94
3 99 76
4 0 -51
4 1 -14
4 2 -17
4 3 1
4 4 86
4 5 -93
4 6 -7
4 7 18
4 8 -53
4 9 -45
4 10 -87
4 11 28
4 12 -66
4 13 81
4 14 98
4 15 58
4 16 88
4 17 67
4 18 -65
4 19 -30
4 20 100
4 21 -44
4 22 87
4 23 7
4 24 -46
4 25 12
4 26 56
4 27 -51
4 28 -89
4 29 74
4 30 34
4 31 -85
4 32 -96
4 33 53
4 34 6
4 35 -29
4 36 -1
4 37 51
4 38 65
4 39 -46
4 40 50
4 41 -58
4 42 -16
4 43 -93
4 44 38
4 45 -13
4 46 -49
4 47 -11
4 48 -67
4 49 85
4 50 15
4 51 -50
4 52 -14
4 53 33
4 54 -27
4 55 -52
4 56 70
4 57 86
4 58 -76
4 59 -18
4 60 -69
4 61 -42
4 62 13
4 64 -84
4 65 -12
4 67 -66
4 68 -44
4 69 -43
4 70 89
4 71 33
4 72 15
4 73 64
4 74 -84
4 75 38
4 76 -96
4 77 40
4 79 -73
4 81 69
4 82 82
4 83 -59
4 84 -88
4 85 84
4 86 52
4 87 11
4 88 -48
4 89 -44
4 90 -29
4 91 -28
4 92 -63
4 93 6
4 94 71
4 95 -71
4 96 87
4 97 51
4 98 -7
4 99 11
5 0 17
5 1 40
5 2 12
5 3 53
5 4 -64
5 5 -15
5 6 15
5 7 44
5 8 96
5 9 64
5 10 17
5 11 -100
5 12 18
5 13 54
5 14 25
5 15 12
5 16 29
5 17 -34
5 19 -35
5 20 56
5 21 -95
5 22 86
5 23 -76
5 24 -36
5 25 -76
5 26 -53
5 27 91
5 28 36
5 29 -42
5 30 90
5 31 25
5 32 -83
5 33 23
5 34 57
5 35 -55
5 36 -83
5 37 -96
5 38 -72
5 39 2
5 40 9
5 41 84
5 42 -69
5 43 -44
5 44 -24
5 45 54
5 46 -18
5 47 -79
5 48 91
5 49 95
5 50 45
5 51 -53
5 52 3
5 53 -22
5 54 -73
5 55 38
5 56 63
5 57 -81
5 58 -23
5 59 -62
5 60 -48
5 61 -86
5 63 -66
5 64 78
5 65 -64
5 66 16
5 67 98
5 68 98
5 69 -10
5 70 -58
5 71 -40
5 72 -87
5 73 73
5 74 28
5 75 -97
5 76 -44
5 77 -67
5 78 -68
5 80 -64
5 81 -2
5 82 16
5 83 43
5 84 47
5 85 9
5 86 -91
5 87 -57
5 88 1
5 89 -36
5 90 -39
5 91 45
5 92 98
5 93 31
5 94 56
5 95 -88
5 96 -89
5 97 -67
5 98 33
5 99 -6
6 0 60
6 1 -4
6 2 64
6 3 94
6 4 -60
6 5 -3
6 6 -64
6 8 -78
6 9 77
6 10 88
6 11 58
6 12 -8
6 13 -40
6 14 -26
6 15 79
6 16 -72
6 17 -89
6 18 40
6 19 81
6 20 76
6 22 36
6 23 -92
6 24 -87
6 25 1
6 26 -13
6 27 -77
6 29 95
6 30 33
6 31 86
6 32 27
6 33 -54
6 34 73
6 35 35
6 36 -48
6 37 87
6 38 90
6 39 -88
6 40 -35
6 41 -24
6 42 -81
6 43 51
6 44 -79
6 45 33
6 46 -63
6 47 32
6 48 -57
6 50 -34
6 51 86
6 52 58
6 53 38
6 54 -45
6 56 -52
6 57 -29
6 58 -39
6 59 -21
6 60 54
6 61 -68
6 62 -48
6 63 35
6 64 57
6 65 36
6 66 18
6 67 97
6 68 -38
6 69 36
6 70 -71
6 71 -14
6 72 47
6 73 -29
6 74 -89
6 75 -13
6 76 87
6 77 38
6 78 -75
6 79 48
6 80 52
6 81 7
6 82 46
6 83 98
6 84 -52
6 85 87
6 86 -39
6 87 -97
6 88 -74
6 89 -79
6 90 90
6 91 -75
6 92 -3
6 93 5
6 94 63
6 95 8
6 96 48
6 97 10
6 98 53
6 99 40
7 0 89
7 1 30
7 2 -77
7 3 -83
7 4 62
7 5 57
7 6 -52
7 7 -96
7 8 72
7 9 9
7 11 -49
7 12 89
7 13 -65
7 14 60
7 15 -99
7 16 88
7 17 35
7 18 48
7 19 -78
7 21 91
7 22 -16
7 23 -43
7 24 -53
7 25 -68
7 26 -7
7 27 92
7 28 81
7 29 42
7 30 -51
7 31 -85
7 32 2
7 33 61
7 34 -57
7 35 80
7 36 19
7 37 -43
7 38 88
7 39 -56
7 41 16
7 42 24
7 43 -31
7 44 -9
7 45 -13
7 46 21
7 47 -75
7 48 -35
7 49 -80
7 50 8
7 51 48
7 52 96
7 53 56
7 54 83
7 55 22
7 56 -14
7 57 27
7 58 28
7 59 -4
7 60 -66
7 61 73
7 62 -56
7 63 -90
7 64 -29
7 66 20
7 67 45
7 68 -74
7 69 60
7 70 -60
7 71 -59
7 72 68
7 73 -32
7 74 -31
7 75 49
7 76 -69
7 77 -16
7 78 1
7 79 -59
7 80 -35
7 81 -2
7 82 -23
7 83 18
7 84 39
7 85 23
7 86 -18
7 87 -39
7 88 53
7 89 -41
7 90 -97
7 91 62
7 92 25
7 93 35
7 94 97
7 95 61
7 96 -68
7 97 54
7 98 41
7 99 -55
8 0 50
8 1 22
8 2 -8
8 3 63
8 4 9
8 5 67
8 6 -95
8 7 69
8 8 27
8 9 -50
8 10 -57
8 11 95
8 12 -81
8 13 -50
8 14 -6
8 15 -87
8 16 -90
8 17 -26
8 18 75
8 19 -5
8 20 -58
8 21 -56
8 22 -73
8 24 -18
8 25 49
8 26 -20
8 27 43
8 28 -90
8 29 -70
8 31 29
8 32 5
8 33 -38
8 34 -25
8 35 61
8 36 95
8 37 -28
8 38 -48
8 39 -15
8 40 -96
8 43 97
8 44 92
8 45 -54
8 46 24
8 48 17
8 49 76
8 50 -7
8 51 67
8 52 -70
8 53 -46
8 54 48
8 55 -84
8 56 -53
8 57 48
8 58 40
8 59 84
8 60 94
8 61 100
8 62 44
8 63 -97
8 64 16
8 65 -77
8 66 100
8 67 70
8 68 -82
8 69 17
8 70 86
8 71 81
8 72 74
8 73 -100
8 74 -57
8 75 27
8 76 -71
8 77 77
8 78 -39
8 79 -25
8 80 41
8 81 23
8 82 -19
8 83 73
8 84 7
8 85 32
8 86 -58
8 87 -63
8 88 81
8 89 -98
8 90 -47
8 91 86
8 92 -5
8 93 -77
8 94 63
8 95 28
8 96 -42
8 97 -4
8 98 22
8 99 53
9 0 -29
9 1 92
9 2 12
9 3 24
9 4 -91
9 5 76
9 6 78
9 8 -99
9 9 82
9 10 95
9 11 54
9 12 -52
9 14 -1
9 15 -68
9 16 81
9 17 -76
9 18 82
9 19 -4
9 20 -51
9 21 59
9 22 61
9 23 43
9 24 8
9 25 -86
9 26 69
9 27 72
9 28 -50
9 29 53
9 30 -59
9 31 56
9 32 13
9 33 -61
9 34 -13
9 35 -70
9 37 89
9 38 -45
9 39 93
9 40 -18
9 41 69
9 42 39
9 43 66
9 44 61
9 45 79
9 46 40
9 47 85
9 48 -10
9 49 85
9 51 -47
9 52 47
9 53 -77
9 54 8
9 55 44
9 56 -39
9 57 -48
9 58 -64
9 60 80
9 61 -41
9 62 5
9 63 51
9 64 96
9 65 17
9 66 88
9 68 -40
9 69 48
9 70 -94
9 71 12
9 72 71
9 73 51
9 74 89
9 75 49
9 76 95
9 77 -56
9 78 -42
9 79 -71
9 80 -85
9 81 -17
9 82 -34
9 83 64
9 84 -92
9 86 -66
9 87 -54
9 88 61
9 89 49
9 90 -23
9 92 -27
9 93 41
9 94 29
9 95 76
9 96 9
9 97 -81
9 98 -48
9 99 -1
10 0 81
10 1 86
10 2 -96
10 3 62
10 4 -57
10 5 53
10 6 6
10 7 3
10 8 50
10 9 -81
10 10 -1
10 11 -47
10 12 28
10 14 -59
10 15 84
10 16 11
10 18 -60
10 19 83
10 20 38
10 21 38
10 22 -37
10 23 -61
10 24 17
10 25 -68
10 26 16
10 27 -14
10 28 96
10 29 -24
10 30 -42
10 31 -33
10 32 -14
10 33 -64
10 35 2
10 36 1
10 37 44
10 38 85
10 39 -56
10 40 -53
10 41 -87
10 42 27
10 43 -65
10 44 44
10 45 88
10 46 -32
10 47 2
10 48 -90
10 49 -87
10 50 13
10 51 88
10 52 25
10 53 -89
10 54 -96
10 55 -16
10 56 58
10 57 -18
10 58 -65
10 59 55
10 60 52
10 61 55
10 62 -6
10 63 98
10 64 87
10 65 66
10 66 -34
10 67 77
10 68 -21
10 69 -43
10 70 -32
10 71 -83
10 72 -40
10 73 -32
10 74 -24
10 75 95
10 76 -95
10 77 -35
10 78 42
10 79 91
10 80 11
10 82 91
10 84 -49
10 85 11
10 86 -52
10 87 -49
10 88 -14
10 89 -81
10 90 -15
10 91 -29
10 92 58
10 93 87
10 94 -55
10 95 -39
10 96 -70
10 97 -82
10 98 75
10 99 78
11 0 40
11 1 -1
11 2 76
11 3 17
11 4 74
11 5 87
11 6 68
11 7 -60
11 8 85
11 9 -90
11 10 63
11 11 -10
11 13 43
11 14 53
11 15 -15
11 16 -17
11 18 -31
11 19 100
11 21 22
11 22 19
11 23 -40
11 24 36
11 25 64
11 26 26
11 28 36
11 29 -83
11 30 -34
11 31 -82
11 32 -3
11 33 3
11 34 -36
11 35 -44
11 36 42
11 37 58
11 38 15
11 39 13
11 40 -53
11 41 88
11 42 81
11 43 -50
11 44 -85
11 45 12
11 46 30
11 47 -4
11 48 -96
11 49 -71
11 50 83
11 51 40
11 52 -97
11 53 12
11 54 25
11 55 44
11 56 39
11 57 -14
11 58 47
11 59 79
11 60 -60
11 61 8
11 62 -74
11 63 -48
11 64 82
11 65 6
11 66 -49
11 67 23
11 68 -19
11 69 17
11 70 33
11 71 38
11 72 37
11 73 -88
11 74 67
11 75 30
11 76 -72
11 77 -34
11 78 83
11 79 -97
11 81 -15
11 82 -17
11 83 -58
11 84 -21
11 85 77
11 86 74
11 87 55
11 88 -7
11 89 -83
11 90 -17
11 91 -56
11 92 -21
11 93 -65
11 94 -97
11 95 -66
11 96 -23
11 98 -54
11 99 54
12 0 -53
12 1 -91
12 2 -56
12 3 -44
12 4 -57
12 6 -80
12 7 -84
12 8 27
12 9 -41
12 10 -94
12 11 -14
12 12 -93
12 13 -14
12 14 61
12 15 70
12 16 68
12 17 90
12 18 90
12 19 -74
12 20 19
12 21 24
12 22 -11
12 24 60
12 25 35
12 26 -98
12 27 61
12 28 48
12 29 -38
12 30 96
12 31 100
12 33 81
12 34 -48
12 35 -55
12 36 -75
12 37 6
12 38 37
12 39 96
12 40 -42
12 41 -58
12 42 88
12 43 -13
12 44 62
12 45 49
12 46 -23
12 47 -92
12 48 -79
12 49 2
12 50 75
12 51 -14
12 52 86
12 53 -76
12 54 58
12 55 -55
12 56 -85
12 57 -66
12 58 -83
12 59 66
12 60 34
12 61 93
12 63 -9
12 64 -47
12 65 -22
12 66 57
12 67 -54
12 68 26
12 69 -33
12 70 52
12 71 -20
12 72 -61
12 73 -28
12 74 25
12 75 85
12 76 -16
12 77 -92
12 78 -76
12 79 70
12 80 -56
12 81 92
12 82 45
12 83 6
12 84 -75
12 85 90
12 86 8
12 87 -97
12 88 67
12 89 12
12 90 50
12 91 25
12 92 -31
12 93 -38
12 94 82
12 95 -96
12 96 -67
12 97 64
12 98 83
12 99 -64
13 0 -69
13 1 98
13 2 33
13 3 46
13 4 5
13 5 -78
13 6 -82
13 7 51
13 8 57
13 9 51
13 11 74
13 12 17
13 13 68
13 14 17
13 15 -67
13 16 -56
13 17 -6
13 18 -91
13 19 52
13 20 38
13 21 12
13 22 -48
13 23 34
13 24 -30
13 25 78
13 26 -78
13 27 -92
13 28 -90
13 29 49
13 30 -86
13 31 55
13 32 24
13 33 91
13 34 -67
13 35 35
13 36 8
13 37 -8
13 38 23
13 39 -76
13 40 -65
13 41 -36
13 42 39
13 43 -49
13 44 -46
13 45 95
13 46 -85
13 47 -29
13 48 34
13 49 45
13 50 -1
13 51 88
13 54 38
13 55 -69
13 56 56
13 57 -58
13 58 -14
13 59 94
13 60 47
13 61 -18
13 63 -47
13 64 -93
13 66 50
13 67 -4
13 68 -32
13 69 -3
13 70 69
13 71 47
13 72 -69
13 73 24
13 74 -78
13 75 -71
13 76 -50
13 77 -63
13 78 48
13 79 -67
13 80 69
13 81 20
13 82 90
13 83 -97
13 84 17
13 85 -27
13 86 48
13 87 42
13 88 -2
13 89 65
13 90 -64
13 91 -85
13 92 -34
13 93 -56
13 94 -58
13 95 25
13 96 27
13 97 78
13 98 96
13 99 48
14 0 -96
14 1 -50
14 2 -82
14 3 88
14 4 88
14 5 -22
14 6 -60
14 8 -17
14 9 -93
14 10 93
14 11 -3
14 12 70
14 13 81
14 15 -84
14 16 -4
14 18 -58
14 19 -31
14 20 38
14 21 -11
14 22 -72
14 23 74
14 24 -31
14 25 -33
14 26 55
14 27 78
14 28 -71
14 29 8
14 30 96
14 31 62
14 32 15
14 33 90
14 34 22
14 35 39
14 36 48
14 37 4
14 38 33
14 39 -20
14 40 38
14 41 -33
14 42 -97
14 43 -99
14 44 27
14 45 -2
14 46 -42
14 47 29
14 48 -16
14 49 38
14 50 55
14 51 -95
14 52 -3
14 53 7
14 54 -92
14 55 37
14 56 46
14 57 -2
14 58 58
14 59 -38
14 60 3
14 61 -49
14 62 100
14 63 47
14 64 -32
14 65 6
14 66 98
14 67 -34
14 68 20
14 69 -47
14 70 -70
14 71 -55
14 72 -7
14 75 -72
14 76 69
14 77 96
14 78 20
14 79 58
14 80 18
14 81 46
14 82 78
14 83 -59
14 84 -34
14 85 50
14 86 81
14 88 72
14 89 98
14 91 54
14 92 36
14 93 -73
14 94 -39
14 95 -24
14 96 21
14 97 10
14 98 -56
14 99 31
15 0 2
15 1 34
15 2 64
15 3 -70
15 4 80
15 5 36
15 6 63
15 7 -94
15 8 -23
15 9 66
15 10 11
15 11 -82
15 12 -86
15 13 -78
15 14 100
15 16 6
15 17 87
15 18 -15
15 19 -46
15 20 92
15 21 45
15 22 70
15 23 38
15 24 -90
15 25 -45
15 26 97
15 27 96
15 29 -72
15 30 -9
15 31 61
15 32 32
15 33 26
15 34 -32
15 35 -74
15 37 98
15 38 -75
15 39 -68
15 40 -4
15 41 -5
15 42 -43
15 43 16
15 44 -90
15 45 9
15 46 66
15 47 -60
15 48 12
15 49 -1
15 50 -98
15 51 -81
15 52 -60
15 53 11
15 54 44
15 55 -51
15 56 23
15 57 -22
15 58 -71
15 59 -5
15 60 68
15 61 54
15 62 29
15 63 -36
15 64 88
15 65 69
15 66 -3
15 67 66
15 68 -26
15 69 1
15 70 14
15 71 -91
15 72 81
15 73 35
15 75 94
15 76 70
15 78 -10
15 79 5
15 80 -8
15 81 -88
15 82 -87
15 84 33
15 85 87
15 86 23
15 87 21
15 88 60
15 89 78
15 90 -86
15 92 69
15 93 -64
15 94 96
15 95 22
15 96 57
15 97 -61
15 98 -62
15 99 -1
16 0 80
16 1 -37
16 2 -57
16 3 -68
16 4 97
16 5 -99
16 6 88
16 7 43
16 8 -96
16 9 -71
16 10 -12
16 11 -98
16 13 -42
16 14 74
16 15 -99
16 16 -9
16 17 50
16 18 -76
16 19 -69
16 20 -19
16 21 38
16 22 -77
16 23 -30
16 24 50
16 25 -50
16 26 36
16 27 96
16 29 16
16 30 86
16 32 88
16 33 -72
16 34 -45
16 35 33
16 36 -85
16 37 8
16 38 -12
16 39 7
16 40 87
16 41 -57
16 42 -65
16 43 60
16 44 -16
16 45 -28
16 46 -96
16 47 79
16 48 1
16 49 -40
16 50 -68
16 51 94
16 52 97
16 53 65
16 54 85
16 55 46
16 56 15
16 57 47
16 58 68
16 59 -89
16 60 -7
16 61 88
16 62 -77
16 63 -1
16 64 59
16 65 21
16 66 -41
16 67 74
16 68 61
16 69 63
16 71 83
16 72 -68
16 73 -57
16 74 97
16 75 -74
16 76 71
16 77 68
16 78 -20
16 79 -18
16 80 52
16 81 -47
16 82 -19
16 83 -47
16 84 -28
16 85 16
16 86 -2
16 87 3
16 88 12
16 89 -83
16 90 -8
16 91 23
16 92 64
16 93 -12
16 94 -64
16 95 -64
16 96 -72
16 97 6
16 98 -4
17 0 2
17 1 81
17 2 51
17 3 64
17 4 8
17 5 -99
17 6 -30
17 7 33
17 8 -85
17 9 -13
17 10 81
17 12 75
17 13 55
17 14 -1
17 15 85
17 16 37
17 17 80
17 18 -19
17 19 -100
17 20 11
17 21 15
17 22 68
17 23 16
17 24 8
17 25 -1
17 26 19
17 27 -67
17 28 60
17 29 63
17 30 -21
17 31 -93
17 32 87
17 33 52
17 34 75
17 35 93
17 36 -29
17 37 9
17 39 33
17 40 61
17 41 -13
17 42 -46
17 43 48
17 44 -76
17 45 9
17 46 83
17 47 12
17 48 11
17 49 -66
17 50 52
17 51 -21
17 52 96
17 53 59
17 54 -62
17 55 21
17 56 -60
17 57 29
17 58 81
17 59 29
17 60 77
17 61 89
17 62 94
17 63 59
17 64 -90
17 66 55
17 67 31
17 68 -80
17 69 -91
17 70 -10
17 71 -88
17 72 -82
17 73 62
17 74 22
17 75 22
17 76 -63
17 77 -72
17 78 -6
17 79 -35
17 80 -24
17 81 -81
17 82 -98
17 83 44
17 85 3
17 86 -90
17 87 -26
17 88 87
17 89 93
17 90 -54
17 91 39
17 92 -43
17 93 78
17 94 -34
17 95 97
17 96 -97
17 98 94
18 0 -58
18 1 92
18 2 -27
18 3 -49
18 4 87
18 5 -33
18 6 20
18 7 -42
18 8 -46
18 9 96
18 10 39
18 11 26
18 12 -65
18 13 50
18 14 39
18 15 -86
18 16 -76
18 17 -24
18 18 1
18 19 -39
18 20 84
18 21 -59
18 22 -15
18 23 96
18 24 -66
18 25 29
18 26 9
18 27 27
18 28 83
18 29 -13
18 30 -74
18 31 -47
18 33 28
18 34 1
18 35 -47
18 36 -69
18 37 86
18 38 90
18 39 20
18 40 17
18 41 -38
18 42 -82
18 43 42
18 44 80
18 45 -80
18 46 -74
18 47 64
18 48 -31
18 49 -41
18 50 -4
18 51 -68
18 52 -5
18 53 91
18 54 39
18 55 -57
18 56 -29
18 57 -59
18 58 -49
18 59 36
18 60 60
18 61 65
18 62 19
18 63 -51
18 64 -57
18 65 -10
18 66 52
18 67 79
18 68 79
18 70 33
18 71 97
18 72 -13
18 73 -61
18 74 -22
18 75 60
18 76 31
18 77 -6
18 78 33
18 79 48
18 80 77
18 81 16
18 82 -5
18 83 -50
18 84 -83
18 85 -50
18 86 93
18 87 -22
18 88 -3
18 89 -74
18 91 15
18 93 -22
18 94 -21
18 95 48
18 96 -51
18 97 -68
18 98 86
18 99 76
19 0 -3
19 1 -39
19 2 30
19 3 -13
19 4 53
19 5 -36
19 6 -85
19 7 -19
19 8 100
19 9 -35
19 10 -91
19 11 -56
19 12 -2
19 13 -82
19 14 45
19 15 43
19 16 98
19 18 -91
19 19 88
19 21 21
19 22 -79
19 23 -54
19 24 -78
19 25 9
19 26 -92
19 27 -86
19 28 -64
19 29 -95
19 30 -35
19 31 -81
19 32 84
19 33 -87
19 34 17
19 35 94
19 36 71
19 37 -12
19 38 37
19 39 38
19 40 -54
19 41 42
19 42 59
19 44 -20
19 45 -85
19 46 4
19 47 -27
19 48 74
19 49 92
19 50 -20
19 51 17
19 52 -56
19 53 -90
19 54 -2
19 55 54
19 56 -58
19 57 31
19 58 -85
19 59 57
19 60 54
19 61 45
19 62 86
19 63 55
19 64 -4
19 65 -11
19 66 43
19 67 38
19 68 82
19 69 -90
19 70 87
19 71 -51
19 72 4
19 73 48
19 74 -16
19 75 -43
19 76 84
19 77 -88
19 78 -92
19 79 9
19 80 95
19 81 -58
19 82 94
19 83 66
19 84 96
19 85 -47
19 86 26
19 87 67
19 89 -90
19 90 -45
19 91 -12
19 92 67
19 93 19
19 95 29
19 96 -93
19 97 65
19 98 48
19 99 -39
20 1 24
20 2 68
20 3 -87
20 4 -56
20 5 86
20 6 13
20 7 -9
20 8 3
20 9 -23
20 10 60
20 11 80
20 12 -89
20 13 -30
20 14 -48
20 15 12
20 16 -61
20 17 3
20 18 -89
20 19 -7
20 20 11
20 21 -79
20 22 -3
20 23 20
20 24 58
20 25 17
20 26 -2
20 27 -99
20 28 3
20 29 77
20 30 -85
20 31 36
20 32 79
20 33 65
20 34 83
20 35 56
20 36 -78
20 37 6
20 38 -70
20 40 89
20 41 81
20 42 -98
20 43 27
20 44 95
20 45 -74
20 47 -40
20 48 57
20 49 52
20 50 25
20 51 39
20 52 73
20 53 74
20 54 -78
20 55 -94
20 56 -80
20 58 -32
20 59 1
20 60 61
20 61 100
20 62 -11
20 63 77
20 64 -49
20 65 -73
20 66 -96
20 67 50
20 68 -82
20 69 27
20 70 -71
20 71 -60
20 72 -51
20 73 11
20 76 24
20 77 -51
20 78 99
20 79 49
20 80 -77
20 81 44
20 82 55
20 83 78
20 84 90
20 85 20
20 86 73
20 87 19
20 88 42
20 89 -80
20 90 20
20 91 -30
20 93 72
20 94 -97
20 96 -9
20 97 9
20 98 1
20 99 82
21 1 -31
21 2 -73
21 3 33
21 4 31
21 5 93
21 6 -75
21 7 -7
21 8 50
21 9 78
21 10 3
21 11 -51
21 12 7
21 13 -74
21 14 31
21 16 -85
21 17 -29
21 19 84
21 20 -18
21 21 -67
21 22 -65
21 23 -10
21 24 60
21 25 13
21 26 41
21 27 -95
21 28 32
21 29 26
21 30 -69
21 31 -98
21 32 -94
21 33 27
21 34 56
21 35 -89
21 36 95
21 37 6
21 38 44
21 39 58
21 40 -83
21 41 -60
21 42 -14
21 43 -52
21 44 -76
21 45 19
21 46 77
21 47 -42
21 48 41
21 49 62
21 50 34
21 51 -38
21 52 14
21 53 -66
21 54 -28
21 55 -52
21 56 -71
21 57 28
21 58 -9
21 59 -75
21 60 66
21 61 54
21 62 -52
21 63 -96
21 64 -59
21 65 -27
21 67 9
21 68 -51
21 69 -32
21 70 -6
21 71 59
21 72 -42
21 73 -93
21 74 -87
21 75 -96
21 76 62
21 77 -15
21 78 -93
21 79 45
21 80 91
21 81 -65
21 82 -78
21 83 -48
21 84 -29
21 85 45
21 86 50
21 87 32
21 88 -38
21 90 54
21 91 -64
21 92 -70
21 93 78
21 94 -19
21 95 60
21 97 72
21 98 -82
21 99 -57
22 0 -90
22 1 16
22 2 -47
22 3 13
22 4 29
22 5 -2
22 6 -79
22 7 77
22 8 -49
22 9 -42
22 10 -36
22 11 99
22 12 -6
22 13 89
22 14 -11
22 15 -72
22 16 -54
22 17 -63
22 18 88
22 19 -77
22 20 96
22 21 -70
22 22 -39
22 23 -23
22 24 79
22 25 11
22 26 16
22 27 -77
22 28 56
22 29 72
22 30 85
22 31 92
22 32 -38
22 33 -70
22 34 50
22 35 -76
22 36 1
22 37 58
22 38 -80
22 39 -68
22 40 -93
22 41 59
22 42 -9
22 43 -77
22 44 -24
22 45 99
22 46 14
22 47 63
22 48 34
22 49 -31
22 50 30
22 51 16
22 53 66
22 54 -80
22 55 -36
22 56 -16
22 57 65
22 58 40
22 59 39
22 60 34
22 61 -25
22 62 -11
22 63 -93
22 64 63
22 65 98
22 66 -94
22 67 89
22 68 75
22 69 -15
22 70 50
22 72 59
22 73 -46
22 74 83
22 75 -82
22 76 51
22 77 -95
22 78 -19
22 79 70
22 80 -74
22 81 -18
22 82 -97
22 83 16
22 84 -94
22 85 55
22 86 -84
22 87 -9
22 88 -30
22 89 -71
22 90 -78
22 91 70
22 92 94
22 93 -29
22 94 -23
22 95 -93
22 96 -77
22 97 -81
22 98 5
22 99 -90
23 0 -34
23 1 54
23 2 -21
23 3 -78
23 4 40
23 5 -78
23 6 69
23 7 -89
23 9 -79
23 10 -7
23 11 -21
23 12 -4
23 13 67
23 14 6
23 16 -99
23 17 12
23 18 -77
23 19 -41
23 20 -64
23 21 18
23 22 -82
23 23 9
23 24 23
23 25 82
23 26 60
23 27 -59
23 28 77
23 29 -29
23 30 -35
23 31 -6
23 32 -20
23 33 85
23 34 28
23 35 35
23 36 79
23 37 12
23 38 -21
23 40 -76
23 41 94
23 42 -8
23 43 31
23 44 -31
23 45 -40
23 46 41
23 47 -29
23 48 -67
23 49 25
23 51 31
23 52 -77
23 53 66
23 54 -36
23 55 78
23 56 -100
23 57 -1
23 58 20
23 59 21
23 60 28
23 61 -91
23 62 -92
23 63 -40
23 64 79
23 66 -47
23 67 -73
23 69 90
23 70 77
23 71 13
23 72 52
23 73 42
23 74 -30
23 75 -71
23 76 -15
23 77 -96
23 78 -33
23 79 78
23 80 -22
23 81 -91
23 82 61
23 83 67
23 84 -58
23 85 -84
23 86 -6
23 87 -71
23 88 -17
23 89 -89
23 90 72
23 91 -65
23 92 -12
23 93 1
23 94 -13
23 95 -86
23 96 14
23 97 -52
23 98 -27
23 99 -34
24 0 -8
24 1 -47
24 4 73
24 5 -100
24 6 26
24 7 -61
24 8 -31
24 9 35
24 10 59
24 11 -20
24 12 74
24 13 -10
24 14 -12
24 15 -17
24 16 12
24 17 8
24 18 -12
24 19 -100
24 20 -4
24 22 -92
24 23 9
24 24 18
24 25 93
24 26 -74
24 27 -14
24 28 -9
24 29 40
24 30 -14
24 31 -59
24 32 -77
24 33 -95
24 34 71
24 35 -62
24 36 -26
24 37 -88
24 38 -34
24 39 75
24 41 36
24 42 24
24 43 95
24 44 -74
24 45 -94
24 46 -58
24 47 -88
24 48 85
24 49 -84
24 50 60
24 51 51
24 52 50
24 53 -15
24 54 35
24 55 -74
24 56 14
24 57 86
24 58 71
24 59 -8
24 60 -25
24 61 -17
24 62 60
24 63 10
24 64 54
24 66 45
24 67 -68
24 68 -83
24 69 -8
24 70 -68
24 71 11
24 72 -79
24 73 -30
24 74 56
24 75 58
24 76 91
24 77 -37
24 78 -29
24 79 82
24 80 -68
24 81 13
24 82 -70
24 83 -73
24 84 10
24 86 -64
24 87 91
24 88 -37
24 89 -69
24 90 69
24 91 -89
24 92 55
24 93 -5
24 94 68
24 95 67
24 96 -38
24 97 -63
24 98 35
24 99 38
25 0 4
25 1 -36
25 2 6
25 3 30
25 4 88
25 5 -13
25 6 99
25 7 -1
25 8 38
25 9 91
25 10 2
25 11 -48
25 12 86
25 13 -70
25 14 50
25 15 14
25 16 -24
25 17 -71
25 18 -66
25 19 -34
25 20 84
25 21 -82
25 22 -2
25 23 -76
25 24 -2
25 25 32
25 28 22
25 29 -74
25 30 -21
25 31 -28
25 32 -34
25 33 59
25 34 3
25 35 32
25 36 75
25 37 -65
25 38 18
25 39 -87
25 40 36
25 41 -100
25 42 -35
25 43 -96
25 44 41
25 45 -35
25 46 -78
25 47 61
25 48 -14
25 49 96
25 50 41
25 51 77
25 52 -97
25 53 76
25 55 54
25 56 -69
25 57 -5
25 58 -63
25 59 18
25 60 29
25 61 36
25 62 -21
25 63 -81
25 64 -47
25 65 -33
25 66 -82
25 67 -57
25 68 -6
25 69 -67
25 70 -62
25 71 43
25 72 -69
25 73 31
25 74 -95
25 75 7
25 76 46
25 77 13
25 78 16
25 79 -99
25 80 45
25 81 -14
25 82 -70
25 83 68
25 84 -26
25 85 51
25 86 -61
25 88 30
25 89 82
25 90 -33
25 91 -39
25 92 -96
25 93 96
25 94 -93
25 95 76
25 96 19
25 97 -36
25 98 55
25 99 7
26 0 81
26 1 22
26 2 -99
26 4 67
26 5 -33
26 6 64
26 7 95
26 8 -35
26 10 -5
26 11 -100
26 12 12
26 13 -28
26 14 -69
26 15 87
26 16 60
26 17 -99
26 18 53
26 19 -15
26 20 95
26 22 68
26 23 -16
26 24 43
26 25 -33
26 26 -11
26 27 -28
26 28 6
26 29 16
26 30 41
26 31 -38
26 32 -43
26 33 57
26 34 -47
26 36 59
26 37 -17
26 38 73
26 39 -99
26 40 3
26 41 -81
26 42 -87
26 43 23
26 44 76
26 45 71
26 46 18
26 47 -24
26 48 -41
26 49 45
26 50 28
26 51 -32
26 52 27
26 53 -13
26 54 -9
26 55 71
26 56 -1
26 57 99
26 58 47
26 59 78
26 60 21
26 61 81
26 62 -75
26 63 -61
26 64 54
26 65 -86
26 66 -99
26 67 -9
26 68 67
26 69 81
26 70 -70
26 72 25
26 73 99
26 74 -48
26 75 -87
26 76 -16
26 77 55
26 79 -9
26 80 14
26 81 -26
26 82 -56
26 83 98
26 84 15
26 85 -89
26 86 49
26 87 95
26 88 5
26 89 43
26 90 -57
26 91 -77
26 92 -13
26 93 9
26 94 10
26 95 28
26 96 -13
26 97 -53
26 98 -87
26 99 68
27 0 -1
27 2 -11
27 3 -4
27 4 36
27 5 49
27 6 52
27 7 45
27 8 -10
27 9 -84
27 10 79
27 11 90
27 12 73
27 13 -13
27 14 14
27 15 21
27 16 -57
27 17 -71
27 18 88
27 19 65
27 20 -68
27 21 -22
27 22 40
27 23 1
27 24 -100
27 25 60
27 26 -40
27 27 -46
27 28 -64
27 29 8
27 30 -44
27 31 32
27 32 51
27 33 82
27 34 82
27 35 38
27 36 -45
27 37 -50
27 38 -91
27 40 41
27 41 -70
27 42 49
27 43 5
27 44 55
27 45 57
27 46 -54
27 47 33
27 48 63
27 49 62
27 50 -87
27 51 75
27 52 -22
27 53 53
27 54 25
27 55 -51
27 56 33
27 57 10
27 58 62
27 59 22
27 60 -15
27 61 -98
27 62 -16
27 63 -44
27 64 -10
27 65 54
27 66 85
27 67 -22
27 68 87
27 69 -1
27 70 -90
27 71 39
27 72 28
27 73 24
27 74 82
27 75 36
27 76 -97
27 77 20
27 79 4
27 81 79
27 82 41
27 83 -58
27 84 -99
27 85 -86
27 86 -89
27 87 46
27 88 -14
27 89 26
27 90 -55
27 91 -38
27 92 -44
27 93 -80
27 94 17
27 95 39
27 96 4
27 97 2
27 98 -9
27 99 36
28 0 60
28 2 -69
28 3 78
28 4 -30
28 5 34
28 6 -64
28 7 -26
28 8 59
28 9 68
28 10 -84
28 11 -50
28 12 75
28 13 -31
28 15 -52
28 16 -78
28 17 65
28 18 25
28 19 -13
28 21 -95
28 22 -10
28 23 -36
28 24 63
28 25 31
28 26 48
28 27 -20
28 28 40
28 29 17
28 30 -100
28 31 -19
28 32 -80
28 33 -29
28 34 -50
28 35 -92
28 36 -75
28 37 -46
28 38 19
28 39 21
28 40 13
28 41 -98
28 43 -8
28 44 -4
28 45 44
28 46 -16
28 47 47
28 48 18
28 49 -49
28 50 47
28 51 -54
28 52 -93
28 53 -42
28 54 66
28 55 -7
28 56 4
28 57 18
28 58 -12
28 59 75
28 60 9
28 61 15
28 62 71
28 63 87
28 64 61
28 65 -73
28 66 89
28 67 -68
28 68 -81
28 69 26
28 70 -37
28 71 -52
28 72 -62
28 73 32
28 74 -70
28 75 -15
28 76 54
28 77 96
28 78 50
28 79 -13
28 80 57
28 81 5
28 82 3
28 83 36
28 84 -17
28 85 36
28 86 58
28 87 66
28 88 -83
28 89 -100
28 90 -30
28 91 42
28 92 -4
28 93 -28
28 94 79
28 95 2
28 96 83
28 97 41
28 98 -76
28 99 -72
29 0 17
29 1 -73
29 4 46
29 5 71
29 6 77
29 7 23
29 8 54
29 9 2
29 10 88
29 11 -56
29 12 -99
29 13 11
29 14 -15
29 15 -63
29 16 4
29 17 49
29 18 -17
29 19 2
29 20 22
29 21 3
29 22 -99
29 23 21
29 24 23
29 25 -44
29 26 -22
29 27 62
29 28 17
29 29 -4
29 30 -97
29 31 22
29 32 -19
29 33 -6
29 34 -88
29 35 85
29 36 53
29 37 16
29 38 77
29 39 26
29 40 21
29 41 98
29 42 -100
29 43 -89
29 44 -48
29 45 20
29 46 -17
29 47 -16
29 48 87
29 49 10
29 50 -96
29 51 -14
29 52 -84
29 53 -6
29 54 93
29 55 22
29 56 71
29 57 -22
29 58 -44
29 59 -74
29 60 -27
29 61 89
29 63 -19
29 64 35
29 65 19
29 66 -85
29 67 98
29 68 -28
29 69 -19
29 70 85
29 71 -7
29 72 97
29 73 2
29 74 -17
29 75 75
29 76 47
29 77 88
29 78 -33
29 79 -30
29 80 -5
29 82 85
29 83 -16
29 84 9
29 85 47
29 86 62
29 87 6
29 88 75
29 89 67
29 90 -50
29 91 31
29 92 -22
29 93 95
29 94 43
29 95 34
29 96 57
29 97 -40
29 98 96
29 99 38
30 1 51
30 2 50
30 3 -100
30 4 -74
30 5 81
30 6 13
30 7 -74
30 8 26
30 9 -89
30 10 86
30 11 74
30 12 -90
30 13 46
30 15 40
30 16 84
30 17 -54
30 18 -80
30 19 -45
30 20 -96
30 21 39
30 22 5
30 23 66
30 24 -56
30 25 -23
30 26 -98
30 27 51
30 28 77
30 29 -25
30 30 -62
30 31 -44
30 32 12
30 33 71
30 34 -45
30 35 -99
30 36 -23
30 37 34
30 38 32
30 39 34
30 40 -54
30 41 10
30 42 39
30 43 85
30 44 19
30 45 -48
30 46 54
30 47 -83
30 48 35
30 49 -65
30 50 -72
30 51 95
30 52 11
30 53 -53
30 54 48
30 55 -3
30 56 -67
30 57 -12
30 58 -11
30 59 -17
30 60 6
30 61 42
30 62 38
30 63 -73
30 64 -16
30 65 58
30 66 -73
30 67 -84
30 68 94
30 69 43
30 70 -39
30 71 14
30 72 54
30 73 -79
30 74 -96
30 75 -98
30 76 -51
30 77 12
30 78 77
30 79 6
30 80 36
30 81 10
30 82 -76
30 83 -79
30 84 35
30 85 -23
30 86 91
30 87 -31
30 88 10
30 89 98
30 90 -33
30 91 4
30 92 -64
30 93 -52
30 94 91
30 95 -93
30 96 84
30 97 -76
30 99 62
31 0 93
31 1 -71
31 2 91
31 3 -38
31 4 -7
31 5 -27
31 6 48
31 7 -22
31 8 39
31 9 -79
31 10 62
31 11 -32
31 12 -58
31 13 78
31 14 57
31 15 -26
31 16 -34
31 17 -85
31 18 38
31 19 24
31 20 -79
31 21 70
31 22 -5
31 23 50
31 24 41
31 25 6
31 26 12
31 27 57
31 28 82
31 30 95
31 31 -96
31 32 33
31 33 -92
31 34 60
31 35 -28
31 36 -94
31 37 -40
31 38 -100
31 39 -78
31 40 -33
31 41 -67
31 42 45
31 43 78
31 44 75
31 45 -22
31 46 65
31 47 34
31 48 29
31 49 -62
31 50 46
31 51 17
31 52 58
31 53 55
31 54 -39
31 55 -94
31 56 54
31 57 -79
31 58 39
31 59 -46
31 60 49
31 61 76
31 62 -55
31 63 -1
31 64 19
31 65 31
31 66 19
31 67 30
31 68 -59
31 70 97
31 71 7
31 72 51
31 73 38
31 74 -46
31 75 42
31 76 2
31 77 -47
31 78 -89
31 79 -81
31 80 61
31 81 45
31 82 -90
31 83 57
31 84 -39
31 85 95
31 86 3
31 87 -86
31 89 -92
31 90 -72
31 91 76
31 92 49
31 93 78
31 94 -93
31 95 39
31 96 -18
31 97 18
31 98 -9
31 99 -62
32 0 -97
32 1 53
32 2 64
32 3 -99
32 4 -87
32 5 -63
32 6 -20
32 7 88
32 8 -39
32 9 -95
32 10 -68
32 11 41
32 12 -24
32 13 -86
32 14 81
32 15 -100
32 16 85
32 17 1
32 18 94
32 19 -38
32 20 31
32 21 93
32 22 22
32 23 -2
32 24 -87
32 25 52
32 26 -32
32 27 77
32 28 -88
32 30 -45
32 31 -98
32 32 -73
32 34 -56
32 35 1
32 36 -62
32 37 37
32 38 45
32 39 83
32 40 -96
32 41 89
32 42 -100
32 43 -17
32 44 -59
32 45 73
32 46 -67
32 47 93
32 48 50
32 49 -15
32 50 -64
32 51 -50
32 52 -75
32 53 -70
32 54 -77
32 55 53
32 56 49
32 57 -100
32 58 -20
32 59 -59
32 60 -42
32 61 -8
32 62 -57
32 63 71
32 65 70
32 66 80
32 67 -88
32 68 -5
32 69 45
32 70 15
32 71 -44
32 72 1
32 73 56
32 74 -39
32 75 64
32 76 29
32 77 -56
32 78 70
32 79 -36
32 80 26
32 81 42
32 82 36
32 83 5
32 84 99
32 85 51
32 86 -54
32 87 -64
32 88 90
32 89 -24
32 90 -10
32 91 -86
32 93 -95
32 94 -96
32 95 70
32 96 -34
32 97 -15
32 98 -21
32 99 94
33 0 -21
33 1 -37
33 2 -18
33 3 65
33 4 -96
33 5 -62
33 6 35
33 7 -51
33 8 -66
33 10 18
33 11 31
33 12 -53
33 13 86
33 14 -73
33 15 60
33 16 -82
33 17 -3
33 18 47
33 19 12
33 20 -4
33 21 5
33 22 53
33 24 57
33 25 -2
33 26 58
33 27 67
33 28 59
33 29 17
33 30 82
33 31 -34
33 32 -60
33 33 -31
33 34 -58
33 35 5
33 36 -37
33 37 32
33 38 78
33 39 65
33 40 -65
33 41 76
33 42 21
33 43 -45
33 44 -75
33 45 -100
33 46 6
33 47 -15
33 48 -71
33 49 -77
33 50 -96
33 51 -68
33 52 38
33 53 -53
33 54 -45
33 55 16
33 56 -32
33 57 -22
33 58 49
33 59 -79
33 60 -45
33 61 64
33 62 -22
33 63 -28
33 64 39
33 65 -16
33 66 -34
33 67 -45
33 69 73
33 70 23
33 71 90
33 72 39
33 73 -87
33 74 45
33 75 -4
33 76 46
33 77 59
33 78 -52
33 79 -28
33 80 11
33 81 77
33 82 78
33 83 47
33 84 -49
33 85 -40
33 86 62
33 87 99
33 89 -92
33 90 93
33 91 -53
33 92 68
33 93 -47
33 94 -13
33 95 -87
33 97 66
33 98 2
33 99 -24
34 0 75
34 1 -95
34 2 -22
34 3 -44
34 4 -49
34 5 -6
34 6 58
34 7 -100
34 8 -61
34 9 -65
34 10 -24
34 11 -53
34 12 43
34 13 25
34 14 -76
34 16 -74
34 17 -17
34 18 77
34 19 -38
34 20 -28
34 21 75
34 22 74
34 23 -21
34 24 -55
34 25 60
34 26 -31
34 27 -58
34 28 29
34 29 -58
34 30 -42
34 31 30
34 32 -10
34 33 76
34 34 45
34 35 -32
34 36 -22
34 37 -100
34 38 -4
34 39 10
34 40 -73
34 41 -71
34 42 49
34 43 50
34 44 15
34 45 59
34 46 -99
34 47 43
34 48 -9
34 49 -67
34 50 57
34 51 -96
34 52 81
34 53 -94
34 54 24
34 55 93
34 56 57
34 57 -76
34 58 14
34 59 82
34 60 42
34 61 71
34 62 -77
34 63 72
34 64 9
34 65 44
34 66 -62
34 67 -60
34 68 45
34 69 -87
34 70 -41
34 71 -30
34 72 -60
34 73 83
34 74 -36
34 75 68
34 76 -42
34 77 35
34 78 -66
34 79 -74
34 80 -9
34 81 89
34 82 54
34 83 57
34 84 16
34 85 64
34 86 44
34 87 73
34 88 88
34 89 -47
34 90 -26
34 91 54
34 92 72
34 93 1
34 94 -100
34 95 -48
34 96 47
34 97 47
34 98 -53
34 99 -50
35 0 -1
35 1 30
35 2 97
35 3 -44
35 4 48
35 5 -80
35 6 64
35 7 46
35 8 1
35 9 -65
35 10 27
35 11 19
35 12 -82
35 13 -99
35 14 79
35 15 -85
35 16 60
35 17 41
35 18 -93
35 19 -75
35 20 20
35 21 62
35 22 -97
35 23 75
35 24 35
35 25 -71
35 26 70
35 27 -11
35 28 86
35 29 -25
35 30 4
35 33 -21
35 35 63
35 36 -22
35 37 -67
35 38 -41
35 39 -99
35 40 36
35 42 47
35 43 -72
35 44 -92
35 45 -10
35 46 -21
35 47 -36
35 48 -76
35 49 46
35 50 -19
35 51 21
35 52 60
35 53 -96
35 54 -84
35 55 61
35 56 31
35 57 53
35 58 24
35 59 82
35 60 -83
35 61 8
35 62 -99
35 63 6
35 64 -64
35 65 17
35 66 21
35 67 -57
35 68 61
35 69 26
35 70 -46
35 71 37
35 72 22
35 73 -82
35 74 -68
35 75 34
35 76 95
35 77 -81
35 78 29
35 79 -75
35 80 10
35 81 45
35 82 54
35 83 34
35 84 77
35 85 51
35 86 32
35 87 -46
35 88 -100
35 89 -35
35 90 -56
35 91 48
35 92 45
35 93 83
35 94 27
35 95 -81
35 96 55
35 97 -8
35 98 56
35 99 20
36 0 20
36 1 50
36 3 -27
36 4 -66
36 5 -29
36 6 60
36 7 97
36 8 -3
36 9 -92
36 10 51
36 11 -67
36 12 -21
36 13 -10
36 14 22
36 15 21
36 16 -83
36 18 -97
36 19 74
36 20 63
36 21 -51
36 22 -41
36 23 -61
36 24 -96
36 25 71
36 26 -77
36 27 42
36 28 -87
36 29 53
36 30 60
36 31 19
36 32 77
36 33 -26
36 34 -98
36 35 -88
36 36 -24
36 38 62
36 40 62
36 41 -65
36 42 -75
36 43 29
36 45 -98
36 46 -60
36 47 -78
36 48 99
36 49 24
36 50 64
36 52 -7
36 54 -1
36 55 27
36 56 94
36 57 -14
36 58 39
36 59 -30
36 60 -99
36 61 -80
36 62 -76
36 63 76
36 64 66
36 65 -35
36 66 -41
36 67 -35
36 68 -68
36 69 -6
36 70 -90
36 71 90
36 72 24
36 73 -86
36 74 86
36 75 38
36 76 19
36 77 -71
36 78 65
36 79 -5
36 80 98
36 81 -21
36 82 -45
36 83 5
36 84 -63
36 85 28
36 86 69
36 87 -43
36 88 83
36 89 -82
36 90 5
36 91 87
36 92 -39
36 93 -38
36 94 77
36 95 51
36 96 -50
36 97 -81
36 98 8
36 99 21
37 0 11
37 1 -45
37 2 -20
37 3 -16
37 4 89
37 5 -46
37 6 51
37 7 -78
37 8 81
37 9 45
37 11 28
37 12 75
37 14 -76
37 15 -19
37 16 89
37 17 -44
37 18 -78
37 19 -97
37 20 -89
37 21 44
37 22 -73
37 24 -65
37 25 -32
37 26 5
37 27 67
37 28 -2
37 29 75
37 30 -34
37 31 96
37 32 -45
37 34 7
37 35 -18
37 36 87
37 37 -39
37 38 61
37 39 100
37 40 31
37 41 28
37 42 -65
37 43 -92
37 44 -13
37 45 -25
37 46 -12
37 47 29
37 48 -5
37 49 -41
37 50 -91
37 51 -77
37 52 54
37 53 -33
37 54 89
37 55 -10
37 56 53
37 58 30
37 59 58
37 60 -73
37 61 30
37 62 71
37 63 -35
37 64 94
37 65 21
37 66 -94
37 67 -76
37 68 45
37 69 -84
37 70 57
37 71 -59
37 72 -55
37 73 38
37 74 -11
37 75 -45
37 76 68
37 77 -56
37 78 -60
37 79 -77
37 80 80
37 81 -70
37 82 -9
37 83 19
37 84 32
37 85 18
37 86 -42
37 87 -41
37 89 93
37 90 97
37 91 56
37 92 -44
37 93 -5
37 94 -60
37 95 -8
37 97 -74
37 98 34
37 99 54
38 0 -77
38 1 45
38 2 16
38 3 -25
38 4 -23
38 5 -14
38 6 -79
38 7 6
38 8 73
38 9 -97
38 10 34
38 11 94
38 12 -17
38 13 -77
38 14 -85
38 15 22
38 16 -14
38 18 -38
38 19 47
38 20 -65
38 21 -38
38 22 78
38 23 21
38 24 5
38 25 78
38 26 -95
38 27 -48
38 28 18
38 29 2
38 30 -10
38 31 -49
38 32 -8
38 33 87
38 35 29
38 36 -27
38 37 11
38 38 51
38 39 -59
38 40 -34
38 41 -7
38 42 28
38 43 -80
38 44 -34
38 45 13
38 46 29
38 47 76
38 48 -29
38 49 -7
38 50 -55
38 51 -21
38 52 -80
38 53 -33
38 54 42
38 55 70
38 56 75
38 57 77
38 58 -30
38 59 -54
38 60 64
38 61 -49
38 62 83
38 63 56
38 64 -48
38 65 -15
38 66 -74
38 67 68
38 68 -86
38 69 -81
38 70 -88
38 71 -29
38 72 -3
38 73 16
38 74 31
38 75 -68
38 76 -64
38 77 -87
38 78 86
38 79 -81
38 80 -33
38 81 -26
38 82 15
38 83 68
38 84 94
38 85 -26
38 86 -69
38 87 -94
38 88 47
38 89 -88
38 90 61
38 91 -32
38 92 -57
38 93 97
38 94 -96
38 95 -99
38 96 -1
38 97 89
38 98 -42
38 99 75
39 0 41
39 1 6
39 2 70
39 3 8
39 4 -30
39 5 6
39 6 75
39 7 -44
39 8 -60
39 9 81
39 10 44
39 11 -20
39 12 -15
39 13 86
39 14 21
39 15 66
39 16 -65
39 17 -10
39 19 37
39 20 -27
39 21 -37
39 22 -54
39 23 -11
39 24 74
39 25 -58
39 26 34
39 27 -15
39 28 28
39 29 -88
39 30 80
39 31 54
39 32 -29
39 33 -71
39 34 -100
39 35 -46
39 36 -44
39 37 97
39 38 -63
39 39 -87
39 40 49
39 41 -78
39 42 1
39 43 -2
39 44 -40
39 45 -24
39 46 -10
39 47 82
39 48 -78
39 49 42
39 50 -12
39 51 48
39 52 95
39 53 57
39 54 -70
39 55 20
39 56 -98
39 58 -42
39 59 -83
39 60 62
39 61 91
39 62 -3
39 63 55
39 64 -47
39 65 57
39 66 45
39 67 -30
39 68 19
39 69 -9
39 70 -49
39 71 -39
39 72 77
39 73 -9
39 75 -86
39 76 65
39 77 -77
39 78 26
39 79 24
39 80 -31
39 81 -90
39 83 -33
39 84 -67
39 85 5
39 86 -27
39 87 82
39 88 40
39 89 -82
39 90 14
39 91 25
39 92 -59
39 93 32
39 94 -48
39 95 22
39 96 -7
39 97 75
39 98 -76
40 0 56
40 1 24
40 2 16
40 3 -71
40 4 35
40 5 -26
40 6 -54
40 7 53
40 8 49
40 9 26
40 10 100
40 11 -8
40 12 -91
40 13 36
40 14 -62
40 15 -97
40 16 91
40 17 83
40 18 38
40 19 31
40 20 -79
40 21 47
40 22 -7
40 23 -85
40 24 59
40 26 4
40 27 35
40 29 -40
40 30 -49
40 31 -7
40 32 89
40 33 -57
40 34 10
40 35 -26
40 36 -63
40 37 -8
40 38 73
40 39 -72
40 40 19
40 41 81
40 42 -35
40 43 -3
40 44 84
40 45 -68
40 46 -57
40 47 -28
40 48 -49
40 49 55
40 50 -94
40 51 -2
40 52 -8
40 53 -10
40 54 31
40 55 -95
40 56 -33
40 57 -81
40 58 78
40 59 3
40 61 35
40 62 -8
40 63 34
40 64 5
40 65 -55
40 66 8
40 67 96
40 68 -55
40 69 -47
40 70 -16
40 71 -82
40 72 -14
40 73 71
40 74 -3
40 75 81
40 76 40
40 77 -31
40 78 92
40 79 -81
40 80 -19
40 81 27
40 82 -2
40 83 -41
40 84 -56
40 85 29
40 86 -22
40 87 1
40 88 -56
40 89 -72
40 90 -87
40 91 -72
40 92 56
40 93 -97
40 94 55
40 95 57
40 96 -50
40 97 -37
40 98 87
40 99 -44
41 0 -21
41 1 -12
41 2 -7
41 3 -51
41 4 6
41 5 19
41 6 -67
41 7 -60
41 8 -24
41 9 98
41 10 71
41 11 6
41 12 -92
41 13 42
41 14 88
41 15 -9
41 16 -98
41 17 94
41 18 -15
41 19 -48
41 20 -5
41 21 -88
41 22 77
41 23 -50
41 24 -76
41 25 90
41 26 26
41 28 -19
41 29 12
41 30 47
41 31 -28
41 32 73
41 33 6
41 34 -54
41 35 54
41 36 -7
41 37 -85
41 38 12
41 39 36
41 40 -36
41 41 89
41 42 -75
41 43 -57
41 44 -18
41 45 -42
41 46 57
41 47 23
41 48 15
41 49 40
41 50 -10
41 51 69
41 52 -68
41 54 -62
41 55 -30
41 56 64
41 57 90
41 58 12
41 59 -71
41 60 -27
41 61 -65
41 62 1
41 63 -26
41 64 -80
41 65 -60
41 66 -49
41 67 94
41 68 -70
41 69 46
41 70 32
41 71 85
41 72 78
41 73 35
41 74 7
41 75 98
41 76 -52
41 77 30
41 78 -13
41 79 -91
41 80 47
41 81 71
41 82 26
41 83 -66
41 84 90
41 85 -20
41 86 -81
41 87 73
41 88 -49
41 89 -28
41 90 46
41 91 86
41 92 55
41 93 80
41 94 -21
41 95 48
41 96 82
41 97 71
41 98 -53
41 99 77
42 0 17
42 1 66
42 3 -75
42 4 -4
42 5 -42
42 6 -28
42 7 5
42 8 26
42 9 -83
42 10 59
42 11 -54
42 12 6
42 13 -84
42 14 70
42 15 7
42 16 -68
42 17 3
42 18 -72
42 19 -38
42 20 57
42 21 82
42 22 -15
42 23 -90
42 24 -87
42 25 -54
42 26 10
42 27 94
42 28 -83
42 29 -18
42 30 96
42 31 -99
42 32 -22
42 33 55
42 34 -99
42 35 2
42 36 -36
42 37 15
42 38 70
42 39 -30
42 40 -22
42 41 -3
42 42 33
42 43 -18
42 46 75
42 47 -84
42 48 84
42 49 80
42 50 18
42 51 -81
42 52 19
42 53 75
42 54 -18
42 55 -58
42 56 -58
42 57 -84
42 58 85
42 59 -1
42 60 -45
42 61 35
42 62 -22
42 63 -92
42 64 -35
42 65 -64
42 66 18
42 67 -67
42 68 86
42 69 -95
42 70 74
42 71 -94
42 72 -97
42 73 91
42 74 -59
42 75 -67
42 76 11
42 77 77
42 78 -64
42 79 -61
42 80 21
42 81 61
42 82 -61
42 83 21
42 84 -63
42 85 41
42 86 -58
42 87 45
42 88 -29
42 89 31
42 90 -21
42 91 -50
42 92 -47
42 93 98
42 94 93
42 95 -6
42 96 100
42 97 54
42 98 -98
42 99 13
43 0 -56
43 1 29
43 2 -6
43 3 -19
43 4 34
43 5 88
43 6 51
43 7 51
43 8 -6
43 9 17
43 10 -46
43 11 -35
43 12 78
43 14 -28
43 15 65
43 16 -49
43 17 49
43 18 37
43 19 -89
43 20 -96
43 21 28
43 22 -52
43 23 73
43 24 -97
43 25 -84
43 26 43
43 27 72
43 28 76
43 29 81
43 30 -73
43 31 30
43 32 -27
43 33 -71
43 34 21
43 35 27
43 36 84
43 37 -27
43 38 48
43 39 -42
43 40 2
43 41 -34
43 42 44
43 43 -85
43 44 51
43 45 62
43 46 -2
43 47 19
43 48 -14
43 49 -38
43 50 25
43 51 -85
43 52 -96
43 53 -25
43 54 68
43 55 -52
43 56 11
43 57 -68
43 58 -4
43 59 39
43 60 87
43 61 51
43 62 -35
43 63 19
43 64 92
43 66 88
43 67 12
43 68 -37
43 69 -13
43 70 48
43 71 44
43 72 -16
43 73 29
43 74 28
43 75 -47
43 76 29
43 77 -42
43 78 -7
43 79 72
43 80 29
43 81 -40
43 82 83
43 83 -39
43 84 -66
43 85 57
43 86 -89
43 87 -77
43 88 -30
43 89 -16
43 90 -88
43 91 -86
43 92 27
43 93 -58
43 94 74
43 95 -40
43 96 16
43 97 -11
43 98 84
43 99 44
44 0 16
44 1 -83
44 2 -65
44 3 -50
44 4 30
44 5 -24
44 6 -58
44 7 -72
44 8 52
44 9 17
44 10 47
44 11 13
44 12 23
44 13 -72
44 14 -96
44 15 -13
44 16 71
44 17 60
44 18 -94
44 19 -7
44 20 62
44 21 31
44 22 -31
44 23 90
44 24 44
44 25 -69
44 26 -94
44 27 -92
44 28 18
44 29 -5
44 30 -83
44 31 10
44 32 -38
44 33 46
44 34 -34
44 35 10
44 36 62
44 37 68
44 38 -79
44 39 -21
44 40 -40
44 41 -92
44 42 78
44 43 -23
44 44 74
44 45 -19
44 46 -16
44 47 -39
44 48 44
44 50 46
44 51 -23
44 52 -30
44 53 -91
44 54 38
44 55 -46
44 56 -47
44 57 -72
44 58 -2
44 59 -98
44 60 -49
44 61 -9
44 62 -87
44 63 -86
44 65 -12
44 67 15
44 69 97
44 70 -62
44 71 -15
44 72 36
44 73 50
44 74 -78
44 75 97
44 76 97
44 77 -68
44 78 -83
44 79 47
44 80 16
44 81 13
44 82 72
44 83 -95
44 84 -57
44 85 68
44 87 66
44 88 -92
44 89 95
44 90 -26
44 91 -84
44 92 -70
44 93 52
44 94 -9
44 95 11
44 96 79
44 97 -46
44 98 -28
44 99 55
45 0 -24
45 2 -40
45 3 -3
45 4 91
45 5 -71
45 6 -63
45 7 46
45 8 1
45 9 -31
45 10 20
45 11 -67
45 12 73
45 13 52
45 14 -70
45 15 -9
45 16 86
45 17 90
45 18 -69
45 19 -65
45 20 -52
45 21 -15
45 22 93
45 23 32
45 24 -90
45 25 -42
45 26 -50
45 27 -71
45 28 -69
45 30 -62
45 31 -10
45 32 39
45 33 71
45 34 -52
45 35 -5
45 36 5
45 37 -81
45 38 -71
45 39 -61
45 40 -99
45 41 40
45 42 -34
45 43 -41
45 44 41
45 45 -2
45 46 12
45 47 -54
45 48 -2
45 49 80
45 50 32
45 51 -4
45 52 -94
45 53 58
45 54 -97
45 55 41
45 56 10
45 57 78
45 58 53
45 59 -54
45 60 -67
45 61 72
45 62 45
45 63 -49
45 64 36
45 65 97
45 67 -29
45 68 41
45 69 45
45 70 81
45 71 -33
45 72 -58
45 73 62
45 74 63
45 75 -94
45 76 -50
45 77 -46
45 78 68
45 79 -58
45 80 -38
45 81 40
45 82 -63
45 83 67
45 84 27
45 85 -5
45 86 48
45 87 -66
45 88 -77
45 89 86
45 91 -76
45 92 65
45 93 -51
45 94 51
45 95 80
45 96 100
45 97 46
45 98 46
45 99 90
46 0 -4
46 1 -14
46 2 33
46 3 92
46 4 -33
46 5 -67
46 6 62
46 7 -68
46 8 -7
46 9 -100
46 10 94
46 11 42
46 12 -49
46 13 -96
46 14 42
46 15 -33
46 16 -96
46 17 69
46 18 87
46 19 -5
46 20 20
46 21 -86
46 22 -6
46 23 3
46 24 -66
46 25 14
46 26 -30
46 27 37
46 28 -100
46 29 84
46 30 -51
46 31 18
46 32 38
46 33 39
46 34 -18
46 35 74
46 36 92
46 37 67
46 38 -78
46 39 -33
46 41 -66
46 42 50
46 43 95
46 44 -55
46 45 91
46 46 88
46 47 78
46 48 93
46 49 93
46 50 -24
46 51 28
46 52 -91
46 53 21
46 54 96
46 55 98
46 56 -60
46 57 -61
46 58 -6
46 59 3
46 60 35
46 61 83
46 62 63
46 63 19
46 64 -78
46 65 50
46 66 -30
46 67 83
46 68 -96
46 70 55
46 71 86
46 72 -29
46 73 -92
46 74 -73
46 75 30
46 76 -56
46 78 -63
46 79 16
46 80 89
46 81 -61
46 82 -98
46 83 -34
46 84 -88
46 85 64
46 86 14
46 87 -4
46 88 -78
46 89 -41
46 90 -83
46 91 -93
46 92 69
46 93 -42
46 94 -71
46 95 -12
46 96 -93
46 97 47
46 98 -47
46 99 -6
47 0 -19
47 1 48
47 2 -16
47 3 35
47 4 51
47 5 -26
47 6 -81
47 7 -57
47 8 -51
47 9 99
47 10 40
47 11 32
47 12 -52
47 13 82
47 14 18
47 15 35
47 16 95
47 17 -90
47 18 -87
47 19 -81
47 20 -41
47 21 60
47 22 60
47 23 -3
47 24 -26
47 25 -46
47 26 -80
47 27 -34
47 28 11
47 30 -74
47 31 -26
47 32 30
47 33 -18
47 34 -10
47 36 84
47 37 72
47 38 -34
47 39 52
47 40 -68
47 41 -25
47 42 -5
47 43 -34
47 44 -59
47 45 -39
47 46 92
47 47 -17
47 49 -99
47 50 -59
47 51 -70
47 52 -36
47 53 -5
47 54 -98
47 55 -33
47 57 74
47 58 16
47 59 -70
47 60 -80
47 61 -58
47 62 -53
47 64 8
47 65 -5
47 66 61
47 67 -67
47 68 34
47 69 -89
47 70 -100
47 71 40
47 72 84
47 73 72
47 74 96
47 75 93
47 76 -58
47 77 -50
47 78 10
47 79 37
47 80 72
47 81 -87
47 82 -70
47 84 -14
47 85 57
47 86 56
47 87 73
47 88 3
47 89 38
47 90 13
47 91 -12
47 92 -84
47 93 16
47 94 -52
47 95 -2
47 96 -82
47 97 9
47 98 51
47 99 93
48 0 -77
48 1 -67
48 2 -23
48 3 -32
48 4 47
48 6 63
48 7 -20
48 8 -62
48 9 7
48 10 40
48 11 84
48 12 65
48 13 61
48 14 -76
48 15 -51
48 16 11
48 17 -15
48 18 43
48 19 -41
48 20 12
48 21 66
48 22 8
48 23 -27
48 24 -15
48 25 -15
48 26 92
48 27 -79
48 28 -61
48 29 27
48 30 37
48 31 -77
48 32 68
48 33 65
48 34 13
48 35 83
48 36 14
48 37 -97
48 38 -20
48 39 42
48 40 32
48 41 91
48 42 44
48 43 -73
48 44 -86
48 45 -100
48 46 19
48 47 -15
48 48 -35
48 49 31
48 50 17
48 51 -76
48 52 -8
48 53 77
48 54 -59
48 55 42
48 56 -37
48 57 52
48 58 -20
48 59 83
48 60 64
48 61 -10
48 62 -95
48 63 79
48 64 86
48 65 89
48 66 75
48 67 -82
48 68 -30
48 69 -13
48 70 -19
48 71 74
48 72 39
48 73 37
48 74 -5
48 75 -62
48 76 -100
48 77 33
48 78 3
48 79 39
48 80 -42
48 81 -15
48 82 -100
48 83 12
48 84 36
48 85 1
48 86 -33
48 87 -92
48 88 26
48 89 -66
48 90 -63
48 91 -42
48 92 32
48 93 30
48 94 -29
48 95 42
48 96 49
48 97 86
48 98 3
48 99 -87
49 0 -2
49 1 23
49 2 -64
49 4 -49
49 5 -97
49 6 48
49 7 35
49 8 -29
49 9 -22
49 10 7
49 11 -66
49 12 -19
49 13 24
49 14 32
49 15 -69
49 16 -29
49 17 -23
49 18 22
49 19 74
49 20 -70
49 21 -81
49 22 60
49 23 -47
49 24 -9
49 25 -11
49 26 72
49 27 -75
49 28 72
49 29 -64
49 30 48
49 31 -57
49 32 -35
49 33 30
49 34 -75
49 35 99
49 36 -100
49 37 54
49 38 73
49 39 5
49 40 -44
49 41 84
49 42 1
49 43 1
49 44 -100
49 45 -13
49 46 83
49 47 32
49 48 28
49 49 -1
49 50 -37
49 51 -82
49 52 86
49 53 -56
49 54 -27
49 55 -71
49 56 -20
49 57 23
49 58 72
49 59 28
49 60 -29
49 61 -18
49 62 18
49 63 -53
49 64 -4
49 65 -97
49 67 86
49 68 -9
49 69 46
49 70 -41
49 71 -8
49 72 -10
49 73 31
49 74 -83
49 76 -76
49 77 50
49 78 2
49 79 -89
49 80 -58
49 81 7
49 82 97
49 83 -87
49 84 96
49 85 -45
49 86 -12
49 87 17
49 88 21
49 89 -70
49 91 -14
49 92 -23
49 93 66
49 94 -1
49 96 -30
49 97 -44
49 98 -60
49 99 -35
50 0 100
50 1 -66
50 2 18
50 3 8
50 4 85
50 5 99
50 6 -100
50 7 -15
50 9 -96
50 10 42
50 11 77
50 12 -14
50 13 91
50 14 9
50 15 75
50 16 -35
50 17 -93
50 18 -46
50 19 -3
50 20 29
50 21 79
50 22 9
50 23 14
50 24 73
50 25 -90
50 26 -56
50 27 89
50 28 44
50 29 -18
50 30 99
50 31 95
50 32 -43
50 33 93
50 34 18
50 35 87
50 36 -91
50 37 67
50 38 -25
50 39 96
50 40 25
50 41 39
50 42 71
50 43 24
50 44 97
50 45 91
50 46 -73
50 47 -77
50 48 -10
50 49 40
50 50 -47
50 51 -55
50 52 92
50 53 15
50 54 35
50 55 5
50 56 -97
50 57 6
50 58 -63
50 59 13
50 60 87
50 61 1
50 62 -1
50 63 -94
50 64 -35
50 65 -4
50 66 14
50 67 21
50 68 59
50 69 91
50 70 -16
50 71 -54
50 72 59
50 73 59
50 74 -23
50 75 57
50 76 88
50 78 78
50 79 93
50 80 -1
50 81 88
50 82 -26
50 83 32
50 84 84
50 85 -61
50 86 -24
50 87 -89
50 88 67
50 89 27
50 90 92
50 91 -18
50 92 -86
50 93 21
50 94 93
50 95 -26
50 96 80
50 97 -59
50 98 29
50 99 23
51 0 2
51 1 58
51 2 -16
51 3 -15
51 4 16
51 5 20
51 8 1
51 9 96
51 10 94
51 11 67
51 12 -80
51 13 35
51 14 -43
51 15 60
51 16 90
51 17 69
51 18 99
51 19 83
51 20 4
51 21 -18
51 22 -100
51 23 -5
51 24 -6
51 25 -48
51 27 9
51 28 30
51 29 28
51 30 30
51 31 29
51 32 72
51 33 -80
51 34 -9
51 35 -62
51 37 -60
51 38 1
51 40 18
51 41 50
51 42 94
51 43 78
51 45 44
51 46 -93
51 47 -63
51 48 -46
51 49 6
51 50 79
51 51 -51
51 52 24
51 53 85
51 54 20
51 55 16
51 56 53
51 57 66
51 58 -85
51 59 -67
51 60 -26
51 61 18
51 62 -80
51 63 -98
51 64 67
51 65 -46
51 66 -42
51 67 72
51 68 -29
51 69 -15
51 70 -58
51 71 -24
51 72 60
51 73 -53
51 74 -76
51 75 17
51 76 -95
51 77 -87
51 78 90
51 79 -47
51 80 8
51 81 17
51 83 65
51 84 -69
51 85 82
51 86 47
51 87 -32
51 88 32
51 89 73
51 90 -11
51 91 -2
51 92 91
51 93 5
51 94 24
51 95 -60
51 96 43
51 97 63
51 98 -76
51 99 -53
52 0 -29
52 1 26
52 2 40
52 3 38
52 4 -9
52 5 -19
52 6 12
52 7 -92
52 8 -67
52 9 -55
52 10 -34
52 11 66
52 12 47
52 13 16
52 14 -86
52 16 81
52 17 -8
52 18 18
52 19 -72
52 20 76
52 21 -27
52 22 -15
52 24 90
52 25 47
52 26 43
52 27 56
52 28 96
52 29 85
52 30 -64
52 31 20
52 32 36
52 34 80
52 35 13
52 36 -12
52 37 -14
52 38 9
52 39 -21
52 40 -23
52 41 -100
52 42 43
52 43 -24
52 44 24
52 45 55
52 46 -39
52 47 45
52 48 -47
52 49 -74
52 50 57
52 51 -22
52 52 -3
52 53 -13
52 54 24
52 55 -74
52 56 17
52 57 -5
52 58 -71
52 59 -63
52 60 -17
52 61 -9
52 63 -12
52 64 96
52 65 85
52 66 -2
52 67 -45
52 68 -10
52 69 55
52 70 45
52 71 64
52 72 -35
52 73 -62
52 74 68
52 75 8
52 76 -40
52 77 64
52 78 45
52 79 40
52 80 4
52 81 -22
52 82 7
52 83 69
52 84 86
52 85 51
52 86 -49
52 87 7
52 88 -87
52 89 82
52 90 25
52 93 30
52 94 -28
52 95 -56
52 96 -11
52 97 8
52 98 10
52 99 54
53 0 42
53 1 -86
53 2 43
53 3 -53
53 4 39
53 5 -77
53 6 51
53 7 22
53 9 -92
53 10 -90
53 11 66
53 12 29
53 13 15
53 14 -19
53 15 35
53 16 84
53 17 34
53 18 37
53 19 -62
53 20 24
53 21 9
53 23 -42
53 24 93
53 25 64
53 26 88
53 27 57
53 28 -36
53 29 -38
53 30 62
53 31 -19
53 32 -14
53 33 -63
53 34 5
53 35 -48
53 36 41
53 37 -93
53 38 28
53 39 -65
53 40 10
53 41 17
53 42 -25
53 43 78
53 45 26
53 46 56
53 47 -55
53 48 -24
53 49 -46
53 50 -3
53 51 37
53 52 -40
53 53 50
53 54 -38
53 55 85
53 56 -97
53 57 72
53 58 12
53 59 -33
53 61 78
53 62 -27
53 63 48
53 64 -28
53 65 86
53 66 -27
53 67 -22
53 68 -8
53 69 32
53 70 16
53 71 93
53 72 -38
53 73 -48
53 74 84
53 75 35
53 76 10
53 77 28
53 78 16
53 79 -2
53 80 36
53 81 2
53 82 -100
53 83 58
53 84 -36
53 85 -25
53 87 32
53 88 -33
53 89 -1
53 90 -53
53 91 12
53 92 -18
53 93 54
53 94 -61
53 96 -5
53 97 1
53 98 -43
53 99 -97
54 0 57
54 2 -4
54 3 -46
54 4 9
54 5 42
54 6 -90
54 7 23
54 8 5
54 10 26
54 11 -11
54 12 51
54 13 72
54 14 -53
54 15 -33
54 17 100
54 18 -85
54 19 -68
54 20 -80
54 21 -20
54 22 34
54 23 -10
54 24 21
54 25 93
54 26 48
54 27 -59
54 28 -45
54 29 -53
54 30 91
54 31 -36
54 32 -35
54 33 85
54 34 80
54 35 -61
54 36 77
54 37 -2
54 38 -96
54 39 28
54 40 -77
54 41 53
54 42 9
54 43 -63
54 44 -6
54 46 -50
54 47 48
54 48 -27
54 49 78
54 51 6
54 52 -39
54 53 96
54 54 -40
54 55 98
54 56 -44
54 57 -23
54 58 -48
54 59 35
54 60 90
54 61 45
54 62 -12
54 63 -27
54 64 41
54 65 -11
54 66 -79
54 67 -5
54 68 -68
54 69 -87
54 71 -11
54 72 13
54 73 -41
54 74 -75
54 75 -93
54 76 23
54 77 -31
54 78 -14
54 79 -34
54 80 22
54 81 -63
54 82 -50
54 83 70
54 84 90
54 85 -79
54 88 -28
54 89 -48
54 90 31
54 91 63
54 92 -44
54 93 49
54 94 27
54 95 -96
54 96 -63
54 97 -27
54 98 -82
54 99 -89
55 0 -92
55 1 6
55 2 21
55 3 63
55 4 39
55 5 63
55 6 -57
55 7 48
55 8 -16
55 9 47
55 10 39
55 11 19
55 12 15
55 13 -35
55 14 85
55 15 12
55 16 -43
55 17 5
55 18 -48
55 19 -81
55 20 74
55 21 -48
55 22 -12
55 24 -70
55 25 -23
55 26 -73
55 27 -65
55 28 46
55 29 -77
55 30 58
55 31 30
55 32 -77
55 33 57
55 34 25
55 35 -6
55 36 -99
55 37 -42
55 38 -33
55 40 -98
55 41 -66
55 42 -13
55 43 36
55 44 -77
55 45 83
55 46 18
55 47 69
55 48 23
55 49 -61
55 50 16
55 51 47
55 52 -25
55 53 -15
55 54 16
55 55 45
55 56 54
55 57 79
55 58 80
55 59 56
55 60 12
55 61 91
55 62 84
55 63 37
55 64 -1
55 65 70
55 66 23
55 67 52
55 68 -37
55 69 -99
55 70 -10
55 71 15
55 72 -58
55 73 -69
55 74 14
55 75 -75
55 76 48
55 77 -35
55 78 -83
55 79 64
55 80 16
55 81 30
55 82 -53
55 83 -63
55 84 -14
55 85 -68
55 86 57
55 87 -27
55 88 -92
55 89 14
55 90 -16
55 91 -60
55 92 -26
55 93 -17
55 94 -82
55 95 26
55 96 59
55 97 -5
55 98 -21
55 99 43
56 0 39
56 1 -79
56 2 -37
56 3 -8
56 4 32
56 5 -15
56 6 49
56 7 -94
56 8 -33
56 9 -70
56 10 90
56 11 37
56 13 -25
56 14 40
56 15 68
56 16 -72
56 17 -88
56 18 -88
56 19 -54
56 21 -63
56 22 -20
56 23 -96
56 24 14
56 25 -44
56 26 54
56 27 -12
56 28 -57
56 29 79
56 30 3
56 31 -55
56 32 69
56 33 62
56 34 54
56 35 52
56 36 12
56 37 -34
56 38 77
56 39 -97
56 40 -50
56 42 71
56 43 -62
56 44 -11
56 45 -99
56 46 53
56 47 41
56 48 -90
56 50 -17
56 51 -38
56 52 -49
56 53 85
56 54 57
56 55 1
56 56 24
56 58 43
56 59 -84
56 60 76
56 61 -30
56 62 -14
56 63 -73
56 64 -80
56 65 -55
56 66 24
56 67 90
56 68 -62
56 69 5
56 70 78
56 71 68
56 72 85
56 73 62
56 74 100
56 76 -61
56 77 -22
56 79 -32
56 80 63
56 82 -87
56 84 99
56 85 70
56 86 9
56 87 -75
56 88 46
56 89 -64
56 90 -77
56 92 -52
56 93 62
56 94 -95
56 95 63
56 96 -37
56 97 -64
56 98 -63
56 99 73
57 0 53
57 1 -44
57 3 -29
57 4 14
57 5 -72
57 6 -12
57 7 87
57 8 43
57 9 62
57 10 -31
57 11 60
57 12 -71
57 13 -77
57 14 -81
57 15 62
57 16 -67
57 17 98
57 18 68
57 19 -30
57 20 -52
57 21 87
57 22 56
57 23 -79
57 24 16
57 25 38
57 26 13
57 27 19
57 28 -3
57 29 -53
57 30 -4
57 31 -62
57 32 22
57 33 -83
57 34 88
57 35 -20
57 37 -35
57 38 3
57 39 -25
57 40 40
57 41 -99
57 42 -16
57 43 77
57 44 54
57 45 -44
57 46 -87
57 47 69
57 48 41
57 49 14
57 50 -65
57 51 81
57 52 33
57 53 -89
57 54 -46
57 55 89
57 57 -1
57 58 -94
57 59 33
57 60 -92
57 61 31
57 62 -84
57 63 91
57 64 100
57 65 -24
57 66 -16
57 67 -43
57 68 94
57 69 -72
57 70 71
57 71 25
57 72 -70
57 73 98
57 74 -88
57 75 93
57 76 -67
57 78 -40
57 79 -23
57 80 -62
57 81 -91
57 82 21
57 83 84
57 84 82
57 85 78
57 86 -84
57 87 87
57 88 65
57 89 50
57 90 36
57 91 -50
57 92 51
57 93 -22
57 94 87
57 95 -5
57 96 -73
57 97 53
57 98 39
58 0 65
58 1 -59
58 2 -15
58 3 -26
58 4 47
58 5 -23
58 6 -87
58 7 46
58 8 -50
58 9 25
58 10 -13
58 11 53
58 12 85
58 13 -48
58 14 99
58 15 63
58 16 -50
58 17 48
58 18 -45
58 19 -60
58 20 23
58 21 -18
58 22 33
58 23 59
58 25 -25
58 26 83
58 27 -71
58 28 53
58 29 75
58 30 1
58 31 -2
58 32 60
58 33 -79
58 34 97
58 35 22
58 36 -25
58 37 -7
58 38 -16
58 39 -18
58 40 -4
58 41 47
58 42 78
58 43 1
58 45 -7
58 46 57
58 47 31
58 48 46
58 49 43
58 51 -38
58 52 31
58 53 -8
58 54 -43
58 55 -97
58 56 -37
58 57 40
58 58 3
58 59 70
58 60 -80
58 61 -43
58 62 -24
58 63 -12
58 64 91
58 65 -42
58 66 87
58 67 90
58 68 -80
58 69 17
58 70 63
58 71 12
58 72 -92
58 73 80
58 74 86
58 75 23
58 76 63
58 77 -35
58 78 -100
58 79 17
58 80 40
58 81 -2
58 82 -96
58 83 20
58 84 99
58 85 -1
58 86 97
58 88 44
58 89 -79
58 90 71
58 91 39
58 92 26
58 93 -21
58 94 -70
58 95 51
58 96 -72
58 97 -39
58 98 51
58 99 68
59 0 -31
59 1 -70
59 2 -93
59 3 -6
59 4 -3
59 5 -31
59 6 45
59 7 26
59 8 44
59 9 -94
59 10 45
59 11 78
59 12 100
59 14 -6
59 15 -41
59 16 19
59 17 19
59 18 61
59 19 -28
59 20 24
59 21 -82
59 22 -85
59 23 -73
59 24 -70
59 25 -26
59 26 -10
59 27 6
59 28 -14
59 29 -27
59 30 75
59 31 34
59 32 74
59 33 -83
59 34 -65
59 35 -56
59 36 15
59 37 6
59 38 -11
59 39 99
59 40 4
59 41 75
59 43 73
59 44 -8
59 45 -71
59 46 97
59 47 -86
59 48 -99
59 49 34
59 50 17
59 51 100
59 52 -31
59 53 7
59 54 8
59 55 84
59 56 -36
59 57 -49
59 58 61
59 60 89
59 61 -77
59 62 75
59 64 26
59 65 74
59 66 80
59 67 -2
59 69 79
59 70 55
59 71 -19
59 72 -37
59 73 -89
59 74 -71
59 75 -93
59 76 -63
59 77 -38
59 78 -92
59 79 63
59 80 66
59 81 23
59 82 57
59 83 -4
59 84 32
59 85 46
59 86 -20
59 87 53
59 88 15
59 89 57
59 90 43
59 91 14
59 92 71
59 93 38
59 94 -93
59 95 -90
59 96 -34
59 97 73
59 98 43
59 99 36
60 1 -88
60 2 -73
60 3 -18
60 4 -48
60 5 62
60 6 -5
60 7 37
60 10 64
60 11 -1
60 12 -66
60 13 75
60 14 2
60 16 56
60 17 -46
60 18 -14
60 19 13
60 20 16
60 21 -9
60 22 39
60 23 -35
60 24 -56
60 25 25
60 26 -30
60 27 67
60 28 60
60 29 14
60 30 70
60 31 -78
60 32 -91
60 33 -35
60 34 72
60 35 15
60 36 -33
60 37 -14
60 38 -76
60 39 2
60 40 67
60 41 47
60 42 -13
60 44 -68
60 45 -75
60 46 36
60 47 -49
60 48 53
60 49 49
60 50 -51
60 52 45
60 53 6
60 54 -60
60 55 -45
60 56 31
60 57 -75
60 58 84
60 59 -3
60 60 -62
60 61 85
60 62 33
60 63 -92
60 64 -41
60 65 50
60 66 -42
60 67 -9
60 68 94
60 69 84
60 70 97
60 72 -48
60 73 -31
60 74 95
60 75 34
60 76 7
60 77 -80
60 78 -71
60 79 17
60 80 -26
60 81 44
60 82 27
60 83 -51
60 85 1
60 86 -73
60 87 47
60 88 -27
60 89 63
60 90 98
60 91 63
60 92 53
60 93 68
60 94 20
60 95 35
60 96 -78
60 97 -15
60 98 -94
60 99 56
61 0 74
61 1 -70
61 2 -26
61 3 -81
61 4 -57
61 5 96
61 6 -8
61 7 61
61 8 77
61 9 -1
61 10 27
61 11 97
61 12 -82
61 13 -70
61 14 -31
61 15 78
61 16 -31
61 17 52
61 18 -34
61 19 -64
61 21 -18
61 22 -33
61 24 79
61 25 30
61 26 55
61 27 -17
61 28 -3
61 29 -75
61 30 85
61 32 47
61 33 62
61 34 11
61 35 39
61 36 -12
61 37 39
61 38 -58
61 39 -66
61 40 57
61 41 50
61 42 -80
61 43 31
61 44 39
61 45 -67
61 46 40
61 47 92
61 48 4
61 49 11
61 50 -88
61 51 71
61 52 23
61 53 25
61 54 -51
61 55 42
61 56 15
61 57 78
61 58 -83
61 59 -56
61 60 50
61 61 8
61 62 13
61 63 -53
61 65 -71
61 66 -63
61 67 27
61 69 -53
61 70 -85
61 71 -26
61 72 44
61 73 33
61 74 78
61 75 -52
61 76 14
61 77 -57
61 78 13
61 79 86
61 80 -77
61 81 50
61 82 -26
61 83 18
61 84 58
61 85 -41
61 87 57
61 88 -12
61 89 -94
61 90 46
61 91 -90
61 92 64
61 93 82
61 94 -7
61 95 -25
61 96 93
61 97 22
61 98 -75
61 99 26
62 0 -25
62 1 -1
62 2 68
62 3 59
62 4 -24
62 5 5
62 6 64
62 7 -14
62 8 25
62 9 56
62 10 84
62 11 62
62 12 -95
62 13 35
62 14 72
62 15 -1
62 16 10
62 17 -53
62 18 -57
62 19 89
62 20 -93
62 21 66
62 22 -21
62 23 97
62 24 30
62 25 1
62 26 59
62 27 35
62 28 -49
62 29 50
62 30 50
62 31 -12
62 32 76
62 33 70
62 34 -46
62 35 -7
62 36 -60
62 37 83
62 38 20
62 39 26
62 40 -33
62 41 34
62 42 -9
62 43 -40
62 44 -98
62 45 -80
62 46 100
62 47 -69
62 48 -42
62 49 60
62 50 30
62 51 76
62 52 -48
62 53 -77
62 54 -2
62 55 29
62 56 -7
62 57 16
62 58 26
62 59 98
62 60 64
62 61 -30
62 62 -30
62 63 40
62 64 5
62 65 -81
62 66 -66
62 68 65
62 69 -14
62 70 51
62 71 79
62 72 -42
62 73 93
62 74 -82
62 75 48
62 76 45
62 77 33
62 78 4
62 79 -46
62 80 34
62 81 22
62 82 -35
62 83 -79
62 84 -86
62 86 91
62 87 90
62 88 -10
62 91 -84
62 92 3
62 93 34
62 94 -7
62 95 72
62 96 87
62 97 -50
62 98 63
62 99 -74
63 0 3
63 1 84
63 2 -18
63 4 -15
63 5 98
63 6 -90
63 7 -100
63 8 14
63 9 -10
63 10 24
63 11 29
63 12 -7
63 13 32
63 14 -56
63 15 92
63 16 -59
63 17 -80
63 18 72
63 19 81
63 20 91
63 21 -10
63 22 57
63 23 -55
63 24 -37
63 25 -80
63 26 39
63 27 -79
63 28 -71
63 29 -73
63 30 40
63 31 80
63 32 -95
63 33 -78
63 35 60
63 36 -18
63 37 -78
63 38 71
63 39 49
63 40 87
63 41 100
63 42 -45
63 43 45
63 44 78
63 45 11
63 46 -53
63 47 -93
63 48 14
63 49 19
63 50 37
63 51 37
63 53 88
63 54 1
63 55 60
63 56 -57
63 57 74
63 58 100
63 59 11
63 60 7
63 62 61
63 63 98
63 64 -96
63 65 48
63 66 -11
63 67 -75
63 68 -59
63 69 -14
63 70 -80
63 71 -52
63 72 1
63 73 77
63 74 24
63 75 80
63 76 -34
63 77 -71
63 78 -86
63 79 -85
63 80 -86
63 81 -27
63 82 72
63 83 15
63 84 -80
63 85 -62
63 86 -3
63 87 90
63 88 -19
63 89 -90
63 90 65
63 91 -7
63 92 90
63 93 67
63 94 -52
63 95 33
63 96 -41
63 97 -29
63 98 -95
63 99 -36
64 0 -100
64 1 38
64 2 -53
64 3 23
64 4 67
64 5 -84
64 6 4
64 7 -67
64 8 -12
64 9 64
64 10 38
64 11 34
64 12 85
64 14 -17
64 15 84
64 16 -65
64 18 -37
64 19 14
64 20 -60
64 22 -74
64 23 -77
64 24 90
64 25 58
64 26 -24
64 27 51
64 28 -78
64 29 -79
64 30 -91
64 31 -62
64 32 52
64 33 31
64 34 5
64 35 91
64 36 75
64 37 -77
64 38 32
64 39 38
64 40 -25
64 41 -55
64 42 -48
64 43 -40
64 44 49
64 45 11
64 46 79
64 48 39
64 49 13
64 50 -6
64 51 15
64 52 -67
64 54 52
64 55 47
64 56 -70
64 57 -34
64 58 88
64 59 -40
64 60 -24
64 61 -46
64 62 45
64 64 -62
64 65 -66
64 66 -51
64 67 -77
64 68 58
64 69 59
64 70 84
64 71 -92
64 72 -15
64 73 63
64 74 10
64 75 -69
64 76 67
64 77 30
64 78 -100
64 79 -89
64 80 -2
64 81 10
64 82 35
64 83 71
64 84 -15
64 85 -93
64 86 -19
64 87 -11
64 88 -44
64 89 -46
64 90 -87
64 91 -71
64 92 -61
64 93 56
64 94 -4
64 95 22
64 96 37
64 97 -74
64 98 -2
64 99 -21
65 0 21
65 1 79
65 2 -60
65 3 -87
65 4 -3
65 5 -27
65 6 -44
65 7 12
65 8 33
65 10 85
65 11 -63
65 12 81
65 13 37
65 14 4
65 15 -56
65 16 -50
65 17 -39
65 18 -46
65 20 -40
65 21 52
65 22 -67
65 23 -38
65 24 35
65 25 -52
65 27 -40
65 28 58
65 29 -31
65 30 -55
65 31 92
65 32 93
65 33 -59
65 34 94
65 35 93
65 36 9
65 37 40
65 38 93
65 39 -29
65 40 67
65 41 -46
65 42 -6
65 43 -16
65 44 20
65 45 -18
65 46 -72
65 47 88
65 48 -89
65 49 23
65 50 -60
65 51 -24
65 52 60
65 53 -100
65 54 92
65 55 38
65 56 77
65 57 -50
65 58 -24
65 59 -30
65 60 -22
65 61 -23
65 62 45
65 63 98
65 64 -94
65 65 -11
65 66 82
65 67 -32
65 69 95
65 70 28
65 71 100
65 72 -59
65 73 83
65 74 -79
65 75 -8
65 76 -85
65 78 -99
65 79 -9
65 80 51
65 81 88
65 82 -84
65 83 -15
65 84 78
65 85 53
65 86 50
65 87 -100
65 88 95
65 89 81
65 90 -75
65 91 -60
65 92 -90
65 93 12
65 94 -81
65 95 76
65 96 29
65 97 -13
65 98 20
65 99 -86
66 0 55
66 1 -15
66 2 66
66 4 20
66 5 -99
66 6 -39
66 7 -77
66 8 -76
66 9 89
66 10 -2
66 11 -46
66 12 -68
66 13 -56
66 14 82
66 15 -32
66 16 92
66 17 59
66 18 52
66 19 -2
66 20 52
66 21 -18
66 23 -82
66 24 71
66 25 -63
66 26 78
66 27 64
66 28 -99
66 29 53
66 30 17
66 31 -59
66 32 -72
66 34 45
66 35 -99
66 36 2
66 37 -2
66 38 -99
66 39 -48
66 40 -14
66 41 -4
66 42 57
66 43 61
66 44 -94
66 45 10
66 46 1
66 47 89
66 48 32
66 49 85
66 50 -66
66 51 -83
66 52 -57
66 53 67
66 54 100
66 55 25
66 56 3
66 57 69
66 58 6
66 59 -71
66 60 5
66 61 72
66 62 -86
66 63 32
66 64 -42
66 65 -50
66 66 38
66 67 -80
66 68 -33
66 69 14
66 70 -6
66 71 99
66 72 1
66 73 19
66 74 96
66 75 -53
66 77 -13
66 79 -64
66 80 -25
66 81 -1
66 82 43
66 83 2
66 84 -30
66 85 -16
66 86 -59
66 87 28
66 88 79
66 89 35
66 90 47
66 91 -58
66 92 -15
66 93 -76
66 94 -24
66 95 89
66 96 -17
66 98 15
67 0 -93
67 1 100
67 2 3
67 3 5
67 4 43
67 5 -24
67 6 -23
67 7 -72
67 8 -18
67 9 59
67 10 -53
67 11 -66
67 12 100
67 13 22
67 14 -99
67 15 37
67 16 -45
67 17 -75
67 18 92
67 19 54
67 20 -97
67 21 28
67 22 85
67 23 -88
67 24 -85
67 26 -63
67 27 83
67 28 -49
67 29 -42
67 30 -57
67 31 25
67 32 9
67 33 -46
67 34 -39
67 35 -60
67 36 -20
67 37 59
67 38 -7
67 39 96
67 40 72
67 41 18
67 42 59
67 44 96
67 45 -58
67 46 -5
67 47 20
67 48 16
67 49 89
67 50 40
67 51 -96
67 52 -53
67 53 -2
67 54 82
67 56 -14
67 57 97
67 58 -1
67 59 -83
67 60 -38
67 61 12
67 62 -44
67 63 43
67 64 79
67 65 -25
67 66 62
67 67 100
67 68 17
67 69 39
67 70 -89
67 71 65
67 72 29
67 73 -68
67 74 -13
67 75 -52
67 76 -48
67 77 -34
67 78 1
67 79 -17
67 80 -16
67 81 95
67 83 50
67 84 -92
67 85 92
67 86 43
67 87 -31
67 88 8
67 89 53
67 90 -20
67 91 -29
67 92 -61
67 93 37
67 94 72
67 95 -74
67 96 -34
67 97 -18
67 98 100
67 99 -31
68 0 80
68 1 -54
68 2 -57
68 3 -59
68 4 56
68 6 6
68 7 -50
68 8 47
68 9 49
68 10 -54
68 12 -88
68 13 -34
68 14 -68
68 15 92
68 16 -57
68 17 -35
68 18 -39
68 19 41
68 20 -19
68 21 -58
68 22 78
68 23 55
68 24 42
68 25 -67
68 26 34
68 27 -40
68 28 -30
68 29 -92
68 30 -44
68 31 -3
68 32 -3
68 34 38
68 35 -3
68 36 -36
68 37 83
68 38 37
68 39 -50
68 40 -18
68 41 -99
68 42 9
68 43 -21
68 44 59
68 45 -25
68 46 91
68 47 73
68 48 -70
68 49 -79
68 51 -48
68 52 -24
68 53 90
68 54 -82
68 55 -10
68 56 -52
68 57 90
68 58 -60
68 59 -26
68 60 -36
68 61 -49
68 62 -20
68 63 34
68 64 -13
68 65 77
68 66 -19
68 67 53
68 68 26
68 69 30
68 70 -65
68 71 -53
68 72 -70
68 73 -5
68 74 43
68 75 -27
68 76 -7
68 77 -89
68 78 73
68 79 -39
68 80 84
68 81 76
68 82 92
68 83 77
68 84 -56
68 85 58
68 86 -48
68 88 -14
68 89 -85
68 90 -88
68 91 -36
68 92 44
68 93 -90
68 94 -34
68 95 -27
68 96 39
68 97 -95
68 98 25
68 99 -89
69 0 -18
69 1 -32
69 2 61
69 3 -96
69 4 -48
69 5 -93
69 6 -58
69 7 -100
69 8 -99
69 9 27
69 10 -7
69 11 18
69 12 -22
69 13 -98
69 14 -11
69 15 8
69 16 32
69 17 81
69 18 -36
69 19 73
69 20 84
69 21 89
69 22 -11
69 23 78
69 24 -88
69 25 -8
69 26 -34
69 27 -39
69 28 -68
69 29 -61
69 30 -86
69 31 -92
69 33 87
69 34 -16
69 35 13
69 36 48
69 37 53
69 38 11
69 39 -8
69 40 9
69 42 63
69 43 63
69 44 -7
69 45 18
69 46 65
69 47 -81
69 48 -2
69 50 -95
69 51 -98
69 52 -93
69 53 -7
69 54 -49
69 55 -63
69 56 -100
69 57 -82
69 58 95
69 59 65
69 60 -81
69 61 -59
69 62 96
69 63 47
69 64 35
69 65 -44
69 66 44
69 67 -59
69 68 -95
69 69 19
69 70 62
69 71 -3
69 72 18
69 73 -60
69 74 19
69 75 28
69 76 -99
69 77 -7
69 78 -50
69 79 87
69 80 79
69 81 43
69 82 1
69 83 -31
69 84 65
69 85 -60
69 86 92
69 87 16
69 88 89
69 89 35
69 90 -15
69 91 -38
69 92 95
69 93 9
69 95 -66
69 96 61
69 97 -6
69 98 89
69 99 -55
70 0 24
70 1 50
70 2 95
70 4 -4
70 5 -60
70 7 -88
70 8 77
70 9 -61
70 10 -27
70 11 -41
70 12 -26
70 13 -8
70 14 59
70 15 -81
70 16 71
70 17 -22
70 18 -87
70 20 55
70 21 85
70 22 81
70 23 62
70 24 18
70 26 -31
70 27 -8
70 28 59
70 29 40
70 30 -59
70 31 21
70 32 -67
70 33 -51
70 34 -49
70 35 -32
70 36 -79
70 37 39
70 38 -42
70 39 -65
70 40 -7
70 42 25
70 43 24
70 45 9
70 46 -38
70 48 -15
70 49 -61
70 50 5
70 51 36
70 52 9
70 53 53
70 54 -74
70 56 -27
70 57 57
70 58 22
70 59 83
70 60 19
70 61 -72
70 62 -46
70 63 -23
70 64 47
70 65 -19
70 66 25
70 68 33
70 69 -24
70 70 -91
70 71 -54
70 72 57
70 73 -86
70 74 77
70 75 53
70 76 100
70 77 90
70 78 -9
70 79 61
70 80 -23
70 82 13
70 83 80
70 84 65
70 85 -96
70 86 -20
70 87 -39
70 88 25
70 89 -72
70 90 74
70 91 -72
70 93 -44
70 94 -17
70 95 81
70 96 -39
70 97 -35
70 98 -97
70 99 6
71 0 74
71 1 3
71 2 -35
71 3 -53
71 5 5
71 6 -45
71 7 -91
71 8 3
71 9 -15
71 10 12
71 11 11
71 12 -77
71 13 60
71 14 -1
71 15 -90
71 16 79
71 17 -84
71 18 -32
71 19 -12
71 20 85
71 22 -95
71 23 39
71 24 63
71 25 -61
71 27 4
71 28 -99
71 29 72
71 31 -35
71 32 -37
71 33 -23
71 34 -2
71 35 17
71 36 6
71 37 -86
71 38 44
71 39 -91
71 40 33
71 41 -6
71 42 -71
71 43 30
71 44 78
71 45 26
71 46 -51
71 47 -100
71 48 98
71 49 -63
71 50 -12
71 51 -18
71 52 -85
71 53 99
71 54 45
71 55 -12
71 56 -77
71 57 91
71 58 32
71 59 -59
71 60 82
71 61 -57
71 62 -49
71 63 -74
71 64 -17
71 65 -29
71 66 59
71 67 18
71 68 92
71 69 -45
71 70 75
71 71 80
71 72 69
71 73 -59
71 74 74
71 75 -55
71 76 -36
71 77 -67
71 78 -75
71 79 45
71 80 28
71 81 11
71 82 31
71 83 -72
71 84 -44
71 85 59
71 86 67
71 88 34
71 89 57
71 90 91
71 91 -44
71 92 74
71 93 -6
71 94 -79
71 95 77
71 96 -21
71 97 62
71 98 43
71 99 58
72 0 -42
72 1 -84
72 2 -56
72 3 -15
72 4 28
72 5 -23
72 6 84
72 7 79
72 8 37
72 9 59
72 10 -96
72 11 -97
72 12 66
72 13 15
72 14 83
72 15 27
72 16 -68
72 17 -18
72 18 -49
72 19 24
72 20 21
72 21 83
72 22 12
72 23 34
72 24 -14
72 25 13
72 26 26
72 27 21
72 28 56
72 29 6
72 30 -31
72 31 -51
72 32 21
72 33 67
72 34 -45
72 35 -51
72 36 -30
72 37 -7
72 38 -20
72 39 -1
72 40 -28
72 41 -42
72 42 -97
72 43 -7
72 44 60
72 45 -65
72 46 -48
72 47 100
72 48 75
72 49 -46
72 50 -81
72 51 81
72 52 43
72 53 -24
72 54 -73
72 55 -8
72 56 6
72 57 4
72 58 59
72 60 -7
72 62 23
72 63 44
72 64 -5
72 65 77
72 66 -9
72 67 -90
72 68 86
72 69 -5
72 70 -88
72 71 16
72 72 -23
72 73 75
72 74 10
72 75 -76
72 76 -67
72 77 -82
72 80 84
72 81 31
72 82 72
72 83 22
72 84 -80
72 85 -2
72 86 -72
72 87 41
72 88 -62
72 89 68
72 90 -52
72 91 -51
72 92 67
72 93 14
72 94 -54
72 95 48
72 96 -65
72 97 -49
72 98 -5
72 99 2
73 0 34
73 1 4
73 2 25
73 3 42
73 4 52
73 5 2
73 6 18
73 7 -27
73 8 -15
73 9 -52
73 10 86
73 11 77
73 12 47
73 13 92
73 14 -75
73 16 -21
73 17 47
73 18 -69
73 19 44
73 20 61
73 21 -99
73 22 -32
73 23 -93
73 24 65
73 25 95
73 26 -71
73 27 -11
73 28 45
73 29 29
73 30 26
73 31 16
73 32 75
73 33 -19
73 34 88
73 35 -10
73 36 44
73 37 12
73 38 85
73 39 -84
73 40 15
73 41 -39
73 42 -1
73 43 32
73 44 -11
73 45 -48
73 46 -11
73 47 60
73 48 91
73 50 -25
73 51 -83
73 52 -74
73 53 -28
73 54 -1
73 55 -3
73 56 -52
73 57 80
73 58 3
73 59 40
73 60 -4
73 61 11
73 62 -16
73 63 -10
73 64 -63
73 65 -23
73 66 -38
73 67 64
73 68 -11
73 69 41
73 70 77
73 71 -50
73 72 -59
73 73 77
73 74 -78
73 75 -30
73 76 40
73 77 -81
73 78 77
73 80 41
73 81 -56
73 82 78
73 83 -8
73 84 -17
73 85 -95
73 86 59
73 87 -64
73 88 -39
73 89 -7
73 90 80
73 91 -26
73 92 19
73 93 37
73 94 80
73 95 17
73 96 14
73 97 24
73 98 -32
73 99 45
74 0 -51
74 1 -93
74 2 -42
74 3 82
74 4 -33
74 5 21
74 6 -75
74 7 -3
74 8 31
74 9 37
74 10 70
74 11 7
74 12 -67
74 13 -64
74 14 -100
74 15 -92
74 16 86
74 17 -19
74 18 33
74 19 84
74 20 -32
74 21 72
74 22 55
74 23 92
74 24 -72
74 25 -84
74 26 -17
74 27 -27
74 28 86
74 29 -29
74 30 -26
74 31 -99
74 32 74
74 34 -100
74 35 9
74 36 -23
74 37 -75
74 38 -30
74 39 -91
74 41 -59
74 42 -52
74 43 83
74 44 52
74 45 -31
74 46 -28
74 48 90
74 49 -2
74 50 -29
74 51 14
74 52 -37
74 53 98
74 54 23
74 55 70
74 56 97
74 57 77
74 58 -8
74 59 -6
74 60 -81
74 61 -98
74 62 72
74 63 10
74 64 63
74 65 99
74 66 -95
74 67 -19
74 68 -59
74 69 52
74 70 18
74 71 -95
74 72 52
74 73 -23
74 74 69
74 75 -4
74 76 64
74 77 -90
74 78 37
74 79 -13
74 80 -36
74 81 -69
74 82 -78
74 83 40
74 84 -29
74 85 17
74 86 -46
74 87 -74
74 88 -66
74 89 -99
74 91 46
74 92 -70
74 93 -94
74 94 -64
74 95 -73
74 96 10
74 97 89
74 98 -36
74 99 -91
75 0 -69
75 1 -32
75 2 -61
75 3 -23
75 4 -65
75 5 -27
75 6 -11
75 7 -75
75 8 -11
75 9 -9
75 10 83
75 11 -47
75 12 -59
75 13 -100
75 14 42
75 15 47
75 16 65
75 17 -27
75 18 -70
75 19 -85
75 21 80
75 22 -10
75 23 -40
75 24 9
75 25 -99
75 26 -38
75 27 -10
75 28 -56
75 29 6
75 30 -80
75 31 39
75 32 -2
75 33 52
75 34 -52
75 35 -66
75 36 -40
75 37 -14
75 39 -78
75 40 -56
75 41 100
75 42 92
75 43 58
75 44 -96
75 45 41
75 46 -3
75 47 15
75 48 75
75 49 -78
75 50 -75
75 51 13
75 52 39
75 53 -12
75 54 -99
75 55 55
75 56 85
75 57 87
75 59 6
75 60 -55
75 61 -56
75 62 -91
75 63 7
75 64 -62
75 65 -48
75 66 84
75 67 67
75 68 -84
75 69 100
75 70 -2
75 71 96
75 72 -20
75 73 84
75 74 80
75 75 75
75 76 -4
75 77 -14
75 78 -31
75 79 47
75 80 -48
75 81 -66
75 82 92
75 83 94
75 84 -55
75 85 27
75 86 -57
75 87 17
75 88 -2
75 89 -25
75 90 77
75 91 59
75 92 61
75 93 -94
75 94 6
75 95 -94
75 96 -19
75 97 77
75 98 18
75 99 -18
76 0 -76
76 1 -24
76 2 -7
76 3 -38
76 4 76
76 5 67
76 6 -41
76 7 84
76 8 94
76 9 47
76 10 -53
76 11 -37
76 12 92
76 13 13
76 14 -56
76 15 91
76 16 -19
76 17 44
76 19 -25
76 20 84
76 22 43
76 23 34
76 24 54
76 25 81
76 26 -36
76 27 -40
76 28 -46
76 30 -29
76 31 -57
76 32 -61
76 33 16
76 34 90
76 35 -25
76 36 51
76 37 -38
76 38 34
76 39 45
76 40 -12
76 42 45
76 43 25
76 44 -44
76 45 -66
76 46 19
76 47 -23
76 48 25
76 50 54
76 51 69
76 52 -2
76 53 -2
76 54 13
76 55 87
76 56 6
76 57 -77
76 58 -94
76 59 6
76 60 -23
76 61 47
76 62 -72
76 63 71
76 64 39
76 65 80
76 66 -28
76 67 -5
76 68 -70
76 69 -94
76 70 88
76 71 31
76 72 -10
76 73 96
76 74 -30
76 75 -29
76 76 70
76 77 26
76 78 -44
76 79 84
76 80 -15
76 81 75
76 82 -8
76 83 -58
76 84 59
76 85 50
76 86 2
76 87 47
76 89 -24
76 90 -55
76 91 -61
76 92 -71
76 93 15
76 94 2
76 95 17
76 96 -84
76 97 -65
76 98 -36
76 99 -3
77 0 64
77 1 68
77 2 87
77 3 -34
77 4 -38
77 5 -27
77 6 13
77 7 -67
77 8 -47
77 9 43
77 10 -8
77 11 98
77 12 -47
77 13 -55
77 14 1
77 15 47
77 16 -82
77 17 66
77 18 -65
77 19 -78
77 20 80
77 21 18
77 22 -76
77 23 45
77 24 -43
77 26 -30
77 27 17
77 28 -80
77 29 25
77 30 -100
77 31 -1
77 32 -19
77 33 -26
77 34 -45
77 35 -61
77 36 -5
77 37 -48
77 38 -68
77 39 -65
77 40 -86
77 41 -90
77 42 91
77 43 57
77 44 80
77 45 -57
77 46 -48
77 48 69
77 49 46
77 50 47
77 51 32
77 52 74
77 53 53
77 54 24
77 55 -54
77 56 72
77 57 -62
77 58 -87
77 59 1
77 60 -36
77 61 43
77 62 2
77 64 66
77 65 -84
77 66 90
77 67 95
77 69 -81
77 70 55
77 71 92
77 72 -81
77 73 -29
77 74 -82
77 75 78
77 76 -66
77 77 -93
77 78 -35
77 79 42
77 81 85
77 82 38
77 83 -78
77 84 71
77 88 -44
77 89 -55
77 90 -32
77 91 33
77 92 -29
77 93 72
77 94 8
77 95 -23
77 96 -16
77 97 -10
77 98 -39
78 0 27
78 1 -48
78 2 64
78 3 5
78 4 -72
78 5 -52
78 6 -48
78 7 -76
78 8 -48
78 9 -77
78 10 -72
78 11 -57
78 12 14
78 13 -19
78 14 4
78 15 -98
78 16 -36
78 17 36
78 18 -37
78 19 80
78 20 38
78 21 43
78 22 11
78 23 81
78 24 87
78 25 -53
78 26 51
78 27 -91
78 28 -13
78 30 45
78 31 54
78 32 -8
78 33 29
78 34 -14
78 35 -72
78 36 -65
78 37 73
78 38 -55
78 39 88
78 40 20
78 41 35
78 42 60
78 43 -96
78 44 -81
78 45 -47
78 46 88
78 47 -27
78 48 30
78 49 67
78 50 -72
78 51 35
78 52 98
78 53 -36
78 54 16
78 55 -37
78 56 -23
78 57 -14
78 58 71
78 59 35
78 60 70
78 61 70
78 62 86
78 63 -71
78 64 -59
78 65 -22
78 66 -99
78 67 17
78 68 -9
78 69 5
78 70 -61
78 71 -17
78 72 97
78 73 99
78 74 -15
78 76 99
78 77 -73
78 78 88
78 79 84
78 80 68
78 81 -23
78 82 10
78 83 -24
78 84 -2
78 85 92
78 86 -92
78 87 75
78 88 -43
78 89 41
78 90 57
78 91 1
78 92 -26
78 93 -5
78 94 -87
78 95 38
78 96 39
78 97 -12
78 98 -57
78 99 18
79 1 11
79 2 94
79 3 -63
79 4 -3
79 5 -51
79 6 35
79 7 -94
79 8 -73
79 9 20
79 10 65
79 11 23
79 12 30
79 13 9
79 14 -67
79 15 -74
79 16 -54
79 17 88
79 18 -56
79 20 -3
79 21 32
79 22 62
79 23 49
79 24 54
79 25 42
79 26 -31
79 27 84
79 28 25
79 29 -67
79 30 51
79 31 15
79 32 69
79 33 -73
79 34 -98
79 35 -52
79 36 39
79 37 -37
79 38 -66
79 39 -67
79 40 79
79 41 25
79 42 -90
79 43 -50
79 44 71
79 45 -74
79 46 -80
79 47 -96
79 48 -81
79 49 -87
79 50 -41
79 51 55
79 52 -97
79 53 19
79 54 -39
79 55 -94
79 56 19
79 57 -55
79 58 85
79 59 -77
79 60 26
79 61 -82
79 62 -99
79 63 -81
79 64 -91
79 65 94
79 66 -15
79 68 -33
79 69 -38
79 70 -31
79 71 -57
79 72 100
79 73 -71
79 74 58
79 75 -16
79 76 -97
79 77 -16
79 78 -23
79 79 -62
79 80 -27
79 81 73
79 82 -37
79 83 98
79 84 -38
79 85 -51
79 86 95
79 87 21
79 88 -31
79 89 28
79 90 -59
79 91 88
79 92 -39
79 93 46
79 94 46
79 95 36
79 96 18
79 97 3
79 98 64
79 99 23
80 0 99
80 1 77
80 3 -8
80 4 75
80 5 97
80 7 -32
80 8 -77
80 9 -76
80 10 74
80 11 -51
80 12 43
80 13 78
80 14 -52
80 15 78
80 16 29
80 18 44
80 19 53
80 20 83
80 21 -8
80 22 100
80 23 -67
80 24 44
80 25 37
80 26 82
80 27 -19
80 28 72
80 29 94
80 30 -33
80 31 -15
80 32 -68
80 33 -96
80 34 -100
80 35 -32
80 36 -56
80 37 -12
80 38 -1
80 39 -44
80 40 -41
80 41 52
80 43 -87
80 44 50
80 45 28
80 46 49
80 47 85
80 48 58
80 49 -47
80 50 47
80 51 -56
80 52 -65
80 53 -60
80 54 70
80 55 -22
80 56 -65
80 57 -76
80 58 49
80 59 41
80 60 40
80 61 -36
80 62 -17
80 63 -5
80 64 -61
80 65 35
80 66 89
80 67 89
80 68 65
80 69 81
80 70 -80
80 71 -51
80 72 -87
80 73 -93
80 74 -63
80 75 91
80 76 31
80 77 -21
80 78 63
80 79 96
80 80 -87
80 81 78
80 82 -27
80 83 75
80 84 -5
80 85 -22
80 86 30
80 87 -29
80 89 -1
80 90 -64
80 91 50
80 92 91
80 94 39
80 95 20
80 96 9
80 97 21
80 99 50
81 0 91
81 1 -53
81 2 -24
81 3 2
81 5 41
81 6 -43
81 7 70
81 8 67
81 9 -80
81 10 -72
81 12 -36
81 13 -100
81 14 -52
81 15 -5
81 16 58
81 17 -55
81 18 74
81 19 -11
81 20 -69
81 21 -24
81 22 -62
81 23 -83
81 24 68
81 25 96
81 27 20
81 28 -83
81 29 -85
81 30 59
81 31 -90
81 32 54
81 33 99
81 34 -48
81 35 61
81 36 -89
81 37 -95
81 38 -2
81 39 -76
81 40 48
81 41 -3
81 42 23
81 43 -43
81 44 18
81 45 -90
81 46 69
81 49 -23
81 50 -20
81 51 -40
81 52 46
81 53 -21
81 54 -73
81 55 96
81 56 38
81 57 -90
81 58 93
81 59 -29
81 61 49
81 62 -96
81 63 -78
81 64 -30
81 65 50
81 66 49
81 67 28
81 68 71
81 70 65
81 71 -25
81 72 -79
81 73 -41
81 75 37
81 76 85
81 78 21
81 79 45
81 80 43
81 82 9
81 83 93
81 84 19
81 85 73
81 86 -70
81 87 90
81 88 72
81 89 87
81 90 -59
81 91 -53
81 92 -21
81 93 20
81 94 90
81 95 -7
81 96 -97
81 97 67
81 98 73
81 99 10
82 0 78
82 1 -15
82 2 -72
82 4 34
82 5 95
82 6 -52
82 8 44
82 9 76
82 10 15
82 11 -73
82 12 -53
82 13 55
82 14 6
82 15 -55
82 16 -91
82 17 -83
82 18 22
82 19 -85
82 20 73
82 21 -79
82 22 77
82 23 -53
82 24 40
82 25 42
82 26 -80
82 27 7
82 28 -39
82 29 46
82 30 -10
82 32 -10
82 33 74
82 34 76
82 35 43
82 36 -43
82 37 74
82 38 -30
82 39 40
82 40 -92
82 41 50
82 42 -32
82 44 22
82 45 -92
82 46 75
82 47 -96
82 48 -87
82 49 54
82 50 74
82 51 89
82 52 -16
82 53 -85
82 54 54
82 56 -64
82 57 72
82 58 28
82 59 2
82 60 95
82 61 46
82 62 -2
82 63 -26
82 64 -66
82 65 27
82 66 89
82 67 61
82 68 -87
82 69 61
82 70 -6
82 71 -27
82 72 80
82 73 -3
82 74 9
82 75 -84
82 76 77
82 77 8
82 78 76
82 79 -36
82 80 -33
82 81 -44
82 82 -42
82 83 -39
82 85 -19
82 86 28
82 87 42
82 88 56
82 89 52
82 90 -58
82 91 29
82 92 -86
82 93 -35
82 94 -43
82 95 -12
82 96 46
82 97 38
82 98 41
82 99 -66
83 0 -92
83 1 -94
83 2 55
83 3 -41
83 4 -29
83 5 42
83 6 47
83 7 -82
83 8 -34
83 9 18
83 10 -88
83 11 -45
83 12 53
83 13 -88
83 14 44
83 15 -63
83 16 98
83 17 98
83 18 -81
83 20 10
83 21 -81
83 22 -39
83 23 26
83 24 86
83 25 -43
83 26 28
83 27 -85
83 28 -22
83 29 -33
83 30 -20
83 31 -88
83 32 40
83 33 -79
83 34 28
83 35 -9
83 36 69
83 37 -50
83 38 -55
83 39 72
83 40 -50
83 41 -74
83 42 -9
83 43 93
83 44 -20
83 45 91
83 46 6
83 47 -10
83 48 77
83 49 -87
83 50 45
83 51 63
83 52 -92
83 53 74
83 54 -80
83 55 93
83 56 68
83 57 15
83 58 19
83 60 -73
83 61 -44
83 62 -14
83 63 72
83 65 -76
83 67 -12
83 68 79
83 69 -48
83 70 -41
83 71 64
83 72 -94
83 73 28
83 74 89
83 76 96
83 78 52
83 79 -6
83 80 -99
83 81 3
83 82 17
83 83 67
83 84 76
83 85 -69
83 86 -88
83 87 -22
83 88 48
83 89 -32
83 90 77
83 91 21
83 92 22
83 93 91
83 94 -53
83 95 56
83 96 21
83 97 60
83 98 99
83 99 -60
84 0 29
84 1 84
84 2 75
84 3 -65
84 4 6
84 5 42
84 6 15
84 7 -14
84 8 -52
84 9 33
84 10 71
84 11 -92
84 13 31
84 14 86
84 15 95
84 16 7
84 17 -3
84 18 16
84 19 26
84 20 4
84 22 -29
84 23 -21
84 24 72
84 25 97
84 26 75
84 27 -87
84 28 -49
84 29 95
84 30 99
84 31 -90
84 32 6
84 33 -50
84 34 77
84 35 -52
84 36 -63
84 37 8
84 38 -51
84 40 50
84 41 -45
84 42 1
84 43 -1
84 44 -41
84 45 -22
84 46 -73
84 47 33
84 48 -24
84 49 -98
84 50 32
84 51 -54
84 52 -75
84 53 2
84 54 -84
84 56 -39
84 57 -63
84 58 14
84 60 55
84 61 23
84 62 -2
84 63 -24
84 64 -57
84 65 -29
84 66 -35
84 67 -72
84 68 -79
84 69 -31
84 70 -69
84 71 -27
84 72 -93
84 73 72
84 74 -12
84 75 -7
84 76 54
84 77 57
84 78 -46
84 79 -84
84 80 -10
84 81 84
84 82 30
84 83 -32
84 84 -93
84 85 36
84 86 59
84 87 -92
84 88 -3
84 89 92
84 90 81
84 91 -27
84 92 53
84 93 -49
84 94 93
84 96 33
84 98 66
84 99 29
85 0 72
85 1 55
85 2 40
85 3 -85
85 4 -98
85 5 69
85 6 -92
85 7 -5
85 8 84
85 10 -6
85 12 49
85 13 29
85 14 15
85 15 93
85 16 39
85 17 -13
85 19 70
85 20 -96
85 21 75
85 22 41
85 23 -54
85 24 -4
85 25 75
85 26 74
85 27 -2
85 29 -5
85 30 57
85 31 -100
85 32 -83
85 33 -82
85 34 -8
85 35 46
85 36 29
85 37 13
85 38 63
85 39 34
85 40 -93
85 41 78
85 42 49
85 43 79
85 44 -91
85 45 91
85 46 -37
85 47 62
85 48 -72
85 49 73
85 50 -42
85 51 41
85 52 -44
85 53 20
85 55 -11
85 56 -22
85 57 91
85 58 -37
85 60 59
85 61 33
85 62 38
85 63 -29
85 64 -57
85 65 84
85 66 59
85 67 -68
85 68 79
85 69 51
85 70 -65
85 71 70
85 72 -96
85 73 -18
85 74 67
85 75 -91
85 76 -46
85 77 -67
85 78 71
85 79 92
85 80 -83
85 81 -94
85 82 42
85 83 86
85 84 86
85 85 -33
85 86 44
85 87 97
85 88 32
85 89 -53
85 90 -38
85 91 -76
85 92 44
85 93 66
85 94 -49
85 95 -16
85 96 -91
85 97 -70
85 98 11
85 99 79
86 1 28
86 2 -1
86 3 80
86 4 -50
86 5 -3
86 6 31
86 7 -60
86 8 -11
86 9 22
86 10 46
86 11 -50
86 13 50
86 14 69
86 15 3
86 16 17
86 17 -80
86 18 -55
86 19 -38
86 20 95
86 21 31
86 22 87
86 23 75
86 24 71
86 25 -82
86 26 12
86 27 100
86 28 -40
86 29 23
86 30 15
86 31 11
86 32 -70
86 33 -85
86 34 98
86 35 -44
86 36 46
86 37 -61
86 38 3
86 39 100
86 40 26
86 41 -59
86 42 -37
86 43 -32
86 44 -68
86 45 -2
86 46 92
86 47 -24
86 48 -95
86 49 8
86 50 82
86 51 -75
86 52 -55
86 53 -43
86 54 -3
86 55 7
86 56 72
86 57 25
86 58 1
86 59 -92
86 60 42
86 61 54
86 62 27
86 63 -65
86 64 20
86 65 -70
86 66 -50
86 67 -26
86 68 -88
86 69 40
86 71 81
86 72 56
86 73 -97
86 75 30
86 77 9
86 78 -60
86 79 -86
86 80 23
86 81 -37
86 82 66
86 83 -81
86 84 28
86 85 94
86 86 74
86 87 -17
86 88 -65
86 89 -45
86 90 3
86 91 33
86 92 -28
86 93 -30
86 94 9
86 95 -77
86 96 -5
86 97 10
86 98 -29
86 99 19
87 0 -43
87 1 -6
87 2 -8
87 3 46
87 4 -31
87 5 -17
87 6 34
87 7 -89
87 8 89
87 9 92
87 10 5
87 11 -23
87 12 81
87 13 65
87 14 -13
87 15 20
87 16 18
87 17 -44
87 18 95
87 19 55
87 20 46
87 22 13
87 23 -97
87 24 76
87 26 -31
87 27 62
87 28 43
87 29 65
87 30 -74
87 31 39
87 32 -63
87 33 21
87 34 -97
87 35 42
87 36 -6
87 37 91
87 38 72
87 39 41
87 40 -48
87 41 91
87 42 -27
87 43 7
87 44 41
87 45 22
87 46 -84
87 47 93
87 48 -98
87 49 -37
87 50 -23
87 51 -97
87 52 -81
87 53 -20
87 54 -96
87 55 -23
87 57 78
87 58 -51
87 59 94
87 60 -82
87 61 84
87 62 -21
87 63 65
87 64 -10
87 66 90
87 67 1
87 68 88
87 69 -89
87 70 60
87 71 19
87 72 -67
87 73 93
87 74 90
87 75 100
87 76 26
87 77 -34
87 79 -68
87 80 91
87 81 -27
87 82 -48
87 83 38
87 84 -6
87 85 89
87 86 7
87 87 -28
87 88 82
87 89 91
87 90 -51
87 91 37
87 92 86
87 93 -71
87 94 -9
87 95 13
87 96 -95
87 97 -20
87 98 -14
87 99 46
88 0 -74
88 1 45
88 2 -39
88 3 -2
88 4 -29
88 5 -52
88 6 -100
88 7 39
88 8 89
88 9 -3
88 10 93
88 11 -94
88 12 -46
88 13 -83
88 14 47
88 15 28
88 16 -86
88 17 69
88 18 80
88 19 25
88 22 -59
88 23 -20
88 24 -77
88 25 -15
88 26 -21
88 28 57
88 29 89
88 30 37
88 31 2
88 32 -100
88 33 -85
88 35 96
88 36 13
88 37 -64
88 38 70
88 39 -27
88 40 -89
88 41 81
88 42 41
88 43 -28
88 44 -65
88 45 61
88 46 63
88 47 22
88 48 -11
88 49 -80
88 50 -96
88 51 65
88 52 -99
88 53 44
88 55 -84
88 56 4
88 57 39
88 58 90
88 59 34
88 60 9
88 61 41
88 62 -73
88 63 60
88 64 -40
88 65 -59
88 66 8
88 67 -22
88 68 -77
88 69 -64
88 70 -13
88 71 -72
88 72 4
88 73 -79
88 74 -55
88 75 65
88 76 -90
88 77 11
88 78 -21
88 79 82
88 80 -15
88 81 -2
88 82 -96
88 83 50
88 84 -61
88 85 -53
88 86 56
88 87 -27
88 88 -2
88 89 -4
88 90 -2
88 91 66
88 92 -34
88 93 -86
88 94 9
88 95 -29
88 96 -82
88 97 -96
88 98 52
88 99 -39
89 0 -83
89 1 28
89 2 -56
89 3 -50
89 4 -94
89 5 17
89 6 5
89 7 -68
89 8 57
89 9 -69
89 10 -75
89 11 -32
89 12 -76
89 13 87
89 14 1
89 15 69
89 16 38
89 17 73
89 18 23
89 19 75
89 20 -82
89 21 -32
89 22 -20
89 23 -4
89 24 15
89 25 95
89 26 32
89 27 26
89 29 89
89 30 -60
89 31 28
89 32 37
89 33 -34
89 34 -41
89 35 98
89 36 -49
89 37 95
89 38 23
89 40 75
89 41 84
89 42 31
89 43 -44
89 45 85
89 46 30
89 48 -78
89 50 53
89 51 -71
89 52 -48
89 53 37
89 54 -79
89 55 -34
89 56 50
89 57 -82
89 58 -88
89 59 -74
89 60 -44
89 61 -70
89 62 -48
89 63 -96
89 65 -38
89 66 13
89 68 -38
89 69 20
89 70 -42
89 71 12
89 72 78
89 73 -88
89 74 50
89 75 -91
89 77 85
89 78 91
89 79 -25
89 80 100
89 81 28
89 82 -51
89 83 -83
89 84 99
89 85 -41
89 86 99
89 87 100
89 88 50
89 89 -99
89 90 -41
89 91 82
89 92 80
89 93 -39
89 94 59
89 95 63
89 96 -97
89 97 -56
89 98 -70
89 99 33
90 1 62
90 2 -52
90 3 98
90 4 37
90 5 -72
90 6 -83
90 7 83
90 8 -19
90 9 99
90 10 75
90 11 -91
90 12 68
90 13 -14
90 14 96
90 15 -23
90 16 99
90 17 -61
90 18 -28
90 19 -18
90 20 36
90 21 -13
90 22 -84
90 23 -53
90 24 -27
90 25 40
90 26 -87
90 27 -88
90 29 83
90 31 -68
90 32 -43
90 33 60
90 34 -24
90 35 39
90 36 75
90 37 92
90 38 -61
90 39 75
90 40 54
90 41 42
90 42 47
90 43 6
90 44 87
90 45 41
90 47 42
90 48 76
90 49 -39
90 50 -61
90 51 -19
90 52 37
90 53 62
90 54 -65
90 55 25
90 56 66
90 57 -94
90 58 -92
90 59 -3
90 60 -4
90 61 -96
90 63 -78
90 64 96
90 65 15
90 66 7
90 67 58
90 68 46
90 69 -12
90 71 -50
90 72 -82
90 73 35
90 74 17
90 75 91
90 76 29
90 77 -65
90 78 -4
90 79 5
90 80 -62
90 81 -100
90 82 97
90 83 55
90 84 -26
90 85 24
90 86 -40
90 87 35
90 88 67
90 89 -97
90 90 80
90 91 55
90 92 -93
90 93 -24
90 94 -43
90 95 -20
90 96 97
90 97 93
90 98 46
90 99 -2
91 1 1
91 2 48
91 3 -99
91 4 -57
91 5 13
91 6 -50
91 7 49
91 8 57
91 9 -23
91 10 -26
91 11 -89
91 12 -24
91 13 -41
91 14 25
91 15 79
91 16 49
91 17 -62
91 18 92
91 19 36
91 21 -83
91 22 -91
91 23 100
91 24 -31
91 25 -30
91 26 -57
91 27 -58
91 28 57
91 29 -10
91 30 77
91 31 39
91 33 -74
91 34 18
91 35 -50
91 36 -13
91 37 -48
91 38 67
91 39 25
91 40 49
91 41 -13
91 42 96
91 43 62
91 44 20
91 45 -68
91 46 74
91 47 25
91 48 -33
91 49 53
91 50 19
91 51 -98
91 52 -70
91 53 -85
91 54 -59
91 55 -36
91 56 -17
91 57 -48
91 58 99
91 59 -25
91 60 96
91 61 27
91 62 -25
91 63 -64
91 64 55
91 65 -29
91 66 -48
91 67 -29
91 68 -33
91 69 -95
91 71 -27
91 72 -2
91 73 16
91 74 -86
91 75 -6
91 76 -21
91 77 29
91 78 15
91 79 -26
91 80 100
91 81 24
91 82 30
91 83 29
91 84 -33
91 85 17
91 86 87
91 87 -81
91 88 -71
91 89 -23
91 90 -89
91 91 -47
91 92 -29
91 93 -2
91 94 -54
91 95 -42
91 96 -22
91 97 -10
91 98 11
92 0 -39
92 1 55
92 2 -32
92 3 -71
92 4 52
92 5 50
92 6 57
92 7 -43
92 8 -18
92 9 28
92 10 -78
92 11 -79
92 12 10
92 13 -100
92 14 8
92 15 92
92 16 66
92 17 -17
92 18 -32
92 19 -97
92 20 -1
92 21 23
92 22 71
92 23 13
92 24 -26
92 25 -48
92 26 32
92 27 92
92 28 64
92 29 -11
92 30 45
92 31 58
92 32 61
92 33 -64
92 34 -42
92 35 42
92 36 99
92 37 -2
92 38 -31
92 39 -44
92 40 25
92 41 42
92 42 -85
92 43 -4
92 44 33
92 45 -39
92 46 37
92 47 28
92 48 17
92 49 -77
92 50 82
92 51 -41
92 52 96
92 53 44
92 54 -17
92 55 -19
92 56 -82
92 57 32
92 59 53
92 60 23
92 61 -93
92 62 71
92 63 43
92 64 39
92 65 -78
92 66 -11
92 67 -99
92 68 42
92 69 -63
92 70 -13
92 71 -74
92 72 -88
92 73 -59
92 74 13
92 75 -3
92 76 43
92 77 -67
92 78 -62
92 79 52
92 80 84
92 81 72
92 82 -86
92 83 26
92 84 53
92 85 -92
92 86 -20
92 87 89
92 88 74
92 89 75
92 90 -43
92 91 21
92 92 -95
92 93 41
92 94 -59
92 95 11
92 96 55
92 97 35
92 98 97
92 99 17
93 0 -66
93 1 -40
93 2 70
93 3 63
93 4 18
93 6 87
93 7 33
93 8 -58
93 9 -22
93 10 9
93 11 67
93 12 -57
93 13 2
93 14 87
93 15 -92
93 16 -43
93 17 21
93 19 -80
93 20 -95
93 21 -13
93 22 22
93 23 83
93 24 62
93 25 -9
93 26 91
93 27 46
93 29 49
93 30 -59
93 32 5
93 33 -4
93 34 -57
93 35 -22
93 37 33
93 38 -64
93 39 74
93 41 1
93 42 99
93 43 -3
93 44 74
93 45 -43
93 46 -34
93 47 90
93 48 64
93 49 -1
93 50 -94
93 51 -80
93 52 -60
93 53 38
93 54 1
93 55 82
93 56 12
93 57 33
93 58 32
93 59 -10
93 60 1
93 61 77
93 63 74
93 64 -38
93 65 75
93 66 -48
93 67 22
93 68 -62
93 69 45
93 70 -4
93 71 -98
93 72 -73
93 73 -85
93 74 56
93 75 -52
93 76 3
93 77 9
93 78 98
93 79 41
93 80 -92
93 81 -69
93 82 88
93 83 -79
93 84 32
93 85 59
93 86 -59
93 87 -2
93 88 -9
93 89 89
93 90 -13
93 91 90
93 92 -94
93 93 100
93 94 -5
93 95 83
93 96 -89
93 97 -51
93 98 11
93 99 -23
94 0 27
94 1 -58
94 2 32
94 4 35
94 5 3
94 6 -87
94 7 -79
94 8 76
94 9 -79
94 10 69
94 11 55
94 12 23
94 13 82
94 14 98
94 15 65
94 16 -37
94 17 56
94 18 6
94 19 -32
94 20 -20
94 21 -75
94 22 100
94 23 -53
94 24 9
94 25 50
94 27 -10
94 28 -4
94 29 55
94 30 -39
94 31 21
94 32 -93
94 33 -8
94 34 9
94 35 42
94 36 61
94 37 37
94 38 -56
94 39 74
94 40 -62
94 41 -46
94 42 -36
94 43 -13
94 44 -28
94 45 24
94 46 -76
94 47 -57
94 48 84
94 49 84
94 50 -43
94 51 89
94 53 -32
94 54 -68
94 55 -81
94 56 55
94 57 25
94 58 61
94 59 57
94 60 17
94 61 51
94 62 -9
94 63 -61
94 64 37
94 66 57
94 67 19
94 68 -77
94 69 49
94 70 38
94 71 -3
94 73 41
94 74 -45
94 75 -31
94 76 72
94 77 94
94 79 -30
94 80 67
94 81 11
94 82 11
94 83 35
94 84 54
94 85 -86
94 86 38
94 87 -25
94 88 -94
94 90 -9
94 91 -85
94 92 -99
94 93 61
94 94 43
94 95 70
94 96 46
94 97 -74
94 98 -17
94 99 -19
95 0 16
95 1 17
95 2 -10
95 3 42
95 4 82
95 6 51
95 7 -67
95 8 -36
95 9 20
95 10 86
95 11 81
95 12 -49
95 13 33
95 14 -14
95 15 -43
95 16 19
95 17 82
95 18 35
95 19 80
95 20 46
95 21 -26
95 22 93
95 23 -2
95 24 -27
95 25 -57
95 26 6
95 27 -3
95 28 -52
95 29 31
95 30 -31
95 31 72
95 32 -8
95 33 91
95 34 -89
95 35 19
95 36 9
95 37 -13
95 38 -30
95 39 -50
95 40 55
95 41 -17
95 42 7
95 43 35
95 44 32
95 45 36
95 46 -5
95 47 70
95 48 99
95 49 -41
95 50 -14
95 51 -77
95 52 3
95 53 -13
95 55 -86
95 56 88
95 57 -63
95 58 39
95 59 62
95 60 -31
95 61 -53
95 62 -66
95 63 -85
95 64 26
95 65 -66
95 66 68
95 67 -93
95 68 -8
95 69 86
95 70 91
95 71 -45
95 72 70
95 73 -59
95 75 69
95 76 -80
95 77 -31
95 78 -24
95 79 -56
95 80 -6
95 81 -76
95 82 45
95 83 -12
95 84 -25
95 85 27
95 86 95
95 87 79
95 88 -59
95 89 -80
95 90 -8
95 91 -64
95 92 -73
95 93 -87
95 94 91
95 95 -4
95 96 90
95 97 17
95 98 30
95 99 2
96 0 -48
96 1 -41
96 2 -63
96 3 -19
96 4 -25
96 5 90
96 6 1
96 7 -85
96 8 46
96 10 85
96 11 -37
96 12 -12
96 13 -58
96 14 -20
96 15 -88
96 16 -27
96 17 69
96 18 -40
96 19 64
96 20 -32
96 21 3
96 22 81
96 23 -59
96 24 100
96 25 72
96 26 -38
96 27 -26
96 28 10
96 29 7
96 31 22
96 32 7
96 33 -87
96 34 -72
96 35 -79
96 36 -60
96 37 -29
96 38 83
96 40 33
96 41 82
96 42 80
96 43 53
96 44 -96
96 45 63
96 46 -82
96 48 -26
96 49 -29
96 50 6
96 52 54
96 53 -50
96 54 -3
96 55 68
96 56 70
96 57 -41
96 58 46
96 59 -3
96 60 -29
96 61 20
96 62 -38
96 63 45
96 64 -33
96 65 23
96 66 -77
96 68 -83
96 69 -31
96 70 9
96 71 17
96 72 90
96 73 96
96 74 48
96 75 -98
96 76 65
96 77 -88
96 78 -46
96 79 -77
96 80 47
96 81 25
96 82 92
96 83 -27
96 84 68
96 86 -67
96 87 93
96 88 80
96 89 74
96 90 24
96 91 70
96 92 46
96 93 -83
96 94 84
96 95 53
96 96 14
96 97 8
96 98 22
96 99 29
97 0 -59
97 1 -92
97 2 -26
97 4 -28
97 5 -3
97 6 43
97 7 -25
97 8 -52
97 9 62
97 10 37
97 11 -22
97 12 -81
97 13 -36
97 14 50
97 15 65
97 16 -94
97 18 -9
97 19 -18
97 20 1
97 21 86
97 22 24
97 23 75
97 24 23
97 25 -9
97 26 64
97 27 -66
97 28 -47
97 29 2
97 30 -86
97 31 80
97 32 -60
97 33 -65
97 34 46
97 35 -99
97 36 35
97 37 -39
97 38 65
97 39 97
97 40 76
97 41 99
97 43 47
97 44 76
97 45 -2
97 46 -1
97 47 -72
97 48 53
97 49 -12
97 50 -8
97 51 -33
97 52 79
97 53 83
97 54 -50
97 55 -71
97 56 66
97 57 -56
97 58 67
97 59 -5
97 60 27
97 61 -57
97 62 68
97 63 -63
97 64 2
97 65 34
97 66 -87
97 67 38
97 68 35
97 69 -5
97 70 59
97 71 -58
97 72 -26
97 73 -87
97 74 -26
97 75 13
97 76 -35
97 77 -27
97 78 -33
97 79 -42
97 80 -15
97 81 92
97 82 31
97 83 -81
97 84 -38
97 85 -90
97 86 49
97 87 62
97 88 71
97 89 43
97 90 -40
97 91 -88
97 92 -53
97 93 31
97 94 50
97 95 66
97 96 25
97 97 100
97 98 -77
97 99 40
98 0 -5
98 1 75
98 2 85
98 3 -87
98 4 -4
98 5 1
98 6 97
98 7 -45
98 8 -13
98 9 -71
98 10 -53
98 11 -44
98 12 74
98 13 -51
98 14 19
98 15 -35
98 16 -10
98 17 17
98 18 57
98 19 91
98 20 66
98 21 -19
98 23 -3
98 24 59
98 25 78
98 26 -2
98 27 83
98 28 82
98 29 -34
98 30 94
98 31 -49
98 34 -53
98 37 -39
98 38 -26
98 39 -97
98 40 10
98 41 -15
98 42 -8
98 43 2
98 44 -60
98 45 37
98 47 -10
98 48 -92
98 49 -97
98 50 3
98 51 -51
98 52 97
98 53 -78
98 54 76
98 55 -71
98 56 -13
98 57 -77
98 58 -30
98 59 -28
98 60 50
98 61 -100
98 62 18
98 63 -86
98 64 54
98 65 -59
98 66 -74
98 67 -11
98 68 -40
98 69 -24
98 70 99
98 71 17
98 72 -91
98 73 55
98 74 -100
98 75 -98
98 76 77
98 77 58
98 78 -65
98 79 -10
98 80 -45
98 81 -7
98 82 -62
98 83 -97
98 84 30
98 85 -30
98 87 -15
98 88 34
98 89 -36
98 90 -19
98 91 90
98 92 -33
98 93 62
98 94 -15
98 95 -19
98 96 -17
98 97 56
98 98 -34
98 99 14
99 0 77
99 1 -82
99 2 -61
99 3 -81
99 4 24
99 5 27
99 6 14
99 7 35
99 8 -16
99 9 89
99 10 -19
99 11 21
99 12 93
99 13 82
99 14 -77
99 15 60
99 17 -8
99 18 44
99 19 33
99 21 90
99 22 72
99 23 -13
99 24 -19
99 25 37
99 26 -26
99 27 78
99 28 -77
99 29 94
99 30 19
99 31 -55
99 32 59
99 33 96
99 34 57
99 35 20
99 36 -95
99 37 3
99 38 -41
99 39 55
99 40 8
99 41 -73
99 42 -60
99 43 -9
99 44 70
99 45 15
99 47 55
99 48 66
99 49 -10
99 50 -55
99 51 -61
99 52 -14
99 53 79
99 54 -59
99 55 -32
99 56 16
99 57 65
99 58 -25
99 59 -6
99 60 -65
99 61 -99
99 62 -38
99 63 38
99 64 -83
99 65 35
99 66 5
99 67 84
99 68 -12
99 69 -44
99 70 34
99 71 -60
99 72 -64
99 73 -96
99 74 5
99 75 98
99 76 46
99 77 99
99 78 90
99 79 41
99 80 25
99 81 -43
99 82 91
99 83 -50
99 84 25
99 85 -29
99 86 -6
99 87 -15
99 88 90
99 89 -8
99 90 16
99 91 -19
99 92 -81
99 93 97
99 94 17
99 95 69
99 96 -22
99 97 -79
99 99 53