0 0 -69
0 2 79
0 3 33
0 4 -7
0 5 15
0 6 81
0 7 -82
0 8 18
0 9 3
0 10 61
0 11 90
0 12 -92
0 13 -73
0 14 -86
0 15 -67
0 16 74
0 17 -83
0 18 -87
0 19 -55
0 20 64
0 21 -9
0 22 79
0 23 -35
0 24 3
0 25 -7
0 26 -13
0 27 53
0 29 -62
0 30 70
0 32 -38
0 34 -60
0 35 -14
0 36 -42
0 37 11
0 38 89
0 39 81
0 40 9
0 41 11
0 43 74
0 44 -51
0 46 74
0 47 51
0 48 -39
0 49 -60
1 0 -21
1 1 19
1 3 -50
1 4 9
1 5 94
1 6 3
1 7 94
1 8 60
1 9 15
1 10 -97
1 11 -76
1 12 44
1 13 27
1 14 27
1 15 17
1 16 63
1 18 -87
1 19 -68
1 20 -42
1 23 -49
1 24 -1
1 25 90
1 27 -13
1 29 44
1 30 72
1 31 -15
1 32 -13
1 33 47
1 34 -57
1 36 -75
1 37 43
1 38 -23
1 39 27
1 40 -39
1 41 91
1 43 18
1 46 -56
1 47 23
1 48 -60
1 49 -13
2 0 -67
2 1 -38
2 2 -71
2 3 -11
2 5 96
2 6 4
2 8 -38
2 9 68
2 10 12
2 12 -92
2 13 71
2 14 -3
2 15 -36
2 16 -50
2 17 94
2 18 -8
2 19 -58
2 20 -29
2 22 -9
2 23 -25
2 25 -15
2 26 -76
2 28 16
2 29 -40
2 30 -61
2 31 77
2 32 16
2 34 -23
2 35 -87
2 36 -9
2 37 -31
2 38 -3
2 39 -37
2 40 -12
2 42 -75
2 43 -46
2 44 -28
2 45 70
2 46 99
2 47 -27
2 48 39
2 49 57
3 1 -22
3 2 28
3 3 76
3 4 -46
3 5 -97
3 6 62
3 7 71
3 8 65
3 10 28
3 11 1
3 12 31
3 13 36
3 17 60
3 21 -5
3 22 -48
3 23 -66
3 24 41
3 25 24
3 26 37
3 27 24
3 28 -32
3 30 -12
3 31 -22
3 32 86
3 33 -20
3 34 -15
3 35 -69
3 36 71
3 37 -72
3 38 86
3 41 -63
3 42 64
3 43 87
3 44 76
3 45 76
3 46 -16
3 48 56
4 0 -51
4 1 23
4 2 -93
4 3 81
4 4 29
4 5 77
4 6 -30
4 7 79
4 8 76
4 9 64
4 10 51
4 11 48
4 12 -23
4 13 -47
4 14 -42
4 15 28
4 16 -82
4 18 38
4 19 -3
4 20 18
4 21 50
4 22 -52
4 24 -24
4 25 25
4 26 -82
4 27 41
4 28 20
4 29 -88
4 30 -77
4 31 -58
4 32 -14
4 33 29
4 34 -14
4 37 -32
4 38 -48
4 39 55
4 40 52
4 41 42
4 42 6
4 44 83
4 45 -68
4 46 70
4 47 57
4 48 57
4 49 55
5 0 64
5 1 -21
5 2 -26
5 3 91
5 5 -84
5 6 60
5 7 -39
5 8 -37
5 9 -74
5 10 -58
5 11 73
5 12 -35
5 13 77
5 14 73
5 15 76
5 16 -40
5 17 -94
5 19 12
5 20 1
5 21 -14
5 22 -98
5 23 -22
5 24 -41
5 25 -82
5 26 -85
5 27 -72
5 28 100
5 29 -34
5 30 -88
5 31 91
5 32 -30
5 33 -38
5 35 70
5 36 -94
5 38 -27
5 39 37
5 40 77
5 41 18
5 42 -76
5 43 -76
5 44 92
5 45 25
5 46 48
5 48 65
5 49 26
6 0 92
6 1 11
6 2 -24
6 6 33
6 7 -96
6 8 -95
6 10 -55
6 11 40
6 12 -76
6 14 -56
6 15 3
6 17 -72
6 19 85
6 20 94
6 21 -16
6 22 26
6 23 69
6 25 51
6 26 -18
6 27 -20
6 28 -37
6 29 89
6 30 -9
6 31 75
6 32 78
6 33 17
6 34 67
6 35 -37
6 38 9
6 39 -45
6 40 -30
6 41 -34
6 42 61
6 43 87
6 44 24
6 48 -51
7 0 -100
7 2 18
7 3 -84
7 4 30
7 5 -60
7 6 -93
7 9 -62
7 10 -46
7 11 -4
7 12 53
7 13 2
7 14 -98
7 16 -77
7 17 14
7 18 -14
7 19 46
7 20 36
7 21 -65
7 23 -37
7 26 93
7 27 40
7 28 -47
7 30 -98
7 31 44
7 32 -21
7 33 -65
7 34 85
7 36 7
7 37 -18
7 40 -72
7 41 58
7 42 -72
7 43 -56
7 44 79
7 45 99
7 46 39
7 47 86
7 48 -67
8 0 -28
8 1 28
8 3 34
8 4 78
8 5 97
8 6 53
8 7 -11
8 8 -26
8 9 -51
8 10 75
8 11 66
8 12 41
8 13 37
8 14 -91
8 15 -51
8 17 -61
8 18 89
8 19 96
8 20 24
8 21 14
8 22 -75
8 23 -43
8 24 24
8 25 -91
8 26 -19
8 27 60
8 28 -93
8 29 -100
8 30 -47
8 31 -8
8 32 -97
8 33 -61
8 34 -16
8 36 34
8 37 15
8 38 28
8 39 -67
8 40 74
8 41 -100
8 42 93
8 43 -3
8 44 1
8 45 34
8 46 18
8 47 -87
8 48 -80
8 49 96
9 1 74
9 3 -31
9 4 60
9 5 46
9 6 -42
9 7 21
9 8 -28
9 9 22
9 10 -33
9 11 -4
9 13 70
9 15 5
9 16 -93
9 17 5
9 18 -31
9 19 -48
9 21 -81
9 22 -62
9 23 -78
9 24 61
9 25 -88
9 26 -7
9 27 -20
9 28 -91
9 29 -47
9 30 -32
9 31 94
9 32 -20
9 33 -28
9 34 21
9 35 -17
9 36 -58
9 37 99
9 38 44
9 39 -30
9 40 -68
9 41 79
9 42 -19
9 44 1
9 45 13
9 46 -40
9 48 -45
10 0 -30
10 1 8
10 2 59
10 3 54
10 4 9
10 5 -54
10 6 -73
10 7 36
10 8 61
10 9 51
10 10 -54
10 12 -2
10 13 45
10 14 -53
10 15 -20
10 17 -22
10 19 -43
10 20 73
10 23 -8
10 24 19
10 25 61
10 26 45
10 27 25
10 28 100
10 29 37
10 30 -92
10 31 26
10 32 -56
10 34 71
10 35 -61
10 36 -38
10 37 40
10 38 -38
10 39 75
10 40 -55
10 41 16
10 42 -45
10 43 -28
10 44 39
10 45 -5
10 46 32
10 48 -84
10 49 -67
11 0 -91
11 1 -41
11 2 -81
11 3 13
11 4 27
11 5 29
11 6 -42
11 7 70
11 8 -18
11 10 74
11 12 -31
11 13 94
11 14 -99
11 15 -55
11 16 100
11 17 -97
11 18 -3
11 19 75
11 20 -75
11 21 -53
11 23 39
11 24 -77
11 25 29
11 26 13
11 27 -93
11 28 -42
11 29 -48
11 30 39
11 31 -69
11 33 -56
11 34 39
11 36 42
11 37 -26
11 38 18
11 39 -59
11 40 -34
11 42 31
11 43 24
11 44 -82
11 46 -9
11 47 42
11 48 -10
11 49 -59
12 0 55
12 1 53
12 2 17
12 5 -13
12 6 46
12 7 8
12 8 -40
12 9 7
12 10 -81
12 11 -36
12 12 93
12 13 -6
12 15 -100
12 16 -55
12 17 12
12 18 -13
12 20 -42
12 21 -95
12 22 62
12 23 -36
12 24 -82
12 25 -7
12 26 -88
12 27 -21
12 29 64
12 30 18
12 31 -96
12 32 79
12 33 95
12 34 49
12 35 64
12 36 3
12 37 -98
12 39 29
12 40 -72
12 41 6
12 44 -3
12 45 89
12 47 13
12 48 -100
13 0 -88
13 1 91
13 2 92
13 3 -95
13 4 91
13 5 72
13 7 22
13 8 -34
13 10 -94
13 11 -8
13 13 27
13 14 -49
13 15 -7
13 16 -45
13 17 -100
13 20 95
13 21 -41
13 24 -74
13 25 88
13 26 -88
13 28 3
13 29 65
13 30 -52
13 31 -72
13 33 -97
13 35 43
13 36 73
13 38 64
13 39 12
13 41 43
13 42 23
13 43 -49
13 45 -75
13 46 -55
13 47 55
13 48 -22
13 49 -60
14 0 86
14 1 66
14 2 39
14 3 77
14 4 -67
14 5 -49
14 6 44
14 7 69
14 8 -43
14 9 -83
14 10 -52
14 11 30
14 13 74
14 14 32
14 15 -23
14 16 25
14 18 -35
14 19 53
14 20 51
14 21 -37
14 23 -94
14 24 71
14 25 -73
14 26 -44
14 27 -69
14 29 -87
14 30 59
14 31 -43
14 33 -65
14 34 -69
14 36 87
14 38 5
14 41 -31
14 42 -17
14 43 -94
14 44 -51
14 45 54
14 46 99
14 47 35
14 48 5
14 49 -13
15 0 67
15 1 83
15 2 13
15 4 58
15 5 78
15 6 34
15 7 -25
15 8 11
15 9 -63
15 10 -80
15 11 58
15 12 84
15 13 78
15 15 -65
15 16 79
15 17 39
15 18 -68
15 19 81
15 20 63
15 21 56
15 22 33
15 23 65
15 24 10
15 25 88
15 26 -60
15 27 37
15 28 40
15 29 -11
15 32 -59
15 34 1
15 35 73
15 36 43
15 37 -41
15 40 -5
15 41 3
15 42 78
15 43 41
15 44 84
15 45 -10
15 48 -83
15 49 -99
16 1 98
16 2 -44
16 3 -84
16 4 18
16 5 -32
16 6 90
16 8 -75
16 9 40
16 11 15
16 13 2
16 14 -42
16 15 -83
16 18 -8
16 19 93
16 20 54
16 21 -26
16 22 -12
16 23 77
16 24 -28
16 25 -54
16 26 53
16 27 34
16 28 1
16 29 -47
16 30 29
16 31 -48
16 32 47
16 33 78
16 34 95
16 35 14
16 36 34
16 37 65
16 38 -90
16 39 49
16 40 -64
16 41 -9
16 42 74
16 43 -93
16 44 60
16 45 10
16 46 -40
16 47 70
16 48 -69
16 49 87
17 1 47
17 2 -39
17 3 -66
17 4 58
17 5 -25
17 6 94
17 7 96
17 8 61
17 9 -94
17 10 54
17 12 -53
17 13 9
17 14 17
17 15 -8
17 17 44
17 18 62
17 20 45
17 21 -70
17 22 -89
17 24 91
17 25 -8
17 26 -31
17 28 -46
17 29 59
17 31 90
17 33 -37
17 34 -86
17 35 -98
17 38 63
17 39 -8
17 40 12
17 41 55
17 42 58
17 43 71
17 44 -82
17 45 100
17 46 -61
17 47 55
17 49 20
18 0 -79
18 1 -29
18 2 -33
18 3 -85
18 5 -55
18 6 -80
18 8 88
18 9 -89
18 10 14
18 11 97
18 12 76
18 13 -64
18 15 -90
18 17 49
18 18 -8
18 19 85
18 20 52
18 21 87
18 22 -22
18 23 23
18 25 94
18 26 92
18 27 48
18 28 -44
18 29 46
18 30 65
18 31 -69
18 32 -76
18 34 1
18 35 8
18 36 -93
18 37 63
18 38 -90
18 39 -62
18 40 -2
18 41 3
18 42 64
18 43 -60
18 44 1
18 45 -31
18 46 6
18 47 -27
18 49 7
19 1 -93
19 2 -56
19 4 -50
19 6 -66
19 7 -68
19 8 29
19 10 74
19 11 2
19 12 -31
19 13 -32
19 14 -85
19 15 59
19 16 -90
19 17 74
19 18 -39
19 19 20
19 20 89
19 21 66
19 22 -29
19 23 -38
19 24 9
19 25 36
19 26 80
19 27 35
19 28 24
19 30 -99
19 31 -66
19 33 96
19 34 12
19 35 62
19 36 -47
19 37 -13
19 38 75
19 39 56
19 40 44
19 41 60
19 42 54
19 43 70
19 44 -82
19 46 57
19 47 -58
20 1 -70
20 2 84
20 3 99
20 4 45
20 5 -22
20 6 -37
20 8 -4
20 9 14
20 10 -57
20 11 -48
20 12 100
20 13 49
20 14 18
20 16 7
20 17 82
20 19 1
20 20 25
20 21 -65
20 22 78
20 23 25
20 24 -99
20 26 78
20 27 -30
20 28 -33
20 30 90
20 31 41
20 33 -78
20 35 -70
20 36 -8
20 37 91
20 39 26
20 40 28
20 41 45
20 42 3
20 43 -17
20 44 13
20 45 65
20 46 51
20 47 58
20 48 11
20 49 -83
21 1 84
21 2 -16
21 4 -58
21 5 -42
21 6 45
21 8 -53
21 9 75
21 10 -25
21 11 25
21 12 -76
21 13 -97
21 15 -3
21 16 -68
21 17 -68
21 18 48
21 20 -74
21 21 -85
21 22 -56
21 23 89
21 24 -44
21 26 -86
21 27 -31
21 28 -33
21 29 -70
21 30 -69
21 32 -32
21 33 -59
21 34 48
21 35 -73
21 36 -1
21 37 64
21 38 58
21 39 -44
21 40 62
21 41 79
21 43 36
21 46 -65
21 47 -2
21 48 5
21 49 -19
22 0 64
22 1 54
22 2 14
22 3 -99
22 4 18
22 5 -96
22 6 -47
22 8 -67
22 9 -84
22 10 59
22 11 34
22 12 53
22 13 -33
22 14 -92
22 15 33
22 16 17
22 17 -73
22 20 14
22 21 -30
22 22 52
22 23 -47
22 24 12
22 25 -27
22 26 93
22 27 -3
22 28 81
22 30 62
22 31 -18
22 32 68
22 33 -76
22 34 1
22 35 -40
22 36 62
22 37 -3
22 38 2
22 39 -47
22 40 16
22 41 51
22 42 -99
22 44 57
22 46 -57
22 47 -15
22 48 -57
22 49 83
23 0 9
23 1 -41
23 2 47
23 3 40
23 4 22
23 5 -48
23 6 -94
23 7 -55
23 8 -97
23 9 48
23 10 67
23 11 -55
23 12 28
23 13 -88
23 15 -36
23 16 2
23 17 27
23 18 46
23 19 -5
23 20 -33
23 21 18
23 22 10
23 23 54
23 24 56
23 25 -95
23 26 26
23 27 -26
23 29 88
23 30 87
23 31 43
23 32 -20
23 33 58
23 36 -8
23 37 -29
23 39 48
23 40 3
23 41 72
23 42 -7
23 43 80
23 44 -55
23 45 5
23 46 -57
23 47 20
23 48 -51
23 49 13
24 0 -100
24 2 -32
24 3 -53
24 4 21
24 5 15
24 6 4
24 7 63
24 8 -71
24 9 67
24 10 95
24 11 -80
24 13 -39
24 15 -72
24 16 -82
24 17 12
24 18 81
24 19 24
24 21 72
24 22 -5
24 23 67
24 25 15
24 26 -10
24 27 52
24 28 -68
24 30 32
24 33 94
24 34 33
24 35 -47
24 36 71
24 37 77
24 38 -28
24 39 -50
24 40 88
24 41 -23
24 42 -97
24 45 -90
24 46 53
24 47 45
24 48 -8
24 49 30
25 1 -5
25 3 22
25 5 -45
25 6 92
25 7 47
25 8 82
25 9 14
25 10 -81
25 11 12
25 12 16
25 13 72
25 14 21
25 15 -71
25 16 -7
25 17 -68
25 18 -95
25 19 -61
25 21 90
25 22 63
25 23 -49
25 24 42
25 26 88
25 27 23
25 29 -69
25 30 -72
25 32 -95
25 33 69
25 35 -21
25 36 -81
25 37 -100
25 39 -23
25 42 44
25 44 85
25 45 63
25 46 -73
25 47 1
25 48 38
25 49 50
26 0 32
26 1 17
26 2 -48
26 3 -65
26 4 87
26 5 24
26 6 78
26 7 -74
26 9 6
26 10 73
26 11 -56
26 12 43
26 13 -51
26 14 -32
26 15 80
26 16 -83
26 17 -100
26 18 -85
26 19 -3
26 20 34
26 22 96
26 24 -58
26 26 91
26 27 -98
26 29 84
26 33 -30
26 34 61
26 35 84
26 36 -61
26 37 45
26 38 -2
26 39 -7
26 41 46
26 42 -43
26 45 14
26 46 -25
26 47 -81
26 48 -34
26 49 11
27 0 68
27 2 -56
27 5 -50
27 6 37
27 7 -50
27 8 62
27 9 -70
27 11 50
27 12 -3
27 13 -21
27 14 95
27 15 100
27 16 -44
27 17 87
27 18 -14
27 19 -52
27 20 13
27 21 -85
27 22 -73
27 27 11
27 28 17
27 29 49
27 30 -62
27 31 63
27 32 -47
27 33 -34
27 34 63
27 35 -87
27 38 -41
27 40 -23
27 41 78
27 42 -12
27 44 -97
27 46 -50
27 48 69
27 49 -33
28 1 93
28 2 78
28 3 15
28 4 -33
28 5 -82
28 6 -58
28 7 34
28 8 45
28 9 -31
28 10 9
28 11 78
28 12 -99
28 13 85
28 14 22
28 15 45
28 17 11
28 18 -63
28 19 -28
28 20 98
28 21 35
28 22 -13
28 23 -63
28 24 35
28 25 -22
28 27 -77
28 28 -63
28 29 -55
28 30 -85
28 31 32
28 32 39
28 36 -76
28 37 87
28 40 31
28 41 -63
28 42 -87
28 43 78
28 44 74
28 45 -73
28 47 10
28 49 -65
29 0 -13
29 1 -56
29 2 -7
29 3 80
29 4 51
29 5 -7
29 6 -47
29 7 -1
29 8 98
29 10 -34
29 11 -73
29 12 -30
29 15 -13
29 16 -80
29 18 -61
29 19 -81
29 20 -18
29 21 -39
29 22 -70
29 23 -47
29 24 -6
29 25 -51
29 26 -62
29 27 89
29 28 47
29 29 8
29 30 97
29 31 -35
29 32 60
29 33 -76
29 34 5
29 35 -23
29 36 -31
29 37 13
29 38 -49
29 39 57
29 42 -1
29 43 -33
29 44 -67
29 45 81
29 46 86
29 47 36
29 48 -75
29 49 -78
30 0 56
30 1 -28
30 2 76
30 3 -40
30 4 29
30 5 -44
30 6 -32
30 7 26
30 8 -88
30 9 79
30 10 -79
30 11 -54
30 12 6
30 13 82
30 15 -80
30 16 58
30 18 31
30 21 51
30 22 100
30 23 6
30 25 -25
30 26 22
30 27 72
30 29 -64
30 30 -89
30 31 -63
30 32 -62
30 33 -13
30 34 27
30 35 78
30 36 39
30 37 79
30 38 100
30 39 64
30 40 -43
30 41 25
30 42 79
30 44 -100
30 45 55
30 46 3
30 49 8
31 0 -75
31 1 28
31 2 100
31 3 63
31 4 -52
31 5 43
31 6 3
31 7 74
31 8 -47
31 9 53
31 10 51
31 11 -71
31 12 41
31 14 -95
31 15 80
31 16 -21
31 17 -24
31 18 4
31 20 56
31 22 95
31 23 -55
31 24 35
31 26 73
31 27 56
31 28 -6
31 29 -22
31 30 45
31 31 -87
31 32 -92
31 33 42
31 34 -46
31 35 55
31 37 -62
31 38 36
31 39 -14
31 40 -49
31 41 8
31 42 -44
31 43 21
31 44 25
31 45 62
31 46 70
31 47 -35
31 48 68
31 49 -63
32 1 -52
32 2 53
32 3 -86
32 4 -17
32 5 43
32 6 -57
32 7 84
32 8 -19
32 9 74
32 10 73
32 11 68
32 12 -79
32 13 22
32 14 34
32 15 -23
32 16 3
32 18 -14
32 20 -31
32 21 53
32 22 -62
32 23 -90
32 25 -45
32 26 6
32 27 -75
32 30 -17
32 31 -13
32 32 -18
32 33 12
32 34 -28
32 35 90
32 38 -96
32 39 -18
32 40 65
32 41 49
32 42 59
32 43 17
32 44 43
32 46 -76
32 47 -39
32 48 87
32 49 -59
33 0 80
33 2 69
33 3 66
33 4 25
33 5 -57
33 6 70
33 7 27
33 8 -4
33 9 56
33 10 -6
33 11 -69
33 12 -67
33 13 -96
33 14 95
33 15 -39
33 16 40
33 17 -79
33 18 54
33 19 -12
33 22 -53
33 23 -22
33 24 29
33 25 10
33 26 -45
33 27 -72
33 28 53
33 29 -92
33 30 -80
33 31 4
33 32 -63
33 33 37
33 34 93
33 35 -42
33 36 41
33 37 17
33 38 -15
33 39 100
33 40 -38
33 41 25
33 43 -49
33 45 79
33 47 -77
33 48 -36
34 2 98
34 3 -81
34 4 -14
34 5 22
34 6 34
34 9 -31
34 10 85
34 11 -91
34 12 -94
34 13 56
34 14 -64
34 15 67
34 16 5
34 17 34
34 18 -59
34 20 76
34 21 -45
34 22 59
34 23 88
34 24 95
34 26 3
34 27 -22
34 29 12
34 30 -49
34 31 92
34 32 29
34 33 28
34 34 47
34 35 -64
34 36 60
34 37 48
34 38 65
34 39 2
34 40 79
34 41 -64
34 42 -45
34 44 -25
34 46 -83
34 47 -9
34 48 55
35 1 -59
35 3 56
35 4 99
35 5 -50
35 6 -83
35 7 64
35 8 63
35 9 -47
35 10 -17
35 11 23
35 13 -26
35 14 -75
35 15 88
35 16 -5
35 18 50
35 19 -49
35 20 68
35 21 35
35 22 -28
35 23 53
35 24 88
35 25 64
35 26 -17
35 27 97
35 29 -84
35 30 -19
35 31 -64
35 32 23
35 33 -95
35 34 -3
35 35 16
35 36 91
35 37 -2
35 40 32
35 41 52
35 42 -18
35 43 98
35 45 -47
35 48 -46
35 49 51
36 0 -43
36 1 -83
36 2 -20
36 3 -34
36 4 63
36 5 96
36 6 -87
36 7 24
36 8 80
36 9 56
36 10 46
36 13 64
36 14 -1
36 15 -5
36 16 -44
36 17 -97
36 18 -65
36 19 50
36 20 29
36 22 -89
36 23 70
36 24 93
36 25 37
36 26 -99
36 28 -21
36 29 13
36 30 -34
36 31 -94
36 32 -68
36 33 -20
36 34 91
36 35 -99
36 36 -68
36 37 -15
36 38 -85
36 40 43
36 41 -48
36 42 -63
36 43 -77
36 44 -51
36 45 54
36 48 -68
36 49 -39
37 0 -5
37 1 -13
37 3 -98
37 4 -84
37 5 14
37 6 8
37 7 91
37 8 76
37 9 16
37 11 30
37 12 91
37 13 67
37 14 41
37 15 -33
37 16 -12
37 17 89
37 19 37
37 20 9
37 21 9
37 22 -68
37 23 84
37 25 -80
37 26 -78
37 27 -84
37 30 -11
37 31 -55
37 32 98
37 33 50
37 36 -58
37 37 32
37 38 72
37 39 -6
37 40 -12
37 41 80
37 42 78
37 43 85
37 44 16
37 45 94
37 46 80
37 48 -40
37 49 -28
38 0 -5
38 1 48
38 2 -13
38 3 -97
38 4 -31
38 5 -84
38 6 -7
38 9 51
38 11 -28
38 12 77
38 13 43
38 14 -28
38 15 96
38 16 96
38 17 -82
38 18 -75
38 19 -32
38 20 6
38 21 -2
38 22 74
38 24 -27
38 25 -97
38 26 34
38 27 84
38 28 21
38 29 -95
38 32 13
38 33 -83
38 34 38
38 35 -63
38 36 22
38 37 90
38 38 7
38 40 34
38 41 91
38 42 -4
38 45 -95
38 46 -27
38 47 93
38 48 -35
38 49 -29
39 0 -14
39 2 61
39 3 -91
39 4 30
39 5 96
39 7 50
39 8 -100
39 10 33
39 12 14
39 13 -61
39 15 -100
39 17 -70
39 19 -97
39 20 -68
39 21 -50
39 22 -73
39 23 -84
39 24 -5
39 25 -22
39 26 49
39 27 22
39 28 -76
39 30 35
39 31 59
39 32 65
39 33 -91
39 34 -42
39 35 -7
39 36 4
39 37 -7
39 38 95
39 39 2
39 40 -8
39 41 90
39 44 -19
39 45 28
39 46 -70
39 47 -75
39 48 -64
39 49 10
40 1 49
40 2 -98
40 3 55
40 5 99
40 6 -35
40 7 -33
40 8 90
40 9 87
40 10 91
40 12 -17
40 13 88
40 14 -55
40 15 77
40 16 25
40 17 1
40 18 -13
40 19 -12
40 20 66
40 22 -43
40 23 32
40 24 90
40 27 41
40 28 44
40 29 42
40 30 -34
40 31 78
40 32 -86
40 33 -6
40 34 7
40 35 -91
40 36 -82
40 38 -82
40 39 -68
40 40 -82
40 41 36
40 42 10
40 43 -92
40 44 71
40 46 93
40 47 -93
40 48 22
40 49 -4
41 0 52
41 3 82
41 4 59
41 5 4
41 6 -88
41 7 40
41 9 97
41 10 -96
41 11 16
41 12 87
41 13 -15
41 14 -37
41 15 -49
41 16 -67
41 17 -86
41 18 -77
41 20 95
41 21 35
41 22 31
41 23 81
41 25 76
41 26 -81
41 27 -25
41 28 -17
41 30 79
41 32 7
41 33 93
41 34 30
41 35 4
41 36 3
41 38 -57
41 39 -11
41 40 -4
41 44 24
41 45 -85
41 46 -54
41 47 -58
41 48 47
41 49 -81
42 0 -23
42 1 6
42 2 -69
42 4 24
42 5 34
42 6 86
42 7 87
42 8 66
42 10 -21
42 11 -18
42 12 35
42 14 45
42 15 62
42 16 60
42 17 95
42 18 96
42 19 -97
42 20 63
42 21 -7
42 22 58
42 23 20
42 24 -6
42 25 -46
42 26 83
42 27 89
42 28 -48
42 30 -32
42 31 -81
42 32 -39
42 33 44
42 34 84
42 36 4
42 37 -43
42 38 2
42 39 7
42 40 14
42 41 -79
42 42 -39
42 45 -21
42 46 52
42 47 -49
42 48 28
42 49 -83
43 0 16
43 1 -79
43 2 69
43 3 -37
43 5 33
43 6 -17
43 7 -19
43 8 76
43 9 13
43 10 -39
43 11 -83
43 12 -49
43 13 -12
43 14 21
43 16 -74
43 17 34
43 18 97
43 20 76
43 21 38
43 22 14
43 24 -74
43 25 -87
43 26 -67
43 27 32
43 29 -5
43 30 -70
43 34 32
43 35 73
43 37 2
43 38 -17
43 39 87
43 40 -97
43 41 -69
43 42 89
43 45 -42
43 46 -13
43 47 77
43 48 -47
43 49 -39
44 1 -94
44 2 96
44 3 76
44 4 24
44 5 35
44 6 -55
44 7 -70
44 9 -23
44 10 -1
44 12 -76
44 15 17
44 16 -12
44 18 -44
44 20 76
44 21 -79
44 22 -73
44 24 -67
44 26 63
44 27 -51
44 29 15
44 30 -98
44 31 78
44 32 -24
44 33 -40
44 34 67
44 36 98
44 37 -12
44 39 79
44 40 -65
44 41 70
44 42 80
44 43 -20
44 44 10
44 46 24
44 47 -20
45 0 -93
45 2 -54
45 5 -28
45 6 54
45 7 -60
45 9 29
45 11 46
45 12 99
45 13 -26
45 14 100
45 15 87
45 16 35
45 17 8
45 18 87
45 19 -78
45 21 2
45 22 36
45 23 -5
45 25 8
45 26 67
45 27 -83
45 28 23
45 29 62
45 30 -54
45 31 74
45 32 12
45 33 8
45 35 -10
45 36 91
45 37 -26
45 38 -23
45 39 -52
45 41 -23
45 42 -64
45 43 22
45 46 -99
45 47 86
45 49 -25
46 0 43
46 1 -31
46 2 51
46 3 -20
46 4 55
46 5 -20
46 6 87
46 7 -48
46 8 95
46 9 75
46 10 50
46 11 100
46 12 -12
46 13 -96
46 15 95
46 16 -74
46 17 -87
46 19 58
46 20 -42
46 22 55
46 23 -6
46 24 -77
46 26 48
46 27 31
46 28 78
46 29 32
46 30 -40
46 31 36
46 32 -25
46 33 -37
46 34 -44
46 36 35
46 37 -44
46 38 19
46 39 -20
46 40 47
46 41 34
46 43 -57
46 45 -62
46 46 -43
46 48 -6
46 49 -64
47 0 -19
47 2 -36
47 3 -35
47 4 -42
47 6 45
47 7 86
47 8 64
47 9 -57
47 10 98
47 12 -44
47 13 -64
47 14 -16
47 15 -74
47 16 -71
47 17 -10
47 18 3
47 19 67
47 20 -5
47 22 -97
47 23 -3
47 24 44
47 25 -89
47 26 -71
47 28 -64
47 29 2
47 30 28
47 31 17
47 32 -25
47 33 -41
47 34 7
47 35 18
47 36 94
47 37 10
47 39 99
47 41 -81
47 42 3
47 44 24
47 45 3
47 47 31
47 48 -87
47 49 100
48 1 39
48 2 9
48 3 9
48 5 -80
48 6 27
48 7 41
48 8 68
48 9 -84
48 11 -97
48 12 9
48 13 77
48 14 73
48 15 68
48 16 -58
48 17 -64
48 18 -82
48 22 53
48 23 -17
48 24 57
48 25 -98
48 27 -59
48 28 23
48 29 -88
48 30 -91
48 31 36
48 32 -5
48 34 -56
48 36 85
48 37 89
48 38 -21
48 39 -2
48 40 38
48 41 33
48 42 -59
48 43 79
48 44 -23
48 45 72
48 46 -81
48 48 -58
48 49 34
49 0 10
49 1 57
49 2 14
49 3 -27
49 5 -37
49 6 20
49 9 -97
49 10 84
49 11 -66
49 13 -53
49 14 -7
49 15 54
49 16 -20
49 17 71
49 18 65
49 19 -76
49 20 81
49 21 26
49 22 -49
49 23 87
49 24 -56
49 25 -87
49 26 -44
49 27 75
49 28 -78
49 29 -50
49 30 99
49 31 97
49 33 -72
49 34 55
49 36 95
49 37 90
49 39 88
49 40 -93
49 41 56
49 42 83
49 43 -66
49 44 43
49 46 76
49 47 -52
49 48 -91