0 3 65
0 4 -54
0 5 33
0 8 -49
0 11 -23
0 13 55
0 15 -79
0 16 80
0 17 -5
0 19 73
0 21 87
0 22 70
0 23 45
0 24 -19
0 25 31
0 27 7
0 28 80
0 29 91
0 30 6
0 31 21
0 33 41
0 35 -98
0 36 -74
0 37 16
0 38 16
0 39 33
0 40 -18
0 44 40
0 45 34
0 46 -30
0 48 -72
0 49 97
0 50 -79
0 51 8
0 52 94
0 54 -76
0 55 -89
0 59 82
0 61 -14
0 62 32
0 63 -55
0 64 92
0 65 -43
0 66 -80
0 67 -100
0 68 94
0 69 13
0 70 15
0 73 55
0 74 -20
0 75 97
0 76 -24
0 78 -21
0 80 -75
0 81 9
0 83 -48
0 84 68
0 85 -92
0 87 94
0 88 -4
0 89 30
0 90 -46
0 91 20
0 92 32
0 93 -90
0 94 45
0 95 -11
0 96 9
0 98 14
0 99 84
1 0 -43
1 1 -76
1 3 -46
1 4 76
1 6 -1
1 7 -16
1 8 -22
1 9 36
1 10 35
1 11 96
1 12 33
1 13 -55
1 16 19
1 18 52
1 20 59
1 21 43
1 22 -98
1 24 -98
1 27 11
1 28 -32
1 29 69
1 32 81
1 33 -56
1 35 19
1 37 -100
1 38 48
1 39 58
1 41 -96
1 42 47
1 43 21
1 44 52
1 45 56
1 46 92
1 47 -3
1 48 77
1 49 54
1 50 44
1 51 87
1 53 10
1 54 54
1 57 80
1 58 -36
1 60 27
1 63 -50
1 64 9
1 66 -16
1 67 35
1 68 90
1 69 -19
1 71 -18
1 72 37
1 73 82
1 74 -92
1 76 -100
1 79 -75
1 80 -53
1 82 -82
1 84 79
1 87 -58
1 92 40
1 93 -4
1 95 35
1 96 45
1 98 -19
2 0 -44
2 1 -54
2 2 16
2 4 -63
2 6 -65
2 7 -88
2 9 6
2 10 -52
2 11 42
2 12 -73
2 13 -15
2 14 -25
2 15 13
2 16 -10
2 17 51
2 18 99
2 19 -54
2 20 -88
2 22 57
2 24 -69
2 25 -88
2 26 -80
2 27 64
2 28 -14
2 29 11
2 30 -71
2 31 -9
2 33 -40
2 34 -48
2 35 22
2 37 41
2 38 23
2 39 -67
2 40 94
2 41 -75
2 43 -28
2 44 -37
2 45 -49
2 47 -5
2 49 57
2 51 16
2 53 67
2 54 20
2 55 20
2 63 84
2 64 -3
2 66 24
2 67 -14
2 71 -44
2 72 63
2 73 96
2 74 -38
2 75 13
2 77 -97
2 78 -54
2 79 -83
2 81 65
2 82 -78
2 84 -72
2 85 80
2 86 15
2 90 -44
2 91 51
2 92 -34
2 93 -10
2 96 -73
2 97 -17
2 98 47
2 99 41
3 0 -70
3 1 23
3 3 -11
3 4 -20
3 5 -31
3 6 6
3 7 -64
3 9 -85
3 11 20
3 12 -56
3 13 6
3 14 92
3 15 -70
3 16 -19
3 17 47
3 19 74
3 20 7
3 23 89
3 24 -13
3 25 33
3 27 -83
3 28 -58
3 29 81
3 30 21
3 33 57
3 34 -84
3 35 -86
3 36 94
3 37 -77
3 39 -8
3 42 -9
3 43 -42
3 45 -49
3 48 -39
3 51 -30
3 53 -80
3 56 -12
3 60 81
3 62 -40
3 63 -10
3 64 60
3 65 -53
3 66 -16
3 67 -57
3 68 -19
3 69 -53
3 71 -65
3 72 39
3 74 24
3 80 97
3 81 -13
3 83 79
3 84 70
3 86 -18
3 87 68
3 88 92
3 90 69
3 92 -13
3 93 -5
3 94 -27
3 95 12
3 96 -60
3 97 64
3 98 5
4 1 -97
4 3 -52
4 4 -56
4 5 -35
4 8 38
4 10 -7
4 11 -18
4 14 31
4 15 -71
4 16 -94
4 17 -81
4 18 36
4 19 78
4 21 33
4 22 5
4 23 -60
4 25 -3
4 27 84
4 28 69
4 29 56
4 31 -2
4 32 -78
4 33 68
4 34 -22
4 35 9
4 38 54
4 39 12
4 40 -2
4 41 10
4 42 -43
4 43 40
4 44 72
4 46 -94
4 47 -52
4 48 -60
4 49 -35
4 50 -16
4 51 26
4 53 61
4 55 95
4 56 28
4 57 66
4 58 84
4 59 -80
4 60 6
4 62 73
4 63 -60
4 65 1
4 66 16
4 67 48
4 69 38
4 70 -72
4 73 -55
4 74 -99
4 75 16
4 76 91
4 77 -73
4 78 87
4 80 24
4 82 -10
4 84 -25
4 85 -62
4 87 -11
4 89 64
4 90 -51
4 91 -98
4 92 -97
4 93 89
4 96 1
4 98 -63
5 1 98
5 2 -100
5 3 -1
5 7 80
5 8 18
5 9 35
5 11 94
5 12 89
5 15 -94
5 16 59
5 19 97
5 20 33
5 21 32
5 22 -42
5 23 42
5 24 -3
5 25 -93
5 28 71
5 30 49
5 31 55
5 32 -99
5 36 14
5 37 98
5 38 61
5 39 59
5 40 66
5 42 -38
5 45 3
5 46 54
5 47 -25
5 49 -46
5 50 98
5 52 -36
5 54 35
5 57 74
5 60 47
5 63 -47
5 64 57
5 65 90
5 66 82
5 67 -64
5 68 -56
5 69 79
5 71 -1
5 72 -22
5 73 15
5 74 -2
5 80 3
5 81 82
5 82 -89
5 85 11
5 89 44
5 90 12
5 92 -68
5 93 -58
5 94 40
5 96 1
5 97 85
5 98 -41
5 99 22
6 0 -34
6 1 -84
6 2 -40
6 3 30
6 4 97
6 6 -18
6 7 -90
6 8 -48
6 9 74
6 10 -88
6 12 -13
6 13 34
6 14 -45
6 15 -46
6 16 -98
6 17 -65
6 18 -72
6 20 -1
6 21 -97
6 24 -35
6 27 -52
6 29 -95
6 32 -72
6 33 42
6 35 58
6 42 54
6 47 75
6 48 -95
6 49 47
6 50 40
6 51 86
6 52 -58
6 53 24
6 54 71
6 55 92
6 56 -97
6 57 55
6 60 31
6 61 32
6 63 46
6 64 24
6 65 -17
6 66 -82
6 67 67
6 68 -27
6 71 -56
6 72 10
6 73 71
6 74 -40
6 76 36
6 77 1
6 79 2
6 80 64
6 82 -60
6 83 -95
6 85 48
6 86 -22
6 87 48
6 88 56
6 91 -88
6 92 36
6 93 -14
6 94 -32
6 95 65
6 97 -72
6 98 39
7 0 -67
7 1 46
7 2 -50
7 4 -97
7 5 -13
7 7 -56
7 11 -54
7 12 75
7 13 -7
7 15 -94
7 16 98
7 18 -86
7 21 78
7 22 -91
7 24 58
7 25 -94
7 28 30
7 29 69
7 31 68
7 32 -48
7 33 7
7 34 -97
7 36 -31
7 37 40
7 38 96
7 39 76
7 41 18
7 42 12
7 44 -78
7 45 88
7 46 -68
7 47 49
7 48 -71
7 49 -59
7 51 -73
7 53 49
7 54 23
7 56 32
7 57 9
7 58 -68
7 59 -41
7 62 62
7 64 -69
7 67 -86
7 69 66
7 72 54
7 74 10
7 76 -97
7 77 65
7 78 65
7 79 -54
7 80 -92
7 81 -6
7 82 -34
7 83 -9
7 84 -78
7 86 -91
7 87 43
7 88 54
7 89 -14
7 91 71
7 94 -10
7 95 74
7 97 -17
7 98 -18
8 0 -96
8 1 -78
8 2 -100
8 3 -20
8 4 29
8 5 -10
8 10 -80
8 11 -66
8 12 79
8 15 81
8 16 -87
8 17 22
8 21 -32
8 26 -26
8 30 28
8 31 -43
8 32 -25
8 33 -25
8 34 59
8 36 37
8 40 53
8 43 -62
8 45 -20
8 47 88
8 51 61
8 52 95
8 53 53
8 54 -16
8 55 70
8 56 31
8 60 -86
8 61 -35
8 62 -86
8 65 63
8 66 36
8 67 74
8 69 -50
8 70 91
8 71 -10
8 72 -48
8 74 49
8 76 12
8 81 -27
8 83 -67
8 84 77
8 86 -85
8 88 29
8 90 -86
8 91 28
8 92 -12
8 93 -26
8 96 -39
8 97 49
8 99 -53
9 1 7
9 2 -81
9 10 17
9 11 97
9 12 -89
9 13 7
9 17 40
9 18 47
9 21 70
9 23 41
9 24 98
9 26 -27
9 27 96
9 29 38
9 30 16
9 33 -8
9 34 7
9 35 59
9 36 47
9 37 68
9 38 -27
9 40 -1
9 43 94
9 46 -13
9 48 -59
9 54 -62
9 60 81
9 61 76
9 64 -75
9 65 54
9 66 -42
9 68 8
9 69 -45
9 70 -31
9 71 73
9 75 73
9 78 -50
9 79 -88
9 80 -56
9 81 -44
9 82 23
9 85 96
9 86 35
9 87 32
9 89 33
9 92 54
9 93 -11
9 94 -88
9 95 -71
9 96 -17
9 98 -32
9 99 58
10 0 -36
10 1 -62
10 2 -78
10 4 -48
10 7 -45
10 8 -92
10 9 -64
10 10 -74
10 11 7
10 13 -63
10 15 -70
10 16 -72
10 18 -93
10 21 -41
10 22 92
10 23 19
10 25 -52
10 26 -72
10 32 60
10 34 58
10 37 34
10 41 61
10 44 -38
10 46 60
10 47 83
10 48 95
10 49 29
10 50 96
10 53 -5
10 55 57
10 56 22
10 57 -78
10 58 53
10 59 59
10 60 36
10 61 11
10 64 -66
10 65 -71
10 66 -49
10 68 97
10 69 93
10 71 -98
10 73 81
10 75 38
10 76 57
10 79 20
10 80 88
10 81 -74
10 82 76
10 83 27
10 85 34
10 87 92
10 88 -78
10 89 84
10 90 -27
10 92 43
10 93 17
10 94 63
10 98 10
10 99 17
11 1 67
11 2 -22
11 3 -14
11 6 -27
11 7 -86
11 8 75
11 9 -33
11 12 16
11 13 14
11 16 100
11 17 85
11 18 33
11 19 -38
11 21 29
11 22 -54
11 23 70
11 25 -67
11 28 31
11 29 -85
11 31 -25
11 33 33
11 34 -17
11 35 -31
11 36 57
11 38 34
11 39 -61
11 41 -36
11 43 35
11 44 -21
11 45 -20
11 46 71
11 48 29
11 49 81
11 51 35
11 52 -75
11 53 -69
11 55 -70
11 56 -87
11 57 16
11 60 -81
11 61 18
11 63 77
11 64 -75
11 65 -77
11 66 36
11 67 -43
11 68 37
11 69 75
11 73 -29
11 75 77
11 76 26
11 81 11
11 82 -7
11 83 -81
11 84 7
11 86 53
11 89 27
11 90 20
11 91 82
11 93 -65
11 95 -2
11 97 -73
11 98 -92
12 1 22
12 2 77
12 3 21
12 4 -83
12 5 14
12 6 7
12 7 -15
12 8 71
12 9 -5
12 12 79
12 13 -82
12 14 -20
12 16 83
12 17 -81
12 18 -21
12 19 89
12 22 34
12 24 23
12 26 54
12 28 -45
12 29 72
12 32 46
12 34 -8
12 37 51
12 38 -33
12 39 -12
12 40 15
12 41 -40
12 42 -82
12 43 47
12 44 -29
12 45 2
12 46 -34
12 47 -100
12 48 -97
12 50 11
12 51 -25
12 53 -95
12 54 43
12 57 76
12 58 18
12 59 -60
12 61 -63
12 62 33
12 63 -90
12 64 3
12 65 -92
12 66 -52
12 67 53
12 69 49
12 70 -33
12 71 47
12 72 77
12 73 76
12 74 79
12 76 -72
12 79 47
12 81 -30
12 83 -80
12 86 85
12 88 -88
12 89 -76
12 91 -72
12 94 -24
12 95 22
12 96 29
12 98 27
12 99 -3
13 0 -51
13 1 -17
13 3 86
13 4 -96
13 5 23
13 8 94
13 9 97
13 10 47
13 11 -49
13 14 59
13 15 12
13 18 -89
13 19 52
13 20 -85
13 22 91
13 23 -92
13 25 67
13 26 16
13 27 1
13 29 -95
13 30 -10
13 31 -13
13 35 -59
13 36 97
13 37 26
13 40 10
13 41 87
13 43 -88
13 44 72
13 46 -11
13 47 -27
13 50 89
13 51 78
13 52 -57
13 53 -66
13 54 56
13 55 -46
13 57 -35
13 58 25
13 59 2
13 60 -49
13 62 -35
13 63 53
13 65 -20
13 67 -60
13 68 -69
13 69 -92
13 71 -66
13 75 63
13 76 7
13 77 -62
13 78 18
13 79 37
13 80 -5
13 83 43
13 85 42
13 88 -84
13 89 3
13 90 -52
13 91 67
13 92 -94
13 93 -47
13 96 -54
13 98 -45
14 0 -94
14 1 -79
14 4 3
14 5 -78
14 7 13
14 8 17
14 12 55
14 16 -80
14 18 -67
14 20 21
14 21 12
14 23 41
14 25 -18
14 28 24
14 29 -1
14 31 50
14 32 55
14 33 27
14 34 -81
14 36 24
14 38 31
14 39 40
14 42 1
14 45 95
14 46 79
14 49 -34
14 51 -14
14 52 -86
14 54 75
14 56 -52
14 57 25
14 58 -73
14 60 30
14 61 45
14 62 65
14 66 16
14 67 70
14 68 23
14 70 -25
14 71 -40
14 73 -88
14 74 -8
14 77 1
14 83 -22
14 84 78
14 85 31
14 87 59
14 88 69
14 89 -34
14 91 -53
14 93 -81
14 94 90
14 96 88
14 99 -63
15 2 -46
15 3 -79
15 4 55
15 5 -90
15 6 -63
15 8 -96
15 10 -90
15 11 -41
15 13 55
15 15 -62
15 17 -15
15 18 21
15 19 -40
15 22 -73
15 24 60
15 25 -93
15 26 -45
15 27 -48
15 30 -6
15 31 35
15 32 67
15 33 14
15 34 -98
15 36 100
15 37 -22
15 39 3
15 44 82
15 45 -22
15 47 -100
15 48 -15
15 50 30
15 51 100
15 52 64
15 53 6
15 54 -69
15 57 68
15 61 -68
15 62 34
15 63 37
15 64 -13
15 66 -93
15 67 77
15 68 -89
15 73 37
15 74 100
15 77 -4
15 79 -69
15 80 -23
15 81 27
15 86 12
15 89 -77
15 91 85
15 92 3
15 96 -60
15 98 -81
15 99 -34
16 1 60
16 2 -42
16 3 47
16 4 83
16 5 47
16 7 88
16 8 -53
16 9 -10
16 12 -57
16 13 4
16 14 93
16 15 68
16 17 51
16 18 -91
16 20 32
16 21 68
16 24 -83
16 25 -16
16 27 27
16 29 51
16 31 -70
16 32 2
16 33 -78
16 34 -75
16 35 44
16 36 -17
16 37 4
16 38 75
16 39 2
16 40 -94
16 41 1
16 42 -85
16 43 5
16 44 -7
16 45 -87
16 46 -3
16 47 13
16 48 -30
16 49 -96
16 50 -74
16 51 -20
16 52 -67
16 53 -25
16 55 -60
16 56 -82
16 57 1
16 58 22
16 60 -61
16 62 -18
16 64 2
16 65 -36
16 67 -33
16 70 30
16 73 35
16 76 -99
16 77 -57
16 78 -47
16 79 -12
16 80 -60
16 85 -68
16 87 7
16 88 -66
16 89 -90
16 90 85
16 94 -54
16 95 34
16 96 -93
16 97 -33
16 98 -73
17 0 76
17 4 84
17 5 89
17 6 -63
17 8 12
17 11 -34
17 12 -92
17 15 -64
17 16 76
17 17 -31
17 18 -8
17 19 -28
17 20 -3
17 21 -51
17 22 20
17 23 66
17 25 -98
17 26 -57
17 29 19
17 30 -85
17 31 46
17 32 93
17 34 85
17 35 16
17 36 95
17 37 -47
17 40 21
17 42 93
17 45 15
17 46 -89
17 50 -93
17 52 -100
17 54 -31
17 57 82
17 59 42
17 60 39
17 61 -84
17 65 73
17 67 -82
17 69 -68
17 70 -60
17 73 -83
17 74 -54
17 75 8
17 78 -2
17 79 -45
17 80 18
17 82 -61
17 83 68
17 85 -49
17 88 -30
17 89 73
17 90 65
17 92 67
17 94 1
17 95 92
17 96 -92
17 98 2
17 99 78
18 1 32
18 2 50
18 3 17
18 5 84
18 7 50
18 8 -40
18 9 41
18 12 39
18 13 60
18 15 -7
18 16 63
18 17 97
18 20 52
18 21 -19
18 23 -83
18 27 48
18 29 -15
18 30 54
18 33 38
18 35 -65
18 37 -1
18 39 87
18 40 -66
18 41 65
18 42 -81
18 44 -68
18 45 -8
18 47 -23
18 50 -3
18 51 -38
18 52 64
18 54 54
18 55 1
18 57 -86
18 59 68
18 61 -45
18 62 -5
18 64 -60
18 65 18
18 66 100
18 68 54
18 70 82
18 71 36
18 73 -40
18 74 39
18 75 86
18 78 55
18 79 44
18 81 -98
18 82 -18
18 83 -40
18 84 27
18 85 -100
18 86 14
18 89 -80
18 91 2
18 92 85
18 94 -24
18 96 -27
18 98 50
19 0 -27
19 2 70
19 3 62
19 4 -99
19 5 40
19 6 82
19 7 -56
19 8 -31
19 14 17
19 15 11
19 16 -51
19 17 53
19 22 -89
19 23 42
19 24 46
19 25 -72
19 26 71
19 27 2
19 28 -88
19 32 -31
19 33 -57
19 34 -70
19 35 -97
19 37 -30
19 39 60
19 41 19
19 44 -44
19 46 49
19 47 50
19 48 -47
19 49 -15
19 50 41
19 51 43
19 54 32
19 56 14
19 57 -39
19 59 -89
19 60 54
19 63 19
19 65 48
19 66 82
19 67 -48
19 70 16
19 72 21
19 77 7
19 78 20
19 80 -87
19 81 23
19 82 -34
19 83 -17
19 85 95
19 87 -50
19 92 39
19 94 -75
19 97 -89
19 99 -10
20 1 -36
20 2 56
20 4 -58
20 7 90
20 9 -98
20 12 1
20 13 54
20 14 -98
20 15 100
20 17 -15
20 19 2
20 20 81
20 23 -87
20 25 -1
20 26 -21
20 27 64
20 28 -80
20 31 -3
20 37 -89
20 38 -95
20 42 49
20 43 37
20 45 13
20 46 25
20 48 36
20 49 27
20 50 37
20 51 26
20 58 89
20 59 -41
20 61 -76
20 62 3
20 64 -49
20 65 -23
20 66 -97
20 67 -45
20 68 14
20 71 -89
20 72 -94
20 76 -53
20 77 92
20 78 40
20 79 40
20 80 -84
20 81 -29
20 82 29
20 86 56
20 87 72
20 88 -29
20 89 -40
20 90 32
20 91 3
20 92 44
20 93 -5
20 95 -27
20 96 78
20 98 -74
20 99 32
21 0 -70
21 1 -43
21 3 -89
21 4 -40
21 6 -91
21 7 -59
21 8 -68
21 9 -19
21 11 75
21 12 -72
21 15 5
21 16 2
21 18 -86
21 22 -58
21 23 -13
21 24 -11
21 25 -62
21 27 -5
21 28 -10
21 29 -86
21 30 -15
21 31 -49
21 32 96
21 33 10
21 34 -25
21 35 86
21 38 15
21 40 -90
21 44 -83
21 47 -88
21 49 -66
21 50 -19
21 51 26
21 52 46
21 57 -53
21 60 -26
21 62 -74
21 63 -85
21 67 14
21 68 55
21 69 -83
21 72 -78
21 74 95
21 75 -14
21 76 -89
21 77 -1
21 78 -69
21 79 21
21 80 45
21 82 10
21 84 -70
21 85 80
21 87 65
21 88 -33
21 89 83
21 90 -4
21 91 15
21 92 78
21 93 -79
21 94 43
21 97 -77
21 98 -28
22 0 12
22 4 62
22 5 81
22 6 99
22 7 35
22 8 81
22 9 50
22 11 -76
22 12 21
22 14 -55
22 15 9
22 16 -30
22 18 -99
22 21 -1
22 23 -16
22 25 13
22 28 -76
22 29 93
22 30 -35
22 31 -55
22 34 60
22 39 -24
22 40 -79
22 41 63
22 43 -6
22 46 -48
22 47 -25
22 50 20
22 51 62
22 52 32
22 54 77
22 55 -7
22 57 -60
22 58 25
22 59 -65
22 60 -86
22 62 30
22 63 69
22 65 -22
22 69 -91
22 70 23
22 71 -88
22 72 -21
22 73 -62
22 74 -55
22 75 88
22 76 -43
22 77 16
22 78 -35
22 79 25
22 80 -35
22 81 -41
22 83 -86
22 84 -63
22 85 34
22 86 -60
22 87 81
22 88 -51
22 89 -56
22 90 2
22 93 97
22 94 30
22 95 -26
22 96 66
22 97 81
23 0 90
23 1 -78
23 3 62
23 6 89
23 8 -49
23 10 -97
23 11 -6
23 13 -52
23 14 70
23 17 57
23 18 -74
23 19 95
23 20 1
23 21 41
23 24 65
23 26 31
23 27 22
23 28 63
23 29 -87
23 31 52
23 32 -6
23 34 4
23 35 47
23 36 -8
23 37 -36
23 38 -23
23 40 44
23 42 -31
23 43 -55
23 44 21
23 45 -40
23 47 -21
23 53 56
23 54 -18
23 55 -94
23 57 -82
23 59 -79
23 60 5
23 61 84
23 63 -56
23 64 -71
23 66 -3
23 67 70
23 68 -28
23 69 -53
23 70 -1
23 71 74
23 72 -94
23 74 -9
23 75 55
23 76 -85
23 78 -74
23 79 -35
23 80 58
23 81 26
23 82 31
23 83 -85
23 85 -49
23 87 11
23 91 -81
23 94 75
23 95 -1
23 97 -68
23 99 -20
24 1 -53
24 2 65
24 3 -48
24 4 6
24 6 84
24 7 53
24 10 -10
24 11 26
24 14 99
24 17 19
24 18 -30
24 20 -7
24 21 36
24 22 7
24 23 -26
24 24 -13
24 26 22
24 29 -5
24 30 -25
24 32 47
24 34 36
24 35 2
24 37 20
24 39 23
24 40 47
24 41 -25
24 43 47
24 44 56
24 46 25
24 48 -7
24 49 -38
24 50 -23
24 51 -38
24 52 14
24 53 26
24 54 -4
24 55 -44
24 56 -62
24 57 -54
24 59 12
24 60 85
24 61 -13
24 62 12
24 64 41
24 66 -81
24 69 80
24 70 72
24 71 19
24 73 93
24 74 9
24 76 -62
24 77 41
24 80 -95
24 81 89
24 82 -41
24 83 -54
24 84 84
24 85 -82
24 88 -20
24 92 17
24 95 -97
24 96 -54
24 97 -98
24 99 -90
25 0 73
25 1 60
25 3 69
25 4 4
25 5 47
25 9 99
25 11 62
25 13 93
25 15 -29
25 16 -31
25 17 6
25 18 -97
25 20 10
25 21 19
25 22 98
25 25 -47
25 27 -36
25 29 63
25 32 37
25 34 70
25 35 25
25 37 -34
25 40 -38
25 44 20
25 46 10
25 47 57
25 48 -56
25 49 3
25 50 -80
25 51 -55
25 53 -49
25 54 30
25 56 -36
25 57 83
25 59 -10
25 61 -25
25 63 62
25 64 -81
25 65 24
25 66 -23
25 67 -7
25 68 -98
25 69 61
25 71 29
25 73 89
25 74 -29
25 75 13
25 78 4
25 79 48
25 80 -8
25 81 -29
25 82 -49
25 83 -51
25 84 -99
25 86 43
25 87 11
25 88 90
25 89 44
25 90 28
25 91 23
25 92 39
25 93 39
25 94 17
25 95 -25
25 96 -80
25 97 11
26 0 -3
26 2 59
26 3 -69
26 4 -38
26 5 -48
26 6 43
26 10 -78
26 11 76
26 12 1
26 14 49
26 15 -93
26 16 -39
26 17 52
26 18 -96
26 19 -76
26 20 -67
26 22 -86
26 23 28
26 25 87
26 26 -96
26 28 -93
26 29 -33
26 30 60
26 34 99
26 36 -43
26 37 -58
26 38 -56
26 39 -12
26 41 -49
26 43 61
26 44 -83
26 46 -97
26 47 -16
26 48 -98
26 49 51
26 50 -51
26 51 -99
26 53 78
26 56 -37
26 57 71
26 58 -69
26 61 -20
26 64 -74
26 66 81
26 67 8
26 69 15
26 70 -44
26 71 100
26 73 74
26 75 77
26 77 75
26 79 -87
26 83 3
26 84 53
26 86 -38
26 87 24
26 89 19
26 92 58
26 93 9
26 94 -52
26 95 -61
26 96 -90
27 1 -60
27 3 -63
27 4 -39
27 5 98
27 6 45
27 7 60
27 8 35
27 11 73
27 12 13
27 13 11
27 14 -37
27 15 43
27 17 91
27 18 -44
27 19 -31
27 22 -73
27 24 40
27 26 35
27 27 97
27 28 81
27 31 5
27 32 -65
27 33 29
27 37 -99
27 38 33
27 39 15
27 40 97
27 42 13
27 45 51
27 46 36
27 47 67
27 48 -57
27 50 -44
27 54 -22
27 55 -57
27 56 -19
27 57 -71
27 58 -85
27 60 -8
27 62 17
27 63 37
27 64 -34
27 65 -46
27 66 43
27 68 -70
27 74 -61
27 75 98
27 76 31
27 80 62
27 81 67
27 83 53
27 85 -76
27 88 50
27 91 37
27 94 75
27 96 -37
27 97 -66
27 98 95
27 99 -59
28 4 -80
28 5 -89
28 10 -25
28 15 57
28 16 7
28 20 20
28 21 13
28 22 79
28 25 -14
28 27 -90
28 29 99
28 31 -26
28 32 -11
28 33 52
28 34 75
28 35 5
28 41 -14
28 43 -44
28 46 83
28 47 -90
28 48 -52
28 50 19
28 51 12
28 52 -48
28 53 21
28 56 -16
28 58 40
28 61 -93
28 62 -80
28 63 -33
28 64 90
28 65 -26
28 66 -55
28 68 -95
28 69 -54
28 71 45
28 72 67
28 73 -79
28 74 85
28 76 -97
28 79 -33
28 80 -87
28 82 -38
28 84 -52
28 87 -12
28 89 37
28 95 -39
28 97 57
28 98 67
29 1 -21
29 2 -38
29 4 76
29 5 -58
29 8 97
29 12 42
29 13 97
29 14 79
29 15 -72
29 16 90
29 18 -72
29 20 90
29 23 57
29 24 64
29 26 -60
29 27 -13
29 30 -24
29 33 -100
29 36 -34
29 38 93
29 39 -8
29 40 -73
29 42 -36
29 43 -65
29 44 73
29 45 31
29 48 35
29 50 -24
29 52 -20
29 53 -18
29 54 55
29 55 80
29 56 -71
29 57 28
29 58 -71
29 60 58
29 61 61
29 62 -6
29 63 44
29 64 -58
29 67 -87
29 68 7
29 69 -45
29 70 60
29 71 26
29 73 -21
29 74 -50
29 75 -69
29 76 8
29 78 -90
29 80 14
29 82 -65
29 83 -73
29 84 88
29 85 38
29 86 -33
29 87 17
29 89 -58
29 92 35
29 93 6
29 94 72
29 95 -29
29 96 32
29 98 67
29 99 -22
30 1 -69
30 9 -13
30 11 12
30 12 -6
30 13 68
30 16 -37
30 21 99
30 25 -55
30 26 -52
30 27 14
30 28 -86
30 29 41
30 30 -92
30 31 68
30 34 4
30 35 -10
30 36 -6
30 37 90
30 39 14
30 41 -18
30 42 -72
30 43 -97
30 46 64
30 47 5
30 49 74
30 50 29
30 52 -84
30 54 46
30 55 94
30 56 52
30 57 95
30 58 -59
30 59 88
30 60 -51
30 62 -38
30 63 9
30 64 -24
30 65 4
30 66 -19
30 68 -49
30 69 1
30 70 67
30 71 53
30 73 100
30 74 46
30 75 68
30 76 -69
30 77 17
30 78 54
30 80 -59
30 81 -3
30 82 38
30 83 51
30 85 94
30 87 83
30 88 -61
30 89 49
30 90 -11
30 91 -18
30 94 73
30 98 -68
30 99 -50
31 0 89
31 2 34
31 3 -7
31 5 91
31 7 2
31 9 1
31 10 21
31 11 54
31 12 -47
31 13 59
31 15 -35
31 17 -91
31 26 26
31 28 -100
31 32 -36
31 33 15
31 34 77
31 38 8
31 40 -28
31 41 25
31 44 52
31 47 -9
31 49 3
31 52 -43
31 55 -38
31 56 44
31 57 89
31 58 44
31 59 -61
31 60 74
31 61 87
31 64 -48
31 65 24
31 66 -58
31 68 1
31 70 -91
31 71 -4
31 72 48
31 74 92
31 75 10
31 76 -82
31 77 -44
31 78 -49
31 80 -76
31 81 -34
31 82 30
31 83 9
31 84 -98
31 85 -64
31 87 17
31 88 30
31 92 -68
31 93 39
31 94 64
31 97 17
31 99 52
32 3 35
32 4 44
32 9 -41
32 10 64
32 11 11
32 13 -40
32 14 -69
32 18 47
32 21 92
32 23 -88
32 27 100
32 28 -65
32 29 77
32 32 -62
32 34 -51
32 35 85
32 38 30
32 39 -94
32 43 -82
32 44 -58
32 51 95
32 54 58
32 56 31
32 57 70
32 59 74
32 60 26
32 62 87
32 63 11
32 65 12
32 66 91
32 67 83
32 68 72
32 70 1
32 72 -91
32 73 42
32 75 -27
32 76 -49
32 77 -27
32 78 47
32 80 -77
32 82 -16
32 83 12
32 84 52
32 85 54
32 86 59
32 87 92
32 88 11
32 89 -41
32 90 45
32 92 47
32 94 -68
32 96 -78
32 97 -64
33 0 -88
33 1 85
33 2 -13
33 3 -84
33 4 45
33 5 13
33 8 36
33 11 73
33 12 16
33 14 73
33 15 61
33 16 -13
33 17 7
33 18 -87
33 19 57
33 20 -28
33 22 -72
33 23 -4
33 24 81
33 25 13
33 26 -49
33 28 51
33 30 -99
33 37 -73
33 39 83
33 43 47
33 44 -2
33 45 -92
33 46 -60
33 48 -48
33 49 54
33 52 3
33 53 -95
33 54 93
33 55 82
33 58 41
33 59 -60
33 60 -60
33 61 8
33 62 -31
33 63 -27
33 65 -47
33 67 24
33 69 -56
33 72 -5
33 73 -22
33 75 -97
33 76 -79
33 78 89
33 81 80
33 82 -29
33 83 -4
33 84 41
33 85 -67
33 89 46
33 92 -9
33 93 -16
33 94 32
33 95 -55
33 96 -89
33 97 25
33 98 69
33 99 -61
34 3 99
34 6 -40
34 8 94
34 9 -13
34 10 33
34 12 -68
34 13 34
34 15 41
34 16 -53
34 17 93
34 19 -34
34 23 34
34 24 49
34 25 -34
34 27 -21
34 31 56
34 32 -51
34 34 92
34 35 -44
34 36 68
34 37 23
34 38 -72
34 39 39
34 40 43
34 42 -34
34 43 25
34 45 -65
34 46 -42
34 47 -65
34 48 2
34 49 67
34 52 -71
34 53 3
34 54 -42
34 55 -50
34 58 -61
34 60 83
34 61 -60
34 63 81
34 64 -38
34 65 52
34 67 -21
34 72 79
34 75 76
34 76 99
34 79 78
34 80 20
34 85 -10
34 86 -23
34 88 93
34 90 -99
34 94 -88
34 96 -23
34 98 -85
34 99 49
35 1 59
35 4 -63
35 5 84
35 6 -53
35 8 11
35 9 -40
35 11 -44
35 14 81
35 15 -8
35 16 27
35 17 39
35 18 -11
35 19 -21
35 22 65
35 23 23
35 24 34
35 27 55
35 28 6
35 33 -70
35 34 41
35 35 -48
35 39 -68
35 40 71
35 43 96
35 48 -33
35 49 26
35 51 9
35 54 -56
35 55 -9
35 56 4
35 57 45
35 58 10
35 59 53
35 60 86
35 62 -34
35 63 56
35 64 -56
35 65 69
35 67 49
35 68 19
35 70 -38
35 72 28
35 73 19
35 74 10
35 76 34
35 77 40
35 80 -76
35 82 36
35 83 -18
35 84 53
35 85 -73
35 86 -65
35 87 35
35 90 69
35 92 -50
35 97 80
35 98 53
36 1 -88
36 2 92
36 3 -67
36 7 58
36 9 91
36 10 -76
36 11 -14
36 12 76
36 13 -30
36 17 35
36 18 -53
36 21 -97
36 22 31
36 23 -49
36 28 12
36 30 8
36 31 15
36 33 -27
36 35 -100
36 36 84
36 38 52
36 39 8
36 40 1
36 43 58
36 46 -3
36 47 -2
36 48 63
36 49 -12
36 50 6
36 51 84
36 53 -8
36 57 14
36 58 -47
36 60 21
36 61 -34
36 62 48
36 65 -59
36 66 -31
36 69 -26
36 70 -59
36 72 32
36 73 77
36 74 -84
36 75 -39
36 76 -86
36 77 -61
36 78 -41
36 79 33
36 80 60
36 81 -18
36 82 74
36 83 -63
36 85 -92
36 86 30
36 88 76
36 90 70
36 91 -6
36 92 -69
36 94 4
36 95 52
36 96 -57
36 97 -86
37 2 -49
37 3 45
37 4 -61
37 5 19
37 6 98
37 8 77
37 9 -90
37 11 -99
37 12 -56
37 13 70
37 14 56
37 16 19
37 17 -87
37 18 71
37 19 78
37 20 90
37 22 -68
37 24 54
37 25 -95
37 26 -10
37 30 27
37 31 -94
37 34 -23
37 37 26
37 38 27
37 39 -96
37 41 58
37 42 -72
37 43 96
37 45 70
37 46 -78
37 48 -11
37 50 99
37 52 78
37 54 -93
37 56 -83
37 58 45
37 60 -32
37 61 -95
37 62 -88
37 63 -18
37 64 -57
37 65 -22
37 66 -27
37 67 75
37 69 91
37 70 -23
37 73 12
37 75 6
37 78 10
37 81 85
37 82 -98
37 84 64
37 87 5
37 88 -49
37 89 11
37 90 83
37 92 45
37 95 33
37 97 -63
37 99 -40
38 0 25
38 1 -28
38 4 -90
38 5 -70
38 9 61
38 10 -21
38 11 5
38 13 99
38 17 -71
38 22 -41
38 23 -27
38 24 64
38 27 -35
38 29 78
38 32 -98
38 33 69
38 34 13
38 37 94
38 39 -50
38 40 -77
38 41 -74
38 46 9
38 47 -43
38 48 79
38 50 3
38 51 -28
38 53 81
38 54 -31
38 56 -31
38 58 65
38 59 44
38 60 15
38 61 -45
38 64 68
38 66 -56
38 68 44
38 73 -37
38 74 58
38 75 5
38 76 -49
38 78 65
38 80 65
38 81 7
38 85 63
38 86 13
38 87 59
38 89 -49
38 90 -40
38 92 -28
38 93 -56
38 95 -10
39 1 -60
39 2 -49
39 3 -18
39 5 67
39 6 1
39 8 -10
39 11 94
39 13 -62
39 16 -28
39 17 2
39 18 -69
39 20 -75
39 22 -48
39 23 -29
39 27 72
39 28 86
39 30 46
39 33 -98
39 34 5
39 36 3
39 37 54
39 38 32
39 39 77
39 40 49
39 41 -28
39 42 -7
39 43 -23
39 44 2
39 46 -55
39 48 73
39 49 -63
39 50 45
39 53 -45
39 54 -39
39 55 18
39 61 37
39 63 -14
39 64 -32
39 65 -85
39 66 86
39 67 86
39 68 18
39 69 10
39 72 50
39 77 93
39 79 -77
39 80 -66
39 81 80
39 84 48
39 85 -39
39 87 97
39 90 91
39 92 23
39 93 36
39 94 -24
39 95 -30
39 96 98
39 97 -30
39 98 52
40 0 19
40 2 91
40 3 20
40 4 57
40 6 -44
40 7 -17
40 8 29
40 9 -98
40 10 57
40 14 4
40 17 -36
40 19 94
40 20 40
40 23 -11
40 24 10
40 26 -72
40 28 -90
40 29 -25
40 31 84
40 32 30
40 33 -90
40 34 48
40 36 -98
40 37 -90
40 38 45
40 40 -22
40 41 -3
40 43 30
40 46 -79
40 50 23
40 52 90
40 53 70
40 54 -17
40 56 -26
40 57 86
40 58 44
40 60 -36
40 65 -68
40 66 -93
40 67 42
40 70 -50
40 71 -28
40 72 14
40 74 84
40 75 37
40 77 76
40 80 10
40 84 85
40 85 -53
40 87 -95
40 88 -68
40 89 -47
40 90 39
40 91 35
40 92 54
40 93 -36
40 94 29
40 96 -11
40 97 -78
40 99 41
41 0 -34
41 1 25
41 3 34
41 4 -25
41 5 -97
41 10 -97
41 12 95
41 13 69
41 15 96
41 16 -41
41 19 65
41 20 -37
41 21 -61
41 22 -13
41 23 9
41 25 95
41 26 48
41 27 96
41 28 -59
41 29 9
41 30 -91
41 33 75
41 34 -11
41 35 -71
41 42 73
41 44 -28
41 45 -82
41 46 -32
41 49 -55
41 51 -32
41 52 -38
41 53 -85
41 55 59
41 56 -55
41 57 79
41 58 -4
41 59 -80
41 61 62
41 62 -100
41 66 4
41 67 66
41 68 -64
41 70 58
41 72 -78
41 73 45
41 74 -24
41 75 -2
41 78 92
41 79 -71
41 81 94
41 82 81
41 84 7
41 85 -97
41 86 -36
41 89 23
41 90 -97
41 91 -34
41 92 53
41 94 84
41 96 -54
41 97 -56
42 0 99
42 3 -51
42 7 71
42 9 -58
42 12 -92
42 15 64
42 18 -3
42 19 -84
42 20 -5
42 22 83
42 24 -74
42 25 66
42 26 75
42 27 100
42 28 -66
42 29 87
42 31 -71
42 34 -53
42 36 -40
42 37 -87
42 43 30
42 44 -86
42 45 -99
42 46 91
42 48 -1
42 49 23
42 50 -58
42 52 5
42 53 87
42 54 93
42 57 -11
42 61 95
42 62 69
42 63 36
42 65 69
42 67 -26
42 69 24
42 71 51
42 74 -29
42 77 92
42 78 -50
42 84 -53
42 85 -6
42 88 -78
42 89 -44
42 90 42
42 91 42
42 92 -76
42 93 -72
42 96 71
42 97 2
42 99 99
43 1 59
43 5 85
43 6 -85
43 7 -22
43 11 89
43 13 -8
43 14 9
43 15 -17
43 18 22
43 19 -89
43 20 69
43 21 -20
43 24 -37
43 25 -95
43 26 65
43 27 67
43 30 -95
43 31 98
43 32 -78
43 33 -85
43 34 -26
43 35 67
43 38 -67
43 41 95
43 42 -61
43 43 -42
43 45 28
43 46 -49
43 47 -13
43 50 27
43 51 -8
43 52 -18
43 54 37
43 55 -44
43 57 66
43 58 36
43 59 -3
43 65 62
43 66 -31
43 67 -21
43 69 51
43 70 -9
43 72 60
43 73 43
43 75 -72
43 76 -26
43 78 53
43 80 7
43 82 55
43 83 50
43 84 46
43 89 -16
43 91 -12
43 93 -29
43 95 -45
43 96 66
43 97 -10
43 98 59
44 1 94
44 2 18
44 4 92
44 5 49
44 14 -70
44 15 -14
44 19 42
44 20 -63
44 23 31
44 24 -97
44 25 22
44 26 54
44 28 29
44 30 46
44 35 70
44 36 35
44 39 -47
44 40 70
44 42 19
44 43 -94
44 47 14
44 48 48
44 49 -86
44 52 -54
44 53 84
44 54 -86
44 55 -73
44 56 -21
44 57 -82
44 58 11
44 59 -6
44 60 -47
44 61 91
44 62 38
44 67 -11
44 68 -80
44 69 67
44 70 -84
44 72 -54
44 73 42
44 74 -72
44 77 24
44 78 -44
44 79 29
44 81 -94
44 84 89
44 86 -57
44 90 19
44 91 -42
44 92 6
44 93 -2
44 95 -38
44 96 49
44 99 38
45 1 -45
45 2 33
45 4 -36
45 6 -48
45 8 -94
45 9 57
45 10 26
45 11 54
45 15 15
45 17 -40
45 21 -81
45 22 -96
45 23 22
45 24 -85
45 25 -13
45 27 -64
45 28 -80
45 29 -40
45 32 86
45 34 -94
45 36 57
45 39 -74
45 40 -82
45 41 33
45 42 4
45 43 -63
45 44 -8
45 45 -42
45 46 97
45 47 2
45 48 65
45 49 45
45 50 -89
45 52 -63
45 53 -4
45 55 -2
45 56 89
45 58 -4
45 60 -95
45 61 94
45 63 72
45 66 -40
45 68 42
45 69 -81
45 71 -90
45 72 95
45 73 6
45 74 89
45 77 -62
45 80 -11
45 81 -41
45 82 62
45 83 72
45 84 51
45 87 93
45 90 -1
45 92 99
45 93 33
45 95 -55
45 97 19
45 98 79
45 99 35
46 0 -2
46 3 -15
46 4 86
46 5 -34
46 7 90
46 8 23
46 10 -9
46 11 -31
46 13 74
46 14 11
46 15 -9
46 16 90
46 17 -75
46 18 -22
46 19 99
46 21 -61
46 23 44
46 28 -67
46 31 94
46 32 79
46 33 62
46 37 -31
46 38 85
46 40 98
46 43 42
46 44 12
46 45 84
46 49 -82
46 50 47
46 52 -31
46 53 93
46 54 84
46 56 4
46 58 25
46 59 -27
46 60 3
46 61 -72
46 63 -26
46 65 34
46 66 -16
46 68 -16
46 69 -38
46 70 -81
46 71 -65
46 76 -91
46 79 -3
46 81 100
46 83 -79
46 84 -79
46 86 86
46 87 32
46 90 15
46 91 -9
46 92 44
46 93 15
46 94 88
46 95 1
46 96 -24
46 99 20
47 0 -34
47 1 -97
47 3 -90
47 4 55
47 5 -100
47 6 -8
47 7 58
47 8 67
47 9 76
47 11 38
47 12 83
47 13 -53
47 15 -94
47 16 61
47 18 -76
47 19 73
47 22 93
47 25 45
47 26 -40
47 27 -42
47 28 -4
47 29 -41
47 32 -67
47 36 97
47 37 -75
47 40 -36
47 42 -88
47 43 21
47 45 -96
47 46 -4
47 47 10
47 48 9
47 52 -70
47 53 -65
47 54 -29
47 56 24
47 58 19
47 59 -76
47 60 36
47 61 -29
47 62 81
47 64 -17
47 65 -60
47 67 80
47 70 -18
47 73 35
47 74 -49
47 78 74
47 81 -60
47 82 98
47 88 65
47 90 -39
47 91 -99
47 92 -50
47 94 -92
47 95 -23
47 97 77
48 0 10
48 1 -10
48 2 81
48 3 -76
48 4 -63
48 5 54
48 8 -67
48 9 58
48 10 18
48 11 -54
48 13 -39
48 15 21
48 17 31
48 18 -11
48 19 9
48 22 -86
48 23 -19
48 24 33
48 26 -61
48 28 95
48 30 79
48 32 -26
48 34 83
48 35 -33
48 36 54
48 37 -80
48 38 -53
48 39 -86
48 42 -9
48 43 -56
48 44 -100
48 45 66
48 46 -75
48 49 19
48 51 -93
48 52 -42
48 54 -94
48 55 38
48 57 -69
48 58 94
48 59 -84
48 60 52
48 61 -73
48 62 28
48 63 47
48 64 -71
48 65 57
48 68 54
48 69 80
48 71 36
48 72 -27
48 73 23
48 74 8
48 75 100
48 82 1
48 86 -68
48 89 33
48 92 -58
48 93 -71
48 94 59
48 95 -8
48 98 92
49 0 -37
49 2 71
49 3 -86
49 5 62
49 6 80
49 7 -59
49 8 -91
49 9 -93
49 11 -1
49 12 23
49 13 91
49 15 -77
49 17 -13
49 18 -1
49 19 73
49 20 -69
49 21 91
49 22 -41
49 24 -10
49 26 13
49 27 -1
49 28 -64
49 29 -33
49 30 -29
49 31 -48
49 32 -17
49 33 99
49 34 54
49 35 -65
49 38 51
49 40 67
49 41 -43
49 42 -6
49 43 70
49 44 87
49 46 100
49 47 26
49 51 97
49 52 89
49 53 86
49 55 -31
49 58 7
49 60 53
49 61 62
49 62 -13
49 64 84
49 67 41
49 68 45
49 72 76
49 73 55
49 75 -40
49 76 62
49 77 89
49 80 54
49 81 -23
49 85 44
49 87 25
49 89 -11
49 93 -16
49 94 -72
49 95 -68
49 96 61
49 97 48
49 98 -11
49 99 -42
50 0 55
50 1 -38
50 6 -47
50 8 46
50 9 22
50 10 -94
50 11 63
50 13 52
50 14 5
50 17 -72
50 20 -68
50 22 -33
50 25 23
50 27 -19
50 28 -86
50 33 -62
50 34 63
50 36 -9
50 37 36
50 38 86
50 41 -90
50 42 -39
50 45 -65
50 47 -68
50 48 6
50 49 -57
50 50 89
50 51 -60
50 52 13
50 53 29
50 54 59
50 56 98
50 57 19
50 59 97
50 60 -15
50 61 -2
50 62 -100
50 64 72
50 66 -7
50 67 1
50 69 24
50 71 3
50 72 80
50 73 62
50 74 80
50 76 34
50 77 -54
50 80 -77
50 81 72
50 83 29
50 85 7
50 87 -55
50 88 -37
50 89 -35
50 90 72
50 91 29
50 92 87
50 93 26
50 96 -24
50 97 56
50 98 -31
50 99 -56
51 1 -6
51 2 29
51 4 -89
51 7 -14
51 8 -7
51 10 47
51 11 14
51 13 27
51 15 32
51 16 35
51 17 -68
51 19 40
51 21 -33
51 22 -9
51 23 60
51 24 -60
51 25 14
51 28 -61
51 30 3
51 31 95
51 32 -53
51 34 -73
51 35 -57
51 37 -1
51 39 -8
51 40 42
51 42 86
51 45 77
51 47 61
51 48 79
51 49 55
51 50 -23
51 51 9
51 52 -47
51 53 60
51 54 -98
51 55 -6
51 56 40
51 57 -49
51 59 -20
51 62 85
51 63 63
51 64 -92
51 66 -70
51 69 -99
51 70 72
51 71 -56
51 73 -3
51 75 84
51 76 96
51 77 96
51 78 -97
51 79 -6
51 80 84
51 81 -33
51 86 20
51 87 77
51 90 38
51 91 -91
51 92 -6
51 93 38
51 95 49
51 98 75
51 99 56
52 1 -39
52 2 -29
52 5 39
52 8 -30
52 10 83
52 11 -40
52 14 -31
52 18 98
52 19 -28
52 21 -61
52 23 46
52 24 24
52 25 -42
52 26 29
52 28 30
52 29 74
52 30 7
52 33 -72
52 35 -58
52 36 -43
52 37 -17
52 42 -8
52 44 16
52 45 93
52 46 7
52 47 5
52 50 -47
52 53 82
52 57 -83
52 59 18
52 61 -69
52 62 34
52 63 63
52 64 -49
52 65 -77
52 66 -43
52 67 -68
52 68 54
52 69 70
52 70 53
52 73 91
52 74 83
52 75 24
52 76 29
52 77 28
52 78 53
52 80 -65
52 82 -52
52 84 23
52 85 79
52 87 28
52 92 90
52 93 -47
52 94 46
52 95 9
52 96 -81
52 97 -17
52 98 -54
53 3 9
53 8 44
53 9 -76
53 10 53
53 12 19
53 13 -66
53 17 -14
53 18 87
53 19 -26
53 20 -78
53 22 75
53 24 1
53 25 -71
53 27 1
53 28 -82
53 30 -49
53 34 -21
53 35 73
53 36 -13
53 37 -92
53 40 61
53 41 -7
53 45 -94
53 46 -57
53 47 58
53 48 -47
53 50 -55
53 51 61
53 54 -80
53 56 -73
53 58 52
53 61 -45
53 62 67
53 63 -51
53 65 -80
53 67 79
53 69 -7
53 70 -10
53 71 -30
53 72 -71
53 73 -59
53 75 -29
53 76 1
53 80 -85
53 81 70
53 82 -11
53 83 -33
53 84 82
53 86 -81
53 87 37
53 88 -87
53 90 52
53 91 -69
53 92 39
53 94 -26
53 95 -48
53 97 53
53 98 72
53 99 81
54 1 1
54 2 3
54 3 -16
54 8 54
54 12 5
54 14 -40
54 16 -37
54 18 62
54 19 -91
54 21 86
54 22 96
54 23 14
54 24 -23
54 25 25
54 30 -6
54 32 98
54 33 -68
54 35 85
54 36 86
54 38 58
54 40 -39
54 41 67
54 42 -59
54 43 -78
54 44 33
54 45 -60
54 47 52
54 48 -63
54 49 -15
54 50 -7
54 52 36
54 55 11
54 57 -57
54 58 -18
54 60 -61
54 61 59
54 62 -72
54 63 74
54 64 -23
54 67 2
54 70 -51
54 71 -75
54 72 -18
54 74 -58
54 75 20
54 76 -67
54 77 -94
54 78 -76
54 79 -75
54 80 -7
54 81 -97
54 82 -24
54 83 -97
54 84 31
54 85 64
54 89 51
54 90 -81
54 91 64
54 92 80
54 93 30
54 95 51
54 96 80
54 97 -35
54 98 25
54 99 25
55 2 -97
55 3 -52
55 4 18
55 6 97
55 7 -12
55 10 93
55 12 -76
55 13 54
55 15 66
55 17 -31
55 22 96
55 24 -56
55 26 -3
55 27 59
55 28 -86
55 29 4
55 31 -56
55 33 60
55 35 -88
55 36 58
55 37 -21
55 38 3
55 40 50
55 41 87
55 42 -5
55 43 80
55 46 16
55 47 -1
55 50 12
55 51 -8
55 52 69
55 54 53
55 55 2
55 57 46
55 58 43
55 60 29
55 62 32
55 63 91
55 64 -71
55 65 99
55 71 -18
55 72 80
55 73 -34
55 74 11
55 76 -1
55 77 43
55 78 -5
55 80 97
55 82 37
55 84 38
55 85 -97
55 88 -41
55 89 17
55 92 -98
55 94 -83
55 95 100
55 97 12
56 2 -57
56 3 -66
56 4 41
56 5 62
56 7 44
56 8 78
56 9 74
56 10 43
56 11 -8
56 12 3
56 13 21
56 14 -42
56 17 -20
56 20 -36
56 23 -100
56 24 -75
56 30 53
56 31 -86
56 34 56
56 35 -4
56 39 48
56 40 -7
56 44 59
56 46 -33
56 47 1
56 50 11
56 51 -53
56 52 27
56 53 35
56 54 -58
56 55 -11
56 59 -95
56 61 -88
56 62 70
56 63 32
56 65 -67
56 66 17
56 67 -57
56 71 94
56 76 -28
56 77 9
56 78 -65
56 79 23
56 80 -68
56 81 -45
56 82 -60
56 83 -43
56 84 -90
56 86 86
56 91 -29
56 92 -11
56 93 -83
56 94 -36
56 99 -59
57 0 61
57 1 -58
57 2 74
57 6 69
57 7 -38
57 9 64
57 13 -5
57 17 -30
57 19 43
57 20 -78
57 22 -73
57 23 100
57 24 83
57 25 1
57 26 57
57 28 52
57 31 51
57 37 6
57 38 99
57 39 82
57 41 -69
57 48 16
57 49 98
57 52 -77
57 53 53
57 55 -31
57 56 52
57 57 66
57 58 88
57 60 -55
57 61 79
57 63 -9
57 65 -40
57 66 58
57 67 -75
57 68 67
57 69 78
57 72 -76
57 73 54
57 74 64
57 75 -35
57 78 -45
57 79 83
57 80 53
57 82 -47
57 83 -87
57 85 26
57 86 -68
57 87 -67
57 88 -6
57 89 88
57 91 -55
57 92 36
57 95 -21
57 96 -50
57 97 93
57 99 38
58 0 -4
58 3 67
58 4 -81
58 5 12
58 12 -11
58 13 72
58 14 44
58 17 -10
58 20 78
58 23 13
58 24 -43
58 25 -65
58 27 68
58 28 18
58 29 -59
58 31 63
58 32 -1
58 34 -23
58 36 -76
58 38 63
58 39 -42
58 41 -45
58 42 22
58 43 8
58 46 -39
58 47 -10
58 48 10
58 51 12
58 52 -80
58 53 -87
58 54 53
58 57 -15
58 59 -54
58 61 83
58 62 -37
58 63 69
58 64 61
58 66 43
58 68 13
58 69 42
58 70 -20
58 71 14
58 73 14
58 74 -74
58 75 -56
58 76 -72
58 78 -11
58 79 5
58 80 -87
58 81 5
58 82 -84
58 85 -15
58 88 65
58 89 -32
58 91 45
58 94 -66
58 95 8
58 96 -21
58 97 -62
59 0 2
59 1 86
59 2 -100
59 3 -84
59 5 77
59 9 79
59 10 -74
59 13 -58
59 15 91
59 16 56
59 17 -33
59 19 -7
59 20 -58
59 22 28
59 24 99
59 25 96
59 26 80
59 28 68
59 29 -89
59 33 -45
59 36 67
59 37 22
59 38 -19
59 39 -79
59 40 -27
59 41 23
59 44 -1
59 45 42
59 46 -5
59 47 -81
59 49 31
59 50 -19
59 51 3
59 54 -58
59 56 -14
59 57 -56
59 59 49
59 60 83
59 62 59
59 63 -44
59 64 -38
59 66 42
59 67 -60
59 68 41
59 69 -7
59 70 -45
59 72 -53
59 74 3
59 75 69
59 76 -48
59 78 12
59 79 92
59 80 83
59 81 25
59 82 -10
59 83 60
59 84 -13
59 85 97
59 86 -3
59 87 -67
59 89 57
59 90 90
59 92 -85
59 93 70
59 96 -74
59 97 67
60 0 -70
60 2 -2
60 3 -40
60 5 23
60 7 58
60 8 -90
60 9 4
60 10 -85
60 11 -54
60 12 -20
60 13 -54
60 14 -78
60 15 68
60 16 -36
60 18 100
60 20 31
60 21 61
60 22 84
60 23 -45
60 24 56
60 25 83
60 26 -90
60 29 -10
60 31 -36
60 32 22
60 33 -6
60 35 96
60 36 85
60 37 75
60 39 40
60 41 85
60 42 -19
60 43 -42
60 44 59
60 47 -92
60 48 100
60 50 6
60 52 -69
60 54 -72
60 55 -51
60 56 -57
60 58 78
60 59 95
60 60 13
60 61 -81
60 64 -10
60 69 11
60 71 -59
60 72 -36
60 73 49
60 74 95
60 75 -84
60 76 -75
60 77 58
60 78 -44
60 80 32
60 81 56
60 83 -58
60 84 40
60 89 -67
60 91 -75
60 92 -92
60 93 -83
60 94 2
60 95 -94
60 96 -56
60 97 -79
60 99 -53
61 0 -94
61 2 -16
61 3 -71
61 6 79
61 8 80
61 10 -56
61 13 61
61 14 52
61 15 15
61 16 -7
61 17 -59
61 19 -83
61 21 81
61 22 54
61 24 -71
61 25 7
61 27 9
61 31 -23
61 33 49
61 34 78
61 35 -31
61 36 9
61 39 -82
61 40 -77
61 41 10
61 42 57
61 47 -36
61 49 -75
61 51 -64
61 55 17
61 56 36
61 60 -28
61 61 -20
61 63 -39
61 66 31
61 68 63
61 69 -2
61 70 -84
61 72 -79
61 73 76
61 74 -14
61 75 79
61 76 64
61 77 -67
61 79 87
61 80 3
61 81 83
61 82 49
61 84 85
61 85 50
61 86 31
61 88 24
61 89 -91
61 91 -77
61 93 -87
61 98 -78
61 99 -41
62 0 -20
62 3 72
62 5 58
62 6 52
62 7 29
62 8 21
62 12 -61
62 13 -18
62 18 -60
62 22 -36
62 24 -72
62 30 81
62 31 41
62 35 38
62 36 -29
62 37 -81
62 39 1
62 41 -20
62 43 87
62 48 -62
62 51 -43
62 52 -55
62 53 -21
62 55 -56
62 57 5
62 58 83
62 60 62
62 61 63
62 62 -11
62 63 61
62 64 -80
62 68 -62
62 70 -60
62 72 -38
62 73 63
62 74 -35
62 75 -87
62 76 48
62 77 9
62 79 -54
62 84 -13
62 85 -84
62 87 74
62 91 -49
62 92 83
62 93 -22
62 94 -58
62 95 -22
62 96 -18
62 97 -86
62 98 48
62 99 -48
63 0 -80
63 1 -51
63 2 41
63 4 -23
63 5 81
63 10 83
63 11 100
63 12 85
63 14 94
63 15 9
63 16 95
63 18 -43
63 20 -95
63 24 73
63 25 11
63 26 54
63 28 39
63 31 -31
63 32 76
63 33 -50
63 34 -19
63 35 80
63 38 -69
63 39 -92
63 40 -11
63 41 88
63 42 53
63 43 -58
63 45 -39
63 48 33
63 50 -24
63 51 -97
63 54 26
63 55 59
63 56 -55
63 59 -82
63 62 -32
63 65 76
63 68 -3
63 71 36
63 72 58
63 73 -73
63 76 -9
63 77 -19
63 78 -82
63 79 -96
63 81 -75
63 82 42
63 84 -78
63 85 -18
63 86 -37
63 88 53
63 90 -62
63 91 -15
63 92 -43
63 93 19
63 95 20
63 97 -27
63 98 10
63 99 -97
64 0 -83
64 1 -94
64 2 -48
64 3 89
64 5 35
64 8 -74
64 12 40
64 14 -75
64 15 80
64 18 -37
64 19 -47
64 20 52
64 21 -42
64 22 40
64 23 -4
64 26 -55
64 29 74
64 30 -45
64 32 -70
64 33 34
64 34 -77
64 35 92
64 36 21
64 38 -15
64 40 -30
64 41 31
64 42 5
64 45 -15
64 46 -75
64 48 -89
64 50 94
64 51 -47
64 52 13
64 53 -88
64 54 -2
64 58 -73
64 59 -74
64 60 6
64 61 -77
64 62 97
64 63 9
64 64 -43
64 65 92
64 66 11
64 67 -1
64 68 -68
64 69 83
64 74 -8
64 76 -98
64 77 -88
64 79 -63
64 80 22
64 83 25
64 87 99
64 89 -78
64 90 -24
64 91 -9
64 92 -31
64 94 -49
64 95 -32
64 97 -54
64 99 46
65 0 -94
65 2 1
65 3 98
65 7 26
65 8 36
65 10 -49
65 11 43
65 16 59
65 17 -26
65 18 -86
65 19 25
65 21 15
65 24 7
65 26 59
65 27 -12
65 28 -54
65 34 98
65 38 -36
65 39 -88
65 40 -62
65 41 32
65 44 9
65 45 42
65 47 44
65 49 -14
65 50 -36
65 52 38
65 54 -92
65 55 72
65 56 98
65 57 43
65 64 -65
65 67 1
65 69 52
65 70 -81
65 72 78
65 74 -2
65 75 31
65 77 -97
65 78 -32
65 79 -19
65 82 82
65 83 -98
65 84 90
65 85 -80
65 86 6
65 89 57
65 90 -14
65 93 -80
65 95 65
65 96 94
65 98 -83
66 0 -1
66 2 26
66 3 -8
66 8 88
66 9 -39
66 10 20
66 13 50
66 14 9
66 15 19
66 16 -86
66 17 28
66 18 70
66 19 53
66 20 52
66 21 97
66 22 29
66 23 -91
66 25 23
66 26 -57
66 27 47
66 28 -9
66 33 -69
66 35 81
66 36 92
66 37 85
66 38 -10
66 40 -62
66 42 76
66 45 90
66 46 2
66 47 10
66 49 37
66 50 -58
66 52 64
66 53 -67
66 55 -64
66 56 41
66 57 -47
66 58 56
66 59 -60
66 60 19
66 62 39
66 63 -80
66 65 -45
66 66 8
66 70 95
66 71 -65
66 73 100
66 74 61
66 76 90
66 77 5
66 79 -42
66 85 34
66 86 -24
66 89 87
66 90 -52
66 92 -41
66 93 -75
66 96 -78
66 97 99
66 98 45
67 0 88
67 1 -20
67 3 28
67 4 13
67 8 -7
67 11 -40
67 12 -5
67 14 -66
67 15 -45
67 16 33
67 17 -43
67 18 11
67 19 93
67 20 -27
67 21 -51
67 22 10
67 23 71
67 24 -86
67 25 53
67 29 93
67 30 -38
67 33 31
67 36 89
67 40 -92
67 42 -21
67 47 98
67 48 68
67 50 -85
67 51 46
67 53 -40
67 54 29
67 55 90
67 56 -10
67 57 -94
67 58 70
67 59 -2
67 61 -20
67 63 -30
67 64 -70
67 65 62
67 66 -3
67 67 26
67 68 56
67 69 26
67 70 72
67 72 -37
67 73 41
67 76 31
67 77 -53
67 79 97
67 81 -32
67 84 65
67 85 -36
67 86 92
67 87 -3
67 88 -61
67 89 -89
67 90 -13
67 92 34
67 93 45
67 94 78
67 95 -19
67 98 44
67 99 50
68 0 61
68 1 21
68 2 -35
68 5 -58
68 6 50
68 7 9
68 8 15
68 9 -39
68 10 76
68 12 -7
68 13 -54
68 14 74
68 15 38
68 16 -66
68 18 20
68 19 48
68 20 -80
68 22 -56
68 23 -9
68 27 -83
68 28 -19
68 29 74
68 31 88
68 32 75
68 33 -99
68 34 -83
68 37 -85
68 38 80
68 39 -32
68 41 29
68 42 -50
68 43 27
68 45 -9
68 46 87
68 48 -67
68 52 3
68 53 6
68 55 -84
68 56 -65
68 57 -19
68 58 -21
68 59 -27
68 60 57
68 61 23
68 62 71
68 63 -39
68 64 -74
68 66 -34
68 67 -16
68 68 -93
68 76 -96
68 77 -90
68 79 -98
68 80 -28
68 81 -69
68 82 -49
68 84 -64
68 85 -21
68 86 -57
68 87 77
68 88 70
68 89 28
68 93 3
68 98 -32
68 99 80
69 0 4
69 6 -78
69 7 -18
69 8 -22
69 9 -2
69 14 96
69 15 98
69 17 -37
69 18 7
69 19 38
69 20 -60
69 21 59
69 22 43
69 23 -92
69 26 -82
69 29 51
69 30 2
69 33 65
69 34 40
69 36 55
69 41 -44
69 43 -55
69 45 82
69 46 58
69 47 80
69 51 89
69 52 -44
69 53 -15
69 54 8
69 56 70
69 58 100
69 59 7
69 64 -53
69 65 -93
69 66 93
69 70 -55
69 72 83
69 73 78
69 75 66
69 76 -50
69 78 10
69 79 99
69 80 98
69 81 -88
69 82 -84
69 83 -61
69 84 -39
69 85 25
69 88 58
69 89 -56
69 90 -8
69 91 36
69 92 69
69 94 28
69 95 -31
69 96 67
69 98 24
69 99 26
70 0 63
70 2 -57
70 10 -31
70 11 -40
70 12 -79
70 13 30
70 14 39
70 15 80
70 16 98
70 17 74
70 18 74
70 20 -9
70 24 9
70 25 -12
70 26 29
70 28 -33
70 29 -89
70 31 60
70 32 -81
70 33 -70
70 37 8
70 39 87
70 40 37
70 41 -78
70 43 1
70 45 -54
70 46 60
70 48 65
70 50 -63
70 54 -77
70 55 3
70 56 -18
70 59 -77
70 60 -5
70 62 -97
70 63 -8
70 68 -37
70 69 39
70 71 -38
70 72 -7
70 74 40
70 75 2
70 77 -98
70 79 74
70 80 66
70 82 93
70 83 71
70 89 21
70 91 48
70 92 20
70 93 18
70 95 -57
70 97 -72
71 0 57
71 2 -31
71 3 25
71 4 86
71 5 96
71 6 -8
71 7 86
71 10 57
71 11 58
71 12 98
71 13 53
71 14 -89
71 15 -25
71 16 36
71 17 66
71 18 -10
71 19 6
71 20 39
71 21 -28
71 22 41
71 24 92
71 27 -71
71 30 -83
71 31 -84
71 33 92
71 34 28
71 40 -23
71 42 29
71 43 -28
71 45 -99
71 47 34
71 49 98
71 55 69
71 56 -95
71 57 -22
71 64 35
71 65 99
71 68 62
71 70 70
71 72 77
71 73 -27
71 74 95
71 75 -44
71 76 -22
71 77 -47
71 80 57
71 81 -56
71 83 82
71 85 48
71 87 29
71 88 32
71 89 17
71 91 12
71 92 -67
71 93 -92
71 94 -21
71 95 -21
71 96 -100
71 97 -35
71 98 -35
72 2 -37
72 3 23
72 5 38
72 6 61
72 8 -2
72 9 96
72 12 20
72 13 -8
72 15 85
72 19 10
72 20 -42
72 22 96
72 24 33
72 27 90
72 30 36
72 31 -82
72 32 -65
72 36 45
72 37 -59
72 39 -47
72 40 79
72 41 -26
72 43 -98
72 45 63
72 46 4
72 47 -49
72 48 71
72 50 -30
72 54 18
72 55 -22
72 56 40
72 57 86
72 58 -24
72 59 48
72 60 96
72 62 -16
72 63 75
72 64 -80
72 65 -78
72 66 64
72 68 7
72 70 -77
72 71 39
72 73 35
72 76 -1
72 77 47
72 79 -1
72 81 73
72 84 17
72 85 57
72 87 23
72 89 -22
72 91 5
72 92 28
72 98 55
72 99 -19
73 1 20
73 4 -13
73 5 51
73 6 -75
73 7 -7
73 8 99
73 9 74
73 11 -50
73 12 99
73 13 -52
73 18 -34
73 19 -1
73 24 -16
73 27 54
73 29 -24
73 30 -39
73 32 51
73 33 27
73 36 4
73 37 93
73 38 16
73 41 74
73 42 77
73 45 -82
73 46 54
73 47 88
73 48 -87
73 50 18
73 51 22
73 52 -1
73 53 11
73 54 -94
73 55 -13
73 56 -8
73 58 -98
73 60 -3
73 61 67
73 64 73
73 66 -37
73 67 -26
73 68 -2
73 69 44
73 70 36
73 71 -56
73 72 -85
73 73 41
73 75 -25
73 77 -27
73 78 -20
73 79 3
73 80 39
73 81 50
73 83 15
73 85 35
73 87 -32
73 88 -30
73 90 56
73 91 62
73 94 14
73 95 -14
73 97 -4
74 0 29
74 3 61
74 4 -90
74 6 -21
74 7 68
74 8 -70
74 9 68
74 12 88
74 13 48
74 15 -79
74 16 1
74 18 -7
74 19 -33
74 21 22
74 24 71
74 27 -11
74 28 57
74 30 95
74 32 -66
74 33 -59
74 34 83
74 35 -89
74 37 28
74 39 -11
74 41 -40
74 46 89
74 47 42
74 49 55
74 50 -5
74 52 36
74 53 -88
74 54 2
74 57 62
74 59 -28
74 60 -31
74 61 -9
74 62 55
74 63 27
74 64 -57
74 65 -79
74 66 -45
74 67 -62
74 70 3
74 71 -20
74 72 9
74 74 -4
74 75 7
74 76 35
74 77 -41
74 80 29
74 81 -2
74 84 48
74 85 -51
74 87 87
74 88 -58
74 89 43
74 90 -77
74 92 27
74 93 22
74 95 -79
74 96 -88
74 98 -91
75 0 -43
75 1 -72
75 3 -82
75 5 -64
75 7 -98
75 8 9
75 9 -32
75 10 78
75 12 -56
75 13 -53
75 15 73
75 16 44
75 18 -28
75 19 -93
75 20 35
75 21 1
75 22 -82
75 23 69
75 24 33
75 25 -50
75 26 62
75 27 -25
75 28 48
75 30 26
75 32 -27
75 33 -9
75 35 35
75 36 30
75 40 -90
75 42 68
75 44 -35
75 45 53
75 46 32
75 47 5
75 48 46
75 49 -2
75 50 71
75 51 50
75 54 -6
75 59 33
75 60 67
75 61 -86
75 62 92
75 63 20
75 66 5
75 67 65
75 68 -17
75 69 74
75 71 -45
75 73 70
75 74 35
75 75 2
75 78 54
75 79 27
75 80 77
75 81 -63
75 82 -19
75 84 57
75 85 -47
75 87 97
75 89 -31
75 91 23
75 92 -33
75 93 6
75 94 -21
75 99 -31
76 1 54
76 2 41
76 3 -95
76 7 -79
76 8 -41
76 9 -13
76 10 -39
76 11 29
76 12 82
76 13 -37
76 15 25
76 16 -18
76 17 61
76 19 16
76 21 -37
76 22 -60
76 24 -63
76 25 17
76 28 -3
76 29 -95
76 30 -45
76 32 20
76 34 -61
76 37 -52
76 38 -29
76 39 92
76 41 -11
76 42 -49
76 45 -85
76 46 70
76 47 -70
76 49 24
76 50 -62
76 51 -83
76 52 -79
76 53 -4
76 54 78
76 55 24
76 59 89
76 61 -71
76 62 -65
76 71 -19
76 72 -39
76 73 23
76 76 -53
76 77 3
76 78 19
76 79 66
76 83 -73
76 85 47
76 86 -89
76 87 -46
76 88 -94
76 90 78
76 91 -92
76 98 -2
76 99 52
77 0 77
77 1 50
77 3 -67
77 6 -90
77 7 -95
77 8 39
77 9 95
77 10 62
77 11 73
77 12 -36
77 13 47
77 14 53
77 15 -8
77 19 15
77 21 48
77 22 40
77 23 88
77 24 89
77 25 -65
77 26 29
77 27 -75
77 30 -100
77 33 -22
77 34 -57
77 37 69
77 43 -56
77 45 94
77 47 -21
77 48 -43
77 51 49
77 53 74
77 54 89
77 57 -9
77 58 55
77 59 -31
77 60 -83
77 62 -52
77 63 98
77 65 61
77 66 -97
77 67 100
77 68 81
77 70 27
77 72 32
77 73 1
77 76 61
77 77 -55
77 78 -58
77 80 -72
77 81 13
77 83 2
77 84 -6
77 88 -82
77 95 -23
77 96 -56
78 0 98
78 1 -59
78 5 92
78 7 -71
78 9 60
78 10 92
78 13 49
78 15 35
78 18 23
78 20 -55
78 24 51
78 26 -23
78 27 -87
78 28 6
78 29 -54
78 31 -34
78 32 -59
78 34 -75
78 36 66
78 37 16
78 38 44
78 39 25
78 40 14
78 45 24
78 46 95
78 47 -87
78 49 -82
78 51 13
78 52 -75
78 53 54
78 54 -12
78 56 17
78 57 89
78 58 49
78 59 63
78 60 60
78 62 -10
78 65 -91
78 67 11
78 68 -49
78 69 89
78 70 -91
78 72 73
78 73 38
78 75 -12
78 76 57
78 79 68
78 80 -70
78 82 38
78 83 -3
78 84 -56
78 86 81
78 87 69
78 89 82
78 90 15
78 91 -14
78 92 -62
78 93 5
78 96 88
78 99 -56
79 0 -78
79 3 -24
79 4 11
79 5 -18
79 7 39
79 8 82
79 9 -15
79 12 -7
79 14 -77
79 15 38
79 16 -13
79 18 -71
79 22 15
79 23 -67
79 25 96
79 28 75
79 29 -60
79 32 29
79 33 -96
79 34 -71
79 35 -51
79 39 81
79 40 82
79 41 -92
79 44 -21
79 45 21
79 46 77
79 47 63
79 48 8
79 50 27
79 52 -79
79 53 79
79 54 13
79 55 -68
79 56 -15
79 59 -51
79 62 -89
79 65 -57
79 67 93
79 68 70
79 69 43
79 70 -14
79 71 64
79 72 -9
79 74 -43
79 75 41
79 77 -75
79 80 97
79 81 -36
79 82 66
79 83 18
79 84 16
79 87 57
79 91 -91
79 92 17
79 93 -15
79 94 33
79 96 -55
79 97 -49
79 98 23
80 0 -19
80 2 84
80 3 -97
80 7 -75
80 8 -35
80 11 81
80 13 85
80 14 33
80 15 -34
80 16 -86
80 17 -24
80 18 90
80 19 76
80 20 42
80 22 94
80 24 -94
80 25 -88
80 26 -95
80 27 -37
80 28 23
80 31 46
80 32 48
80 33 41
80 34 -12
80 35 25
80 36 -68
80 37 99
80 38 95
80 40 -29
80 42 88
80 44 -20
80 45 60
80 46 -100
80 47 -98
80 48 -38
80 49 42
80 50 77
80 51 51
80 54 -60
80 57 58
80 58 26
80 59 -48
80 62 -21
80 63 -50
80 66 -7
80 67 -48
80 68 9
80 69 63
80 71 29
80 75 -7
80 77 83
80 81 48
80 83 -5
80 84 -12
80 87 -53
80 88 -62
80 89 99
80 92 24
80 96 -67
81 1 5
81 2 47
81 3 -56
81 4 17
81 7 93
81 9 -3
81 10 56
81 11 63
81 12 22
81 13 -70
81 14 82
81 15 76
81 16 -31
81 18 27
81 19 -7
81 20 53
81 23 30
81 25 36
81 26 -65
81 27 -44
81 28 -11
81 31 -94
81 32 43
81 33 -38
81 37 -25
81 39 -27
81 40 42
81 42 3
81 43 -50
81 46 -69
81 47 -59
81 48 29
81 49 71
81 51 64
81 52 -27
81 53 96
81 54 8
81 56 87
81 57 -39
81 59 41
81 60 89
81 61 -75
81 62 65
81 63 56
81 64 66
81 68 13
81 69 -43
81 70 60
81 71 -94
81 72 88
81 73 23
81 75 57
81 76 38
81 77 35
81 79 74
81 80 85
81 81 -81
81 83 50
81 84 -6
81 88 3
81 89 -100
81 91 90
81 93 48
81 94 -18
81 98 -51
81 99 4
82 0 58
82 1 -23
82 6 90
82 8 73
82 9 -97
82 10 84
82 11 -33
82 12 -52
82 13 75
82 15 -28
82 16 -48
82 17 -60
82 20 90
82 22 -24
82 23 97
82 25 -25
82 26 10
82 28 -80
82 30 -32
82 31 -95
82 32 22
82 34 -1
82 35 -51
82 36 -8
82 40 26
82 42 -80
82 43 -51
82 44 19
82 46 -88
82 47 7
82 48 4
82 49 27
82 51 -12
82 53 -66
82 56 -43
82 58 -52
82 59 -57
82 60 69
82 61 -21
82 62 26
82 63 -79
82 65 -66
82 66 -28
82 68 4
82 69 -29
82 73 -69
82 74 38
82 78 -25
82 81 73
82 83 39
82 84 -46
82 85 98
82 86 39
82 88 16
82 89 -16
82 90 74
82 91 54
82 92 62
82 94 -56
83 0 -87
83 2 -47
83 5 6
83 6 92
83 7 71
83 8 -25
83 9 57
83 10 82
83 12 25
83 13 -32
83 14 -54
83 15 68
83 16 26
83 17 -41
83 20 -27
83 22 28
83 23 -21
83 24 2
83 25 2
83 28 -96
83 30 84
83 31 -51
83 32 22
83 33 -100
83 35 -97
83 36 -44
83 40 78
83 41 69
83 42 -51
83 44 -16
83 45 -64
83 46 70
83 48 -21
83 54 -9
83 55 -99
83 57 72
83 58 72
83 59 33
83 60 92
83 61 -37
83 63 -77
83 64 -49
83 66 93
83 67 59
83 68 52
83 69 60
83 74 -32
83 76 -42
83 79 -85
83 82 79
83 83 -84
83 84 -46
83 86 -100
83 87 52
83 90 -80
83 92 -34
83 93 80
83 95 57
83 96 -1
83 98 -76
84 0 -30
84 1 -95
84 4 -95
84 5 -40
84 7 17
84 13 -25
84 14 58
84 15 38
84 18 9
84 19 -57
84 20 -69
84 22 -76
84 25 21
84 26 14
84 28 67
84 29 -36
84 32 18
84 33 -18
84 34 -59
84 35 71
84 36 -61
84 37 -56
84 38 22
84 40 24
84 41 8
84 42 60
84 43 -54
84 45 -33
84 48 -53
84 49 27
84 51 -3
84 52 13
84 53 40
84 54 43
84 56 99
84 57 47
84 58 7
84 59 -27
84 60 -27
84 63 44
84 64 -80
84 65 -63
84 66 12
84 67 -75
84 68 -79
84 71 42
84 73 -89
84 74 -65
84 75 76
84 77 -46
84 80 14
84 81 21
84 82 82
84 83 78
84 86 -64
84 87 34
84 89 -78
84 90 -78
84 91 -16
84 93 -56
84 94 -83
84 95 -28
84 97 21
84 98 -50
84 99 -20
85 1 14
85 3 -82
85 4 -28
85 6 -48
85 7 -35
85 8 47
85 10 12
85 12 -46
85 13 87
85 14 5
85 19 27
85 25 51
85 28 15
85 29 -94
85 30 14
85 31 -90
85 33 43
85 34 -11
85 36 29
85 37 91
85 39 96
85 40 41
85 42 17
85 44 -98
85 47 -37
85 48 31
85 49 -44
85 50 -28
85 51 2
85 52 2
85 53 23
85 57 -52
85 58 -76
85 60 90
85 61 -36
85 62 47
85 63 -30
85 69 -88
85 73 -73
85 75 66
85 77 73
85 78 -73
85 80 -88
85 83 80
85 84 -14
85 86 -4
85 87 -2
85 89 23
85 90 -4
85 91 -94
85 92 50
85 93 73
85 94 52
85 95 42
85 97 57
85 98 12
85 99 68
86 0 12
86 1 15
86 5 -43
86 6 92
86 7 54
86 9 82
86 10 -72
86 11 -74
86 12 91
86 15 -78
86 16 4
86 18 64
86 19 54
86 20 17
86 21 -45
86 23 -74
86 24 -70
86 26 9
86 27 -76
86 28 -14
86 29 22
86 30 14
86 31 -89
86 34 -61
86 36 77
86 39 -24
86 41 96
86 43 87
86 44 39
86 45 -42
86 47 -29
86 48 97
86 49 -75
86 50 82
86 51 12
86 53 -57
86 57 19
86 59 37
86 60 -84
86 61 62
86 63 27
86 65 38
86 66 -20
86 67 40
86 70 52
86 71 58
86 73 25
86 75 -70
86 77 41
86 80 26
86 82 73
86 84 95
86 86 23
86 89 45
86 90 -55
86 94 100
86 96 -50
86 97 60
86 99 -87
87 0 -83
87 2 78
87 7 -53
87 8 -61
87 9 -12
87 11 90
87 12 -73
87 14 -32
87 15 -94
87 17 -51
87 19 -91
87 20 96
87 22 96
87 23 -56
87 24 16
87 26 14
87 27 -4
87 30 -30
87 31 -60
87 33 27
87 35 -58
87 36 72
87 38 42
87 39 -100
87 40 9
87 41 -3
87 42 27
87 43 -15
87 45 -10
87 47 16
87 48 -64
87 49 -23
87 51 97
87 53 -64
87 56 96
87 58 27
87 59 81
87 63 19
87 64 70
87 66 -83
87 67 55
87 68 72
87 69 -100
87 70 -55
87 71 -92
87 72 7
87 73 32
87 74 -25
87 75 -21
87 76 -90
87 81 100
87 83 -100
87 86 -59
87 89 -15
87 90 -77
87 91 17
87 93 -65
87 94 9
87 95 64
87 97 -77
87 98 -65
87 99 7
88 0 76
88 1 33
88 2 -84
88 4 -68
88 5 -76
88 7 50
88 8 89
88 15 14
88 18 -91
88 19 12
88 22 84
88 25 -64
88 27 6
88 30 -64
88 31 22
88 32 93
88 33 33
88 34 57
88 35 -36
88 36 40
88 37 -9
88 38 13
88 43 87
88 45 -79
88 49 -41
88 51 34
88 52 -55
88 53 -28
88 54 47
88 56 72
88 57 9
88 58 16
88 61 14
88 65 45
88 66 -20
88 69 30
88 71 30
88 75 36
88 77 16
88 81 -46
88 82 45
88 83 30
88 84 99
88 85 89
88 88 20
88 89 -40
88 91 66
88 94 3
88 95 -85
88 97 57
88 98 -4
89 0 -58
89 1 24
89 3 63
89 4 96
89 11 -12
89 12 96
89 13 23
89 15 -91
89 17 -21
89 18 -30
89 20 26
89 24 92
89 26 33
89 29 4
89 30 65
89 31 65
89 33 -80
89 34 -70
89 40 66
89 41 -41
89 42 -13
89 43 49
89 44 2
89 46 -28
89 48 69
89 50 83
89 52 43
89 55 -40
89 56 -75
89 57 37
89 59 76
89 61 84
89 63 79
89 66 -44
89 68 70
89 70 79
89 73 58
89 74 -49
89 77 -98
89 78 38
89 79 19
89 81 1
89 82 86
89 83 -71
89 85 26
89 87 -50
89 93 -68
89 95 29
89 99 89
90 4 -73
90 5 10
90 7 -31
90 10 6
90 13 62
90 14 -97
90 15 49
90 16 31
90 20 82
90 21 -25
90 22 79
90 23 40
90 26 -38
90 28 88
90 29 -57
90 33 -69
90 35 -46
90 36 -89
90 40 -27
90 41 -94
90 42 28
90 43 89
90 44 -92
90 45 96
90 46 22
90 47 94
90 48 -10
90 50 89
90 52 -91
90 53 -85
90 55 44
90 56 -7
90 57 84
90 58 75
90 60 -26
90 61 32
90 62 -83
90 64 10
90 65 98
90 68 69
90 69 57
90 70 56
90 71 -77
90 73 -47
90 74 51
90 76 -45
90 77 16
90 79 27
90 80 33
90 83 22
90 84 7
90 85 79
90 87 37
90 90 -88
90 93 -24
90 94 38
90 97 62
90 98 -80
91 0 50
91 1 -14
91 4 72
91 6 27
91 7 -100
91 12 -37
91 14 -81
91 15 1
91 16 51
91 17 100
91 18 61
91 20 -31
91 21 66
91 22 11
91 23 -23
91 24 84
91 26 -50
91 28 -52
91 30 27
91 31 54
91 32 -39
91 33 -76
91 34 -35
91 35 -43
91 37 93
91 38 64
91 40 -61
91 41 -93
91 42 -42
91 43 -69
91 44 13
91 45 93
91 46 57
91 48 -3
91 51 -81
91 54 30
91 55 -99
91 59 51
91 61 27
91 62 -96
91 63 50
91 66 27
91 67 79
91 69 -57
91 70 61
91 71 -61
91 74 74
91 76 -7
91 77 20
91 79 -87
91 80 -26
91 83 95
91 87 100
91 89 50
91 90 -83
91 91 87
91 93 70
91 95 -64
91 96 27
91 97 26
91 98 -74
91 99 -16
92 0 -73
92 1 11
92 3 -36
92 6 73
92 7 85
92 8 42
92 10 7
92 12 92
92 13 84
92 15 35
92 16 5
92 17 79
92 18 97
92 21 -91
92 22 84
92 23 -9
92 27 5
92 28 37
92 29 19
92 30 -50
92 31 79
92 34 21
92 36 -18
92 40 -56
92 42 -80
92 43 -92
92 45 28
92 46 -19
92 47 32
92 48 -77
92 51 93
92 53 4
92 58 59
92 59 78
92 60 95
92 62 -47
92 63 65
92 64 -32
92 65 -46
92 67 41
92 68 80
92 70 62
92 73 77
92 76 13
92 78 15
92 79 -82
92 80 -12
92 81 -60
92 82 -74
92 85 -57
92 86 76
92 88 68
92 89 -14
92 90 -7
92 91 7
92 92 -68
92 94 -91
92 95 84
92 96 69
92 98 -35
92 99 -32
93 0 -93
93 1 -29
93 2 8
93 3 -80
93 4 20
93 7 78
93 8 6
93 9 -95
93 10 -75
93 11 58
93 12 -94
93 13 5
93 14 32
93 15 -2
93 16 84
93 17 29
93 18 -76
93 19 -72
93 21 -85
93 22 -16
93 23 -5
93 26 26
93 28 84
93 29 -95
93 31 3
93 33 93
93 35 49
93 36 94
93 37 24
93 38 -57
93 39 -34
93 40 -1
93 42 -30
93 43 -32
93 44 17
93 45 -99
93 46 63
93 47 4
93 48 93
93 50 70
93 51 3
93 53 44
93 55 85
93 56 -49
93 57 -27
93 58 -20
93 61 -57
93 62 91
93 63 56
93 64 -61
93 66 96
93 68 3
93 70 40
93 71 -53
93 72 19
93 74 10
93 75 43
93 78 -84
93 79 -27
93 82 13
93 83 28
93 86 85
93 89 56
93 90 -37
93 91 79
93 93 57
93 95 -63
93 97 81
93 98 53
93 99 78
94 0 -64
94 1 29
94 3 4
94 4 -47
94 5 -52
94 7 -65
94 9 -76
94 10 -25
94 12 93
94 16 27
94 17 55
94 20 6
94 22 -60
94 23 -94
94 24 63
94 25 41
94 27 -84
94 34 -33
94 35 -89
94 36 53
94 37 -26
94 39 -66
94 40 -77
94 41 -96
94 42 -98
94 43 75
94 45 41
94 46 -62
94 47 -32
94 50 -81
94 53 76
94 54 3
94 55 -61
94 57 28
94 62 -51
94 63 58
94 66 -12
94 68 -99
94 69 79
94 72 -93
94 74 93
94 78 59
94 80 -5
94 82 -27
94 84 80
94 85 -56
94 86 54
94 87 74
94 88 3
94 89 8
94 91 -83
94 93 -97
94 95 39
94 97 -79
95 3 26
95 4 85
95 5 29
95 6 1
95 7 -6
95 8 -93
95 10 25
95 14 -82
95 17 -100
95 19 -46
95 20 84
95 21 78
95 25 79
95 26 39
95 27 44
95 28 -39
95 30 -50
95 32 -72
95 33 68
95 35 5
95 37 -96
95 38 28
95 41 -72
95 43 39
95 44 -44
95 45 4
95 49 -67
95 50 -39
95 51 43
95 53 38
95 56 -94
95 58 -53
95 60 95
95 61 -63
95 62 37
95 63 89
95 64 -39
95 69 48
95 70 -18
95 71 88
95 72 -21
95 74 -48
95 75 62
95 77 -40
95 78 -71
95 79 -16
95 80 54
95 81 32
95 82 69
95 85 -42
95 91 -2
95 93 -51
95 94 -8
95 95 73
95 96 87
95 97 -12
95 98 50
96 0 55
96 2 86
96 5 19
96 6 54
96 7 81
96 8 36
96 12 -59
96 14 70
96 18 -63
96 20 2
96 21 76
96 23 -9
96 24 70
96 25 -73
96 26 -65
96 29 -100
96 30 5
96 32 -10
96 36 62
96 37 -94
96 40 16
96 41 39
96 42 -12
96 44 10
96 47 -57
96 48 2
96 50 -100
96 51 -80
96 53 -19
96 57 -57
96 58 63
96 59 88
96 63 -52
96 64 -65
96 65 37
96 67 -93
96 70 53
96 71 -94
96 72 -79
96 73 86
96 74 1
96 75 22
96 76 91
96 77 -28
96 79 -100
96 80 -22
96 81 -34
96 82 42
96 83 -62
96 85 -50
96 88 -95
96 89 45
96 95 73
97 3 22
97 4 50
97 5 -51
97 8 58
97 9 10
97 10 -16
97 11 -9
97 12 -13
97 14 41
97 15 95
97 17 55
97 19 33
97 22 -33
97 26 11
97 28 -26
97 29 -57
97 30 -97
97 31 -95
97 32 22
97 33 55
97 36 -71
97 42 -37
97 46 28
97 50 89
97 51 -40
97 53 15
97 54 -91
97 55 22
97 56 47
97 58 -100
97 59 -90
97 61 -18
97 62 18
97 65 -47
97 66 35
97 67 44
97 69 26
97 70 18
97 71 41
97 72 43
97 73 -89
97 74 69
97 75 -68
97 78 18
97 79 -13
97 80 52
97 81 92
97 82 -96
97 85 39
97 86 -2
97 87 -24
97 88 19
97 89 -24
97 90 64
97 91 65
97 93 -26
97 94 63
97 95 -100
97 96 98
97 97 -67
98 2 42
98 3 -66
98 4 80
98 5 -72
98 6 -45
98 8 82
98 9 -82
98 10 -37
98 11 -38
98 17 -74
98 20 38
98 22 -94
98 23 -73
98 26 -70
98 27 91
98 29 -13
98 30 -33
98 31 -55
98 34 -9
98 36 -29
98 39 67
98 40 -89
98 41 71
98 45 5
98 46 -34
98 48 -3
98 50 17
98 51 50
98 52 94
98 54 -42
98 55 59
98 56 -6
98 57 56
98 58 80
98 60 2
98 63 -30
98 65 -50
98 66 26
98 67 99
98 69 25
98 70 -65
98 71 -14
98 72 -49
98 73 72
98 74 85
98 75 14
98 77 4
98 81 -93
98 82 -33
98 85 55
98 87 -5
98 88 -36
98 89 -21
98 91 52
98 92 33
98 93 -77
98 94 55
98 95 50
98 97 -71
99 0 -44
99 1 -8
99 2 9
99 4 -20
99 5 30
99 7 -28
99 8 53
99 9 6
99 10 69
99 12 -13
99 13 -92
99 15 31
99 16 51
99 17 39
99 18 -51
99 19 11
99 20 71
99 23 -68
99 24 -46
99 25 10
99 27 62
99 30 56
99 34 -10
99 35 -81
99 38 52
99 41 47
99 43 -93
99 44 -94
99 45 -10
99 46 -14
99 47 23
99 48 -63
99 49 64
99 50 50
99 51 -79
99 54 -11
99 56 -13
99 58 -43
99 59 -40
99 60 -39
99 63 -83
99 64 -13
99 65 -70
99 66 23
99 68 -53
99 70 -70
99 71 -52
99 72 -91
99 74 -43
99 75 -82
99 77 -66
99 81 27
99 83 38
99 86 -12
99 87 -54
99 88 50
99 90 89
99 91 -4
99 93 49
99 96 7
99 97 -64
99 98 7
99 99 86