0 10 -7
0 15 -73
0 19 -94
0 29 60
0 35 55
0 38 92
0 39 -23
0 46 -49
0 54 66
0 57 -75
0 62 48
0 63 -98
0 72 43
0 77 6
0 86 -95
0 88 -41
0 93 52
1 8 55
1 14 -78
1 26 -4
1 27 -60
1 39 -26
1 44 85
1 53 97
1 60 30
1 68 3
1 80 89
1 83 -40
2 24 -47
2 26 -26
2 36 -69
2 42 -11
2 52 44
2 69 -78
2 71 37
2 80 13
2 98 -15
3 13 -27
3 30 61
3 40 2
3 65 -33
3 76 71
3 81 82
3 85 61
3 87 -81
3 89 -67
4 2 31
4 5 31
4 11 -4
4 18 42
4 27 -71
4 31 -99
4 42 -71
4 45 -91
4 63 59
4 66 1
4 83 51
4 84 27
4 87 -97
4 90 -36
4 94 -88
5 7 16
5 18 -76
5 31 31
5 36 95
5 39 100
5 42 -79
5 44 88
5 47 -36
5 49 -18
5 57 -20
5 58 3
5 85 -83
5 88 -10
5 90 50
6 7 -61
6 48 35
6 56 -13
6 72 -11
7 1 -72
7 12 -81
7 30 -100
7 42 29
7 43 25
7 44 -43
7 66 44
8 4 -59
8 18 -85
8 19 -12
8 32 -83
8 41 80
8 63 26
8 65 93
8 71 -31
8 81 -14
8 90 77
8 94 50
9 11 32
9 15 -23
9 21 -56
9 60 50
9 66 22
9 68 2
9 87 14
9 88 -54
10 14 36
10 28 45
10 53 -15
10 76 81
10 97 77
10 99 -30
11 2 56
11 14 28
11 20 84
11 48 29
11 50 14
11 86 4
12 19 -15
12 47 68
12 56 25
12 79 -55
13 1 -92
13 2 18
13 8 -32
13 12 78
13 16 92
13 22 72
13 29 8
13 31 100
13 58 -81
13 62 -20
13 77 39
13 99 19
14 2 10
14 11 -67
14 15 81
14 18 50
14 30 52
14 35 -4
14 44 99
14 52 95
14 55 86
14 72 53
14 82 -4
14 84 -27
14 96 83
14 97 -78
15 0 40
15 3 -95
15 8 -96
15 19 -18
15 24 13
15 27 11
15 46 88
15 48 30
15 64 -27
15 99 31
16 20 -57
16 23 -89
16 38 71
16 45 -77
16 48 -25
16 55 98
16 82 21
16 96 -43
17 0 -95
17 14 97
17 18 78
17 21 86
17 28 6
17 41 95
17 42 35
17 44 -63
17 60 90
17 65 -13
17 67 -13
17 78 -35
17 93 64
18 7 -78
18 11 -58
18 15 81
18 23 25
18 27 63
18 40 -62
18 47 -96
18 53 -78
18 56 -89
18 58 49
18 62 50
18 63 -28
18 85 -44
18 94 44
19 18 -7
19 19 -57
19 34 -36
19 38 53
19 42 -61
19 50 24
19 52 -64
19 59 46
19 97 88
20 5 96
20 9 -97
20 12 41
20 15 -2
20 17 -66
20 24 55
20 29 -33
20 30 -24
20 31 -12
20 37 69
20 39 39
20 42 18
20 43 -20
20 60 93
20 65 -23
20 68 76
20 74 43
20 77 -88
20 81 68
20 82 17
21 12 -84
21 14 -56
21 16 91
21 26 20
21 42 52
21 43 -59
21 45 86
21 54 -70
21 59 73
21 60 -59
21 62 -98
21 72 -36
21 93 32
22 3 60
22 6 -19
22 17 -28
22 19 -40
22 45 -99
22 46 46
22 54 -26
22 71 -41
22 75 100
22 85 70
22 89 -54
23 32 25
23 60 91
23 65 43
23 73 -37
23 77 18
23 79 -35
23 80 80
23 82 -2
23 85 -54
23 92 -34
24 0 -4
24 13 -95
24 18 -30
24 31 -80
24 38 -25
24 46 -90
24 67 57
24 68 90
24 98 76
25 7 -83
25 19 -64
25 84 -46
26 14 80
26 18 -48
26 20 -72
26 22 49
26 24 15
26 25 -85
26 31 -3
26 32 -53
26 33 84
26 37 -9
26 38 -3
26 54 -40
26 66 -77
26 79 47
26 97 6
26 98 -26
27 7 2
27 25 -5
27 35 26
27 44 69
27 52 -17
27 54 41
27 56 -1
27 84 63
28 10 100
28 15 -80
28 27 96
28 31 92
28 32 -23
28 34 43
28 63 -78
28 89 -39
29 0 7
29 1 -19
29 7 -6
29 25 -45
29 28 60
29 31 -33
29 36 -68
29 42 -82
29 46 -61
29 54 -9
29 81 -29
29 84 61
29 85 -84
29 91 -64
29 99 -53
30 2 -5
30 5 -12
30 17 -8
30 22 -7
30 25 -91
30 29 75
30 31 -1
30 46 -9
30 47 -29
30 50 -43
30 56 -58
30 57 10
30 67 -2
30 70 -80
30 83 88
30 85 -71
30 87 -9
30 89 -49
31 4 -89
31 20 52
31 26 -79
31 42 2
31 51 15
31 71 -96
31 75 -8
31 95 70
32 3 -71
32 21 -42
32 29 -46
32 33 -66
32 41 -2
32 48 -3
32 52 -14
32 58 3
32 65 -20
32 66 58
32 68 6
32 72 49
32 82 50
32 91 36
33 5 -32
33 9 16
33 14 -81
33 57 -11
33 61 88
33 64 -30
33 79 -51
33 82 -72
33 83 27
33 88 -31
33 97 -72
34 0 53
34 3 -98
34 6 13
34 13 -51
34 19 -38
34 35 -49
34 84 -32
34 87 -29
34 95 75
35 13 -98
35 38 -10
35 50 63
35 53 -97
35 60 85
35 68 -88
35 93 -14
36 14 -29
36 22 46
36 24 -73
36 25 86
36 28 -2
36 44 -83
36 58 -4
36 63 20
36 72 -56
36 84 53
36 99 77
37 8 -98
37 37 -54
37 40 -50
37 54 -48
37 60 74
37 65 -48
37 72 -5
37 87 -60
37 93 -9
38 4 47
38 21 -62
38 22 -28
38 23 -56
38 30 14
38 40 38
38 45 4
38 53 32
39 2 48
39 14 -8
39 15 91
39 45 37
39 53 54
39 63 1
39 70 91
39 83 -46
39 85 -68
40 6 -44
40 10 -68
40 21 65
40 39 -13
40 44 30
40 45 -79
40 60 -63
40 82 -42
40 83 66
40 97 100
41 0 80
41 16 -6
41 19 -91
41 22 20
41 29 21
41 32 40
41 35 -69
41 42 -84
41 46 82
41 50 56
41 67 -86
41 83 -24
41 95 -51
42 0 -34
42 6 -12
42 11 100
42 16 -63
42 20 56
42 26 40
42 34 32
42 51 -51
42 60 25
42 77 -12
42 83 -5
43 10 81
43 19 9
43 21 -35
43 38 4
43 84 7
43 88 -50
44 0 10
44 17 59
44 20 74
44 26 -3
44 29 -80
44 38 100
44 53 -54
44 60 3
44 69 31
44 79 -60
44 81 -26
44 83 -52
44 85 -3
44 99 -96
45 5 68
45 7 53
45 18 -61
45 24 32
45 28 -44
45 29 -14
45 31 -35
45 34 84
45 38 -77
45 50 -20
45 60 -6
45 69 84
45 80 73
45 87 63
45 89 -14
45 92 -24
45 96 -87
46 10 83
46 13 -85
46 34 -95
46 41 -97
46 42 73
46 53 71
46 57 25
46 58 -8
46 59 -53
46 66 -75
46 67 -30
46 87 -19
46 95 -37
47 8 68
47 21 -72
47 23 61
47 24 -91
47 27 100
47 31 -9
47 40 -87
47 45 18
47 46 -37
47 47 -41
47 89 -75
47 90 -49
47 91 -91
47 98 3
48 3 86
48 6 95
48 12 40
48 15 23
48 25 6
48 34 -36
48 36 43
48 38 -99
48 53 50
48 57 -69
48 63 54
48 65 -83
48 67 -9
48 69 -48
48 74 -8
49 11 37
49 19 -94
49 23 27
49 25 -21
49 32 19
49 37 -50
49 41 -76
49 61 78
49 68 -38
49 71 -14
49 76 66
49 84 10
49 90 12
50 0 -87
50 10 -86
50 21 55
50 40 72
50 44 -1
50 48 94
50 53 96
50 78 -72
50 84 70
50 90 17
50 91 67
50 95 -25
50 99 -68
51 28 30
51 50 -28
51 66 49
51 73 -46
51 86 78
51 94 -45
52 13 -50
52 14 -8
52 17 43
52 21 -47
52 32 -93
52 33 33
52 36 -37
52 48 91
52 56 -66
52 57 -60
52 61 3
52 75 -48
52 85 -43
52 89 -54
52 90 -18
52 95 88
53 4 72
53 11 -66
53 17 3
53 30 -2
53 43 -87
53 60 -91
53 63 21
53 67 -53
53 75 73
53 86 60
53 91 -73
54 1 -33
54 5 -14
54 11 -76
54 16 86
54 23 -25
54 24 -40
54 36 10
54 57 100
55 4 99
55 21 -31
55 24 91
55 57 33
55 67 -27
55 77 34
55 90 -36
55 96 -61
56 7 56
56 9 -50
56 11 -95
56 22 -71
56 30 52
56 32 -15
56 56 34
56 61 -61
56 75 -62
56 77 45
56 91 -88
57 0 -58
57 8 60
57 20 -5
57 22 95
57 23 -80
57 26 -73
57 36 8
57 37 74
57 63 -69
57 65 -100
57 83 21
57 92 -75
58 0 -72
58 13 -59
58 20 39
58 25 99
58 83 -47
58 85 73
58 90 75
59 6 64
59 13 61
59 25 -51
59 35 -39
59 40 -73
59 51 -51
59 65 70
59 71 -22
59 78 59
59 80 35
60 0 -79
60 4 87
60 6 -89
60 13 28
60 16 -40
60 22 -81
60 23 -49
60 26 -91
60 31 -68
60 57 -76
60 60 -53
60 62 70
60 65 -83
60 87 -13
61 4 -2
61 33 -29
61 35 73
61 42 -57
61 50 44
61 77 -5
61 79 25
62 4 41
62 8 14
62 9 51
62 19 -31
62 35 -6
62 40 38
62 90 55
62 94 -64
63 33 -85
63 39 -23
63 46 -73
63 58 52
63 71 34
63 72 5
63 73 52
63 74 -37
63 81 -95
63 89 43
63 95 3
63 97 -100
64 6 -33
64 8 84
64 29 -64
64 31 91
64 36 -52
64 41 34
64 50 10
64 63 -50
64 67 64
64 88 31
64 91 -68
64 99 -55
65 21 37
65 23 7
65 24 31
65 26 -40
65 29 70
65 37 2
65 51 13
65 53 40
65 54 19
65 65 -65
65 84 99
66 5 26
66 12 86
66 32 -65
66 36 94
66 42 20
66 43 -44
66 47 -94
66 48 -39
66 55 -97
66 63 38
66 64 -69
66 76 -13
66 94 80
67 9 32
67 16 58
67 32 -77
67 50 -71
67 54 26
67 85 -85
67 89 -79
67 97 38
68 6 -81
68 31 69
68 44 -51
68 48 68
68 51 -75
68 53 -28
68 57 -53
68 84 92
68 88 45
68 89 71
69 3 2
69 8 28
69 36 -92
69 40 -34
69 44 35
69 54 -38
69 56 73
69 58 8
69 71 -27
69 72 -81
69 76 58
69 78 -34
69 89 78
69 92 93
70 10 -52
70 17 -59
70 24 -8
70 89 -16
71 11 -63
71 12 99
71 14 -5
71 17 -94
71 20 -62
71 22 11
71 29 82
71 31 -61
71 34 -80
71 35 75
71 45 -6
71 47 57
71 49 55
71 51 60
71 62 88
71 80 -20
71 86 45
71 94 99
72 5 -14
72 25 33
72 28 27
72 30 69
72 33 96
72 42 -66
72 51 -79
72 53 -30
72 55 -66
72 67 8
72 68 -22
72 73 -76
72 79 74
72 81 -55
73 2 -43
73 6 66
73 13 42
73 16 50
73 18 -14
73 22 -59
73 29 -22
73 31 -85
73 34 -89
73 35 -6
73 44 71
73 48 -97
73 82 -61
73 83 8
73 85 78
73 88 -83
74 7 -20
74 17 -6
74 18 -44
74 43 -3
74 55 -25
74 65 90
74 67 75
74 73 -9
74 74 -37
74 76 23
74 77 70
74 81 97
74 90 -8
74 93 10
74 96 -10
75 0 28
75 14 94
75 19 -62
75 23 -41
75 26 100
75 37 75
75 45 95
75 56 -93
75 63 69
75 67 90
75 88 -67
75 91 26
76 1 94
76 6 2
76 24 53
76 30 -43
76 35 -31
76 37 94
76 49 -96
76 54 5
76 56 -85
76 65 -76
76 67 -28
76 71 -31
76 85 -13
76 93 -96
76 98 -15
77 2 36
77 10 81
77 13 -56
77 17 -35
77 25 -76
77 37 -97
77 40 62
77 42 1
77 77 89
77 82 37
77 98 -49
78 20 4
78 24 -86
78 40 87
78 66 -42
78 73 73
78 80 -39
78 92 46
78 95 -42
79 0 11
79 6 -5
79 19 -80
79 27 -60
79 50 -62
79 52 -5
79 59 84
79 85 -73
79 88 -64
79 90 92
80 5 -72
80 7 52
80 37 -57
80 40 25
80 42 -76
80 46 -41
80 61 -43
80 83 74
80 90 -97
80 96 12
81 25 8
81 32 83
81 53 55
81 54 -45
81 59 -85
81 72 38
81 97 -72
82 12 62
82 23 73
82 30 3
82 47 -53
82 56 66
82 59 -56
82 65 30
82 70 8
82 91 37
83 8 61
83 12 -69
83 19 69
83 22 49
83 26 -53
83 36 -95
83 41 -17
83 58 69
83 70 1
83 71 43
83 92 52
83 93 -2
83 94 21
83 95 -35
84 24 72
84 28 42
84 30 27
84 43 26
84 47 -1
84 52 47
84 58 -77
84 60 -56
84 78 -43
84 87 -54
85 8 -65
85 19 -59
85 41 -54
85 42 56
85 63 -3
85 72 8
85 86 -4
85 89 18
85 92 -61
85 95 -61
85 96 -98
86 12 -24
86 27 37
86 30 27
86 31 -32
86 52 -81
87 1 73
87 3 21
87 4 -97
87 16 -21
87 24 -65
87 25 83
87 29 -78
87 33 -25
87 34 -30
87 40 67
87 45 -66
87 46 27
87 58 10
87 63 100
87 66 93
87 70 37
87 71 -84
87 84 91
87 88 30
88 4 38
88 28 70
88 48 -46
88 50 -78
88 62 -67
88 66 -97
88 67 -36
88 70 16
88 75 60
88 80 11
88 87 41
88 94 90
89 5 65
89 6 64
89 41 -50
89 55 -69
89 67 -36
89 72 -35
89 79 6
89 80 -48
89 82 98
89 88 -84
89 91 34
89 96 73
89 99 -12
90 1 7
90 7 -28
90 12 -75
90 15 11
90 21 -14
90 48 -62
90 80 -32
90 93 -86
90 94 -95
91 0 -65
91 6 63
91 35 -68
91 42 -57
91 46 66
91 65 -40
91 74 4
91 76 56
92 7 49
92 11 3
92 13 -87
92 22 100
92 33 -81
92 42 7
92 60 -62
92 63 -10
92 65 -66
92 69 -89
92 78 -92
92 81 -45
92 84 91
92 86 24
92 87 63
92 98 -50
93 18 62
93 21 -62
93 22 -8
93 51 63
93 60 85
93 82 64
94 9 92
94 12 -80
94 18 -82
94 41 -43
94 59 65
94 65 89
94 69 79
94 71 33
94 75 -96
94 80 -86
94 92 11
94 94 55
94 98 68
95 1 64
95 5 96
95 19 -87
95 24 -85
95 25 39
95 26 -14
95 31 -1
95 44 61
95 51 70
95 65 -10
95 78 -23
95 81 -78
96 4 84
96 7 60
96 21 -94
96 52 -62
96 63 -69
96 65 -65
96 71 -92
96 72 22
96 75 60
96 89 -75
96 91 -16
97 17 8
97 20 33
97 32 -96
97 33 -63
97 43 35
97 48 53
97 63 -66
97 69 66
97 83 3
97 95 65
98 17 38
98 25 -40
98 31 -63
98 38 -56
98 48 -71
98 53 -21
98 60 99
98 90 -98
98 91 48
99 5 34
99 7 7
99 16 20
99 17 -28
99 19 -73
99 25 -17
99 36 98
99 41 74
99 44 -63
99 45 -55
99 46 -93
99 58 35
99 61 -38
99 63 84
99 69 -45
99 86 -93
99 93 -67
99 98 -25