0 1 -82
0 2 -86
0 20 20
0 22 86
0 26 82
0 37 -2
0 76 -78
0 78 -3
0 80 29
0 85 44
0 86 88
1 4 -60
1 8 80
1 14 -71
1 15 11
1 19 91
1 20 -96
1 21 61
1 41 20
1 42 86
1 44 3
1 45 -76
1 49 76
1 50 96
1 56 23
1 59 -45
1 63 -24
1 64 90
1 86 -93
2 3 72
2 7 17
2 10 -64
2 20 96
2 23 25
2 27 -45
2 29 60
2 33 36
2 39 86
2 54 74
2 55 72
2 57 -51
2 61 87
2 68 92
2 79 -17
2 87 38
2 90 25
2 91 -69
2 98 -57
3 16 78
3 23 84
3 24 64
3 27 57
3 38 65
3 42 85
3 44 73
3 62 16
3 69 38
3 71 -97
3 84 27
3 89 -95
3 97 10
4 22 -31
4 27 63
4 28 25
4 29 89
4 35 93
4 39 -44
4 45 -78
4 48 -18
4 49 -38
4 53 25
4 54 -12
4 55 -83
4 56 5
4 65 39
4 67 16
4 71 66
4 85 -47
4 92 -31
4 94 53
5 1 59
5 4 -37
5 44 -90
5 48 12
5 53 -97
5 55 -52
5 70 75
5 82 87
5 83 26
5 84 86
5 86 -37
5 87 20
5 90 15
5 98 -57
6 1 -73
6 2 56
6 3 70
6 15 31
6 19 -70
6 24 67
6 42 -74
6 46 18
6 48 -74
6 56 -65
6 68 13
6 69 92
6 78 -31
6 81 -30
6 86 -71
6 88 8
6 89 -10
6 90 51
7 6 6
7 10 -64
7 20 -36
7 22 -58
7 27 -80
7 33 82
7 34 -5
7 53 98
7 60 -15
7 76 -45
7 86 -62
7 99 6
8 11 -22
8 19 34
8 21 -62
8 27 -79
8 40 25
8 41 32
8 42 -36
8 61 -44
8 62 -18
8 64 -12
8 66 47
8 68 29
8 71 -56
8 75 -40
8 79 98
9 1 89
9 13 -73
9 30 -24
9 32 -27
9 45 25
9 47 60
9 68 -89
9 74 -87
9 84 -51
9 91 52
10 11 14
10 20 13
10 29 -73
10 32 -100
10 41 -70
10 47 -33
10 49 -1
10 50 46
10 53 -31
10 54 51
10 67 -49
10 69 -69
10 71 -7
10 74 -77
10 79 76
10 90 -24
10 94 -44
10 98 -53
11 0 -97
11 8 -34
11 23 36
11 43 37
11 45 20
11 46 43
11 66 -18
11 70 10
11 79 64
11 97 -32
11 98 65
12 9 26
12 16 -29
12 32 -44
12 37 -49
12 39 -75
12 43 63
12 49 -20
12 56 -52
12 68 18
12 72 14
12 75 -56
12 84 -56
12 87 -41
12 89 -16
12 93 -30
13 7 25
13 17 57
13 27 -12
13 28 -80
13 34 39
13 46 -95
13 51 -1
13 53 35
13 61 -87
13 66 -32
13 68 -30
13 80 29
13 86 -13
13 87 22
13 89 -62
13 98 52
14 2 12
14 3 69
14 10 38
14 32 -56
14 40 48
14 46 -36
14 63 -4
14 77 12
14 80 -47
15 3 -31
15 9 -6
15 13 12
15 15 -50
15 20 -62
15 24 61
15 26 -1
15 31 53
15 35 8
15 36 91
15 43 23
15 47 -53
15 53 71
15 54 63
15 57 82
15 60 52
15 68 -64
15 70 28
15 71 -85
15 72 -22
15 75 -78
15 76 46
15 79 33
15 83 -74
15 91 87
15 93 14
15 94 -82
15 95 99
15 97 -72
15 99 -47
16 0 -96
16 8 4
16 10 -43
16 12 83
16 14 -84
16 22 84
16 23 -94
16 31 14
16 46 35
16 50 -35
16 57 -35
16 62 91
16 69 81
16 81 98
16 83 -97
16 88 94
16 92 -74
17 5 12
17 8 -90
17 14 -99
17 26 -53
17 42 75
17 44 38
17 47 -74
17 65 89
17 72 59
17 85 55
18 2 42
18 8 -9
18 10 19
18 24 -74
18 36 25
18 38 36
18 50 -46
18 52 4
18 56 34
18 58 20
18 59 47
18 61 -58
18 70 -3
18 92 22
18 95 -90
18 96 -49
18 99 -25
19 3 -96
19 18 90
19 20 37
19 26 -43
19 27 -3
19 29 -70
19 41 -87
19 43 -42
19 44 -13
19 57 47
19 60 -40
19 61 28
19 62 28
19 67 -57
19 68 -50
19 69 13
19 70 39
19 71 -89
19 76 22
19 79 75
19 83 64
19 87 -86
19 89 -53
20 3 -76
20 17 -96
20 23 86
20 24 12
20 26 53
20 33 -48
20 37 78
20 48 19
20 60 -68
20 62 -56
20 63 22
20 73 -41
20 75 20
20 76 -44
20 78 79
20 80 69
20 82 75
20 93 31
20 96 4
20 98 -55
21 1 87
21 4 -62
21 14 87
21 15 33
21 22 19
21 25 -5
21 30 87
21 36 2
21 53 -72
21 55 -64
21 69 52
21 91 -55
21 97 37
22 1 -33
22 3 -73
22 14 -77
22 24 -60
22 32 -23
22 36 -66
22 46 -78
22 48 -91
22 49 92
22 50 -99
22 51 79
22 54 31
22 58 -13
22 65 81
22 66 77
22 76 -20
22 78 47
22 79 58
22 88 65
22 91 -28
22 93 83
22 96 61
23 9 -74
23 10 -93
23 11 78
23 21 -97
23 33 -89
23 41 -53
23 50 -99
23 51 3
23 57 -5
23 58 -21
23 60 20
23 63 68
23 74 -20
23 76 -45
23 80 -43
23 84 55
23 90 4
23 92 27
23 95 -4
24 6 8
24 14 84
24 20 40
24 23 -1
24 33 5
24 37 9
24 49 -77
24 58 10
24 66 78
24 73 24
24 74 -83
24 76 -60
24 93 -25
24 94 17
24 98 29
25 0 -69
25 1 -96
25 9 -11
25 11 -59
25 17 -28
25 27 -84
25 32 -20
25 37 2
25 40 72
25 53 83
25 56 -22
25 57 57
25 60 2
25 68 -14
25 69 -64
25 74 28
25 98 -36
26 1 -29
26 14 54
26 17 41
26 20 -47
26 21 -41
26 22 93
26 28 21
26 47 -6
26 55 86
26 64 87
26 66 -80
26 68 47
26 70 45
26 76 -29
26 81 71
26 86 -5
26 90 -28
26 96 29
26 97 97
27 5 -73
27 6 28
27 10 11
27 17 -56
27 21 6
27 26 8
27 30 95
27 36 -78
27 37 -19
27 50 -4
27 65 10
27 66 -43
27 70 51
27 72 -78
27 76 65
27 77 -95
27 80 -7
27 89 44
27 98 -95
27 99 92
28 3 14
28 10 50
28 16 54
28 19 51
28 27 51
28 49 -5
28 64 -98
28 65 -35
28 73 84
28 77 86
28 78 48
28 86 48
28 88 -61
28 90 -91
28 97 21
29 0 66
29 3 67
29 9 75
29 10 94
29 14 -62
29 15 -43
29 16 87
29 36 -64
29 37 -81
29 46 -53
29 50 35
29 51 -38
29 65 -92
29 67 -24
29 83 -100
29 85 66
29 86 -99
29 90 -39
30 3 -51
30 5 -45
30 11 79
30 12 46
30 15 -100
30 25 98
30 37 34
30 41 19
30 43 -67
30 47 -63
30 48 84
30 50 -38
30 54 -13
30 59 28
30 66 -16
30 69 -43
30 74 76
30 92 5
30 96 -8
31 3 9
31 8 71
31 10 29
31 22 64
31 25 43
31 26 -24
31 34 -16
31 50 -44
31 54 53
31 74 -33
31 80 22
31 81 -91
32 30 -20
32 45 85
32 48 19
32 50 -85
32 60 69
32 63 51
32 64 -16
32 77 39
32 78 19
32 82 -82
32 88 94
32 89 -92
32 95 48
33 2 -79
33 5 53
33 19 -7
33 21 -33
33 32 47
33 49 79
33 54 95
33 58 -45
33 62 83
33 67 54
33 81 -23
33 86 38
33 87 68
33 97 -8
33 98 -63
34 0 44
34 3 -36
34 8 -59
34 13 59
34 16 75
34 20 -50
34 25 -91
34 44 -76
34 45 17
34 49 -68
34 55 -57
34 66 -100
34 68 83
34 71 19
34 74 -47
34 79 93
34 88 -57
34 94 61
34 96 -27
35 7 -32
35 12 67
35 19 53
35 23 -25
35 25 -54
35 41 -48
35 48 95
35 54 12
35 55 -82
35 61 -69
35 66 -9
35 72 33
35 94 -90
35 99 -54
36 6 28
36 8 -38
36 18 72
36 19 -93
36 20 -34
36 21 -65
36 29 -7
36 33 45
36 34 87
36 46 34
36 47 -8
36 49 55
36 55 63
36 70 -25
36 77 -15
36 83 56
36 85 61
36 97 2
37 1 46
37 7 41
37 16 17
37 19 14
37 40 -72
37 55 -30
37 57 28
37 63 -24
37 77 21
37 81 -36
37 82 81
37 84 16
37 89 -47
37 97 93
38 3 -61
38 22 -29
38 41 -16
38 48 -34
38 51 -43
38 55 -26
38 57 55
38 61 11
38 65 79
38 70 78
38 72 -67
38 81 -24
38 86 85
38 96 -34
38 99 -62
39 0 44
39 4 81
39 21 -81
39 26 93
39 27 83
39 34 -32
39 37 -54
39 39 -96
39 41 56
39 47 58
39 52 -35
39 68 64
39 70 -6
39 72 2
39 76 -90
39 86 -49
39 87 -36
39 96 -39
40 11 -53
40 12 -68
40 22 -44
40 23 -45
40 31 -41
40 32 95
40 39 -59
40 40 14
40 56 14
40 58 -40
40 67 -4
40 69 -18
40 75 -29
40 78 -89
40 81 -15
40 82 95
40 84 28
40 94 15
41 0 53
41 3 -68
41 15 -64
41 26 -25
41 31 54
41 41 21
41 45 95
41 50 36
41 53 -10
41 59 4
41 72 14
41 82 68
41 89 99
41 92 42
41 96 86
41 97 -49
42 1 -81
42 16 -14
42 34 32
42 37 25
42 44 -65
42 47 18
42 57 91
42 60 -59
42 61 85
42 64 -6
42 84 -28
42 86 14
42 88 2
42 93 -18
42 96 -52
43 1 56
43 2 -30
43 5 -28
43 11 -31
43 13 -47
43 18 -6
43 30 65
43 33 -88
43 37 36
43 39 47
43 67 -65
43 70 91
43 71 -77
43 92 57
43 93 -42
43 97 55
44 2 42
44 5 2
44 8 18
44 13 -85
44 14 -33
44 17 83
44 29 92
44 37 -100
44 44 45
44 53 -89
44 62 -20
44 63 77
44 65 80
44 68 61
44 87 -88
44 89 -51
44 90 -54
44 96 -73
44 98 93
45 2 30
45 5 21
45 19 24
45 29 -82
45 32 -34
45 35 -85
45 38 -49
45 44 -60
45 45 93
45 47 28
45 48 20
45 52 -41
45 57 -17
45 58 -42
45 67 16
45 72 -56
45 74 -39
45 79 -95
45 81 24
45 82 84
45 85 74
45 92 94
45 96 82
45 98 -95
46 5 12
46 14 58
46 24 80
46 25 -80
46 36 -30
46 37 -7
46 40 27
46 50 -96
46 60 -90
46 65 16
46 67 -77
46 74 -7
46 86 76
46 89 4
46 94 30
46 98 -21
47 3 -35
47 4 -48
47 5 -77
47 7 -59
47 10 22
47 12 -72
47 15 45
47 21 66
47 29 47
47 38 -100
47 43 -17
47 47 -47
47 52 27
47 60 12
47 62 88
47 64 82
47 67 96
47 82 -25
47 86 66
47 87 -3
47 90 -58
47 91 29
48 0 69
48 1 -88
48 3 -3
48 11 -95
48 27 -7
48 30 -81
48 31 -30
48 37 -38
48 47 12
48 48 -22
48 53 -33
48 64 -80
48 76 97
48 86 49
48 89 -82
48 97 -94
48 99 -12
49 7 -18
49 16 -15
49 17 -35
49 23 -43
49 24 -5
49 34 -87
49 40 82
49 48 48
49 51 65
49 52 18
49 54 90
49 65 -31
49 75 37
49 79 -5
49 82 -28
49 91 59
50 7 -79
50 23 31
50 24 8
50 25 36
50 27 -20
50 30 -75
50 31 -45
50 39 24
50 53 47
50 57 -46
50 64 24
50 67 -8
50 93 26
51 19 28
51 20 -5
51 22 -97
51 35 4
51 38 54
51 64 -66
51 86 62
52 4 72
52 7 -14
52 32 -52
52 42 11
52 47 -75
52 52 -94
52 53 -44
52 57 34
52 66 44
52 72 -93
52 73 54
52 75 -93
52 79 76
53 0 22
53 4 -63
53 24 26
53 27 90
53 30 88
53 31 -36
53 44 -8
53 74 -94
53 76 90
53 77 -98
53 79 51
53 84 -62
53 88 88
53 94 -24
53 95 -89
53 97 64
54 0 -33
54 2 -3
54 14 34
54 20 41
54 25 -52
54 31 -77
54 52 80
54 63 51
54 66 -22
54 72 69
54 73 78
54 78 35
54 93 -25
54 97 -22
54 98 -55
55 1 -19
55 4 -86
55 10 16
55 16 -74
55 23 -85
55 29 -81
55 39 -22
55 46 61
55 49 -80
55 58 -54
55 61 10
55 63 67
55 65 86
55 70 -12
55 74 12
55 75 -62
55 80 -45
55 86 20
56 0 3
56 3 -50
56 8 46
56 16 79
56 17 89
56 23 -34
56 24 -17
56 28 -8
56 34 42
56 38 98
56 40 -22
56 42 -92
56 44 -52
56 48 3
56 59 29
56 60 63
56 70 -73
56 75 63
56 77 56
56 90 47
56 95 -48
57 2 51
57 10 -45
57 39 -99
57 40 14
57 45 -65
57 53 87
57 58 34
57 66 -6
57 67 83
57 68 -89
57 73 97
57 88 -20
57 97 -55
58 2 45
58 5 42
58 9 73
58 13 22
58 23 -5
58 32 23
58 42 6
58 55 -91
58 58 43
58 61 33
58 70 36
58 71 -25
58 76 -29
58 78 -19
58 82 -18
58 89 59
58 90 -27
58 98 -87
59 6 77
59 23 83
59 33 94
59 34 90
59 37 89
59 42 -74
59 44 -94
59 47 -16
59 64 98
59 75 -3
59 80 -39
59 88 95
60 5 -58
60 30 -99
60 37 88
60 52 -29
60 53 -83
60 55 46
60 64 45
60 72 -1
60 76 -8
60 89 -100
60 90 77
60 98 1
61 1 -61
61 3 -27
61 4 94
61 7 42
61 11 1
61 17 53
61 25 44
61 29 -13
61 32 -83
61 36 88
61 45 -90
61 47 57
61 51 -85
61 62 -70
61 66 -48
61 72 49
61 83 21
61 85 -100
61 98 -16
62 15 -43
62 29 -65
62 39 76
62 47 51
62 75 -98
62 76 -26
62 77 -97
62 78 31
62 87 51
62 94 99
62 95 -55
63 1 24
63 4 -41
63 22 -17
63 26 7
63 27 58
63 43 -9
63 45 37
63 53 -96
63 63 -42
63 65 67
63 66 44
63 71 -77
63 77 9
63 89 75
63 95 -27
63 99 31
64 1 -5
64 2 1
64 6 7
64 12 79
64 13 -73
64 15 95
64 20 25
64 22 -10
64 23 72
64 32 6
64 47 27
64 50 -98
64 57 -89
64 74 -11
64 75 84
64 92 99
64 93 37
64 94 -33
64 98 11
65 1 72
65 5 -73
65 7 -37
65 8 -66
65 9 -93
65 17 -57
65 19 -82
65 27 38
65 30 63
65 38 28
65 42 -82
65 43 -53
65 45 31
65 51 -81
65 58 -84
65 60 -36
65 61 13
65 80 -65
65 81 29
65 88 -51
65 92 -13
65 93 -15
65 94 90
65 98 42
66 3 -55
66 10 -8
66 17 -6
66 38 35
66 40 12
66 44 -6
66 45 11
66 49 42
66 60 17
66 70 -26
66 76 1
66 79 -49
66 84 95
66 87 -89
66 92 48
66 94 5
67 3 -87
67 6 -20
67 9 98
67 14 -86
67 17 66
67 25 -21
67 38 1
67 44 38
67 66 21
67 72 -62
67 80 73
67 87 77
67 88 -44
67 97 -6
68 7 -68
68 8 51
68 11 -66
68 12 -66
68 14 48
68 20 -73
68 37 40
68 41 80
68 47 -3
68 55 -71
68 68 43
68 71 -55
68 73 -87
68 91 77
68 96 -19
68 97 -9
68 98 64
68 99 6
69 8 85
69 10 -18
69 12 30
69 17 8
69 26 -54
69 30 59
69 47 -84
69 56 9
69 61 -84
69 65 -65
69 77 -43
69 78 57
69 81 -3
69 82 -45
69 85 -33
69 87 -96
69 93 59
69 95 -50
70 15 8
70 17 81
70 27 82
70 30 -41
70 36 -70
70 43 62
70 52 33
70 58 -92
70 60 -38
70 63 -21
70 69 39
70 73 -32
70 74 -57
70 86 28
70 88 66
71 5 1
71 15 -12
71 17 10
71 25 45
71 31 38
71 35 -7
71 38 -50
71 40 10
71 55 18
71 57 45
71 66 68
71 70 63
71 78 -15
71 82 30
71 91 -6
72 1 -82
72 2 -94
72 8 -12
72 9 95
72 13 1
72 14 -42
72 34 57
72 42 10
72 43 -90
72 45 -49
72 50 7
72 68 -3
72 77 95
72 86 -42
72 88 -53
72 90 -83
72 98 -60
73 0 -67
73 6 72
73 19 -3
73 26 -80
73 33 79
73 46 81
73 55 -57
73 57 4
73 76 -39
73 77 66
73 81 -49
73 85 58
73 87 78
74 7 -59
74 18 -99
74 21 -47
74 25 -25
74 45 -50
74 54 -60
74 59 41
74 60 -58
74 63 50
74 70 14
74 75 -87
74 78 -67
74 81 -37
74 89 6
74 98 18
74 99 -67
75 1 -68
75 34 -26
75 39 12
75 40 25
75 43 56
75 59 43
75 76 45
75 82 -80
75 91 -40
76 7 10
76 21 -36
76 25 26
76 28 -76
76 37 28
76 39 79
76 53 -41
76 71 25
76 74 -87
76 76 -47
76 81 -50
76 82 -43
76 85 -66
76 86 -20
76 90 13
76 92 -68
76 96 -63
76 97 -57
77 7 -32
77 8 20
77 11 38
77 20 -8
77 30 -54
77 52 30
77 69 -19
77 76 -100
77 80 39
77 87 26
77 92 9
77 96 33
77 98 -57
78 5 -80
78 6 -6
78 12 -38
78 17 59
78 19 -22
78 28 2
78 33 -17
78 34 59
78 39 84
78 45 69
78 46 14
78 59 95
78 69 -36
78 71 -8
78 74 -16
78 80 -47
79 7 -56
79 15 4
79 18 -85
79 25 99
79 30 -28
79 34 -33
79 39 -90
79 41 -34
79 44 49
79 46 -100
79 58 6
79 71 54
79 72 -99
79 89 57
79 91 -65
79 93 -65
79 98 100
80 2 -84
80 8 90
80 9 -3
80 11 -11
80 16 -28
80 19 91
80 22 -48
80 24 -43
80 28 26
80 30 -81
80 32 -8
80 34 -42
80 43 -55
80 47 38
80 48 88
80 49 -94
80 53 -84
80 55 -4
80 61 65
80 63 -14
80 70 -94
80 71 -67
80 74 -29
80 78 -49
80 92 -64
80 99 -32
81 8 49
81 14 -27
81 15 -14
81 51 -47
81 53 -88
81 55 -60
81 56 8
81 60 79
81 64 8
81 65 48
81 68 14
81 84 55
81 86 -39
81 87 84
81 90 24
81 97 -4
82 3 62
82 7 -86
82 8 20
82 10 15
82 11 76
82 25 49
82 27 40
82 33 44
82 37 77
82 42 8
82 46 -43
82 60 52
82 70 3
82 78 27
82 83 -36
83 2 30
83 8 -16
83 13 -17
83 16 -47
83 18 95
83 22 -43
83 34 73
83 41 -24
83 42 89
83 45 -39
83 53 87
83 60 51
83 78 -24
83 81 72
83 83 24
83 85 -91
83 86 65
83 87 -16
83 88 39
83 98 -54
83 99 -31
84 4 59
84 9 39
84 10 69
84 11 92
84 13 -37
84 14 54
84 22 -60
84 28 -94
84 40 15
84 43 -59
84 53 63
84 64 68
84 75 -46
84 80 27
84 90 18
85 10 -58
85 16 -96
85 22 -18
85 44 13
85 45 1
85 49 -95
85 58 81
85 65 -78
86 4 42
86 13 -13
86 15 62
86 17 63
86 18 83
86 21 -67
86 22 -73
86 25 -62
86 36 73
86 40 96
86 45 -78
86 47 -79
86 49 -81
86 67 -7
86 78 77
86 84 89
86 93 59
87 21 59
87 22 20
87 26 80
87 35 81
87 37 -51
87 39 -56
87 42 -31
87 62 -76
87 84 -32
87 87 22
87 89 1
87 95 6
87 96 59
88 0 -62
88 1 -60
88 33 32
88 46 -91
88 47 18
88 59 -80
88 60 46
88 66 17
88 73 -21
88 74 91
88 75 51
88 89 21
88 96 -58
89 7 -94
89 9 -1
89 12 34
89 15 -51
89 18 99
89 23 -25
89 26 -95
89 30 8
89 39 4
89 44 -75
89 46 32
89 51 43
89 58 -71
89 82 -10
89 86 35
89 90 96
89 98 43
90 7 -8
90 30 81
90 32 -26
90 37 16
90 46 -72
90 53 -11
90 62 -9
90 67 5
90 70 -12
90 77 -40
90 91 -64
91 3 25
91 8 -21
91 14 -28
91 18 71
91 25 75
91 31 -36
91 32 74
91 37 91
91 56 13
91 57 -69
91 59 -91
91 64 -27
91 66 17
91 84 6
91 92 27
92 5 48
92 20 3
92 30 -13
92 34 27
92 42 -6
92 59 -23
92 65 -98
92 70 25
92 74 -77
92 75 -21
92 79 36
92 83 11
92 90 -51
92 94 -21
92 95 5
92 96 17
93 12 6
93 13 -98
93 17 -23
93 21 -41
93 27 42
93 30 -64
93 33 -44
93 42 -2
93 60 -10
93 70 29
93 78 -33
93 79 -88
93 81 -51
93 86 35
93 91 -13
94 0 -19
94 8 -60
94 9 24
94 16 12
94 21 21
94 32 68
94 35 -81
94 48 -15
94 50 -62
94 56 50
94 62 88
94 64 -27
94 81 32
94 82 -32
94 84 -29
94 91 23
94 94 -11
95 5 42
95 14 72
95 16 73
95 17 65
95 29 -10
95 36 86
95 40 93
95 53 -8
95 58 2
95 61 -62
95 62 -64
95 64 -11
95 81 38
95 98 16
95 99 37
96 4 60
96 5 -70
96 7 99
96 9 -16
96 15 59
96 16 90
96 17 -21
96 26 -98
96 29 22
96 44 11
96 47 -11
96 49 32
96 58 -33
96 59 -98
96 60 43
96 79 11
96 82 46
97 3 -10
97 5 -80
97 9 -81
97 15 -34
97 27 20
97 42 -100
97 47 -24
97 64 28
97 83 38
97 88 73
97 89 -51
97 95 16
98 1 94
98 6 -1
98 12 -52
98 14 47
98 22 27
98 25 80
98 43 18
98 50 -27
98 53 -79
98 57 -24
98 59 -26
98 65 -25
98 69 -85
98 70 -71
98 71 4
98 79 39
98 91 -78
98 95 -66
98 99 -17
99 11 -12
99 20 -27
99 27 -53
99 29 -89
99 42 -32
99 53 -44
99 59 49
99 74 81
99 86 -25
99 97 -48
99 98 55