0 0 -99
0 4 -20
0 6 59
0 11 34
0 12 -77
0 14 -23
0 16 -22
0 19 -13
0 25 -78
0 26 -34
0 27 -6
0 28 -56
0 30 -21
0 31 -92
0 32 -80
0 33 -26
0 38 47
0 39 88
0 40 -47
0 43 -38
0 44 -50
0 47 -2
0 48 3
0 52 47
0 54 27
0 56 77
0 57 23
0 59 5
0 60 21
0 65 -14
0 66 62
0 71 94
0 76 68
0 77 87
0 78 56
0 80 -84
0 84 -60
0 85 80
0 89 -96
0 95 -45
0 96 -21
0 97 -14
1 0 57
1 1 85
1 2 57
1 5 86
1 8 39
1 9 -18
1 12 -1
1 14 59
1 15 -32
1 17 -49
1 18 68
1 19 31
1 24 72
1 25 -92
1 27 59
1 32 -37
1 33 -6
1 38 11
1 40 54
1 41 -22
1 42 4
1 46 37
1 50 -83
1 59 94
1 62 -99
1 65 55
1 66 -22
1 67 54
1 68 -76
1 69 19
1 72 -18
1 74 88
1 78 35
1 79 -73
1 80 -2
1 82 45
1 83 72
1 87 95
1 89 11
1 90 36
1 92 52
1 93 -65
1 94 -37
1 95 92
1 98 42
2 1 -51
2 2 57
2 7 -92
2 11 77
2 14 -32
2 15 62
2 16 8
2 20 -27
2 23 1
2 28 -29
2 32 21
2 33 61
2 37 -28
2 38 -52
2 44 85
2 46 24
2 48 45
2 49 30
2 50 -35
2 52 -43
2 53 -46
2 56 49
2 62 84
2 63 -87
2 65 -4
2 66 -67
2 71 87
2 74 92
2 77 -16
2 79 86
2 80 81
2 81 -41
2 82 -87
2 85 70
2 86 14
2 87 -23
2 89 41
2 90 70
2 91 6
2 97 48
2 99 -27
3 1 -51
3 3 20
3 7 -70
3 19 -70
3 20 -4
3 24 -81
3 25 43
3 29 -93
3 31 35
3 32 -79
3 34 -24
3 38 -65
3 39 -15
3 40 -99
3 43 38
3 45 -57
3 47 88
3 50 20
3 52 26
3 57 97
3 60 -21
3 63 -17
3 64 -46
3 65 -9
3 70 48
3 71 -70
3 76 -53
3 81 -53
3 82 -16
3 85 -33
3 87 97
3 89 19
3 90 56
3 92 -74
3 95 74
4 0 -3
4 5 -56
4 14 28
4 21 85
4 22 30
4 25 42
4 26 -39
4 29 53
4 31 -35
4 33 -26
4 36 -56
4 40 97
4 42 90
4 44 -96
4 45 -6
4 46 43
4 47 -8
4 50 93
4 51 98
4 55 32
4 56 51
4 62 22
4 70 47
4 72 99
4 77 49
4 78 96
4 83 88
4 87 -60
4 88 69
4 89 73
4 93 37
5 1 36
5 6 -45
5 8 -48
5 12 24
5 14 -94
5 17 98
5 21 83
5 24 52
5 28 11
5 30 -61
5 33 -53
5 34 -44
5 39 -62
5 44 -52
5 55 35
5 57 84
5 58 43
5 59 59
5 61 65
5 64 23
5 71 -68
5 72 -11
5 73 21
5 75 -100
5 78 -43
5 79 68
5 82 51
5 87 97
5 89 89
5 90 -21
5 91 -37
5 98 17
5 99 84
6 0 -59
6 3 37
6 4 -67
6 7 -82
6 8 54
6 12 -22
6 17 -22
6 20 -52
6 22 -66
6 24 74
6 26 -35
6 27 39
6 28 -92
6 30 40
6 31 75
6 32 -26
6 34 -2
6 38 -94
6 39 -77
6 40 -18
6 48 39
6 50 31
6 52 79
6 53 -22
6 57 -60
6 59 76
6 65 -32
6 68 60
6 69 -87
6 71 -86
6 72 5
6 74 -78
6 76 -10
6 81 42
6 83 -9
6 86 -66
6 87 -63
6 90 -80
6 91 -40
6 92 48
6 93 -89
6 94 -22
6 95 -75
6 97 -12
7 1 2
7 2 -79
7 5 -15
7 10 -71
7 13 -3
7 17 30
7 20 -72
7 22 29
7 24 15
7 32 -18
7 34 -75
7 40 96
7 42 -27
7 44 84
7 45 11
7 47 -99
7 48 19
7 65 -12
7 67 27
7 69 27
7 76 58
7 78 -27
7 80 29
7 81 78
7 83 -77
7 85 61
7 86 65
7 88 81
7 89 -62
7 90 -100
7 92 -28
8 0 24
8 4 -76
8 6 -47
8 7 -81
8 15 -72
8 16 -31
8 19 -86
8 22 68
8 23 50
8 24 -47
8 26 30
8 28 -49
8 29 -87
8 30 78
8 31 -30
8 37 36
8 39 8
8 40 -41
8 42 -14
8 50 -53
8 51 -47
8 54 -66
8 55 -9
8 56 -10
8 59 75
8 61 66
8 63 65
8 64 88
8 65 -27
8 67 91
8 71 -71
8 75 17
8 76 22
8 79 82
8 83 -65
8 84 -85
8 85 -13
8 88 16
8 89 92
8 90 -74
8 93 98
8 94 58
8 95 -55
8 96 -31
9 0 -19
9 2 -73
9 3 -92
9 4 6
9 5 21
9 6 -44
9 11 -1
9 12 -3
9 14 8
9 15 26
9 16 69
9 19 32
9 21 70
9 22 14
9 24 9
9 25 -90
9 27 93
9 30 -15
9 32 -17
9 35 75
9 37 46
9 42 99
9 46 65
9 47 -49
9 50 -78
9 52 74
9 57 -15
9 58 -78
9 63 14
9 66 43
9 67 -6
9 68 -29
9 70 82
9 78 25
9 79 69
9 82 -49
9 83 -9
9 84 58
9 85 -2
9 86 55
9 95 -100
9 97 78
10 1 35
10 2 98
10 5 -84
10 6 57
10 9 -5
10 12 -30
10 13 73
10 14 -17
10 15 -81
10 19 20
10 21 -30
10 32 -49
10 33 9
10 34 -67
10 35 -92
10 42 -15
10 44 -45
10 45 -58
10 46 -4
10 49 -75
10 52 40
10 53 -42
10 54 -19
10 56 5
10 60 -57
10 63 -45
10 65 -39
10 66 30
10 68 -49
10 69 -73
10 71 -69
10 72 -15
10 73 63
10 74 -77
10 76 79
10 77 -68
10 79 -88
10 80 47
10 84 -14
10 85 -62
10 88 1
10 90 20
10 93 -59
10 98 97
11 4 33
11 5 -2
11 6 70
11 7 -28
11 9 -30
11 11 4
11 12 23
11 13 -37
11 15 -88
11 16 -57
11 22 91
11 24 72
11 26 -53
11 27 -4
11 28 12
11 32 42
11 33 -59
11 34 52
11 35 18
11 38 -33
11 39 11
11 44 23
11 47 69
11 49 -23
11 52 -39
11 54 -84
11 57 -69
11 58 -50
11 60 -94
11 62 -64
11 64 -19
11 65 -25
11 67 -35
11 73 26
11 78 12
11 79 19
11 83 -35
11 84 -89
11 85 -85
11 88 27
11 91 62
11 95 27
11 97 -8
12 1 93
12 2 -21
12 13 29
12 14 48
12 15 89
12 16 19
12 22 -26
12 25 -91
12 26 -6
12 30 14
12 32 -7
12 34 25
12 35 74
12 36 -13
12 37 35
12 40 -24
12 41 -100
12 43 43
12 44 -94
12 45 69
12 48 -88
12 49 -74
12 52 45
12 54 69
12 56 18
12 57 87
12 58 79
12 60 6
12 61 80
12 63 71
12 69 5
12 70 56
12 71 -36
12 74 37
12 78 17
12 79 86
12 82 -59
12 84 41
12 91 69
12 93 62
12 95 -80
12 98 -19
13 4 -100
13 9 -42
13 18 94
13 20 -20
13 21 49
13 24 -46
13 31 92
13 33 -84
13 39 -35
13 40 61
13 43 -41
13 44 -88
13 45 -92
13 46 9
13 47 79
13 49 -27
13 50 60
13 53 63
13 55 -91
13 57 90
13 62 -95
13 63 -37
13 64 -51
13 66 52
13 67 -85
13 68 -96
13 72 7
13 73 -77
13 75 -65
13 79 9
13 82 55
13 84 64
13 91 -42
13 92 -16
13 94 99
13 97 87
13 98 -45
14 0 68
14 2 38
14 4 49
14 6 74
14 7 -54
14 8 -14
14 11 41
14 12 64
14 14 60
14 30 20
14 31 58
14 32 -47
14 34 -98
14 36 31
14 41 27
14 45 84
14 50 -92
14 53 27
14 54 -95
14 55 100
14 60 59
14 62 99
14 63 -87
14 67 -35
14 73 -74
14 74 -9
14 75 -35
14 76 -39
14 79 15
14 80 -12
14 81 59
14 82 -66
14 83 -1
14 84 -29
14 90 -39
14 93 57
14 94 69
14 96 -32
14 98 34
14 99 -65
15 4 8
15 10 97
15 11 59
15 13 85
15 15 -1
15 18 -26
15 24 -55
15 30 64
15 34 -23
15 36 30
15 37 59
15 41 -22
15 45 8
15 47 -29
15 48 75
15 49 88
15 54 39
15 57 17
15 58 70
15 62 -60
15 65 -45
15 66 -63
15 67 81
15 68 10
15 69 -56
15 70 16
15 72 91
15 74 65
15 77 -80
15 78 68
15 79 42
15 80 85
15 81 -56
15 82 -93
15 84 32
15 85 -71
15 86 -95
15 88 21
15 92 46
15 95 -40
15 98 58
16 0 78
16 1 52
16 3 53
16 4 -17
16 5 30
16 8 75
16 13 -11
16 15 -91
16 18 -60
16 19 -40
16 20 36
16 25 70
16 26 26
16 27 -53
16 28 -33
16 32 -8
16 35 47
16 39 76
16 40 -75
16 42 68
16 43 -69
16 46 -32
16 50 96
16 52 -10
16 53 -74
16 57 26
16 59 -98
16 61 12
16 63 29
16 65 -31
16 66 -20
16 68 30
16 69 -10
16 70 -18
16 72 92
16 76 90
16 78 -32
16 79 97
16 80 -85
16 83 9
16 85 -17
16 86 80
16 87 3
16 90 -24
16 95 99
16 97 84
16 98 36
16 99 -33
17 0 28
17 1 94
17 2 73
17 3 -87
17 9 6
17 10 89
17 11 -92
17 12 -92
17 16 -72
17 21 -35
17 22 -96
17 23 98
17 25 18
17 29 -11
17 30 -76
17 32 44
17 35 57
17 37 70
17 38 98
17 39 -73
17 40 20
17 42 -38
17 43 32
17 45 -5
17 46 96
17 50 19
17 52 -13
17 55 94
17 56 22
17 58 -95
17 60 89
17 64 20
17 66 -2
17 70 -70
17 78 23
17 79 -81
17 86 50
17 88 -65
17 91 22
17 93 -53
17 95 93
18 2 67
18 3 49
18 5 16
18 9 38
18 10 -23
18 13 5
18 14 47
18 15 39
18 16 -90
18 18 30
18 20 4
18 23 26
18 24 -86
18 27 -2
18 28 -52
18 31 -16
18 33 82
18 34 25
18 36 -29
18 37 42
18 38 77
18 44 59
18 46 18
18 48 -7
18 57 -99
18 59 27
18 61 5
18 64 85
18 70 -99
18 73 -65
18 77 -63
18 79 9
18 80 74
18 83 -39
18 84 18
18 85 86
18 87 77
18 90 -46
18 92 54
18 97 -91
18 98 -42
18 99 -17
19 0 -48
19 1 60
19 8 82
19 9 56
19 13 -67
19 14 70
19 15 -69
19 17 -66
19 18 53
19 19 2
19 22 -97
19 35 34
19 39 -17
19 47 -62
19 49 85
19 50 -72
19 51 94
19 52 -82
19 54 -98
19 57 -36
19 58 -38
19 61 29
19 65 7
19 67 -49
19 68 -99
19 72 -62
19 73 24
19 75 32
19 76 -9
19 79 62
19 83 -52
19 85 -86
19 91 -69
19 92 -45
19 95 59
19 97 -95
19 99 -48
20 2 -73
20 3 -81
20 4 -77
20 9 -15
20 11 45
20 12 35
20 13 72
20 14 -37
20 15 73
20 16 -80
20 20 88
20 21 8
20 22 -33
20 23 -86
20 24 -64
20 25 -4
20 26 -12
20 27 17
20 29 80
20 30 -30
20 31 69
20 33 9
20 40 4
20 43 -100
20 47 -97
20 54 15
20 57 -30
20 59 88
20 62 80
20 67 -48
20 69 -52
20 70 -7
20 71 -59
20 72 -16
20 74 68
20 76 80
20 77 85
20 79 -54
20 80 -1
20 82 25
20 83 3
20 84 84
20 88 -67
20 89 68
20 91 77
20 96 13
20 98 92
21 2 95
21 4 90
21 9 2
21 14 60
21 16 -67
21 19 -13
21 22 86
21 23 -76
21 24 94
21 26 -5
21 28 76
21 29 91
21 30 -31
21 31 99
21 32 74
21 35 -55
21 36 -35
21 37 -26
21 42 32
21 43 -77
21 48 -56
21 49 -89
21 50 -35
21 51 45
21 52 -55
21 53 -40
21 54 17
21 56 1
21 57 -95
21 61 23
21 62 30
21 67 57
21 69 84
21 72 -66
21 74 -77
21 75 -63
21 80 -61
21 82 44
21 85 -35
21 88 43
21 90 -19
21 91 -85
21 94 -66
21 96 56
21 97 3
21 98 -94
22 1 -21
22 3 -77
22 4 -91
22 7 58
22 10 39
22 12 8
22 15 65
22 16 -82
22 17 99
22 18 -32
22 19 30
22 21 -93
22 24 -29
22 28 5
22 30 -5
22 31 -41
22 32 -99
22 34 -38
22 37 95
22 40 85
22 43 -62
22 44 35
22 45 53
22 52 -21
22 53 -2
22 56 -78
22 60 89
22 63 -30
22 64 -56
22 67 -32
22 71 10
22 74 -53
22 75 -34
22 76 79
22 79 13
22 80 26
22 82 -8
22 85 -34
22 91 54
22 98 -77
23 10 -64
23 13 -54
23 15 -43
23 16 15
23 17 78
23 19 17
23 22 30
23 25 31
23 27 9
23 31 54
23 33 -27
23 34 -32
23 36 29
23 37 -37
23 41 -92
23 43 44
23 44 -12
23 45 -5
23 48 -31
23 52 -47
23 54 35
23 56 17
23 60 -28
23 61 11
23 63 86
23 65 -97
23 67 -50
23 69 7
23 75 19
23 77 67
23 80 -62
23 81 59
23 82 90
23 87 100
23 88 -18
23 91 -91
23 92 -33
23 93 75
23 96 78
24 1 -25
24 2 33
24 6 -46
24 7 26
24 13 -10
24 14 32
24 15 100
24 16 92
24 18 -95
24 21 -77
24 22 1
24 25 -49
24 26 80
24 31 51
24 33 41
24 45 5
24 46 66
24 48 -71
24 50 100
24 51 -77
24 53 -26
24 55 3
24 58 87
24 59 -1
24 61 8
24 64 57
24 65 -25
24 66 33
24 68 -10
24 71 -4
24 72 -73
24 73 -63
24 74 -24
24 76 42
24 77 -94
24 78 45
24 83 -54
24 88 81
24 89 -31
24 90 -66
24 93 80
24 94 -21
24 96 32
24 97 -57
24 98 -4
24 99 -95
25 1 -45
25 2 51
25 3 33
25 5 -67
25 6 40
25 17 -46
25 20 -20
25 21 39
25 22 27
25 23 78
25 26 -60
25 27 72
25 33 -32
25 34 93
25 36 91
25 39 6
25 41 21
25 43 -4
25 47 6
25 48 51
25 49 -23
25 50 12
25 51 -21
25 52 71
25 54 -94
25 59 -96
25 60 -24
25 64 95
25 65 -72
25 66 -52
25 68 -64
25 71 60
25 78 -43
25 82 46
25 84 67
25 86 93
25 89 -74
25 92 86
25 93 -64
25 95 61
25 96 21
25 97 91
25 98 50
25 99 71
26 2 -44
26 5 85
26 6 -37
26 7 48
26 10 -71
26 12 -78
26 17 -25
26 18 50
26 19 -8
26 26 -60
26 27 13
26 31 -97
26 32 -52
26 33 -17
26 34 63
26 35 66
26 36 -56
26 40 27
26 41 9
26 44 -61
26 46 -53
26 55 -31
26 56 -5
26 59 -24
26 62 19
26 65 -41
26 67 -70
26 72 -88
26 73 -66
26 75 -2
26 76 -97
26 77 77
26 81 80
26 83 -50
26 84 11
26 85 -70
26 90 -31
26 93 49
26 96 23
26 98 -23
27 0 -34
27 3 79
27 7 -44
27 8 50
27 14 -34
27 16 63
27 18 -18
27 22 18
27 24 -91
27 25 61
27 31 -32
27 35 -55
27 37 -89
27 38 92
27 39 10
27 44 98
27 45 99
27 58 -88
27 59 -48
27 61 77
27 64 -88
27 66 -92
27 70 -71
27 73 64
27 78 -3
27 81 -80
27 82 -71
27 83 -72
27 86 -42
27 92 15
27 96 97
27 98 49
28 8 5
28 10 -26
28 11 -38
28 13 100
28 14 60
28 17 50
28 22 -85
28 24 -12
28 32 -97
28 35 7
28 36 -53
28 40 -44
28 43 -41
28 44 26
28 45 62
28 47 21
28 52 29
28 58 -1
28 59 99
28 61 50
28 62 -86
28 63 -7
28 64 -70
28 67 -15
28 69 14
28 72 79
28 73 32
28 76 45
28 77 53
28 80 10
28 81 -96
28 85 -57
28 87 97
28 89 34
28 90 -79
28 92 -75
28 94 91
28 95 -15
29 0 -47
29 5 -84
29 8 -56
29 9 -91
29 11 -66
29 12 31
29 13 -71
29 16 -80
29 20 -70
29 21 47
29 22 20
29 26 88
29 29 -83
29 30 34
29 32 -85
29 35 50
29 36 -90
29 42 -3
29 45 -32
29 47 34
29 48 91
29 49 87
29 51 59
29 52 -51
29 53 -86
29 58 -95
29 61 -14
29 62 33
29 63 66
29 65 -96
29 66 70
29 68 -72
29 69 3
29 70 39
29 72 10
29 75 53
29 76 98
29 78 63
29 79 82
29 82 -71
29 83 24
29 86 59
29 87 52
29 89 38
29 91 97
29 92 94
29 94 -50
29 97 -56
29 99 -81
30 2 94
30 4 -1
30 8 -80
30 9 -32
30 11 94
30 17 34
30 20 33
30 21 65
30 23 80
30 24 -91
30 25 82
30 27 -78
30 31 -20
30 33 -40
30 36 -67
30 43 -87
30 44 -97
30 51 89
30 53 -22
30 56 -60
30 57 -52
30 58 71
30 59 62
30 61 -80
30 62 74
30 64 -75
30 68 42
30 69 94
30 70 21
30 71 -10
30 73 -49
30 74 -38
30 82 -97
30 84 40
30 85 54
30 91 16
30 92 76
30 93 11
30 95 66
30 98 62
31 4 18
31 7 -71
31 10 16
31 12 4
31 15 -47
31 16 1
31 17 -11
31 18 17
31 21 -40
31 25 -12
31 26 12
31 29 -45
31 32 8
31 36 58
31 37 -94
31 40 -45
31 41 -19
31 42 92
31 43 -30
31 47 3
31 48 57
31 51 16
31 52 40
31 54 85
31 55 8
31 69 64
31 76 -47
31 80 91
31 81 82
31 87 -43
31 89 -23
31 95 -83
32 0 59
32 1 -87
32 3 48
32 4 -26
32 7 96
32 8 3
32 10 -99
32 12 -29
32 16 -54
32 17 77
32 19 60
32 20 60
32 21 44
32 24 51
32 26 94
32 27 39
32 31 35
32 34 33
32 35 93
32 36 -12
32 38 33
32 43 -48
32 46 -15
32 50 31
32 51 13
32 55 -1
32 60 -12
32 62 -39
32 63 63
32 68 -40
32 70 -43
32 74 77
32 77 -26
32 78 -95
32 79 -75
32 80 -93
32 85 28
32 93 -3
32 95 -7
32 96 1
32 97 19
32 99 -42
33 1 79
33 3 -65
33 4 -62
33 5 -40
33 6 31
33 7 39
33 10 -97
33 12 68
33 13 43
33 14 10
33 16 -3
33 19 -95
33 20 42
33 26 -85
33 28 28
33 33 55
33 38 -88
33 41 -14
33 44 -83
33 47 -19
33 48 6
33 50 11
33 51 34
33 54 26
33 55 28
33 56 77
33 61 -18
33 70 59
33 74 -11
33 77 -23
33 79 -57
33 83 -99
33 87 50
33 89 -10
33 94 -85
33 96 12
34 1 84
34 9 99
34 10 79
34 11 -78
34 12 42
34 14 12
34 15 -76
34 17 18
34 20 -32
34 22 49
34 29 17
34 31 13
34 33 5
34 34 -74
34 38 -10
34 39 69
34 47 43
34 49 10
34 51 57
34 52 18
34 54 -94
34 56 47
34 57 -92
34 58 60
34 59 85
34 60 -56
34 62 83
34 66 84
34 67 50
34 70 -77
34 73 69
34 75 -20
34 85 44
34 86 2
34 87 -85
34 88 -8
34 92 -2
35 0 19
35 2 -84
35 5 47
35 7 25
35 9 96
35 11 63
35 16 92
35 17 -14
35 18 -60
35 23 68
35 25 -50
35 26 -88
35 29 41
35 33 -80
35 34 -91
35 39 -23
35 40 -37
35 41 -24
35 42 19
35 43 4
35 45 -27
35 46 79
35 47 29
35 50 4
35 52 92
35 56 -28
35 58 -68
35 59 76
35 63 -21
35 67 9
35 70 43
35 71 3
35 72 -79
35 73 -79
35 75 78
35 79 -6
35 82 99
35 84 27
35 86 27
35 88 -38
35 89 -5
35 90 -96
35 91 11
35 92 -53
35 94 46
35 95 -1
35 96 -50
35 97 92
35 98 -73
36 0 -66
36 3 24
36 5 -90
36 7 -1
36 10 -36
36 12 54
36 17 -6
36 20 17
36 26 -50
36 27 54
36 29 -43
36 32 -38
36 34 64
36 39 -80
36 53 -89
36 59 -8
36 61 -45
36 63 50
36 67 -60
36 68 35
36 69 -28
36 76 -84
36 82 89
36 83 -39
36 84 -49
36 86 80
36 89 38
36 94 -77
36 96 -82
36 99 -82
37 0 50
37 1 -31
37 4 63
37 11 85
37 15 -2
37 18 -18
37 24 3
37 27 -11
37 32 -29
37 33 7
37 34 67
37 38 27
37 41 -68
37 42 46
37 44 98
37 46 -35
37 47 80
37 49 37
37 52 -28
37 54 -42
37 56 15
37 59 -71
37 64 57
37 66 33
37 67 -57
37 77 42
37 79 43
37 80 -93
37 89 15
37 92 -36
37 94 -88
37 95 -59
37 99 81
38 3 -55
38 7 -54
38 8 16
38 11 -35
38 14 -22
38 17 -34
38 18 -51
38 22 98
38 25 -50
38 29 19
38 31 -64
38 33 -4
38 34 -3
38 37 63
38 40 93
38 41 28
38 42 -29
38 43 -79
38 44 32
38 45 93
38 47 -28
38 48 61
38 54 93
38 56 -47
38 58 -54
38 59 32
38 60 -18
38 63 46
38 67 -93
38 70 -73
38 71 89
38 77 -94
38 80 63
38 82 -41
38 83 24
38 84 -42
38 85 -9
38 86 -62
38 87 -71
38 91 -23
38 97 9
38 99 3
39 1 -45
39 3 -98
39 5 -21
39 8 -74
39 19 16
39 22 93
39 23 52
39 28 61
39 30 44
39 31 100
39 32 60
39 34 -89
39 36 27
39 39 -31
39 40 28
39 42 -96
39 43 95
39 49 -52
39 51 -99
39 53 56
39 54 86
39 58 58
39 63 -38
39 64 32
39 66 -74
39 67 -57
39 68 53
39 70 -59
39 76 -38
39 80 -36
39 81 63
39 82 -48
39 84 -78
39 85 -27
39 93 -13
39 94 59
39 98 -85
39 99 43
40 0 -80
40 1 9
40 4 22
40 6 -42
40 8 31
40 23 40
40 26 -76
40 32 -60
40 34 18
40 35 94
40 36 -99
40 37 62
40 39 7
40 40 72
40 43 -57
40 45 -48
40 46 -72
40 47 -14
40 49 -75
40 50 -63
40 53 -96
40 58 -63
40 61 -5
40 62 -29
40 64 -89
40 65 46
40 66 -28
40 69 75
40 71 37
40 74 -63
40 77 24
40 78 98
40 79 -62
40 88 34
40 89 -4
41 9 -52
41 10 72
41 13 -28
41 16 37
41 17 -58
41 21 -9
41 22 88
41 23 83
41 25 4
41 26 8
41 27 75
41 28 -40
41 29 -9
41 30 -43
41 32 -76
41 33 57
41 37 82
41 38 45
41 39 46
41 42 92
41 45 -55
41 47 -64
41 48 55
41 49 -11
41 50 98
41 52 27
41 55 21
41 56 -23
41 60 -62
41 61 -18
41 63 16
41 64 56
41 70 -74
41 72 94
41 74 -12
41 76 34
41 78 -51
41 81 -100
41 86 -48
41 88 85
41 90 5
41 91 40
41 93 -37
41 97 72
41 99 3
42 0 -15
42 3 -82
42 4 -9
42 6 64
42 11 46
42 13 -51
42 18 32
42 20 31
42 21 -44
42 24 -53
42 25 53
42 26 -67
42 30 90
42 36 -80
42 38 -71
42 40 90
42 41 -30
42 42 -21
42 43 38
42 46 39
42 47 66
42 48 99
42 50 -87
42 53 64
42 56 -52
42 58 31
42 62 -79
42 65 14
42 68 52
42 71 39
42 80 62
42 81 29
42 83 -56
42 86 -58
42 91 -60
42 93 -91
42 94 -60
42 96 -1
42 99 -80
43 0 14
43 4 -79
43 5 -82
43 10 82
43 12 -85
43 16 -62
43 26 90
43 27 24
43 28 23
43 35 48
43 37 58
43 38 -78
43 40 -56
43 41 -3
43 49 13
43 50 -98
43 51 -92
43 56 -80
43 58 74
43 59 -30
43 62 62
43 65 99
43 67 62
43 71 -58
43 72 58
43 74 -9
43 77 -79
43 78 -49
43 80 -86
43 82 80
43 83 -89
43 85 99
43 92 57
43 93 26
43 96 -50
43 97 -87
43 98 -75
43 99 14
44 0 82
44 1 -43
44 3 64
44 6 -87
44 7 -88
44 13 -86
44 17 -61
44 20 -27
44 22 1
44 23 -24
44 25 88
44 30 45
44 32 -1
44 35 -58
44 36 29
44 37 -62
44 39 41
44 41 91
44 44 86
44 45 -30
44 47 63
44 48 49
44 49 75
44 54 -58
44 55 49
44 57 -9
44 60 90
44 62 42
44 63 -36
44 65 -1
44 66 -70
44 70 -71
44 73 68
44 74 -67
44 75 38
44 77 -83
44 81 50
44 82 38
44 84 15
44 85 74
44 91 -12
44 92 13
44 97 95
44 99 -73
45 1 -3
45 2 23
45 4 -86
45 5 -96
45 8 95
45 11 -39
45 12 91
45 13 -6
45 17 -39
45 20 -95
45 21 52
45 24 -41
45 25 71
45 28 -29
45 29 30
45 32 -58
45 34 65
45 35 -6
45 36 -77
45 37 81
45 39 -94
45 44 11
45 48 56
45 50 -16
45 51 -2
45 55 19
45 60 -13
45 61 93
45 62 23
45 63 -91
45 67 81
45 70 27
45 71 -96
45 74 49
45 78 78
45 81 -15
45 87 45
45 91 93
45 93 1
45 95 -11
45 96 8
46 0 19
46 4 76
46 5 -38
46 8 -80
46 10 -14
46 12 -76
46 17 -89
46 18 -11
46 20 94
46 24 -29
46 27 -35
46 28 -93
46 30 -20
46 36 -5
46 37 -33
46 38 76
46 46 34
46 47 -87
46 50 -78
46 52 70
46 55 -69
46 59 5
46 65 -45
46 68 60
46 70 69
46 72 -41
46 73 16
46 74 -66
46 76 -19
46 78 50
46 79 -68
46 80 25
46 81 63
46 82 -32
46 83 13
46 90 42
46 95 76
46 96 48
46 98 72
46 99 23
47 0 -52
47 2 -42
47 3 28
47 6 77
47 8 -93
47 9 45
47 10 51
47 11 30
47 13 -64
47 17 22
47 18 -72
47 20 -22
47 21 -14
47 25 56
47 26 -73
47 27 84
47 28 40
47 29 -86
47 31 -57
47 32 -44
47 34 -3
47 37 -27
47 38 -43
47 41 -86
47 48 77
47 50 86
47 55 -49
47 62 5
47 64 -76
47 75 -8
47 76 -91
47 77 85
47 81 -95
47 83 21
47 88 -71
47 89 -12
47 91 62
47 95 11
47 96 69
47 97 57
47 98 -12
47 99 -87
48 1 -77
48 10 2
48 12 -59
48 13 19
48 14 4
48 15 46
48 22 97
48 23 78
48 27 68
48 28 -94
48 29 20
48 33 89
48 34 7
48 40 18
48 43 63
48 45 11
48 46 66
48 48 93
48 51 70
48 55 11
48 56 6
48 57 -10
48 60 -26
48 64 -39
48 68 -56
48 70 -40
48 73 56
48 76 -73
48 78 25
48 79 74
48 83 50
48 84 85
48 89 87
48 90 17
49 0 -51
49 3 35
49 8 -7
49 9 -92
49 10 -53
49 11 16
49 12 21
49 20 -68
49 21 -28
49 22 99
49 23 -96
49 24 -5
49 26 73
49 30 -92
49 31 -100
49 32 16
49 33 -60
49 35 -73
49 36 -34
49 37 77
49 38 18
49 40 -35
49 41 3
49 42 84
49 45 -47
49 49 97
49 50 81
49 51 -23
49 54 -100
49 56 83
49 60 -61
49 63 83
49 65 79
49 66 -62
49 68 -100
49 73 69
49 75 70
49 76 60
49 83 -78
49 87 -3
49 93 -10
49 94 58
49 98 -3
50 2 -24
50 3 -43
50 6 55
50 10 -75
50 13 -40
50 14 -91
50 15 22
50 17 91
50 18 -51
50 23 -20
50 30 -43
50 32 -49
50 34 22
50 39 -45
50 41 90
50 43 -44
50 45 -47
50 53 46
50 55 -81
50 56 -93
50 57 -51
50 61 47
50 62 -54
50 67 -63
50 71 -50
50 72 -39
50 73 -79
50 78 -31
50 83 76
50 89 -64
50 90 -75
50 91 31
50 92 -29
50 93 95
50 94 76
50 95 3
50 96 13
50 98 70
50 99 24
51 1 -1
51 2 65
51 6 91
51 7 -55
51 8 -40
51 10 -21
51 16 -70
51 18 84
51 22 -70
51 23 40
51 24 39
51 28 -91
51 29 11
51 34 -23
51 43 57
51 44 -55
51 47 47
51 49 -38
51 51 -93
51 52 55
51 56 37
51 58 -34
51 59 -3
51 61 -25
51 62 -53
51 63 -78
51 64 83
51 65 -97
51 67 -15
51 68 77
51 72 92
51 76 38
51 77 -96
51 80 53
51 82 -42
51 83 96
51 84 -3
51 88 10
51 91 -67
51 93 -63
51 94 97
51 95 -56
51 96 80
51 99 16
52 0 -25
52 1 -7
52 8 85
52 9 60
52 12 -79
52 13 -26
52 15 60
52 16 -17
52 22 -75
52 24 -59
52 26 75
52 28 49
52 29 -2
52 35 47
52 37 -15
52 38 -68
52 40 -68
52 42 -65
52 43 56
52 44 66
52 48 -14
52 49 -81
52 55 89
52 56 64
52 57 9
52 59 70
52 60 -74
52 61 -57
52 63 100
52 66 -14
52 69 36
52 71 32
52 72 71
52 74 41
52 77 -80
52 82 -1
52 83 59
52 88 -25
52 91 -63
52 96 -88
52 97 57
52 98 -4
52 99 99
53 2 -6
53 3 78
53 8 -64
53 9 40
53 12 -96
53 14 68
53 15 50
53 16 74
53 17 -77
53 18 27
53 20 -31
53 21 -55
53 22 96
53 24 60
53 25 -80
53 28 -17
53 32 -38
53 33 62
53 36 -53
53 37 12
53 38 84
53 39 -65
53 40 80
53 45 97
53 46 77
53 51 -74
53 52 -76
53 53 -61
53 56 14
53 58 -75
53 59 57
53 60 -93
53 61 8
53 62 -1
53 64 52
53 65 -100
53 66 -14
53 68 -53
53 70 -43
53 73 88
53 75 99
53 76 -98
53 79 68
53 83 -40
53 85 -57
53 86 -74
53 88 -32
53 89 38
53 93 -87
53 95 24
53 99 -69
54 0 71
54 5 -97
54 6 86
54 9 94
54 10 -77
54 13 46
54 14 -41
54 17 -96
54 18 54
54 19 -8
54 20 -99
54 24 66
54 25 -67
54 30 41
54 37 -34
54 38 14
54 40 -10
54 42 72
54 45 -47
54 46 58
54 50 -31
54 52 -13
54 53 -94
54 58 -49
54 59 48
54 62 -13
54 64 90
54 67 26
54 71 -52
54 72 87
54 75 33
54 77 -62
54 82 37
54 85 45
54 86 -17
54 88 36
54 89 70
54 92 -56
54 93 -81
54 95 -80
54 97 36
55 2 -43
55 3 -30
55 5 59
55 6 54
55 7 87
55 8 -2
55 10 -31
55 12 94
55 17 21
55 19 32
55 22 94
55 25 79
55 28 -5
55 29 -15
55 30 37
55 32 99
55 34 97
55 35 -82
55 36 -54
55 39 69
55 40 29
55 42 75
55 46 -86
55 51 11
55 55 -58
55 60 -30
55 62 -53
55 63 -84
55 69 36
55 70 -82
55 72 59
55 74 57
55 75 1
55 76 69
55 77 -90
55 79 68
55 80 87
55 81 -71
55 83 19
55 86 63
55 87 3
55 90 -88
55 91 71
55 92 -66
55 93 -17
55 94 -97
55 98 35
56 0 -75
56 4 -30
56 8 12
56 9 -89
56 11 -7
56 13 59
56 14 43
56 15 -59
56 16 43
56 17 5
56 18 -63
56 19 62
56 22 -2
56 23 -92
56 24 -92
56 25 -75
56 26 -97
56 27 69
56 30 -94
56 32 -31
56 33 91
56 34 94
56 36 -41
56 38 94
56 40 -34
56 42 -22
56 43 32
56 47 52
56 48 20
56 55 -73
56 62 63
56 64 13
56 66 64
56 69 70
56 71 -25
56 73 63
56 74 -24
56 76 82
56 77 16
56 78 -18
56 82 -82
56 85 72
56 88 -71
56 91 63
56 92 -67
56 93 -26
56 95 -59
56 97 -98
57 0 -50
57 4 47
57 6 -96
57 11 81
57 14 -20
57 15 -62
57 16 -85
57 18 50
57 19 -45
57 21 48
57 23 -59
57 24 -52
57 25 81
57 26 63
57 31 77
57 33 10
57 37 80
57 39 -70
57 44 60
57 48 -30
57 51 81
57 56 91
57 57 -81
57 59 21
57 60 -72
57 61 -53
57 62 -92
57 65 -89
57 67 -52
57 68 37
57 69 95
57 72 -82
57 74 40
57 75 -11
57 76 70
57 81 29
57 82 14
57 83 88
57 84 -42
57 85 6
57 88 -1
57 92 64
57 94 -97
57 95 -45
57 99 46
58 1 -16
58 3 -55
58 4 -13
58 10 95
58 12 5
58 15 -92
58 18 48
58 25 -54
58 29 64
58 34 -95
58 36 45
58 39 32
58 40 46
58 41 21
58 43 44
58 44 31
58 50 12
58 52 -16
58 53 -18
58 56 -5
58 57 28
58 63 49
58 65 99
58 67 91
58 72 31
58 78 -4
58 81 100
58 82 22
58 83 52
58 84 -22
58 91 29
58 94 -6
58 99 -25
59 0 86
59 2 8
59 3 99
59 5 53
59 6 -91
59 7 -94
59 12 -57
59 15 14
59 19 -9
59 21 -41
59 27 62
59 35 -82
59 37 46
59 38 -31
59 40 -81
59 43 -7
59 44 92
59 45 -67
59 47 27
59 48 10
59 50 74
59 54 -68
59 56 18
59 57 19
59 61 95
59 62 100
59 64 -74
59 65 86
59 67 48
59 69 57
59 71 -12
59 73 21
59 79 58
59 82 -85
59 84 -35
59 86 84
59 91 16
59 93 35
59 96 -86
59 97 -67
59 99 -50
60 2 -1
60 3 54
60 7 47
60 9 -56
60 12 92
60 15 67
60 16 11
60 18 49
60 19 88
60 20 71
60 21 54
60 22 42
60 23 -35
60 27 -35
60 29 -6
60 30 63
60 31 54
60 32 -49
60 33 -72
60 36 73
60 39 15
60 41 -1
60 43 -43
60 44 -31
60 45 95
60 48 -58
60 53 93
60 56 82
60 59 -38
60 61 91
60 68 13
60 81 -38
60 82 -98
60 83 3
60 85 7
60 90 -55
60 91 57
60 92 -32
60 94 58
60 95 -59
60 99 -17
61 0 58
61 1 -99
61 5 78
61 6 8
61 8 38
61 9 11
61 13 11
61 15 26
61 16 -70
61 21 36
61 23 -42
61 26 87
61 27 -95
61 28 24
61 32 -90
61 37 -82
61 38 45
61 39 24
61 40 76
61 42 60
61 44 42
61 45 -25
61 48 30
61 49 -30
61 52 -5
61 62 80
61 63 96
61 65 -20
61 66 56
61 67 49
61 68 -3
61 70 -16
61 71 -76
61 72 17
61 73 -51
61 75 72
61 76 -15
61 79 -44
61 80 12
61 81 -77
61 82 58
61 83 -20
61 84 42
61 86 -22
61 87 48
61 92 -83
61 93 77
61 96 97
61 97 72
61 98 -45
61 99 -65
62 0 78
62 2 -76
62 3 76
62 6 -61
62 7 23
62 10 -26
62 14 83
62 18 -91
62 20 -22
62 23 7
62 27 75
62 28 -94
62 29 4
62 30 4
62 35 -29
62 38 33
62 44 -46
62 45 17
62 47 52
62 50 -23
62 52 -9
62 54 -1
62 55 -32
62 57 83
62 58 13
62 60 87
62 63 55
62 64 93
62 68 19
62 76 8
62 80 6
62 82 97
62 84 -97
62 85 -43
62 87 65
62 89 75
62 91 -33
62 93 -7
62 95 -4
62 97 80
63 0 -6
63 2 62
63 5 -17
63 8 -16
63 9 99
63 11 -14
63 14 23
63 17 -59
63 18 11
63 22 -13
63 24 18
63 25 33
63 29 15
63 31 -69
63 38 28
63 45 88
63 46 -81
63 50 -54
63 51 95
63 53 81
63 54 -62
63 56 -63
63 57 -72
63 61 19
63 63 -31
63 65 -77
63 66 -95
63 69 -60
63 71 83
63 76 -92
63 79 64
63 89 -100
63 90 -88
63 92 71
63 98 -17
63 99 10
64 0 50
64 2 -17
64 17 27
64 20 -36
64 24 83
64 25 -85
64 27 -7
64 32 -52
64 35 93
64 40 -14
64 41 -67
64 43 -65
64 44 -64
64 45 54
64 48 38
64 50 21
64 57 1
64 58 -10
64 61 68
64 65 -56
64 66 88
64 67 82
64 68 -64
64 70 -4
64 71 67
64 75 -99
64 78 3
64 81 34
64 84 -85
64 90 -67
64 92 -60
64 97 10
64 98 15
65 0 99
65 2 31
65 5 80
65 6 -18
65 8 71
65 11 -100
65 12 -94
65 13 37
65 15 -96
65 16 -97
65 18 -43
65 20 18
65 21 70
65 22 -92
65 23 22
65 24 -15
65 26 84
65 27 -79
65 29 67
65 31 93
65 34 -29
65 35 -80
65 36 2
65 39 -84
65 41 -80
65 45 -33
65 49 -34
65 51 3
65 55 -99
65 56 63
65 58 77
65 60 98
65 62 100
65 69 -27
65 71 -95
65 72 -69
65 73 79
65 78 13
65 79 50
65 80 61
65 88 -58
65 89 -28
65 90 25
65 91 16
65 93 52
65 94 -29
65 97 -34
65 98 -14
66 1 -51
66 2 -27
66 8 -14
66 12 -90
66 13 -65
66 14 -37
66 15 28
66 16 76
66 19 81
66 22 94
66 25 32
66 31 43
66 33 -95
66 35 98
66 38 -7
66 39 -34
66 41 -62
66 42 -84
66 49 24
66 51 -30
66 52 -76
66 53 97
66 59 70
66 60 -87
66 61 18
66 65 -93
66 73 49
66 74 -23
66 75 -60
66 76 66
66 80 73
66 81 83
66 82 63
66 85 -64
66 91 3
66 93 47
66 94 -57
66 96 -88
66 99 70
67 0 -21
67 1 -32
67 3 -95
67 5 9
67 6 3
67 9 -47
67 13 -10
67 17 33
67 22 -22
67 26 81
67 27 58
67 32 -46
67 36 -51
67 40 -70
67 41 -35
67 50 48
67 52 89
67 53 93
67 54 -61
67 60 -7
67 65 5
67 66 -65
67 67 11
67 71 -40
67 77 10
67 81 -20
67 83 38
67 87 87
67 88 97
67 90 -8
67 96 -86
67 97 22
68 0 35
68 2 -27
68 5 26
68 6 -53
68 7 -21
68 12 -13
68 14 99
68 15 -52
68 16 -32
68 18 -42
68 26 77
68 28 -67
68 29 -3
68 30 23
68 34 -50
68 36 -20
68 37 9
68 38 85
68 40 57
68 41 -69
68 42 37
68 43 -47
68 45 33
68 46 -3
68 50 30
68 52 -50
68 54 -60
68 55 93
68 57 35
68 58 34
68 62 1
68 63 11
68 65 91
68 66 13
68 69 12
68 71 -12
68 73 -67
68 75 -91
68 76 -37
68 77 77
68 79 22
68 81 -15
68 82 73
68 84 88
68 87 48
68 88 56
68 89 -80
68 91 -81
68 96 54
69 4 1
69 7 68
69 8 -41
69 9 -7
69 12 22
69 15 8
69 17 -8
69 22 29
69 24 84
69 28 98
69 30 -22
69 32 66
69 35 71
69 38 -16
69 39 18
69 40 -42
69 41 81
69 42 -57
69 45 34
69 46 24
69 48 89
69 49 22
69 51 -21
69 56 1
69 57 -30
69 59 29
69 61 -6
69 64 94
69 70 -45
69 71 -3
69 73 -33
69 74 -43
69 76 16
69 80 5
69 95 64
69 96 52
69 97 34
69 98 -18
70 1 -69
70 2 -3
70 5 36
70 10 21
70 11 32
70 16 44
70 25 1
70 27 -9
70 30 62
70 33 -76
70 43 -91
70 49 -63
70 50 -49
70 51 86
70 52 -20
70 54 -91
70 55 43
70 56 -16
70 60 99
70 62 32
70 67 -7
70 78 -10
70 81 48
70 86 -37
70 87 68
70 90 69
70 91 64
70 93 29
70 98 -54
70 99 -6
71 3 -26
71 4 -42
71 9 -5
71 12 -100
71 17 97
71 18 51
71 19 59
71 20 63
71 21 26
71 23 -17
71 24 73
71 25 -98
71 26 55
71 27 -4
71 28 -69
71 30 -2
71 36 85
71 40 9
71 41 -18
71 50 -38
71 51 58
71 60 100
71 62 -92
71 63 -11
71 64 -6
71 69 -85
71 71 3
71 74 40
71 76 70
71 80 -52
71 83 55
71 89 -77
71 90 -42
71 93 -52
71 94 -55
71 95 -64
71 96 -50
71 98 -69
71 99 42
72 0 72
72 5 -80
72 7 -43
72 9 -35
72 17 -46
72 23 88
72 28 72
72 29 -53
72 36 -17
72 38 67
72 44 66
72 46 10
72 47 -94
72 49 72
72 53 3
72 54 17
72 55 -82
72 58 -78
72 62 98
72 68 -35
72 69 -85
72 74 -28
72 75 55
72 79 -17
72 81 -63
72 86 -2
72 87 89
72 88 34
72 90 -83
72 94 47
72 96 31
72 99 41
73 2 -45
73 4 -98
73 11 52
73 13 27
73 14 -60
73 15 78
73 19 74
73 25 -1
73 27 98
73 30 21
73 34 -55
73 35 20
73 36 87
73 37 -28
73 42 -18
73 44 49
73 47 -68
73 48 -81
73 49 -98
73 51 -7
73 56 31
73 61 -60
73 64 50
73 67 -65
73 70 -25
73 71 64
73 73 56
73 74 -25
73 77 36
73 78 -25
73 83 18
73 84 54
73 86 22
73 87 32
73 93 -84
73 96 35
74 0 74
74 1 -31
74 2 -83
74 6 -52
74 7 -99
74 13 26
74 14 22
74 15 81
74 18 97
74 19 -50
74 27 -76
74 31 78
74 33 6
74 34 -40
74 35 -98
74 37 -95
74 39 -23
74 41 -82
74 48 92
74 50 78
74 52 64
74 53 -33
74 55 41
74 60 -61
74 64 -32
74 67 87
74 68 -42
74 71 -12
74 73 47
74 78 -64
74 80 100
74 83 100
74 86 -25
74 87 68
74 89 -51
74 90 34
74 91 63
74 92 46
74 95 -38
74 99 -50
75 2 91
75 5 -45
75 13 53
75 14 -61
75 16 18
75 17 83
75 21 85
75 23 25
75 24 71
75 25 68
75 28 -5
75 29 86
75 36 56
75 38 -98
75 42 -88
75 45 -72
75 47 -14
75 48 70
75 49 83
75 50 61
75 53 78
75 54 80
75 56 57
75 57 -58
75 67 -97
75 69 -35
75 71 58
75 72 -82
75 75 21
75 77 -22
75 78 93
75 79 31
75 83 -13
75 95 28
75 96 16
75 98 -12
76 1 -51
76 2 -61
76 3 16
76 9 -58
76 10 1
76 12 48
76 14 -65
76 18 -27
76 19 9
76 21 8
76 23 65
76 26 62
76 27 99
76 30 75
76 34 -78
76 36 36
76 37 50
76 40 20
76 41 70
76 42 33
76 46 34
76 49 -14
76 52 -90
76 54 -34
76 55 -60
76 57 -31
76 59 -61
76 60 -49
76 62 76
76 64 4
76 66 13
76 69 60
76 70 -97
76 72 -60
76 74 -21
76 75 -35
76 77 -16
76 79 96
76 80 -14
76 85 75
76 86 44
76 87 16
76 91 49
76 95 82
76 97 -1
77 3 26
77 4 -17
77 9 9
77 11 -86
77 12 -47
77 13 -45
77 15 -52
77 16 71
77 21 53
77 24 -51
77 26 -49
77 28 -16
77 29 96
77 30 -60
77 37 66
77 39 -24
77 42 -68
77 43 55
77 45 -36
77 48 -61
77 50 -62
77 51 58
77 55 -75
77 58 70
77 59 -20
77 68 84
77 71 24
77 73 -61
77 77 28
77 79 -25
77 80 6
77 81 50
77 82 26
77 85 -73
77 87 -91
77 91 82
77 93 45
77 94 4
77 96 -73
77 97 5
77 99 11
78 6 60
78 9 -46
78 14 7
78 15 -23
78 19 -77
78 26 69
78 41 58
78 42 -57
78 43 -31
78 45 -73
78 52 -29
78 53 79
78 54 46
78 56 -88
78 58 -46
78 59 30
78 61 -6
78 66 -53
78 67 -21
78 70 93
78 73 79
78 74 -79
78 78 59
78 80 90
78 81 -82
78 84 -19
78 85 -8
78 90 57
78 92 -30
78 97 -48
79 0 -18
79 1 11
79 4 -32
79 9 36
79 10 -10
79 11 12
79 14 -3
79 15 84
79 19 -36
79 20 63
79 22 -86
79 23 -1
79 24 -3
79 26 13
79 35 -46
79 37 37
79 42 93
79 45 -96
79 48 32
79 50 11
79 56 -77
79 59 -91
79 62 -78
79 70 -36
79 71 35
79 73 -3
79 76 88
79 77 13
79 78 -35
79 80 -51
79 83 -85
79 86 95
79 87 77
79 89 8
79 90 77
79 91 -10
79 92 67
79 98 -73
80 0 -61
80 3 -88
80 5 10
80 6 -50
80 7 -78
80 11 -19
80 13 62
80 14 72
80 15 98
80 18 -50
80 21 92
80 25 -85
80 29 73
80 31 84
80 34 87
80 36 57
80 40 -31
80 41 -74
80 42 48
80 43 86
80 44 -3
80 47 66
80 51 83
80 54 -9
80 57 5
80 59 59
80 60 22
80 64 -66
80 67 -83
80 68 -32
80 74 -9
80 76 -19
80 77 -86
80 78 86
80 79 -44
80 80 62
80 86 80
80 88 8
80 91 90
80 92 -13
80 94 32
81 1 63
81 2 100
81 3 -11
81 5 -1
81 9 -17
81 10 99
81 13 65
81 15 76
81 17 30
81 21 -95
81 22 16
81 24 -17
81 27 -90
81 28 73
81 29 -99
81 30 -1
81 34 54
81 43 -38
81 55 39
81 56 95
81 62 -77
81 64 18
81 72 84
81 73 -67
81 74 93
81 78 78
81 81 -69
81 84 79
81 85 -55
81 87 60
81 91 23
81 97 -33
82 0 62
82 1 53
82 2 -57
82 3 82
82 4 -79
82 7 -71
82 8 -17
82 9 48
82 14 -17
82 17 28
82 18 -96
82 19 -81
82 28 -28
82 30 -11
82 33 45
82 35 -35
82 37 28
82 39 -31
82 41 -60
82 42 90
82 43 -23
82 46 74
82 47 -2
82 50 5
82 52 -85
82 55 9
82 59 80
82 60 82
82 65 8
82 66 -85
82 68 -78
82 83 -60
82 85 17
82 86 88
82 87 7
82 88 64
82 89 73
82 90 93
82 93 82
82 94 39
82 95 95
82 96 71
82 97 -26
82 99 92
83 4 -63
83 5 -12
83 8 59
83 9 33
83 13 -77
83 14 -85
83 20 59
83 24 -37
83 26 5
83 28 -62
83 30 87
83 32 -58
83 37 62
83 38 13
83 39 91
83 40 89
83 41 -45
83 43 -6
83 44 -55
83 47 -3
83 48 88
83 49 6
83 51 -63
83 53 -61
83 54 -79
83 55 -57
83 61 48
83 65 -89
83 66 -96
83 68 2
83 76 -74
83 77 -28
83 80 -83
83 81 90
83 82 23
83 85 78
83 86 -42
83 93 -75
83 98 66
83 99 -9
84 0 82
84 2 51
84 5 59
84 7 -29
84 9 -18
84 17 29
84 18 -19
84 19 -29
84 21 -65
84 25 67
84 27 -16
84 29 -88
84 30 -73
84 33 75
84 35 -15
84 37 -6
84 43 -12
84 48 21
84 51 63
84 54 25
84 59 -55
84 60 77
84 64 58
84 68 5
84 71 40
84 78 -38
84 80 15
84 81 58
84 82 -69
84 84 -83
84 88 -65
84 89 63
84 91 22
84 93 -18
84 94 -94
84 95 -49
84 96 -46
84 97 -32
84 99 -49
85 8 10
85 9 -6
85 10 46
85 11 -53
85 16 94
85 19 -84
85 24 83
85 25 31
85 31 70
85 32 -60
85 41 -87
85 43 -33
85 45 -95
85 47 24
85 48 -27
85 49 -96
85 52 -67
85 53 -88
85 57 -34
85 59 23
85 60 46
85 62 24
85 63 -41
85 66 78
85 69 -19
85 72 17
85 74 -27
85 75 39
85 77 92
85 79 -79
85 83 10
85 89 84
85 90 -65
85 91 -96
85 93 -93
85 94 77
85 96 34
85 97 -74
86 3 -32
86 6 -100
86 8 -32
86 9 18
86 10 91
86 15 -55
86 16 68
86 17 87
86 18 79
86 27 75
86 30 -39
86 35 10
86 38 57
86 41 62
86 47 -13
86 48 -23
86 49 63
86 54 66
86 55 92
86 59 -40
86 60 -84
86 62 19
86 63 72
86 64 84
86 67 82
86 68 45
86 71 -38
86 74 20
86 76 -15
86 81 27
86 87 -42
86 88 -82
86 91 -53
86 95 -100
86 99 42
87 0 87
87 4 86
87 6 -33
87 8 -25
87 12 49
87 15 -32
87 17 40
87 18 -83
87 19 20
87 21 76
87 22 -50
87 24 -3
87 30 -92
87 32 60
87 33 84
87 34 60
87 35 71
87 37 97
87 43 -19
87 50 -74
87 51 -68
87 52 76
87 55 -57
87 57 47
87 58 24
87 61 99
87 64 -12
87 66 49
87 68 -19
87 69 79
87 70 54
87 72 16
87 76 1
87 78 25
87 80 -31
87 82 -47
87 85 78
87 89 -89
87 90 -67
87 92 63
87 94 86
87 98 -97
88 0 -93
88 4 67
88 5 77
88 6 90
88 9 -95
88 10 34
88 18 -31
88 22 32
88 26 -2
88 27 -78
88 29 -61
88 30 23
88 32 -63
88 33 11
88 34 -1
88 35 55
88 37 -66
88 39 -7
88 41 -51
88 44 -57
88 46 -99
88 48 -65
88 49 91
88 51 -80
88 52 63
88 55 9
88 57 93
88 59 -45
88 60 -87
88 63 9
88 64 -32
88 67 41
88 68 -31
88 70 36
88 71 51
88 73 -34
88 77 59
88 81 94
88 89 12
88 91 -85
88 92 -76
89 0 -7
89 1 -39
89 8 36
89 9 69
89 14 -24
89 16 -83
89 17 -13
89 19 -27
89 22 63
89 24 -40
89 26 45
89 32 46
89 33 69
89 35 -39
89 36 50
89 43 87
89 47 -49
89 49 72
89 53 -43
89 54 -36
89 57 -65
89 58 86
89 60 12
89 61 -37
89 62 84
89 63 -52
89 64 -62
89 66 45
89 69 -65
89 78 -3
89 80 -15
89 82 96
89 84 -27
89 88 -67
89 90 -75
89 94 51
89 95 30
89 97 96
90 6 -22
90 7 62
90 9 -9
90 11 -87
90 12 -16
90 14 51
90 15 -34
90 20 -36
90 29 -33
90 31 -66
90 32 -98
90 35 68
90 36 -35
90 38 -29
90 40 -33
90 41 23
90 45 -85
90 47 60
90 54 71
90 55 5
90 59 68
90 60 57
90 62 67
90 63 -2
90 64 -43
90 65 25
90 68 -3
90 72 -72
90 74 -83
90 78 44
90 79 33
90 80 61
90 85 90
90 86 47
90 87 -18
90 88 -86
90 92 -28
90 93 -12
90 98 7
91 0 -48
91 2 -27
91 4 -32
91 7 -6
91 8 -80
91 10 96
91 12 -78
91 15 92
91 18 -10
91 19 -49
91 21 17
91 22 -6
91 24 -17
91 25 -69
91 29 -30
91 34 -26
91 35 -92
91 36 71
91 39 20
91 40 100
91 42 -94
91 46 2
91 47 7
91 51 -16
91 52 -89
91 53 66
91 55 10
91 56 35
91 57 -78
91 62 -23
91 63 45
91 67 74
91 68 17
91 70 15
91 74 27
91 76 5
91 81 77
91 85 39
91 87 80
91 89 6
91 90 -38
91 92 -19
91 93 -48
91 99 37
92 3 53
92 4 38
92 12 22
92 16 93
92 17 45
92 18 65
92 23 -49
92 33 -69
92 39 -3
92 47 31
92 48 26
92 49 3
92 51 21
92 61 56
92 62 32
92 65 2
92 67 45
92 69 39
92 70 -18
92 73 14
92 75 41
92 76 -24
92 77 17
92 79 17
92 84 98
92 87 47
92 89 -13
92 91 25
92 92 -55
92 93 13
92 95 -3
92 96 -77
92 99 12
93 2 64
93 3 -12
93 10 54
93 12 -71
93 14 -53
93 16 -16
93 19 -82
93 20 -61
93 24 -45
93 25 63
93 26 61
93 30 -5
93 31 93
93 33 17
93 36 -60
93 39 71
93 44 2
93 45 -72
93 48 -26
93 51 -9
93 53 98
93 55 12
93 56 24
93 62 -57
93 67 -95
93 68 55
93 69 31
93 70 32
93 81 -86
93 83 -64
93 84 -59
93 86 74
93 87 -44
93 94 -89
93 97 -83
93 98 -75
94 2 -13
94 10 90
94 11 -55
94 14 82
94 16 -46
94 18 50
94 19 -77
94 31 -8
94 32 -15
94 34 -6
94 35 -6
94 37 30
94 38 -53
94 44 54
94 47 82
94 49 69
94 52 41
94 61 53
94 62 16
94 63 -3
94 65 -36
94 67 83
94 72 34
94 73 -51
94 74 59
94 75 97
94 76 -95
94 78 57
94 79 -76
94 83 -73
94 84 44
94 90 -41
94 91 79
94 92 69
94 94 -23
94 95 97
95 0 11
95 1 9
95 2 9
95 4 -88
95 5 -92
95 7 -96
95 8 -1
95 11 27
95 13 75
95 14 -89
95 15 -94
95 16 -36
95 18 9
95 21 71
95 24 45
95 25 90
95 34 -52
95 35 72
95 36 -47
95 37 87
95 38 8
95 45 -45
95 46 51
95 47 64
95 52 54
95 60 -22
95 61 -98
95 64 -7
95 67 5
95 69 -22
95 70 55
95 73 6
95 74 -37
95 76 44
95 77 68
95 78 -35
95 79 100
95 81 -94
95 84 39
95 86 -41
95 89 2
95 92 47
95 93 -64
95 97 89
95 98 96
96 0 83
96 5 13
96 6 94
96 10 -9
96 12 -22
96 13 -42
96 14 -69
96 16 -24
96 19 -95
96 20 -87
96 24 39
96 27 -63
96 28 58
96 33 82
96 36 70
96 38 -49
96 40 -36
96 41 -100
96 42 86
96 45 28
96 46 -88
96 48 65
96 55 -77
96 57 8
96 58 -52
96 59 54
96 60 18
96 61 43
96 64 7
96 65 -56
96 66 -99
96 67 62
96 69 -44
96 76 57
96 80 47
96 82 33
96 84 -83
96 88 -39
96 90 -90
96 91 18
96 92 15
96 93 -48
96 95 -64
96 96 -20
96 97 25
96 98 -93
97 1 -57
97 2 -72
97 3 -18
97 5 -12
97 7 51
97 10 27
97 11 78
97 14 70
97 15 -13
97 16 61
97 18 -62
97 20 -25
97 22 47
97 23 -89
97 25 14
97 29 -89
97 30 -100
97 32 45
97 33 53
97 38 -25
97 39 -62
97 42 -55
97 43 -91
97 44 -28
97 46 -21
97 48 14
97 51 60
97 52 40
97 57 -55
97 58 -5
97 63 30
97 64 -56
97 66 -77
97 73 5
97 75 56
97 78 -94
97 80 25
97 84 73
97 90 -79
97 91 60
97 95 22
97 99 -85
98 1 -50
98 2 -36
98 5 12
98 6 16
98 10 -51
98 13 43
98 22 1
98 25 96
98 26 -84
98 27 29
98 31 -11
98 36 19
98 41 -20
98 42 -80
98 43 -29
98 48 5
98 55 51
98 57 -81
98 58 31
98 59 21
98 60 73
98 61 -41
98 62 47
98 64 -73
98 66 35
98 68 -95
98 75 90
98 79 85
98 80 87
98 84 82
98 86 41
98 88 -59
98 89 69
98 92 -68
98 95 77
98 96 -31
98 97 -21
98 99 -52
99 0 -96
99 7 100
99 8 95
99 10 -48
99 11 52
99 18 87
99 19 -43
99 21 50
99 23 -41
99 27 -78
99 28 61
99 29 38
99 30 -26
99 31 65
99 34 86
99 35 -66
99 38 -28
99 39 23
99 41 -36
99 43 29
99 46 48
99 47 39
99 48 67
99 50 74
99 51 -68
99 53 31
99 54 -2
99 58 -26
99 63 14
99 65 -66
99 69 48
99 72 39
99 73 94
99 74 -76
99 75 21
99 76 58
99 80 10
99 82 -18
99 84 56
99 91 12
99 92 54