0 0 -77
0 1 -60
0 2 92
0 3 31
0 4 37
0 6 18
0 7 -65
0 8 -34
0 10 16
0 12 -21
0 13 72
0 14 67
0 15 -90
0 16 77
0 18 -80
0 20 -11
0 21 9
0 23 -70
0 24 -30
0 25 -63
0 26 41
0 27 -61
0 28 8
0 30 -1
0 31 -72
0 32 -31
0 33 36
0 35 31
0 36 51
0 37 -20
0 39 -77
0 40 -60
0 41 89
0 42 -88
0 44 100
0 45 -62
0 48 -64
0 49 -95
0 50 30
0 53 15
0 54 -94
0 56 -49
0 58 8
0 59 -84
0 60 31
0 61 17
0 62 48
0 64 -43
0 66 62
0 67 -73
0 69 39
0 70 -23
0 71 2
0 72 -83
0 73 6
0 74 -8
0 75 35
0 76 57
0 77 -46
0 78 -15
0 79 -49
0 80 -17
0 81 30
0 82 98
0 83 -77
0 84 97
0 85 46
0 86 81
0 87 -59
0 88 93
0 89 -40
0 90 69
0 92 -58
0 93 58
0 95 -49
0 97 -25
0 98 -2
0 99 -53
1 0 -16
1 1 -9
1 2 -69
1 5 -65
1 7 -35
1 9 -95
1 10 37
1 11 -98
1 12 -9
1 14 -38
1 17 96
1 18 -22
1 19 93
1 22 -31
1 23 -11
1 24 1
1 25 -19
1 26 5
1 27 11
1 28 63
1 29 83
1 30 -29
1 31 -13
1 32 57
1 33 57
1 34 85
1 35 -51
1 36 55
1 37 -87
1 38 6
1 39 -19
1 40 -15
1 41 72
1 42 -4
1 44 -83
1 47 59
1 50 57
1 51 -51
1 52 11
1 53 -79
1 54 25
1 55 -67
1 56 24
1 57 77
1 58 -37
1 59 59
1 60 54
1 61 51
1 62 -90
1 63 -58
1 64 -32
1 65 -55
1 67 66
1 68 89
1 69 -58
1 70 72
1 71 83
1 72 -17
1 73 -51
1 74 -69
1 76 -61
1 77 -84
1 78 -35
1 79 25
1 80 -47
1 82 -80
1 83 -51
1 84 47
1 85 31
1 86 -98
1 87 70
1 88 38
1 89 -2
1 90 -94
1 91 69
1 92 -62
1 93 -88
1 95 16
1 96 65
1 99 -69
2 0 48
2 1 63
2 2 40
2 3 -53
2 6 73
2 8 -44
2 9 -45
2 10 38
2 11 -66
2 12 -27
2 13 56
2 14 -41
2 16 -50
2 17 -81
2 19 -70
2 20 -57
2 21 -57
2 22 -33
2 24 98
2 25 -79
2 26 -38
2 27 -50
2 29 -55
2 30 1
2 32 -95
2 33 56
2 34 -11
2 35 -41
2 36 -72
2 37 -52
2 39 96
2 41 76
2 42 -6
2 43 -95
2 45 -6
2 46 4
2 47 -71
2 48 -42
2 49 71
2 50 47
2 51 84
2 52 47
2 54 91
2 55 -85
2 56 -29
2 57 -37
2 58 -68
2 59 -31
2 61 -37
2 62 9
2 64 -100
2 65 21
2 67 -1
2 68 77
2 69 33
2 71 85
2 73 75
2 75 -63
2 77 -43
2 79 86
2 80 -28
2 81 -19
2 82 -67
2 83 -84
2 84 -56
2 85 60
2 86 -11
2 87 51
2 88 -86
2 89 58
2 91 45
2 92 -61
2 94 -91
2 95 -14
2 96 48
2 97 -34
2 98 -54
2 99 -7
3 0 47
3 1 -64
3 2 -65
3 3 78
3 5 94
3 7 -10
3 8 28
3 9 -96
3 10 -6
3 11 81
3 12 47
3 14 -92
3 18 -42
3 19 59
3 20 -20
3 21 -58
3 22 45
3 25 83
3 26 97
3 29 -62
3 30 -8
3 31 -59
3 35 34
3 36 -48
3 38 -99
3 39 95
3 40 -26
3 41 -28
3 42 -6
3 43 40
3 44 -6
3 45 -78
3 47 -13
3 48 53
3 49 -95
3 50 -80
3 51 39
3 52 88
3 53 -86
3 58 71
3 60 79
3 62 -79
3 63 3
3 65 71
3 66 50
3 68 26
3 69 -92
3 70 40
3 71 37
3 72 -86
3 74 -68
3 75 -82
3 77 22
3 78 -14
3 79 94
3 81 -8
3 82 -100
3 83 67
3 84 -83
3 85 -15
3 86 28
3 87 80
3 88 13
3 89 -26
3 90 52
3 91 47
3 93 -12
3 94 -91
3 95 27
3 96 88
3 97 76
3 99 47
4 0 75
4 1 -56
4 2 -5
4 3 88
4 4 -3
4 5 -24
4 6 72
4 7 41
4 8 86
4 9 -31
4 11 -59
4 12 -66
4 14 -11
4 15 -95
4 16 29
4 17 5
4 18 44
4 21 13
4 22 -14
4 23 -36
4 24 73
4 25 3
4 26 79
4 27 -15
4 28 73
4 29 -9
4 30 -29
4 32 16
4 33 -38
4 35 -55
4 36 -20
4 38 -96
4 41 -76
4 42 12
4 43 -55
4 44 30
4 45 -24
4 46 32
4 47 87
4 50 53
4 51 -93
4 52 100
4 53 -8
4 54 30
4 56 -15
4 57 54
4 59 67
4 60 13
4 61 -68
4 63 -99
4 65 26
4 68 -72
4 69 65
4 71 -77
4 72 75
4 73 53
4 74 -47
4 75 -32
4 77 78
4 78 -45
4 79 -9
4 80 -27
4 82 10
4 83 99
4 86 -17
4 87 42
4 88 -5
4 89 -19
4 90 -79
4 91 -59
4 92 93
4 93 38
4 94 -88
4 97 -91
4 98 -91
4 99 39
5 0 -60
5 1 -19
5 2 41
5 3 -17
5 4 -74
5 5 93
5 6 -96
5 8 -88
5 9 -34
5 11 -54
5 12 82
5 14 -19
5 17 -75
5 18 73
5 20 -100
5 21 27
5 22 -24
5 23 -21
5 24 100
5 25 49
5 26 15
5 27 69
5 28 -76
5 29 66
5 31 -12
5 32 29
5 33 64
5 34 37
5 36 -12
5 38 -96
5 40 38
5 41 8
5 42 65
5 43 95
5 45 -44
5 46 -39
5 47 86
5 48 6
5 49 27
5 50 -13
5 51 92
5 52 75
5 53 59
5 55 -49
5 56 21
5 58 -1
5 59 -85
5 60 -54
5 61 18
5 62 -20
5 63 -42
5 67 -65
5 69 59
5 72 8
5 73 -80
5 74 -2
5 75 4
5 76 -16
5 77 12
5 78 -45
5 80 -77
5 81 86
5 84 -74
5 85 58
5 87 23
5 88 -17
5 89 38
5 90 -35
5 92 -3
5 93 -86
5 94 -70
5 96 54
5 97 -32
5 98 -24
5 99 65
6 0 -82
6 1 -27
6 2 73
6 3 28
6 7 9
6 9 55
6 10 -65
6 11 21
6 12 -91
6 13 -34
6 14 -43
6 15 13
6 16 -37
6 17 -84
6 18 -93
6 19 62
6 20 -74
6 22 -13
6 24 -73
6 25 93
6 26 33
6 27 -68
6 30 -44
6 32 -29
6 33 -93
6 34 71
6 35 80
6 36 93
6 37 -25
6 38 27
6 39 54
6 40 -64
6 41 -88
6 42 100
6 44 -30
6 45 97
6 46 -84
6 47 93
6 48 78
6 49 -28
6 51 -25
6 53 49
6 55 72
6 56 -85
6 58 33
6 59 -40
6 63 16
6 64 3
6 65 98
6 66 -46
6 67 -3
6 70 -90
6 71 -44
6 72 -10
6 73 -72
6 74 -13
6 76 -98
6 77 -12
6 79 31
6 81 69
6 82 20
6 83 32
6 84 17
6 86 28
6 88 69
6 89 -56
6 90 73
6 91 -51
6 92 -53
6 93 -23
6 94 -19
6 96 -48
6 97 70
6 98 -72
6 99 14
7 0 -68
7 1 -50
7 2 15
7 3 41
7 4 35
7 6 -52
7 7 28
7 9 98
7 10 -9
7 11 -56
7 12 26
7 13 -29
7 15 24
7 17 79
7 18 41
7 19 -37
7 20 -64
7 21 -38
7 22 45
7 24 -53
7 25 59
7 26 58
7 27 39
7 28 54
7 30 -65
7 31 -59
7 33 -72
7 34 95
7 35 -26
7 36 70
7 37 -16
7 38 -31
7 40 9
7 43 -34
7 47 -48
7 48 -61
7 49 37
7 50 20
7 51 -31
7 52 25
7 53 30
7 54 10
7 55 -80
7 56 80
7 57 33
7 58 14
7 59 51
7 60 31
7 61 -77
7 63 38
7 64 -93
7 65 -100
7 68 13
7 70 -8
7 71 -95
7 72 -89
7 74 54
7 75 94
7 76 59
7 77 -53
7 78 90
7 80 65
7 81 51
7 82 -71
7 84 41
7 85 -4
7 86 72
7 87 66
7 88 92
7 89 -76
7 90 2
7 91 -35
7 92 1
7 93 88
7 94 22
7 98 -50
7 99 72
8 0 29
8 2 -11
8 3 67
8 4 -60
8 6 33
8 7 94
8 8 92
8 10 -91
8 11 18
8 12 -14
8 13 42
8 15 78
8 16 -40
8 18 -71
8 19 -15
8 20 76
8 21 -58
8 22 -88
8 23 -41
8 24 -70
8 25 12
8 26 25
8 27 -48
8 29 7
8 30 -92
8 31 -67
8 33 -89
8 34 95
8 35 -60
8 36 -64
8 37 -41
8 38 73
8 39 -19
8 40 -65
8 41 -19
8 42 -46
8 43 4
8 44 96
8 45 9
8 47 35
8 50 -52
8 52 -36
8 54 -39
8 57 -47
8 59 9
8 60 -83
8 62 58
8 63 65
8 65 -52
8 66 77
8 67 -44
8 68 -29
8 71 -64
8 73 -41
8 76 -79
8 77 84
8 81 -54
8 82 -55
8 83 -2
8 84 51
8 85 -41
8 86 97
8 87 9
8 88 -23
8 90 50
8 91 -39
8 92 -9
8 93 -86
8 94 -85
8 96 14
8 97 20
8 99 -35
9 0 -73
9 1 -65
9 2 60
9 4 -9
9 5 -45
9 6 -4
9 7 -80
9 8 95
9 10 85
9 11 79
9 13 6
9 14 -5
9 15 21
9 16 -79
9 17 68
9 18 -100
9 19 65
9 20 15
9 21 35
9 22 -79
9 23 92
9 26 41
9 27 -66
9 29 68
9 30 20
9 31 69
9 32 21
9 33 83
9 34 -1
9 35 -16
9 36 -42
9 38 -55
9 39 -66
9 40 -33
9 41 -71
9 43 -78
9 44 -73
9 47 -54
9 49 -82
9 52 96
9 53 -45
9 55 57
9 56 29
9 57 -94
9 59 94
9 60 -89
9 61 -67
9 62 43
9 63 -38
9 64 7
9 65 -50
9 66 -36
9 67 -5
9 68 -24
9 69 -34
9 70 31
9 71 79
9 73 -51
9 75 57
9 76 100
9 77 53
9 79 20
9 80 -30
9 81 -6
9 82 49
9 83 29
9 84 38
9 85 39
9 86 20
9 90 -75
9 91 -39
9 92 81
9 93 67
9 94 -20
9 95 -91
9 96 -29
9 97 -63
9 98 20
9 99 -20
10 0 -31
10 1 7
10 2 -6
10 3 90
10 4 -86
10 5 6
10 7 -82
10 8 -52
10 9 -68
10 11 -96
10 12 -15
10 13 -25
10 14 -94
10 15 -72
10 16 85
10 17 -62
10 18 -4
10 21 -66
10 22 -49
10 23 -91
10 24 67
10 27 -45
10 28 -87
10 29 36
10 30 -7
10 31 61
10 32 -33
10 33 37
10 34 -16
10 35 47
10 36 -4
10 38 60
10 39 -27
10 40 -64
10 41 6
10 42 71
10 43 -59
10 44 -54
10 46 -77
10 50 -69
10 53 93
10 54 -54
10 55 -25
10 57 38
10 58 -62
10 59 99
10 60 57
10 61 -1
10 62 -10
10 63 -21
10 64 -69
10 66 -72
10 67 34
10 68 93
10 69 -93
10 70 -8
10 71 21
10 73 -33
10 74 100
10 75 -49
10 77 -36
10 78 50
10 79 -44
10 80 -44
10 81 42
10 82 66
10 85 -26
10 86 -80
10 87 38
10 88 -71
10 89 -19
10 90 -46
10 91 -27
10 93 92
10 95 -50
10 96 80
10 97 -88
10 98 8
10 99 94
11 2 29
11 3 -59
11 4 -34
11 5 -68
11 6 -89
11 7 81
11 8 -12
11 9 -43
11 10 47
11 12 -74
11 13 28
11 14 -15
11 15 -21
11 16 94
11 17 98
11 18 -85
11 20 -53
11 21 43
11 22 -50
11 23 -26
11 24 -89
11 25 -83
11 26 -38
11 27 -63
11 30 93
11 31 -72
11 33 -41
11 34 1
11 35 -63
11 36 -41
11 37 -49
11 38 -49
11 39 40
11 40 -54
11 41 2
11 42 -88
11 43 -21
11 44 -58
11 45 -4
11 47 -23
11 49 -47
11 50 52
11 51 -71
11 52 97
11 56 75
11 57 -26
11 59 -16
11 60 1
11 61 87
11 62 83
11 63 89
11 64 -80
11 65 -16
11 66 41
11 67 -15
11 69 -63
11 70 -69
11 71 53
11 72 4
11 73 3
11 75 -49
11 76 40
11 77 15
11 78 -80
11 81 33
11 82 82
11 83 74
11 84 71
11 85 -16
11 86 -24
11 87 75
11 89 -49
11 90 -17
11 92 -82
11 93 -17
11 94 42
11 95 48
11 96 99
11 97 -64
11 98 -26
11 99 -55
12 0 50
12 2 30
12 4 -78
12 5 36
12 6 5
12 7 5
12 8 -25
12 9 18
12 10 -8
12 11 -63
12 14 83
12 15 9
12 16 58
12 17 33
12 18 13
12 19 82
12 21 24
12 22 91
12 24 -88
12 26 -71
12 27 -10
12 28 42
12 29 -19
12 30 -31
12 31 73
12 33 -13
12 34 54
12 35 32
12 37 -19
12 38 -81
12 39 -83
12 41 38
12 42 61
12 43 -65
12 44 -70
12 45 -22
12 46 71
12 47 -18
12 49 57
12 50 -34
12 51 -71
12 53 64
12 54 39
12 56 29
12 57 9
12 58 -54
12 59 44
12 60 10
12 61 83
12 62 90
12 63 11
12 64 -72
12 65 -74
12 66 -86
12 67 -41
12 68 70
12 69 79
12 70 81
12 71 52
12 73 51
12 74 14
12 75 -23
12 76 -56
12 78 53
12 79 -67
12 80 -7
12 81 -4
12 82 82
12 86 51
12 87 47
12 88 -17
12 89 -96
12 90 -59
12 92 -46
12 93 -32
12 94 -41
12 96 77
12 97 -35
12 98 64
12 99 42
13 0 76
13 1 -14
13 2 42
13 5 99
13 6 -47
13 7 -22
13 8 -46
13 9 -7
13 10 -81
13 11 -26
13 12 64
13 13 -26
13 14 -62
13 16 -70
13 17 77
13 20 75
13 21 -88
13 24 64
13 25 68
13 26 1
13 28 -88
13 31 -88
13 32 69
13 34 36
13 35 -45
13 36 35
13 37 75
13 38 38
13 39 99
13 40 -42
13 41 12
13 42 -61
13 43 -18
13 44 58
13 45 77
13 46 -55
13 47 9
13 48 -42
13 49 -32
13 50 -52
13 51 -40
13 53 -45
13 54 22
13 55 18
13 56 -68
13 58 30
13 59 -95
13 60 -54
13 61 2
13 62 -12
13 64 -85
13 65 -5
13 66 65
13 68 -7
13 69 -95
13 71 74
13 72 65
13 73 19
13 74 63
13 75 41
13 76 7
13 77 -98
13 78 72
13 79 -31
13 80 -3
13 82 -80
13 84 -25
13 85 -38
13 86 -64
13 88 -18
13 89 2
13 90 -22
13 91 80
13 92 48
13 93 27
13 94 51
13 95 -56
13 96 -68
14 0 -31
14 2 8
14 3 -49
14 4 -100
14 5 43
14 6 94
14 8 47
14 9 -59
14 10 22
14 11 89
14 13 79
14 14 70
14 15 92
14 17 14
14 20 52
14 21 -20
14 22 6
14 23 -47
14 24 38
14 25 61
14 27 57
14 28 -62
14 29 72
14 31 -67
14 33 21
14 35 54
14 36 14
14 37 51
14 39 -64
14 41 -18
14 42 -78
14 43 -83
14 44 -74
14 46 -74
14 47 4
14 49 -92
14 50 -44
14 51 -2
14 52 -15
14 55 -16
14 57 74
14 58 -99
14 59 51
14 62 26
14 64 -19
14 65 -90
14 66 -56
14 67 86
14 68 -74
14 69 92
14 70 -38
14 71 76
14 72 -58
14 73 31
14 75 -95
14 76 2
14 77 -33
14 78 6
14 79 -58
14 80 -91
14 81 -1
14 82 57
14 83 -7
14 84 33
14 85 -93
14 86 -59
14 87 -92
14 88 41
14 91 -14
14 92 40
14 93 30
14 94 49
14 95 -61
14 96 -70
14 97 -60
14 99 80
15 0 63
15 2 84
15 3 55
15 5 26
15 6 -95
15 9 -10
15 10 -60
15 11 53
15 13 2
15 14 20
15 15 -78
15 17 53
15 18 4
15 19 -36
15 20 -14
15 21 -4
15 23 46
15 25 -43
15 26 -13
15 27 3
15 28 43
15 29 19
15 30 41
15 31 27
15 35 52
15 37 -91
15 40 -78
15 41 -22
15 42 64
15 43 -47
15 44 72
15 45 40
15 46 -82
15 47 -81
15 49 -99
15 50 -36
15 51 -67
15 52 -74
15 53 -31
15 54 -24
15 55 -99
15 56 -49
15 57 -23
15 59 -30
15 60 -93
15 61 50
15 62 89
15 63 -5
15 66 88
15 67 54
15 68 -42
15 69 -23
15 70 61
15 71 -80
15 72 18
15 73 47
15 74 -15
15 75 6
15 77 96
15 78 56
15 80 -91
15 81 38
15 82 -59
15 83 8
15 84 -24
15 85 -40
15 86 61
15 87 -17
15 88 -71
15 90 -46
15 92 64
15 93 42
15 94 -97
15 95 37
15 96 -46
15 97 97
15 98 -5
15 99 -53
16 0 -57
16 1 37
16 2 -26
16 4 21
16 5 20
16 6 -27
16 7 -32
16 8 54
16 9 94
16 10 -23
16 12 -89
16 13 -39
16 14 -35
16 16 90
16 17 35
16 21 27
16 22 33
16 23 -68
16 24 88
16 25 -99
16 28 -77
16 29 -31
16 31 -76
16 32 -23
16 34 -93
16 35 56
16 37 -55
16 39 73
16 40 29
16 41 35
16 42 50
16 44 49
16 45 72
16 46 3
16 47 99
16 50 37
16 51 10
16 52 -89
16 53 -18
16 54 -30
16 56 3
16 57 52
16 60 -73
16 61 16
16 62 75
16 63 46
16 64 -48
16 65 -45
16 66 -10
16 67 56
16 68 -21
16 69 -47
16 71 -30
16 72 60
16 73 -33
16 75 -49
16 77 61
16 78 55
16 79 50
16 81 -3
16 82 5
16 83 -30
16 84 80
16 85 69
16 86 32
16 87 66
16 88 69
16 90 -46
16 91 35
16 92 -67
16 95 80
16 96 -33
16 97 -56
16 98 -34
16 99 80
17 0 41
17 1 -34
17 2 -58
17 3 -64
17 4 -13
17 5 -49
17 6 -24
17 7 -1
17 8 88
17 9 -84
17 10 96
17 11 -24
17 12 -12
17 13 12
17 15 -80
17 17 -72
17 18 -7
17 19 49
17 21 94
17 23 -12
17 24 66
17 25 74
17 26 84
17 27 53
17 28 -77
17 31 -12
17 32 -53
17 33 -11
17 37 35
17 38 -48
17 40 -1
17 43 8
17 44 98
17 45 -18
17 47 33
17 48 -33
17 49 46
17 50 -40
17 52 72
17 53 43
17 54 -95
17 56 -15
17 57 75
17 58 -65
17 59 -9
17 60 83
17 61 76
17 62 -84
17 63 -43
17 65 -17
17 66 -83
17 67 29
17 68 -75
17 70 96
17 71 74
17 72 84
17 73 -18
17 74 23
17 76 -97
17 77 -88
17 79 98
17 80 12
17 81 -9
17 82 -60
17 83 67
17 84 -18
17 86 33
17 89 -12
17 90 69
17 91 51
17 92 58
17 94 19
17 96 -38
17 97 30
17 99 86
18 0 -99
18 1 -78
18 2 71
18 3 100
18 4 18
18 5 -5
18 6 -78
18 7 86
18 8 12
18 9 -32
18 10 91
18 11 -8
18 12 22
18 13 91
18 14 -95
18 16 -98
18 17 91
18 18 46
18 19 45
18 20 46
18 21 16
18 22 39
18 23 -23
18 24 -76
18 25 -52
18 26 32
18 27 55
18 28 -37
18 30 -6
18 31 -38
18 32 -77
18 33 -63
18 34 -41
18 38 -58
18 40 71
18 42 26
18 43 -23
18 45 25
18 46 27
18 47 3
18 50 -89
18 51 90
18 52 71
18 53 92
18 54 45
18 55 61
18 57 21
18 58 49
18 59 32
18 60 61
18 61 -17
18 62 -98
18 63 35
18 65 -25
18 66 -71
18 67 -13
18 68 14
18 69 28
18 70 -43
18 71 -44
18 72 -33
18 74 -39
18 75 30
18 76 94
18 77 12
18 78 -44
18 81 -35
18 83 -63
18 84 66
18 86 -40
18 87 21
18 90 89
18 91 2
18 92 46
18 93 -55
18 94 -19
18 95 -65
18 96 -49
18 97 5
18 98 61
18 99 -41
19 1 -40
19 2 64
19 3 55
19 4 -27
19 5 -74
19 6 15
19 7 -2
19 8 57
19 10 61
19 11 -43
19 12 -64
19 13 -22
19 14 -99
19 15 17
19 16 92
19 17 24
19 21 87
19 22 51
19 23 14
19 24 52
19 25 -37
19 26 74
19 27 -23
19 28 53
19 29 96
19 30 -85
19 31 50
19 33 -3
19 34 66
19 35 -94
19 36 18
19 37 82
19 38 56
19 39 65
19 41 92
19 43 10
19 44 -85
19 45 81
19 46 97
19 49 75
19 50 -19
19 51 9
19 53 -36
19 54 12
19 55 16
19 56 21
19 57 83
19 58 56
19 59 -1
19 60 -30
19 61 16
19 63 96
19 64 46
19 65 51
19 67 -92
19 70 -83
19 71 -1
19 72 70
19 73 -14
19 74 -87
19 75 -61
19 77 91
19 78 -21
19 81 -55
19 82 -82
19 83 56
19 85 -72
19 86 -1
19 87 76
19 88 49
19 90 -36
19 92 -100
19 93 -13
19 95 81
19 96 -88
19 97 72
19 98 -23
20 0 64
20 2 -57
20 3 1
20 4 22
20 5 -75
20 7 -86
20 8 -70
20 10 -100
20 11 -39
20 12 -5
20 13 -37
20 14 -61
20 15 17
20 16 17
20 17 -67
20 18 68
20 19 70
20 21 -85
20 22 -84
20 24 63
20 25 -87
20 27 -11
20 28 75
20 31 34
20 35 -88
20 36 74
20 38 20
20 39 -23
20 43 96
20 44 11
20 45 9
20 46 78
20 48 37
20 49 -83
20 51 14
20 52 -6
20 53 -100
20 54 53
20 55 -82
20 58 76
20 60 -80
20 61 74
20 63 -90
20 64 33
20 65 92
20 66 -22
20 67 63
20 68 -89
20 69 -19
20 70 27
20 71 41
20 72 -40
20 73 -46
20 74 87
20 75 -94
20 76 -32
20 77 60
20 78 -76
20 81 -45
20 82 -80
20 83 -56
20 84 -80
20 85 8
20 87 -41
20 88 -42
20 90 -73
20 92 -65
20 93 56
20 94 -26
20 96 -17
20 97 -100
20 98 96
20 99 70
21 0 38
21 1 63
21 2 -81
21 4 73
21 5 72
21 6 -56
21 7 56
21 8 -20
21 9 98
21 10 -82
21 11 65
21 12 17
21 13 39
21 15 -1
21 16 66
21 17 -95
21 18 26
21 19 -44
21 20 -44
21 21 16
21 22 -56
21 23 -98
21 24 -64
21 25 -70
21 26 82
21 27 62
21 28 -36
21 29 -68
21 30 -4
21 31 13
21 32 91
21 33 -25
21 34 -78
21 36 42
21 37 -94
21 38 -54
21 39 21
21 40 39
21 42 -20
21 43 87
21 44 -3
21 45 -47
21 46 -99
21 47 -98
21 51 -99
21 52 -54
21 53 -5
21 55 36
21 56 -97
21 57 63
21 58 28
21 59 46
21 60 72
21 61 39
21 63 39
21 64 21
21 65 -30
21 67 -4
21 68 79
21 69 -14
21 70 -62
21 71 5
21 72 -2
21 74 71
21 75 35
21 76 -90
21 77 26
21 78 51
21 79 96
21 80 97
21 82 -14
21 83 1
21 84 33
21 86 -49
21 87 59
21 88 48
21 91 -84
21 92 -31
21 93 -3
21 95 77
21 96 -51
21 98 94
22 0 -20
22 1 -24
22 3 6
22 5 19
22 6 90
22 8 73
22 9 42
22 10 -2
22 11 -93
22 12 -63
22 13 55
22 14 -19
22 15 55
22 16 45
22 17 -52
22 18 -32
22 20 -29
22 21 2
22 22 11
22 23 10
22 24 59
22 26 14
22 27 13
22 28 9
22 29 10
22 30 -93
22 31 -51
22 33 -81
22 34 85
22 35 55
22 37 -81
22 38 8
22 39 -100
22 40 76
22 41 57
22 42 -26
22 43 -60
22 45 -3
22 46 16
22 48 -45
22 49 63
22 51 19
22 53 -27
22 54 52
22 55 -11
22 56 -80
22 57 10
22 58 -32
22 61 31
22 62 6
22 63 -68
22 65 58
22 66 -35
22 69 -77
22 70 -60
22 71 -42
22 72 60
22 74 -6
22 75 -29
22 76 12
22 77 62
22 79 -1
22 80 -58
22 81 1
22 83 85
22 84 -18
22 85 -63
22 88 -29
22 89 47
22 90 -96
22 92 -56
22 93 -31
22 95 27
22 96 -56
22 97 41
22 98 -40
23 0 -14
23 1 75
23 2 80
23 4 -11
23 5 76
23 6 -40
23 8 38
23 9 78
23 10 -21
23 11 -93
23 12 58
23 13 -68
23 14 28
23 15 63
23 18 -13
23 19 -13
23 20 -59
23 21 38
23 22 80
23 23 100
23 25 -74
23 26 -30
23 27 34
23 28 12
23 29 62
23 30 3
23 31 83
23 32 75
23 33 81
23 34 -71
23 35 11
23 36 95
23 37 -11
23 38 25
23 39 -48
23 40 -14
23 41 -87
23 42 45
23 43 89
23 44 16
23 45 -26
23 46 -71
23 48 18
23 49 -69
23 50 -23
23 52 -30
23 53 35
23 54 71
23 55 -89
23 56 42
23 57 -73
23 58 29
23 59 72
23 60 21
23 62 -26
23 63 -14
23 64 -74
23 66 -50
23 71 -41
23 72 -1
23 74 45
23 77 -40
23 78 50
23 81 69
23 83 -88
23 84 -40
23 85 -10
23 86 19
23 87 -10
23 88 10
23 89 -72
23 90 44
23 91 -21
23 93 -89
23 94 -70
23 95 17
23 96 21
23 98 83
23 99 -91
24 0 90
24 1 -51
24 3 80
24 4 -8
24 5 36
24 6 -66
24 7 13
24 8 -60
24 9 -60
24 10 8
24 11 73
24 13 -30
24 14 11
24 17 -44
24 18 88
24 19 27
24 20 65
24 21 -4
24 22 50
24 23 67
24 24 -80
24 25 -79
24 26 -76
24 28 -54
24 29 -77
24 30 -3
24 31 90
24 33 23
24 34 -21
24 35 -67
24 36 82
24 37 57
24 38 60
24 39 -92
24 40 20
24 41 -90
24 42 -81
24 43 -17
24 44 -49
24 45 27
24 46 90
24 47 -100
24 48 48
24 51 56
24 52 -21
24 55 76
24 56 -70
24 57 -89
24 58 29
24 59 -29
24 60 -96
24 61 -18
24 62 -26
24 63 66
24 64 2
24 65 43
24 66 30
24 67 -71
24 69 -58
24 70 -31
24 71 100
24 72 -34
24 73 97
24 74 83
24 76 -3
24 77 -95
24 79 -75
24 80 -30
24 81 74
24 82 74
24 83 86
24 84 86
24 85 -3
24 86 62
24 87 -17
24 88 99
24 89 -40
24 90 -40
24 91 72
24 93 -92
24 94 7
24 96 -47
24 99 -46
25 2 -23
25 3 60
25 4 -12
25 5 92
25 6 86
25 7 86
25 8 68
25 9 -37
25 10 55
25 11 21
25 12 30
25 14 -29
25 15 -79
25 16 -86
25 17 -27
25 18 83
25 20 84
25 21 44
25 22 -33
25 24 -80
25 25 29
25 26 43
25 27 70
25 28 91
25 29 74
25 31 -45
25 32 -33
25 33 93
25 35 -44
25 36 -71
25 37 96
25 38 -72
25 39 -25
25 41 60
25 42 62
25 43 48
25 44 35
25 45 -8
25 46 4
25 47 2
25 48 70
25 49 -12
25 50 -58
25 53 53
25 54 -70
25 55 -64
25 56 -81
25 58 -42
25 59 58
25 60 65
25 62 27
25 63 -29
25 64 -44
25 65 -21
25 66 42
25 67 22
25 68 49
25 69 57
25 70 -1
25 72 -76
25 73 1
25 75 52
25 76 34
25 78 26
25 79 -6
25 80 -81
25 81 89
25 82 -21
25 83 -89
25 84 -83
25 86 -92
25 87 -27
25 88 -1
25 89 -57
25 91 40
25 92 15
25 93 -44
25 94 -13
25 95 96
25 97 72
25 98 -41
25 99 14
26 0 -23
26 2 22
26 5 37
26 6 48
26 7 3
26 9 76
26 11 -18
26 14 9
26 16 -63
26 17 -12
26 20 57
26 21 -15
26 22 -51
26 23 -99
26 24 -40
26 25 98
26 26 -90
26 27 19
26 28 -100
26 29 11
26 31 92
26 33 46
26 34 29
26 35 61
26 36 54
26 37 -90
26 38 70
26 39 35
26 40 84
26 41 -75
26 43 59
26 44 4
26 45 -76
26 46 77
26 47 -61
26 48 -72
26 49 48
26 50 -81
26 51 -46
26 52 -91
26 53 -77
26 54 -98
26 57 52
26 58 22
26 60 49
26 61 -23
26 62 80
26 64 45
26 65 55
26 66 -49
26 67 22
26 68 -83
26 69 -84
26 72 31
26 73 -18
26 74 11
26 75 -22
26 76 62
26 77 -25
26 78 -90
26 79 -79
26 80 -84
26 81 65
26 82 -34
26 83 -25
26 84 6
26 85 -68
26 86 -3
26 87 48
26 88 37
26 89 -58
26 90 -22
26 91 12
26 93 -19
26 94 78
26 95 -29
26 98 96
27 0 43
27 1 45
27 2 32
27 3 91
27 4 -77
27 5 -8
27 6 22
27 7 -34
27 8 5
27 9 78
27 10 5
27 11 -40
27 12 15
27 13 -98
27 15 -52
27 16 -7
27 17 36
27 18 86
27 19 63
27 20 -92
27 22 42
27 23 -50
27 24 45
27 25 -34
27 26 -47
27 27 -95
27 29 -45
27 30 -30
27 31 -5
27 32 32
27 33 -94
27 34 13
27 36 69
27 37 -89
27 38 85
27 39 -23
27 41 -90
27 45 54
27 46 11
27 47 58
27 48 11
27 50 -15
27 51 84
27 52 -36
27 53 7
27 54 -87
27 55 18
27 57 -40
27 58 94
27 59 -83
27 60 -49
27 61 -37
27 62 47
27 64 79
27 65 62
27 66 -69
27 67 71
27 70 45
27 71 9
27 72 -72
27 73 -97
27 75 17
27 76 76
27 77 -75
27 78 -3
27 79 -39
27 80 -47
27 81 -32
27 82 55
27 84 17
27 87 -29
27 88 67
27 89 -74
27 91 -100
27 94 -95
27 95 27
27 96 -49
27 97 -78
27 99 60
28 0 90
28 1 46
28 2 93
28 3 7
28 4 -98
28 6 64
28 7 15
28 8 31
28 9 -19
28 10 -56
28 11 76
28 12 32
28 14 92
28 15 84
28 16 21
28 18 -52
28 19 -41
28 20 72
28 21 23
28 22 52
28 23 10
28 24 68
28 26 90
28 28 -97
28 30 80
28 32 -84
28 33 -73
28 34 -59
28 35 46
28 36 84
28 37 -19
28 38 -58
28 39 68
28 41 41
28 43 47
28 44 34
28 46 -34
28 49 -96
28 54 -36
28 55 -19
28 56 -82
28 57 97
28 59 -33
28 60 63
28 61 7
28 62 -38
28 66 -87
28 67 -75
28 68 50
28 70 49
28 71 -72
28 72 98
28 73 -18
28 74 71
28 75 52
28 76 -93
28 77 -6
28 78 -28
28 79 13
28 80 10
28 81 17
28 83 -97
28 84 -11
28 86 90
28 88 -33
28 90 -79
28 91 -93
28 92 -55
28 93 90
28 94 16
28 95 45
28 96 9
28 97 -46
28 98 17
28 99 40
29 0 4
29 1 -68
29 2 64
29 3 5
29 4 9
29 5 91
29 7 -58
29 9 -85
29 10 37
29 11 88
29 12 67
29 13 86
29 14 -80
29 15 -10
29 16 39
29 17 -80
29 18 -94
29 19 22
29 20 -62
29 21 18
29 22 -25
29 23 67
29 24 -46
29 25 -1
29 27 59
29 28 63
29 29 92
29 30 -58
29 31 -66
29 32 -59
29 33 4
29 34 47
29 35 -1
29 37 90
29 38 -78
29 39 47
29 40 -5
29 41 -33
29 43 -45
29 44 84
29 45 -78
29 46 37
29 47 58
29 49 -59
29 52 58
29 53 -83
29 54 -84
29 57 65
29 58 -70
29 59 29
29 62 51
29 63 37
29 64 46
29 65 7
29 68 -30
29 69 -10
29 70 93
29 73 52
29 74 72
29 75 -19
29 76 20
29 79 -64
29 80 -58
29 81 84
29 82 97
29 84 42
29 85 90
29 86 1
29 87 -43
29 88 87
29 89 -65
29 90 -65
29 91 72
29 92 94
29 93 60
29 94 -50
29 95 -26
29 96 -42
29 97 38
29 98 -55
29 99 76
30 0 49
30 2 -89
30 3 84
30 4 -6
30 5 88
30 7 70
30 10 -40
30 11 69
30 13 72
30 14 57
30 15 46
30 16 89
30 17 -84
30 18 -50
30 19 -40
30 21 -40
30 22 -77
30 23 20
30 24 54
30 25 76
30 26 3
30 27 34
30 28 7
30 29 25
30 30 66
30 31 48
30 32 -33
30 33 3
30 34 -40
30 35 5
30 37 -52
30 39 -54
30 40 37
30 41 -1
30 42 25
30 43 59
30 44 -36
30 45 1
30 46 53
30 47 -67
30 50 98
30 51 96
30 52 32
30 53 -75
30 54 -83
30 56 -2
30 58 -6
30 59 -29
30 61 70
30 62 15
30 64 -10
30 65 -54
30 66 -27
30 67 -47
30 68 -29
30 69 62
30 70 52
30 71 4
30 72 -63
30 73 12
30 74 -48
30 75 57
30 76 1
30 77 32
30 79 12
30 80 67
30 81 -42
30 82 -57
30 83 -36
30 85 -7
30 86 76
30 87 -80
30 88 -81
30 89 30
30 90 9
30 92 82
30 93 -57
30 94 -65
30 95 70
30 98 99
31 0 100
31 1 100
31 2 -29
31 3 -33
31 4 48
31 5 97
31 6 -72
31 7 -11
31 8 87
31 9 45
31 11 -93
31 12 8
31 13 59
31 14 4
31 15 -86
31 16 -90
31 17 -6
31 19 94
31 20 2
31 21 65
31 22 96
31 23 34
31 24 72
31 26 3
31 27 77
31 29 18
31 30 -51
31 32 -82
31 33 -2
31 34 -30
31 35 -74
31 36 90
31 37 74
31 38 -90
31 39 -65
31 40 45
31 41 88
31 43 -1
31 44 99
31 45 -25
31 46 -56
31 47 -81
31 48 22
31 49 -73
31 51 -60
31 52 -4
31 53 83
31 54 -49
31 55 69
31 56 -26
31 57 51
31 58 -71
31 59 -29
31 60 -96
31 61 -40
31 62 -67
31 63 72
31 64 -10
31 65 -52
31 66 69
31 67 -85
31 68 -94
31 69 -36
31 71 -4
31 72 95
31 73 5
31 75 91
31 76 -26
31 77 53
31 78 85
31 80 -51
31 81 -38
31 83 -47
31 87 -18
31 88 1
31 89 78
31 90 -2
31 91 71
31 93 11
31 94 58
31 95 61
31 96 87
31 97 -52
31 98 68
31 99 -69
32 1 19
32 2 53
32 4 -52
32 5 71
32 6 -21
32 8 -83
32 9 -88
32 10 61
32 11 -85
32 12 15
32 13 6
32 14 39
32 15 -25
32 16 59
32 17 -66
32 19 60
32 20 -52
32 21 -88
32 22 -28
32 23 13
32 24 59
32 25 9
32 26 -21
32 27 69
32 29 -5
32 30 36
32 31 -56
32 32 -13
32 33 -100
32 34 -85
32 35 76
32 36 74
32 37 28
32 38 -62
32 39 16
32 41 -58
32 42 46
32 43 44
32 44 99
32 45 -37
32 46 -16
32 47 -78
32 49 92
32 52 -47
32 53 52
32 56 -70
32 57 -42
32 58 97
32 59 3
32 61 -35
32 63 -98
32 64 -22
32 65 60
32 66 5
32 67 -8
32 68 -59
32 69 -79
32 70 -8
32 72 85
32 73 -79
32 74 66
32 78 -93
32 79 83
32 80 11
32 82 -33
32 83 -10
32 84 17
32 85 -5
32 86 -54
32 87 -61
32 88 -91
32 90 -54
32 91 5
32 92 89
32 93 -38
32 94 -96
32 95 -79
32 96 91
32 98 65
32 99 7
33 0 -73
33 1 -100
33 2 -82
33 5 -96
33 6 93
33 7 99
33 8 -19
33 9 -63
33 12 -20
33 13 -47
33 14 34
33 15 40
33 16 3
33 17 -64
33 19 -33
33 20 91
33 21 -94
33 22 56
33 23 -81
33 24 13
33 25 28
33 26 -82
33 27 66
33 28 -54
33 29 82
33 30 -86
33 32 -48
33 33 -71
33 35 79
33 38 -94
33 39 -51
33 40 -77
33 42 44
33 44 10
33 45 46
33 47 93
33 48 -73
33 49 -81
33 51 -62
33 52 40
33 54 -76
33 55 39
33 58 82
33 59 35
33 60 69
33 61 49
33 62 22
33 63 51
33 64 -62
33 65 -88
33 67 92
33 69 46
33 70 -23
33 71 -70
33 72 -22
33 73 98
33 74 23
33 76 40
33 77 -13
33 78 73
33 79 20
33 81 -4
33 82 9
33 83 51
33 84 38
33 85 67
33 89 27
33 91 11
33 92 -97
33 94 -78
33 95 -81
33 96 -20
33 98 13
33 99 91
34 1 31
34 2 17
34 3 -66
34 4 -39
34 5 12
34 6 9
34 7 -44
34 8 22
34 9 71
34 10 90
34 11 -72
34 12 80
34 13 18
34 14 9
34 15 -42
34 16 -86
34 17 47
34 18 55
34 19 66
34 20 20
34 21 97
34 22 80
34 24 -82
34 27 98
34 28 -40
34 30 75
34 31 54
34 32 -4
34 34 72
34 35 -5
34 37 -1
34 38 -93
34 42 -17
34 43 -21
34 46 -83
34 48 64
34 49 19
34 51 77
34 52 -32
34 53 -40
34 54 60
34 55 -91
34 56 -75
34 57 -59
34 58 -19
34 61 -31
34 62 -81
34 64 -30
34 66 50
34 67 -36
34 68 -39
34 71 -88
34 72 -100
34 73 -74
34 74 7
34 75 18
34 78 -61
34 79 -49
34 80 -66
34 81 -38
34 82 -10
34 83 59
34 84 3
34 85 -29
34 86 95
34 87 -36
34 88 38
34 89 -52
34 90 -68
34 92 56
34 93 -43
34 95 -33
34 96 93
34 97 -6
34 98 43
34 99 -90
35 0 -45
35 1 -39
35 4 61
35 7 -46
35 8 54
35 9 5
35 10 86
35 11 71
35 13 -47
35 14 -84
35 16 -45
35 17 -72
35 18 20
35 19 32
35 22 -65
35 23 -70
35 24 -44
35 25 -61
35 26 14
35 27 -97
35 28 -6
35 30 51
35 31 -96
35 33 74
35 35 -41
35 36 81
35 37 -2
35 38 60
35 40 -30
35 41 46
35 42 -17
35 43 -31
35 44 36
35 45 83
35 46 -66
35 49 88
35 50 -51
35 53 -30
35 55 -33
35 57 -18
35 58 -15
35 59 25
35 61 -55
35 62 17
35 63 -28
35 64 -8
35 66 -84
35 67 8
35 68 11
35 69 -42
35 70 100
35 71 45
35 73 -35
35 74 -51
35 75 93
35 76 74
35 78 -85
35 79 32
35 81 -58
35 83 -45
35 84 39
35 85 42
35 87 20
35 88 42
35 89 -8
35 90 -85
35 91 82
35 93 -80
35 94 -48
35 95 -50
35 96 -70
35 97 -89
35 98 81
35 99 -74
36 0 44
36 1 68
36 2 -76
36 3 5
36 4 11
36 5 -98
36 8 64
36 9 9
36 10 53
36 11 39
36 12 -91
36 14 91
36 16 -80
36 17 92
36 18 -37
36 19 2
36 21 29
36 22 20
36 23 16
36 25 -86
36 26 -68
36 27 62
36 28 1
36 29 31
36 30 -99
36 31 83
36 32 -99
36 33 -76
36 36 -38
36 37 -37
36 38 7
36 39 -15
36 40 78
36 41 -70
36 42 -34
36 44 39
36 46 -69
36 47 85
36 50 49
36 51 -34
36 52 47
36 53 63
36 55 -51
36 57 15
36 58 54
36 59 9
36 60 79
36 61 43
36 62 62
36 63 -53
36 64 -51
36 65 96
36 66 51
36 68 93
36 69 46
36 70 1
36 73 87
36 75 78
36 76 13
36 77 46
36 78 -60
36 81 37
36 82 -96
36 83 -70
36 84 6
36 85 -27
36 86 76
36 88 20
36 89 71
36 91 -60
36 92 42
36 93 83
36 94 63
36 95 21
36 97 40
36 99 52
37 0 49
37 1 -98
37 2 -88
37 3 92
37 4 8
37 5 -95
37 6 13
37 8 6
37 9 82
37 10 53
37 12 -93
37 14 -42
37 15 77
37 16 33
37 17 67
37 18 -45
37 19 -48
37 20 -32
37 21 -73
37 22 -48
37 23 -92
37 24 32
37 27 -82
37 30 37
37 31 -84
37 32 -15
37 34 -94
37 35 85
37 36 56
37 37 -48
37 38 -42
37 39 70
37 40 -9
37 41 -78
37 42 39
37 44 -70
37 46 13
37 47 4
37 48 -76
37 50 95
37 51 -88
37 53 -76
37 55 7
37 56 -37
37 57 -48
37 58 9
37 59 3
37 62 88
37 64 66
37 65 -65
37 66 14
37 67 -70
37 68 -43
37 69 98
37 70 -44
37 72 16
37 73 76
37 74 69
37 75 -57
37 77 -15
37 78 37
37 79 -64
37 80 14
37 81 92
37 82 -26
37 83 -57
37 84 -83
37 85 34
37 86 -82
37 90 -60
37 91 17
37 92 -45
37 93 -37
37 94 45
37 97 69
37 98 67
37 99 -21
38 2 -6
38 5 95
38 6 59
38 7 -35
38 8 92
38 10 -9
38 11 66
38 14 -1
38 15 70
38 16 39
38 17 -11
38 19 64
38 20 -56
38 21 24
38 23 93
38 24 -68
38 25 -9
38 28 13
38 29 16
38 30 59
38 31 72
38 32 47
38 33 -42
38 34 -19
38 35 -30
38 36 15
38 37 -91
38 38 -41
38 39 -89
38 40 -26
38 44 14
38 45 -42
38 47 60
38 49 15
38 51 42
38 52 -11
38 53 100
38 54 -56
38 55 42
38 57 26
38 60 -74
38 61 -22
38 62 22
38 64 43
38 66 60
38 67 -80
38 68 46
38 69 20
38 70 69
38 71 18
38 72 -23
38 73 -13
38 74 -27
38 75 57
38 76 -76
38 78 74
38 79 -26
38 80 45
38 82 -50
38 83 61
38 84 -3
38 85 -77
38 86 -58
38 87 43
38 88 -39
38 89 55
38 90 -76
38 92 -5
38 94 -88
38 96 -74
38 98 62
38 99 -67
39 2 48
39 3 -89
39 4 -9
39 5 -31
39 6 -29
39 7 -84
39 8 -70
39 9 25
39 10 -33
39 12 74
39 13 97
39 14 -4
39 16 -13
39 17 91
39 18 -2
39 21 -94
39 23 -88
39 27 -53
39 29 99
39 30 -5
39 31 -49
39 32 -92
39 33 -56
39 34 -46
39 35 -59
39 36 -65
39 37 80
39 38 41
39 39 -64
39 41 38
39 42 75
39 43 -99
39 44 34
39 45 -33
39 47 65
39 48 -70
39 49 -27
39 52 37
39 53 -41
39 54 35
39 55 -72
39 56 98
39 58 -71
39 59 -34
39 60 -62
39 61 53
39 63 80
39 65 -13
39 66 -88
39 68 46
39 69 78
39 73 -95
39 74 9
39 75 50
39 76 39
39 77 3
39 78 81
39 79 26
39 80 -71
39 81 48
39 82 -13
39 84 18
39 85 -41
39 86 2
39 87 -69
39 88 -15
39 89 -49
39 90 -93
39 91 -91
39 93 -23
39 94 -6
39 95 -61
39 96 15
39 98 -35
40 2 91
40 3 -7
40 4 72
40 5 66
40 7 7
40 8 -94
40 9 -1
40 11 24
40 12 17
40 14 41
40 15 36
40 16 99
40 17 -6
40 18 -46
40 19 2
40 20 -27
40 23 -43
40 24 47
40 25 -43
40 26 60
40 27 -76
40 28 93
40 30 -76
40 31 31
40 32 78
40 33 -8
40 34 -84
40 35 -30
40 36 -72
40 39 -3
40 41 20
40 42 -88
40 43 29
40 46 90
40 47 -82
40 48 100
40 49 93
40 51 5
40 52 95
40 53 -58
40 56 -83
40 58 67
40 59 -44
40 60 6
40 62 -45
40 63 -31
40 64 -57
40 66 -81
40 67 76
40 68 3
40 69 -25
40 70 52
40 74 -85
40 76 -92
40 78 75
40 79 -72
40 80 30
40 81 35
40 82 -77
40 83 -80
40 84 -53
40 85 84
40 87 -60
40 88 -48
40 89 -18
40 90 93
40 91 -95
40 92 88
40 93 -58
40 94 31
40 96 -34
40 98 68
41 0 -26
41 1 -77
41 3 57
41 4 63
41 5 75
41 7 -89
41 8 81
41 9 -24
41 11 76
41 12 -49
41 15 68
41 16 -33
41 18 49
41 19 19
41 20 29
41 21 -76
41 23 -80
41 24 19
41 27 -28
41 28 -42
41 31 -19
41 32 96
41 33 -67
41 35 -66
41 37 1
41 38 -83
41 39 -78
41 40 -63
41 41 99
41 42 -70
41 43 92
41 44 -86
41 47 76
41 48 -18
41 49 27
41 50 30
41 52 -19
41 53 48
41 55 -69
41 56 27
41 58 -94
41 59 -3
41 60 41
41 61 -3
41 63 19
41 64 13
41 65 -25
41 67 97
41 69 68
41 70 -84
41 71 24
41 72 -76
41 73 94
41 74 76
41 75 83
41 76 -56
41 77 84
41 78 57
41 79 -58
41 80 12
41 81 37
41 82 55
41 83 -55
41 84 16
41 85 -25
41 87 99
41 88 13
41 89 85
41 91 -63
41 92 -39
41 93 -32
41 94 -82
41 95 67
41 96 77
41 97 85
41 98 -59
41 99 29
42 2 37
42 4 -46
42 5 -84
42 6 81
42 7 1
42 8 -47
42 9 -48
42 10 -26
42 11 42
42 12 37
42 13 57
42 14 -78
42 15 -24
42 18 94
42 19 17
42 20 -57
42 21 48
42 22 3
42 23 -90
42 24 47
42 25 92
42 26 43
42 27 30
42 29 88
42 30 -68
42 31 66
42 36 -99
42 37 82
42 38 96
42 39 100
42 41 3
42 43 7
42 44 70
42 45 -90
42 46 45
42 47 -29
42 48 42
42 49 -22
42 50 -47
42 51 -69
42 52 24
42 53 -36
42 54 47
42 55 12
42 56 -100
42 57 -75
42 58 -55
42 59 -40
42 60 -12
42 63 35
42 64 -7
42 65 -44
42 66 -10
42 68 -23
42 71 -93
42 72 -85
42 73 -61
42 74 -31
42 76 -98
42 77 94
42 78 28
42 80 41
42 81 47
42 83 48
42 84 -47
42 86 25
42 87 -22
42 88 8
42 89 70
42 92 -41
42 93 59
42 94 -53
42 95 -91
42 97 41
42 98 -56
42 99 -75
43 1 33
43 2 -45
43 5 -65
43 6 -100
43 8 -42
43 9 -83
43 11 81
43 12 -48
43 13 70
43 14 88
43 15 -71
43 16 24
43 18 -90
43 19 -19
43 20 93
43 21 -64
43 23 -97
43 24 -1
43 25 59
43 26 -49
43 28 -20
43 29 -76
43 30 -7
43 31 -44
43 32 -4
43 33 -9
43 34 -93
43 36 -15
43 38 3
43 39 -48
43 40 -3
43 42 43
43 45 -36
43 46 -35
43 48 20
43 49 71
43 50 40
43 52 -75
43 53 29
43 56 -76
43 60 46
43 62 71
43 65 -36
43 67 -79
43 68 16
43 69 -78
43 70 -95
43 71 70
43 73 -9
43 74 -8
43 76 -54
43 79 -32
43 81 -44
43 82 32
43 83 -10
43 84 -51
43 85 -38
43 86 67
43 87 -84
43 88 43
43 89 -46
43 91 28
43 93 -82
43 94 -93
43 96 -33
43 97 54
43 98 -11
43 99 50
44 0 76
44 1 -84
44 3 -54
44 4 -93
44 8 16
44 9 26
44 10 17
44 11 -11
44 12 -99
44 14 52
44 15 42
44 17 -1
44 18 -57
44 19 87
44 21 -14
44 22 5
44 23 38
44 24 33
44 25 63
44 26 -54
44 27 -87
44 28 -92
44 29 -47
44 30 80
44 31 -83
44 32 -52
44 33 -76
44 34 38
44 35 41
44 36 -16
44 37 91
44 39 -14
44 40 84
44 43 -86
44 44 31
44 45 37
44 46 88
44 47 5
44 48 -69
44 49 83
44 50 -51
44 51 68
44 52 33
44 53 38
44 54 20
44 56 -22
44 58 40
44 59 62
44 60 15
44 61 -42
44 64 15
44 65 -25
44 66 61
44 67 63
44 68 78
44 69 41
44 70 71
44 72 91
44 73 -74
44 74 -37
44 76 89
44 77 16
44 78 -30
44 80 42
44 81 -65
44 82 -81
44 83 32
44 84 16
44 85 91
44 86 59
44 87 -86
44 88 77
44 89 -62
44 90 90
44 91 -30
44 93 33
44 94 -13
44 95 -72
44 96 56
44 97 78
44 98 34
45 0 50
45 2 -29
45 3 10
45 4 -30
45 5 -51
45 6 78
45 7 64
45 9 -57
45 10 -39
45 11 -35
45 12 -50
45 13 -40
45 17 57
45 18 -19
45 19 56
45 20 -78
45 21 78
45 22 71
45 24 13
45 25 -77
45 26 -56
45 27 8
45 28 18
45 29 36
45 30 4
45 32 -43
45 33 12
45 34 26
45 35 -59
45 37 -33
45 38 -27
45 41 -77
45 42 -74
45 43 -85
45 44 -33
45 45 -10
45 46 -8
45 47 6
45 48 86
45 49 28
45 50 -72
45 53 5
45 54 39
45 55 -88
45 56 -92
45 57 65
45 58 88
45 59 -9
45 61 -92
45 62 -41
45 63 83
45 64 -69
45 65 35
45 67 -57
45 68 50
45 69 96
45 70 -49
45 71 2
45 72 -70
45 73 93
45 74 -37
45 75 67
45 76 -19
45 77 -80
45 78 3
45 79 -13
45 81 -91
45 82 -1
45 83 -65
45 85 -76
45 87 19
45 88 83
45 89 -73
45 90 -47
45 91 72
45 92 -22
45 94 87
45 96 -70
45 97 52
45 98 89
45 99 96
46 2 50
46 3 -53
46 4 -4
46 7 -74
46 8 74
46 9 2
46 11 1
46 12 51
46 13 -75
46 14 84
46 16 57
46 17 47
46 18 -56
46 20 83
46 23 33
46 24 47
46 25 -24
46 27 -12
46 29 48
46 32 -23
46 33 -58
46 34 -72
46 35 -19
46 37 -64
46 38 57
46 39 -50
46 40 -46
46 42 50
46 45 6
46 47 -60
46 48 -23
46 51 50
46 52 100
46 53 -77
46 54 -29
46 55 79
46 56 66
46 57 -49
46 58 90
46 59 -41
46 60 8
46 61 62
46 63 -39
46 64 -55
46 65 -14
46 66 -2
46 67 51
46 68 1
46 70 61
46 71 -92
46 72 -64
46 73 3
46 74 89
46 75 -59
46 76 75
46 77 11
46 78 14
46 79 42
46 80 77
46 81 71
46 82 -26
46 83 6
46 85 -87
46 86 -44
46 87 99
46 88 -59
46 89 -22
46 90 -78
46 91 -12
46 92 -75
46 94 -82
46 95 -26
46 96 95
46 97 -68
46 98 67
46 99 16
47 0 -90
47 1 -45
47 2 -64
47 3 -89
47 4 -3
47 5 19
47 7 -7
47 8 -7
47 9 -18
47 10 21
47 12 42
47 13 73
47 14 96
47 15 60
47 16 -67
47 17 9
47 18 70
47 19 73
47 20 -23
47 21 5
47 23 39
47 26 18
47 28 -15
47 29 -78
47 30 27
47 31 20
47 32 -85
47 33 -55
47 36 -90
47 37 -15
47 39 -84
47 40 -35
47 41 -48
47 42 -22
47 43 59
47 44 1
47 45 62
47 46 -29
47 47 -59
47 48 -24
47 49 -1
47 51 -20
47 52 -25
47 53 -2
47 54 -86
47 55 -70
47 56 8
47 58 46
47 59 81
47 60 90
47 61 99
47 62 -32
47 63 90
47 64 -89
47 65 47
47 66 -12
47 68 73
47 71 20
47 73 82
47 74 25
47 75 -49
47 76 27
47 77 44
47 78 75
47 79 63
47 81 7
47 82 -23
47 84 18
47 85 -73
47 86 95
47 88 -3
47 89 -39
47 90 64
47 91 33
47 92 71
47 93 -28
47 94 -71
47 95 -79
47 96 54
47 97 -100
47 98 -79
47 99 -23
48 0 -56
48 1 4
48 2 62
48 3 -26
48 4 16
48 5 -49
48 6 64
48 7 6
48 8 -93
48 9 -66
48 10 -64
48 11 -21
48 12 -92
48 13 -99
48 14 94
48 19 83
48 20 46
48 21 26
48 22 -85
48 23 -33
48 24 -65
48 25 -57
48 26 -5
48 28 -46
48 29 -40
48 30 -93
48 31 -42
48 32 -14
48 33 26
48 35 3
48 36 -63
48 37 -87
48 38 55
48 39 58
48 40 94
48 41 44
48 42 13
48 43 84
48 45 -21
48 47 -72
48 48 -13
48 49 -84
48 51 51
48 52 -5
48 53 -32
48 54 98
48 55 8
48 56 91
48 57 33
48 60 68
48 61 54
48 62 -17
48 63 89
48 64 77
48 65 98
48 66 -20
48 67 16
48 68 -8
48 69 25
48 71 97
48 72 100
48 73 -26
48 74 -69
48 75 47
48 76 89
48 77 56
48 78 -40
48 79 58
48 80 85
48 81 27
48 82 82
48 83 96
48 84 -83
48 85 -73
48 86 22
48 87 83
48 88 -15
48 91 -70
48 92 57
48 93 59
48 94 -85
48 95 -40
48 96 -72
48 97 80
48 99 -4
49 0 81
49 1 78
49 3 -96
49 5 85
49 6 -87
49 7 -46
49 9 36
49 10 -33
49 11 -16
49 15 -19
49 17 -100
49 19 75
49 20 39
49 21 -87
49 22 -94
49 23 15
49 24 34
49 25 -77
49 26 -35
49 29 89
49 30 66
49 31 -14
49 32 82
49 33 2
49 34 -14
49 35 41
49 37 -99
49 38 -11
49 39 97
49 40 -58
49 42 -60
49 45 -15
49 46 -55
49 47 85
49 49 -5
49 50 -72
49 52 85
49 55 6
49 56 -14
49 57 -40
49 59 -79
49 60 52
49 61 -94
49 62 11
49 63 28
49 64 80
49 66 32
49 67 -91
49 68 -67
49 69 33
49 71 -27
49 72 -93
49 73 88
49 74 -46
49 75 30
49 76 -17
49 77 30
49 78 -52
49 79 -26
49 80 -57
49 81 -46
49 83 -9
49 84 58
49 85 -91
49 86 11
49 87 -17
49 88 -42
49 89 95
49 91 1
49 92 -61
49 93 -60
49 94 93
49 96 -86
49 98 -49
49 99 -81
50 0 -13
50 1 75
50 2 9
50 3 -96
50 5 -50
50 7 -64
50 8 85
50 10 -51
50 11 -67
50 12 -9
50 13 -47
50 15 -62
50 16 -71
50 17 21
50 18 -61
50 19 -10
50 20 65
50 21 22
50 22 88
50 24 71
50 26 100
50 27 -5
50 28 -62
50 30 30
50 31 65
50 32 56
50 34 3
50 35 -72
50 36 -6
50 38 -23
50 39 -7
50 40 -7
50 41 47
50 42 60
50 43 -5
50 44 48
50 45 -33
50 47 -89
50 48 61
50 49 57
50 50 73
50 51 -60
50 52 -65
50 53 -36
50 54 87
50 56 19
50 57 -12
50 58 -9
50 59 -86
50 60 96
50 61 -15
50 62 21
50 65 -24
50 66 38
50 67 -59
50 68 40
50 69 75
50 71 40
50 72 88
50 73 -88
50 74 66
50 75 7
50 76 85
50 77 -80
50 81 -31
50 82 -17
50 83 88
50 84 -98
50 85 -54
50 86 -52
50 87 -58
50 88 5
50 89 -88
50 92 -20
50 93 -58
50 94 -40
50 95 82
50 96 36
50 97 -27
50 98 57
51 1 82
51 2 -86
51 4 -65
51 5 -79
51 6 52
51 8 95
51 9 -66
51 10 92
51 11 -95
51 12 12
51 13 94
51 14 -12
51 15 81
51 16 79
51 17 -75
51 18 -99
51 19 -28
51 20 -88
51 21 12
51 22 -26
51 23 -10
51 24 95
51 25 48
51 26 82
51 28 4
51 29 58
51 30 36
51 31 5
51 32 90
51 33 -79
51 34 -35
51 36 -86
51 37 84
51 39 -56
51 41 91
51 43 99
51 44 14
51 45 62
51 46 -100
51 48 30
51 49 12
51 50 56
51 51 -23
51 52 36
51 54 37
51 56 -78
51 57 23
51 58 12
51 59 -97
51 60 51
51 61 -52
51 62 23
51 63 -84
51 64 -14
51 65 93
51 66 -92
51 67 -22
51 68 80
51 69 39
51 71 6
51 72 -88
51 73 4
51 74 -97
51 75 44
51 77 78
51 78 -70
51 79 -21
51 80 76
51 81 -60
51 83 -52
51 85 58
51 88 -10
51 90 -76
51 91 47
51 92 -60
51 93 99
51 95 -7
51 96 -48
51 98 46
51 99 69
52 0 64
52 1 49
52 2 -94
52 3 -22
52 4 36
52 5 58
52 6 11
52 7 -89
52 8 -91
52 9 5
52 11 51
52 12 -60
52 13 5
52 15 51
52 16 -16
52 17 96
52 18 90
52 20 -8
52 22 34
52 23 37
52 24 22
52 25 24
52 26 18
52 27 35
52 28 82
52 30 -99
52 31 -65
52 32 66
52 33 -86
52 34 -97
52 38 -74
52 39 18
52 40 -88
52 42 25
52 43 -9
52 44 4
52 46 23
52 47 -95
52 48 -69
52 49 -47
52 50 73
52 51 96
52 52 30
52 53 20
52 54 -94
52 55 6
52 57 44
52 59 -32
52 60 6
52 61 69
52 62 65
52 63 63
52 64 -57
52 65 52
52 66 -88
52 67 -81
52 68 58
52 69 -14
52 70 16
52 73 76
52 74 90
52 75 6
52 76 88
52 77 54
52 78 -67
52 79 -2
52 80 -96
52 81 2
52 82 15
52 83 78
52 84 -35
52 85 -85
52 86 -85
52 87 -26
52 88 97
52 89 -23
52 90 39
52 91 86
52 93 -80
52 94 -30
52 95 -89
52 96 -84
52 97 24
52 98 94
52 99 12
53 0 31
53 1 12
53 2 -75
53 3 3
53 4 61
53 6 -30
53 7 -67
53 10 -36
53 11 -30
53 12 -81
53 13 67
53 14 -75
53 17 -76
53 18 45
53 19 84
53 20 22
53 21 -7
53 22 -27
53 23 20
53 24 39
53 27 54
53 28 -11
53 29 97
53 35 -84
53 36 -34
53 40 -15
53 41 -73
53 42 -86
53 43 74
53 44 -59
53 46 41
53 47 -36
53 48 -15
53 49 -17
53 50 -36
53 51 51
53 54 19
53 55 -82
53 56 -81
53 57 30
53 58 -20
53 60 -28
53 61 -3
53 62 -57
53 63 67
53 64 -51
53 65 -64
53 66 6
53 67 -99
53 68 86
53 69 77
53 71 98
53 72 20
53 74 -42
53 75 -3
53 80 -76
53 83 -3
53 85 13
53 86 55
53 87 -63
53 88 72
53 90 38
53 91 -4
53 92 -67
53 94 42
53 95 -47
53 96 56
53 98 -6
53 99 -53
54 0 -40
54 1 3
54 3 81
54 4 -58
54 5 -2
54 6 -26
54 7 -3
54 8 -64
54 9 -32
54 10 -96
54 11 -24
54 12 -32
54 15 -81
54 16 -58
54 17 95
54 19 82
54 20 -72
54 22 6
54 23 -59
54 24 40
54 25 -59
54 26 -89
54 27 60
54 28 23
54 29 40
54 30 -94
54 31 89
54 32 23
54 34 95
54 38 90
54 39 -63
54 40 -29
54 43 -56
54 44 -46
54 46 -86
54 47 -22
54 48 -44
54 49 -18
54 50 -14
54 51 -39
54 53 10
54 54 19
54 55 -3
54 57 -48
54 58 -25
54 60 13
54 61 51
54 63 92
54 64 92
54 65 -43
54 66 -78
54 68 29
54 69 33
54 70 92
54 71 -27
54 72 -88
54 73 -64
54 74 -86
54 75 27
54 76 59
54 77 -7
54 78 -95
54 81 -76
54 82 -4
54 83 -57
54 84 -59
54 85 50
54 87 10
54 88 -97
54 89 -96
54 90 6
54 91 42
54 92 100
54 93 5
54 95 -3
54 97 -80
54 98 -11
55 1 -97
55 2 -53
55 3 -68
55 4 -86
55 5 81
55 6 -84
55 7 23
55 8 94
55 9 -14
55 10 -16
55 11 52
55 12 -67
55 13 66
55 14 -28
55 15 98
55 16 53
55 17 -52
55 18 1
55 19 76
55 20 56
55 22 44
55 23 92
55 24 86
55 25 -72
55 26 17
55 27 67
55 28 12
55 29 72
55 31 -100
55 32 59
55 35 -77
55 36 55
55 37 -71
55 40 82
55 41 41
55 42 -72
55 43 -27
55 44 86
55 45 2
55 46 -49
55 47 8
55 48 19
55 49 -56
55 50 33
55 51 -23
55 53 -56
55 55 22
55 57 68
55 59 -15
55 60 81
55 61 32
55 62 10
55 63 -9
55 64 -64
55 65 -37
55 66 51
55 67 60
55 70 53
55 71 63
55 72 8
55 73 81
55 74 -8
55 76 48
55 77 -28
55 78 24
55 79 -12
55 80 72
55 82 -70
55 84 -90
55 85 17
55 86 6
55 87 94
55 88 48
55 89 68
55 90 -21
55 91 -13
55 92 -28
55 93 -78
55 94 -64
55 96 33
55 97 -42
55 99 -70
56 0 -99
56 1 -7
56 2 -10
56 3 82
56 4 58
56 5 37
56 8 -87
56 9 -48
56 10 78
56 11 -56
56 12 -11
56 13 -71
56 14 44
56 15 -67
56 17 -53
56 18 95
56 19 -66
56 20 -64
56 21 98
56 22 20
56 23 -44
56 24 23
56 25 -92
56 26 -14
56 29 78
56 31 -89
56 32 9
56 33 -78
56 34 27
56 37 -42
56 38 99
56 39 -10
56 41 -77
56 42 4
56 43 27
56 44 8
56 45 -33
56 46 47
56 47 -21
56 48 22
56 49 -93
56 51 23
56 54 -40
56 55 8
56 57 -87
56 58 -83
56 59 2
56 60 17
56 61 -15
56 62 -12
56 63 -48
56 64 82
56 65 -32
56 67 -94
56 68 -83
56 69 -70
56 70 52
56 73 -74
56 74 -43
56 75 22
56 76 -76
56 77 35
56 78 54
56 79 62
56 81 -89
56 82 -67
56 83 -80
56 84 64
56 85 -30
56 87 -60
56 88 -50
56 89 -11
56 90 -64
56 91 -84
56 92 13
56 93 83
56 94 -18
56 95 -59
56 96 -28
56 99 -5
57 0 86
57 1 95
57 2 75
57 3 58
57 4 51
57 6 -30
57 7 -94
57 8 -7
57 9 43
57 10 58
57 11 -34
57 12 1
57 13 75
57 15 3
57 17 62
57 18 -62
57 20 15
57 22 27
57 23 86
57 25 13
57 26 64
57 27 -18
57 29 92
57 30 98
57 31 -49
57 33 -10
57 34 -69
57 35 -57
57 36 -32
57 38 -61
57 40 -51
57 41 -48
57 42 57
57 43 -46
57 44 -76
57 45 -44
57 46 -17
57 47 -10
57 48 37
57 49 43
57 50 20
57 51 -39
57 52 4
57 53 -4
57 54 63
57 55 19
57 57 14
57 58 -38
57 59 62
57 60 26
57 61 -32
57 63 -27
57 65 -99
57 66 75
57 67 59
57 68 18
57 69 73
57 70 93
57 71 99
57 73 76
57 74 41
57 75 -99
57 76 -87
57 77 79
57 78 -66
57 79 -15
57 81 8
57 82 27
57 83 37
57 84 -96
57 85 -28
57 87 69
57 88 -76
57 89 42
57 90 -29
57 91 67
57 92 68
57 93 -30
57 94 -54
57 95 -8
57 96 -62
57 98 -5
57 99 -81
58 0 14
58 1 99
58 2 -75
58 3 -4
58 4 60
58 5 -46
58 6 -50
58 8 -55
58 12 -41
58 13 -96
58 14 34
58 15 -95
58 17 -11
58 18 -5
58 19 86
58 20 -8
58 22 -64
58 23 39
58 24 54
58 25 62
58 26 -88
58 28 -3
58 29 44
58 30 -59
58 31 -57
58 33 -30
58 34 44
58 36 70
58 37 82
58 39 59
58 41 7
58 43 18
58 44 -83
58 45 56
58 46 36
58 47 88
58 48 13
58 50 -63
58 52 -25
58 53 37
58 54 -27
58 56 98
58 60 72
58 62 -16
58 63 94
58 64 90
58 65 55
58 66 -38
58 67 -10
58 68 -80
58 70 -68
58 73 72
58 76 -15
58 77 90
58 78 32
58 79 73
58 80 8
58 82 -85
58 83 -42
58 84 42
58 85 -32
58 86 52
58 87 87
58 88 36
58 89 38
58 90 -6
58 92 8
58 94 87
58 96 32
58 97 15
58 98 8
58 99 92
59 0 20
59 1 4
59 2 -3
59 3 56
59 4 -95
59 5 54
59 6 97
59 7 37
59 8 -26
59 9 45
59 10 29
59 11 27
59 12 -64
59 13 -6
59 14 52
59 15 54
59 17 -21
59 19 51
59 20 29
59 21 -58
59 22 41
59 23 79
59 24 -97
59 26 62
59 27 -92
59 28 -72
59 29 -20
59 30 -16
59 31 -98
59 32 -25
59 33 -54
59 35 -17
59 36 -35
59 37 83
59 38 -62
59 39 -4
59 43 -24
59 44 1
59 45 82
59 46 -14
59 48 -72
59 49 92
59 50 86
59 51 -55
59 52 26
59 53 63
59 54 -58
59 55 -92
59 58 -5
59 59 -13
59 60 -10
59 61 98
59 62 11
59 63 65
59 64 83
59 66 93
59 67 -90
59 68 -50
59 69 -72
59 70 -29
59 71 -24
59 72 -31
59 74 93
59 75 59
59 76 -52
59 78 -16
59 79 69
59 80 7
59 81 35
59 82 5
59 83 -47
59 85 -44
59 86 80
59 87 57
59 88 99
59 90 16
59 91 -27
59 92 92
59 93 -91
59 94 75
59 95 66
59 96 82
59 97 -87
59 98 -93
60 0 12
60 2 -46
60 3 -9
60 4 -56
60 5 -62
60 6 4
60 7 47
60 8 -33
60 9 64
60 10 28
60 11 -24
60 12 -82
60 14 19
60 15 65
60 18 -76
60 19 -78
60 20 64
60 21 -33
60 22 51
60 25 -15
60 26 -76
60 27 -66
60 29 -5
60 30 67
60 31 -75
60 32 47
60 33 34
60 34 92
60 35 -52
60 36 72
60 37 58
60 38 42
60 39 -9
60 40 -60
60 41 52
60 42 75
60 43 2
60 44 -40
60 47 -83
60 48 -89
60 49 -66
60 50 -94
60 51 -82
60 52 91
60 53 68
60 55 -92
60 56 -4
60 57 86
60 58 85
60 59 47
60 60 90
60 61 14
60 62 27
60 63 -79
60 64 89
60 65 22
60 66 17
60 68 -63
60 69 99
60 70 -37
60 72 87
60 75 71
60 76 -51
60 77 3
60 78 95
60 79 -35
60 80 95
60 81 -38
60 83 -21
60 85 98
60 86 95
60 87 -69
60 88 79
60 89 65
60 90 -84
60 92 90
60 93 -36
60 94 56
60 95 46
60 96 53
60 99 5
61 0 -12
61 1 -75
61 5 -29
61 10 -38
61 11 48
61 12 18
61 13 41
61 14 -91
61 16 35
61 17 74
61 18 81
61 20 52
61 23 -2
61 24 27
61 25 -11
61 26 73
61 27 81
61 29 63
61 30 -99
61 31 60
61 33 19
61 34 -75
61 35 -11
61 36 -27
61 38 68
61 39 50
61 40 50
61 41 60
61 42 70
61 43 -9
61 44 -84
61 45 -44
61 46 28
61 47 -22
61 48 -12
61 49 78
61 51 -10
61 52 96
61 53 47
61 54 32
61 55 -63
61 56 -30
61 57 -59
61 59 -99
61 60 -56
61 61 -45
61 64 68
61 66 92
61 67 -14
61 68 27
61 73 -89
61 75 20
61 76 -89
61 77 84
61 79 8
61 80 -64
61 81 92
61 84 40
61 85 -62
61 86 52
61 87 -88
61 88 90
61 89 -51
61 90 96
61 91 -40
61 92 -67
61 93 -19
61 95 -87
61 96 -17
61 97 -41
61 99 -66
62 0 86
62 1 -76
62 3 94
62 4 58
62 6 97
62 7 -49
62 8 76
62 9 13
62 10 -30
62 11 -61
62 12 -22
62 13 3
62 14 40
62 15 -34
62 16 -54
62 18 89
62 19 -83
62 20 -50
62 21 -47
62 22 -1
62 24 -79
62 25 19
62 27 42
62 28 -93
62 29 39
62 30 -83
62 31 46
62 32 -77
62 33 10
62 34 10
62 35 -62
62 37 11
62 38 85
62 39 38
62 40 -36
62 41 36
62 42 67
62 43 -77
62 44 -18
62 46 14
62 48 70
62 49 -5
62 50 -41
62 51 51
62 52 2
62 53 -45
62 56 13
62 57 -2
62 58 5
62 60 -29
62 62 -19
62 63 85
62 64 2
62 65 -20
62 66 -31
62 67 -35
62 68 -54
62 70 -5
62 71 67
62 72 -93
62 73 -68
62 74 -51
62 75 47
62 76 26
62 77 -9
62 78 -13
62 79 -48
62 80 -95
62 81 45
62 82 -71
62 83 -44
62 84 8
62 85 -80
62 86 -33
62 87 -15
62 89 -65
62 90 80
62 91 7
62 94 -64
62 95 -3
62 96 16
62 97 27
62 98 -70
63 1 12
63 3 -13
63 5 79
63 6 29
63 9 -52
63 10 -66
63 11 19
63 12 62
63 13 -48
63 16 -52
63 17 -6
63 19 97
63 20 5
63 21 73
63 22 -52
63 23 82
63 25 -30
63 26 -13
63 28 16
63 29 -13
63 30 -50
63 31 64
63 33 -50
63 34 68
63 38 -33
63 39 17
63 41 2
63 42 -47
63 43 75
63 44 19
63 45 40
63 47 40
63 49 -89
63 50 -55
63 51 5
63 52 42
63 53 -59
63 55 24
63 56 -32
63 57 -5
63 58 100
63 60 35
63 61 72
63 62 87
63 64 -26
63 65 11
63 66 -84
63 67 -19
63 68 -93
63 69 76
63 72 -90
63 73 1
63 74 -36
63 76 53
63 81 -91
63 82 -93
63 83 -98
63 84 88
63 86 33
63 87 99
63 88 -60
63 89 10
63 90 79
63 91 -77
63 92 -38
63 93 19
63 95 45
63 96 28
63 97 81
63 98 -95
63 99 -22
64 2 -8
64 3 -1
64 5 -93
64 6 66
64 7 -23
64 8 8
64 9 26
64 10 -40
64 11 -18
64 12 -5
64 15 -70
64 16 9
64 18 99
64 19 -40
64 20 24
64 21 70
64 22 5
64 23 -51
64 24 13
64 26 -47
64 27 -61
64 28 -7
64 29 -33
64 30 -20
64 33 -46
64 34 97
64 35 -22
64 36 27
64 37 48
64 38 69
64 39 -19
64 40 93
64 41 -28
64 42 -56
64 44 86
64 45 84
64 46 97
64 47 -61
64 49 98
64 50 41
64 51 37
64 55 7
64 56 53
64 58 75
64 60 -36
64 61 20
64 62 -11
64 63 -85
64 64 -65
64 66 20
64 68 -11
64 70 -1
64 71 84
64 72 -43
64 73 -94
64 76 75
64 79 90
64 80 62
64 81 -54
64 82 70
64 83 -91
64 84 75
64 85 -15
64 86 7
64 87 54
64 88 97
64 89 35
64 90 40
64 91 -21
64 92 -61
64 93 65
64 94 92
64 96 52
64 97 93
64 98 13
64 99 -41
65 2 -64
65 3 9
65 4 -47
65 5 -81
65 7 -81
65 8 -56
65 9 -62
65 10 -28
65 11 60
65 12 49
65 13 -5
65 14 58
65 15 -39
65 16 -10
65 17 71
65 18 29
65 20 -74
65 21 72
65 22 75
65 23 -75
65 24 -77
65 25 26
65 26 -8
65 27 -44
65 28 -44
65 30 64
65 31 61
65 32 35
65 33 46
65 34 -72
65 35 -36
65 36 24
65 38 56
65 39 -66
65 40 41
65 41 -81
65 43 58
65 45 -27
65 46 31
65 47 92
65 48 66
65 49 -14
65 50 -91
65 53 90
65 55 -87
65 56 -39
65 57 -61
65 58 -95
65 59 -67
65 60 88
65 62 -54
65 64 79
65 65 -100
65 66 78
65 67 -40
65 68 -81
65 69 -35
65 70 -65
65 71 85
65 73 41
65 75 -29
65 76 90
65 78 -17
65 79 -20
65 81 48
65 83 -71
65 84 92
65 85 -44
65 86 98
65 87 29
65 88 -98
65 89 -66
65 90 61
65 91 -19
65 92 73
65 95 63
65 96 68
65 97 28
65 99 79
66 0 -39
66 1 -78
66 2 45
66 3 -36
66 5 99
66 6 5
66 7 63
66 8 -3
66 9 -67
66 11 -8
66 12 -89
66 13 60
66 14 -59
66 15 27
66 17 96
66 19 40
66 20 41
66 21 45
66 22 -68
66 23 -23
66 25 21
66 26 -60
66 27 -56
66 28 49
66 29 47
66 30 1
66 31 11
66 32 -30
66 34 -59
66 35 -20
66 36 -48
66 37 -66
66 38 -81
66 39 -69
66 41 -59
66 42 60
66 43 17
66 44 -77
66 45 -21
66 46 -38
66 50 34
66 51 68
66 52 81
66 55 38
66 56 -36
66 58 71
66 59 -65
66 60 70
66 62 -38
66 63 28
66 64 -47
66 65 -76
66 68 -13
66 69 4
66 70 -7
66 71 78
66 72 -62
66 73 -9
66 74 -31
66 75 99
66 76 44
66 80 39
66 81 9
66 82 -66
66 84 -51
66 85 92
66 86 16
66 89 5
66 90 87
66 91 -47
66 92 -41
66 93 -19
66 94 51
66 95 17
66 96 75
66 97 6
66 98 -91
66 99 -48
67 1 25
67 2 27
67 3 36
67 4 36
67 5 -80
67 6 -31
67 7 -29
67 8 37
67 9 -70
67 10 -57
67 12 -88
67 13 3
67 14 -67
67 15 4
67 16 27
67 17 56
67 19 -35
67 20 -52
67 21 36
67 22 -20
67 23 44
67 24 -65
67 25 76
67 26 35
67 27 36
67 29 95
67 31 49
67 32 65
67 33 7
67 34 -88
67 35 -25
67 36 26
67 37 56
67 38 -46
67 39 -86
67 40 -2
67 41 -62
67 42 -74
67 43 54
67 44 -6
67 45 -39
67 46 -13
67 47 -92
67 49 -79
67 50 69
67 51 91
67 53 53
67 54 99
67 55 -10
67 56 -59
67 57 -28
67 58 50
67 59 -83
67 60 72
67 61 -95
67 62 98
67 63 60
67 64 34
67 65 -23
67 66 -94
67 67 -91
67 68 -57
67 70 -95
67 71 51
67 72 -69
67 73 -65
67 75 -45
67 76 -80
67 78 -67
67 81 88
67 82 77
67 84 49
67 85 68
67 86 7
67 88 50
67 89 6
67 90 -58
67 91 -55
67 92 -13
67 93 59
67 95 57
67 96 -52
67 97 12
67 98 68
67 99 -14
68 0 -82
68 1 86
68 2 24
68 3 -73
68 4 -24
68 5 36
68 6 -18
68 7 73
68 8 54
68 9 -8
68 10 -43
68 11 79
68 13 60
68 14 67
68 15 -94
68 16 13
68 18 31
68 19 9
68 22 -2
68 24 96
68 25 93
68 27 78
68 29 65
68 30 -8
68 32 -95
68 33 -57
68 34 25
68 35 -82
68 36 -62
68 37 74
68 38 53
68 39 80
68 41 25
68 42 -26
68 43 73
68 44 -77
68 45 -59
68 46 11
68 47 55
68 48 46
68 49 84
68 51 -89
68 52 -55
68 53 -41
68 54 59
68 55 -50
68 56 50
68 57 69
68 58 -83
68 59 74
68 60 67
68 61 -10
68 63 -9
68 66 12
68 67 -38
68 68 48
68 71 2
68 73 -54
68 74 15
68 75 -81
68 76 81
68 77 77
68 78 -55
68 79 29
68 80 -24
68 83 -15
68 84 -45
68 85 21
68 88 35
68 89 -46
68 91 -97
68 92 56
68 93 -14
68 95 -70
68 97 94
68 98 -76
68 99 1
69 0 -55
69 1 30
69 2 -69
69 3 12
69 4 6
69 5 89
69 6 1
69 7 -16
69 8 -34
69 9 75
69 11 -62
69 12 71
69 13 95
69 14 48
69 15 -90
69 16 42
69 17 68
69 18 -76
69 20 73
69 21 70
69 23 64
69 25 -10
69 26 36
69 30 -47
69 31 53
69 32 15
69 33 -83
69 34 -88
69 35 43
69 36 82
69 37 67
69 38 72
69 39 76
69 40 15
69 41 -72
69 42 -55
69 43 -96
69 44 80
69 45 -10
69 46 23
69 47 24
69 48 -28
69 49 71
69 50 30
69 51 69
69 52 -100
69 53 18
69 54 -24
69 55 -100
69 56 54
69 57 -14
69 59 -13
69 61 13
69 62 -78
69 63 -3
69 65 -17
69 66 26
69 67 -59
69 68 34
69 69 71
69 70 -81
69 71 -100
69 72 -9
69 73 34
69 74 15
69 75 1
69 76 -1
69 77 -18
69 78 -19
69 79 -9
69 80 -65
69 83 -46
69 84 -51
69 86 -86
69 87 -39
69 89 56
69 90 -53
69 92 85
69 93 45
69 94 -79
69 96 -7
69 98 36
69 99 -79
70 0 -46
70 1 -76
70 2 -72
70 4 -17
70 5 -18
70 7 -91
70 8 -54
70 9 74
70 10 -53
70 11 -19
70 12 78
70 13 -99
70 15 -94
70 17 49
70 18 23
70 19 -67
70 20 -76
70 21 11
70 22 40
70 23 44
70 24 -63
70 25 -69
70 26 -63
70 27 98
70 28 19
70 29 -31
70 31 68
70 34 87
70 35 -51
70 36 -1
70 37 -48
70 38 1
70 39 -43
70 40 -75
70 41 -24
70 42 -95
70 43 -39
70 44 81
70 45 87
70 46 31
70 47 53
70 48 -38
70 49 -22
70 50 -53
70 52 97
70 55 94
70 58 -70
70 59 49
70 60 31
70 62 67
70 63 -79
70 64 43
70 65 86
70 66 -30
70 67 97
70 69 14
70 70 -95
70 71 -2
70 73 -28
70 75 99
70 76 33
70 78 -9
70 79 66
70 80 -57
70 82 88
70 83 -50
70 84 33
70 85 75
70 86 30
70 87 15
70 89 -5
70 91 56
70 94 -17
70 95 24
70 98 14
70 99 2
71 0 12
71 1 54
71 2 37
71 3 45
71 4 -11
71 5 -94
71 6 -58
71 7 62
71 8 93
71 9 39
71 11 75
71 12 -47
71 14 -55
71 15 18
71 17 -13
71 19 -51
71 20 34
71 21 24
71 22 21
71 24 100
71 25 -58
71 26 59
71 28 -16
71 29 -68
71 30 86
71 31 -63
71 32 -16
71 33 94
71 34 -58
71 35 77
71 38 -18
71 39 -55
71 40 -44
71 41 -44
71 42 3
71 44 80
71 45 -58
71 47 -22
71 48 -77
71 49 24
71 50 13
71 51 -2
71 52 97
71 53 90
71 55 87
71 58 -56
71 59 -32
71 60 73
71 61 -62
71 62 -49
71 63 35
71 64 11
71 65 79
71 66 -33
71 67 -18
71 68 92
71 70 97
71 71 81
71 72 -24
71 73 -2
71 74 39
71 75 99
71 76 -78
71 77 89
71 78 96
71 79 62
71 80 -28
71 83 -1
71 85 42
71 86 27
71 87 -59
71 88 27
71 89 -64
71 90 -41
71 91 63
71 92 -11
71 93 54
71 95 25
71 96 -51
71 98 6
71 99 2
72 0 43
72 2 34
72 3 96
72 5 20
72 6 98
72 7 -22
72 9 -66
72 10 55
72 11 18
72 14 -3
72 15 29
72 16 -78
72 17 42
72 18 -8
72 19 -28
72 20 56
72 23 63
72 24 -76
72 25 28
72 29 -21
72 31 7
72 32 67
72 33 63
72 34 -62
72 36 -46
72 38 -78
72 39 81
72 41 91
72 42 61
72 43 -44
72 44 -99
72 45 -77
72 46 -16
72 48 -7
72 50 -19
72 51 83
72 52 92
72 53 -38
72 54 55
72 55 -98
72 56 74
72 57 -80
72 58 -15
72 59 -82
72 60 100
72 61 60
72 62 -33
72 63 -68
72 64 1
72 65 -94
72 66 -76
72 67 61
72 68 -2
72 69 -82
72 70 8
72 71 39
72 72 -98
72 74 -6
72 75 15
72 77 40
72 78 -24
72 80 37
72 81 24
72 82 98
72 83 -63
72 84 100
72 85 -65
72 86 -10
72 87 62
72 89 48
72 90 -34
72 91 -3
72 93 69
72 94 -15
72 95 59
72 96 -30
72 97 -87
72 98 -60
73 1 66
73 2 10
73 3 -86
73 4 14
73 5 84
73 6 -32
73 7 -56
73 8 -97
73 9 -99
73 10 -39
73 11 17
73 13 15
73 14 76
73 16 -31
73 17 6
73 21 33
73 23 -64
73 24 13
73 25 38
73 26 47
73 27 -58
73 28 -79
73 29 -99
73 30 -44
73 31 -50
73 32 -13
73 33 -91
73 34 57
73 35 51
73 36 63
73 38 19
73 39 67
73 40 -43
73 41 37
73 42 -18
73 43 17
73 45 21
73 46 44
73 47 46
73 49 -35
73 50 52
73 51 5
73 52 68
73 54 -42
73 55 -18
73 56 3
73 58 30
73 59 74
73 60 -29
73 62 -98
73 63 22
73 64 -24
73 66 -81
73 67 -56
73 68 -24
73 71 68
73 72 -41
73 73 45
73 76 44
73 78 -61
73 79 2
73 80 56
73 81 31
73 82 16
73 83 -20
73 85 -78
73 86 -13
73 88 -21
73 89 -61
73 92 57
73 93 25
73 94 -93
73 96 -37
73 97 80
73 98 49
73 99 28
74 0 -99
74 1 -49
74 3 14
74 6 21
74 7 70
74 8 88
74 10 -86
74 11 61
74 13 -73
74 14 68
74 15 31
74 16 -64
74 17 -57
74 19 -96
74 20 -23
74 21 42
74 22 14
74 23 99
74 25 -46
74 26 -27
74 27 29
74 28 87
74 29 14
74 30 -34
74 31 11
74 32 -42
74 33 -82
74 34 -56
74 35 78
74 37 76
74 38 63
74 39 -67
74 41 -78
74 42 13
74 45 56
74 46 -40
74 47 60
74 49 -33
74 50 98
74 51 -84
74 52 -63
74 53 -71
74 54 55
74 55 50
74 56 32
74 57 88
74 58 -72
74 59 34
74 60 57
74 61 -46
74 62 -58
74 63 -41
74 64 100
74 65 69
74 66 -70
74 70 70
74 71 97
74 72 5
74 74 -1
74 76 8
74 77 -48
74 78 9
74 79 19
74 80 -93
74 81 -95
74 83 -10
74 84 -66
74 85 42
74 86 -34
74 89 -34
74 90 92
74 91 -28
74 92 66
74 93 67
74 94 -96
74 95 -60
74 96 -91
74 97 65
74 98 -25
74 99 91
75 0 32
75 1 55
75 2 41
75 3 -85
75 5 -78
75 6 15
75 7 -36
75 9 -15
75 10 32
75 11 -29
75 12 -30
75 13 99
75 14 -61
75 16 -27
75 17 63
75 18 -24
75 19 97
75 21 -84
75 22 99
75 23 48
75 24 -70
75 25 -42
75 26 45
75 27 -29
75 28 41
75 29 -90
75 31 70
75 32 15
75 34 51
75 35 -95
75 36 90
75 38 -97
75 39 -43
75 40 2
75 41 -19
75 43 -38
75 44 -44
75 45 48
75 47 -28
75 48 -24
75 49 96
75 50 -99
75 52 22
75 53 -13
75 56 -34
75 57 55
75 58 24
75 59 -100
75 61 -26
75 62 -48
75 63 94
75 64 -20
75 65 89
75 66 30
75 67 52
75 68 -28
75 70 -48
75 71 -50
75 74 -35
75 75 -25
75 76 -46
75 77 88
75 78 15
75 79 31
75 80 -31
75 81 56
75 82 -99
75 84 -59
75 85 15
75 86 64
75 87 30
75 88 22
75 89 51
75 90 -30
75 91 24
75 93 -17
75 94 -26
75 95 92
75 99 -76
76 0 -58
76 1 -38
76 2 64
76 4 -46
76 5 41
76 7 76
76 9 -61
76 10 83
76 11 31
76 12 -70
76 13 -15
76 14 4
76 15 99
76 16 -55
76 18 -75
76 19 -3
76 20 -34
76 21 50
76 22 -58
76 23 -85
76 24 -91
76 25 74
76 29 71
76 30 -67
76 31 -81
76 34 15
76 35 -44
76 36 -9
76 37 55
76 38 19
76 39 64
76 40 -46
76 41 56
76 42 55
76 44 -6
76 45 94
76 46 84
76 47 -63
76 48 -65
76 49 32
76 50 -6
76 51 75
76 52 -99
76 55 -48
76 56 53
76 57 -80
76 58 60
76 59 65
76 60 61
76 61 -76
76 62 18
76 63 38
76 64 -46
76 65 48
76 66 -38
76 67 42
76 68 -97
76 69 -79
76 70 52
76 71 9
76 72 -4
76 74 -98
76 76 58
76 77 91
76 79 -17
76 80 -10
76 81 -57
76 82 76
76 83 39
76 84 91
76 85 -81
76 86 53
76 87 40
76 88 24
76 89 75
76 90 -5
76 91 -45
76 93 68
76 94 31
76 95 64
76 96 59
76 97 14
76 99 93
77 0 -90
77 1 38
77 2 59
77 4 66
77 5 48
77 6 -34
77 7 93
77 8 -76
77 9 -80
77 11 -67
77 12 28
77 14 59
77 15 -30
77 16 99
77 17 -12
77 18 -38
77 19 -6
77 20 23
77 21 -14
77 22 77
77 23 -74
77 25 57
77 26 58
77 27 -10
77 28 -80
77 30 61
77 31 -63
77 33 50
77 34 -30
77 35 80
77 36 -24
77 38 -2
77 44 -18
77 45 23
77 46 -73
77 47 -71
77 48 -16
77 49 -11
77 50 -10
77 51 63
77 52 57
77 53 3
77 54 -75
77 55 -47
77 56 53
77 57 6
77 59 -63
77 60 89
77 61 -8
77 62 -76
77 64 71
77 65 -97
77 66 97
77 70 -91
77 71 -15
77 72 41
77 76 -56
77 77 -71
77 78 47
77 79 -13
77 80 74
77 83 47
77 85 -71
77 87 70
77 88 -43
77 89 31
77 90 58
77 91 -43
77 92 -37
77 94 -47
77 95 -14
77 96 26
77 97 -70
77 98 -86
78 0 88
78 1 -23
78 2 -19
78 3 -6
78 4 73
78 6 7
78 7 -24
78 8 26
78 9 92
78 10 -90
78 11 53
78 12 -2
78 13 40
78 14 47
78 15 -88
78 16 42
78 17 -11
78 18 78
78 20 -37
78 23 84
78 24 83
78 25 -91
78 26 -8
78 27 96
78 28 95
78 29 -37
78 30 34
78 31 -100
78 32 -65
78 33 -90
78 34 43
78 35 -85
78 36 39
78 37 63
78 38 64
78 39 59
78 40 32
78 41 -97
78 42 -65
78 43 2
78 44 82
78 45 -63
78 46 -1
78 47 -95
78 48 -100
78 49 -30
78 50 -75
78 51 86
78 52 -84
78 53 -6
78 55 -52
78 56 46
78 57 64
78 58 -40
78 59 89
78 60 41
78 61 -14
78 63 -35
78 64 6
78 65 87
78 67 -95
78 68 -15
78 69 8
78 70 -26
78 71 -43
78 73 79
78 74 79
78 75 51
78 77 43
78 79 84
78 80 43
78 81 1
78 82 -49
78 83 -14
78 84 -8
78 85 83
78 86 -68
78 87 -43
78 88 -99
78 91 -31
78 92 54
78 93 44
78 94 86
78 95 58
78 96 65
78 97 22
78 98 60
78 99 73
79 1 67
79 2 -24
79 3 -81
79 4 71
79 6 -21
79 7 74
79 10 90
79 12 -2
79 13 -80
79 14 -42
79 16 25
79 19 76
79 20 -90
79 21 -46
79 23 -3
79 25 65
79 26 61
79 27 100
79 28 -29
79 29 -27
79 30 -9
79 31 -56
79 32 92
79 35 63
79 37 -14
79 38 21
79 39 -61
79 41 -38
79 42 70
79 43 -49
79 44 -3
79 46 -71
79 47 -99
79 49 -9
79 50 -39
79 51 22
79 52 -38
79 53 37
79 55 88
79 56 -54
79 57 96
79 58 -49
79 61 27
79 62 11
79 63 71
79 64 90
79 65 73
79 66 50
79 67 44
79 68 -86
79 69 68
79 70 -19
79 72 60
79 73 7
79 74 -12
79 76 100
79 77 -83
79 79 77
79 80 84
79 81 -26
79 82 85
79 83 17
79 84 23
79 85 56
79 86 -7
79 87 -99
79 88 29
79 89 26
79 90 74
79 91 -51
79 93 -70
79 96 40
79 97 -46
79 98 9
79 99 60
80 0 14
80 2 50
80 3 33
80 4 68
80 5 6
80 6 -67
80 9 27
80 10 81
80 12 4
80 13 52
80 15 -83
80 18 -42
80 19 -30
80 20 -45
80 21 80
80 23 38
80 25 21
80 26 -2
80 27 82
80 29 -7
80 30 -80
80 31 58
80 33 5
80 34 -73
80 36 -30
80 37 -80
80 39 -79
80 40 -32
80 41 -91
80 44 -60
80 45 34
80 46 -25
80 47 -71
80 48 95
80 49 -32
80 51 36
80 52 -4
80 53 34
80 55 -52
80 56 42
80 57 75
80 59 -54
80 60 13
80 61 88
80 62 -14
80 63 22
80 65 70
80 67 61
80 68 -1
80 70 -43
80 71 66
80 72 64
80 73 -4
80 74 100
80 75 90
80 76 -87
80 79 -72
80 80 64
80 81 -8
80 82 -31
80 83 -99
80 84 63
80 85 94
80 86 49
80 87 -73
80 88 -41
80 89 50
80 90 18
80 91 85
80 92 -93
80 94 -33
80 95 -10
80 97 79
80 98 52
80 99 65
81 4 44
81 5 -43
81 6 -63
81 7 20
81 8 -42
81 9 -20
81 10 -24
81 11 -18
81 12 -57
81 14 84
81 15 52
81 16 87
81 18 -46
81 20 -97
81 22 -67
81 24 96
81 25 37
81 26 4
81 27 -68
81 28 54
81 32 92
81 33 -69
81 34 35
81 36 9
81 37 -43
81 38 -59
81 39 13
81 40 -46
81 41 71
81 42 27
81 43 -7
81 45 -87
81 47 95
81 48 38
81 49 83
81 50 40
81 51 -10
81 52 3
81 54 -33
81 56 72
81 57 15
81 59 48
81 60 82
81 61 10
81 62 12
81 63 -33
81 64 -17
81 65 60
81 67 -86
81 70 90
81 71 -1
81 73 -5
81 74 -57
81 75 -93
81 76 90
81 77 -87
81 78 -63
81 79 89
81 81 -76
81 82 10
81 83 -82
81 85 7
81 86 -90
81 87 -63
81 88 29
81 89 -43
81 90 -7
81 92 -25
81 93 -82
81 94 -90
81 95 7
81 96 -17
81 99 -77
82 0 83
82 4 98
82 5 -21
82 6 -7
82 10 63
82 11 73
82 12 70
82 14 8
82 15 -86
82 16 43
82 17 -16
82 21 49
82 24 63
82 25 67
82 26 63
82 28 58
82 29 -60
82 31 42
82 32 -100
82 33 -61
82 35 -46
82 36 -84
82 37 -8
82 38 71
82 39 90
82 40 58
82 41 38
82 42 77
82 44 97
82 45 -6
82 46 -32
82 47 -11
82 48 -66
82 49 14
82 51 -86
82 53 13
82 54 4
82 55 38
82 57 -96
82 58 -35
82 59 -96
82 60 75
82 61 -23
82 62 -48
82 63 18
82 64 31
82 65 -27
82 67 33
82 68 -64
82 70 64
82 71 -61
82 73 18
82 74 61
82 75 -63
82 77 54
82 78 -80
82 79 15
82 80 -90
82 81 -73
82 82 -64
82 83 -36
82 84 -42
82 86 85
82 87 56
82 88 -51
82 89 18
82 90 -64
82 91 -71
82 92 -32
82 93 -6
82 94 -39
82 95 20
82 96 93
82 97 64
82 98 -19
82 99 98
83 0 46
83 1 52
83 3 67
83 4 -65
83 5 67
83 6 65
83 7 39
83 8 94
83 9 60
83 10 35
83 11 10
83 12 -21
83 13 56
83 14 33
83 15 87
83 16 -25
83 18 -58
83 19 -17
83 20 -86
83 21 -32
83 22 -71
83 23 -21
83 24 28
83 26 -17
83 27 -34
83 28 -61
83 29 -50
83 30 2
83 31 -10
83 33 -91
83 34 -54
83 35 38
83 36 -88
83 37 37
83 38 95
83 39 10
83 40 -69
83 41 -32
83 42 57
83 43 -61
83 44 -65
83 45 -19
83 46 -46
83 48 4
83 49 54
83 50 -67
83 51 -42
83 52 4
83 53 18
83 55 -34
83 57 6
83 58 31
83 59 12
83 60 65
83 61 74
83 62 11
83 64 -12
83 66 -71
83 69 12
83 70 -67
83 71 -43
83 72 -50
83 73 1
83 75 38
83 77 42
83 78 -87
83 79 69
83 80 -61
83 81 -63
83 82 -91
83 83 64
83 84 -65
83 85 69
83 86 64
83 89 60
83 91 96
83 92 -38
83 93 94
83 94 16
83 95 20
83 96 73
83 98 81
83 99 -62
84 0 -17
84 1 76
84 2 36
84 3 -54
84 4 -72
84 5 -97
84 6 -19
84 9 35
84 14 -43
84 15 10
84 16 53
84 17 -59
84 18 22
84 19 49
84 20 -13
84 21 42
84 23 26
84 25 -67
84 26 -50
84 27 14
84 28 -77
84 29 -47
84 30 28
84 31 -62
84 33 -14
84 34 81
84 35 70
84 36 -37
84 37 -19
84 38 -39
84 39 5
84 40 49
84 41 11
84 44 98
84 45 59
84 46 100
84 50 -2
84 51 92
84 52 21
84 53 -98
84 54 -58
84 55 100
84 56 62
84 57 20
84 58 -37
84 59 20
84 60 21
84 62 -73
84 63 -20
84 65 -46
84 66 77
84 67 -16
84 68 75
84 69 24
84 70 -25
84 71 55
84 72 62
84 73 -6
84 74 -29
84 75 71
84 76 6
84 77 68
84 78 -17
84 80 -41
84 81 -27
84 86 -17
84 87 -56
84 88 -79
84 90 82
84 91 75
84 92 59
84 93 46
84 94 67
84 95 59
84 96 77
84 97 -83
84 98 -52
84 99 -72
85 0 1
85 1 37
85 3 83
85 5 38
85 6 -54
85 7 -54
85 8 -88
85 9 -58
85 11 -75
85 12 -72
85 17 -57
85 18 -65
85 19 21
85 20 -7
85 21 -35
85 22 31
85 23 100
85 24 -38
85 25 42
85 26 -91
85 27 65
85 28 -38
85 29 35
85 32 -78
85 33 99
85 34 -94
85 35 91
85 36 41
85 37 -14
85 38 -77
85 39 46
85 40 59
85 41 -25
85 43 -78
85 44 75
85 45 -96
85 49 -100
85 51 35
85 52 -73
85 53 80
85 54 -7
85 55 74
85 58 21
85 59 66
85 60 95
85 61 -72
85 63 -6
85 64 -1
85 65 -34
85 66 5
85 67 -43
85 68 81
85 69 -20
85 70 -33
85 71 -64
85 72 37
85 73 -20
85 75 -51
85 76 -9
85 77 -53
85 78 -3
85 79 -95
85 80 -78
85 81 -6
85 82 -77
85 83 68
85 84 -52
85 85 -69
85 86 -79
85 88 83
85 89 89
85 92 62
85 95 -47
85 96 15
85 97 42
85 98 -9
86 0 -25
86 2 -87
86 3 9
86 4 88
86 5 96
86 6 77
86 7 -86
86 8 5
86 9 11
86 10 63
86 11 97
86 12 96
86 15 58
86 16 29
86 18 -31
86 20 53
86 22 34
86 24 -96
86 25 -41
86 26 -78
86 27 -20
86 28 -17
86 30 -92
86 31 71
86 33 100
86 34 -100
86 35 80
86 36 73
86 37 61
86 38 87
86 40 19
86 41 -4
86 42 33
86 43 -89
86 45 -59
86 46 100
86 48 -15
86 52 79
86 53 10
86 54 -89
86 55 -78
86 56 -90
86 57 -33
86 60 -28
86 61 -79
86 62 -40
86 63 92
86 65 24
86 66 -66
86 67 21
86 68 -88
86 69 80
86 70 -84
86 71 -52
86 72 -98
86 74 -49
86 75 51
86 76 -14
86 77 85
86 78 -46
86 79 20
86 80 53
86 81 -20
86 82 -42
86 83 -20
86 84 -33
86 85 40
86 87 84
86 88 27
86 89 -10
86 90 68
86 92 51
86 95 -15
86 97 58
86 99 -16
87 0 -61
87 1 15
87 2 55
87 3 72
87 4 -90
87 5 -72
87 6 87
87 7 49
87 8 23
87 9 -1
87 10 42
87 12 1
87 13 -60
87 14 -73
87 15 82
87 16 -35
87 17 -43
87 18 -2
87 19 70
87 20 -3
87 21 76
87 22 21
87 24 -62
87 25 92
87 26 39
87 27 100
87 30 22
87 31 41
87 32 -1
87 34 24
87 36 -5
87 37 72
87 39 -49
87 41 31
87 42 -22
87 44 80
87 45 3
87 46 43
87 48 -65
87 49 -46
87 50 87
87 52 61
87 53 71
87 55 66
87 57 -10
87 58 -97
87 59 76
87 60 -34
87 62 85
87 64 -22
87 65 3
87 66 -29
87 67 -90
87 68 15
87 70 13
87 71 -73
87 72 -63
87 73 -60
87 75 56
87 76 -96
87 77 15
87 78 88
87 79 -82
87 81 -97
87 82 96
87 83 -63
87 84 87
87 85 -53
87 86 60
87 87 38
87 88 -33
87 89 51
87 90 -79
87 92 31
87 95 81
87 96 18
87 98 7
88 0 -75
88 1 -34
88 3 -96
88 5 26
88 7 -13
88 9 -6
88 10 21
88 12 96
88 13 -26
88 14 6
88 15 12
88 16 30
88 17 29
88 19 -77
88 20 100
88 21 -52
88 22 34
88 23 83
88 24 -60
88 26 -95
88 27 34
88 28 98
88 29 11
88 30 75
88 31 -24
88 34 50
88 35 92
88 36 3
88 39 81
88 40 23
88 41 91
88 42 -48
88 44 98
88 45 -34
88 46 -4
88 47 -29
88 48 -27
88 50 -32
88 51 10
88 52 14
88 53 19
88 55 -13
88 56 36
88 58 -36
88 59 -48
88 61 -99
88 62 -97
88 63 22
88 64 -4
88 65 83
88 66 51
88 67 -32
88 69 -9
88 70 -64
88 71 -100
88 72 46
88 73 92
88 74 -87
88 75 -47
88 76 -86
88 77 63
88 80 79
88 82 41
88 83 -52
88 84 20
88 85 35
88 86 53
88 87 93
88 88 -47
88 89 36
88 90 -8
88 91 -65
88 92 45
88 93 6
88 94 51
88 95 98
88 96 35
88 97 10
88 99 70
89 0 74
89 1 12
89 2 46
89 5 81
89 6 74
89 7 -94
89 8 57
89 9 -96
89 10 -85
89 11 -94
89 12 -23
89 13 14
89 15 -68
89 16 2
89 17 46
89 18 77
89 19 -73
89 20 -81
89 21 -49
89 22 -19
89 23 41
89 24 -75
89 26 -59
89 27 71
89 28 -89
89 30 -60
89 32 -28
89 33 21
89 34 -86
89 35 85
89 37 19
89 38 -18
89 39 -76
89 40 -52
89 41 -96
89 43 -27
89 44 -57
89 46 59
89 47 -42
89 48 -79
89 49 -12
89 50 -4
89 51 92
89 52 40
89 53 50
89 55 -10
89 56 -88
89 57 -69
89 58 -53
89 59 -99
89 60 55
89 61 -19
89 62 13
89 63 -92
89 64 58
89 65 -38
89 66 66
89 67 -11
89 68 -69
89 69 48
89 70 32
89 71 41
89 72 -44
89 74 -7
89 75 7
89 76 72
89 78 -88
89 80 -58
89 81 60
89 82 -79
89 83 13
89 84 -1
89 85 -45
89 87 21
89 89 27
89 90 41
89 92 -83
89 93 46
89 95 94
89 97 72
90 0 43
90 2 52
90 3 -54
90 4 -62
90 5 2
90 8 -44
90 9 17
90 10 -70
90 12 90
90 15 -84
90 16 52
90 17 -38
90 19 -96
90 20 80
90 21 -58
90 22 -78
90 23 -59
90 24 -31
90 25 -84
90 26 82
90 27 -23
90 28 -67
90 29 13
90 30 65
90 31 -47
90 32 -35
90 33 -54
90 34 32
90 35 82
90 37 -42
90 38 -60
90 39 92
90 40 -13
90 41 35
90 42 -72
90 44 -36
90 45 -33
90 46 -72
90 47 10
90 49 35
90 50 -67
90 51 -14
90 52 16
90 57 82
90 58 34
90 59 -44
90 60 -58
90 62 61
90 63 -51
90 64 18
90 65 71
90 66 -75
90 67 -15
90 68 -36
90 69 -67
90 70 95
90 71 13
90 72 80
90 73 11
90 74 -25
90 75 -42
90 76 -75
90 77 -66
90 78 74
90 79 -73
90 80 -99
90 81 -28
90 82 -52
90 83 55
90 84 37
90 85 93
90 88 57
90 89 -60
90 90 -7
90 93 36
90 94 -99
90 95 -65
90 96 84
90 98 52
90 99 -31
91 0 1
91 2 78
91 3 -57
91 6 -26
91 7 35
91 8 5
91 9 8
91 11 -53
91 13 75
91 14 16
91 15 26
91 17 70
91 19 24
91 21 13
91 23 -64
91 24 93
91 25 -36
91 26 -12
91 28 -39
91 29 89
91 30 52
91 32 -76
91 33 -64
91 34 94
91 36 -7
91 37 22
91 38 40
91 39 -18
91 40 -14
91 41 74
91 42 -53
91 43 41
91 44 70
91 45 -95
91 46 47
91 47 87
91 48 97
91 49 -7
91 51 42
91 52 -48
91 53 2
91 56 43
91 57 -38
91 58 -45
91 59 37
91 61 79
91 62 -14
91 63 -78
91 65 95
91 66 -52
91 67 60
91 68 -28
91 69 23
91 70 -29
91 72 -13
91 73 -16
91 74 -63
91 75 -94
91 76 64
91 77 -18
91 78 2
91 80 -23
91 82 -86
91 83 25
91 84 92
91 86 82
91 87 -26
91 88 59
91 90 87
91 91 57
91 92 6
91 93 95
91 94 95
91 95 45
91 96 -7
91 97 14
91 98 19
91 99 -32
92 0 -45
92 1 -30
92 2 -59
92 3 -80
92 4 39
92 5 -34
92 6 -29
92 7 -67
92 9 88
92 10 -29
92 11 -38
92 12 -100
92 13 71
92 15 67
92 17 18
92 19 -83
92 20 45
92 21 -67
92 22 66
92 24 1
92 25 -86
92 26 34
92 27 -97
92 28 -96
92 29 -95
92 30 72
92 31 95
92 34 -84
92 35 65
92 36 -30
92 40 -86
92 42 70
92 45 9
92 46 -76
92 47 -25
92 48 -76
92 49 48
92 50 -98
92 52 17
92 54 -73
92 55 -42
92 56 -55
92 57 94
92 58 97
92 59 98
92 61 -76
92 62 30
92 63 -35
92 64 96
92 65 75
92 66 98
92 67 87
92 68 -66
92 69 -89
92 70 -73
92 71 -69
92 72 57
92 73 52
92 74 -4
92 75 69
92 76 -78
92 77 39
92 78 97
92 79 -16
92 81 84
92 82 -66
92 83 -7
92 84 -18
92 85 78
92 86 49
92 89 56
92 90 98
92 92 -34
92 93 18
92 94 100
92 96 15
92 98 41
92 99 -80
93 1 -44
93 2 95
93 3 -98
93 4 -11
93 5 75
93 6 7
93 7 17
93 8 62
93 9 -12
93 10 -88
93 11 4
93 12 -59
93 13 33
93 16 2
93 17 86
93 18 46
93 19 79
93 21 -48
93 22 -41
93 23 93
93 24 -76
93 25 -89
93 26 58
93 27 -92
93 28 -69
93 30 21
93 32 -75
93 33 1
93 35 -82
93 36 -53
93 38 -81
93 39 74
93 40 -62
93 41 -97
93 42 46
93 46 -58
93 48 -75
93 49 27
93 50 -40
93 51 -74
93 52 -73
93 53 -19
93 54 60
93 55 -59
93 56 11
93 58 -32
93 59 -93
93 60 -7
93 62 -93
93 64 40
93 65 -72
93 66 -35
93 67 -13
93 68 42
93 70 -84
93 71 57
93 72 63
93 73 24
93 74 -82
93 75 91
93 76 -12
93 77 -25
93 78 -6
93 79 -25
93 81 -5
93 83 9
93 84 -65
93 85 67
93 86 -64
93 88 14
93 89 -34
93 90 -4
93 91 57
93 92 63
93 94 -78
93 95 91
93 96 -27
93 97 78
94 0 73
94 1 -59
94 2 -71
94 3 -13
94 4 -75
94 5 -70
94 7 12
94 8 81
94 9 -14
94 10 -31
94 11 -77
94 12 -70
94 13 -8
94 14 -69
94 15 4
94 16 79
94 17 30
94 18 -25
94 19 37
94 20 -62
94 22 20
94 23 53
94 24 15
94 25 19
94 27 85
94 28 -40
94 29 96
94 30 -4
94 31 48
94 32 -54
94 34 -16
94 35 -97
94 36 99
94 38 -21
94 39 3
94 40 -66
94 43 57
94 44 -14
94 46 -53
94 47 55
94 48 79
94 49 40
94 50 -97
94 51 92
94 52 -22
94 53 39
94 55 -52
94 56 70
94 57 50
94 59 -91
94 60 -20
94 61 15
94 63 50
94 64 32
94 67 -43
94 68 -93
94 70 -36
94 71 -5
94 72 -75
94 73 30
94 74 68
94 75 9
94 76 -12
94 77 -56
94 78 15
94 79 4
94 80 -47
94 81 -12
94 82 47
94 83 -91
94 84 75
94 85 -36
94 86 18
94 88 -38
94 89 -16
94 91 -66
94 92 59
94 94 -87
94 97 70
94 98 -37
94 99 -19
95 1 55
95 2 -39
95 3 60
95 4 44
95 6 -61
95 7 -47
95 9 41
95 13 -9
95 14 56
95 15 41
95 16 25
95 18 91
95 19 -30
95 20 28
95 21 22
95 23 33
95 24 40
95 25 57
95 26 95
95 28 33
95 30 16
95 31 82
95 32 40
95 33 -77
95 34 -18
95 35 -19
95 36 18
95 38 -1
95 39 19
95 40 -21
95 41 6
95 44 -31
95 45 22
95 46 14
95 47 -60
95 48 -9
95 49 17
95 50 86
95 51 -84
95 52 -91
95 53 93
95 54 42
95 55 98
95 56 -33
95 58 -16
95 59 34
95 60 98
95 61 59
95 62 -24
95 63 7
95 64 -98
95 65 -18
95 67 -90
95 68 -9
95 69 32
95 70 99
95 73 12
95 75 92
95 76 47
95 78 -81
95 79 -3
95 80 -78
95 81 42
95 82 86
95 83 16
95 84 -28
95 85 77
95 86 28
95 87 88
95 88 4
95 89 21
95 90 92
95 91 49
95 92 65
95 93 -33
95 94 -71
95 96 -43
95 97 63
95 98 57
95 99 79
96 0 -82
96 1 -72
96 2 68
96 3 77
96 4 88
96 5 20
96 7 -77
96 8 -81
96 10 -55
96 11 -59
96 12 -24
96 13 75
96 15 36
96 16 -80
96 17 -28
96 18 8
96 19 -98
96 20 44
96 22 71
96 24 21
96 25 84
96 27 -90
96 28 4
96 29 29
96 30 53
96 31 5
96 34 66
96 35 84
96 36 -55
96 37 86
96 38 -13
96 39 88
96 40 -33
96 41 -12
96 42 -51
96 43 -21
96 44 -98
96 45 -86
96 46 15
96 47 -18
96 49 -61
96 51 -9
96 52 -74
96 53 73
96 54 -41
96 55 -28
96 56 -29
96 57 -16
96 58 -76
96 59 73
96 60 -83
96 61 97
96 63 13
96 65 -43
96 66 -17
96 67 -14
96 68 -82
96 69 -24
96 70 79
96 71 93
96 73 19
96 74 -63
96 75 37
96 76 -61
96 77 -17
96 79 44
96 81 85
96 82 81
96 83 22
96 84 -99
96 85 67
96 86 -34
96 88 -32
96 89 -67
96 90 -45
96 91 -48
96 93 -29
96 94 -46
96 97 -44
96 98 96
96 99 6
97 1 72
97 4 -28
97 5 93
97 6 59
97 7 20
97 9 93
97 10 66
97 11 -74
97 13 54
97 15 47
97 17 -27
97 18 -6
97 19 -74
97 20 -63
97 21 -80
97 22 -57
97 23 -17
97 24 -66
97 26 -97
97 27 89
97 29 57
97 30 -8
97 31 87
97 32 5
97 34 -62
97 35 -35
97 37 59
97 38 37
97 41 -29
97 42 -34
97 43 -93
97 44 -4
97 45 56
97 46 -15
97 47 56
97 48 41
97 49 -7
97 50 -32
97 52 7
97 53 -41
97 54 24
97 55 99
97 56 -60
97 58 -47
97 59 -1
97 61 81
97 62 -100
97 63 73
97 64 25
97 65 72
97 66 -38
97 67 -8
97 68 57
97 69 -87
97 71 19
97 72 -41
97 73 66
97 74 62
97 75 5
97 76 34
97 77 -93
97 78 -100
97 79 -5
97 80 -33
97 86 51
97 87 28
97 88 69
97 91 16
97 92 44
97 93 68
97 94 9
97 96 -7
97 99 -67
98 0 -87
98 1 60
98 2 -57
98 3 66
98 4 -68
98 5 94
98 6 -30
98 7 -17
98 8 71
98 10 -11
98 11 -39
98 12 81
98 13 79
98 14 12
98 15 100
98 17 -64
98 20 11
98 22 98
98 23 -9
98 25 -79
98 26 -96
98 27 90
98 28 -74
98 29 11
98 30 -46
98 31 22
98 32 66
98 33 83
98 34 67
98 35 -47
98 36 84
98 37 -28
98 38 -50
98 39 43
98 40 95
98 42 -94
98 43 18
98 44 -100
98 45 5
98 46 -28
98 47 -86
98 48 86
98 49 -22
98 50 65
98 51 63
98 57 -79
98 58 -19
98 60 -8
98 61 2
98 62 1
98 63 8
98 64 -29
98 65 14
98 67 -84
98 68 48
98 69 -59
98 70 -29
98 72 40
98 73 11
98 74 89
98 76 -81
98 78 6
98 79 -64
98 80 59
98 81 53
98 82 28
98 83 7
98 85 71
98 87 52
98 88 -33
98 89 30
98 90 -78
98 92 -24
98 93 78
98 94 24
98 95 -90
98 98 -77
98 99 -62
99 0 85
99 1 -43
99 2 -97
99 3 99
99 4 -89
99 6 95
99 7 33
99 8 -93
99 9 -45
99 10 -4
99 11 -71
99 13 90
99 14 -38
99 15 -95
99 17 -42
99 19 -28
99 20 37
99 21 -2
99 22 88
99 23 27
99 24 11
99 25 59
99 27 -75
99 28 52
99 30 -77
99 31 79
99 32 15
99 33 -31
99 34 -100
99 35 35
99 36 -87
99 37 -80
99 38 -13
99 39 93
99 40 -97
99 42 -39
99 43 -100
99 44 82
99 45 39
99 46 -4
99 47 -11
99 48 -88
99 50 -79
99 51 -79
99 52 72
99 53 -13
99 54 30
99 55 -68
99 57 27
99 58 -26
99 59 79
99 60 -27
99 61 -19
99 62 -62
99 63 -9
99 64 27
99 65 89
99 66 44
99 67 -50
99 68 -70
99 69 58
99 70 47
99 71 65
99 72 -61
99 73 53
99 74 -44
99 75 1
99 76 33
99 77 69
99 80 -29
99 82 -42
99 83 -3
99 84 -45
99 85 -24
99 86 -84
99 87 85
99 89 63
99 90 84
99 91 33
99 92 -18
99 93 -80
99 94 62
99 95 -81
99 96 -28
99 97 -87