0 0 61
0 1 40
0 2 87
0 3 -7
0 4 -25
0 5 -33
0 6 -81
0 7 47
0 8 -2
0 9 28
0 10 30
0 11 62
0 12 33
0 13 26
0 15 -79
0 16 16
0 17 60
0 18 40
0 19 -90
0 20 -92
0 21 -30
0 22 67
0 23 -39
0 24 72
0 26 -66
0 27 25
0 29 -86
0 30 52
0 31 13
0 32 27
0 33 41
0 34 -79
0 35 64
0 36 -56
0 37 17
0 38 100
0 39 44
0 40 -3
0 41 15
0 42 -26
0 43 98
0 44 -46
0 45 19
0 46 51
0 47 37
0 48 -48
0 49 15
0 50 -9
0 51 25
0 52 -92
0 53 83
0 54 -14
0 55 -39
0 56 -67
0 57 -41
0 59 82
0 60 3
0 61 5
0 62 -1
0 63 -24
0 64 7
0 65 73
0 66 11
0 67 -72
0 68 -18
0 69 98
0 70 27
0 71 59
0 72 5
0 73 -9
0 74 66
0 75 -17
0 76 -59
0 77 49
0 79 -51
0 80 12
0 81 48
0 82 8
0 83 1
0 84 51
0 85 -7
0 86 60
0 87 -20
0 88 18
0 89 88
0 90 -42
0 91 -81
0 92 -30
0 93 -13
0 94 13
0 95 70
0 96 85
0 97 -95
0 98 67
0 99 63
1 0 45
1 2 -63
1 3 -93
1 4 17
1 5 81
1 6 98
1 8 -64
1 9 -20
1 10 31
1 11 15
1 12 68
1 13 83
1 14 16
1 15 36
1 16 58
1 17 -68
1 18 89
1 19 -78
1 20 -67
1 22 -84
1 23 -22
1 24 -48
1 25 -6
1 26 -38
1 27 -20
1 28 -83
1 30 29
1 31 -99
1 32 86
1 33 -37
1 34 -27
1 35 -20
1 36 94
1 37 88
1 38 -64
1 39 -23
1 40 69
1 41 -83
1 42 75
1 43 11
1 44 -95
1 45 93
1 46 -22
1 47 43
1 48 20
1 49 86
1 50 -25
1 51 -96
1 52 -96
1 53 90
1 54 -9
1 55 67
1 56 85
1 57 34
1 58 2
1 59 -47
1 60 35
1 61 10
1 62 -65
1 63 -66
1 65 80
1 66 55
1 67 -75
1 68 -45
1 70 13
1 71 80
1 72 -60
1 73 -36
1 74 -71
1 75 64
1 76 43
1 77 -84
1 78 -61
1 79 -1
1 80 29
1 81 45
1 82 -17
1 83 -41
1 84 -31
1 85 97
1 86 21
1 87 -42
1 88 61
1 89 55
1 90 -64
1 91 -86
1 93 72
1 94 -27
1 95 19
1 96 33
1 99 -94
2 0 90
2 1 41
2 2 56
2 3 -76
2 4 89
2 5 -34
2 6 28
2 7 -60
2 8 1
2 9 95
2 10 -74
2 11 66
2 12 -39
2 13 -15
2 14 -84
2 15 -42
2 16 71
2 17 -8
2 18 -82
2 19 10
2 20 68
2 21 -92
2 22 21
2 24 2
2 25 50
2 26 87
2 27 87
2 28 -56
2 29 98
2 30 6
2 33 -84
2 34 -3
2 35 -60
2 36 28
2 37 31
2 38 70
2 39 51
2 40 54
2 41 -67
2 42 90
2 43 96
2 44 -6
2 45 -7
2 47 50
2 48 -76
2 49 4
2 50 -89
2 51 -63
2 52 45
2 53 74
2 54 45
2 55 -29
2 56 -92
2 57 31
2 58 88
2 59 -8
2 60 98
2 61 88
2 62 -22
2 63 74
2 64 -17
2 65 23
2 66 66
2 67 -82
2 68 -88
2 70 21
2 71 93
2 72 -36
2 74 82
2 75 9
2 77 -95
2 78 -63
2 79 99
2 81 21
2 82 79
2 83 -9
2 84 -2
2 85 74
2 86 -24
2 87 -10
2 88 -53
2 89 61
2 90 -19
2 91 -77
2 92 23
2 93 -43
2 94 14
2 96 -39
2 97 -91
2 98 53
2 99 -10
3 0 -29
3 1 29
3 2 -36
3 3 -10
3 4 -72
3 5 -50
3 6 -54
3 7 -61
3 8 63
3 9 10
3 10 -30
3 11 7
3 12 -60
3 13 -58
3 14 23
3 15 -35
3 16 -1
3 17 68
3 18 88
3 19 -79
3 20 68
3 21 83
3 22 54
3 23 59
3 24 -21
3 25 42
3 26 -51
3 27 -25
3 28 99
3 29 -31
3 31 -52
3 33 -43
3 34 57
3 35 -87
3 36 -79
3 37 -100
3 38 -48
3 39 -9
3 41 55
3 42 -72
3 43 -31
3 45 -28
3 46 -69
3 48 -22
3 49 47
3 50 -23
3 51 -55
3 52 16
3 53 76
3 54 83
3 55 27
3 56 57
3 57 -32
3 58 84
3 59 -81
3 60 -19
3 61 100
3 63 10
3 64 70
3 65 49
3 66 100
3 67 -53
3 68 37
3 69 -83
3 70 82
3 71 99
3 72 9
3 73 66
3 74 80
3 75 87
3 76 99
3 77 85
3 78 -97
3 79 28
3 80 -94
3 81 -40
3 82 -47
3 83 52
3 84 3
3 85 3
3 86 54
3 87 5
3 88 68
3 89 65
3 90 27
3 91 -60
3 92 -90
3 93 92
3 96 46
3 97 63
3 98 76
3 99 66
4 0 39
4 1 -40
4 2 33
4 3 -22
4 4 -4
4 5 -52
4 6 94
4 7 -6
4 8 -14
4 9 23
4 10 47
4 11 -72
4 12 -9
4 13 -7
4 14 -29
4 15 73
4 16 44
4 17 -49
4 18 98
4 19 -26
4 20 -7
4 21 5
4 22 97
4 23 97
4 24 -21
4 26 70
4 27 -46
4 28 -82
4 29 -36
4 30 -68
4 31 -65
4 32 12
4 33 40
4 35 2
4 36 90
4 37 -61
4 38 -3
4 39 -60
4 40 -99
4 41 56
4 42 -84
4 43 96
4 44 40
4 45 80
4 46 -65
4 48 57
4 49 97
4 50 2
4 51 58
4 52 28
4 53 -51
4 54 -19
4 55 79
4 56 12
4 57 -57
4 58 31
4 59 37
4 60 59
4 62 2
4 64 84
4 65 -30
4 66 26
4 67 42
4 68 -29
4 69 44
4 70 43
4 71 -92
4 72 93
4 73 26
4 74 -52
4 75 25
4 76 -1
4 78 59
4 79 56
4 81 -42
4 82 -87
4 83 -58
4 84 28
4 85 68
4 87 2
4 88 -35
4 89 64
4 90 9
4 91 -34
4 92 96
4 93 1
4 94 91
4 95 -75
4 96 100
4 97 17
4 98 43
4 99 77
5 0 92
5 1 95
5 2 100
5 3 99
5 4 -95
5 5 -96
5 6 9
5 7 95
5 9 -18
5 10 -75
5 11 57
5 12 -35
5 13 -70
5 14 78
5 15 10
5 16 22
5 19 -9
5 20 -58
5 21 -55
5 22 -51
5 23 20
5 24 32
5 25 -99
5 26 -44
5 27 -75
5 28 75
5 29 97
5 30 -67
5 31 -45
5 32 -52
5 33 53
5 34 86
5 35 -1
5 36 -75
5 37 81
5 38 -84
5 39 -80
5 40 -85
5 41 27
5 42 61
5 43 63
5 44 -89
5 45 -39
5 46 -5
5 47 31
5 48 32
5 49 54
5 50 -49
5 51 25
5 52 95
5 53 32
5 54 25
5 55 38
5 56 3
5 57 -82
5 58 28
5 59 -41
5 60 -98
5 62 -44
5 63 14
5 66 -81
5 67 -86
5 68 79
5 69 14
5 70 -100
5 71 9
5 72 -78
5 73 19
5 74 -32
5 75 -96
5 76 66
5 77 18
5 78 11
5 79 16
5 80 -38
5 81 -66
5 82 93
5 83 63
5 84 -5
5 85 -91
5 87 -47
5 89 6
5 90 -33
5 91 34
5 92 8
5 93 -8
5 94 -77
5 95 43
5 96 38
5 98 83
5 99 -69
6 0 -54
6 1 78
6 2 -49
6 4 -10
6 6 14
6 7 33
6 8 -24
6 9 89
6 10 -95
6 11 -27
6 12 64
6 13 15
6 14 -9
6 15 -61
6 16 -14
6 17 -98
6 18 -59
6 19 -14
6 20 43
6 21 26
6 22 80
6 23 15
6 24 98
6 25 -11
6 26 32
6 27 38
6 28 -41
6 29 -57
6 30 19
6 31 32
6 32 -11
6 33 46
6 35 -57
6 36 20
6 37 69
6 38 5
6 41 -70
6 42 -39
6 43 33
6 44 -84
6 46 12
6 47 -87
6 48 -49
6 49 91
6 50 -53
6 51 -81
6 52 -80
6 53 -50
6 54 -32
6 55 -66
6 56 -58
6 57 1
6 58 -64
6 59 -100
6 60 63
6 61 78
6 62 -44
6 63 54
6 64 88
6 65 -96
6 66 -62
6 67 -70
6 68 -57
6 69 -20
6 70 25
6 72 -82
6 73 -60
6 74 86
6 75 23
6 76 -15
6 77 49
6 78 -27
6 79 3
6 80 4
6 82 40
6 83 -41
6 84 78
6 85 -35
6 86 99
6 87 70
6 88 71
6 89 63
6 90 88
6 91 21
6 92 97
6 93 1
6 94 -39
6 95 51
6 96 -34
6 97 -82
6 98 -70
6 99 71
7 0 -89
7 2 -51
7 3 18
7 4 70
7 5 57
7 7 62
7 8 -24
7 9 88
7 10 47
7 11 -52
7 12 75
7 13 -47
7 14 -1
7 15 52
7 16 -59
7 17 10
7 18 -34
7 19 63
7 20 81
7 21 61
7 22 -66
7 23 -19
7 24 -17
7 25 -59
7 26 -77
7 27 11
7 28 -67
7 29 -58
7 30 38
7 31 75
7 32 -38
7 33 -59
7 34 50
7 35 75
7 36 95
7 37 -51
7 39 29
7 40 -45
7 41 78
7 42 -47
7 43 96
7 44 -26
7 45 -8
7 46 -15
7 47 -51
7 48 96
7 49 -25
7 50 -92
7 51 -16
7 52 2
7 53 95
7 54 -99
7 55 -61
7 56 -87
7 57 -74
7 58 -27
7 59 -68
7 60 -12
7 61 64
7 62 42
7 63 -73
7 64 14
7 67 -58
7 68 -37
7 69 -10
7 70 -76
7 71 -28
7 72 -68
7 74 -33
7 75 89
7 76 -80
7 77 80
7 78 -12
7 79 -57
7 81 72
7 82 -59
7 83 -42
7 84 48
7 86 -72
7 87 84
7 88 -69
7 89 68
7 90 -10
7 91 59
7 92 72
7 93 -19
7 94 -86
7 95 62
7 96 15
7 97 -85
7 98 -74
7 99 94
8 0 -39
8 1 37
8 2 42
8 3 84
8 4 -47
8 5 -15
8 6 45
8 7 44
8 8 -24
8 9 73
8 10 -81
8 11 73
8 12 -84
8 13 18
8 14 79
8 15 56
8 16 -44
8 17 -77
8 18 -60
8 19 -98
8 20 48
8 21 83
8 22 43
8 23 1
8 24 58
8 26 -34
8 27 -5
8 28 2
8 29 -55
8 30 82
8 31 24
8 32 81
8 33 6
8 34 -86
8 35 97
8 36 65
8 37 -44
8 38 62
8 39 81
8 40 -63
8 41 -58
8 42 82
8 44 -34
8 45 57
8 46 -65
8 47 -9
8 48 -59
8 49 -68
8 50 -25
8 51 -19
8 52 -51
8 54 -36
8 55 7
8 56 -92
8 57 -48
8 58 -74
8 59 -29
8 60 86
8 61 -80
8 62 64
8 63 -56
8 64 29
8 65 -29
8 66 93
8 67 -19
8 68 -71
8 69 -44
8 70 95
8 71 -67
8 72 -65
8 73 -91
8 74 7
8 75 -81
8 76 53
8 77 86
8 78 90
8 79 28
8 80 -36
8 81 52
8 82 -37
8 83 -44
8 84 -51
8 85 67
8 86 -89
8 87 13
8 88 69
8 89 81
8 90 73
8 91 -1
8 92 24
8 93 -29
8 94 -18
8 95 -58
8 96 -39
8 97 28
8 98 47
8 99 -63
9 0 56
9 2 -88
9 3 44
9 4 3
9 5 11
9 6 -37
9 7 31
9 9 6
9 10 -11
9 11 21
9 12 43
9 13 -12
9 14 -24
9 15 -58
9 16 1
9 17 22
9 18 -83
9 19 39
9 21 -81
9 22 77
9 23 -1
9 24 -79
9 25 29
9 26 23
9 27 63
9 29 30
9 30 -49
9 31 44
9 32 -90
9 33 -88
9 34 -87
9 35 -99
9 36 80
9 37 48
9 38 -60
9 39 -1
9 40 -30
9 41 100
9 42 -51
9 43 -29
9 44 -81
9 45 48
9 46 17
9 47 61
9 48 -19
9 49 4
9 50 44
9 51 42
9 52 -11
9 54 -48
9 55 95
9 56 58
9 57 -45
9 58 -64
9 59 -71
9 60 -67
9 61 99
9 62 49
9 63 8
9 64 -45
9 65 23
9 66 -10
9 67 -46
9 68 -31
9 70 -45
9 71 -30
9 72 -22
9 73 69
9 74 22
9 75 -36
9 76 -81
9 77 77
9 78 -73
9 79 68
9 80 65
9 81 -66
9 82 -41
9 83 50
9 84 -8
9 85 -7
9 86 19
9 87 -37
9 88 -80
9 89 -68
9 90 -8
9 91 -92
9 92 -1
9 93 -93
9 94 -19
9 95 85
9 97 24
9 98 58
9 99 15
10 0 -60
10 1 37
10 2 40
10 3 -31
10 5 -76
10 6 18
10 8 -13
10 9 21
10 10 -90
10 11 -9
10 12 96
10 13 73
10 15 -72
10 16 -8
10 17 33
10 18 34
10 20 74
10 21 37
10 22 4
10 24 73
10 25 -83
10 26 -65
10 27 30
10 28 18
10 29 30
10 30 46
10 31 -62
10 32 -79
10 34 -87
10 35 -8
10 36 -22
10 37 -24
10 38 40
10 40 77
10 41 27
10 42 55
10 43 -90
10 44 -27
10 45 -85
10 46 -20
10 47 -44
10 48 -3
10 49 44
10 50 -3
10 51 21
10 52 -31
10 53 -81
10 54 -89
10 55 -35
10 56 87
10 57 50
10 58 92
10 59 -63
10 60 69
10 61 33
10 62 -94
10 63 -85
10 64 53
10 65 43
10 66 -81
10 67 75
10 68 39
10 69 -62
10 70 -19
10 71 48
10 72 57
10 73 30
10 74 -84
10 75 -82
10 76 -69
10 78 -82
10 79 96
10 80 -34
10 81 -1
10 82 -77
10 83 -64
10 84 -92
10 85 12
10 88 24
10 90 61
10 91 -43
10 92 -43
10 93 -58
10 94 7
10 95 -1
10 96 92
10 97 79
10 98 92
10 99 -73
11 0 -77
11 1 -20
11 2 61
11 3 95
11 4 -100
11 5 97
11 6 -33
11 7 -26
11 8 95
11 9 90
11 10 -75
11 11 -27
11 12 -67
11 13 -19
11 14 -11
11 15 50
11 16 -39
11 17 59
11 18 81
11 19 11
11 20 -52
11 21 -9
11 22 37
11 23 39
11 24 49
11 25 97
11 26 -89
11 27 30
11 29 61
11 31 -66
11 33 67
11 34 39
11 35 11
11 36 56
11 37 -49
11 38 76
11 39 -5
11 40 33
11 41 -48
11 42 -75
11 43 -73
11 44 -7
11 45 -7
11 46 -30
11 47 11
11 48 85
11 49 -72
11 50 -76
11 51 -70
11 52 -66
11 53 -96
11 55 -1
11 56 -23
11 57 -51
11 58 -88
11 59 86
11 60 88
11 61 58
11 62 45
11 63 -80
11 64 39
11 65 26
11 67 -82
11 68 -29
11 69 -7
11 70 51
11 71 18
11 72 -73
11 73 -12
11 74 81
11 75 -45
11 76 9
11 77 54
11 79 -33
11 80 60
11 81 46
11 82 97
11 83 96
11 84 -77
11 85 -11
11 86 69
11 87 68
11 88 96
11 89 -69
11 91 30
11 92 33
11 93 32
11 94 -11
11 95 96
11 96 -13
11 97 -34
11 98 -87
11 99 -12
12 0 45
12 1 2
12 2 -47
12 3 46
12 4 61
12 5 -55
12 6 -70
12 7 63
12 8 -82
12 9 -11
12 10 48
12 11 -74
12 12 -41
12 13 -86
12 14 83
12 15 -16
12 16 -5
12 17 33
12 18 -81
12 19 -1
12 20 -7
12 21 -69
12 23 -51
12 24 26
12 25 -87
12 27 -16
12 28 -67
12 29 -60
12 30 3
12 31 -22
12 32 -76
12 33 54
12 34 -88
12 35 29
12 37 -92
12 38 16
12 39 3
12 40 85
12 41 11
12 42 -30
12 43 23
12 44 18
12 45 -100
12 46 85
12 48 -2
12 49 -99
12 50 -2
12 51 -72
12 53 67
12 56 1
12 57 -39
12 58 39
12 59 31
12 60 71
12 61 -62
12 62 -10
12 63 18
12 64 16
12 65 95
12 66 -42
12 67 -46
12 68 -29
12 69 27
12 70 -25
12 71 -71
12 72 -31
12 73 -42
12 74 20
12 75 2
12 76 -86
12 77 48
12 78 35
12 79 47
12 80 -97
12 81 -47
12 82 50
12 83 -52
12 85 60
12 86 -19
12 87 -71
12 88 -59
12 89 -55
12 90 -81
12 91 14
12 92 -49
12 93 70
12 95 -61
12 96 -67
12 97 -64
12 98 40
12 99 7
13 0 87
13 1 52
13 2 -68
13 3 -27
13 4 16
13 5 21
13 6 -48
13 7 49
13 8 21
13 9 99
13 10 63
13 11 93
13 12 83
13 13 -62
13 14 14
13 15 36
13 16 -98
13 17 13
13 18 -41
13 19 4
13 20 -18
13 21 14
13 22 -1
13 23 17
13 24 -2
13 25 -93
13 26 100
13 27 58
13 28 24
13 29 -51
13 30 75
13 31 7
13 32 29
13 33 -8
13 34 -38
13 35 -39
13 36 -98
13 37 -34
13 38 45
13 39 78
13 40 57
13 41 -71
13 42 -98
13 43 6
13 44 -59
13 45 98
13 46 -40
13 47 -38
13 48 -51
13 49 9
13 50 -94
13 51 -79
13 52 65
13 54 3
13 55 70
13 56 56
13 57 90
13 58 -30
13 59 87
13 60 19
13 61 71
13 62 -64
13 64 -74
13 65 -47
13 66 -76
13 67 14
13 68 -3
13 69 54
13 70 -68
13 71 -70
13 72 -41
13 73 -51
13 74 -11
13 75 91
13 76 34
13 77 -23
13 78 98
13 79 -40
13 80 26
13 81 -50
13 82 -59
13 83 -64
13 84 -9
13 85 16
13 86 -51
13 87 -73
13 88 -73
13 89 -50
13 90 -58
13 91 -29
13 92 19
13 93 -6
13 94 97
13 95 -34
13 97 -3
13 98 80
13 99 -13
14 0 -87
14 1 -59
14 2 -27
14 3 -37
14 4 -29
14 5 -63
14 6 87
14 7 91
14 8 89
14 9 -89
14 10 -4
14 11 13
14 12 71
14 14 39
14 16 -19
14 18 -95
14 19 -58
14 20 -82
14 21 -75
14 22 6
14 23 66
14 24 39
14 25 -2
14 26 -93
14 27 3
14 28 16
14 29 -22
14 30 -45
14 31 -82
14 32 36
14 33 -58
14 35 -47
14 37 -48
14 38 93
14 39 5
14 40 -79
14 41 -82
14 43 -75
14 45 -66
14 46 -11
14 47 88
14 48 20
14 49 -64
14 50 42
14 51 46
14 52 54
14 54 -6
14 55 9
14 56 81
14 57 15
14 58 84
14 59 -100
14 60 -70
14 61 63
14 62 9
14 64 -22
14 65 -4
14 66 19
14 67 44
14 68 97
14 69 46
14 70 65
14 71 -89
14 72 83
14 73 88
14 74 60
14 75 -14
14 76 79
14 77 -49
14 78 26
14 79 -64
14 80 91
14 81 -37
14 82 36
14 83 33
14 84 -54
14 85 69
14 86 35
14 87 -22
14 88 -47
14 89 -82
14 90 3
14 91 94
14 92 49
14 93 6
14 94 54
14 95 89
14 96 91
14 97 44
14 98 -17
14 99 -15
15 0 62
15 2 86
15 3 92
15 4 25
15 5 84
15 6 -1
15 7 85
15 9 -99
15 10 -42
15 11 72
15 12 -79
15 13 73
15 14 63
15 15 -63
15 16 -27
15 17 -2
15 18 32
15 19 10
15 20 -66
15 21 51
15 22 42
15 23 11
15 24 -39
15 25 -38
15 26 -40
15 27 52
15 28 66
15 29 72
15 30 -28
15 32 -28
15 33 79
15 34 37
15 35 97
15 36 -39
15 37 35
15 38 2
15 39 -51
15 40 25
15 41 64
15 42 28
15 43 -51
15 44 -86
15 45 -68
15 46 -75
15 47 79
15 48 91
15 49 43
15 50 -42
15 51 -82
15 52 -46
15 53 30
15 54 -29
15 55 -84
15 56 82
15 57 -100
15 58 -82
15 59 17
15 60 12
15 61 -51
15 63 -62
15 64 11
15 65 -76
15 66 75
15 67 -68
15 68 -26
15 69 18
15 70 -23
15 71 9
15 72 36
15 73 -73
15 74 82
15 75 74
15 76 98
15 77 -32
15 78 -31
15 79 -51
15 80 -91
15 81 -11
15 82 -8
15 84 53
15 85 -53
15 87 59
15 88 -87
15 89 45
15 90 -86
15 91 -62
15 92 31
15 93 -73
15 94 -23
15 96 -41
15 97 44
15 98 23
15 99 99
16 0 -14
16 1 -4
16 2 17
16 3 -16
16 4 -48
16 5 21
16 6 38
16 7 -67
16 8 17
16 9 -48
16 10 26
16 11 -80
16 12 -25
16 13 92
16 14 -92
16 15 -6
16 16 20
16 17 85
16 18 -19
16 19 -36
16 20 -85
16 21 -29
16 22 -6
16 23 -60
16 24 12
16 25 -59
16 26 73
16 27 -95
16 28 -54
16 30 -48
16 31 -42
16 32 51
16 33 8
16 34 -89
16 35 90
16 36 -54
16 37 31
16 38 -62
16 40 -83
16 41 46
16 43 -38
16 44 37
16 45 -14
16 46 -38
16 47 12
16 48 -61
16 49 -46
16 50 1
16 51 -46
16 52 75
16 53 98
16 54 47
16 55 -23
16 56 4
16 59 -27
16 60 -33
16 61 -52
16 62 10
16 63 22
16 64 -46
16 65 88
16 66 37
16 67 16
16 68 50
16 70 47
16 71 22
16 73 -75
16 74 68
16 75 -50
16 76 -68
16 77 29
16 78 -49
16 79 -64
16 80 -95
16 81 -54
16 82 -54
16 84 -97
16 85 59
16 86 37
16 87 58
16 88 -76
16 89 -58
16 90 42
16 91 13
16 92 27
16 93 70
16 94 6
16 95 70
16 96 -33
16 97 -74
16 98 -84
16 99 -97
17 0 -68
17 1 -57
17 2 36
17 3 -33
17 4 89
17 5 87
17 6 94
17 7 -41
17 8 40
17 9 12
17 10 -5
17 11 39
17 12 34
17 13 -21
17 14 -93
17 15 -29
17 16 -52
17 19 53
17 20 82
17 21 77
17 22 -91
17 23 28
17 24 -36
17 25 -100
17 26 -64
17 27 -7
17 28 -21
17 29 74
17 30 -49
17 31 -79
17 32 -4
17 34 -13
17 35 16
17 36 -2
17 37 -41
17 40 -32
17 41 -57
17 42 -28
17 43 -36
17 44 47
17 45 -5
17 46 5
17 47 -23
17 48 53
17 49 17
17 50 -82
17 51 9
17 53 41
17 54 -28
17 55 44
17 56 -86
17 57 -75
17 58 -6
17 59 -60
17 60 24
17 61 31
17 62 61
17 63 -26
17 64 21
17 65 -89
17 66 -92
17 67 -75
17 68 -93
17 69 -8
17 70 94
17 71 94
17 72 22
17 73 1
17 74 27
17 75 -84
17 76 16
17 77 -55
17 78 -90
17 79 -37
17 81 -55
17 82 80
17 83 -62
17 86 -18
17 87 -95
17 88 -2
17 89 -12
17 90 -90
17 91 -26
17 92 -57
17 93 86
17 94 95
17 96 27
17 97 -34
17 98 57
17 99 84
18 0 -32
18 1 -89
18 2 71
18 3 -13
18 4 77
18 5 8
18 6 53
18 7 -11
18 9 6
18 10 -43
18 11 94
18 12 14
18 13 -94
18 14 48
18 15 -31
18 16 59
18 17 33
18 18 6
18 19 -33
18 20 -96
18 21 59
18 22 13
18 23 17
18 24 -32
18 25 -65
18 26 -5
18 27 -88
18 28 42
18 29 75
18 30 75
18 31 22
18 32 75
18 33 36
18 34 23
18 37 83
18 38 68
18 39 -61
18 40 -75
18 41 -61
18 42 -96
18 43 61
18 44 71
18 45 -97
18 46 -73
18 47 -7
18 48 13
18 49 18
18 50 -75
18 51 25
18 52 66
18 53 -51
18 54 -43
18 55 11
18 56 55
18 57 -22
18 58 -81
18 59 11
18 60 67
18 61 -83
18 62 42
18 63 90
18 64 28
18 65 89
18 66 -93
18 67 -24
18 68 -86
18 69 -31
18 70 -43
18 72 19
18 73 77
18 74 -35
18 75 -98
18 76 31
18 77 -87
18 78 44
18 79 94
18 80 22
18 82 -13
18 83 81
18 84 15
18 85 -68
18 86 -86
18 87 33
18 88 -32
18 90 82
18 91 -14
18 92 31
18 93 48
18 94 55
18 95 -65
18 96 -79
18 97 -34
18 98 -54
18 99 -35
19 0 49
19 1 -17
19 2 -75
19 3 -4
19 4 58
19 5 -92
19 6 -8
19 7 33
19 8 66
19 9 35
19 10 42
19 12 47
19 13 -7
19 14 -18
19 15 -76
19 16 42
19 17 -74
19 18 -4
19 19 -89
19 20 22
19 21 26
19 22 -36
19 23 54
19 24 1
19 25 -49
19 26 68
19 27 -9
19 29 44
19 30 -93
19 31 58
19 32 -31
19 33 -4
19 34 -46
19 35 14
19 36 -3
19 37 43
19 38 69
19 39 53
19 40 74
19 41 -3
19 42 3
19 43 -76
19 44 -5
19 45 49
19 46 75
19 47 67
19 48 46
19 49 -89
19 50 83
19 51 3
19 52 -69
19 53 -79
19 54 -37
19 56 -77
19 57 12
19 58 -79
19 59 -41
19 60 92
19 61 38
19 62 -58
19 63 95
19 65 -69
19 66 37
19 67 12
19 68 -86
19 69 -91
19 70 -88
19 71 -67
19 72 71
19 73 -37
19 74 96
19 75 66
19 76 29
19 77 -79
19 78 58
19 79 65
19 80 31
19 81 25
19 82 -25
19 83 -27
19 84 -50
19 85 -1
19 86 -27
19 87 81
19 88 -73
19 89 65
19 91 58
19 92 -54
19 93 -99
19 94 -64
19 96 -36
19 97 14
19 98 6
19 99 30
20 0 -39
20 1 -95
20 2 -69
20 3 -97
20 4 68
20 5 -94
20 6 27
20 7 16
20 8 96
20 9 -85
20 10 -46
20 11 55
20 12 53
20 13 -13
20 14 28
20 15 -36
20 16 5
20 18 -83
20 19 87
20 21 -62
20 22 11
20 23 -6
20 24 85
20 25 -58
20 26 34
20 27 -11
20 28 -29
20 29 32
20 30 -58
20 31 -22
20 32 -99
20 33 96
20 34 42
20 35 -7
20 36 -28
20 37 95
20 38 51
20 39 -99
20 40 -9
20 41 1
20 42 7
20 43 -52
20 44 -80
20 45 66
20 46 -11
20 47 94
20 48 -59
20 49 31
20 50 -38
20 51 52
20 52 -43
20 53 53
20 54 99
20 55 76
20 56 33
20 57 32
20 58 24
20 59 96
20 60 -41
20 61 -52
20 62 -6
20 63 91
20 64 88
20 66 -48
20 67 -75
20 68 -90
20 69 26
20 70 34
20 71 6
20 72 75
20 73 -58
20 74 74
20 75 -64
20 76 -82
20 77 66
20 78 35
20 79 37
20 80 69
20 81 94
20 82 -45
20 83 13
20 84 23
20 87 77
20 88 -32
20 89 -27
20 90 46
20 91 -75
20 93 74
20 94 -92
20 95 -11
20 96 -31
20 97 93
20 98 -23
20 99 5
21 2 55
21 4 7
21 5 -40
21 6 -63
21 8 90
21 9 -69
21 10 79
21 11 77
21 12 -97
21 13 -58
21 14 -56
21 15 -39
21 16 -40
21 17 -17
21 18 -85
21 19 -23
21 20 -20
21 21 -30
21 22 49
21 24 -59
21 25 92
21 26 -69
21 27 78
21 28 -42
21 29 -18
21 30 -70
21 31 -64
21 32 -4
21 33 68
21 35 -2
21 36 -58
21 37 -51
21 38 38
21 40 -2
21 41 -37
21 42 -13
21 43 98
21 45 -92
21 46 -36
21 48 4
21 49 86
21 50 -80
21 51 -44
21 52 -35
21 53 -14
21 54 29
21 55 11
21 56 -89
21 57 -56
21 58 -58
21 59 -60
21 60 40
21 61 -67
21 62 67
21 63 62
21 64 -16
21 65 -93
21 66 72
21 67 -60
21 68 -78
21 69 -99
21 71 15
21 72 5
21 73 99
21 74 -66
21 75 77
21 76 -17
21 77 -46
21 78 -22
21 79 -96
21 81 80
21 82 -99
21 83 26
21 84 61
21 85 23
21 86 -29
21 87 -77
21 88 -38
21 89 86
21 90 11
21 91 -90
21 92 -14
21 93 55
21 94 -49
21 95 -5
21 96 -36
21 97 59
21 98 90
21 99 6
22 0 -57
22 2 -80
22 3 92
22 4 43
22 5 51
22 6 12
22 7 62
22 8 -35
22 9 30
22 10 17
22 11 -77
22 12 -72
22 13 45
22 15 -34
22 16 -17
22 17 75
22 18 -91
22 19 -24
22 20 74
22 21 -74
22 22 12
22 23 -78
22 24 87
22 25 -39
22 26 64
22 27 -15
22 29 84
22 30 -77
22 31 61
22 32 -77
22 33 8
22 35 21
22 36 45
22 37 73
22 38 40
22 39 59
22 40 -64
22 41 -16
22 42 -29
22 43 -85
22 44 -51
22 45 5
22 46 90
22 47 -4
22 48 -68
22 49 -61
22 50 -54
22 52 -63
22 53 -29
22 54 -85
22 55 92
22 56 -51
22 58 1
22 59 -60
22 60 77
22 61 -64
22 62 -45
22 63 -81
22 64 29
22 65 10
22 66 -69
22 67 -4
22 68 56
22 69 -99
22 70 -42
22 71 27
22 72 49
22 73 25
22 74 -86
22 76 27
22 77 71
22 78 -74
22 79 -85
22 80 -66
22 81 51
22 82 9
22 83 -11
22 84 -37
22 86 -1
22 88 94
22 89 84
22 90 -99
22 91 73
22 92 -47
22 93 32
22 95 96
22 96 66
22 97 25
22 98 86
22 99 25
23 0 96
23 1 18
23 2 60
23 3 -48
23 4 89
23 5 -71
23 6 40
23 7 -76
23 8 -76
23 9 95
23 10 27
23 11 -38
23 12 17
23 13 -45
23 14 -5
23 15 3
23 16 17
23 17 -36
23 18 56
23 19 55
23 20 -35
23 21 30
23 22 -100
23 23 30
23 25 -19
23 26 -79
23 27 32
23 28 -46
23 29 -48
23 30 -86
23 31 -28
23 33 82
23 34 -2
23 35 -10
23 36 4
23 37 -5
23 38 54
23 39 21
23 41 55
23 42 -42
23 43 -76
23 44 -69
23 45 -22
23 46 3
23 47 64
23 48 -14
23 49 -50
23 50 -26
23 51 53
23 52 -99
23 53 -73
23 54 54
23 56 50
23 57 67
23 58 -38
23 59 34
23 60 -25
23 61 32
23 63 59
23 64 -76
23 65 8
23 66 87
23 67 75
23 68 47
23 69 59
23 71 8
23 72 -59
23 73 -74
23 74 31
23 75 62
23 76 -4
23 77 -32
23 78 -70
23 79 -95
23 80 -73
23 81 -11
23 82 -83
23 83 -45
23 84 -70
23 85 -87
23 86 19
23 87 -99
23 88 54
23 89 57
23 90 11
23 91 -39
23 92 37
23 93 -13
23 95 72
23 97 -2
23 98 -4
23 99 24
24 0 74
24 1 -48
24 2 63
24 3 -64
24 4 93
24 5 47
24 6 -79
24 7 -54
24 8 82
24 9 -70
24 10 15
24 12 -7
24 13 -66
24 14 98
24 15 64
24 16 -77
24 17 52
24 18 24
24 19 83
24 20 -55
24 21 71
24 22 -27
24 23 42
24 24 -36
24 26 -8
24 27 -33
24 28 -67
24 29 -11
24 30 90
24 31 21
24 32 92
24 33 -74
24 35 85
24 36 37
24 37 10
24 38 -11
24 40 80
24 41 -48
24 42 91
24 43 -5
24 44 10
24 45 97
24 46 39
24 48 -16
24 49 76
24 50 -7
24 51 -49
24 52 22
24 53 34
24 54 -7
24 55 -46
24 56 -13
24 57 -42
24 58 64
24 59 62
24 60 29
24 61 78
24 63 -37
24 64 -80
24 65 -64
24 66 -81
24 68 13
24 69 5
24 71 50
24 72 6
24 73 -62
24 74 -85
24 75 77
24 76 -70
24 77 36
24 79 -66
24 80 35
24 82 -45
24 83 47
24 84 -98
24 85 70
24 86 -58
24 87 11
24 89 -48
24 90 -92
24 92 46
24 93 -31
24 94 78
24 95 91
24 96 -23
24 97 6
24 98 95
24 99 -67
25 0 -50
25 1 -7
25 2 9
25 4 92
25 5 85
25 6 -85
25 7 63
25 8 -19
25 9 11
25 10 -26
25 11 -32
25 12 -89
25 13 39
25 14 95
25 15 27
25 17 -54
25 18 -85
25 19 22
25 20 -100
25 21 43
25 22 -61
25 23 9
25 24 14
25 25 -15
25 26 -42
25 27 84
25 28 -55
25 29 77
25 31 -35
25 32 -59
25 33 -66
25 34 -18
25 35 -10
25 36 24
25 37 -41
25 38 39
25 39 90
25 40 66
25 41 -94
25 42 -25
25 43 58
25 44 77
25 45 -11
25 46 -35
25 47 3
25 48 -44
25 49 -62
25 50 99
25 51 4
25 52 59
25 53 -5
25 54 -17
25 55 37
25 57 1
25 58 -82
25 60 -41
25 61 -66
25 62 91
25 63 -16
25 64 -95
25 65 48
25 66 68
25 67 18
25 68 27
25 69 -47
25 70 68
25 72 -46
25 73 58
25 74 72
25 75 -1
25 76 2
25 77 82
25 78 -64
25 79 5
25 80 -22
25 81 1
25 82 88
25 83 -33
25 85 58
25 86 61
25 87 69
25 88 -34
25 89 38
25 90 26
25 91 81
25 92 37
25 93 -21
25 94 22
25 95 33
25 96 -31
25 97 84
25 98 57
26 0 46
26 1 5
26 2 66
26 3 -26
26 4 -96
26 5 58
26 6 -86
26 7 37
26 8 -57
26 9 -47
26 10 58
26 11 -71
26 12 67
26 13 -95
26 14 37
26 15 1
26 16 -32
26 17 -94
26 18 -86
26 20 11
26 21 45
26 22 85
26 23 63
26 24 67
26 25 -82
26 26 29
26 27 85
26 28 -31
26 29 84
26 30 -47
26 31 -22
26 32 -34
26 33 54
26 34 -90
26 35 97
26 36 -29
26 37 -58
26 38 74
26 39 -25
26 40 -85
26 41 65
26 42 60
26 43 -59
26 44 -13
26 45 -14
26 46 -70
26 47 4
26 48 92
26 49 22
26 51 59
26 52 -96
26 53 38
26 54 -42
26 55 3
26 56 -63
26 57 -66
26 58 63
26 59 67
26 60 -11
26 61 21
26 62 41
26 63 2
26 64 -19
26 65 87
26 66 68
26 67 -64
26 69 -15
26 70 9
26 71 -3
26 72 94
26 73 36
26 74 -85
26 75 -92
26 76 -65
26 77 -50
26 78 21
26 79 74
26 80 -38
26 81 -36
26 83 -38
26 84 -52
26 85 -69
26 86 -70
26 87 24
26 88 -9
26 89 -69
26 91 29
26 92 28
26 93 25
26 94 10
26 95 -42
26 96 35
26 98 -22
26 99 86
27 0 3
27 1 86
27 2 34
27 3 -45
27 4 -55
27 6 48
27 7 57
27 8 -86
27 9 4
27 10 14
27 11 94
27 12 16
27 13 36
27 14 76
27 15 -72
27 16 25
27 18 91
27 19 20
27 20 -49
27 21 -100
27 22 17
27 23 57
27 24 89
27 25 32
27 26 -94
27 27 33
27 28 93
27 29 28
27 30 -60
27 31 -13
27 32 32
27 33 -49
27 34 -73
27 35 -34
27 36 2
27 37 -60
27 38 -7
27 39 -1
27 40 -89
27 41 75
27 42 95
27 44 58
27 45 -87
27 47 79
27 48 22
27 49 -42
27 50 -76
27 51 17
27 53 22
27 54 -81
27 55 -60
27 56 36
27 57 -24
27 58 -52
27 59 -57
27 61 53
27 62 -90
27 63 24
27 64 85
27 65 -67
27 66 -63
27 67 -20
27 68 -31
27 69 83
27 70 90
27 71 -90
27 72 -75
27 73 58
27 74 72
27 75 32
27 76 -5
27 77 58
27 78 -71
27 79 -93
27 80 -25
27 81 -42
27 83 -49
27 84 71
27 85 -98
27 86 68
27 89 98
27 90 29
27 91 -52
27 92 -72
27 93 20
27 95 50
27 96 38
27 97 10
27 99 -18
28 0 90
28 1 62
28 2 -60
28 3 -42
28 4 -71
28 5 15
28 6 72
28 7 2
28 8 96
28 9 -31
28 10 -43
28 11 -75
28 12 -22
28 14 5
28 15 21
28 16 -67
28 17 -8
28 18 -95
28 19 -85
28 20 18
28 21 37
28 22 43
28 24 -62
28 25 -25
28 26 -76
28 27 17
28 28 72
28 29 1
28 30 -35
28 31 60
28 32 -98
28 33 83
28 34 19
28 35 39
28 36 74
28 37 -42
28 38 12
28 39 -23
28 40 -38
28 41 54
28 42 -31
28 43 -51
28 44 42
28 45 -83
28 46 99
28 47 56
28 48 62
28 49 29
28 50 81
28 51 96
28 52 27
28 53 21
28 55 53
28 56 -59
28 57 -55
28 59 43
28 60 -43
28 61 73
28 62 47
28 63 88
28 64 91
28 65 -98
28 66 -74
28 67 -24
28 68 -41
28 69 -48
28 70 13
28 71 -70
28 72 -12
28 73 -73
28 74 17
28 75 -49
28 76 52
28 77 54
28 78 2
28 79 92
28 80 66
28 81 -26
28 82 95
28 83 -80
28 84 -10
28 85 46
28 86 68
28 87 10
28 88 -44
28 89 91
28 90 96
28 91 45
28 92 12
28 93 -26
28 94 30
28 95 -54
28 96 -52
28 97 -1
28 98 -82
28 99 56
29 0 85
29 1 41
29 2 -30
29 3 55
29 4 -52
29 5 77
29 6 58
29 7 -78
29 8 100
29 9 -17
29 10 80
29 11 19
29 12 -83
29 13 -42
29 15 61
29 16 48
29 17 -27
29 18 -32
29 19 5
29 20 -7
29 21 1
29 22 -27
29 23 27
29 24 29
29 25 -19
29 26 -44
29 27 -2
29 28 -75
29 29 24
29 30 -19
29 31 -35
29 32 -54
29 33 43
29 34 -11
29 35 86
29 36 -90
29 37 -18
29 38 8
29 39 53
29 40 60
29 41 -31
29 42 41
29 43 11
29 44 65
29 45 88
29 46 69
29 47 100
29 48 60
29 49 -8
29 50 -100
29 51 42
29 53 84
29 54 79
29 56 99
29 57 11
29 58 37
29 59 8
29 60 -53
29 61 -94
29 62 100
29 63 80
29 64 1
29 65 74
29 66 -91
29 67 -7
29 68 88
29 69 -69
29 70 -13
29 71 20
29 72 66
29 73 -45
29 74 -55
29 75 -76
29 76 -66
29 77 54
29 78 2
29 79 88
29 80 99
29 81 71
29 82 21
29 83 -10
29 84 -66
29 85 92
29 86 -70
29 88 79
29 89 -87
29 91 -56
29 92 11
29 93 -58
29 94 12
29 95 69
29 96 -76
29 97 -39
29 98 -43
29 99 -26
30 0 -42
30 1 70
30 2 1
30 5 46
30 6 29
30 7 -9
30 8 -49
30 9 4
30 10 -35
30 11 9
30 12 -91
30 13 -83
30 14 -53
30 15 68
30 16 -1
30 18 41
30 19 -38
30 20 6
30 21 -26
30 22 -57
30 23 -18
30 24 -79
30 25 -81
30 26 -66
30 27 -70
30 28 -28
30 29 74
30 31 44
30 32 -53
30 33 23
30 34 -53
30 36 56
30 37 -60
30 38 -28
30 39 -57
30 40 64
30 41 -45
30 42 -10
30 43 15
30 44 59
30 45 44
30 46 95
30 48 53
30 49 -27
30 50 -44
30 51 97
30 52 -35
30 53 -19
30 54 9
30 55 77
30 56 -13
30 57 67
30 58 -19
30 59 7
30 60 23
30 61 -25
30 62 -79
30 63 94
30 64 49
30 65 20
30 66 -22
30 67 -34
30 68 67
30 69 -55
30 71 -87
30 72 -95
30 73 14
30 74 -31
30 75 -39
30 76 91
30 77 -53
30 78 -92
30 79 -2
30 80 -3
30 81 68
30 82 -46
30 83 -43
30 84 -43
30 85 29
30 86 91
30 87 3
30 88 24
30 89 -55
30 90 56
30 92 -9
30 93 20
30 94 -84
30 96 19
30 97 -100
30 98 37
30 99 63
31 0 -17
31 1 -65
31 2 -16
31 3 71
31 4 -34
31 5 75
31 6 82
31 7 65
31 8 76
31 9 -42
31 10 5
31 11 -38
31 12 -60
31 13 15
31 14 -43
31 15 8
31 16 -79
31 17 87
31 18 -93
31 19 -92
31 21 76
31 22 -42
31 23 81
31 24 3
31 25 71
31 26 -23
31 27 -14
31 29 73
31 30 56
31 31 9
31 32 85
31 33 81
31 35 -86
31 36 -22
31 37 97
31 38 -31
31 39 30
31 40 2
31 41 9
31 42 65
31 43 76
31 44 34
31 45 -91
31 46 6
31 47 -22
31 48 -65
31 49 76
31 50 1
31 51 -24
31 52 79
31 53 2
31 54 -3
31 55 -7
31 56 32
31 57 41
31 58 79
31 59 11
31 60 26
31 61 -83
31 62 89
31 63 -76
31 64 -26
31 65 56
31 66 12
31 67 -17
31 68 92
31 69 48
31 70 33
31 71 -43
31 72 -78
31 73 -69
31 74 -94
31 76 -70
31 77 -63
31 78 -25
31 79 -31
31 80 -61
31 81 -8
31 82 20
31 83 75
31 84 -60
31 85 56
31 86 -42
31 87 -87
31 88 -56
31 89 -86
31 90 24
31 92 16
31 93 -42
31 94 23
31 95 -86
31 96 28
31 98 1
31 99 59
32 0 -1
32 1 16
32 2 -73
32 3 -27
32 4 -66
32 5 32
32 6 45
32 7 -92
32 8 68
32 9 7
32 10 -67
32 11 -56
32 12 -46
32 13 57
32 14 -81
32 15 -3
32 16 42
32 17 -67
32 18 -40
32 19 -56
32 21 84
32 22 -39
32 23 -86
32 24 29
32 25 8
32 26 33
32 27 25
32 28 -91
32 29 -82
32 31 95
32 32 -100
32 33 38
32 34 10
32 35 -25
32 36 56
32 37 2
32 39 20
32 40 -32
32 41 -44
32 42 18
32 43 -37
32 44 -98
32 45 -24
32 46 96
32 47 36
32 48 -41
32 49 -28
32 50 22
32 51 79
32 52 25
32 53 -96
32 54 79
32 55 65
32 56 -5
32 57 -76
32 58 -41
32 59 52
32 60 21
32 62 6
32 63 15
32 64 -14
32 66 94
32 67 54
32 68 3
32 69 72
32 70 61
32 71 -24
32 72 -9
32 73 10
32 74 -34
32 75 -18
32 76 -22
32 77 -46
32 79 -58
32 80 20
32 81 -76
32 82 72
32 83 14
32 84 75
32 85 -100
32 86 10
32 87 -21
32 88 96
32 89 -49
32 90 55
32 91 10
32 92 -28
32 93 -98
32 94 70
32 95 -21
32 96 81
32 97 -94
32 98 -82
32 99 -49
33 0 96
33 1 96
33 2 -50
33 3 -33
33 4 -42
33 5 -40
33 6 54
33 7 -64
33 8 -12
33 9 77
33 10 85
33 11 -87
33 12 -72
33 15 33
33 16 27
33 17 -7
33 18 66
33 19 18
33 20 97
33 21 -26
33 22 50
33 23 94
33 24 81
33 25 -52
33 26 14
33 27 -100
33 28 -87
33 29 34
33 30 -42
33 31 -97
33 32 -43
33 33 5
33 34 -28
33 36 -43
33 37 7
33 38 -6
33 39 -11
33 40 -59
33 41 -89
33 42 23
33 43 -53
33 44 -54
33 45 20
33 46 -28
33 48 14
33 49 -63
33 50 -39
33 51 -13
33 52 80
33 53 87
33 54 -99
33 55 47
33 56 95
33 57 44
33 59 -9
33 60 -53
33 62 25
33 63 -65
33 65 40
33 66 12
33 67 23
33 68 4
33 69 8
33 70 -41
33 71 19
33 72 -82
33 73 -24
33 74 47
33 75 -20
33 76 -53
33 77 15
33 78 90
33 79 35
33 80 -15
33 81 18
33 82 -31
33 83 36
33 84 15
33 85 35
33 86 75
33 87 69
33 88 -35
33 89 -14
33 90 -49
33 91 -59
33 92 17
33 93 -77
33 94 -2
33 95 -97
33 96 -81
33 97 67
33 98 60
33 99 -18
34 0 100
34 1 63
34 2 -87
34 3 94
34 4 -11
34 5 -35
34 6 54
34 7 86
34 8 69
34 9 -26
34 10 91
34 11 -92
34 12 88
34 13 54
34 15 51
34 16 -80
34 17 15
34 18 29
34 19 76
34 20 -48
34 21 81
34 22 -17
34 23 -28
34 24 47
34 25 -12
34 26 76
34 27 78
34 28 61
34 29 -94
34 30 -27
34 31 31
34 33 -11
34 34 -72
34 35 -51
34 37 23
34 38 -93
34 39 1
34 40 -49
34 41 -46
34 42 -89
34 43 32
34 44 -65
34 45 -9
34 46 86
34 47 -74
34 48 -62
34 49 -66
34 50 -75
34 52 -40
34 53 61
34 54 57
34 55 -3
34 56 21
34 58 1
34 59 42
34 60 -71
34 61 -57
34 62 -55
34 63 -43
34 64 -9
34 65 -25
34 66 -22
34 67 -84
34 68 39
34 69 78
34 70 92
34 71 44
34 72 -94
34 73 40
34 74 39
34 75 -40
34 76 -83
34 77 75
34 78 -55
34 79 45
34 80 47
34 81 -18
34 83 88
34 84 -90
34 85 91
34 86 65
34 87 46
34 88 -100
34 89 93
34 90 94
34 91 87
34 92 33
34 93 -16
34 94 -87
34 95 51
34 97 -26
34 98 -9
34 99 90
35 0 34
35 1 97
35 2 -98
35 3 -68
35 4 -39
35 5 61
35 6 86
35 7 -95
35 8 59
35 9 7
35 10 -97
35 12 -24
35 13 -51
35 14 -27
35 15 41
35 16 22
35 17 -27
35 18 -9
35 19 37
35 20 35
35 21 61
35 22 -10
35 23 29
35 24 51
35 25 60
35 26 -34
35 27 -83
35 28 -93
35 29 6
35 30 100
35 31 -76
35 32 4
35 33 -39
35 34 -95
35 35 -7
35 36 -65
35 37 19
35 38 8
35 39 57
35 40 -94
35 41 2
35 42 75
35 43 -66
35 44 -20
35 45 -53
35 46 -5
35 47 92
35 48 93
35 49 93
35 50 -47
35 51 -87
35 52 -19
35 53 33
35 54 27
35 55 94
35 56 1
35 57 -34
35 58 -46
35 59 -93
35 60 -46
35 61 -46
35 62 -53
35 63 87
35 64 -60
35 65 16
35 66 41
35 67 55
35 68 98
35 69 -17
35 70 -44
35 71 -51
35 72 54
35 73 69
35 74 63
35 75 14
35 76 59
35 77 36
35 78 -12
35 79 82
35 80 -58
35 81 80
35 82 56
35 83 40
35 84 66
35 85 -77
35 86 -34
35 87 -22
35 88 93
35 89 -81
35 90 49
35 92 8
35 93 -51
35 94 -25
35 95 -42
35 96 60
35 97 -77
35 98 13
35 99 -48
36 0 -41
36 1 30
36 2 81
36 3 -11
36 4 -70
36 5 -21
36 6 -18
36 7 65
36 9 88
36 10 -76
36 11 72
36 13 47
36 14 5
36 15 93
36 16 39
36 17 89
36 18 54
36 19 -51
36 20 83
36 21 -94
36 22 17
36 23 -92
36 25 -48
36 26 -92
36 27 -18
36 28 -60
36 29 61
36 30 -33
36 32 -29
36 33 -37
36 34 -60
36 35 -3
36 36 -21
36 37 -95
36 38 12
36 39 60
36 40 -31
36 41 -95
36 42 -20
36 43 100
36 44 -82
36 45 -84
36 46 -68
36 47 70
36 48 -69
36 49 -79
36 50 9
36 51 -60
36 52 -62
36 53 -79
36 54 88
36 55 -50
36 56 -30
36 58 60
36 60 5
36 61 -73
36 62 -22
36 63 23
36 64 -46
36 65 -57
36 66 -77
36 67 40
36 68 93
36 69 75
36 70 -58
36 71 75
36 72 16
36 73 -74
36 74 44
36 75 27
36 76 -41
36 77 -70
36 78 -16
36 79 -27
36 80 -46
36 81 68
36 82 -14
36 83 18
36 84 27
36 85 21
36 87 59
36 88 47
36 89 78
36 91 71
36 92 -92
36 93 -92
36 94 -75
36 95 86
36 96 -89
36 97 41
36 98 -84
36 99 95
37 0 -65
37 1 32
37 2 17
37 3 35
37 4 -6
37 5 -82
37 6 56
37 7 16
37 9 -56
37 10 80
37 11 28
37 12 -6
37 13 62
37 14 -62
37 15 49
37 16 82
37 17 -16
37 18 -41
37 19 -55
37 20 -77
37 21 -27
37 22 29
37 23 -31
37 24 28
37 25 59
37 27 28
37 28 -67
37 29 85
37 30 -13
37 31 69
37 33 99
37 34 -52
37 35 51
37 36 -80
37 37 45
37 38 -60
37 39 67
37 40 -8
37 41 66
37 42 6
37 43 -2
37 44 -1
37 45 29
37 46 -69
37 47 -66
37 48 55
37 49 -54
37 50 -84
37 51 56
37 52 25
37 53 71
37 54 -67
37 55 22
37 56 -30
37 57 64
37 58 -75
37 59 39
37 60 -71
37 61 -34
37 62 43
37 63 -94
37 64 86
37 65 -70
37 67 -92
37 68 3
37 69 36
37 71 -63
37 73 -26
37 74 81
37 76 -41
37 77 -29
37 78 -67
37 79 -64
37 80 24
37 81 81
37 82 58
37 83 22
37 84 93
37 85 22
37 86 64
37 87 -52
37 90 -1
37 92 6
37 93 37
37 94 39
37 95 -99
37 96 69
37 97 12
37 98 -58
37 99 18
38 0 -54
38 1 2
38 2 11
38 3 -85
38 4 90
38 5 40
38 6 95
38 8 61
38 9 -13
38 10 97
38 11 -6
38 12 34
38 13 49
38 14 -23
38 15 95
38 16 -36
38 17 -24
38 18 -69
38 20 -57
38 21 47
38 23 13
38 24 -54
38 25 -29
38 26 -39
38 28 -61
38 29 80
38 31 -41
38 32 -88
38 33 56
38 34 73
38 35 21
38 36 -86
38 37 44
38 39 -19
38 40 69
38 41 -97
38 42 70
38 43 98
38 44 -62
38 45 84
38 46 49
38 47 -58
38 48 39
38 49 98
38 50 80
38 51 75
38 53 37
38 54 -34
38 55 -31
38 56 -84
38 58 42
38 61 -38
38 62 3
38 63 42
38 65 84
38 66 -65
38 67 6
38 68 -77
38 69 -54
38 70 13
38 71 -58
38 72 55
38 73 100
38 74 -62
38 75 8
38 76 98
38 78 95
38 79 82
38 80 -49
38 81 -81
38 82 -94
38 83 -41
38 85 76
38 86 18
38 87 93
38 88 41
38 89 100
38 90 -42
38 91 86
38 93 -15
38 94 16
38 95 -90
38 96 16
38 97 -78
38 99 -88
39 0 -84
39 1 9
39 2 -63
39 3 59
39 4 -26
39 5 24
39 6 -19
39 7 -78
39 8 35
39 9 70
39 10 -4
39 12 86
39 13 -79
39 14 27
39 15 25
39 16 -89
39 17 23
39 18 -65
39 19 -20
39 20 62
39 21 -7
39 22 -46
39 23 -85
39 24 33
39 25 19
39 26 57
39 27 -12
39 28 -82
39 29 90
39 30 -77
39 31 99
39 33 -62
39 34 18
39 35 55
39 36 48
39 38 43
39 39 6
39 40 -20
39 41 45
39 42 -53
39 43 53
39 44 18
39 45 67
39 46 30
39 47 50
39 48 -4
39 49 96
39 50 -17
39 51 27
39 52 71
39 53 -45
39 54 -88
39 55 5
39 57 40
39 58 -59
39 59 67
39 60 -83
39 61 -90
39 62 -22
39 63 83
39 64 88
39 65 64
39 66 74
39 67 76
39 68 -20
39 69 47
39 70 11
39 71 54
39 72 -10
39 73 49
39 74 78
39 75 -65
39 77 56
39 78 -34
39 79 35
39 80 -73
39 81 -91
39 82 11
39 83 41
39 84 -17
39 85 48
39 86 -23
39 87 99
39 88 61
39 89 -28
39 90 42
39 91 69
39 93 -19
39 94 -78
39 95 5
39 96 -28
39 97 4
39 98 -91
39 99 -62
40 0 -27
40 1 35
40 3 72
40 4 69
40 5 49
40 6 4
40 7 63
40 8 23
40 9 -30
40 10 60
40 11 37
40 12 19
40 13 62
40 14 -4
40 15 -35
40 16 97
40 17 98
40 18 21
40 19 -84
40 20 -5
40 22 79
40 23 4
40 24 -50
40 25 -26
40 26 -20
40 27 -18
40 28 -35
40 29 -24
40 30 30
40 31 -65
40 32 -15
40 33 -27
40 35 -93
40 36 46
40 38 75
40 39 19
40 40 52
40 41 24
40 42 100
40 43 22
40 44 -78
40 45 77
40 46 26
40 47 88
40 48 40
40 49 -64
40 50 96
40 51 98
40 52 41
40 53 38
40 54 -89
40 55 -57
40 56 -18
40 57 11
40 58 4
40 59 -91
40 61 27
40 62 97
40 63 94
40 64 -11
40 65 -29
40 66 -56
40 67 73
40 68 22
40 69 87
40 70 52
40 71 -10
40 72 96
40 73 -96
40 74 -68
40 75 81
40 76 -13
40 77 36
40 78 -87
40 79 -11
40 80 -62
40 81 83
40 82 -27
40 83 66
40 84 39
40 85 79
40 87 68
40 88 42
40 89 -62
40 90 -76
40 91 85
40 92 -50
40 93 5
40 94 93
40 95 39
40 96 64
40 97 -2
40 98 -24
41 0 82
41 1 51
41 2 40
41 3 6
41 4 43
41 5 41
41 6 9
41 7 41
41 8 -40
41 9 -75
41 10 34
41 11 -71
41 12 -3
41 13 -5
41 14 74
41 15 -68
41 16 53
41 17 -92
41 18 13
41 19 -80
41 21 -9
41 22 -65
41 23 -98
41 24 -75
41 25 40
41 26 -2
41 27 -22
41 28 57
41 29 81
41 30 -87
41 31 30
41 32 -82
41 33 56
41 34 72
41 35 -63
41 36 -10
41 37 16
41 38 -100
41 39 23
41 40 -36
41 41 77
41 42 22
41 43 -22
41 45 -46
41 46 88
41 47 1
41 48 85
41 49 95
41 51 2
41 52 -26
41 54 -47
41 55 71
41 56 -47
41 57 16
41 58 72
41 59 -26
41 60 46
41 61 -59
41 62 -38
41 63 -84
41 65 89
41 66 -43
41 67 -15
41 68 -87
41 69 -23
41 70 -83
41 71 -75
41 72 56
41 73 -88
41 74 79
41 75 -27
41 76 77
41 77 33
41 78 17
41 79 40
41 80 -28
41 81 18
41 82 -60
41 83 95
41 84 36
41 85 -23
41 86 -84
41 87 -97
41 88 -63
41 89 44
41 91 -29
41 92 14
41 93 -91
41 94 63
41 95 54
41 96 -27
41 97 -1
41 98 32
41 99 -76
42 1 38
42 2 -15
42 3 2
42 4 67
42 6 -62
42 7 13
42 8 -93
42 9 -46
42 10 10
42 11 65
42 12 -12
42 13 -90
42 14 -7
42 15 100
42 16 13
42 17 42
42 18 3
42 19 -78
42 20 -78
42 21 -23
42 24 -42
42 25 -92
42 26 81
42 27 -76
42 28 89
42 29 36
42 30 -28
42 32 58
42 33 7
42 34 22
42 35 -100
42 36 64
42 37 69
42 38 32
42 39 -64
42 40 33
42 41 77
42 42 -24
42 43 -57
42 44 -75
42 45 -38
42 46 -44
42 48 -26
42 49 73
42 50 96
42 51 -34
42 52 96
42 53 4
42 54 -22
42 55 46
42 56 -12
42 57 50
42 58 -16
42 59 28
42 60 -56
42 61 -87
42 62 85
42 63 66
42 64 1
42 67 94
42 68 34
42 69 -61
42 71 34
42 72 -70
42 73 -79
42 74 -27
42 75 30
42 76 -47
42 77 83
42 78 -14
42 79 -93
42 80 -80
42 81 -21
42 82 10
42 83 -70
42 84 42
42 85 -16
42 86 -26
42 87 27
42 88 56
42 90 65
42 91 -6
42 92 -66
42 93 38
42 94 -21
42 95 -85
42 96 -97
42 97 55
42 98 -38
42 99 -45
43 0 68
43 1 -63
43 2 -30
43 3 46
43 4 -44
43 5 -47
43 6 62
43 7 1
43 8 -42
43 9 -96
43 10 -79
43 12 33
43 13 41
43 14 100
43 15 -77
43 16 -75
43 17 -24
43 18 45
43 19 58
43 21 67
43 22 -59
43 23 -61
43 24 72
43 26 74
43 27 -51
43 28 77
43 29 -35
43 30 -86
43 31 88
43 33 41
43 34 7
43 36 -11
43 37 -12
43 38 -76
43 39 6
43 40 55
43 41 -17
43 42 -65
43 43 -88
43 44 71
43 45 47
43 46 -29
43 47 -65
43 48 47
43 49 54
43 50 48
43 51 22
43 52 62
43 53 18
43 54 -52
43 56 -96
43 57 -89
43 59 -95
43 60 5
43 61 -44
43 63 -99
43 65 -23
43 66 8
43 67 49
43 68 54
43 69 84
43 70 4
43 71 -42
43 73 -55
43 74 -92
43 75 42
43 76 53
43 77 -14
43 78 55
43 79 -31
43 80 -17
43 81 45
43 82 54
43 83 -11
43 84 -66
43 86 85
43 87 24
43 88 -72
43 89 24
43 90 -13
43 92 -54
43 93 -64
43 94 69
43 95 -6
43 96 -85
43 97 -44
43 98 15
43 99 -33
44 0 70
44 1 -48
44 2 -25
44 3 96
44 4 2
44 5 -57
44 6 -63
44 7 -33
44 8 -41
44 9 72
44 10 79
44 11 -36
44 12 66
44 13 29
44 14 41
44 15 20
44 16 62
44 17 22
44 19 -38
44 20 21
44 21 -41
44 22 44
44 23 19
44 24 88
44 25 -3
44 26 -67
44 27 -40
44 28 20
44 29 69
44 30 -61
44 31 -97
44 32 64
44 33 68
44 35 21
44 36 -95
44 37 17
44 39 83
44 40 66
44 41 -77
44 42 -49
44 43 55
44 44 26
44 45 55
44 46 -34
44 47 -86
44 48 59
44 49 -96
44 50 53
44 52 59
44 53 3
44 54 46
44 55 84
44 56 -25
44 57 54
44 60 -65
44 61 88
44 62 -57
44 63 -65
44 64 -55
44 65 -9
44 66 -23
44 67 78
44 68 28
44 72 -98
44 73 24
44 74 32
44 75 -79
44 76 30
44 77 86
44 80 35
44 82 63
44 83 34
44 85 -98
44 86 -29
44 87 -12
44 88 86
44 89 58
44 90 -94
44 91 87
44 92 -22
44 93 -69
44 94 -94
44 95 9
44 96 -9
44 97 30
44 98 -15
44 99 27
45 1 -21
45 2 1
45 3 -5
45 4 75
45 5 -61
45 6 38
45 7 25
45 8 -60
45 9 93
45 10 87
45 11 -73
45 12 -64
45 13 70
45 14 35
45 15 3
45 16 24
45 17 -56
45 18 -89
45 19 -27
45 20 19
45 21 -3
45 22 25
45 23 -44
45 24 -28
45 25 48
45 28 -16
45 29 49
45 30 39
45 32 32
45 33 -18
45 34 -11
45 35 -32
45 36 -13
45 37 99
45 38 -77
45 39 -93
45 40 85
45 41 -96
45 42 90
45 43 36
45 44 -86
45 45 24
45 46 -69
45 47 76
45 48 -67
45 49 -67
45 51 46
45 52 55
45 53 -2
45 54 -68
45 55 -11
45 56 51
45 57 26
45 58 -68
45 59 99
45 60 27
45 61 -35
45 62 -51
45 63 -40
45 64 -94
45 65 6
45 66 -12
45 67 -74
45 68 -4
45 69 -48
45 70 -70
45 71 -83
45 72 59
45 73 -37
45 74 -78
45 75 64
45 76 2
45 78 18
45 79 -82
45 80 -13
45 81 68
45 82 -68
45 83 97
45 84 72
45 85 -55
45 86 37
45 87 -87
45 88 -53
45 89 -6
45 90 57
45 91 11
45 92 84
45 93 -27
45 94 -72
45 95 -38
45 96 4
45 97 64
45 98 -8
45 99 -75
46 0 66
46 1 -62
46 2 83
46 3 8
46 4 -14
46 5 -31
46 6 -87
46 7 -66
46 8 -57
46 9 -15
46 10 -15
46 11 -79
46 12 92
46 13 -6
46 14 -31
46 15 68
46 16 -18
46 17 -88
46 19 16
46 20 14
46 21 90
46 22 92
46 23 -78
46 24 -93
46 25 19
46 26 40
46 27 11
46 28 -64
46 29 -51
46 30 49
46 31 -82
46 32 16
46 33 -86
46 35 -65
46 36 -9
46 37 57
46 38 -44
46 40 -15
46 41 -27
46 43 -100
46 44 -35
46 45 -38
46 46 -43
46 47 76
46 48 -35
46 49 75
46 50 -76
46 52 -12
46 53 43
46 54 -6
46 55 100
46 56 87
46 57 62
46 58 17
46 59 -77
46 61 27
46 62 -35
46 63 -45
46 65 -53
46 66 28
46 67 -91
46 68 73
46 69 8
46 70 -69
46 72 25
46 73 -22
46 74 38
46 76 32
46 77 82
46 79 -26
46 80 41
46 81 13
46 82 80
46 83 35
46 85 21
46 86 8
46 87 59
46 89 -10
46 90 -22
46 91 -98
46 92 -62
46 93 -41
46 94 59
46 95 -13
46 96 24
46 97 -2
46 99 92
47 0 -88
47 1 5
47 2 14
47 3 73
47 4 48
47 5 -5
47 6 31
47 7 91
47 8 -100
47 9 -28
47 10 6
47 11 -91
47 12 45
47 13 85
47 14 -34
47 15 5
47 16 60
47 18 72
47 19 74
47 20 60
47 21 -49
47 22 97
47 23 42
47 24 52
47 25 -44
47 26 -13
47 27 -72
47 28 -81
47 29 -91
47 30 -41
47 31 -88
47 32 -33
47 33 -22
47 34 57
47 35 -19
47 36 -31
47 37 55
47 38 53
47 39 -63
47 40 23
47 41 46
47 42 -78
47 43 -23
47 44 1
47 45 -77
47 46 -21
47 48 80
47 49 23
47 50 27
47 51 -21
47 52 54
47 53 -68
47 54 16
47 55 28
47 56 -19
47 57 -1
47 59 -43
47 60 -17
47 61 84
47 62 -41
47 63 -68
47 64 91
47 65 55
47 66 -86
47 67 -58
47 68 -40
47 69 -14
47 70 -80
47 71 -64
47 72 -10
47 73 15
47 74 64
47 75 -53
47 76 -36
47 77 -39
47 78 -31
47 79 -35
47 80 -58
47 81 -71
47 82 -36
47 84 80
47 85 -55
47 86 -34
47 87 -9
47 88 8
47 89 83
47 90 -7
47 91 1
47 92 -69
47 93 -11
47 94 -81
47 95 -26
47 96 4
47 97 64
47 98 67
47 99 -63
48 0 4
48 1 -80
48 2 84
48 3 -81
48 4 -50
48 6 27
48 7 -82
48 8 73
48 9 -27
48 10 -72
48 11 29
48 12 -1
48 13 98
48 14 54
48 15 -14
48 16 92
48 17 9
48 18 -31
48 19 73
48 20 82
48 21 58
48 22 -29
48 23 43
48 24 -75
48 25 70
48 26 64
48 27 61
48 28 -85
48 29 82
48 30 -73
48 31 -8
48 32 79
48 33 51
48 34 54
48 35 62
48 36 -91
48 37 -58
48 38 98
48 39 57
48 41 34
48 43 50
48 44 -81
48 45 -90
48 46 33
48 48 47
48 49 49
48 50 56
48 51 -67
48 52 35
48 54 30
48 55 21
48 56 29
48 58 37
48 59 -12
48 60 2
48 61 -60
48 62 -69
48 64 -18
48 65 72
48 66 31
48 67 42
48 68 -56
48 71 42
48 72 13
48 73 -3
48 74 3
48 75 41
48 77 58
48 78 79
48 79 -90
48 80 82
48 81 51
48 82 7
48 83 -23
48 85 -11
48 86 95
48 87 -76
48 89 -89
48 90 -81
48 91 93
48 92 77
48 93 -9
48 94 19
48 95 34
48 96 28
48 97 -36
48 98 -54
48 99 49
49 0 -43
49 1 37
49 2 4
49 3 -12
49 4 81
49 5 -7
49 6 -6
49 7 -17
49 8 90
49 9 -76
49 10 27
49 11 30
49 12 -5
49 13 31
49 14 54
49 15 23
49 16 -25
49 17 5
49 18 -5
49 20 55
49 21 -41
49 22 100
49 23 65
49 24 54
49 25 68
49 26 -4
49 27 97
49 28 -42
49 29 20
49 30 -20
49 31 6
49 32 -35
49 33 2
49 34 12
49 35 -77
49 36 -83
49 37 -96
49 39 76
49 40 -39
49 41 51
49 42 70
49 43 -70
49 44 -98
49 45 -83
49 47 17
49 48 57
49 49 55
49 52 77
49 53 -26
49 54 48
49 55 32
49 56 -74
49 57 18
49 58 23
49 59 85
49 60 -57
49 61 92
49 62 27
49 63 28
49 64 -68
49 65 -35
49 67 -52
49 68 49
49 69 -58
49 70 -56
49 71 15
49 72 -85
49 73 69
49 74 -82
49 75 -29
49 76 -68
49 77 -16
49 78 7
49 79 96
49 80 11
49 81 -92
49 82 73
49 83 52
49 84 76
49 85 71
49 86 39
49 87 43
49 88 49
49 89 92
49 90 -1
49 91 -27
49 92 79
49 93 -26
49 94 -73
49 95 95
49 96 26
49 97 -81
49 98 -42
49 99 -35
50 0 -56
50 1 27
50 2 -84
50 4 -10
50 5 56
50 6 -69
50 7 82
50 8 -4
50 9 82
50 10 -86
50 11 -76
50 12 -54
50 13 -59
50 14 -68
50 15 -13
50 16 -21
50 17 -40
50 18 6
50 20 -28
50 22 89
50 23 62
50 24 23
50 25 12
50 26 88
50 27 -82
50 28 2
50 29 6
50 30 87
50 31 75
50 32 -21
50 33 -47
50 34 41
50 36 74
50 37 5
50 38 -79
50 39 47
50 40 -91
50 41 -94
50 42 -32
50 43 -65
50 44 -3
50 45 35
50 46 17
50 47 62
50 48 -33
50 49 -51
50 50 95
50 51 88
50 52 -64
50 53 -15
50 54 -65
50 55 -6
50 56 -70
50 58 -77
50 59 97
50 60 81
50 61 56
50 64 -61
50 65 83
50 66 -36
50 68 7
50 69 12
50 70 59
50 71 53
50 72 -92
50 73 77
50 74 -83
50 75 3
50 76 15
50 77 74
50 78 14
50 79 28
50 80 31
50 81 7
50 82 87
50 83 -77
50 84 72
50 85 -67
50 86 53
50 87 -1
50 88 1
50 89 -82
50 90 -7
50 91 86
50 92 -4
50 93 70
50 94 -48
50 95 -64
50 96 -82
50 97 -60
50 98 3
50 99 100
51 0 -9
51 1 73
51 2 95
51 3 77
51 4 75
51 7 -13
51 8 54
51 9 5
51 10 -8
51 11 4
51 13 18
51 14 97
51 15 -58
51 16 68
51 17 -62
51 18 -10
51 19 68
51 21 -7
51 22 -75
51 23 53
51 24 -23
51 25 88
51 26 64
51 27 -63
51 28 97
51 29 2
51 30 83
51 31 -3
51 32 93
51 33 -4
51 34 -40
51 35 -80
51 36 72
51 37 28
51 38 -49
51 39 82
51 40 84
51 41 -3
51 42 41
51 43 23
51 44 74
51 45 86
51 46 -25
51 47 25
51 48 -46
51 49 -2
51 50 -88
51 52 -29
51 53 21
51 54 2
51 55 -6
51 56 85
51 57 95
51 58 -68
51 59 -79
51 60 47
51 61 -32
51 62 -14
51 63 -10
51 65 26
51 66 -90
51 67 63
51 68 77
51 69 22
51 70 52
51 71 -90
51 72 4
51 73 -91
51 74 64
51 75 -53
51 76 -93
51 77 -86
51 78 57
51 79 -70
51 81 73
51 82 39
51 83 33
51 84 -32
51 85 81
51 86 -22
51 87 -89
51 88 73
51 90 14
51 92 -7
51 93 42
51 94 -90
51 95 84
51 96 21
51 97 -13
51 98 -4
51 99 5
52 0 -53
52 1 -13
52 2 -1
52 3 -82
52 4 -36
52 5 85
52 6 76
52 7 44
52 8 -50
52 9 -56
52 10 -75
52 12 -44
52 14 -66
52 15 -32
52 16 82
52 18 -36
52 19 -11
52 20 70
52 21 31
52 22 98
52 23 42
52 24 75
52 25 61
52 26 55
52 27 -59
52 28 90
52 29 69
52 30 98
52 31 6
52 32 18
52 33 -67
52 35 -28
52 36 -93
52 37 25
52 38 -5
52 39 76
52 40 98
52 41 78
52 42 -43
52 43 4
52 44 -37
52 45 73
52 46 49
52 47 3
52 48 90
52 50 62
52 52 71
52 53 -53
52 54 -99
52 55 -43
52 56 92
52 57 -3
52 59 -42
52 60 -97
52 61 -44
52 62 -68
52 63 13
52 64 69
52 65 -55
52 66 -64
52 67 20
52 68 46
52 69 14
52 72 26
52 73 -13
52 74 79
52 75 -100
52 76 -12
52 77 60
52 78 80
52 80 -49
52 81 6
52 82 -9
52 83 26
52 84 12
52 85 -30
52 86 -41
52 88 -65
52 89 -49
52 90 -72
52 91 -14
52 92 41
52 93 -16
52 94 99
52 95 -65
52 96 58
52 97 -55
52 98 92
52 99 32
53 0 -98
53 1 -10
53 2 4
53 3 41
53 4 -88
53 5 36
53 6 21
53 7 95
53 8 40
53 9 42
53 10 -95
53 11 -3
53 12 -54
53 13 83
53 14 83
53 15 -91
53 16 57
53 17 -91
53 18 36
53 19 -46
53 20 100
53 21 -67
53 22 -35
53 23 -58
53 24 76
53 25 61
53 26 -94
53 27 57
53 28 -46
53 29 66
53 30 49
53 31 67
53 32 57
53 33 -7
53 34 66
53 35 98
53 36 -89
53 37 71
53 38 -34
53 39 15
53 40 -79
53 41 7
53 42 51
53 43 -75
53 44 -14
53 45 12
53 46 31
53 48 15
53 49 100
53 50 -34
53 51 10
53 52 -30
53 53 3
53 54 -78
53 55 49
53 56 16
53 57 -22
53 58 -20
53 59 90
53 61 3
53 62 50
53 63 90
53 64 62
53 65 -28
53 66 23
53 67 -37
53 68 -23
53 69 68
53 70 6
53 71 17
53 72 88
53 73 -91
53 74 -25
53 75 -45
53 77 -58
53 78 89
53 79 -35
53 80 46
53 81 69
53 82 -47
53 83 61
53 85 -20
53 86 94
53 87 75
53 88 29
53 90 -42
53 91 -73
53 93 47
53 95 82
53 96 -77
53 97 -16
53 98 26
53 99 -59
54 0 36
54 1 83
54 2 -3
54 3 -14
54 4 -87
54 5 -16
54 6 -22
54 8 -8
54 9 77
54 10 -71
54 12 -42
54 13 -64
54 14 -70
54 15 55
54 17 93
54 18 -49
54 19 15
54 20 -86
54 21 38
54 23 -21
54 24 20
54 25 77
54 26 -52
54 27 -67
54 28 -55
54 29 -70
54 30 -64
54 31 35
54 32 -87
54 34 -38
54 37 82
54 38 -8
54 39 -7
54 41 -46
54 42 -50
54 43 -46
54 44 75
54 46 40
54 47 97
54 48 -52
54 49 93
54 50 32
54 51 -97
54 52 -74
54 53 8
54 54 -81
54 55 -9
54 56 83
54 57 31
54 58 90
54 59 -7
54 61 58
54 62 -47
54 63 29
54 64 57
54 65 -36
54 66 29
54 67 59
54 68 -8
54 69 -52
54 70 -23
54 71 9
54 72 76
54 73 -78
54 74 -74
54 75 16
54 76 -62
54 77 -94
54 78 -22
54 79 2
54 80 -44
54 81 57
54 82 -89
54 84 72
54 85 -5
54 86 -65
54 87 41
54 88 47
54 89 -34
54 90 -59
54 91 37
54 92 -63
54 93 39
54 96 12
54 97 -19
54 98 54
54 99 73
55 0 -70
55 1 88
55 2 21
55 3 -90
55 4 6
55 5 69
55 8 -33
55 9 -92
55 10 -7
55 11 71
55 12 36
55 14 -19
55 15 95
55 16 25
55 17 -18
55 19 98
55 20 6
55 21 86
55 22 65
55 23 14
55 24 -67
55 25 55
55 26 41
55 27 70
55 28 -83
55 30 34
55 31 46
55 32 88
55 33 50
55 34 32
55 35 68
55 36 -28
55 37 71
55 39 92
55 40 -97
55 41 -53
55 42 32
55 43 33
55 44 -49
55 45 -29
55 46 -50
55 47 88
55 48 46
55 49 97
55 50 -39
55 51 8
55 52 96
55 53 38
55 54 -56
55 55 -94
55 56 54
55 57 30
55 59 35
55 60 -93
55 61 -20
55 62 9
55 63 -87
55 64 30
55 65 -41
55 66 73
55 67 15
55 69 -35
55 70 91
55 71 -11
55 72 -15
55 73 70
55 74 -41
55 75 5
55 76 -94
55 77 -66
55 79 -56
55 80 44
55 82 -54
55 83 73
55 84 4
55 85 15
55 86 29
55 87 -26
55 89 -11
55 90 81
55 91 -55
55 93 -64
55 94 95
55 95 -7
55 97 88
55 98 -16
55 99 14
56 0 95
56 1 11
56 3 -9
56 4 23
56 5 -92
56 6 -89
56 7 9
56 8 55
56 9 62
56 10 -6
56 11 -50
56 12 11
56 13 -96
56 14 64
56 15 39
56 16 -9
56 17 35
56 18 36
56 19 -15
56 20 36
56 21 -4
56 22 15
56 23 67
56 24 26
56 25 80
56 26 20
56 27 19
56 28 41
56 29 9
56 30 59
56 31 -93
56 33 16
56 34 40
56 35 74
56 36 56
56 37 68
56 39 33
56 40 63
56 41 -84
56 42 31
56 43 44
56 44 72
56 45 94
56 46 -30
56 47 -47
56 48 -85
56 49 97
56 50 44
56 51 -88
56 52 25
56 53 -30
56 54 -76
56 55 -82
56 56 -94
56 57 91
56 58 28
56 59 -39
56 60 53
56 61 55
56 62 85
56 63 -58
56 64 -64
56 65 -36
56 66 41
56 67 98
56 68 77
56 69 41
56 70 -63
56 72 -83
56 73 -47
56 74 25
56 75 40
56 76 -80
56 77 -12
56 78 -37
56 79 -38
56 80 25
56 81 -54
56 82 24
56 84 -30
56 85 70
56 87 32
56 88 -57
56 89 39
56 90 -69
56 91 1
56 92 30
56 93 -100
56 94 86
56 95 99
56 96 13
56 97 21
56 98 -79
56 99 79
57 0 -63
57 1 4
57 2 -48
57 3 10
57 4 12
57 5 -3
57 6 -40
57 8 -8
57 9 36
57 10 -89
57 11 -80
57 12 -49
57 14 16
57 15 71
57 16 32
57 17 -49
57 18 28
57 19 -90
57 20 34
57 21 -47
57 22 -30
57 23 -24
57 24 97
57 25 -94
57 26 5
57 27 -21
57 28 -59
57 29 -97
57 30 -26
57 31 -46
57 32 -61
57 33 -51
57 34 67
57 35 -17
57 36 51
57 37 72
57 38 60
57 39 8
57 40 71
57 41 -22
57 42 6
57 43 -1
57 44 -2
57 45 -21
57 46 -58
57 47 48
57 48 45
57 49 96
57 51 -15
57 52 46
57 53 15
57 54 12
57 55 18
57 56 -51
57 57 -80
57 58 26
57 59 5
57 60 27
57 61 -61
57 62 -41
57 63 -16
57 66 86
57 67 -74
57 68 58
57 69 -48
57 70 47
57 72 -82
57 73 -62
57 74 4
57 75 20
57 76 -78
57 77 53
57 80 -14
57 81 36
57 82 -83
57 83 -2
57 84 -24
57 85 39
57 86 64
57 87 36
57 88 29
57 89 -77
57 90 -75
57 91 64
57 92 -94
57 93 -35
57 94 3
57 95 41
57 96 -36
57 97 -13
57 98 78
57 99 -68
58 0 22
58 1 -32
58 2 -92
58 3 -72
58 4 -73
58 5 53
58 6 -70
58 7 5
58 8 -50
58 9 -30
58 10 15
58 11 -53
58 12 58
58 13 -59
58 14 10
58 15 52
58 16 -75
58 17 -34
58 18 21
58 19 -58
58 20 -3
58 21 25
58 22 -56
58 23 86
58 24 -48
58 25 89
58 26 14
58 27 5
58 28 -41
58 29 27
58 30 19
58 31 1
58 32 -78
58 33 86
58 34 5
58 36 73
58 37 -15
58 38 39
58 39 36
58 40 -99
58 41 17
58 43 -33
58 44 -56
58 45 -20
58 46 -26
58 47 70
58 48 57
58 49 88
58 50 21
58 51 -100
58 52 -3
58 53 13
58 54 -57
58 55 -27
58 56 46
58 57 -61
58 58 2
58 59 3
58 61 31
58 62 16
58 63 -43
58 65 94
58 67 -6
58 68 94
58 69 90
58 70 60
58 73 84
58 74 7
58 75 -9
58 76 56
58 78 -98
58 80 -39
58 81 -99
58 82 -93
58 83 -92
58 84 -32
58 85 -80
58 86 -73
58 87 -84
58 88 37
58 89 30
58 90 -94
58 92 80
58 93 26
58 94 -72
58 95 -25
58 96 -100
58 97 85
58 98 70
58 99 61
59 0 20
59 1 -44
59 2 -78
59 3 34
59 4 15
59 5 -45
59 6 87
59 7 -26
59 8 -70
59 9 62
59 10 -70
59 11 85
59 12 -71
59 13 96
59 14 9
59 15 -11
59 16 100
59 17 -52
59 18 56
59 19 -73
59 20 53
59 21 24
59 22 17
59 23 59
59 24 -58
59 25 -20
59 26 7
59 27 -68
59 28 -17
59 30 39
59 31 -54
59 32 -91
59 34 35
59 35 36
59 36 -43
59 37 -70
59 38 65
59 39 -6
59 41 -99
59 42 -75
59 43 -16
59 44 -15
59 45 80
59 46 39
59 47 85
59 48 50
59 49 83
59 50 -38
59 51 75
59 53 29
59 54 -54
59 55 47
59 56 -39
59 57 -94
59 58 -60
59 59 26
59 60 -44
59 61 -26
59 62 57
59 63 -62
59 64 -29
59 65 -89
59 67 48
59 68 -76
59 69 -18
59 70 43
59 71 -16
59 72 12
59 73 76
59 74 59
59 75 -60
59 76 27
59 77 17
59 78 22
59 80 53
59 82 98
59 83 -6
59 84 88
59 85 89
59 87 -79
59 88 -74
59 89 1
59 90 -31
59 92 -45
59 93 49
59 94 -7
59 95 25
59 96 90
59 97 -75
59 98 -65
59 99 26
60 0 18
60 1 38
60 2 -67
60 3 88
60 4 9
60 5 -55
60 6 40
60 7 -88
60 8 -5
60 9 -47
60 10 75
60 11 87
60 12 96
60 13 -96
60 14 75
60 15 51
60 16 69
60 17 20
60 18 92
60 21 52
60 22 29
60 23 -26
60 24 -38
60 25 17
60 26 -95
60 27 11
60 28 -64
60 29 26
60 30 -79
60 31 17
60 32 -67
60 33 -73
60 34 -49
60 35 51
60 36 99
60 37 74
60 38 82
60 39 -21
60 40 40
60 41 37
60 42 -6
60 43 80
60 44 13
60 45 -60
60 47 64
60 48 24
60 49 35
60 50 27
60 51 91
60 52 78
60 53 -3
60 54 -64
60 55 25
60 56 -15
60 57 70
60 58 14
60 59 60
60 60 -53
60 62 -37
60 63 76
60 64 -79
60 65 -84
60 66 23
60 68 -18
60 69 -12
60 71 -31
60 72 -39
60 73 -39
60 74 1
60 75 -20
60 76 42
60 77 26
60 78 14
60 79 40
60 80 -92
60 81 -51
60 82 14
60 83 -57
60 85 65
60 86 -7
60 87 40
60 88 -62
60 89 -96
60 90 -36
60 91 -84
60 92 -37
60 93 -83
60 94 12
60 95 68
60 96 -62
60 97 -32
60 98 -79
60 99 60
61 0 -95
61 1 -58
61 2 -37
61 3 84
61 4 -7
61 5 -95
61 6 88
61 7 44
61 8 8
61 9 -20
61 10 -32
61 11 18
61 13 68
61 14 74
61 15 -86
61 16 -81
61 17 48
61 18 74
61 19 82
61 20 21
61 21 86
61 22 -59
61 23 46
61 24 35
61 25 75
61 26 92
61 27 4
61 28 -60
61 29 14
61 30 51
61 31 -88
61 32 80
61 33 78
61 34 -79
61 35 34
61 36 -15
61 37 -91
61 38 31
61 40 99
61 41 3
61 42 67
61 43 16
61 44 67
61 45 -16
61 46 -74
61 47 77
61 48 56
61 50 41
61 51 -23
61 52 62
61 53 -13
61 54 -48
61 55 51
61 56 18
61 57 53
61 58 96
61 59 -97
61 60 -27
61 61 -96
61 62 44
61 63 75
61 64 -26
61 65 -24
61 66 84
61 67 -71
61 68 84
61 69 -46
61 70 39
61 71 -35
61 72 98
61 73 69
61 74 -97
61 75 23
61 76 48
61 78 61
61 79 70
61 80 20
61 81 21
61 82 16
61 83 60
61 84 -53
61 85 -10
61 86 -67
61 87 62
61 88 8
61 89 -69
61 91 -10
61 93 17
61 94 -53
61 95 -54
61 96 -22
61 97 48
61 98 97
61 99 -33
62 0 94
62 2 -30
62 3 -66
62 4 94
62 5 -85
62 6 -17
62 7 3
62 8 44
62 9 -18
62 10 -33
62 12 49
62 13 -67
62 14 -12
62 15 -15
62 16 70
62 17 82
62 18 22
62 19 14
62 20 -21
62 21 -77
62 22 17
62 23 66
62 24 2
62 25 45
62 26 25
62 27 -38
62 28 -91
62 29 83
62 30 70
62 31 34
62 32 -78
62 33 -85
62 34 64
62 35 84
62 36 -44
62 39 -66
62 40 25
62 41 79
62 42 35
62 43 -45
62 44 -40
62 46 95
62 47 -26
62 48 -44
62 49 -97
62 50 9
62 51 25
62 52 -76
62 53 -6
62 54 -84
62 55 -87
62 56 68
62 57 -16
62 58 6
62 59 71
62 60 -41
62 61 79
62 62 -5
62 63 13
62 64 -67
62 65 93
62 66 -7
62 68 26
62 69 80
62 70 -8
62 71 31
62 72 20
62 73 4
62 74 76
62 75 62
62 76 94
62 77 -46
62 78 -78
62 79 -33
62 80 -31
62 81 -69
62 82 75
62 83 44
62 84 -81
62 85 42
62 86 -96
62 87 -74
62 88 98
62 89 43
62 90 -23
62 91 85
62 92 -13
62 94 98
62 95 -69
62 96 16
62 98 6
63 0 -43
63 1 -3
63 2 -9
63 3 98
63 4 -6
63 5 -58
63 6 94
63 7 -76
63 8 27
63 9 -17
63 10 -8
63 11 28
63 12 84
63 13 23
63 14 -92
63 15 37
63 16 -69
63 17 23
63 18 40
63 19 -56
63 20 -97
63 21 39
63 22 -70
63 23 49
63 24 -28
63 25 68
63 26 76
63 27 -41
63 28 97
63 29 -23
63 30 -63
63 31 8
63 32 -73
63 33 49
63 34 19
63 35 -48
63 36 100
63 37 -69
63 38 -88
63 39 39
63 40 -46
63 41 -34
63 42 50
63 43 12
63 45 48
63 46 50
63 47 13
63 48 -53
63 50 87
63 51 9
63 52 99
63 53 42
63 54 97
63 55 95
63 56 37
63 57 29
63 58 -66
63 59 34
63 60 53
63 62 22
63 63 66
63 64 -22
63 65 2
63 67 -89
63 68 5
63 69 17
63 70 28
63 71 -10
63 72 -43
63 73 -37
63 74 -36
63 76 65
63 77 -12
63 78 -47
63 79 28
63 80 -72
63 81 68
63 82 65
63 83 -5
63 84 64
63 85 -77
63 86 76
63 87 91
63 88 -31
63 89 -94
63 90 27
63 91 49
63 92 5
63 94 93
63 95 -85
63 96 4
63 97 -95
63 98 -65
63 99 -10
64 0 -15
64 1 52
64 2 -85
64 3 53
64 4 -84
64 5 -64
64 6 -14
64 7 -7
64 8 32
64 10 -24
64 12 28
64 13 -55
64 14 16
64 15 86
64 16 -30
64 17 -29
64 18 97
64 19 83
64 20 -99
64 21 15
64 22 18
64 23 34
64 24 -18
64 25 68
64 26 -63
64 27 67
64 28 61
64 29 17
64 30 -7
64 31 -16
64 32 -33
64 33 -23
64 34 68
64 35 24
64 36 91
64 37 -88
64 38 -94
64 39 -64
64 40 99
64 41 21
64 42 -84
64 43 19
64 44 -92
64 45 61
64 46 91
64 47 -100
64 49 -16
64 50 81
64 51 -59
64 52 -81
64 53 -37
64 54 -66
64 55 15
64 56 50
64 57 -85
64 58 94
64 59 3
64 60 -89
64 61 17
64 62 27
64 63 13
64 64 -56
64 65 -57
64 66 61
64 67 -52
64 68 -50
64 69 -6
64 70 10
64 71 -67
64 72 -22
64 73 -85
64 74 -40
64 76 -66
64 77 69
64 79 4
64 80 73
64 81 89
64 83 43
64 84 7
64 85 -35
64 86 51
64 87 -83
64 88 -76
64 89 57
64 90 -87
64 91 76
64 92 31
64 93 53
64 94 -18
64 95 -100
64 96 -11
64 97 -19
64 98 22
64 99 -18
65 0 16
65 1 -55
65 2 41
65 3 78
65 4 -31
65 5 41
65 6 -14
65 7 -95
65 8 92
65 9 29
65 10 79
65 11 98
65 12 25
65 13 -28
65 14 -5
65 15 -24
65 16 94
65 17 -46
65 18 62
65 19 -11
65 20 7
65 21 -66
65 22 -59
65 23 32
65 24 85
65 25 -98
65 26 48
65 27 -18
65 28 -3
65 29 -73
65 30 64
65 31 -19
65 32 -59
65 33 -48
65 34 -46
65 35 -39
65 36 37
65 37 -52
65 38 -46
65 39 -57
65 40 -27
65 41 -79
65 42 -71
65 43 91
65 44 35
65 45 -94
65 46 -1
65 47 98
65 48 -59
65 49 6
65 50 38
65 51 -54
65 52 -41
65 53 41
65 54 -2
65 55 95
65 56 59
65 58 100
65 59 69
65 60 -74
65 61 -46
65 62 -13
65 63 64
65 64 -9
65 65 -38
65 66 72
65 67 -38
65 68 -36
65 69 42
65 70 31
65 71 -93
65 72 9
65 73 88
65 74 96
65 75 -24
65 76 44
65 77 -33
65 78 15
65 79 69
65 80 4
65 81 54
65 82 67
65 83 -67
65 85 -79
65 86 32
65 87 54
65 88 40
65 89 -5
65 90 61
65 91 -25
65 92 3
65 93 40
65 94 -30
65 95 -7
65 96 74
65 97 -26
65 98 46
66 0 90
66 1 -6
66 2 -84
66 3 -61
66 4 11
66 5 -15
66 6 -77
66 7 -25
66 8 -70
66 9 -13
66 10 44
66 11 51
66 12 -57
66 13 -53
66 14 95
66 15 6
66 17 -58
66 18 79
66 19 97
66 20 -52
66 21 -83
66 22 -46
66 23 -45
66 24 47
66 25 -8
66 26 46
66 27 92
66 28 -90
66 29 64
66 30 -10
66 31 33
66 32 -96
66 33 -43
66 34 -77
66 35 -72
66 36 3
66 37 30
66 38 -24
66 39 -60
66 40 57
66 41 11
66 42 16
66 43 67
66 44 -20
66 45 -69
66 46 -32
66 47 80
66 48 -61
66 49 2
66 50 -66
66 51 3
66 52 65
66 53 -26
66 54 91
66 55 -32
66 56 -73
66 57 -98
66 58 69
66 59 -25
66 60 14
66 61 92
66 62 47
66 64 22
66 65 85
66 66 29
66 67 26
66 68 -31
66 69 60
66 70 -84
66 71 38
66 72 -41
66 73 40
66 74 -61
66 75 -32
66 76 -2
66 78 41
66 79 40
66 80 -3
66 81 -53
66 82 9
66 83 -5
66 85 -2
66 86 63
66 87 -56
66 89 -38
66 90 92
66 91 -6
66 92 -45
66 93 81
66 94 -57
66 95 37
66 96 80
66 97 -61
66 98 -6
66 99 -27
67 1 -100
67 2 -47
67 3 -74
67 4 -21
67 5 -19
67 6 86
67 7 -71
67 8 89
67 9 40
67 10 -56
67 11 -84
67 12 28
67 13 42
67 15 17
67 16 -10
67 17 77
67 18 -15
67 19 -33
67 20 -89
67 21 79
67 22 22
67 23 15
67 24 49
67 25 -6
67 26 50
67 27 86
67 28 -42
67 29 25
67 30 5
67 31 -84
67 32 9
67 33 -36
67 34 12
67 35 38
67 36 10
67 38 -49
67 39 -77
67 40 -58
67 41 -7
67 42 68
67 43 5
67 44 73
67 46 86
67 47 63
67 48 -31
67 49 -63
67 50 74
67 51 -86
67 53 61
67 55 -49
67 56 -39
67 57 88
67 58 -72
67 59 -12
67 60 30
67 61 -49
67 62 71
67 63 33
67 64 12
67 65 67
67 66 -22
67 67 8
67 69 96
67 70 -2
67 71 2
67 72 79
67 73 2
67 74 59
67 75 87
67 76 38
67 77 -13
67 78 -39
67 80 -22
67 81 86
67 82 -10
67 83 9
67 84 -83
67 85 -6
67 86 -18
67 87 -18
67 88 27
67 89 91
67 90 83
67 91 50
67 92 31
67 93 5
67 94 -3
67 95 -94
67 96 100
67 97 13
67 98 -51
67 99 -18
68 0 4
68 1 82
68 2 25
68 3 1
68 4 58
68 6 -20
68 7 -29
68 8 61
68 9 -7
68 10 -27
68 11 70
68 12 23
68 13 -77
68 14 -1
68 15 -37
68 16 89
68 17 -47
68 18 -52
68 19 -5
68 20 89
68 21 -55
68 22 78
68 24 -79
68 25 33
68 26 -35
68 27 -53
68 28 -27
68 29 33
68 30 -74
68 31 55
68 32 -3
68 33 77
68 34 57
68 35 92
68 36 -53
68 37 -78
68 38 68
68 39 15
68 40 3
68 41 84
68 42 35
68 44 71
68 46 -34
68 47 -33
68 48 56
68 49 51
68 50 59
68 51 33
68 52 -55
68 53 2
68 54 69
68 56 -25
68 57 97
68 58 61
68 59 98
68 61 35
68 62 97
68 63 90
68 64 -56
68 65 49
68 66 4
68 67 -38
68 68 -75
68 69 -84
68 70 53
68 71 -3
68 72 43
68 73 -100
68 74 41
68 75 -84
68 76 -68
68 77 46
68 78 -82
68 80 -74
68 81 -18
68 82 28
68 83 17
68 84 -30
68 85 -55
68 86 -77
68 87 -13
68 89 -26
68 90 43
68 91 29
68 92 -6
68 93 35
68 94 -60
68 95 -4
68 96 22
68 97 3
68 98 95
68 99 -18
69 1 -54
69 2 14
69 3 34
69 4 57
69 5 76
69 6 17
69 7 -84
69 9 -1
69 11 27
69 12 22
69 13 40
69 14 86
69 15 -80
69 16 -54
69 17 -85
69 18 -80
69 19 -50
69 20 100
69 21 78
69 22 -51
69 23 90
69 24 -21
69 25 -10
69 26 -99
69 27 -32
69 28 -37
69 29 -27
69 30 66
69 31 27
69 32 -63
69 33 -74
69 34 -36
69 35 52
69 36 29
69 37 -53
69 38 -81
69 39 90
69 40 -31
69 41 -86
69 42 -78
69 43 81
69 44 -12
69 45 -60
69 46 -97
69 47 94
69 48 -72
69 49 9
69 50 -28
69 51 13
69 52 -8
69 53 99
69 54 21
69 55 -44
69 56 31
69 57 -90
69 58 -29
69 59 -97
69 60 -12
69 62 70
69 63 54
69 64 78
69 65 1
69 66 -45
69 67 -66
69 68 -26
69 69 -31
69 70 -2
69 71 94
69 72 -89
69 73 4
69 74 10
69 75 29
69 76 -32
69 78 -49
69 79 65
69 80 99
69 81 -69
69 83 13
69 84 -53
69 85 -59
69 86 41
69 87 52
69 88 -87
69 89 -35
69 90 -65
69 91 23
69 92 -23
69 93 -23
69 94 65
69 95 42
69 96 -16
69 97 -46
69 98 94
69 99 -96
70 0 89
70 1 59
70 2 -32
70 3 20
70 4 91
70 5 92
70 6 40
70 7 6
70 8 9
70 9 -12
70 10 74
70 11 -92
70 12 3
70 13 -39
70 14 25
70 15 59
70 16 -24
70 17 41
70 18 16
70 19 -22
70 20 -54
70 21 -33
70 22 -11
70 23 10
70 25 15
70 26 -57
70 27 -42
70 28 51
70 29 -33
70 30 -33
70 31 99
70 32 -48
70 33 75
70 34 -14
70 35 -70
70 36 -96
70 37 22
70 38 -82
70 39 -76
70 40 70
70 41 -58
70 42 -68
70 43 47
70 44 47
70 45 24
70 46 71
70 47 -47
70 48 -31
70 49 -44
70 50 15
70 51 2
70 52 81
70 53 53
70 54 33
70 55 -67
70 56 -73
70 57 -66
70 58 57
70 59 13
70 60 73
70 61 -28
70 63 69
70 64 -3
70 65 89
70 66 20
70 67 100
70 68 72
70 69 22
70 70 -41
70 72 -21
70 73 88
70 74 26
70 75 69
70 76 -37
70 77 46
70 78 52
70 79 18
70 80 -3
70 81 81
70 82 -18
70 83 -10
70 84 -100
70 85 -100
70 86 38
70 87 -30
70 88 43
70 89 -51
70 90 79
70 91 -80
70 92 -18
70 93 -2
70 94 5
70 95 -9
70 96 -59
70 97 -74
70 99 -59
71 0 -68
71 1 14
71 2 -32
71 3 -10
71 4 35
71 5 76
71 6 89
71 7 -19
71 8 36
71 9 -38
71 10 -75
71 11 70
71 12 79
71 13 39
71 14 29
71 15 -99
71 16 8
71 17 -71
71 18 19
71 19 12
71 20 86
71 21 -35
71 23 68
71 24 -67
71 25 -65
71 26 -43
71 27 7
71 28 28
71 29 78
71 30 -96
71 31 -19
71 32 25
71 33 75
71 34 49
71 35 84
71 36 -94
71 37 37
71 39 68
71 40 -45
71 41 -53
71 42 -92
71 43 60
71 44 -63
71 45 8
71 46 -7
71 47 -21
71 48 34
71 49 -32
71 50 26
71 51 -89
71 52 -40
71 53 33
71 54 27
71 55 85
71 56 -32
71 57 -58
71 58 -90
71 59 68
71 60 94
71 61 96
71 62 -92
71 63 -49
71 64 43
71 65 76
71 66 26
71 67 -19
71 68 32
71 69 -97
71 70 80
71 72 -69
71 73 -19
71 75 -100
71 76 -59
71 77 -45
71 78 10
71 79 55
71 80 -59
71 81 -38
71 82 43
71 83 -19
71 84 96
71 85 -96
71 86 -62
71 88 1
71 89 -48
71 90 44
71 91 -59
71 92 54
71 93 70
71 94 -45
71 95 -80
71 96 -71
71 97 -74
71 98 -48
71 99 -56
72 0 -92
72 1 8
72 2 -40
72 3 94
72 5 -96
72 6 -1
72 7 -67
72 9 13
72 10 66
72 11 -80
72 12 8
72 13 -48
72 14 34
72 15 76
72 16 90
72 17 59
72 18 -32
72 19 6
72 20 45
72 21 59
72 22 -84
72 23 29
72 24 -50
72 25 -71
72 26 1
72 27 -32
72 28 93
72 30 39
72 31 -27
72 32 4
72 33 -99
72 34 78
72 35 15
72 36 -49
72 37 -3
72 38 -47
72 39 25
72 40 22
72 41 7
72 42 -11
72 43 36
72 44 -35
72 45 -63
72 46 45
72 47 -85
72 49 96
72 50 -60
72 51 90
72 52 -36
72 53 -12
72 54 -82
72 55 -23
72 56 -100
72 57 -42
72 58 62
72 60 -38
72 61 5
72 62 50
72 63 37
72 64 19
72 65 39
72 66 92
72 67 -11
72 68 21
72 69 90
72 70 -46
72 71 -96
72 72 -44
72 73 -44
72 74 11
72 75 32
72 77 87
72 78 1
72 79 93
72 81 55
72 82 1
72 83 -1
72 84 -44
72 85 -78
72 86 6
72 87 -45
72 88 24
72 89 16
72 90 32
72 91 22
72 92 6
72 93 10
72 94 -51
72 96 -10
72 97 -7
72 98 58
72 99 -62
73 0 41
73 1 45
73 2 -59
73 4 -67
73 5 44
73 6 17
73 7 -96
73 8 12
73 9 51
73 10 26
73 11 81
73 12 -92
73 13 79
73 14 -52
73 15 37
73 16 -70
73 18 -67
73 19 -88
73 20 29
73 21 -44
73 22 -33
73 23 -25
73 24 71
73 25 61
73 26 -67
73 27 86
73 28 62
73 29 57
73 30 12
73 31 -85
73 32 15
73 33 -6
73 34 -70
73 35 63
73 36 -94
73 37 -75
73 38 18
73 39 -57
73 40 98
73 41 -84
73 43 80
73 44 78
73 45 -72
73 46 -89
73 47 -74
73 49 56
73 50 34
73 51 -42
73 52 -98
73 53 -6
73 54 -44
73 55 -88
73 56 -29
73 57 -73
73 59 -64
73 60 1
73 61 -65
73 62 73
73 63 -87
73 64 -91
73 65 5
73 66 26
73 67 42
73 68 98
73 69 -73
73 70 97
73 71 79
73 72 17
73 73 -12
73 74 -79
73 75 -26
73 76 53
73 77 -46
73 78 -57
73 79 -78
73 80 79
73 81 68
73 82 -35
73 83 65
73 84 -22
73 85 -8
73 87 -22
73 88 27
73 89 21
73 90 -42
73 91 45
73 92 -65
73 93 41
73 94 30
73 95 -78
73 96 36
73 97 91
73 98 -30
73 99 87
74 0 72
74 1 -1
74 2 -56
74 3 -31
74 4 54
74 5 -5
74 6 -73
74 7 -42
74 9 -92
74 10 18
74 11 55
74 12 -9
74 13 92
74 14 2
74 15 85
74 16 -50
74 17 63
74 18 31
74 19 -93
74 20 100
74 22 42
74 23 -90
74 24 -72
74 25 -98
74 26 14
74 27 53
74 29 -43
74 30 -43
74 31 -66
74 32 -28
74 33 -49
74 34 69
74 35 -75
74 37 76
74 38 -6
74 39 85
74 40 -3
74 41 5
74 42 -50
74 43 62
74 44 69
74 45 13
74 49 -3
74 50 -23
74 51 -24
74 52 10
74 53 97
74 54 28
74 55 -93
74 56 36
74 57 42
74 58 28
74 59 23
74 60 -41
74 61 3
74 62 -47
74 63 95
74 64 87
74 65 -28
74 66 -53
74 67 -46
74 68 27
74 69 -9
74 70 98
74 71 -88
74 72 -96
74 74 80
74 75 22
74 76 -71
74 78 -56
74 80 59
74 81 71
74 82 98
74 83 -34
74 84 46
74 85 -80
74 86 -56
74 87 -12
74 88 15
74 89 90
74 91 21
74 92 -81
74 93 -41
74 95 -90
74 96 -93
74 97 18
74 98 -24
74 99 -21
75 0 19
75 1 -63
75 2 -17
75 3 -10
75 4 17
75 6 7
75 7 78
75 8 88
75 9 -10
75 10 28
75 11 -96
75 12 -40
75 13 -51
75 14 98
75 17 -56
75 18 -98
75 19 -47
75 20 100
75 21 55
75 23 60
75 24 -27
75 25 -78
75 26 -50
75 27 -40
75 28 -15
75 29 19
75 30 76
75 31 -56
75 32 -5
75 33 -70
75 34 -71
75 35 38
75 38 69
75 39 -53
75 40 84
75 41 -12
75 42 -15
75 43 -25
75 44 -29
75 45 45
75 46 5
75 47 42
75 48 99
75 49 -8
75 50 -42
75 51 76
75 53 -74
75 54 -24
75 55 3
75 56 -71
75 57 -39
75 58 -52
75 59 74
75 60 33
75 61 -52
75 62 -79
75 63 24
75 65 -69
75 66 -10
75 67 90
75 68 -1
75 69 73
75 70 -72
75 71 22
75 72 58
75 73 -69
75 74 13
75 75 99
75 76 93
75 77 25
75 78 -93
75 79 17
75 80 -26
75 81 57
75 82 -38
75 83 -39
75 84 19
75 85 -6
75 86 -68
75 87 -80
75 88 -50
75 89 4
75 90 42
75 91 78
75 92 -5
75 93 84
75 94 -43
75 95 -32
75 96 -87
75 97 82
75 98 -55
75 99 -14
76 0 -96
76 1 68
76 2 3
76 4 60
76 5 26
76 6 53
76 7 16
76 8 84
76 9 -76
76 10 -73
76 13 94
76 15 81
76 16 -95
76 17 -15
76 18 -45
76 19 -30
76 20 81
76 21 -87
76 22 43
76 23 -83
76 24 58
76 25 37
76 26 63
76 27 69
76 28 -100
76 29 -84
76 30 -88
76 31 -44
76 32 -62
76 33 33
76 34 10
76 36 -56
76 37 22
76 38 -98
76 39 -58
76 40 47
76 41 -91
76 42 -73
76 43 -12
76 44 56
76 45 -84
76 46 -66
76 47 -50
76 48 18
76 49 94
76 50 73
76 51 -21
76 52 -16
76 53 -67
76 54 74
76 55 87
76 56 -64
76 57 -44
76 58 -76
76 59 -82
76 60 24
76 61 2
76 62 -89
76 63 100
76 64 40
76 65 -7
76 66 -40
76 67 -22
76 68 -14
76 69 -9
76 70 29
76 71 97
76 73 46
76 74 30
76 75 -27
76 76 -86
76 77 -33
76 78 -15
76 79 -1
76 81 -48
76 82 -73
76 83 -27
76 84 69
76 85 4
76 86 -75
76 87 -97
76 88 -98
76 89 -82
76 90 27
76 91 -42
76 92 1
76 93 -34
76 95 -15
76 96 -49
76 97 -2
76 98 60
76 99 8
77 0 -51
77 1 -51
77 2 -90
77 3 -32
77 4 11
77 6 27
77 7 99
77 8 80
77 10 34
77 11 3
77 13 -29
77 14 82
77 15 77
77 16 39
77 17 -53
77 18 80
77 19 -72
77 20 -55
77 21 -66
77 22 5
77 23 -34
77 24 -41
77 25 -4
77 26 -99
77 27 4
77 28 47
77 29 -4
77 30 -40
77 31 -34
77 32 -29
77 33 95
77 34 69
77 35 34
77 36 -33
77 37 -21
77 38 -67
77 39 -19
77 40 73
77 41 33
77 42 6
77 43 -65
77 44 -68
77 45 3
77 46 58
77 47 -29
77 48 79
77 49 18
77 50 -49
77 51 -53
77 52 14
77 53 -63
77 54 -25
77 55 5
77 56 -76
77 57 87
77 58 33
77 59 93
77 60 100
77 61 17
77 62 14
77 63 -9
77 64 -6
77 65 42
77 66 32
77 67 90
77 68 58
77 69 -58
77 70 45
77 71 -11
77 72 -82
77 73 -88
77 74 16
77 75 90
77 76 69
77 78 17
77 79 13
77 80 90
77 81 -15
77 82 -48
77 83 -6
77 84 -77
77 85 65
77 87 81
77 88 45
77 89 -6
77 90 -7
77 91 -39
77 92 68
77 93 -39
77 94 -46
77 95 37
77 96 67
77 97 -43
77 98 -25
77 99 8
78 0 -78
78 1 -16
78 2 76
78 3 -2
78 4 -96
78 5 86
78 6 -39
78 7 -9
78 8 22
78 9 -75
78 10 31
78 11 -9
78 12 9
78 14 -88
78 15 -60
78 16 -80
78 18 -95
78 19 30
78 20 93
78 21 36
78 22 96
78 24 -76
78 25 -50
78 26 -27
78 27 -97
78 28 20
78 29 13
78 30 100
78 31 47
78 32 45
78 34 3
78 35 15
78 36 -29
78 37 74
78 38 -16
78 39 -71
78 40 -59
78 43 -86
78 44 6
78 46 -73
78 47 -73
78 48 56
78 49 -91
78 50 74
78 51 54
78 52 35
78 53 66
78 54 73
78 55 -37
78 56 -92
78 57 98
78 58 75
78 59 66
78 60 -82
78 61 42
78 62 -83
78 63 -46
78 64 11
78 65 26
78 66 -85
78 67 100
78 68 75
78 69 -77
78 70 -95
78 71 -86
78 72 -47
78 73 -100
78 74 -19
78 76 98
78 77 -56
78 78 4
78 79 -94
78 80 30
78 81 41
78 82 50
78 83 74
78 84 -42
78 85 25
78 86 -44
78 87 34
78 88 80
78 89 -17
78 90 31
78 91 86
78 92 -30
78 93 82
78 94 94
78 95 93
78 96 23
78 97 -47
78 98 -75
78 99 -51
79 0 21
79 1 -7
79 2 -87
79 3 83
79 4 -27
79 5 66
79 7 67
79 8 73
79 9 -16
79 10 -13
79 11 61
79 12 -77
79 13 20
79 14 67
79 15 -43
79 16 -66
79 17 -94
79 18 -94
79 19 40
79 20 100
79 21 91
79 22 10
79 24 -87
79 25 60
79 26 -30
79 27 24
79 28 93
79 29 -62
79 30 -39
79 31 -64
79 32 25
79 33 -16
79 34 80
79 35 58
79 36 67
79 37 -63
79 38 36
79 39 -62
79 40 79
79 41 -72
79 42 -23
79 43 13
79 44 50
79 45 -49
79 46 -37
79 47 41
79 48 -9
79 49 89
79 51 -79
79 52 53
79 53 -71
79 54 18
79 56 97
79 57 47
79 58 -28
79 59 -73
79 60 79
79 61 -38
79 62 -79
79 63 -41
79 64 -83
79 65 -74
79 66 82
79 67 -50
79 68 6
79 69 -84
79 70 74
79 71 -52
79 72 -76
79 73 32
79 74 10
79 75 -41
79 76 78
79 77 -68
79 78 3
79 79 -73
79 80 -100
79 81 -27
79 82 15
79 83 59
79 84 -30
79 85 -52
79 86 -72
79 87 -2
79 88 -8
79 90 -94
79 91 85
79 92 58
79 93 -96
79 94 61
79 95 75
79 97 34
79 98 46
79 99 -41
80 0 -19
80 1 65
80 3 76
80 4 -17
80 5 7
80 6 12
80 7 -44
80 8 -22
80 9 14
80 10 86
80 11 -59
80 12 94
80 13 -54
80 14 66
80 16 46
80 17 -52
80 18 -87
80 19 33
80 20 3
80 21 -90
80 22 86
80 24 94
80 25 -64
80 26 5
80 27 -21
80 28 12
80 29 80
80 30 -37
80 31 -28
80 32 42
80 33 25
80 34 84
80 35 38
80 36 -99
80 37 68
80 38 -68
80 39 41
80 40 72
80 41 73
80 42 -16
80 43 25
80 44 42
80 45 -54
80 46 58
80 47 67
80 48 -18
80 49 -88
80 50 38
80 52 -57
80 53 93
80 54 59
80 55 -31
80 56 12
80 57 52
80 58 56
80 59 32
80 60 22
80 61 -32
80 62 92
80 64 -73
80 65 24
80 66 17
80 67 36
80 68 96
80 70 -35
80 71 34
80 72 88
80 73 -8
80 74 -62
80 75 9
80 76 -79
80 77 -90
80 78 4
80 79 84
80 80 -88
80 81 56
80 82 46
80 83 1
80 84 -38
80 85 -12
80 86 84
80 87 -26
80 88 50
80 89 96
80 90 51
80 91 28
80 92 45
80 93 72
80 94 74
80 95 32
80 96 42
80 97 -70
80 98 -61
80 99 -55
81 0 53
81 1 -35
81 2 40
81 3 85
81 4 -29
81 5 -45
81 6 -8
81 7 24
81 8 -37
81 9 53
81 10 -47
81 11 -50
81 12 30
81 13 40
81 14 11
81 15 91
81 16 23
81 17 62
81 18 9
81 19 50
81 20 -24
81 21 64
81 22 -2
81 23 62
81 24 -92
81 25 66
81 26 89
81 27 82
81 28 43
81 29 -40
81 30 -85
81 31 -11
81 32 87
81 33 35
81 34 -60
81 35 77
81 37 53
81 38 81
81 39 -3
81 40 -60
81 41 -20
81 42 84
81 43 11
81 44 71
81 45 46
81 46 6
81 47 -26
81 48 88
81 49 -83
81 50 12
81 51 -13
81 52 -16
81 53 -47
81 54 -31
81 55 4
81 56 -17
81 57 -19
81 58 -52
81 59 40
81 60 -35
81 61 60
81 62 -100
81 63 -61
81 64 -5
81 65 82
81 66 -46
81 67 -78
81 68 -75
81 69 -25
81 70 82
81 72 78
81 73 -19
81 74 -90
81 75 10
81 76 98
81 77 3
81 78 45
81 79 -95
81 80 -38
81 81 88
81 82 -21
81 83 60
81 84 -53
81 85 -19
81 86 -73
81 87 -32
81 88 -30
81 89 -85
81 90 -71
81 91 67
81 93 -9
81 94 -9
81 96 23
81 97 35
81 98 43
81 99 17
82 0 -42
82 1 -100
82 2 53
82 4 18
82 5 50
82 6 11
82 7 41
82 8 -38
82 9 92
82 10 -77
82 11 -9
82 12 -7
82 13 -42
82 14 93
82 15 -49
82 16 26
82 18 72
82 19 76
82 20 -77
82 22 -82
82 23 -75
82 25 -100
82 26 64
82 27 4
82 28 81
82 29 87
82 30 -9
82 31 67
82 32 -58
82 33 78
82 34 59
82 35 -56
82 36 -54
82 37 -12
82 38 -70
82 39 67
82 40 25
82 41 18
82 42 -50
82 43 92
82 44 54
82 45 9
82 46 -36
82 47 12
82 48 -29
82 49 -54
82 50 -57
82 51 -75
82 52 -60
82 53 4
82 54 67
82 55 44
82 56 -43
82 57 75
82 59 -70
82 60 -11
82 63 10
82 64 92
82 65 -80
82 66 -56
82 67 -8
82 68 -34
82 69 -83
82 70 -25
82 71 -43
82 72 -89
82 73 84
82 74 -9
82 76 20
82 77 -32
82 78 -40
82 79 82
82 80 -56
82 81 99
82 82 45
82 83 -72
82 85 98
82 86 53
82 87 79
82 88 -76
82 89 -93
82 90 17
82 92 31
82 94 98
82 95 -8
82 96 -35
82 97 89
82 98 57
82 99 41
83 0 -42
83 1 -27
83 2 100
83 3 -66
83 4 -61
83 5 -51
83 6 -90
83 7 31
83 8 76
83 10 47
83 11 -31
83 12 -69
83 14 -75
83 15 -23
83 16 -21
83 17 -91
83 18 60
83 19 4
83 20 -24
83 21 62
83 22 -10
83 23 -45
83 25 -16
83 26 -21
83 27 -28
83 28 10
83 29 78
83 30 25
83 31 68
83 32 -35
83 33 -11
83 34 93
83 35 25
83 36 -6
83 37 -7
83 38 -57
83 39 18
83 40 19
83 41 54
83 42 57
83 43 -25
83 44 -6
83 45 63
83 46 -33
83 47 84
83 48 84
83 49 -75
83 50 -61
83 52 -95
83 53 51
83 54 2
83 55 -32
83 56 96
83 57 -25
83 58 40
83 61 59
83 62 70
83 63 -66
83 64 20
83 65 -72
83 67 11
83 68 -46
83 69 78
83 71 -2
83 72 46
83 75 14
83 76 82
83 77 -53
83 78 -82
83 79 -56
83 80 -15
83 81 -96
83 82 28
83 83 -46
83 84 5
83 85 59
83 86 34
83 87 -64
83 88 47
83 89 -41
83 90 -60
83 91 -38
83 92 -82
83 93 86
83 96 48
83 97 77
83 98 -34
83 99 -6
84 0 60
84 1 53
84 3 -60
84 4 17
84 5 -81
84 8 -45
84 9 -93
84 10 75
84 11 -85
84 12 37
84 14 -32
84 15 -80
84 16 -95
84 17 79
84 18 -56
84 19 -40
84 20 95
84 21 -60
84 22 76
84 23 85
84 24 -82
84 25 93
84 26 -62
84 27 77
84 28 26
84 29 -48
84 31 -41
84 32 16
84 33 -87
84 34 97
84 35 88
84 37 -40
84 39 80
84 40 81
84 41 58
84 42 16
84 43 -3
84 44 52
84 45 -35
84 46 -49
84 48 16
84 49 -84
84 50 65
84 51 61
84 52 -21
84 53 22
84 55 -77
84 56 -66
84 58 -53
84 59 -60
84 60 -69
84 61 15
84 62 -57
84 64 -20
84 65 70
84 66 -59
84 67 -33
84 68 -67
84 69 -56
84 70 -28
84 72 83
84 73 54
84 75 -62
84 76 38
84 77 -97
84 78 -26
84 79 -67
84 80 -41
84 81 51
84 82 -73
84 83 -93
84 84 -10
84 85 1
84 86 67
84 87 -58
84 88 -92
84 89 22
84 90 -92
84 91 44
84 92 -52
84 94 -74
84 95 34
84 96 -86
84 97 -59
84 98 69
84 99 -5
85 0 2
85 1 -99
85 2 -91
85 3 -12
85 4 60
85 6 -86
85 7 -6
85 8 -95
85 10 -89
85 12 -52
85 13 36
85 14 -52
85 15 -55
85 16 59
85 17 -90
85 20 -33
85 21 11
85 22 39
85 23 -49
85 24 6
85 25 -70
85 26 97
85 27 93
85 28 -5
85 29 86
85 32 45
85 33 76
85 34 -54
85 35 78
85 36 23
85 37 -40
85 39 -66
85 40 27
85 41 68
85 42 -5
85 43 17
85 44 -70
85 45 35
85 46 -69
85 47 42
85 48 78
85 49 -86
85 50 -99
85 51 80
85 52 -33
85 53 97
85 54 -87
85 55 33
85 56 -36
85 57 70
85 58 17
85 59 -97
85 60 6
85 61 -99
85 62 -72
85 63 -29
85 64 13
85 65 -95
85 66 -10
85 67 54
85 68 43
85 69 -72
85 70 66
85 71 10
85 72 -30
85 73 15
85 74 -62
85 75 60
85 76 -85
85 77 -37
85 78 52
85 79 73
85 80 -86
85 81 -61
85 82 98
85 83 -23
85 84 75
85 85 75
85 86 7
85 88 -92
85 89 27
85 90 40
85 91 45
85 92 -71
85 93 77
85 94 -44
85 95 -99
85 96 -82
85 98 62
85 99 99
86 0 -56
86 1 94
86 2 -12
86 3 -94
86 4 -89
86 5 -44
86 6 -86
86 7 24
86 8 -19
86 9 100
86 11 73
86 12 88
86 13 68
86 14 18
86 15 -87
86 16 -99
86 18 20
86 19 96
86 20 95
86 21 -29
86 22 46
86 23 -42
86 24 -62
86 25 7
86 26 -20
86 28 44
86 29 -72
86 31 70
86 32 78
86 33 33
86 34 -49
86 35 -69
86 36 -89
86 37 -53
86 38 10
86 39 42
86 40 7
86 41 17
86 42 12
86 43 51
86 44 -14
86 45 54
86 46 -42
86 47 62
86 48 65
86 49 84
86 50 51
86 51 53
86 52 11
86 53 67
86 54 -85
86 55 62
86 56 81
86 57 23
86 59 30
86 60 -46
86 61 -3
86 63 56
86 64 -72
86 66 2
86 68 -19
86 69 4
86 71 53
86 72 -29
86 73 86
86 74 -24
86 75 51
86 76 -9
86 77 39
86 78 56
86 79 26
86 80 22
86 81 -75
86 82 -33
86 83 43
86 84 -63
86 85 -17
86 86 -35
86 87 23
86 88 -53
86 89 -39
86 91 -73
86 92 68
86 93 -56
86 95 -46
86 96 56
86 97 -14
86 98 -9
86 99 97
87 0 74
87 1 -3
87 2 4
87 3 65
87 4 27
87 5 -59
87 6 53
87 7 -54
87 8 -31
87 9 66
87 10 -63
87 11 -97
87 12 24
87 13 44
87 14 -5
87 15 -46
87 16 28
87 17 -23
87 18 88
87 20 -6
87 21 21
87 22 66
87 23 85
87 24 -34
87 25 -3
87 26 -44
87 27 92
87 28 16
87 29 20
87 30 10
87 32 -26
87 34 -96
87 35 -81
87 36 27
87 37 25
87 38 43
87 39 -20
87 40 -41
87 41 20
87 42 7
87 43 91
87 44 61
87 45 11
87 46 -5
87 47 -2
87 48 64
87 49 -56
87 50 76
87 51 -9
87 52 75
87 53 2
87 55 -68
87 56 -87
87 57 64
87 58 38
87 59 12
87 60 42
87 61 -46
87 62 -66
87 64 -94
87 65 39
87 67 20
87 69 -61
87 70 -85
87 71 34
87 72 64
87 73 -29
87 75 -87
87 76 -31
87 77 66
87 78 -65
87 79 13
87 80 31
87 81 -89
87 82 98
87 83 -35
87 84 16
87 85 47
87 86 -42
87 87 -42
87 88 -76
87 89 18
87 90 33
87 91 60
87 92 -60
87 93 93
87 95 56
87 96 80
87 97 94
87 98 -77
87 99 -69
88 0 8
88 1 47
88 2 61
88 3 -9
88 4 -32
88 5 -5
88 7 44
88 9 75
88 10 87
88 11 7
88 13 -55
88 14 74
88 15 -21
88 16 -96
88 17 38
88 18 -59
88 19 70
88 21 -50
88 22 5
88 23 86
88 25 83
88 26 -57
88 27 19
88 28 -10
88 30 11
88 31 -26
88 32 -44
88 33 -43
88 34 -3
88 35 85
88 38 -21
88 40 -43
88 41 67
88 42 6
88 43 36
88 44 41
88 45 -38
88 46 -40
88 47 15
88 48 7
88 49 88
88 50 -59
88 51 -46
88 52 14
88 53 -13
88 54 97
88 55 35
88 56 -30
88 57 53
88 58 14
88 59 39
88 60 59
88 61 52
88 62 32
88 63 64
88 65 -60
88 67 -53
88 69 27
88 70 96
88 71 -48
88 72 -69
88 73 86
88 74 -72
88 75 -50
88 76 10
88 77 -99
88 78 22
88 79 -15
88 80 99
88 81 29
88 82 60
88 83 -60
88 84 -85
88 85 -78
88 86 77
88 87 -22
88 89 -26
88 90 41
88 91 -99
88 92 -12
88 93 -33
88 94 54
88 95 -31
88 96 -52
88 98 -58
88 99 -16
89 0 16
89 1 37
89 2 88
89 3 -24
89 4 -64
89 5 -82
89 6 -19
89 7 -81
89 8 -22
89 9 56
89 11 -43
89 12 -3
89 13 -46
89 14 -97
89 15 48
89 17 -35
89 18 36
89 20 100
89 21 2
89 23 87
89 24 -92
89 25 23
89 26 15
89 27 17
89 28 -83
89 29 -35
89 30 77
89 31 -65
89 32 11
89 33 -80
89 34 -26
89 35 72
89 36 59
89 37 75
89 38 -13
89 39 18
89 41 69
89 42 53
89 43 9
89 44 72
89 47 -74
89 48 -59
89 49 -53
89 50 -59
89 51 37
89 52 -30
89 53 80
89 55 -62
89 56 -89
89 58 -79
89 59 -94
89 60 -70
89 61 -3
89 63 -22
89 64 87
89 65 -80
89 66 5
89 67 52
89 69 -86
89 70 42
89 71 -95
89 72 -91
89 73 -10
89 74 -4
89 75 59
89 76 -49
89 77 -87
89 78 -7
89 79 -24
89 80 -40
89 81 -43
89 82 52
89 83 -15
89 84 -14
89 85 68
89 86 70
89 87 -52
89 88 3
89 89 -38
89 90 -34
89 91 36
89 92 48
89 93 20
89 94 -67
89 95 53
89 96 -88
89 97 -100
89 98 26
89 99 -60
90 0 -31
90 1 -97
90 2 29
90 3 38
90 4 5
90 5 86
90 6 -38
90 8 94
90 9 8
90 10 77
90 11 62
90 12 86
90 13 8
90 14 50
90 17 39
90 19 40
90 20 89
90 21 38
90 23 -99
90 25 -74
90 26 -88
90 27 6
90 28 -61
90 29 52
90 30 52
90 31 -99
90 32 37
90 33 56
90 34 50
90 35 -45
90 36 94
90 37 93
90 38 28
90 40 -78
90 41 69
90 42 1
90 43 32
90 44 -76
90 45 75
90 46 -8
90 47 8
90 48 -62
90 49 24
90 50 -36
90 51 74
90 52 26
90 53 -57
90 54 45
90 55 -24
90 56 26
90 57 86
90 58 -45
90 59 35
90 60 -65
90 61 -81
90 62 53
90 63 29
90 64 -7
90 65 60
90 66 -69
90 67 86
90 69 72
90 70 33
90 71 -65
90 72 -82
90 73 57
90 74 -83
90 75 92
90 76 33
90 78 -3
90 80 -85
90 81 78
90 82 -30
90 83 -17
90 84 -80
90 85 20
90 86 40
90 87 -20
90 88 36
90 89 56
90 90 21
90 91 2
90 92 -75
90 93 -65
90 94 100
90 95 86
90 96 -33
90 97 36
90 98 -88
90 99 98
91 0 46
91 1 -10
91 2 21
91 3 -57
91 4 -75
91 5 -48
91 6 -13
91 7 21
91 8 92
91 9 -66
91 10 -73
91 11 -5
91 12 92
91 13 44
91 14 -43
91 15 61
91 16 -59
91 17 -97
91 18 74
91 19 -99
91 20 48
91 21 -62
91 22 6
91 23 67
91 24 -33
91 25 91
91 26 21
91 27 -98
91 28 -99
91 29 -49
91 30 82
91 31 49
91 32 -56
91 33 -70
91 34 -74
91 35 -4
91 38 -68
91 39 -94
91 40 -78
91 41 -53
91 42 -8
91 43 96
91 44 19
91 45 53
91 46 28
91 47 10
91 48 -11
91 49 -39
91 50 -73
91 53 -57
91 54 -4
91 55 -34
91 56 98
91 57 -71
91 58 -91
91 59 18
91 60 -46
91 61 76
91 62 33
91 64 -26
91 65 -79
91 66 -37
91 67 8
91 68 -21
91 69 58
91 70 -28
91 71 85
91 72 -34
91 73 -82
91 74 10
91 75 -84
91 76 -7
91 77 -58
91 79 54
91 80 -2
91 81 20
91 83 -63
91 84 41
91 85 -87
91 87 14
91 88 57
91 89 -74
91 90 23
91 91 52
91 92 47
91 93 76
91 94 51
91 95 91
91 96 16
91 97 11
91 98 -23
91 99 -87
92 0 27
92 1 93
92 2 -75
92 4 4
92 5 57
92 6 -96
92 7 -89
92 9 -31
92 10 -7
92 11 21
92 12 48
92 13 96
92 14 26
92 15 -94
92 16 7
92 17 -63
92 18 18
92 19 52
92 20 -98
92 21 35
92 25 93
92 26 -71
92 27 -11
92 28 -30
92 29 67
92 30 -86
92 31 -45
92 32 -68
92 33 -36
92 34 21
92 35 46
92 36 -26
92 37 39
92 38 -91
92 39 -27
92 40 77
92 41 -5
92 42 79
92 43 -27
92 44 17
92 45 32
92 46 61
92 47 -3
92 48 89
92 49 41
92 50 26
92 51 -67
92 52 47
92 53 71
92 54 -50
92 55 -43
92 57 45
92 58 26
92 59 3
92 60 36
92 62 -5
92 63 -60
92 64 -71
92 65 83
92 66 47
92 67 51
92 68 72
92 69 -37
92 70 -8
92 71 -61
92 72 -21
92 73 77
92 74 -38
92 75 67
92 76 -44
92 77 66
92 78 71
92 80 20
92 81 31
92 82 -81
92 83 65
92 84 -58
92 85 -92
92 86 -79
92 87 50
92 88 -17
92 89 -34
92 90 50
92 91 -29
92 92 5
92 93 68
92 95 77
92 96 -2
92 97 7
92 99 -49
93 1 -26
93 2 54
93 3 13
93 4 10
93 5 -24
93 6 -52
93 7 75
93 8 -96
93 9 73
93 10 93
93 11 54
93 13 92
93 14 100
93 15 1
93 16 2
93 17 -73
93 18 45
93 19 -74
93 20 80
93 21 84
93 22 44
93 23 90
93 24 -10
93 25 -84
93 26 -40
93 27 -13
93 28 90
93 29 77
93 31 -40
93 32 -88
93 33 97
93 34 23
93 35 76
93 36 -46
93 37 74
93 38 -25
93 39 45
93 40 -81
93 41 -84
93 42 2
93 43 62
93 44 57
93 46 12
93 47 69
93 48 90
93 49 48
93 50 88
93 52 67
93 53 51
93 54 -47
93 55 -29
93 56 55
93 57 35
93 58 69
93 59 -73
93 60 -24
93 61 -28
93 62 46
93 63 -19
93 64 -77
93 65 -53
93 66 -32
93 67 -96
93 68 -72
93 69 -51
93 70 76
93 71 -65
93 72 82
93 73 86
93 74 -85
93 75 66
93 76 -91
93 77 69
93 78 88
93 79 -4
93 80 -79
93 81 -10
93 82 -91
93 83 43
93 84 -11
93 85 5
93 86 7
93 87 66
93 88 96
93 90 -12
93 91 -99
93 92 -75
93 93 -46
93 94 -9
93 96 61
93 97 -47
93 98 93
93 99 73
94 0 -52
94 1 -57
94 2 39
94 3 -87
94 5 11
94 6 31
94 7 -51
94 9 24
94 10 43
94 11 -4
94 12 64
94 13 98
94 14 70
94 15 83
94 16 -22
94 17 57
94 18 2
94 19 -29
94 20 -9
94 21 -61
94 22 -24
94 23 44
94 24 -47
94 25 64
94 26 -56
94 27 -86
94 28 88
94 29 92
94 30 -38
94 31 91
94 32 21
94 33 -33
94 34 54
94 35 59
94 36 81
94 37 -41
94 38 45
94 39 -59
94 40 -2
94 41 -32
94 42 29
94 43 -96
94 44 98
94 45 -6
94 46 -61
94 47 99
94 48 -83
94 49 -19
94 50 28
94 51 75
94 52 17
94 53 -79
94 54 88
94 55 -22
94 56 65
94 58 14
94 59 77
94 60 -93
94 61 65
94 63 -45
94 64 24
94 65 87
94 66 -93
94 67 56
94 68 33
94 69 61
94 70 3
94 71 -91
94 72 95
94 73 -91
94 74 -56
94 75 89
94 76 -76
94 77 -86
94 79 -42
94 80 18
94 81 -71
94 83 13
94 84 -62
94 85 11
94 86 49
94 87 92
94 88 -18
94 89 12
94 90 7
94 91 60
94 93 45
94 94 32
94 95 -92
94 96 -65
94 97 68
94 98 28
94 99 -38
95 0 51
95 1 12
95 2 44
95 3 65
95 4 42
95 5 -49
95 6 -44
95 7 -14
95 8 -69
95 9 9
95 10 -27
95 11 -19
95 12 21
95 13 -42
95 14 50
95 15 -63
95 16 37
95 17 -21
95 18 -18
95 19 -6
95 20 41
95 21 -41
95 22 -44
95 23 93
95 24 59
95 26 97
95 27 59
95 28 3
95 29 -44
95 30 -82
95 31 -80
95 32 3
95 33 -5
95 35 -39
95 36 -23
95 37 -85
95 38 61
95 39 -28
95 40 3
95 41 -12
95 42 -11
95 43 62
95 44 -16
95 45 -4
95 46 -56
95 47 42
95 48 29
95 49 20
95 50 -13
95 51 -21
95 52 61
95 53 62
95 54 66
95 55 -36
95 56 -34
95 57 99
95 58 -68
95 59 -62
95 60 -80
95 61 -62
95 62 -98
95 63 -100
95 64 15
95 65 43
95 66 -35
95 67 28
95 68 75
95 69 -67
95 71 88
95 72 2
95 73 10
95 74 48
95 75 58
95 76 -89
95 77 -36
95 78 86
95 79 61
95 80 -92
95 81 -39
95 82 4
95 83 7
95 84 11
95 85 -47
95 87 6
95 88 81
95 89 62
95 91 90
95 92 7
95 93 68
95 94 -37
95 95 97
95 96 60
95 98 -4
95 99 -75
96 0 25
96 1 -54
96 2 29
96 3 33
96 4 48
96 5 41
96 6 26
96 7 38
96 8 -57
96 9 92
96 10 -8
96 11 -92
96 12 19
96 13 40
96 14 26
96 15 -37
96 16 63
96 17 33
96 18 -47
96 19 83
96 20 7
96 21 -90
96 22 11
96 24 -45
96 25 99
96 27 10
96 28 60
96 29 -41
96 30 -86
96 31 70
96 33 -32
96 34 35
96 35 -47
96 36 -63
96 37 81
96 38 83
96 39 3
96 40 20
96 41 65
96 42 -84
96 43 53
96 44 24
96 45 100
96 46 -35
96 48 13
96 49 -100
96 50 52
96 51 -65
96 52 20
96 53 15
96 54 -16
96 55 95
96 56 22
96 57 -90
96 58 -54
96 59 -38
96 60 96
96 61 18
96 62 -4
96 63 28
96 65 91
96 66 -84
96 67 71
96 68 -36
96 69 -15
96 70 75
96 72 95
96 73 100
96 74 -95
96 75 -24
96 76 -97
96 77 20
96 78 34
96 79 -17
96 80 43
96 81 -36
96 82 37
96 83 -16
96 84 50
96 85 -79
96 86 49
96 88 -36
96 89 94
96 90 93
96 91 -84
96 92 -31
96 93 -25
96 95 27
96 96 -29
96 97 -100
96 98 -97
96 99 -68
97 0 -49
97 1 24
97 2 -27
97 3 97
97 4 -62
97 5 -25
97 6 44
97 7 46
97 8 30
97 9 -49
97 10 -39
97 11 58
97 12 29
97 13 13
97 14 -3
97 15 -20
97 16 56
97 17 -70
97 18 -7
97 19 -54
97 20 77
97 21 72
97 22 4
97 23 42
97 24 51
97 25 -35
97 26 -8
97 27 68
97 28 -25
97 29 -74
97 30 -100
97 31 -46
97 32 -22
97 33 -14
97 34 -21
97 35 47
97 36 86
97 37 -46
97 38 12
97 39 -96
97 40 -85
97 41 4
97 42 -76
97 43 1
97 44 53
97 45 82
97 47 89
97 49 69
97 50 13
97 51 -86
97 52 62
97 53 -95
97 54 97
97 55 95
97 56 -81
97 57 -95
97 58 99
97 59 3
97 60 62
97 61 43
97 62 -77
97 63 -33
97 64 49
97 65 7
97 66 -18
97 67 -46
97 68 -69
97 69 32
97 70 94
97 71 67
97 72 58
97 73 -38
97 74 -23
97 75 -11
97 76 -84
97 77 96
97 78 21
97 79 -15
97 80 87
97 81 61
97 82 -85
97 83 82
97 84 -43
97 85 -59
97 86 52
97 87 -54
97 88 -84
97 89 40
97 90 25
97 91 49
97 92 -80
97 93 46
97 94 -87
97 96 20
97 97 27
97 98 75
97 99 -86
98 0 -58
98 1 42
98 2 -21
98 3 45
98 4 35
98 5 60
98 6 -46
98 7 66
98 8 -66
98 9 6
98 10 -84
98 11 -1
98 12 57
98 13 55
98 14 62
98 15 40
98 16 71
98 17 -41
98 18 38
98 19 -92
98 20 -77
98 21 88
98 22 -33
98 23 95
98 24 6
98 25 -16
98 26 -28
98 27 -83
98 28 68
98 29 -65
98 30 90
98 31 -59
98 32 -33
98 33 18
98 34 -88
98 35 -47
98 36 -18
98 37 95
98 38 -98
98 39 3
98 40 -32
98 41 70
98 42 72
98 43 25
98 44 -65
98 45 88
98 46 -33
98 47 19
98 48 62
98 49 -48
98 50 -10
98 51 -61
98 52 -97
98 53 -1
98 54 -7
98 55 29
98 56 11
98 57 -83
98 59 -15
98 60 -56
98 61 -62
98 62 -52
98 63 22
98 64 -65
98 66 66
98 67 -17
98 68 42
98 69 95
98 70 -56
98 71 -63
98 72 -26
98 74 26
98 75 -97
98 76 -36
98 77 50
98 78 92
98 79 11
98 81 -11
98 82 19
98 83 -41
98 84 -61
98 85 -34
98 86 51
98 87 78
98 88 73
98 89 -21
98 90 -37
98 91 7
98 92 -27
98 93 -20
98 94 -82
98 95 24
98 96 -45
98 97 -94
98 98 93
98 99 98
99 0 -69
99 1 3
99 2 46
99 3 -53
99 4 -41
99 5 -39
99 6 -17
99 8 8
99 9 -16
99 10 -51
99 11 85
99 12 -82
99 13 -94
99 14 -17
99 15 -20
99 16 25
99 17 -8
99 18 85
99 19 -3
99 20 -44
99 22 -87
99 23 -82
99 24 76
99 25 -6
99 26 -95
99 27 -60
99 28 -48
99 30 -34
99 31 -40
99 32 22
99 33 65
99 34 -91
99 35 90
99 37 33
99 38 54
99 39 46
99 40 -26
99 41 40
99 42 -94
99 43 84
99 44 7
99 45 74
99 46 -57
99 47 99
99 48 2
99 49 32
99 50 -42
99 51 61
99 54 48
99 57 -20
99 58 -4
99 59 -7
99 60 81
99 61 39
99 64 32
99 65 -26
99 66 13
99 67 36
99 68 100
99 69 -16
99 70 -83
99 71 -5
99 72 -21
99 73 46
99 74 46
99 75 -49
99 76 -91
99 77 -55
99 78 -87
99 79 28
99 80 83
99 81 18
99 82 44
99 83 58
99 84 56
99 85 -25
99 86 99
99 87 -23
99 88 21
99 90 54
99 91 2
99 92 -7
99 93 4
99 94 -50
99 95 82
99 96 -29
99 97 97
99 98 20
99 99 -6