0 38 52
0 62 -86
0 67 -41
0 89 5
0 94 -63
1 12 -54
1 16 11
1 87 -20
2 18 46
2 37 33
2 89 -65
2 97 -78
3 2 -29
3 46 -71
3 75 -41
3 97 58
4 9 72
4 39 3
4 58 22
4 75 -15
5 4 74
5 6 -85
5 7 -83
5 22 60
5 36 -86
5 59 -53
5 79 24
5 94 44
6 76 -93
7 0 87
7 22 64
7 26 -52
7 28 45
7 32 54
7 43 -75
7 79 61
7 81 49
8 0 -98
8 10 -78
8 30 78
8 51 21
8 66 2
8 88 37
9 13 29
9 22 67
9 57 -99
9 63 5
9 80 28
9 92 34
10 3 -72
10 38 84
10 47 -45
10 73 -13
10 98 94
11 10 -70
11 34 -23
11 41 60
12 35 37
12 40 91
12 64 36
12 65 60
12 96 -59
13 5 31
13 33 26
13 66 85
13 71 -70
13 91 40
14 1 -69
14 7 -73
14 29 59
14 42 9
14 44 -12
14 50 65
14 67 90
15 8 1
15 13 91
15 30 -58
15 51 -78
15 52 -11
15 78 39
15 84 -77
16 14 68
16 21 22
16 25 92
16 81 -29
17 37 61
17 47 -80
17 67 -21
17 71 -63
18 7 -99
18 9 -3
18 21 68
18 90 74
18 99 81
19 19 -4
19 33 -36
19 40 -29
19 74 61
19 76 -63
19 96 68
19 98 73
20 54 -51
20 72 52
20 77 -53
20 88 34
21 17 89
21 26 -58
21 67 70
21 70 59
21 96 -34
22 8 1
22 14 65
22 15 -31
22 22 -82
22 39 12
22 45 -76
22 56 92
22 64 67
22 74 68
22 83 30
22 89 -36
23 43 -7
23 46 20
23 71 -68
23 74 3
23 76 37
23 92 -89
24 16 24
24 44 1
24 57 -97
24 87 49
24 91 44
25 10 73
25 14 -74
25 19 -86
25 28 -59
25 33 -23
25 54 55
25 56 60
25 61 -77
25 80 -31
25 86 39
26 74 -18
26 90 13
27 10 51
27 63 -29
27 64 -83
28 0 -14
28 4 -51
28 54 97
28 75 58
28 77 23
28 91 56
29 4 -5
29 18 90
29 30 -44
29 56 -2
29 70 -73
29 80 -27
29 97 -17
30 5 -50
30 44 51
30 75 -49
30 93 87
31 6 -92
31 34 6
31 35 93
31 76 68
31 82 64
31 87 86
32 16 -51
32 50 88
32 69 -38
32 72 -81
32 98 -14
33 48 -93
33 75 73
34 14 11
34 48 -15
34 77 -87
34 82 97
35 16 43
35 75 -11
35 97 -100
35 99 91
36 35 -53
36 52 70
36 94 -70
37 29 97
37 41 -12
37 52 -89
37 97 79
38 15 64
38 19 -13
38 79 33
38 91 18
38 94 9
39 4 80
39 34 -89
39 54 58
39 61 -99
39 67 -99
39 75 -51
40 6 25
40 10 -39
40 78 -72
40 83 95
40 99 15
41 30 54
41 58 10
41 79 -28
41 83 -22
42 5 38
42 16 -15
42 21 44
42 32 -75
42 53 23
42 61 -39
42 78 -77
42 81 7
42 96 63
43 2 75
43 39 -1
43 48 93
43 49 75
43 76 -50
43 80 -94
43 91 82
43 95 1
44 17 89
44 58 71
44 61 -72
44 80 46
45 42 -100
45 45 98
45 66 61
45 99 -21
46 2 -7
46 27 79
46 34 89
46 71 34
47 19 -50
47 26 -57
47 28 55
47 60 -15
47 74 -11
47 80 45
47 98 -72
48 34 -23
48 58 72
48 77 -22
49 27 -37
49 32 -89
49 51 -75
49 55 80
49 61 -46
49 81 15
50 7 58
50 11 75
50 36 75
50 59 -44
50 91 80
51 33 57
51 49 -23
51 59 24
51 76 -1
51 84 86
51 94 -41
52 5 -52
52 14 8
52 26 28
52 35 -94
52 42 -20
52 54 -42
52 55 26
53 3 56
53 20 -17
53 22 47
53 43 -56
53 52 49
53 64 15
53 84 -88
53 87 71
54 1 6
54 6 80
54 13 -62
54 49 -49
54 61 -93
54 81 76
54 83 45
55 28 -16
55 58 -50
55 83 2
56 53 56
56 88 16
57 19 -16
57 56 -28
57 88 64
58 39 -4
58 54 -43
58 56 -51
58 87 -43
58 98 -85
59 8 22
59 27 -59
59 30 94
59 36 12
59 68 -39
59 78 -9
59 98 87
60 2 65
60 8 -32
60 10 4
60 60 54
60 63 -24
60 69 -54
61 14 82
61 80 -37
62 35 -91
62 47 5
62 48 57
62 61 -26
62 68 -73
63 29 42
63 57 40
64 54 -13
64 59 -8
65 3 -13
65 17 -75
65 22 86
65 47 21
65 48 -9
65 61 -93
65 85 60
66 60 -45
66 66 -63
66 70 -14
66 76 -71
67 5 13
67 8 -100
67 26 -35
67 42 69
67 67 -73
67 73 66
67 90 39
67 95 -68
68 59 60
69 2 23
69 10 51
69 22 63
69 30 78
69 44 86
69 59 -69
69 79 62
69 80 -31
69 91 40
70 1 16
70 23 51
70 48 -6
70 91 92
71 6 -72
71 9 -82
71 40 -83
71 80 -64
72 9 81
72 17 42
72 70 12
72 87 -62
73 8 89
73 9 -3
73 61 -96
73 64 -93
73 69 55
73 75 90
74 11 100
74 34 34
74 72 25
74 74 -69
74 93 -75
75 5 -43
75 16 -95
75 67 88
76 5 -9
76 12 -54
76 62 68
76 73 4
76 77 -3
77 82 66
77 87 -50
78 1 33
78 53 -16
78 78 -51
78 93 -48
79 0 -91
79 2 -51
79 39 -65
79 42 100
79 68 -37
79 95 18
80 9 64
80 65 28
81 34 57
81 42 -34
81 47 -33
81 66 -77
81 98 -27
82 11 -55
82 75 -75
82 87 40
82 90 -58
83 14 9
83 67 21
83 68 -92
84 11 -3
84 29 52
84 31 -16
84 43 -73
85 33 25
85 49 -13
85 51 99
85 55 50
85 57 85
85 78 70
85 84 -96
85 99 23
86 19 -13
86 29 -30
86 41 -91
86 42 94
86 87 -58
87 5 -80
87 10 -30
87 11 14
87 14 7
87 20 -8
87 29 95
87 30 -72
87 43 31
88 4 30
88 57 -86
88 66 -44
88 75 5
89 76 -86
89 96 -75
90 21 -38
90 37 94
90 63 77
91 15 -76
91 16 69
91 25 51
91 41 -48
91 60 -9
91 61 -51
91 75 88
91 77 -28
91 98 89
92 35 72
92 46 85
92 57 35
92 60 56
92 84 100
93 19 -38
93 34 -61
94 91 -13
95 52 2
95 66 -65
95 99 -21
96 21 92
96 27 92
96 37 -97
96 46 -81
96 53 39
96 74 56
96 77 -27
96 80 29
96 89 -22
97 2 -57
97 24 -93
97 60 75
97 71 -69
97 75 -100
98 4 51
98 25 47
98 51 -76
98 68 -9
98 94 -73
98 95 -89
99 0 76
99 2 -40
99 5 -81
99 8 8
99 24 -66
99 27 91
99 42 72
99 47 -78
99 54 -96
99 55 5
99 60 -99
99 72 48
99 98 -36