0 0 27
0 1 70
0 3 3
0 4 -100
0 5 94
0 9 -3
0 10 -89
0 11 1
0 12 -8
0 13 -49
0 16 -89
0 18 11
0 19 93
0 21 -28
0 24 -89
0 27 31
0 28 79
0 30 -50
0 33 -89
0 37 -52
0 38 82
0 39 39
0 41 3
0 46 -80
0 53 99
0 56 36
0 61 -11
0 63 -12
0 64 65
0 65 -14
0 66 -93
0 69 97
0 70 -42
0 71 78
0 72 25
0 74 56
0 78 27
0 80 90
0 82 72
0 84 -21
0 85 -4
0 92 57
0 93 3
0 96 -95
0 97 49
0 98 79
1 2 44
1 5 -43
1 8 67
1 14 52
1 17 -3
1 20 -32
1 21 55
1 24 -75
1 27 -6
1 30 -67
1 31 -76
1 32 57
1 37 -57
1 39 -58
1 40 69
1 41 -38
1 42 -18
1 44 64
1 45 21
1 46 -35
1 47 12
1 49 -28
1 50 -51
1 53 -7
1 56 -69
1 58 83
1 59 3
1 60 2
1 64 -20
1 65 16
1 68 28
1 69 -94
1 70 51
1 71 -12
1 72 -27
1 76 -97
1 81 61
1 84 -66
1 92 -33
1 96 82
1 99 40
2 0 93
2 1 26
2 2 -87
2 3 70
2 8 -96
2 10 10
2 11 52
2 17 49
2 18 -57
2 20 74
2 23 -33
2 27 -5
2 28 -51
2 29 -4
2 30 -87
2 31 -90
2 35 7
2 38 -42
2 39 -22
2 41 -47
2 42 -42
2 47 61
2 48 -37
2 49 22
2 51 51
2 54 25
2 56 -76
2 62 3
2 63 -15
2 67 -73
2 68 65
2 69 15
2 70 43
2 76 -79
2 79 14
2 81 19
2 82 -78
2 83 39
2 84 53
2 85 -12
2 86 77
2 87 45
2 89 99
2 91 7
2 96 -95
2 98 91
3 0 -85
3 3 47
3 6 8
3 9 -14
3 12 69
3 13 -27
3 14 35
3 16 2
3 18 77
3 20 71
3 21 -64
3 27 -32
3 32 24
3 34 -64
3 36 60
3 37 -60
3 38 88
3 39 -46
3 40 52
3 41 -91
3 42 9
3 46 -17
3 47 -87
3 54 16
3 55 -45
3 56 50
3 57 24
3 60 -5
3 63 68
3 67 -89
3 68 3
3 71 90
3 72 29
3 73 56
3 76 94
3 78 -90
3 79 94
3 81 -76
3 83 -11
3 84 -51
3 89 81
3 91 21
3 92 -50
4 0 -100
4 3 42
4 9 -36
4 10 56
4 12 86
4 14 -52
4 15 -40
4 16 19
4 20 70
4 21 65
4 23 56
4 24 -56
4 26 42
4 30 -45
4 31 -7
4 33 29
4 34 60
4 36 13
4 37 -87
4 40 -62
4 42 -25
4 45 65
4 46 72
4 47 -18
4 50 -29
4 52 81
4 55 -29
4 56 89
4 57 -74
4 61 -74
4 63 -24
4 65 84
4 66 -84
4 67 -2
4 71 53
4 73 -81
4 74 -30
4 75 -24
4 78 -52
4 79 -46
4 81 16
4 82 -63
4 83 -68
4 84 -94
4 85 -58
4 86 -13
4 88 -90
4 89 97
4 91 87
4 96 6
4 98 -84
5 0 -94
5 2 54
5 3 84
5 4 -40
5 5 -39
5 6 67
5 7 -80
5 19 52
5 21 28
5 22 42
5 23 85
5 27 -29
5 30 -24
5 32 93
5 33 -24
5 35 -73
5 44 -47
5 46 59
5 50 -98
5 58 1
5 59 69
5 60 -65
5 62 61
5 65 91
5 68 87
5 69 -81
5 71 -42
5 72 -20
5 76 42
5 77 79
5 80 -88
5 81 25
5 85 -52
5 87 -69
5 88 -89
5 92 77
5 95 42
5 96 -65
5 97 36
5 98 -23
5 99 -66
6 1 -74
6 2 37
6 3 95
6 6 -58
6 7 -56
6 9 -53
6 10 30
6 11 100
6 13 12
6 15 24
6 16 -39
6 19 21
6 24 37
6 29 14
6 32 61
6 34 -99
6 35 43
6 36 -40
6 37 50
6 38 50
6 44 -9
6 45 -72
6 46 -32
6 49 84
6 50 -88
6 53 -37
6 55 -27
6 56 -59
6 57 -92
6 60 -83
6 62 97
6 64 7
6 67 91
6 68 20
6 69 31
6 70 87
6 71 32
6 73 38
6 74 83
6 77 -85
6 81 -15
6 87 56
6 88 -85
6 89 -64
6 90 33
6 93 81
6 94 42
6 95 -68
6 96 78
6 98 -55
7 0 -67
7 1 28
7 2 -92
7 6 -81
7 7 -79
7 8 -25
7 9 67
7 11 -36
7 12 38
7 16 -41
7 18 -24
7 20 78
7 22 -20
7 25 45
7 26 -97
7 30 67
7 33 -99
7 37 74
7 38 27
7 42 9
7 43 -20
7 44 -90
7 47 24
7 48 -54
7 50 -2
7 51 -90
7 53 -41
7 60 -35
7 62 67
7 63 36
7 66 38
7 69 -62
7 71 67
7 72 -79
7 73 83
7 75 15
7 77 17
7 79 18
7 80 76
7 87 8
7 88 35
7 89 79
7 90 -91
7 92 -95
7 93 -30
7 95 -80
7 96 49
7 97 57
8 2 -32
8 5 -14
8 7 57
8 8 -21
8 12 -68
8 13 -55
8 14 -48
8 15 -49
8 19 96
8 24 51
8 25 -61
8 27 -16
8 30 -86
8 35 -85
8 36 -61
8 39 40
8 40 52
8 43 24
8 44 44
8 45 25
8 46 18
8 47 23
8 53 -48
8 55 48
8 58 92
8 61 96
8 62 69
8 67 33
8 68 72
8 69 98
8 77 -39
8 78 66
8 81 -48
8 82 99
8 83 -2
8 85 28
8 89 -2
8 90 -54
8 91 -94
8 92 12
8 95 43
8 97 -61
8 98 -24
8 99 99
9 0 99
9 3 -23
9 7 3
9 10 -84
9 13 -31
9 15 -65
9 16 14
9 18 72
9 19 -50
9 23 65
9 25 -60
9 26 -37
9 27 89
9 29 60
9 33 89
9 37 53
9 38 66
9 39 5
9 41 -98
9 47 -91
9 51 -39
9 52 83
9 55 -56
9 56 54
9 61 10
9 63 -43
9 64 22
9 65 -16
9 71 -89
9 72 -54
9 74 -98
9 75 -84
9 76 86
9 77 45
9 78 64
9 81 -19
9 83 17
9 86 -13
9 91 -52
9 92 -53
9 95 -87
9 98 -4
10 0 -88
10 5 89
10 6 -76
10 7 -82
10 9 -45
10 10 -60
10 11 -32
10 13 -15
10 15 -57
10 17 -23
10 18 -84
10 22 69
10 24 95
10 30 -61
10 32 -90
10 33 -90
10 34 -85
10 36 -55
10 39 -8
10 46 -84
10 47 -49
10 49 59
10 52 -65
10 53 -10
10 55 61
10 58 34
10 62 -20
10 63 -54
10 66 84
10 67 64
10 68 -20
10 70 81
10 73 59
10 75 -79
10 77 7
10 79 28
10 81 86
10 82 -49
10 84 65
10 85 38
10 86 -78
10 89 9
10 92 -38
10 93 -89
10 94 -81
10 99 77
11 1 -64
11 6 -32
11 8 35
11 9 2
11 11 71
11 13 78
11 14 -49
11 16 -97
11 17 -100
11 19 -50
11 21 -65
11 23 19
11 25 20
11 27 -84
11 29 65
11 30 -53
11 36 33
11 38 85
11 41 68
11 42 96
11 43 -81
11 49 -63
11 51 3
11 52 -66
11 55 48
11 56 -62
11 58 -21
11 62 -22
11 63 31
11 66 8
11 71 94
11 72 97
11 75 89
11 76 -64
11 77 50
11 78 65
11 80 68
11 81 -22
11 82 62
11 83 -61
11 85 38
11 90 22
11 91 74
11 92 -15
11 93 -73
11 94 -32
11 95 -46
11 99 86
12 4 -37
12 8 -98
12 12 39
12 14 85
12 17 -3
12 18 -53
12 21 77
12 22 -64
12 25 22
12 29 -11
12 30 -12
12 31 -53
12 32 -97
12 34 -93
12 36 62
12 37 -99
12 38 -57
12 39 -2
12 40 27
12 43 53
12 44 -3
12 46 5
12 47 -61
12 49 41
12 51 67
12 55 8
12 56 -50
12 59 73
12 61 -44
12 65 15
12 67 95
12 68 53
12 70 73
12 72 11
12 73 41
12 76 34
12 77 -70
12 78 70
12 79 69
12 82 38
12 86 37
12 87 -70
12 88 -76
12 89 5
12 91 17
12 97 54
12 99 -65
13 1 -22
13 2 -83
13 3 60
13 8 -40
13 9 94
13 11 -41
13 12 4
13 14 59
13 15 60
13 17 -68
13 18 15
13 19 34
13 20 -3
13 22 -15
13 29 34
13 32 -67
13 33 -39
13 35 15
13 36 49
13 39 1
13 42 26
13 44 -87
13 45 -19
13 46 36
13 48 -7
13 52 -14
13 54 44
13 55 -16
13 57 -33
13 60 -5
13 61 -49
13 62 -24
13 63 -94
13 64 62
13 65 7
13 67 54
13 69 -9
13 71 -92
13 76 17
13 77 -17
13 78 -16
13 87 74
13 88 93
13 89 -45
13 90 41
13 91 -94
13 93 -98
13 94 -33
13 95 -86
13 96 39
13 98 60
14 1 -39
14 3 -63
14 4 -2
14 5 -37
14 10 54
14 11 -98
14 14 53
14 15 61
14 21 -65
14 26 88
14 27 -20
14 30 -85
14 31 15
14 32 -70
14 34 -38
14 36 -39
14 38 48
14 41 -97
14 42 28
14 43 -54
14 44 70
14 47 -49
14 48 -64
14 49 87
14 50 55
14 52 77
14 56 63
14 57 -55
14 58 -66
14 59 35
14 60 44
14 62 -66
14 63 -26
14 67 -97
14 71 61
14 73 -3
14 75 34
14 79 78
14 81 -23
14 84 -73
14 89 78
14 91 -66
14 94 21
14 95 -9
14 96 -35
14 99 -68
15 0 -74
15 6 37
15 7 77
15 8 89
15 9 35
15 11 -32
15 17 -1
15 18 27
15 19 -12
15 23 9
15 24 -65
15 27 8
15 28 16
15 30 96
15 31 3
15 33 50
15 36 -17
15 39 -60
15 40 -3
15 41 -85
15 44 -33
15 47 28
15 48 -55
15 50 -6
15 51 -5
15 54 32
15 55 -24
15 61 8
15 64 45
15 65 89
15 66 -49
15 68 5
15 69 1
15 70 50
15 72 46
15 73 -96
15 74 13
15 76 -61
15 77 -4
15 78 -32
15 79 72
15 80 -13
15 81 100
15 82 -68
15 86 93
15 87 1
15 88 58
15 91 -22
15 92 -57
15 96 97
15 98 11
15 99 26
16 2 -36
16 5 -5
16 6 -33
16 7 -52
16 9 -35
16 10 -52
16 12 -77
16 14 -8
16 15 -5
16 18 38
16 19 66
16 20 39
16 26 22
16 27 -67
16 29 -38
16 30 -33
16 32 -7
16 34 55
16 35 -7
16 37 -53
16 39 61
16 40 -14
16 42 1
16 43 1
16 44 -63
16 47 -44
16 48 -33
16 51 100
16 52 95
16 53 68
16 54 3
16 57 -65
16 58 -54
16 61 -31
16 64 22
16 65 37
16 66 74
16 68 69
16 69 4
16 70 -72
16 72 -67
16 73 81
16 81 -82
16 87 -75
16 88 -56
16 92 -19
16 93 -99
16 94 -65
16 97 -17
17 1 -22
17 2 -58
17 3 74
17 6 -31
17 7 11
17 8 -4
17 9 -19
17 10 -6
17 12 -16
17 15 42
17 23 88
17 28 41
17 33 58
17 37 -6
17 38 -4
17 40 3
17 43 37
17 45 -54
17 47 88
17 48 25
17 49 -72
17 50 -48
17 51 -74
17 56 -5
17 57 -94
17 59 56
17 60 7
17 63 -6
17 64 -1
17 68 -52
17 74 54
17 76 31
17 78 1
17 79 -29
17 82 40
17 86 7
17 87 -11
17 91 -53
17 94 -67
17 97 98
18 0 8
18 1 25
18 5 17
18 6 45
18 7 32
18 8 80
18 10 -28
18 13 -38
18 14 79
18 16 -43
18 19 -84
18 20 -63
18 25 98
18 26 54
18 27 25
18 30 72
18 34 -90
18 37 32
18 39 -3
18 42 -96
18 45 -52
18 49 -17
18 54 10
18 56 75
18 57 27
18 59 60
18 60 98
18 62 19
18 68 -13
18 71 -9
18 72 -33
18 73 29
18 75 -64
18 76 -88
18 77 -59
18 80 24
18 84 -54
18 85 90
18 88 -99
18 92 -90
18 93 65
18 95 83
18 98 55
18 99 72
19 3 97
19 8 -74
19 9 52
19 10 -7
19 12 -76
19 14 63
19 15 -55
19 16 50
19 23 -29
19 25 60
19 33 25
19 36 -89
19 39 -99
19 40 -88
19 42 11
19 47 -41
19 48 63
19 49 80
19 53 -51
19 55 38
19 57 -84
19 63 -58
19 64 14
19 66 -48
19 68 -68
19 70 11
19 74 -56
19 76 -43
19 79 47
19 80 46
19 84 -65
19 85 -94
19 86 82
19 87 53
19 88 -9
19 93 -78
19 96 78
19 97 53
19 98 30
20 0 -69
20 1 -75
20 2 -88
20 3 -79
20 4 -73
20 7 -39
20 8 62
20 10 20
20 12 23
20 15 -16
20 19 -68
20 21 -49
20 24 76
20 25 48
20 26 5
20 27 64
20 28 87
20 31 -92
20 32 -72
20 35 -62
20 39 -48
20 40 -54
20 42 -42
20 44 -13
20 45 79
20 46 -2
20 47 -93
20 49 51
20 51 -14
20 53 3
20 55 -76
20 56 -2
20 59 -63
20 60 31
20 65 -2
20 67 -65
20 68 48
20 70 16
20 74 -90
20 76 48
20 82 35
20 84 -99
20 88 -90
20 91 8
20 93 -80
20 95 77
20 96 -83
20 97 74
21 2 89
21 4 31
21 5 28
21 6 35
21 7 -14
21 8 59
21 9 29
21 11 42
21 13 -37
21 15 80
21 17 57
21 21 41
21 22 -73
21 25 54
21 27 -48
21 28 -74
21 29 52
21 32 -78
21 34 -23
21 35 -1
21 36 -15
21 37 82
21 38 16
21 39 97
21 40 -81
21 41 71
21 46 13
21 49 -86
21 50 59
21 52 39
21 60 9
21 64 62
21 66 70
21 67 -5
21 68 -45
21 70 69
21 72 -14
21 74 24
21 76 10
21 77 22
21 80 -54
21 81 7
21 83 67
21 84 39
21 85 -19
21 86 20
21 87 55
21 90 -72
21 91 -51
21 94 54
21 95 -14
21 97 -89
21 98 80
22 0 31
22 1 100
22 4 -77
22 6 38
22 9 86
22 11 -42
22 13 -59
22 14 -88
22 20 -44
22 21 -93
22 24 54
22 26 75
22 28 8
22 30 -48
22 35 -49
22 38 -81
22 44 -24
22 46 66
22 47 -43
22 49 67
22 50 -46
22 52 13
22 53 -55
22 57 82
22 58 77
22 61 51
22 62 -44
22 63 98
22 64 -36
22 66 12
22 67 70
22 71 -95
22 73 -3
22 75 100
22 77 32
22 78 44
22 80 1
22 82 52
22 85 -12
22 86 63
22 87 45
22 88 7
22 93 75
22 94 43
22 97 74
23 0 -38
23 2 -13
23 9 -63
23 10 97
23 11 -63
23 12 6
23 13 -29
23 16 84
23 17 -61
23 18 -27
23 19 -16
23 23 27
23 24 -74
23 29 97
23 31 75
23 32 8
23 33 -34
23 34 76
23 35 93
23 38 47
23 43 9
23 44 43
23 46 67
23 47 -22
23 54 66
23 55 -26
23 58 -30
23 60 -81
23 61 93
23 63 81
23 64 29
23 66 -100
23 69 -81
23 70 72
23 73 18
23 74 57
23 75 -3
23 76 -47
23 78 82
23 80 -64
23 83 -67
23 84 -46
23 86 23
23 88 -11
23 89 -69
23 94 42
23 95 2
23 96 6
23 98 91
23 99 87
24 3 -90
24 5 -23
24 6 -14
24 7 13
24 9 47
24 17 -73
24 18 -24
24 20 -58
24 21 -27
24 24 -24
24 26 -53
24 27 15
24 28 -35
24 29 -47
24 30 64
24 31 17
24 32 -26
24 37 -91
24 39 -23
24 43 -28
24 47 80
24 52 12
24 53 5
24 56 -35
24 59 -55
24 60 -98
24 62 -34
24 67 -82
24 71 -67
24 79 15
24 81 12
24 82 -79
24 83 49
24 84 82
24 85 26
24 87 1
24 88 -88
24 93 -38
24 94 86
24 95 77
24 97 -92
24 99 -12
25 4 -71
25 5 84
25 7 24
25 8 18
25 9 -23
25 15 -41
25 16 -57
25 18 11
25 21 -28
25 22 -47
25 23 -96
25 26 -42
25 29 -25
25 31 62
25 32 -33
25 34 -1
25 37 -44
25 40 -31
25 41 56
25 43 -34
25 45 -25
25 49 -55
25 52 19
25 54 -57
25 57 91
25 58 2
25 59 85
25 61 -19
25 64 -88
25 70 98
25 76 73
25 79 -59
25 81 10
25 85 1
25 89 28
25 90 53
25 92 -9
25 97 87
25 98 81
25 99 84
26 0 39
26 1 45
26 2 -97
26 3 -7
26 4 69
26 8 -23
26 9 100
26 13 -72
26 14 58
26 19 -97
26 20 68
26 22 -99
26 26 -34
26 27 20
26 28 100
26 30 74
26 34 -70
26 36 -98
26 37 9
26 39 7
26 46 -1
26 48 97
26 50 -38
26 60 -10
26 63 59
26 64 5
26 65 -64
26 66 45
26 68 57
26 69 -52
26 70 -9
26 71 -42
26 73 66
26 76 -59
26 77 -69
26 79 -15
26 82 74
26 83 -80
26 85 69
26 86 -52
26 87 -50
26 88 13
26 91 55
26 96 -31
26 99 -1
27 0 -12
27 1 -81
27 5 -9
27 6 15
27 7 12
27 9 36
27 10 67
27 12 22
27 13 -42
27 15 4
27 17 86
27 21 25
27 22 -9
27 23 74
27 33 63
27 34 -39
27 37 -64
27 38 55
27 40 41
27 41 -8
27 42 -44
27 43 -19
27 44 58
27 46 72
27 49 10
27 51 51
27 53 -63
27 57 -32
27 59 -44
27 60 -47
27 61 3
27 63 -84
27 67 87
27 68 55
27 72 -26
27 73 -33
27 74 -23
27 79 86
27 80 14
27 82 -34
27 87 5
27 90 -85
27 91 -61
27 92 -47
27 94 -33
27 95 8
27 97 10
28 1 -86
28 2 87
28 3 -40
28 4 99
28 6 2
28 8 64
28 11 77
28 12 43
28 14 -8
28 16 -33
28 20 -86
28 21 -52
28 22 -62
28 23 -32
28 26 -9
28 29 -51
28 32 52
28 34 -64
28 36 98
28 38 -100
28 39 2
28 40 84
28 44 95
28 45 -8
28 46 -35
28 47 -4
28 48 -75
28 51 63
28 53 68
28 56 -69
28 58 -98
28 60 51
28 61 64
28 62 28
28 64 -28
28 65 -35
28 66 -3
28 67 -33
28 68 -45
28 69 -65
28 75 -61
28 79 62
28 82 -19
28 85 -93
28 86 99
28 87 -82
28 88 -64
28 89 66
28 92 3
28 96 -43
29 0 -46
29 1 56
29 2 70
29 3 55
29 7 -5
29 8 23
29 10 99
29 12 -70
29 15 48
29 16 -76
29 19 90
29 22 -95
29 24 95
29 26 -43
29 29 48
29 31 79
29 38 -78
29 41 14
29 43 -40
29 45 45
29 47 24
29 48 -60
29 50 -44
29 52 71
29 53 -1
29 54 -23
29 55 -34
29 56 -20
29 57 -44
29 58 96
29 61 -26
29 63 -12
29 64 -21
29 65 -22
29 67 -54
29 69 78
29 71 95
29 72 -33
29 75 11
29 76 -81
29 77 56
29 78 68
29 80 -87
29 81 -100
29 82 -11
29 83 -25
29 84 -67
29 85 40
29 88 42
29 92 -28
29 98 -93
30 0 -14
30 1 27
30 2 -78
30 6 -54
30 7 57
30 8 33
30 10 -87
30 12 51
30 15 -39
30 17 -42
30 19 69
30 20 -95
30 21 -65
30 26 -23
30 27 -91
30 29 -54
30 30 -75
30 31 38
30 32 82
30 34 87
30 38 -10
30 39 -44
30 40 -93
30 42 89
30 43 41
30 45 15
30 49 -100
30 50 -29
30 51 -90
30 52 -79
30 56 94
30 57 -17
30 59 50
30 60 55
30 62 -8
30 64 27
30 66 -76
30 67 -75
30 68 -43
30 73 55
30 75 -55
30 76 -79
30 77 -48
30 80 14
30 83 26
30 85 -89
30 86 -31
30 89 28
30 91 -95
30 93 96
30 94 -5
30 97 45
30 99 83
31 1 67
31 3 -31
31 4 -18
31 5 50
31 6 -18
31 9 47
31 12 -31
31 13 -39
31 15 6
31 16 40
31 17 -87
31 19 -86
31 20 -84
31 21 8
31 23 9
31 27 21
31 28 68
31 30 -63
31 32 -62
31 33 78
31 39 -88
31 40 61
31 41 -45
31 45 78
31 46 1
31 48 -31
31 51 8
31 53 25
31 54 -90
31 56 15
31 58 -61
31 59 81
31 60 -41
31 61 -38
31 63 -5
31 65 -90
31 66 -95
31 73 -93
31 74 -55
31 75 -41
31 76 -2
31 77 -93
31 79 91
31 83 -71
31 85 38
31 87 -97
31 89 39
31 90 13
31 91 82
31 92 -46
31 93 21
31 95 86
31 96 -11
31 97 96
31 98 -27
32 0 -29
32 4 -57
32 6 -5
32 9 -51
32 11 18
32 12 35
32 13 4
32 17 -73
32 18 -84
32 20 3
32 25 28
32 29 -31
32 31 70
32 32 63
32 33 -37
32 38 -78
32 40 64
32 43 -100
32 44 52
32 45 -63
32 47 15
32 49 -41
32 52 96
32 56 -31
32 60 -41
32 65 -65
32 66 55
32 67 -63
32 68 -99
32 70 10
32 71 14
32 73 30
32 75 -61
32 76 69
32 77 20
32 80 -23
32 82 18
32 89 -58
32 90 -79
32 91 51
32 92 -34
32 97 -72
32 98 54
32 99 -83
33 0 -13
33 8 -9
33 9 64
33 10 -41
33 14 36
33 15 -13
33 16 -52
33 22 18
33 24 -80
33 26 -33
33 27 -67
33 28 -48
33 29 12
33 30 97
33 31 75
33 33 -2
33 35 -5
33 36 -52
33 42 -36
33 46 52
33 48 -4
33 55 13
33 56 -75
33 57 -82
33 66 94
33 67 3
33 68 -41
33 74 -20
33 79 18
33 81 -11
33 82 42
33 84 91
33 86 31
33 87 96
33 89 57
33 96 59
33 97 -96
34 1 38
34 2 23
34 3 -79
34 5 96
34 6 8
34 7 -23
34 13 -47
34 15 -26
34 16 31
34 17 7
34 19 27
34 21 8
34 23 70
34 25 -61
34 26 -53
34 28 64
34 30 -86
34 31 49
34 33 56
34 40 72
34 41 -27
34 43 77
34 44 -44
34 47 63
34 49 59
34 50 -33
34 51 17
34 52 18
34 54 21
34 58 98
34 61 -16
34 62 99
34 65 70
34 69 61
34 75 -68
34 76 23
34 81 -3
34 82 -71
34 84 33
34 86 -73
34 88 -91
34 90 40
34 91 -80
34 92 16
34 94 -67
34 95 -97
34 96 -68
34 97 -84
34 99 -30
35 0 -98
35 1 -88
35 9 76
35 10 39
35 11 47
35 15 -81
35 16 90
35 17 35
35 21 -85
35 28 -83
35 29 -89
35 32 -100
35 34 7
35 37 -67
35 41 -8
35 42 76
35 43 -9
35 45 10
35 47 73
35 48 -93
35 51 39
35 52 9
35 53 -71
35 54 -96
35 57 -7
35 58 36
35 60 70
35 61 50
35 62 -86
35 64 20
35 65 -53
35 67 77
35 68 -4
35 69 83
35 75 14
35 79 71
35 80 36
35 88 98
35 89 73
35 92 8
35 94 -3
35 95 96
35 97 -71
35 99 72
36 0 -13
36 1 -24
36 2 -100
36 4 -71
36 7 42
36 9 84
36 12 -79
36 13 -69
36 14 65
36 16 80
36 19 100
36 20 -39
36 21 19
36 22 -60
36 25 11
36 27 30
36 35 -26
36 36 -15
36 38 99
36 44 60
36 46 86
36 47 -31
36 48 48
36 50 5
36 53 51
36 54 -69
36 56 -12
36 57 12
36 58 -84
36 63 -82
36 69 -40
36 71 76
36 72 -100
36 73 74
36 74 28
36 78 45
36 79 5
36 81 -59
36 82 5
36 83 13
36 84 50
36 86 30
36 90 46
36 91 72
36 92 63
36 95 47
36 97 46
36 99 45
37 2 61
37 4 34
37 5 59
37 7 -64
37 9 -45
37 11 -3
37 14 -81
37 15 7
37 16 3
37 17 59
37 20 -87
37 23 87
37 24 -91
37 25 22
37 26 -70
37 27 91
37 28 56
37 31 -37
37 32 -66
37 39 -80
37 44 -25
37 46 -21
37 52 60
37 57 24
37 59 57
37 61 -44
37 64 -59
37 66 -4
37 67 -82
37 72 52
37 77 -27
37 80 61
37 83 45
37 84 80
37 85 -79
37 87 -40
37 89 25
37 91 42
37 92 9
37 97 -67
37 98 -36
38 0 51
38 4 36
38 5 -81
38 6 -19
38 13 -7
38 15 -88
38 18 -7
38 20 -31
38 24 -49
38 27 -98
38 28 53
38 32 -13
38 34 32
38 39 -10
38 42 -56
38 47 -58
38 48 94
38 50 -71
38 53 85
38 54 48
38 55 -60
38 57 14
38 59 69
38 60 13
38 62 -84
38 68 -81
38 73 -41
38 75 45
38 76 -24
38 78 -67
38 81 -70
38 82 26
38 84 54
38 85 95
38 88 87
38 90 92
38 91 9
38 92 -30
38 96 -72
38 99 -85
39 0 13
39 2 44
39 4 66
39 6 -25
39 11 -70
39 12 -16
39 17 31
39 18 -4
39 19 -27
39 20 98
39 24 -58
39 25 -94
39 26 -70
39 27 95
39 28 69
39 33 70
39 36 84
39 37 -17
39 39 -38
39 40 -94
39 45 27
39 47 -65
39 50 -60
39 51 30
39 53 41
39 54 58
39 55 3
39 56 -66
39 57 -15
39 58 -94
39 62 -75
39 64 -11
39 66 -37
39 68 41
39 70 25
39 72 -30
39 73 87
39 74 -70
39 75 -77
39 76 -81
39 79 17
39 83 19
39 87 4
39 88 83
39 89 22
39 90 44
39 91 -99
39 92 -77
39 95 -96
39 96 -93
39 97 -91
40 0 -15
40 1 -76
40 8 -17
40 9 50
40 10 3
40 12 -94
40 14 87
40 15 34
40 17 31
40 19 62
40 23 -28
40 27 49
40 28 76
40 30 1
40 33 -16
40 34 -53
40 37 28
40 40 83
40 43 -83
40 44 38
40 48 -86
40 50 -24
40 51 40
40 53 30
40 59 39
40 62 93
40 63 89
40 66 64
40 68 -85
40 69 81
40 70 -97
40 72 -39
40 73 71
40 76 -28
40 80 99
40 81 -53
40 82 67
40 83 51
40 86 -23
40 87 4
40 90 26
40 92 14
40 93 -20
40 95 83
40 99 -69
41 1 40
41 2 -51
41 3 63
41 5 51
41 7 -33
41 8 12
41 9 62
41 10 -80
41 11 37
41 13 -61
41 14 -74
41 15 3
41 16 63
41 17 -36
41 18 -97
41 19 64
41 20 28
41 22 29
41 24 -87
41 25 50
41 27 -34
41 30 34
41 31 -85
41 33 -53
41 35 83
41 39 -65
41 41 77
41 43 -52
41 44 40
41 47 -98
41 51 -91
41 57 27
41 58 -28
41 62 -3
41 64 -21
41 69 -54
41 70 33
41 71 -24
41 73 -100
41 74 20
41 76 56
41 77 72
41 78 -48
41 80 -68
41 83 39
41 85 55
41 92 37
41 97 -76
41 99 79
42 0 -99
42 2 24
42 3 -26
42 4 -40
42 5 -65
42 7 17
42 11 38
42 13 77
42 14 -84
42 15 -40
42 18 -38
42 21 13
42 24 -71
42 25 29
42 27 74
42 28 -63
42 30 -90
42 32 85
42 34 29
42 39 76
42 40 -82
42 42 -37
42 45 -80
42 47 1
42 48 -73
42 49 98
42 51 -94
42 52 -60
42 53 -8
42 57 -32
42 62 -42
42 63 13
42 65 47
42 66 -99
42 69 -69
42 73 -7
42 81 -96
42 82 71
42 83 13
42 84 100
42 85 -10
42 86 38
42 89 -41
42 91 -73
42 93 2
42 94 -50
42 95 -39
42 97 -77
43 0 51
43 1 -95
43 2 -60
43 3 94
43 4 68
43 9 51
43 13 -76
43 14 -63
43 15 -4
43 19 -6
43 20 -2
43 21 27
43 22 65
43 23 53
43 25 52
43 26 34
43 27 -92
43 30 57
43 31 69
43 32 -41
43 33 -54
43 34 -3
43 35 -100
43 40 37
43 43 88
43 44 -73
43 46 -14
43 47 87
43 48 -25
43 50 -34
43 51 15
43 64 -20
43 66 1
43 72 -86
43 73 81
43 76 -82
43 79 -22
43 81 -81
43 82 -44
43 83 -36
43 88 -72
43 89 99
43 97 63
43 98 99
43 99 60
44 0 99
44 5 -31
44 6 76
44 7 -27
44 8 -28
44 13 17
44 14 8
44 15 -34
44 20 -12
44 22 -11
44 25 73
44 27 17
44 28 9
44 30 -12
44 35 -73
44 37 -65
44 38 -48
44 39 49
44 41 -55
44 44 19
44 48 2
44 49 -55
44 51 -35
44 55 79
44 56 58
44 57 -26
44 61 -100
44 62 -88
44 63 27
44 64 -96
44 67 20
44 68 -57
44 72 -60
44 76 12
44 77 -86
44 78 7
44 79 -44
44 83 69
44 87 -20
44 89 65
44 90 -52
44 92 54
44 94 -28
44 97 -2
45 0 62
45 2 20
45 3 -56
45 4 77
45 8 60
45 11 -94
45 13 -22
45 14 -46
45 19 -69
45 21 53
45 26 32
45 27 -39
45 31 -63
45 34 59
45 35 -14
45 36 61
45 39 71
45 40 11
45 41 -90
45 42 97
45 43 94
45 44 13
45 46 69
45 48 -23
45 53 33
45 55 42
45 61 32
45 62 -97
45 68 19
45 70 40
45 71 30
45 72 -65
45 74 10
45 75 -96
45 76 61
45 78 67
45 85 -27
45 88 31
45 92 -35
45 94 10
45 95 -85
45 96 -43
45 97 42
45 98 -28
45 99 8
46 3 41
46 10 -76
46 11 76
46 14 26
46 17 78
46 19 45
46 20 -95
46 22 -24
46 27 -61
46 28 44
46 31 64
46 32 17
46 37 -3
46 38 81
46 40 86
46 48 11
46 49 89
46 50 20
46 51 42
46 53 86
46 59 -57
46 60 9
46 61 33
46 63 79
46 65 62
46 67 91
46 68 -42
46 69 71
46 70 -62
46 71 19
46 72 -10
46 74 10
46 75 82
46 76 -78
46 79 -37
46 82 38
46 83 21
46 84 90
46 87 60
46 90 -69
46 91 -34
46 92 -75
46 97 27
46 98 -85
47 2 88
47 3 -27
47 5 -6
47 6 -10
47 7 84
47 9 39
47 10 11
47 11 94
47 15 -98
47 21 -4
47 23 -91
47 24 -83
47 29 -69
47 31 35
47 32 90
47 37 92
47 38 -77
47 40 -77
47 43 30
47 47 25
47 48 -59
47 55 86
47 56 24
47 57 -39
47 67 48
47 69 60
47 72 84
47 73 -41
47 74 -11
47 75 -9
47 77 -89
47 78 -74
47 79 -44
47 83 79
47 85 68
47 86 68
47 88 48
47 89 -36
47 93 67
47 95 -47
47 99 94
48 1 27
48 2 97
48 3 38
48 4 -16
48 5 -84
48 7 89
48 8 -22
48 9 25
48 10 -38
48 11 82
48 14 -95
48 16 83
48 17 40
48 19 97
48 20 82
48 24 -48
48 25 -73
48 26 -19
48 29 -91
48 33 6
48 35 6
48 36 -100
48 39 80
48 40 -21
48 45 -45
48 47 62
48 50 -6
48 51 -41
48 53 -44
48 55 -13
48 56 -53
48 57 53
48 58 53
48 60 -99
48 63 -85
48 64 88
48 66 82
48 70 65
48 71 -95
48 73 -61
48 74 -95
48 76 -14
48 79 79
48 82 -11
48 84 -61
48 86 -70
48 90 -1
48 92 46
48 93 37
48 96 -22
48 97 33
49 0 54
49 2 47
49 3 29
49 4 -2
49 6 -26
49 7 41
49 9 -63
49 10 81
49 11 20
49 15 2
49 16 87
49 20 -38
49 21 27
49 22 40
49 23 22
49 26 58
49 27 -45
49 29 -21
49 30 88
49 33 -91
49 36 -81
49 39 84
49 40 68
49 42 63
49 44 99
49 45 29
49 49 31
49 50 -70
49 54 42
49 56 7
49 59 -53
49 62 -90
49 64 29
49 66 -57
49 70 -35
49 72 96
49 75 -52
49 76 70
49 79 43
49 81 21
49 82 -83
49 86 -43
49 87 58
49 89 -34
49 97 -87
50 3 20
50 5 7
50 7 44
50 10 -57
50 11 -52
50 18 -63
50 20 -19
50 22 -56
50 24 -82
50 26 52
50 27 90
50 32 -62
50 35 -45
50 41 -23
50 46 -40
50 47 -6
50 48 18
50 49 -62
50 52 -10
50 53 -86
50 55 88
50 56 -61
50 61 20
50 62 59
50 66 -61
50 70 -86
50 71 36
50 76 -95
50 77 -7
50 78 90
50 84 60
50 88 9
50 89 45
50 90 23
50 91 12
50 93 -89
51 1 -26
51 3 86
51 4 87
51 7 11
51 10 67
51 11 -32
51 12 5
51 16 60
51 17 67
51 20 -39
51 21 -72
51 23 -20
51 25 -64
51 26 -74
51 27 -84
51 28 40
51 29 -77
51 30 -40
51 31 -98
51 35 52
51 36 22
51 37 72
51 38 26
51 40 -8
51 41 15
51 45 -8
51 49 -33
51 51 -20
51 54 45
51 55 -62
51 56 -8
51 57 -31
51 59 61
51 60 -50
51 61 -59
51 62 -89
51 63 98
51 67 51
51 68 -28
51 71 -59
51 72 -70
51 76 -37
51 85 -24
51 87 28
51 89 28
51 90 14
51 93 64
51 94 -26
52 0 -53
52 3 -53
52 4 83
52 7 45
52 8 -55
52 9 45
52 12 -18
52 17 -29
52 20 -71
52 22 40
52 28 5
52 30 -83
52 33 -7
52 34 -3
52 35 -52
52 36 87
52 37 -24
52 39 66
52 45 8
52 46 -45
52 47 -48
52 50 -67
52 51 -91
52 52 93
52 53 73
52 59 25
52 60 55
52 61 53
52 62 90
52 64 -1
52 65 60
52 66 95
52 71 73
52 73 -75
52 86 63
52 94 -89
52 95 2
52 97 53
52 99 -3
53 1 -10
53 4 47
53 6 14
53 9 -80
53 10 -73
53 15 -88
53 16 13
53 20 36
53 26 -19
53 27 60
53 34 -99
53 36 19
53 37 -19
53 38 24
53 43 -94
53 45 -22
53 46 59
53 53 82
53 54 59
53 55 -10
53 57 -92
53 59 -53
53 62 -49
53 64 -49
53 69 -70
53 70 6
53 75 -5
53 76 -69
53 77 -38
53 79 -32
53 80 30
53 83 -23
53 86 -1
53 88 14
53 89 5
53 90 82
53 94 51
53 97 -61
54 3 1
54 4 -43
54 5 96
54 8 73
54 10 -3
54 13 41
54 15 87
54 17 32
54 20 -99
54 24 -76
54 27 -45
54 28 64
54 30 96
54 34 88
54 35 26
54 37 48
54 41 -26
54 45 -25
54 46 -8
54 47 -8
54 48 65
54 50 23
54 51 73
54 53 9
54 54 -72
54 56 94
54 61 -13
54 62 44
54 64 -84
54 65 -1
54 66 -77
54 68 17
54 69 12
54 70 65
54 71 21
54 73 -70
54 75 -39
54 76 100
54 77 85
54 79 57
54 81 -27
54 85 43
54 90 72
54 93 22
54 95 -100
54 96 32
54 98 -100
55 0 40
55 4 -39
55 5 -78
55 6 -11
55 7 -70
55 8 -48
55 14 -85
55 16 93
55 18 30
55 23 71
55 24 -89
55 26 48
55 28 -74
55 29 -72
55 30 80
55 33 3
55 35 51
55 36 -7
55 38 27
55 41 19
55 42 -91
55 44 84
55 45 -78
55 48 43
55 51 -75
55 52 40
55 55 80
55 58 -78
55 61 70
55 62 38
55 63 -81
55 64 -44
55 65 -13
55 67 -72
55 68 -88
55 69 -87
55 71 56
55 72 -61
55 77 -37
55 78 -96
55 79 43
55 80 14
55 83 -21
55 84 45
55 85 -98
55 86 -45
55 87 -76
55 88 -56
55 90 -9
55 93 -8
55 94 -14
55 99 52
56 1 -60
56 5 15
56 7 -70
56 8 51
56 12 73
56 15 45
56 16 -23
56 20 -59
56 22 30
56 27 41
56 28 -9
56 32 22
56 33 10
56 34 32
56 35 -17
56 39 -90
56 40 36
56 43 96
56 44 66
56 45 7
56 46 -87
56 48 -33
56 50 98
56 52 90
56 56 89
56 60 86
56 62 98
56 63 50
56 65 43
56 67 2
56 68 26
56 69 42
56 70 -30
56 71 35
56 74 44
56 76 -77
56 79 -12
56 80 25
56 81 -56
56 83 40
56 84 90
56 85 4
56 86 22
56 88 -54
56 89 40
56 90 81
56 91 -5
56 95 17
56 96 77
57 0 57
57 3 64
57 4 27
57 5 -13
57 12 92
57 16 -73
57 17 82
57 19 -16
57 21 64
57 22 18
57 24 -65
57 25 9
57 27 -7
57 28 -11
57 29 57
57 30 63
57 31 1
57 32 -54
57 34 68
57 36 -39
57 37 68
57 38 -11
57 40 -74
57 41 -57
57 42 58
57 45 94
57 46 40
57 47 -36
57 48 -76
57 49 -16
57 54 35
57 57 -92
57 58 32
57 60 -50
57 61 100
57 64 15
57 66 -83
57 73 37
57 74 59
57 75 34
57 81 -9
57 84 43
57 85 27
57 86 94
57 89 84
57 95 90
57 98 -74
58 2 -74
58 3 2
58 7 31
58 10 -86
58 12 -24
58 14 -51
58 20 88
58 21 17
58 22 30
58 24 76
58 27 31
58 32 10
58 33 -86
58 36 -40
58 37 -6
58 44 -95
58 51 19
58 52 83
58 57 35
58 60 -34
58 63 80
58 66 -86
58 67 9
58 73 32
58 77 8
58 81 -42
58 82 -77
58 83 51
58 84 28
58 87 69
58 88 -49
58 90 -19
58 94 -60
58 96 -56
58 97 -69
58 99 18
59 0 2
59 1 73
59 3 41
59 4 -53
59 6 -9
59 7 -9
59 8 30
59 9 64
59 10 100
59 11 14
59 12 -1
59 13 87
59 14 97
59 15 -17
59 16 81
59 17 -12
59 19 -51
59 21 66
59 23 10
59 27 -72
59 29 59
59 32 42
59 33 36
59 37 -59
59 43 73
59 45 25
59 47 56
59 50 -64
59 51 66
59 55 -57
59 57 9
59 58 -14
59 61 -42
59 62 58
59 66 -21
59 68 49
59 69 84
59 70 88
59 71 20
59 72 97
59 73 56
59 83 100
59 84 -72
59 86 30
59 89 -1
59 91 8
59 92 83
59 93 -69
59 95 25
59 96 -77
59 98 -24
60 0 -3
60 3 71
60 6 22
60 7 90
60 8 -96
60 10 27
60 11 -25
60 13 98
60 14 -58
60 16 23
60 18 28
60 19 -76
60 20 -20
60 21 3
60 26 -53
60 27 -17
60 28 23
60 29 -42
60 30 8
60 31 63
60 37 6
60 38 15
60 39 -29
60 40 68
60 42 -84
60 44 -100
60 45 -33
60 50 -39
60 56 94
60 57 -44
60 61 -17
60 63 97
60 65 76
60 68 27
60 71 70
60 75 -79
60 88 -2
60 90 59
60 92 60
60 94 19
61 2 56
61 5 89
61 6 -52
61 7 56
61 8 39
61 12 -68
61 14 24
61 15 37
61 17 -45
61 20 -81
61 21 -41
61 22 -50
61 23 50
61 30 74
61 32 28
61 33 -52
61 40 62
61 41 -34
61 44 57
61 46 87
61 47 -84
61 50 10
61 51 30
61 52 26
61 53 -91
61 54 71
61 59 -53
61 60 -8
61 62 -81
61 66 -42
61 67 -32
61 68 -45
61 70 -16
61 71 -12
61 74 57
61 75 -51
61 76 46
61 80 10
61 82 -4
61 83 -85
61 84 -57
61 85 -15
61 86 -44
61 88 -88
61 91 -24
61 92 92
61 93 77
61 96 64
61 97 -22
62 8 74
62 11 -66
62 14 53
62 15 99
62 16 43
62 19 14
62 20 14
62 22 -96
62 24 -98
62 26 -54
62 28 7
62 29 -5
62 31 -23
62 32 53
62 34 -35
62 37 -13
62 38 -38
62 43 34
62 45 -28
62 47 -16
62 48 -50
62 49 87
62 55 97
62 56 -46
62 61 -38
62 62 13
62 63 11
62 64 -77
62 65 -32
62 67 60
62 69 -63
62 71 42
62 73 14
62 75 60
62 77 -11
62 78 15
62 79 43
62 80 -47
62 83 -67
62 84 -48
62 85 -67
62 91 82
62 92 -4
62 93 64
63 1 -20
63 3 74
63 5 -18
63 7 -30
63 10 -23
63 14 4
63 16 -93
63 18 -24
63 19 -65
63 21 -9
63 22 33
63 26 29
63 29 93
63 32 15
63 33 -3
63 38 -61
63 40 74
63 41 -73
63 42 28
63 44 -74
63 45 -80
63 46 -11
63 52 -56
63 60 -44
63 61 16
63 62 -60
63 63 -53
63 64 -23
63 68 17
63 70 49
63 71 -12
63 73 -71
63 74 37
63 77 35
63 80 -38
63 82 -39
63 83 24
63 84 -98
63 86 18
63 90 -100
63 91 94
63 94 44
63 95 42
63 98 28
64 1 -35
64 4 34
64 6 -22
64 9 22
64 10 -48
64 12 -93
64 14 -79
64 15 64
64 17 65
64 18 -6
64 19 -9
64 20 34
64 22 41
64 23 78
64 26 -36
64 28 -80
64 31 -20
64 32 -35
64 33 36
64 36 -13
64 38 16
64 42 26
64 44 23
64 47 64
64 48 84
64 49 40
64 50 49
64 53 -41
64 54 1
64 56 -38
64 58 22
64 59 78
64 62 -29
64 63 38
64 65 62
64 66 75
64 67 -40
64 69 -82
64 72 4
64 74 -60
64 75 83
64 76 -61
64 77 5
64 78 -1
64 79 -81
64 80 10
64 82 -72
64 86 43
64 90 -96
64 92 -7
64 94 -32
64 95 83
64 96 -55
64 97 -61
65 1 -3
65 2 -97
65 3 5
65 4 -8
65 6 -81
65 9 26
65 11 -50
65 14 -87
65 16 64
65 18 65
65 27 -57
65 28 -41
65 29 -78
65 30 -43
65 31 44
65 32 38
65 41 -4
65 43 79
65 45 -33
65 52 -5
65 54 73
65 55 88
65 56 87
65 58 -97
65 62 55
65 64 -71
65 66 -92
65 67 67
65 68 -30
65 76 100
65 77 50
65 78 23
65 82 75
65 83 -94
65 85 15
65 86 -42
65 87 -91
65 88 -32
65 89 -95
65 91 59
65 96 -71
65 97 -60
65 99 13
66 1 48
66 8 -75
66 9 -31
66 13 -2
66 14 27
66 16 55
66 17 -43
66 21 -68
66 24 23
66 26 48
66 27 -37
66 29 49
66 33 100
66 34 -36
66 35 -82
66 36 93
66 37 -33
66 38 -66
66 40 -15
66 46 -100
66 48 73
66 49 46
66 51 16
66 54 -42
66 55 88
66 59 -12
66 60 6
66 63 -68
66 65 3
66 67 -80
66 68 99
66 70 -2
66 72 -88
66 73 -15
66 75 74
66 78 1
66 83 -8
66 84 38
66 85 -6
66 88 -41
66 90 -80
66 91 55
66 93 -83
66 95 5
66 98 -8
67 0 48
67 1 74
67 4 44
67 9 57
67 12 -69
67 14 43
67 16 30
67 18 -36
67 19 -4
67 20 11
67 22 -61
67 24 98
67 25 -33
67 31 -4
67 33 -75
67 34 -12
67 35 -25
67 39 90
67 42 6
67 48 28
67 50 98
67 51 78
67 52 75
67 53 51
67 56 9
67 59 24
67 62 -10
67 64 -66
67 65 81
67 66 62
67 67 30
67 72 -18
67 76 -59
67 78 10
67 86 -74
67 87 8
67 91 4
67 92 38
67 93 87
67 96 -29
68 2 65
68 3 -41
68 4 -3
68 8 -34
68 10 96
68 15 43
68 16 -35
68 17 -78
68 18 -73
68 21 -70
68 23 17
68 25 -19
68 29 74
68 30 78
68 31 79
68 33 -51
68 34 -85
68 35 -37
68 36 54
68 41 -24
68 42 58
68 45 -6
68 46 -4
68 47 -80
68 48 16
68 49 -57
68 50 -35
68 52 -2
68 54 -43
68 55 31
68 57 22
68 58 -53
68 61 2
68 64 -88
68 65 6
68 66 35
68 67 96
68 69 -36
68 71 53
68 72 -33
68 73 -1
68 76 29
68 80 -31
68 81 4
68 82 -74
68 85 -63
68 86 -13
68 87 -60
68 94 79
68 96 29
68 99 79
69 1 4
69 2 30
69 5 -81
69 9 -75
69 13 4
69 14 12
69 20 -58
69 21 -39
69 25 -83
69 26 45
69 29 -8
69 35 97
69 38 -64
69 40 53
69 43 60
69 44 -95
69 46 -63
69 47 -52
69 56 62
69 59 -8
69 60 7
69 61 38
69 62 20
69 64 -22
69 67 -69
69 68 86
69 69 99
69 72 -54
69 73 -82
69 80 99
69 83 -13
69 84 6
69 85 25
69 86 55
69 88 71
69 89 -71
69 91 60
69 94 25
69 96 81
69 97 -89
69 98 88
69 99 16
70 3 -73
70 4 -84
70 6 -75
70 7 -2
70 11 16
70 13 -75
70 15 -62
70 19 -10
70 26 -44
70 27 7
70 28 49
70 29 89
70 31 56
70 32 -67
70 34 -2
70 35 91
70 36 7
70 37 48
70 38 -8
70 39 41
70 43 -84
70 45 -65
70 46 7
70 47 -61
70 51 -42
70 53 -14
70 60 -58
70 65 -83
70 68 -35
70 71 37
70 74 35
70 75 -3
70 77 -5
70 82 -29
70 86 2
70 87 -32
70 89 18
70 91 88
70 93 28
70 94 -23
70 96 -54
70 97 -84
70 98 -38
70 99 14
71 0 10
71 1 -46
71 7 39
71 9 -67
71 12 -53
71 13 -34
71 14 -38
71 15 -36
71 18 97
71 19 -38
71 22 63
71 23 -81
71 25 38
71 26 51
71 27 -56
71 28 7
71 29 -94
71 32 89
71 35 -25
71 38 -16
71 39 -82
71 41 -40
71 42 -78
71 44 73
71 45 70
71 46 87
71 47 72
71 48 -74
71 49 13
71 51 64
71 56 31
71 62 -59
71 63 62
71 68 10
71 70 24
71 71 5
71 73 18
71 76 -48
71 78 -31
71 79 -97
71 82 -34
71 83 84
71 88 96
71 89 95
71 90 -68
71 91 -39
71 95 48
71 96 -100
71 98 52
71 99 -100
72 1 -76
72 2 56
72 9 82
72 10 13
72 12 -93
72 14 10
72 18 86
72 22 -23
72 24 17
72 25 -66
72 27 -98
72 28 -89
72 29 -42
72 32 -100
72 33 14
72 34 37
72 36 -13
72 40 -94
72 43 -24
72 47 -25
72 49 75
72 52 29
72 53 52
72 55 -18
72 56 10
72 58 13
72 61 53
72 66 5
72 67 19
72 70 -24
72 71 -20
72 73 3
72 74 76
72 78 -62
72 81 25
72 82 -1
72 86 -45
72 89 89
72 91 45
72 93 37
72 94 49
72 95 19
72 96 -3
72 97 -70
72 98 23
72 99 -52
73 0 -55
73 1 -9
73 4 82
73 7 21
73 8 47
73 9 78
73 12 -10
73 16 78
73 18 -78
73 21 45
73 26 60
73 27 61
73 29 54
73 30 60
73 32 29
73 35 20
73 36 66
73 38 12
73 40 -74
73 43 -57
73 44 -29
73 48 -65
73 50 27
73 51 -15
73 52 27
73 53 -49
73 54 -97
73 58 -96
73 61 45
73 64 63
73 67 -36
73 69 -86
73 70 16
73 72 -82
73 73 17
73 74 -20
73 75 26
73 82 -14
73 83 73
73 84 45
73 85 -69
73 89 5
73 90 -76
73 93 67
73 94 40
74 1 23
74 2 1
74 4 -55
74 5 57
74 7 50
74 9 42
74 10 37
74 12 31
74 13 9
74 14 69
74 15 -100
74 17 43
74 19 18
74 20 51
74 25 84
74 26 94
74 28 30
74 35 -55
74 37 54
74 38 62
74 40 53
74 42 -53
74 43 49
74 44 -3
74 47 -22
74 48 -24
74 49 25
74 52 -81
74 53 23
74 55 59
74 56 70
74 57 35
74 58 -15
74 59 -86
74 60 97
74 62 28
74 66 -71
74 67 10
74 68 -44
74 70 13
74 71 40
74 76 99
74 77 -38
74 80 -31
74 81 78
74 83 -99
74 84 48
74 85 46
74 86 39
74 88 39
74 94 -95
74 95 -100
74 96 97
74 97 -61
74 98 -29
75 1 37
75 5 -80
75 6 84
75 7 -46
75 8 -68
75 9 -43
75 10 8
75 11 18
75 15 86
75 16 1
75 17 93
75 18 -54
75 19 29
75 20 44
75 21 -99
75 23 33
75 25 61
75 26 -49
75 28 21
75 29 -43
75 31 -18
75 32 -69
75 34 78
75 35 75
75 39 -64
75 40 -94
75 41 -49
75 44 37
75 45 -21
75 46 83
75 47 -24
75 49 76
75 52 -40
75 56 -77
75 58 4
75 61 94
75 62 1
75 63 -47
75 64 45
75 65 44
75 66 30
75 68 32
75 70 29
75 75 -65
75 81 74
75 82 74
75 85 -92
75 86 80
75 87 -9
75 89 85
75 90 9
75 91 1
75 94 -53
75 95 -10
75 96 -76
75 97 47
75 98 -28
76 2 60
76 3 -90
76 4 65
76 6 8
76 7 -34
76 9 16
76 10 -49
76 14 -50
76 17 -39
76 18 -37
76 19 68
76 26 -44
76 28 78
76 30 31
76 31 -89
76 32 93
76 33 56
76 34 16
76 35 -79
76 39 92
76 40 -68
76 41 -47
76 42 -76
76 43 -49
76 44 53
76 45 -59
76 46 -61
76 47 36
76 50 61
76 54 1
76 55 15
76 59 63
76 60 39
76 61 -43
76 62 15
76 72 -61
76 76 -2
76 77 49
76 81 -6
76 82 -90
76 84 -19
76 87 -32
76 88 -89
76 89 31
76 92 -14
76 95 1
76 98 26
76 99 -66
77 0 -39
77 1 -97
77 3 -96
77 4 -61
77 6 -67
77 7 -7
77 9 -17
77 12 -4
77 13 63
77 15 -28
77 19 8
77 20 -87
77 21 -43
77 22 -78
77 23 38
77 24 21
77 25 24
77 27 -9
77 31 -38
77 32 -82
77 33 -12
77 34 -30
77 41 84
77 44 63
77 46 79
77 47 -40
77 48 -98
77 51 7
77 52 19
77 55 97
77 56 -40
77 57 -91
77 59 36
77 61 92
77 63 -1
77 65 -87
77 67 83
77 69 -87
77 70 -51
77 71 -89
77 72 11
77 77 96
77 78 88
77 79 47
77 80 -11
77 85 16
77 87 -62
77 89 44
77 93 71
77 94 6
77 95 71
77 97 92
77 98 -64
78 0 -94
78 11 -10
78 12 -1
78 16 48
78 18 -72
78 19 90
78 24 41
78 26 96
78 27 99
78 29 10
78 32 87
78 35 -42
78 36 -30
78 37 8
78 39 35
78 43 43
78 44 -65
78 45 93
78 46 -76
78 47 -74
78 49 -18
78 54 62
78 55 54
78 57 41
78 60 14
78 62 -18
78 65 -73
78 69 84
78 71 -38
78 73 -95
78 74 -72
78 75 27
78 76 84
78 80 4
78 81 77
78 82 -36
78 83 88
78 88 10
78 92 -63
78 94 -84
78 95 16
78 96 1
78 97 -30
78 99 -38
79 0 57
79 1 -49
79 2 -94
79 4 62
79 10 -1
79 11 15
79 12 71
79 14 15
79 15 -36
79 16 -1
79 17 -81
79 18 13
79 20 12
79 22 -32
79 23 -89
79 24 45
79 27 -65
79 28 -80
79 29 -68
79 30 -9
79 33 98
79 35 -40
79 36 -29
79 38 -29
79 39 69
79 41 65
79 43 6
79 44 35
79 48 95
79 50 45
79 51 -49
79 55 58
79 56 -87
79 57 -42
79 59 36
79 61 81
79 62 39
79 63 -10
79 65 22
79 67 -80
79 69 -80
79 72 93
79 74 97
79 75 80
79 76 51
79 80 13
79 83 78
79 84 -54
79 90 -17
79 91 -25
79 92 60
79 93 51
79 95 -25
79 97 89
79 98 62
79 99 -98
80 1 25
80 5 -46
80 6 25
80 8 -4
80 9 30
80 11 -72
80 15 44
80 16 98
80 19 93
80 20 53
80 21 -53
80 23 78
80 24 -90
80 25 90
80 26 54
80 27 11
80 29 75
80 32 -59
80 34 -8
80 37 66
80 39 82
80 42 90
80 43 45
80 52 41
80 57 -22
80 63 48
80 66 12
80 69 -71
80 72 37
80 74 -60
80 75 72
80 76 63
80 77 -51
80 79 -52
80 80 -10
80 83 -71
80 91 -18
80 92 -68
80 93 49
80 94 15
80 97 -89
81 3 -32
81 4 50
81 5 -21
81 8 -40
81 9 90
81 10 -31
81 15 83
81 18 53
81 20 -46
81 24 -24
81 25 73
81 29 73
81 31 -69
81 33 -49
81 36 -94
81 38 71
81 39 -17
81 41 -48
81 42 -68
81 44 -89
81 45 62
81 46 89
81 48 84
81 49 18
81 51 -88
81 52 45
81 53 -87
81 57 45
81 58 -67
81 62 31
81 63 11
81 65 -76
81 66 -33
81 68 -25
81 69 13
81 70 -39
81 71 -90
81 72 -84
81 73 91
81 75 -14
81 78 -15
81 81 41
81 82 -25
81 84 -80
81 85 88
81 86 -54
81 88 92
81 90 -79
81 91 25
81 92 -98
81 93 -30
81 96 53
81 97 -45
82 3 81
82 13 -86
82 15 -82
82 16 -58
82 17 -30
82 18 -97
82 23 -53
82 26 23
82 29 -84
82 33 -48
82 34 57
82 36 90
82 40 70
82 42 -29
82 43 -63
82 48 14
82 49 85
82 52 44
82 53 33
82 56 93
82 57 -15
82 58 -9
82 61 -92
82 64 -83
82 68 71
82 70 63
82 73 12
82 77 -67
82 81 35
82 82 -65
82 84 -85
82 85 82
82 87 55
82 88 32
82 89 65
82 91 7
82 95 12
82 99 50
83 1 -28
83 2 98
83 4 64
83 6 84
83 7 -65
83 13 -29
83 15 -2
83 24 65
83 27 91
83 29 50
83 30 100
83 31 42
83 32 -39
83 34 -9
83 35 -4
83 36 -65
83 39 -6
83 40 -75
83 44 -69
83 48 17
83 49 16
83 50 -58
83 51 53
83 53 92
83 54 -43
83 57 -46
83 58 -70
83 62 -32
83 63 -31
83 65 55
83 66 15
83 68 -26
83 69 -25
83 72 74
83 73 -59
83 74 9
83 75 83
83 81 -23
83 82 -71
83 88 54
83 90 -44
83 98 -82
84 0 -42
84 4 100
84 5 -6
84 6 -46
84 8 2
84 9 -87
84 10 55
84 13 75
84 16 89
84 18 85
84 19 -12
84 20 -20
84 21 -16
84 22 -78
84 24 -42
84 28 53
84 32 100
84 35 -50
84 40 -97
84 41 48
84 42 -26
84 45 28
84 47 -99
84 51 61
84 57 -92
84 58 -55
84 60 91
84 66 95
84 69 57
84 72 -66
84 73 -57
84 74 -47
84 75 -95
84 78 -39
84 80 -40
84 81 98
84 82 62
84 88 20
84 89 34
84 90 -36
84 97 -95
85 0 34
85 1 95
85 2 52
85 4 -34
85 9 -17
85 12 98
85 17 82
85 19 -39
85 24 -2
85 27 39
85 33 -36
85 37 86
85 39 54
85 41 74
85 43 -86
85 46 59
85 47 83
85 49 -69
85 50 45
85 52 67
85 53 64
85 54 13
85 57 -13
85 58 21
85 60 -91
85 61 5
85 64 -9
85 65 -71
85 66 49
85 67 80
85 68 -100
85 69 -67
85 72 -6
85 74 -65
85 75 88
85 76 -15
85 77 91
85 80 82
85 86 84
85 87 -88
85 91 -36
85 94 72
85 95 19
85 98 -58
85 99 17
86 2 6
86 3 -70
86 5 -28
86 11 -74
86 12 74
86 14 -88
86 15 26
86 16 -98
86 21 -20
86 22 -71
86 25 -61
86 28 -2
86 29 40
86 32 -21
86 35 -91
86 36 -84
86 38 -90
86 41 -36
86 42 -15
86 43 -39
86 48 14
86 50 -52
86 51 -46
86 55 13
86 63 41
86 65 100
86 66 -11
86 73 -47
86 74 100
86 75 -93
86 77 -37
86 78 44
86 79 38
86 82 92
86 84 -3
86 86 -90
86 87 12
86 88 20
87 0 -92
87 2 -32
87 6 70
87 7 24
87 8 42
87 9 -71
87 11 -82
87 12 49
87 19 -67
87 21 59
87 25 -22
87 26 -52
87 29 -42
87 31 -12
87 33 99
87 35 -9
87 36 -19
87 38 16
87 39 -81
87 40 89
87 41 -86
87 42 -83
87 43 98
87 50 -71
87 52 -3
87 53 47
87 57 52
87 58 98
87 59 18
87 66 66
87 67 -55
87 68 -2
87 69 80
87 70 62
87 73 5
87 74 8
87 81 -17
87 82 -69
87 84 42
87 86 -35
87 88 36
87 89 26
87 90 -82
87 91 -69
87 92 52
87 93 33
87 94 -65
87 95 -82
87 97 -59
88 5 -80
88 7 -1
88 8 -68
88 9 40
88 11 47
88 12 20
88 13 -8
88 14 -100
88 16 59
88 17 -4
88 18 69
88 25 12
88 26 50
88 27 40
88 31 21
88 35 -70
88 36 79
88 41 -25
88 42 3
88 44 -4
88 47 12
88 52 59
88 53 -54
88 55 -45
88 62 29
88 65 -3
88 73 37
88 74 51
88 77 69
88 80 16
88 82 -85
88 83 89
88 84 44
88 85 -17
88 86 -92
88 90 100
88 92 -53
88 96 86
89 0 -68
89 1 -96
89 2 -5
89 3 16
89 6 -17
89 12 74
89 14 67
89 15 -14
89 18 13
89 19 6
89 20 5
89 21 53
89 23 -65
89 24 87
89 25 -84
89 28 -21
89 29 -4
89 30 -25
89 33 71
89 36 20
89 38 89
89 40 76
89 45 -27
89 48 37
89 53 99
89 54 63
89 56 -95
89 59 43
89 61 72
89 63 -30
89 64 49
89 66 -97
89 67 -78
89 68 85
89 69 80
89 70 100
89 72 55
89 73 42
89 74 15
89 75 -16
89 77 -34
89 79 59
89 80 -66
89 82 87
89 83 6
89 86 -96
89 88 100
89 93 64
89 95 -2
89 97 89
89 98 -50
90 0 95
90 2 -87
90 3 -61
90 5 -8
90 7 80
90 8 -27
90 13 52
90 17 76
90 18 73
90 19 -99
90 20 -22
90 22 -8
90 23 -35
90 24 74
90 29 87
90 30 -39
90 35 83
90 36 -38
90 38 -47
90 40 -79
90 41 76
90 43 -83
90 46 -1
90 47 -66
90 49 -70
90 50 -68
90 51 -43
90 52 3
90 57 87
90 59 -65
90 60 -69
90 61 -5
90 63 -50
90 65 55
90 66 45
90 68 -76
90 70 -11
90 72 59
90 73 4
90 74 -51
90 82 -78
90 86 22
90 87 -59
90 91 -77
90 94 62
90 95 -69
90 97 -3
90 98 78
90 99 -36
91 0 -75
91 1 30
91 3 -30
91 4 45
91 5 -52
91 9 47
91 10 -82
91 11 -71
91 12 79
91 14 23
91 16 85
91 17 -94
91 19 8
91 20 -2
91 21 25
91 22 1
91 23 64
91 26 80
91 30 -73
91 31 -42
91 34 -67
91 35 31
91 37 -12
91 38 -20
91 40 34
91 41 35
91 44 28
91 47 -90
91 49 -65
91 51 -86
91 52 92
91 61 5
91 63 -10
91 64 -4
91 68 -100
91 71 13
91 74 -16
91 76 57
91 77 -38
91 78 7
91 82 -58
91 84 -57
91 85 -68
91 89 71
91 90 60
91 92 -81
91 93 -91
91 95 -11
91 96 -69
91 97 93
91 99 -18
92 0 -55
92 1 4
92 3 39
92 4 46
92 5 6
92 7 -87
92 8 -78
92 11 61
92 13 -16
92 14 89
92 15 -91
92 17 -68
92 19 55
92 20 43
92 21 -18
92 24 13
92 25 -90
92 26 -39
92 29 99
92 35 -71
92 37 -74
92 38 -22
92 39 -56
92 42 51
92 44 93
92 45 -17
92 46 -10
92 48 -22
92 52 -39
92 56 -79
92 64 72
92 68 22
92 70 55
92 71 -48
92 72 60
92 74 -16
92 78 -89
92 83 90
92 86 -19
92 88 62
92 89 73
92 93 -53
92 98 -5
93 1 34
93 2 61
93 4 -88
93 5 27
93 6 -2
93 7 -10
93 10 -43
93 12 -41
93 13 -84
93 16 -27
93 18 73
93 20 42
93 21 35
93 26 -83
93 27 -87
93 33 69
93 36 -89
93 40 29
93 41 -7
93 46 -61
93 47 99
93 48 -39
93 49 100
93 51 47
93 53 59
93 55 -75
93 58 99
93 61 -91
93 66 39
93 75 -78
93 79 73
93 86 -65
93 90 -97
93 93 35
93 95 12
93 96 34
93 99 42
94 0 75
94 1 -17
94 4 -92
94 5 10
94 7 73
94 8 -12
94 10 -37
94 11 83
94 15 85
94 16 93
94 17 -56
94 21 79
94 22 82
94 23 77
94 29 -55
94 30 88
94 32 -11
94 35 -23
94 36 33
94 40 71
94 42 -39
94 43 22
94 46 -7
94 47 14
94 51 27
94 53 -41
94 54 42
94 57 74
94 64 -38
94 67 -59
94 68 30
94 70 78
94 71 3
94 72 47
94 73 39
94 76 30
94 77 -32
94 78 12
94 79 2
94 80 -1
94 83 -11
94 84 -93
94 85 73
94 86 67
94 89 69
94 90 26
94 91 99
94 95 38
94 97 -55
94 99 47
95 0 -45
95 1 -17
95 3 -98
95 5 58
95 6 68
95 8 100
95 10 51
95 11 -56
95 14 -82
95 17 -98
95 18 -44
95 20 -89
95 21 86
95 22 55
95 23 -55
95 26 -9
95 27 5
95 29 -50
95 30 40
95 34 -40
95 35 -76
95 40 27
95 41 24
95 42 -30
95 43 -37
95 49 -79
95 52 -17
95 53 48
95 55 -75
95 56 17
95 58 22
95 64 98
95 65 -85
95 66 -27
95 68 -40
95 71 -48
95 72 32
95 73 80
95 74 81
95 76 -46
95 77 63
95 78 -100
95 80 -21
95 81 50
95 83 59
95 84 -48
95 91 -65
95 95 -45
95 96 52
95 99 -84
96 1 -68
96 3 48
96 4 25
96 7 -82
96 9 16
96 13 -57
96 15 -5
96 16 31
96 18 74
96 19 -14
96 21 95
96 24 39
96 26 59
96 27 -2
96 28 3
96 29 -23
96 30 81
96 34 -6
96 39 -10
96 41 -44
96 44 -98
96 46 -19
96 50 65
96 57 7
96 58 62
96 59 22
96 62 34
96 68 -88
96 70 36
96 71 -98
96 72 -100
96 84 -56
96 86 -42
96 89 73
96 90 -4
96 95 27
97 0 48
97 2 34
97 4 45
97 5 68
97 9 96
97 10 35
97 11 -39
97 13 -51
97 16 -11
97 17 -33
97 20 60
97 21 44
97 26 44
97 28 -69
97 32 -75
97 33 -49
97 35 78
97 38 -62
97 41 -63
97 42 -44
97 48 -27
97 49 32
97 53 -23
97 55 19
97 58 -14
97 60 58
97 62 -29
97 63 6
97 64 -92
97 66 -35
97 67 28
97 68 -89
97 69 24
97 70 23
97 73 -3
97 77 -23
97 79 45
97 81 -60
97 82 17
97 83 25
97 87 -72
97 88 -33
97 89 -40
97 90 -100
97 91 4
97 95 -6
97 96 -64
97 97 -73
97 98 -74
98 0 -25
98 3 64
98 4 -6
98 7 -75
98 8 18
98 10 -82
98 11 28
98 13 -16
98 18 -49
98 19 97
98 21 69
98 27 -84
98 34 7
98 43 32
98 46 99
98 49 -78
98 51 -100
98 55 60
98 56 -89
98 57 -32
98 58 76
98 59 -37
98 64 -37
98 66 -21
98 67 62
98 68 -47
98 69 71
98 70 -36
98 72 -39
98 74 -9
98 75 -78
98 76 51
98 78 50
98 79 -74
98 82 -1
98 83 52
98 85 86
98 87 -73
98 88 -80
98 92 28
98 93 -32
98 94 78
98 95 48
98 96 -12
98 97 -69
98 99 -3
99 0 -60
99 2 -22
99 3 -63
99 5 -59
99 7 7
99 8 -60
99 9 76
99 12 -79
99 13 -5
99 15 -79
99 16 -77
99 17 -94
99 20 31
99 21 87
99 22 -13
99 23 14
99 24 -24
99 25 73
99 27 -64
99 28 -28
99 29 -54
99 30 -48
99 33 -81
99 35 43
99 36 -40
99 38 -52
99 39 63
99 41 -13
99 46 53
99 47 -37
99 48 -11
99 49 70
99 54 -26
99 55 -22
99 56 98
99 58 -90
99 59 45
99 61 -74
99 62 96
99 65 97
99 66 45
99 67 54
99 68 -61
99 70 63
99 75 18
99 76 12
99 79 -30
99 81 75
99 82 -9
99 85 -20
99 86 -6
99 88 14
99 89 61
99 95 -62
99 96 43
99 99 5