0 0 -73
0 2 -38
0 3 -33
0 4 65
0 5 -83
0 6 25
0 8 6
0 9 -28
0 11 90
0 13 6
0 14 -98
0 15 -17
0 17 71
0 18 60
0 19 98
0 20 -66
0 21 -26
0 22 -96
0 26 -99
0 27 96
0 28 -14
0 29 52
0 30 -71
0 31 57
0 33 -65
0 34 -80
0 37 -64
0 38 20
0 39 -58
0 40 29
0 45 92
0 46 -4
0 47 9
1 1 65
1 2 9
1 3 -30
1 4 12
1 5 86
1 6 -76
1 7 94
1 9 30
1 10 98
1 11 58
1 12 16
1 13 60
1 14 -59
1 15 100
1 16 -94
1 17 -57
1 18 14
1 19 5
1 20 -47
1 21 67
1 22 3
1 23 -71
1 24 -9
1 26 24
1 27 -87
1 28 -46
1 29 72
1 30 -73
1 31 81
1 32 4
1 33 87
1 35 -90
1 36 -25
1 37 -56
1 38 -51
1 39 -66
1 42 29
1 43 25
1 44 -25
1 45 -10
1 46 78
1 48 -97
1 49 7
2 0 -63
2 3 55
2 4 -95
2 5 -55
2 6 -55
2 8 88
2 9 67
2 10 -80
2 11 54
2 12 -26
2 13 -62
2 14 -3
2 15 -37
2 17 49
2 19 -28
2 20 -18
2 22 -56
2 24 -31
2 26 58
2 27 -32
2 29 -82
2 30 3
2 31 16
2 32 49
2 34 45
2 35 -7
2 36 11
2 37 -86
2 40 -33
2 41 -39
2 42 -34
2 43 77
2 44 -90
2 46 -35
2 48 17
2 49 12
3 0 -3
3 1 -87
3 2 -25
3 3 -86
3 4 43
3 5 76
3 6 -32
3 9 40
3 11 29
3 12 33
3 15 -58
3 16 28
3 18 -63
3 19 48
3 20 34
3 22 -87
3 23 -24
3 24 -80
3 25 39
3 27 -87
3 28 9
3 31 48
3 34 -41
3 37 39
3 38 69
3 39 17
3 40 82
3 41 -26
3 43 47
3 44 30
3 49 76
4 0 83
4 1 10
4 2 44
4 3 -65
4 4 36
4 5 4
4 6 -59
4 7 70
4 8 -70
4 9 21
4 10 -86
4 12 -52
4 13 -67
4 14 91
4 15 -92
4 16 51
4 17 94
4 18 -25
4 21 -25
4 22 33
4 23 -29
4 24 93
4 25 -68
4 27 -56
4 28 29
4 29 -11
4 30 27
4 31 -57
4 32 -60
4 34 31
4 36 -57
4 37 28
4 38 -25
4 39 91
4 41 15
4 42 -37
4 43 -76
4 44 -26
4 45 -35
4 46 -54
4 47 -84
5 0 -62
5 2 -40
5 3 71
5 4 47
5 5 60
5 6 64
5 7 -57
5 8 17
5 10 -41
5 13 76
5 14 33
5 15 23
5 16 -71
5 17 15
5 18 -70
5 20 -75
5 21 -31
5 22 89
5 23 -86
5 24 -97
5 25 76
5 27 67
5 28 -25
5 29 14
5 31 -14
5 32 89
5 35 55
5 36 32
5 38 33
5 39 20
5 40 41
5 41 -33
5 42 -45
5 43 53
5 45 21
5 46 51
5 48 -7
5 49 33
6 0 97
6 1 94
6 2 -40
6 4 22
6 5 -47
6 6 74
6 7 -28
6 8 92
6 9 -76
6 10 53
6 11 92
6 13 34
6 14 23
6 15 -88
6 18 46
6 20 -79
6 21 -73
6 23 -20
6 24 -4
6 25 55
6 27 57
6 28 62
6 29 31
6 30 -78
6 31 45
6 33 -44
6 34 -41
6 35 64
6 36 55
6 37 39
6 38 -46
6 39 -8
6 40 14
6 41 -52
6 42 -76
6 43 76
6 44 78
6 45 100
6 46 -99
6 47 55
6 49 26
7 1 85
7 3 -62
7 4 -83
7 6 -5
7 7 39
7 8 9
7 9 -6
7 12 -55
7 15 17
7 16 19
7 17 3
7 22 32
7 23 67
7 24 3
7 25 -37
7 26 -60
7 28 -46
7 30 -30
7 32 34
7 33 61
7 35 -10
7 36 5
7 37 90
7 38 -68
7 39 -72
7 40 -26
7 43 80
7 48 100
7 49 -46
8 0 37
8 1 -88
8 4 1
8 6 36
8 7 62
8 8 36
8 9 -3
8 10 32
8 11 -89
8 12 71
8 13 65
8 16 -27
8 17 32
8 18 82
8 19 -64
8 20 -74
8 21 88
8 22 67
8 23 91
8 25 56
8 27 -59
8 28 48
8 29 -22
8 30 61
8 32 86
8 33 -92
8 34 49
8 35 81
8 36 -22
8 37 6
8 39 48
8 41 25
8 43 62
8 45 -42
8 46 20
8 47 58
8 48 39
8 49 -15
9 0 -76
9 1 96
9 3 -32
9 5 31
9 6 39
9 7 88
9 8 71
9 9 -22
9 11 -21
9 12 -3
9 14 63
9 15 -37
9 17 51
9 18 25
9 20 -66
9 21 63
9 22 -84
9 23 -95
9 24 -24
9 26 34
9 28 10
9 29 -31
9 30 -85
9 31 38
9 32 72
9 33 -82
9 36 56
9 37 70
9 38 -77
9 39 -32
9 41 56
9 42 23
9 43 -91
9 45 70
9 47 6
9 49 -30
10 0 75
10 1 -36
10 2 2
10 4 52
10 5 99
10 6 92
10 8 20
10 9 26
10 11 -86
10 12 10
10 13 -36
10 14 -89
10 15 -90
10 16 -63
10 17 30
10 20 -40
10 22 15
10 23 -89
10 26 -87
10 27 38
10 28 -60
10 29 -24
10 31 7
10 32 -26
10 33 97
10 34 -14
10 36 -77
10 37 -13
10 38 -38
10 39 75
10 40 85
10 41 -55
10 43 76
10 44 70
10 47 -88
10 48 -27
10 49 -55
11 0 72
11 2 47
11 3 -22
11 4 -55
11 5 23
11 6 -58
11 7 -100
11 8 98
11 9 19
11 10 67
11 11 79
11 14 -51
11 15 23
11 16 89
11 17 -92
11 19 -47
11 20 57
11 22 -21
11 24 92
11 27 18
11 28 -55
11 29 -77
11 31 4
11 32 84
11 33 33
11 35 -22
11 36 8
11 38 58
11 39 18
11 40 4
11 41 -92
11 43 -91
11 44 41
11 49 -72
12 0 24
12 1 92
12 3 -23
12 4 -61
12 5 3
12 6 -70
12 7 -71
12 10 97
12 12 24
12 13 -99
12 14 -7
12 16 67
12 17 -88
12 19 5
12 20 57
12 21 -52
12 22 59
12 23 26
12 24 -50
12 25 -11
12 26 -11
12 29 -54
12 30 -23
12 32 44
12 33 -90
12 34 82
12 36 -94
12 38 -19
12 39 84
12 41 -73
12 42 -25
12 43 6
12 44 36
12 45 -8
12 46 -27
12 47 26
13 0 98
13 1 15
13 2 -29
13 4 33
13 6 -100
13 8 70
13 9 98
13 10 51
13 11 100
13 12 -17
13 13 -72
13 14 -7
13 15 83
13 17 54
13 19 94
13 21 -84
13 22 58
13 23 -67
13 24 -62
13 25 90
13 26 9
13 27 90
13 29 38
13 30 71
13 31 -45
13 32 21
13 33 9
13 34 -19
13 35 87
13 36 35
13 38 13
13 40 -65
13 42 30
13 43 82
13 45 36
13 46 -76
13 48 -77
14 0 68
14 3 -83
14 4 98
14 5 -39
14 6 -77
14 7 -73
14 8 96
14 9 88
14 11 36
14 12 68
14 13 -9
14 14 -15
14 15 -91
14 16 -45
14 18 -19
14 19 96
14 20 26
14 21 -92
14 23 37
14 25 -8
14 26 -98
14 27 -38
14 29 -15
14 30 -88
14 31 5
14 32 -37
14 33 72
14 34 21
14 35 90
14 36 -74
14 37 -39
14 38 -9
14 39 -23
14 40 67
14 41 -5
14 42 63
14 44 -29
14 45 11
14 46 -10
14 49 -83
15 0 -36
15 1 78
15 2 4
15 4 49
15 5 -83
15 6 97
15 7 13
15 8 -87
15 9 -90
15 12 41
15 13 -54
15 14 -19
15 15 -46
15 17 76
15 18 -89
15 19 -14
15 20 -27
15 21 -23
15 22 96
15 23 -81
15 24 -75
15 25 -64
15 26 -53
15 27 19
15 28 70
15 30 63
15 33 -38
15 36 10
15 37 -40
15 38 -19
15 39 87
15 40 78
15 41 67
15 42 35
15 44 62
15 45 -42
15 47 -13
15 48 83
15 49 25
16 0 44
16 1 -51
16 2 28
16 6 48
16 8 -46
16 9 60
16 10 98
16 11 32
16 12 -11
16 13 -35
16 14 34
16 15 77
16 17 -30
16 18 -59
16 19 -99
16 20 27
16 21 -44
16 23 -88
16 24 60
16 25 33
16 26 99
16 27 -100
16 28 -22
16 29 71
16 30 -51
16 31 -88
16 32 -64
16 33 3
16 34 83
16 36 -7
16 38 28
16 39 -36
16 43 98
16 44 -37
16 45 -25
16 47 -29
16 48 87
16 49 46
17 0 92
17 1 59
17 2 11
17 4 20
17 5 -57
17 6 55
17 7 -16
17 8 42
17 10 27
17 11 9
17 12 89
17 13 -16
17 14 -26
17 15 12
17 16 7
17 17 -48
17 19 -40
17 21 -29
17 22 -41
17 23 -1
17 24 15
17 25 -40
17 26 13
17 27 -64
17 29 -6
17 30 -71
17 31 92
17 32 -33
17 33 -14
17 35 -100
17 38 -63
17 39 78
17 40 -94
17 41 -90
17 42 -39
17 44 -96
17 45 -5
17 46 79
17 47 -35
17 48 21
18 0 91
18 2 -62
18 5 -88
18 7 -65
18 8 -44
18 9 56
18 11 -16
18 12 -93
18 13 88
18 14 83
18 15 28
18 19 -36
18 21 66
18 22 -48
18 23 -34
18 24 52
18 25 -62
18 28 -48
18 29 -81
18 30 -59
18 31 97
18 32 -86
18 38 37
18 40 -28
18 42 -29
18 43 -64
18 44 -93
18 45 -28
18 46 64
18 47 47
18 48 92
18 49 -81
19 0 -53
19 1 -10
19 2 36
19 3 40
19 4 76
19 6 73
19 7 47
19 8 -33
19 9 -24
19 11 55
19 12 56
19 13 71
19 14 -29
19 15 -2
19 16 31
19 17 69
19 21 50
19 22 -32
19 23 16
19 24 -86
19 27 42
19 28 35
19 29 -40
19 30 -80
19 31 -12
19 34 95
19 35 -59
19 36 -1
19 37 11
19 40 57
19 41 -77
19 43 -71
19 45 93
19 46 65
19 47 99
19 48 -36
19 49 41
20 0 68
20 1 53
20 6 71
20 7 -33
20 8 -48
20 9 -47
20 10 -94
20 11 14
20 12 63
20 15 67
20 16 -6
20 18 -22
20 19 -81
20 20 -9
20 22 -11
20 23 39
20 24 77
20 25 99
20 26 44
20 27 -18
20 28 14
20 30 -8
20 31 87
20 32 88
20 34 52
20 36 -55
20 37 -57
20 39 96
20 41 83
20 42 -7
20 43 95
20 44 -68
20 45 -51
20 46 4
20 47 -53
20 49 -7
21 0 5
21 3 -96
21 4 13
21 5 8
21 6 78
21 7 -3
21 8 6
21 9 79
21 11 10
21 12 88
21 13 -76
21 14 -51
21 15 -40
21 16 -56
21 17 -65
21 18 62
21 20 2
21 21 16
21 22 -12
21 23 61
21 24 -13
21 25 31
21 27 49
21 28 -90
21 29 -20
21 30 -38
21 31 9
21 33 -82
21 34 -99
21 35 46
21 36 -37
21 37 7
21 38 68
21 39 -63
21 41 27
21 42 95
21 43 -27
21 44 67
21 46 80
21 48 -70
21 49 -71
22 2 -45
22 4 -90
22 5 88
22 6 -58
22 7 -14
22 8 -64
22 9 58
22 10 -90
22 12 -73
22 14 98
22 15 1
22 17 -5
22 18 -13
22 19 -29
22 22 -40
22 24 19
22 25 44
22 27 -27
22 28 -44
22 31 89
22 32 94
22 34 -87
22 35 100
22 36 81
22 37 -86
22 38 80
22 39 -9
22 40 54
22 41 -49
22 42 -73
22 43 -90
22 44 -85
22 45 -95
22 46 91
22 48 76
22 49 -58
23 0 -75
23 2 55
23 3 40
23 5 88
23 7 -11
23 8 -77
23 10 -78
23 11 8
23 14 63
23 15 -90
23 16 14
23 17 43
23 19 37
23 21 2
23 24 -60
23 25 47
23 27 55
23 29 64
23 30 52
23 31 -43
23 32 -34
23 33 -58
23 34 -51
23 35 -67
23 36 28
23 37 34
23 38 -99
23 39 -57
23 41 -68
23 42 -22
23 43 91
23 44 -73
23 45 92
23 46 -73
23 47 -48
23 48 -85
24 0 81
24 1 -53
24 2 -91
24 4 -45
24 5 -59
24 6 16
24 7 87
24 8 -10
24 10 57
24 11 -43
24 12 -15
24 15 -36
24 16 -31
24 17 80
24 18 -98
24 20 -93
24 21 41
24 22 -61
24 23 -1
24 24 -39
24 26 24
24 27 -59
24 28 37
24 30 -17
24 31 -67
24 33 -86
24 35 -36
24 36 -30
24 37 -30
24 39 73
24 40 -36
24 42 -55
24 43 78
24 44 69
24 45 -35
24 46 80
24 47 -25
24 48 -75
24 49 -64
25 2 40
25 5 27
25 6 51
25 8 30
25 11 23
25 14 16
25 15 -82
25 16 37
25 17 -38
25 18 -55
25 19 -34
25 20 35
25 21 11
25 23 100
25 24 50
25 25 52
25 26 1
25 27 -69
25 28 53
25 30 -58
25 31 92
25 32 -25
25 33 66
25 34 -89
25 35 -75
25 36 -41
25 37 2
25 39 -75
25 42 80
25 45 77
25 46 5
25 47 -94
25 48 -19
25 49 -83
26 0 -71
26 2 73
26 3 -83
26 5 3
26 6 -12
26 8 -94
26 9 -94
26 10 -52
26 11 -5
26 12 88
26 14 -43
26 15 -89
26 16 64
26 18 -95
26 19 34
26 20 -40
26 21 25
26 22 -53
26 23 -45
26 24 63
26 25 -2
26 27 72
26 29 -30
26 31 -36
26 38 81
26 39 51
26 41 -2
26 42 -18
26 45 -73
26 48 -92
26 49 57
27 0 -39
27 1 67
27 3 82
27 4 67
27 5 25
27 6 -42
27 7 54
27 8 -12
27 9 15
27 10 63
27 12 -29
27 16 74
27 17 65
27 18 74
27 20 53
27 21 82
27 23 98
27 24 -78
27 25 11
27 26 18
27 29 -1
27 31 -85
27 32 57
27 33 45
27 36 -82
27 37 -80
27 38 -40
27 39 98
27 41 54
27 42 21
27 43 -78
27 45 47
27 46 68
27 47 -34
27 48 36
27 49 27
28 1 -5
28 2 -76
28 3 61
28 4 -57
28 5 65
28 6 -14
28 8 31
28 9 -94
28 11 32
28 15 76
28 16 72
28 18 -78
28 19 10
28 20 -59
28 21 4
28 22 -11
28 23 -25
28 24 -71
28 26 -81
28 27 -49
28 29 -90
28 30 -69
28 31 -34
28 36 68
28 37 61
28 39 19
28 42 -84
28 44 90
28 45 35
28 46 31
28 47 -34
28 48 -68
28 49 -45
29 1 9
29 2 -34
29 4 73
29 5 -84
29 6 16
29 7 95
29 8 -30
29 9 75
29 10 51
29 12 34
29 14 83
29 15 1
29 17 68
29 19 83
29 20 -94
29 21 -10
29 23 -100
29 25 -77
29 26 36
29 27 48
29 30 -59
29 31 -61
29 32 -95
29 33 -71
29 34 88
29 35 -60
29 36 66
29 37 -9
29 38 27
29 39 46
29 40 67
29 41 57
29 42 -9
29 43 98
29 45 83
29 46 22
29 47 -43
29 48 -28
29 49 -77
30 0 -27
30 1 -35
30 2 -61
30 3 20
30 4 90
30 5 -32
30 6 -14
30 7 -98
30 8 15
30 9 52
30 10 -79
30 11 -66
30 12 82
30 13 61
30 14 92
30 15 70
30 17 25
30 19 -41
30 20 4
30 24 -4
30 25 -47
30 26 -34
30 27 -32
30 28 -67
30 32 -28
30 33 39
30 36 16
30 37 53
30 38 -73
30 39 62
30 40 -50
30 42 2
30 43 -71
30 44 -36
30 46 -56
30 47 62
30 49 -75
31 0 -84
31 1 -19
31 3 15
31 4 91
31 5 -37
31 6 47
31 8 -32
31 9 -51
31 10 -43
31 11 -65
31 12 -16
31 13 -59
31 15 37
31 16 -88
31 17 53
31 20 8
31 21 56
31 22 29
31 23 56
31 25 -90
31 27 12
31 28 -83
31 29 39
31 31 -97
31 32 53
31 34 33
31 35 -68
31 36 12
31 37 -30
31 38 -50
31 39 14
31 40 32
31 41 -4
31 42 -80
31 43 -62
31 44 85
31 45 -77
31 46 2
31 47 88
31 48 -92
31 49 79
32 2 -84
32 5 59
32 8 90
32 10 -11
32 11 77
32 12 12
32 13 -23
32 15 -81
32 17 16
32 18 -18
32 19 -97
32 20 -48
32 21 32
32 25 33
32 26 -84
32 28 83
32 29 86
32 30 -15
32 31 58
32 32 8
32 35 59
32 36 3
32 37 95
32 38 74
32 41 -8
32 42 -94
32 44 45
32 46 56
32 47 -15
32 49 -23
33 0 56
33 1 98
33 4 -8
33 7 -5
33 9 73
33 11 -67
33 12 46
33 15 -42
33 17 11
33 18 -66
33 19 -66
33 20 -70
33 21 -35
33 22 23
33 23 -49
33 25 -32
33 26 7
33 28 -21
33 29 -50
33 30 33
33 31 -62
33 32 23
33 33 -4
33 34 55
33 35 -7
33 38 -20
33 39 21
33 40 -42
33 44 81
33 45 -29
33 46 -96
33 48 -64
33 49 -84
34 1 80
34 2 97
34 3 -7
34 4 4
34 5 -46
34 6 -31
34 7 48
34 9 -26
34 12 -91
34 13 -93
34 15 -12
34 16 82
34 18 -54
34 19 -94
34 20 37
34 21 -12
34 22 -93
34 23 -27
34 24 91
34 25 70
34 27 -64
34 28 8
34 29 -20
34 30 -33
34 31 -10
34 32 31
34 34 95
34 35 -10
34 36 -57
34 38 26
34 39 -45
34 40 -35
34 41 16
34 42 91
34 43 69
34 44 61
34 45 -19
34 46 -55
34 47 -54
34 49 80
35 0 46
35 2 35
35 3 54
35 4 69
35 6 -21
35 7 -49
35 9 4
35 12 11
35 13 85
35 14 -13
35 15 54
35 17 -64
35 18 -31
35 19 95
35 20 3
35 21 -47
35 22 30
35 23 -84
35 24 8
35 25 29
35 26 -94
35 27 93
35 28 -3
35 30 71
35 31 -35
35 32 58
35 33 10
35 34 -65
35 35 -93
35 38 -95
35 39 -57
35 40 -67
35 41 99
35 42 60
35 44 18
35 45 -90
35 46 66
35 47 -96
35 48 -39
35 49 63
36 0 -76
36 1 -90
36 3 -47
36 5 -90
36 7 60
36 8 20
36 9 88
36 11 49
36 12 67
36 14 -46
36 15 -92
36 16 88
36 17 99
36 18 -42
36 19 93
36 21 8
36 22 80
36 23 88
36 25 25
36 26 77
36 27 80
36 28 -15
36 29 60
36 30 -13
36 32 -77
36 33 54
36 34 31
36 35 -65
36 36 56
36 37 4
36 38 -4
36 39 -25
36 41 -65
36 43 9
36 45 -44
36 46 -30
36 48 80
36 49 -58
37 1 -99
37 2 -10
37 3 8
37 6 27
37 7 83
37 8 54
37 9 -29
37 10 -71
37 11 -96
37 13 35
37 14 36
37 15 53
37 17 -26
37 18 -3
37 19 -58
37 20 45
37 21 57
37 23 99
37 25 41
37 26 27
37 27 27
37 29 76
37 30 -28
37 31 -65
37 32 -87
37 33 -8
37 35 -35
37 36 14
37 37 30
37 39 13
37 40 45
37 41 17
37 44 90
37 45 68
37 46 55
37 47 69
37 48 -61
37 49 57
38 0 -42
38 1 51
38 2 19
38 4 62
38 5 -8
38 6 53
38 7 -2
38 10 -39
38 11 77
38 12 -11
38 13 -4
38 15 40
38 17 58
38 18 -26
38 19 -30
38 21 -32
38 22 -18
38 25 -62
38 27 -95
38 29 33
38 30 13
38 31 -46
38 33 -28
38 34 -93
38 36 19
38 37 93
38 38 -86
38 41 -15
38 42 -43
38 45 20
38 46 6
38 48 -34
39 2 85
39 3 -48
39 4 -84
39 5 -78
39 6 32
39 7 61
39 9 5
39 10 -63
39 11 -40
39 14 -66
39 15 -69
39 19 -30
39 20 -61
39 21 97
39 22 -92
39 23 40
39 25 34
39 28 44
39 30 56
39 31 -89
39 32 33
39 33 -24
39 34 -17
39 35 55
39 36 -82
39 37 11
39 40 2
39 41 11
39 42 76
39 43 3
39 44 94
39 46 -70
39 47 -7
39 48 -31
40 0 23
40 2 72
40 3 -81
40 4 -4
40 5 -22
40 6 20
40 9 -98
40 11 40
40 12 -40
40 13 86
40 14 -28
40 15 100
40 16 6
40 17 -27
40 18 -35
40 20 82
40 21 -55
40 22 -74
40 23 33
40 24 66
40 25 16
40 26 -22
40 27 77
40 28 -11
40 29 -66
40 30 75
40 31 44
40 32 87
40 34 38
40 36 -66
40 37 -22
40 38 -51
40 39 -9
40 40 -74
40 42 44
40 44 31
40 45 -48
40 46 -60
40 47 15
40 48 -82
40 49 -76
41 1 -20
41 3 -33
41 5 37
41 7 -29
41 8 37
41 10 -80
41 11 80
41 13 -87
41 14 -69
41 15 33
41 17 -26
41 18 31
41 19 38
41 20 74
41 21 -71
41 25 16
41 27 36
41 29 93
41 31 3
41 32 -24
41 33 -46
41 36 -91
41 37 55
41 38 -5
41 39 60
41 41 -99
41 43 34
41 44 -13
41 45 95
41 46 50
41 48 -37
41 49 -43
42 0 10
42 1 -9
42 2 29
42 3 18
42 4 -41
42 5 46
42 7 -5
42 8 -65
42 9 -17
42 10 14
42 11 -63
42 13 69
42 14 67
42 15 22
42 17 71
42 18 15
42 19 -49
42 20 -72
42 21 78
42 22 -85
42 23 50
42 24 28
42 25 94
42 26 57
42 29 79
42 30 28
42 31 92
42 34 49
42 36 -100
42 38 -73
42 39 88
42 40 -33
42 42 -82
42 43 -10
42 44 -85
42 46 100
42 48 -33
43 2 19
43 3 16
43 4 -87
43 5 44
43 6 100
43 10 1
43 11 -50
43 13 12
43 14 14
43 15 63
43 16 -28
43 17 -26
43 19 68
43 21 -8
43 22 -57
43 23 -19
43 24 -43
43 26 37
43 27 61
43 28 8
43 29 -67
43 30 -33
43 31 -50
43 32 -75
43 33 -49
43 34 51
43 36 25
43 37 -2
43 38 13
43 39 88
43 40 -51
43 42 -50
43 43 41
43 44 -79
43 45 -68
43 46 90
43 47 45
44 2 63
44 3 34
44 5 -47
44 7 -17
44 8 63
44 9 -24
44 10 -36
44 11 63
44 12 84
44 13 58
44 14 64
44 15 -54
44 16 -68
44 17 -55
44 18 88
44 19 29
44 20 2
44 21 -36
44 22 75
44 23 70
44 25 68
44 26 69
44 27 76
44 29 -36
44 31 63
44 32 -21
44 34 89
44 36 -19
44 38 -60
44 40 -65
44 41 -91
44 42 1
44 43 -50
44 44 58
44 45 67
44 46 -81
44 49 45
45 0 -95
45 1 -41
45 2 -12
45 4 61
45 6 39
45 7 94
45 10 -10
45 11 10
45 12 -29
45 13 83
45 16 12
45 18 33
45 19 6
45 21 12
45 22 -49
45 23 97
45 24 70
45 25 -1
45 26 19
45 27 6
45 29 -30
45 30 44
45 33 88
45 34 62
45 35 -38
45 36 -95
45 37 53
45 38 13
45 40 -11
45 41 43
45 42 58
45 43 -35
45 44 -38
45 45 14
45 46 58
45 47 27
45 49 4
46 0 5
46 1 2
46 2 63
46 3 8
46 4 -56
46 5 46
46 6 -12
46 7 100
46 8 58
46 9 -3
46 10 -63
46 11 82
46 12 -42
46 13 -61
46 14 -23
46 15 -26
46 17 -99
46 18 52
46 19 82
46 20 83
46 21 51
46 22 29
46 25 63
46 26 -5
46 27 -31
46 28 -54
46 30 39
46 31 99
46 32 -70
46 33 17
46 34 28
46 35 -21
46 36 77
46 37 54
46 38 -47
46 41 26
46 42 -40
46 43 -49
46 44 -31
46 45 37
46 46 100
46 47 -23
46 49 -14
47 2 22
47 3 -4
47 4 -16
47 5 84
47 7 -38
47 10 -79
47 12 82
47 14 88
47 15 47
47 16 -67
47 21 4
47 23 -74
47 25 99
47 27 -66
47 28 -62
47 30 -94
47 32 -19
47 33 -62
47 35 34
47 38 -94
47 40 50
47 41 4
47 42 70
47 43 -8
47 45 -68
47 47 77
47 48 -14
48 0 -48
48 1 27
48 2 15
48 3 -57
48 4 78
48 6 -20
48 7 78
48 8 89
48 10 -84
48 11 7
48 14 -31
48 15 5
48 16 45
48 19 -13
48 20 -88
48 21 95
48 22 -34
48 23 -62
48 24 24
48 25 -100
48 27 70
48 28 -29
48 30 80
48 31 86
48 32 -92
48 33 85
48 34 -48
48 35 -29
48 36 -21
48 37 -10
48 38 86
48 39 9
48 40 96
48 41 75
48 42 50
48 43 50
48 44 -73
48 47 -25
48 48 76
49 0 30
49 1 8
49 2 61
49 3 93
49 4 94
49 6 -98
49 7 55
49 10 -86
49 11 -36
49 14 -62
49 15 13
49 17 93
49 19 -61
49 21 92
49 22 -68
49 24 52
49 25 44
49 26 52
49 27 -11
49 28 -65
49 29 -24
49 30 -60
49 31 -20
49 32 -74
49 33 83
49 34 85
49 36 -36
49 38 -7
49 39 -68
49 41 -55
49 42 78
49 44 -73
49 45 61
49 46 -93
49 48 33