0 27 10
0 28 -34
0 121 -67
0 148 24
1 21 -69
1 23 -29
1 82 -79
2 128 61
3 74 81
3 76 -87
3 98 32
3 102 -36
3 132 24
4 43 60
4 97 51
4 110 2
5 2 -43
5 57 -84
6 16 97
6 28 -66
6 83 -49
6 123 -77
6 141 -17
7 40 -47
7 69 -72
8 41 -89
9 29 -82
9 39 43
10 40 49
10 58 -55
10 120 94
11 33 -63
12 15 -83
12 54 -51
12 120 -65
12 132 95
12 137 58
13 38 -84
13 41 27
13 103 -88
14 39 -70
15 92 -19
15 110 -91
15 115 -6
15 148 6
16 69 49
16 93 41
17 0 41
17 32 71
17 46 83
17 65 87
17 95 -88
17 127 -32
18 5 -33
19 0 -4
20 45 16
20 83 -15
20 116 -37
21 9 37
21 11 39
21 65 -52
21 69 92
21 136 12
22 111 52
22 114 -49
22 149 36
23 37 -66
23 75 -40
23 84 -31
24 111 64
24 129 58
25 20 3
25 46 87
25 108 17
25 128 -35
26 38 -26
27 23 -73
27 109 77
27 118 -81
28 22 38
28 79 -78
28 87 97
29 42 -83
29 70 59
29 71 -22
29 105 54
29 109 78
29 134 -41
30 83 2
30 96 90
31 31 -75
32 102 -92
32 103 -31
32 108 4
32 119 54
33 43 44
33 93 -69
33 124 37
34 8 -50
35 32 -50
35 37 -7
35 47 -21
35 116 43
35 121 -28
35 122 -43
36 35 94
36 142 32
37 7 68
37 88 -29
37 146 -49
38 19 75
38 82 50
38 115 91
39 135 12
40 2 3
40 128 -86
41 49 -40
41 140 -37
42 13 -89
42 136 -43
43 47 -16
43 52 -34
43 104 -58
44 5 78
44 11 23
44 74 -30
44 102 -65
45 130 -24
46 25 -74
46 31 82
46 109 73
46 144 3
47 55 -66
47 84 -45
47 136 96
48 18 9
48 46 -6
48 65 -35
48 133 -16
48 148 -46
49 2 32
49 41 -95
49 51 -65
49 110 58
51 36 93
51 75 40
51 98 -70
51 105 93
52 1 -48
52 93 66
52 109 34
52 128 -11
52 132 78
53 11 -5
53 111 61
54 2 -72
54 8 76
54 49 -16
56 112 66
57 84 68
57 118 52
57 120 -1
57 126 15
58 127 89
58 139 62
59 9 55
59 60 -92
59 97 -42
59 102 -99
59 111 37
59 131 -37
60 17 -78
60 56 -91
60 84 99
60 112 -30
61 54 79
61 59 63
62 38 67
62 59 -79
62 72 -54
62 82 31
63 87 -62
64 0 34
64 140 76
65 27 -26
65 50 -100
65 75 20
65 98 -40
65 134 -89
65 137 -64
66 33 78
66 40 -74
66 69 -93
67 28 -54
67 45 52
67 58 70
67 110 61
68 2 -65
68 55 -80
68 148 52
69 35 -67
69 53 70
69 65 79
69 70 -45
69 133 92
69 135 45
70 68 -20
71 93 -69
72 5 90
72 102 22
73 72 98
73 147 62
74 83 -37
74 94 53
75 28 11
75 84 22
75 96 -27
75 112 -27
76 65 -58
76 80 31
76 88 10
76 145 -88
77 3 -87
77 44 59
77 83 -11
77 143 55
78 85 78
78 91 19
78 113 27
78 149 46
79 0 34
79 39 -100
79 40 92
79 55 91
79 63 86
79 81 49
79 104 18
79 116 43
80 73 -69
80 104 -94
81 4 48
81 17 -81
81 93 -96
82 24 91
82 103 58
82 111 -11
82 125 -27
84 29 41
84 69 -79
84 77 -66
84 91 70
85 83 -69
85 92 -83
86 69 82
86 86 -75
87 50 28
87 78 -89
87 121 -83
87 133 3
88 27 70
88 98 -88
89 12 -70
89 20 90
89 36 -11
89 41 84
89 49 -74
89 105 41
89 141 45
90 30 51
90 97 28
91 27 76
91 33 -94
91 46 -16
91 89 -40
91 144 -69
92 60 -55
92 73 -34
93 14 11
93 59 -47
93 66 53
93 69 -98
93 105 -29
94 19 -85
94 22 38
94 42 96
94 57 93
94 65 87
94 91 -75
94 115 43
95 144 -50
96 22 64
96 52 -17
96 65 70
96 136 55
96 144 -30
97 33 3
97 54 -96
97 91 68
98 11 30
98 49 40
98 55 -83
98 99 -94
98 117 68
99 48 -54
99 54 -73
99 56 -91
99 83 -69
99 91 17
100 11 9
101 21 56
101 64 2
101 87 -53
101 147 -100
102 136 -31
103 48 49
104 9 92
104 96 -37
104 110 -3
105 80 18
105 89 -87
106 49 -93
106 145 66
107 0 -67
107 42 9
107 47 62
107 56 86
107 76 52
107 149 9
108 16 -19
108 56 -50
108 90 -35
108 95 -23
109 0 77
109 4 50
109 39 -97
109 110 -19
109 131 -80
109 137 -76
110 46 -59
111 12 -9
112 69 49
113 107 -60
113 133 34
114 74 30
116 42 77
116 47 20
116 70 -63
116 100 -26
117 12 36
117 42 22
117 149 -90
118 42 6
118 55 9
118 122 -29
118 126 -76
119 87 33
120 1 -17
120 7 -2
120 14 -30
120 35 -45
120 57 57
120 63 9
121 21 3
121 38 57
121 87 12
122 63 41
122 123 34
123 51 -97
123 117 74
124 16 -97
124 42 50
124 66 -46
124 68 20
124 134 -46
124 147 25
125 7 7
125 53 -52
125 77 10
125 107 -34
125 149 6
126 59 90
126 130 83
127 30 -72
127 54 -22
127 74 96
127 86 -17
128 28 -81
128 45 -13
128 80 31
128 124 25
129 73 -72
129 120 -91
130 8 94
130 15 -61
130 143 67
131 13 -59
131 26 -17
131 32 74
131 69 24
131 73 -19
131 109 -97
132 31 -58
132 56 -82
132 67 33
133 46 -9
133 64 32
134 17 27
134 18 -28
135 38 19
135 102 29
136 42 58
136 47 1
136 54 -48
136 77 -27
136 78 -30
138 42 51
138 78 -39
138 98 -32
138 120 -13
138 144 -16
139 5 -31
139 7 58
139 21 74
139 26 93
140 25 1
140 94 -38
140 125 41
141 60 -91
141 75 -54
141 82 70
141 107 -45
142 65 8
142 68 60
143 66 92
145 61 69
145 70 25
145 114 -8
146 37 46
146 40 46
146 79 -15
146 85 -7
146 96 -11
147 123 -39
148 67 6
148 122 34
149 14 -46
149 55 35
149 73 10
149 120 66
149 142 -98