0 1 73
0 7 -66
0 10 98
0 12 -11
0 16 -52
0 18 -93
0 21 64
0 24 97
0 25 -32
0 29 62
0 37 -71
0 41 -96
0 42 19
0 43 55
0 49 36
0 55 -26
0 56 -75
0 61 -69
0 66 47
0 67 -88
0 68 -4
0 70 56
0 75 -26
0 79 -62
0 82 69
0 90 -28
0 93 -81
0 102 -13
0 107 -96
0 114 -54
0 116 83
0 122 38
0 127 -3
0 128 95
0 130 -68
0 147 -75
1 14 6
1 19 3
1 20 86
1 22 -46
1 28 94
1 39 -67
1 45 13
1 47 -30
1 52 -97
1 55 50
1 58 41
1 63 -35
1 68 87
1 71 -33
1 78 -71
1 82 12
1 88 53
1 96 23
1 97 -20
1 98 -49
1 102 -91
1 110 88
1 111 17
1 124 4
1 134 -19
1 137 35
1 149 -19
2 19 -59
2 22 35
2 24 -47
2 25 -56
2 27 -44
2 29 23
2 31 65
2 41 20
2 50 -48
2 54 99
2 56 9
2 63 36
2 64 100
2 71 17
2 79 84
2 81 70
2 87 -69
2 88 -19
2 90 -82
2 97 76
2 98 68
2 101 -13
2 103 36
2 105 -75
2 108 -76
2 112 -79
2 113 19
2 126 -62
2 129 -49
2 133 -89
2 137 -65
2 138 82
2 140 4
3 0 -30
3 7 10
3 12 -63
3 14 -1
3 22 -11
3 23 8
3 26 60
3 33 2
3 34 -6
3 35 36
3 45 -50
3 49 76
3 50 59
3 52 14
3 56 -64
3 59 59
3 60 41
3 63 -36
3 69 76
3 86 77
3 92 -10
3 94 12
3 95 -37
3 101 -18
3 103 -99
3 109 -4
3 110 -96
3 113 -66
3 116 87
3 122 11
3 130 -53
3 132 83
3 139 -52
3 142 -57
4 1 -81
4 7 -47
4 10 -27
4 13 77
4 18 88
4 25 10
4 39 -41
4 46 -29
4 59 -74
4 61 -7
4 62 -74
4 63 -97
4 64 40
4 65 -69
4 69 46
4 70 -69
4 72 -66
4 75 -9
4 76 -88
4 77 -18
4 79 13
4 85 -10
4 88 -32
4 96 84
4 97 -46
4 100 -13
4 103 -89
4 104 -44
4 111 19
4 120 59
4 121 35
4 122 19
4 128 -63
4 129 84
4 133 -37
4 141 98
4 149 -90
5 4 78
5 5 51
5 6 15
5 10 -1
5 14 15
5 18 10
5 19 92
5 28 -29
5 29 -83
5 31 -8
5 32 -94
5 36 -99
5 37 -54
5 40 19
5 47 7
5 50 -35
5 56 10
5 62 -83
5 65 -89
5 74 77
5 80 -81
5 81 -38
5 82 -7
5 84 92
5 85 4
5 86 -43
5 92 -37
5 93 -58
5 94 -58
5 99 -30
5 105 -11
5 107 -81
5 109 -34
5 115 28
5 120 -75
5 135 44
5 136 12
5 140 -41
5 141 -77
5 144 -31
6 3 26
6 5 -48
6 8 -22
6 10 -38
6 12 -8
6 18 -97
6 23 -85
6 24 58
6 26 -10
6 33 75
6 37 28
6 38 -57
6 47 41
6 49 -63
6 53 81
6 67 72
6 80 66
6 87 11
6 93 -33
6 95 84
6 98 86
6 101 91
6 104 39
6 105 100
6 109 -20
6 112 -64
6 115 -41
6 116 91
6 118 -72
6 122 32
6 123 -95
6 126 -42
6 129 -80
6 135 17
6 140 6
6 149 -74
7 7 100
7 10 55
7 15 -68
7 16 -31
7 21 -32
7 24 77
7 28 -30
7 29 -2
7 30 -26
7 31 -67
7 35 -2
7 39 -57
7 45 55
7 51 89
7 52 -35
7 61 -39
7 63 -16
7 66 -64
7 68 -11
7 71 40
7 78 84
7 79 -62
7 84 -83
7 90 -11
7 96 1
7 99 45
7 100 41
7 102 -76
7 110 -43
7 122 -30
7 135 -94
7 137 51
7 140 71
7 142 -22
8 7 35
8 22 49
8 32 -40
8 36 -56
8 39 -76
8 44 94
8 51 17
8 53 -58
8 55 -28
8 56 -28
8 57 -22
8 58 96
8 59 -26
8 67 -63
8 81 78
8 96 32
8 99 -6
8 103 32
8 106 -29
8 112 -99
8 135 95
8 136 -80
8 140 -88
8 147 -98
8 148 -23
9 1 -99
9 7 -64
9 8 60
9 11 -34
9 13 40
9 14 20
9 15 4
9 23 -82
9 24 -52
9 29 -65
9 38 91
9 40 96
9 46 3
9 49 100
9 50 -34
9 52 71
9 56 96
9 57 85
9 60 -25
9 72 77
9 77 -98
9 79 64
9 89 2
9 96 -92
9 98 -12
9 103 -11
9 113 96
9 121 -81
9 124 -49
9 126 -20
9 127 -28
9 131 -86
9 132 51
9 138 28
9 140 -72
9 144 -8
9 146 -23
9 148 82
9 149 -11
10 2 -99
10 7 -4
10 9 37
10 10 -40
10 14 -9
10 19 -34
10 29 -24
10 32 -91
10 37 64
10 39 54
10 45 -57
10 49 29
10 51 76
10 52 -11
10 54 74
10 63 3
10 76 -7
10 78 20
10 82 32
10 95 -20
10 99 -57
10 101 -60
10 103 -87
10 105 84
10 106 92
10 108 -45
10 111 -95
10 113 -67
10 118 18
10 119 -4
10 120 31
10 124 -67
10 127 -47
10 132 31
10 134 -50
10 136 38
10 137 23
10 139 -12
10 146 51
11 0 -5
11 3 34
11 9 -20
11 12 34
11 14 -42
11 23 47
11 29 -79
11 30 -18
11 33 -34
11 37 5
11 47 -61
11 56 9
11 61 90
11 63 14
11 65 -60
11 66 -6
11 75 -84
11 76 -92
11 80 30
11 83 -51
11 91 -25
11 93 92
11 97 50
11 100 18
11 103 -57
11 111 29
11 112 77
11 115 67
11 116 -54
11 123 90
11 124 99
11 139 54
11 140 -14
11 142 -11
11 143 96
11 145 20
11 146 93
11 147 3
12 0 -72
12 2 15
12 3 98
12 11 72
12 15 -56
12 17 -14
12 28 13
12 42 61
12 43 99
12 55 99
12 56 -89
12 65 -79
12 72 -79
12 79 24
12 86 25
12 94 57
12 98 54
12 100 74
12 102 57
12 105 -92
12 108 -11
12 112 7
12 113 -63
12 116 4
12 123 -7
12 125 -74
12 135 -69
12 139 -34
12 142 88
13 0 -51
13 3 58
13 6 79
13 10 -97
13 19 -14
13 27 -49
13 29 17
13 30 -73
13 34 55
13 45 70
13 47 62
13 59 -29
13 64 23
13 66 85
13 69 -86
13 79 -80
13 86 83
13 94 63
13 95 -87
13 107 57
13 108 -60
13 110 -87
13 113 8
13 122 -22
13 130 -78
13 134 -94
13 135 -82
13 139 -96
13 148 -36
14 3 94
14 5 62
14 10 85
14 16 -28
14 18 35
14 20 -99
14 29 -3
14 31 8
14 41 64
14 43 52
14 48 -43
14 56 53
14 59 85
14 60 -78
14 65 36
14 68 40
14 78 3
14 82 50
14 90 -1
14 94 -84
14 99 78
14 102 -94
14 106 -72
14 109 49
14 114 9
14 117 -85
14 137 62
14 140 91
14 142 -66
14 145 41
14 146 -3
14 148 -75
14 149 99
15 4 -28
15 7 39
15 9 29
15 14 60
15 24 10
15 25 100
15 29 42
15 31 -32
15 35 6
15 36 -62
15 38 17
15 40 -2
15 45 -91
15 53 72
15 64 32
15 66 76
15 67 -8
15 72 -55
15 77 29
15 86 64
15 89 -55
15 96 -69
15 99 66
15 104 -53
15 107 28
15 108 25
15 112 -20
15 114 -36
15 115 -51
15 116 -41
15 117 -50
15 120 64
15 121 82
15 134 46
15 138 93
15 143 80
15 148 -65
16 5 -57
16 8 63
16 9 -78
16 10 35
16 17 13
16 20 8
16 23 -5
16 25 -9
16 26 -79
16 28 63
16 29 -98
16 31 26
16 32 -38
16 34 -76
16 37 15
16 39 -77
16 46 36
16 49 -84
16 52 -97
16 58 16
16 62 -3
16 73 -3
16 74 26
16 77 67
16 81 94
16 84 40
16 88 37
16 89 -52
16 92 99
16 104 -1
16 111 77
16 117 55
16 119 62
16 124 -94
16 131 77
16 141 -41
16 145 38
16 148 -63
16 149 74
17 2 68
17 5 81
17 12 -33
17 13 -78
17 15 15
17 16 93
17 17 73
17 22 93
17 25 45
17 26 -66
17 30 47
17 38 -90
17 54 -32
17 55 -65
17 58 67
17 59 18
17 65 -12
17 71 -94
17 77 -41
17 79 87
17 81 9
17 85 -76
17 86 97
17 90 95
17 93 27
17 94 87
17 96 -17
17 100 82
17 102 36
17 107 92
17 110 14
17 112 4
17 114 44
17 118 3
17 119 55
17 120 85
17 124 -91
17 125 -38
17 138 -35
17 139 -90
17 140 -15
17 142 11
17 144 41
18 3 21
18 10 -52
18 11 -27
18 15 -22
18 22 91
18 25 -76
18 26 37
18 27 22
18 32 -9
18 34 -83
18 35 3
18 41 60
18 43 -31
18 47 65
18 51 47
18 56 -45
18 57 -96
18 83 30
18 84 68
18 90 -66
18 92 84
18 94 -5
18 97 -15
18 105 77
18 117 -45
18 119 -84
18 120 -24
18 121 -50
18 126 -29
18 134 -81
18 138 -15
18 143 13
18 146 74
18 147 14
19 2 -68
19 15 48
19 18 73
19 22 2
19 30 -11
19 34 -24
19 47 -22
19 48 -41
19 54 44
19 63 78
19 64 82
19 65 76
19 67 75
19 71 96
19 88 -80
19 90 -52
19 91 -53
19 94 42
19 100 38
19 103 15
19 107 -32
19 109 -8
19 113 90
19 122 98
19 129 96
19 131 -97
19 135 -50
19 136 -24
19 137 12
20 1 12
20 12 4
20 17 10
20 21 49
20 38 100
20 41 -94
20 49 51
20 50 -40
20 53 81
20 57 -48
20 58 78
20 69 17
20 71 -25
20 72 -99
20 75 69
20 76 -64
20 78 -35
20 80 -42
20 83 49
20 84 52
20 89 97
20 92 78
20 98 15
20 100 94
20 102 -68
20 103 -59
20 110 -25
20 121 -54
20 122 -96
20 136 48
20 138 90
21 6 -87
21 11 -98
21 12 99
21 13 -78
21 23 98
21 31 -33
21 38 -53
21 48 71
21 49 56
21 52 -30
21 60 29
21 68 46
21 70 -42
21 71 4
21 75 -77
21 78 -80
21 79 -55
21 83 -39
21 87 75
21 88 -6
21 95 77
21 98 71
21 105 31
21 107 9
21 111 -47
21 114 -9
21 124 -31
21 132 81
21 136 -60
21 138 -23
21 143 18
21 148 -98
22 16 -46
22 18 6
22 41 -7
22 44 -14
22 46 92
22 50 -82
22 54 -69
22 55 69
22 59 11
22 60 -31
22 62 30
22 65 67
22 71 73
22 74 -59
22 79 59
22 80 97
22 87 -81
22 91 -97
22 93 35
22 94 12
22 98 -3
22 100 -59
22 120 84
22 124 94
22 129 70
22 131 -46
22 134 -87
22 140 -91
22 144 6
22 145 -71
22 146 -58
22 147 11
22 148 35
23 10 47
23 11 -73
23 12 3
23 16 -29
23 21 -55
23 23 -60
23 24 89
23 27 41
23 28 18
23 31 -16
23 36 17
23 40 95
23 42 29
23 50 60
23 52 56
23 54 87
23 55 -33
23 57 -53
23 60 -44
23 65 75
23 66 -12
23 76 31
23 77 100
23 79 -5
23 86 63
23 91 -24
23 94 32
23 104 72
23 105 30
23 132 -38
23 134 -99
23 135 -38
23 139 57
23 140 37
23 143 -13
23 145 12
23 146 9
23 149 -5
24 1 64
24 9 -97
24 12 -75
24 21 -41
24 24 54
24 26 -69
24 31 39
24 33 -12
24 38 69
24 45 60
24 50 -71
24 58 -91
24 59 -67
24 60 -5
24 63 -51
24 67 24
24 71 75
24 75 -58
24 83 95
24 90 97
24 99 -3
24 101 26
24 113 -37
24 115 -20
24 116 -83
24 119 -36
24 132 53
24 141 77
24 147 30
24 149 87
25 4 20
25 8 31
25 11 50
25 12 63
25 16 -78
25 21 -31
25 26 -11
25 43 -4
25 45 -1
25 46 -79
25 50 -61
25 61 -3
25 65 -87
25 68 -69
25 69 -56
25 76 1
25 78 51
25 82 -87
25 86 8
25 89 -29
25 99 -22
25 100 -57
25 101 76
25 104 -22
25 106 -89
25 107 12
25 108 9
25 110 -13
25 126 -24
25 137 -42
25 140 -85
25 141 -14
25 142 10
25 146 -96
25 148 59
26 1 35
26 6 -72
26 7 -12
26 10 16
26 21 49
26 23 -32
26 27 49
26 28 9
26 33 -8
26 35 79
26 37 50
26 42 -26
26 49 -88
26 50 27
26 51 37
26 56 93
26 57 -88
26 58 98
26 59 -54
26 69 16
26 71 50
26 74 -30
26 75 -4
26 77 43
26 78 -93
26 91 -55
26 96 95
26 99 -7
26 101 -63
26 103 -15
26 104 -68
26 105 -57
26 106 -27
26 109 58
26 113 -96
26 114 92
26 119 -57
26 121 -52
26 124 45
26 131 -72
26 133 -61
26 135 62
26 136 -29
26 143 65
27 3 -24
27 4 21
27 5 -20
27 12 98
27 14 96
27 19 -41
27 21 28
27 22 -22
27 31 -37
27 38 19
27 44 -74
27 56 -46
27 57 -99
27 60 85
27 64 -19
27 67 -67
27 69 42
27 73 58
27 76 95
27 77 -50
27 79 -89
27 81 6
27 85 63
27 88 -87
27 89 -97
27 90 -98
27 92 -5
27 93 78
27 95 -47
27 97 78
27 104 79
27 106 100
27 107 60
27 108 79
27 112 88
27 115 66
27 117 11
27 118 -72
27 125 27
27 132 -65
27 134 47
27 138 39
27 145 -5
27 146 -21
28 4 33
28 6 22
28 17 95
28 18 -40
28 22 -41
28 24 40
28 26 -9
28 27 8
28 32 50
28 33 -94
28 36 88
28 40 -65
28 43 -79
28 50 60
28 51 50
28 52 -44
28 55 -1
28 57 -18
28 58 98
28 64 -80
28 66 16
28 73 -69
28 81 38
28 87 -95
28 93 56
28 96 -13
28 97 -5
28 101 -9
28 102 -91
28 104 72
28 107 67
28 112 61
28 121 19
28 123 -43
28 129 90
28 147 -34
28 148 53
28 149 84
29 5 87
29 9 78
29 27 31
29 30 98
29 32 44
29 33 12
29 36 64
29 40 97
29 41 67
29 43 65
29 45 -17
29 48 15
29 50 33
29 51 45
29 58 -6
29 60 -59
29 67 8
29 73 -6
29 85 -62
29 90 -17
29 94 -59
29 101 -21
29 102 -93
29 107 -68
29 117 91
29 121 55
29 129 6
29 134 -33
29 143 -24
29 144 -92
29 146 39
29 149 -15
30 3 54
30 5 -14
30 15 100
30 16 -85
30 21 95
30 28 42
30 31 -55
30 33 -54
30 38 -52
30 42 -96
30 43 -59
30 48 -45
30 50 69
30 51 44
30 59 -24
30 61 78
30 67 37
30 69 -22
30 71 53
30 74 39
30 77 30
30 79 -93
30 81 -45
30 95 85
30 96 -72
30 99 14
30 105 53
30 106 -78
30 115 43
30 124 8
30 127 18
30 130 18
30 134 -80
30 141 -58
30 142 82
30 146 80
31 3 -3
31 8 -55
31 15 -35
31 26 85
31 28 99
31 33 -4
31 35 35
31 36 5
31 38 -37
31 41 -48
31 43 -13
31 44 -97
31 45 43
31 52 78
31 53 -98
31 56 62
31 61 78
31 62 -64
31 73 21
31 75 57
31 76 4
31 81 -61
31 90 -90
31 94 51
31 95 -98
31 99 14
31 101 2
31 106 -3
31 111 -33
31 114 78
31 119 10
31 122 -60
31 126 67
31 127 22
31 128 -99
31 130 71
31 144 73
31 146 14
31 147 84
31 148 -58
32 2 -58
32 17 46
32 26 -85
32 27 11
32 28 3
32 30 33
32 33 -47
32 44 -75
32 49 17
32 53 68
32 55 75
32 60 93
32 63 12
32 65 -61
32 69 -57
32 71 -53
32 85 100
32 92 -71
32 104 29
32 112 -68
32 113 7
32 124 53
32 125 -41
32 148 -63
33 2 58
33 7 -7
33 11 98
33 16 74
33 23 -65
33 37 88
33 43 88
33 51 -87
33 54 -89
33 59 -72
33 63 7
33 71 3
33 75 -72
33 93 100
33 96 47
33 99 82
33 101 -47
33 112 -21
33 121 97
33 126 -54
33 127 -48
33 132 -82
33 134 27
33 144 -71
33 145 -60
33 149 43
34 2 75
34 7 56
34 9 -7
34 14 18
34 15 12
34 18 6
34 20 -85
34 25 -43
34 26 -68
34 45 93
34 46 -29
34 51 36
34 61 52
34 72 92
34 76 -24
34 91 -13
34 93 -76
34 103 98
34 104 3
34 106 13
34 108 -84
34 112 53
34 115 -35
34 117 -48
34 118 -96
34 121 82
34 123 54
34 126 -77
34 128 -44
34 129 -99
34 138 -66
34 139 -66
34 140 -5
34 144 -40
35 5 -61
35 7 -21
35 13 -41
35 26 65
35 29 86
35 32 -45
35 37 66
35 39 -28
35 41 -37
35 44 -71
35 45 38
35 51 33
35 61 67
35 64 81
35 71 62
35 76 -66
35 77 -28
35 78 -46
35 81 86
35 82 43
35 83 42
35 85 70
35 94 -89
35 96 14
35 97 50
35 103 69
35 105 73
35 106 -97
35 113 -84
35 115 -4
35 116 40
35 117 -37
35 120 -91
35 122 -81
35 128 -44
35 131 35
35 133 -18
35 137 5
35 145 -55
35 149 -8
36 8 -74
36 16 -3
36 25 51
36 31 -51
36 42 -5
36 46 18
36 47 -8
36 64 77
36 65 -46
36 70 -20
36 83 -99
36 84 39
36 88 -89
36 89 7
36 95 -43
36 96 16
36 97 3
36 98 72
36 101 11
36 113 -38
36 116 6
36 137 -39
36 147 48
36 148 98
37 1 -77
37 3 90
37 7 -59
37 9 19
37 11 -27
37 15 57
37 23 -67
37 26 62
37 28 25
37 29 88
37 40 42
37 43 -44
37 47 -86
37 49 -9
37 52 -84
37 55 93
37 56 52
37 59 42
37 69 31
37 75 59
37 89 80
37 100 -82
37 102 -39
37 111 -74
37 112 53
37 118 -77
37 120 37
37 124 -10
37 126 -16
37 138 -64
37 142 5
37 143 -47
38 2 28
38 8 53
38 21 -14
38 34 -49
38 40 -93
38 44 42
38 49 -16
38 54 46
38 57 -33
38 67 -21
38 69 37
38 71 -44
38 78 -33
38 81 -22
38 86 1
38 88 10
38 89 -79
38 92 -4
38 95 -57
38 102 56
38 103 -24
38 106 -42
38 107 90
38 109 8
38 116 -3
38 117 -36
38 120 98
38 125 15
38 127 -75
38 129 -15
38 135 -96
38 136 63
38 139 30
38 141 1
39 5 -54
39 6 -19
39 15 53
39 18 68
39 28 8
39 36 28
39 37 21
39 46 -95
39 47 -93
39 49 21
39 56 81
39 57 -27
39 61 52
39 64 -24
39 65 71
39 67 14
39 74 -74
39 76 -46
39 78 -33
39 79 77
39 91 88
39 92 91
39 100 53
39 105 10
39 106 -46
39 120 -54
39 126 98
39 131 -83
39 140 98
40 1 -68
40 3 35
40 15 -53
40 18 91
40 22 -59
40 27 76
40 29 53
40 33 -48
40 35 21
40 36 7
40 39 28
40 41 -11
40 43 36
40 47 -74
40 48 77
40 49 2
40 52 -78
40 59 28
40 62 -84
40 69 3
40 71 78
40 74 48
40 76 -48
40 83 -48
40 90 -93
40 95 47
40 106 -11
40 114 -21
40 118 -16
40 125 -93
40 126 33
40 130 27
40 137 86
40 138 89
40 139 76
40 140 -16
40 141 39
40 142 -6
40 148 -85
41 3 27
41 13 81
41 17 66
41 18 -52
41 24 -3
41 30 -94
41 31 8
41 35 -43
41 37 76
41 45 -51
41 47 26
41 48 -94
41 49 69
41 56 68
41 59 14
41 61 -95
41 62 -91
41 63 -45
41 71 -57
41 73 14
41 81 -55
41 82 -49
41 85 11
41 99 67
41 100 57
41 101 -27
41 103 95
41 106 -29
41 118 -58
41 124 -88
41 125 -81
41 131 87
41 137 -32
41 138 76
41 139 36
41 146 -41
41 147 -53
41 149 72
42 3 60
42 6 -68
42 11 83
42 12 -51
42 13 28
42 29 -75
42 33 -62
42 34 -17
42 47 61
42 49 52
42 54 4
42 55 13
42 66 -74
42 76 11
42 78 -17
42 83 -16
42 85 11
42 88 83
42 90 98
42 91 96
42 92 12
42 95 8
42 102 -29
42 108 -58
42 110 22
42 111 -9
42 112 -32
42 114 56
42 115 -83
42 118 -27
42 122 46
42 125 29
42 127 65
42 130 94
42 132 -99
42 135 -59
42 136 35
42 137 -27
42 140 51
43 0 -18
43 1 -54
43 4 1
43 6 93
43 8 27
43 12 -74
43 31 -45
43 32 13
43 40 -69
43 41 66
43 43 29
43 57 74
43 72 26
43 74 -51
43 75 36
43 78 -22
43 81 -39
43 84 -37
43 87 50
43 91 -56
43 93 93
43 94 -52
43 102 99
43 104 32
43 114 -20
43 115 32
43 117 -28
43 124 77
43 146 11
43 147 -25
43 149 -99
44 4 4
44 7 -34
44 10 -88
44 18 -95
44 20 -12
44 23 74
44 25 -97
44 28 68
44 34 77
44 37 -23
44 40 -33
44 42 -59
44 47 -1
44 48 52
44 57 18
44 65 -77
44 73 -85
44 75 -38
44 81 1
44 83 -15
44 84 53
44 86 -95
44 88 44
44 90 47
44 92 -77
44 97 -83
44 98 -4
44 102 -18
44 107 75
44 111 -4
44 115 -28
44 116 -97
44 117 -78
44 124 -98
44 127 -43
44 130 86
44 139 73
44 148 98
45 2 10
45 3 19
45 7 -12
45 11 -9
45 12 5
45 13 75
45 16 53
45 22 61
45 24 -3
45 29 24
45 30 73
45 32 -99
45 34 -30
45 44 -100
45 48 -38
45 49 50
45 55 -45
45 62 97
45 69 -91
45 70 -27
45 71 9
45 73 -74
45 83 44
45 84 58
45 85 -74
45 90 56
45 95 41
45 97 21
45 103 -94
45 105 65
45 110 52
45 111 88
45 118 -96
45 119 -93
45 120 -81
45 121 -39
45 122 73
45 124 24
45 134 -67
45 136 84
45 140 53
46 1 12
46 3 -35
46 6 89
46 8 -100
46 13 -15
46 22 84
46 23 -3
46 26 41
46 28 -4
46 29 -65
46 31 -38
46 34 14
46 42 -40
46 46 66
46 52 -50
46 53 -68
46 54 26
46 56 54
46 60 -89
46 62 -58
46 63 -74
46 67 -67
46 72 -24
46 73 -87
46 75 -77
46 84 46
46 86 -81
46 89 -63
46 90 -36
46 101 -26
46 102 -86
46 103 -81
46 108 -38
46 112 -45
46 116 -67
46 121 19
46 122 -37
46 128 37
46 129 46
46 132 44
46 135 -81
46 140 36
46 144 -65
46 147 74
46 149 -48
47 1 -43
47 4 78
47 7 -98
47 14 -7
47 24 -59
47 25 -49
47 37 10
47 46 -7
47 57 -86
47 65 -12
47 68 -46
47 69 -30
47 87 -3
47 94 -63
47 95 2
47 96 64
47 99 38
47 101 -25
47 102 68
47 105 8
47 109 41
47 114 -74
47 122 -3
47 125 -2
47 132 83
47 133 -42
47 136 81
47 146 19
47 149 -6
48 0 77
48 3 69
48 5 49
48 17 30
48 22 71
48 27 61
48 28 19
48 31 -19
48 40 25
48 41 -29
48 44 -43
48 51 53
48 54 -63
48 56 -11
48 58 57
48 65 84
48 68 57
48 70 -55
48 73 4
48 76 -33
48 77 -16
48 78 8
48 79 -43
48 84 -82
48 89 -72
48 91 -24
48 92 -27
48 99 -15
48 102 67
48 114 40
48 115 -46
48 117 -57
48 119 -32
48 122 99
48 131 71
48 135 62
48 139 99
48 145 -23
48 149 -64
49 6 -62
49 7 -37
49 11 50
49 13 -98
49 19 81
49 34 100
49 37 -10
49 40 -30
49 43 -60
49 59 -75
49 63 -86
49 72 25
49 77 -34
49 85 96
49 91 -39
49 93 -83
49 94 37
49 95 -58
49 98 -19
49 99 -25
49 100 10
49 103 -91
49 110 39
49 115 51
49 117 -50
49 118 84
49 123 -25
49 134 -98
49 141 78
49 142 31
49 147 8
49 148 -37
50 2 -83
50 11 89
50 14 16
50 16 83
50 17 -5
50 21 -7
50 22 -84
50 23 -94
50 31 38
50 38 -21
50 39 -98
50 41 35
50 52 3
50 85 8
50 86 -56
50 92 -90
50 96 3
50 97 19
50 99 44
50 104 24
50 108 86
50 114 -87
50 119 -33
50 133 -80
50 134 -58
50 135 25
50 139 -62
50 140 100
50 144 66
50 149 -16
51 11 -7
51 13 76
51 14 -38
51 24 -62
51 29 60
51 40 47
51 45 96
51 51 -17
51 53 47
51 57 1
51 64 -59
51 68 44
51 74 60
51 78 -13
51 80 73
51 81 36
51 85 2
51 86 -12
51 93 -79
51 95 85
51 101 51
51 103 8
51 113 37
51 117 -47
51 119 -39
51 122 69
51 128 24
51 132 40
51 139 -3
51 143 -69
51 145 35
52 2 -48
52 12 -100
52 14 -97
52 17 -15
52 20 20
52 24 -7
52 29 58
52 30 -82
52 32 14
52 42 -27
52 45 65
52 58 63
52 69 -9
52 70 -97
52 73 -97
52 84 -76
52 86 -95
52 92 -3
52 98 -35
52 101 51
52 103 55
52 106 43
52 121 -91
52 122 25
52 125 -13
52 131 18
52 132 -77
52 134 -36
52 137 -60
52 139 -47
52 141 -40
52 148 -92
53 9 -1
53 14 49
53 16 -48
53 31 -9
53 33 37
53 35 -79
53 40 -98
53 46 87
53 55 45
53 57 21
53 60 38
53 68 84
53 73 10
53 76 -96
53 84 50
53 88 -71
53 91 -73
53 92 -6
53 93 80
53 98 -96
53 99 -90
53 109 -2
53 115 89
53 118 -87
53 124 -90
53 127 -45
53 128 -47
53 131 9
53 132 4
53 135 75
53 140 -49
53 149 -41
54 8 2
54 13 16
54 20 58
54 23 -21
54 26 6
54 27 25
54 46 52
54 60 90
54 61 -60
54 62 -76
54 63 -77
54 64 -62
54 67 -82
54 69 48
54 72 8
54 73 -18
54 84 -46
54 90 15
54 93 35
54 99 -26
54 105 45
54 112 56
54 124 54
54 125 12
54 127 15
54 145 -21
54 148 -88
55 3 95
55 5 -33
55 6 43
55 15 -91
55 17 -10
55 20 96
55 24 -8
55 32 -62
55 35 -75
55 36 -38
55 47 -26
55 50 85
55 56 72
55 60 94
55 64 -17
55 74 80
55 75 33
55 87 98
55 93 -94
55 102 12
55 106 87
55 109 -55
55 110 -7
55 112 52
55 118 32
55 119 1
55 123 97
55 135 -64
55 136 12
55 137 23
55 138 17
55 139 56
55 142 -48
55 143 -51
55 148 -77
56 3 18
56 6 20
56 8 -63
56 14 -44
56 15 26
56 19 -60
56 20 -87
56 22 -63
56 26 -53
56 29 -17
56 31 43
56 32 25
56 33 20
56 37 -51
56 42 72
56 45 -27
56 47 77
56 48 90
56 51 -10
56 52 -69
56 57 46
56 61 30
56 66 40
56 67 4
56 77 -1
56 81 47
56 82 15
56 84 -79
56 86 24
56 88 -77
56 95 60
56 96 95
56 101 40
56 109 61
56 116 57
56 121 89
56 145 87
56 146 -59
56 149 6
57 3 -33
57 7 41
57 14 -1
57 24 11
57 27 65
57 30 76
57 36 98
57 45 86
57 49 -89
57 52 -25
57 55 78
57 56 -31
57 57 58
57 62 43
57 64 71
57 65 54
57 69 -71
57 72 97
57 76 70
57 77 -88
57 91 -35
57 101 -45
57 109 -82
57 112 94
57 114 97
57 117 46
57 118 -100
57 119 44
57 120 69
57 124 -66
57 129 73
57 133 7
57 134 -71
57 138 -95
57 143 45
58 3 -48
58 9 -11
58 15 -83
58 17 25
58 21 27
58 24 -46
58 25 51
58 28 -64
58 30 93
58 31 -71
58 37 16
58 38 -69
58 39 -56
58 41 -76
58 50 -17
58 53 -7
58 54 -68
58 57 -6
58 60 8
58 64 -37
58 67 81
58 77 71
58 78 85
58 79 -51
58 82 74
58 88 -82
58 95 -70
58 101 95
58 105 70
58 110 78
58 118 31
58 121 -97
58 126 -44
58 129 41
58 137 62
58 138 -8
58 148 88
59 0 84
59 1 36
59 2 -86
59 5 36
59 14 -51
59 21 7
59 22 10
59 31 -83
59 33 -81
59 34 50
59 37 -94
59 39 -81
59 45 -38
59 53 2
59 56 81
59 59 -78
59 64 -80
59 65 50
59 67 -17
59 68 15
59 69 41
59 74 -84
59 80 -77
59 83 47
59 84 -25
59 86 -21
59 87 81
59 91 -1
59 94 -15
59 99 57
59 104 -100
59 106 -66
59 108 97
59 112 -88
59 115 -79
59 116 -95
59 117 70
59 123 94
59 131 59
59 148 21
59 149 -37
60 0 95
60 3 -40
60 4 75
60 5 -70
60 6 -84
60 18 -98
60 20 -29
60 26 32
60 33 11
60 34 -67
60 43 54
60 45 12
60 48 -26
60 52 86
60 59 -61
60 63 -28
60 67 -42
60 69 36
60 77 82
60 84 64
60 86 22
60 88 70
60 91 -34
60 103 41
60 111 -76
60 118 -57
60 135 13
60 137 -49
60 138 96
60 143 -90
60 144 46
61 0 36
61 8 22
61 15 99
61 21 35
61 23 42
61 26 -62
61 29 -19
61 31 -3
61 32 33
61 37 -19
61 41 -76
61 44 -59
61 48 44
61 49 -91
61 54 31
61 58 2
61 64 -86
61 70 -4
61 71 29
61 76 -20
61 78 -35
61 82 -55
61 84 -85
61 93 -76
61 95 -48
61 96 -51
61 97 -63
61 99 -83
61 106 22
61 118 45
61 122 74
61 123 82
61 132 19
61 133 -25
61 135 -84
61 142 87
62 0 16
62 2 -44
62 5 -90
62 10 97
62 11 86
62 12 98
62 14 77
62 26 12
62 27 -75
62 29 -13
62 33 -100
62 37 -35
62 39 -35
62 46 4
62 49 9
62 54 -23
62 56 58
62 61 73
62 74 -93
62 76 77
62 80 90
62 90 60
62 96 47
62 99 -96
62 102 -16
62 105 -46
62 109 -90
62 114 -56
62 115 66
62 125 -19
62 126 -54
62 130 -12
62 142 -34
62 145 -79
62 146 -46
62 147 -87
63 3 54
63 6 53
63 10 9
63 19 51
63 22 25
63 24 -5
63 28 44
63 33 -67
63 37 83
63 38 -7
63 40 -99
63 48 -100
63 49 78
63 50 -43
63 52 81
63 54 -19
63 56 -41
63 59 4
63 65 -36
63 66 14
63 72 -93
63 78 54
63 83 -45
63 85 -47
63 87 95
63 95 9
63 106 62
63 111 26
63 114 8
63 115 20
63 139 -72
64 3 -91
64 10 -95
64 11 -41
64 13 40
64 16 -7
64 19 38
64 25 -7
64 34 -64
64 36 68
64 42 -53
64 43 -68
64 54 96
64 55 93
64 57 -54
64 62 24
64 63 -32
64 66 -51
64 67 78
64 75 -97
64 78 83
64 80 22
64 87 -76
64 88 -71
64 89 30
64 97 -77
64 98 99
64 105 87
64 113 -34
64 118 39
64 128 1
64 131 44
64 135 50
64 138 -75
64 141 66
64 143 97
64 147 -59
65 0 27
65 6 57
65 8 -71
65 9 -44
65 18 -82
65 19 81
65 23 -32
65 33 -52
65 34 -77
65 41 38
65 42 15
65 44 -90
65 51 -48
65 53 -75
65 65 64
65 76 6
65 79 48
65 84 23
65 85 -61
65 86 -25
65 88 13
65 89 50
65 90 55
65 92 13
65 95 62
65 100 -21
65 102 41
65 103 25
65 105 27
65 107 15
65 108 -21
65 109 3
65 111 -68
65 115 -64
65 118 -78
65 119 -38
65 128 -43
65 131 10
65 143 31
65 145 -25
66 4 -34
66 5 80
66 6 -7
66 8 35
66 10 62
66 13 -20
66 15 -37
66 16 56
66 17 56
66 19 -94
66 26 -4
66 27 -40
66 28 -40
66 33 -10
66 38 68
66 39 84
66 42 5
66 44 -45
66 47 32
66 52 -93
66 56 29
66 58 80
66 66 -91
66 74 -43
66 76 -33
66 82 100
66 83 -49
66 89 43
66 90 32
66 100 -83
66 101 72
66 103 -76
66 105 60
66 108 -39
66 110 -44
66 112 -94
66 116 32
66 117 6
66 125 -35
66 130 83
66 139 12
66 144 62
66 148 -60
66 149 -64
67 1 -16
67 6 -56
67 8 5
67 13 89
67 22 -75
67 28 2
67 32 26
67 34 -67
67 36 18
67 37 16
67 39 -80
67 45 8
67 59 37
67 60 -79
67 69 -59
67 74 2
67 87 87
67 88 36
67 92 -12
67 93 -77
67 94 100
67 105 53
67 106 31
67 121 -7
67 124 -7
67 146 64
67 147 47
68 0 -20
68 5 54
68 8 50
68 10 28
68 13 -3
68 19 -27
68 24 -20
68 25 -16
68 29 30
68 30 54
68 34 45
68 36 -66
68 37 -69
68 47 -50
68 52 45
68 57 -61
68 60 95
68 73 27
68 76 -97
68 79 35
68 81 87
68 82 -67
68 88 44
68 92 -74
68 93 -49
68 109 -32
68 121 69
68 133 71
68 134 -58
68 135 -71
68 141 -65
68 146 68
69 3 -67
69 4 -32
69 19 82
69 22 -11
69 28 -21
69 29 -12
69 30 -59
69 32 -83
69 33 -24
69 35 -45
69 38 1
69 42 -72
69 46 -39
69 48 -95
69 51 55
69 62 73
69 63 -32
69 66 -74
69 69 -84
69 71 -86
69 78 46
69 92 4
69 99 78
69 100 45
69 110 -49
69 115 -38
69 127 -29
69 130 -88
69 133 14
69 135 -86
69 137 -56
69 142 -23
69 145 17
69 149 43
70 10 -87
70 13 -74
70 16 28
70 29 21
70 33 -38
70 41 83
70 48 -54
70 49 -74
70 50 -56
70 59 98
70 70 -6
70 77 7
70 81 52
70 90 74
70 95 -31
70 96 -86
70 98 63
70 102 64
70 103 -7
70 104 -94
70 105 -5
70 107 -8
70 113 -60
70 117 -55
70 132 85
70 133 -100
70 136 -89
70 138 -43
70 147 -89
71 0 -18
71 10 -27
71 11 35
71 19 -4
71 25 -32
71 26 66
71 27 -32
71 31 1
71 32 -55
71 39 -93
71 41 9
71 42 -68
71 43 -60
71 46 -20
71 47 -91
71 52 99
71 58 84
71 61 -47
71 68 87
71 69 -24
71 73 -46
71 80 -70
71 81 52
71 86 70
71 87 -54
71 96 9
71 109 -67
71 110 53
71 111 62
71 118 -46
71 119 69
72 4 -96
72 5 -43
72 7 58
72 20 -91
72 33 52
72 35 51
72 37 -4
72 40 29
72 42 24
72 49 23
72 57 -51
72 60 -50
72 64 26
72 73 -26
72 76 -42
72 89 -28
72 91 22
72 94 -81
72 97 15
72 99 20
72 102 80
72 103 58
72 111 -6
72 114 -80
72 116 -39
72 120 35
72 126 -65
72 128 -16
72 133 60
72 135 96
72 137 36
72 138 -46
72 142 -85
72 145 17
72 149 -24
73 0 38
73 2 -70
73 14 71
73 16 43
73 19 -29
73 21 -97
73 27 -82
73 38 73
73 39 44
73 45 73
73 52 -82
73 53 -86
73 58 92
73 62 100
73 73 96
73 78 95
73 79 -74
73 80 -71
73 87 -80
73 94 94
73 96 -78
73 105 -82
73 110 -61
73 114 -3
73 119 60
73 121 100
73 124 97
73 125 -22
73 134 42
73 136 -61
73 142 79
73 143 -54
73 144 19
73 145 87
74 0 -77
74 3 46
74 6 62
74 18 96
74 26 99
74 35 -34
74 39 -79
74 42 -22
74 52 -28
74 61 30
74 63 -33
74 65 -2
74 74 64
74 75 3
74 77 33
74 78 97
74 86 70
74 88 -87
74 97 -86
74 100 -98
74 102 -5
74 103 69
74 107 3
74 108 -45
74 110 -41
74 113 -57
74 114 92
74 121 -64
74 124 68
74 125 -66
74 129 32
74 138 -78
74 139 -39
74 149 62
75 1 82
75 2 -43
75 5 -46
75 17 51
75 20 -42
75 21 -82
75 30 56
75 41 29
75 42 21
75 58 -44
75 59 -40
75 63 -93
75 70 -22
75 82 58
75 86 -83
75 89 -99
75 104 86
75 109 55
75 114 91
75 116 -93
75 118 -83
75 119 52
75 131 -88
75 133 98
75 138 -68
75 145 1
75 146 -53
75 147 78
76 13 84
76 17 -79
76 19 89
76 29 -81
76 32 35
76 39 74
76 43 30
76 46 -17
76 57 -21
76 60 40
76 67 -100
76 69 72
76 72 -24
76 74 25
76 75 -31
76 76 -20
76 81 -90
76 83 -91
76 92 3
76 106 -95
76 107 75
76 112 4
76 116 -16
76 119 15
76 123 -13
76 129 73
76 139 64
76 143 -65
76 147 8
76 148 -84
77 1 -80
77 8 78
77 11 -13
77 15 79
77 20 -27
77 30 -20
77 31 48
77 33 -50
77 35 -52
77 41 39
77 42 -76
77 51 61
77 52 -93
77 53 71
77 62 -81
77 63 40
77 66 55
77 70 27
77 72 -76
77 77 -65
77 84 -80
77 88 24
77 94 59
77 99 48
77 101 62
77 113 -89
77 115 -91
77 119 5
77 126 -19
77 127 -11
77 138 -11
77 147 72
78 8 19
78 18 5
78 23 -31
78 24 66
78 28 -71
78 33 -37
78 35 63
78 36 -44
78 38 51
78 39 95
78 41 59
78 43 -48
78 53 -46
78 55 -85
78 57 -18
78 58 -40
78 64 94
78 65 74
78 67 47
78 69 9
78 82 86
78 85 5
78 86 11
78 87 84
78 96 -58
78 100 65
78 104 43
78 111 13
78 114 78
78 119 41
78 131 38
78 132 -61
78 134 -18
78 137 52
78 140 -25
78 146 32
78 148 -4
79 5 -21
79 7 38
79 8 -77
79 12 -3
79 16 -51
79 17 -70
79 22 -82
79 27 69
79 28 37
79 33 98
79 36 -14
79 37 49
79 41 -55
79 42 -8
79 54 11
79 55 32
79 67 -5
79 69 71
79 74 84
79 80 79
79 84 -18
79 92 89
79 96 61
79 100 -41
79 102 -51
79 103 16
79 106 -32
79 109 -78
79 114 -30
79 119 -92
79 125 100
79 142 -100
79 147 -91
79 149 -59
80 0 21
80 8 -23
80 17 59
80 26 33
80 40 -2
80 42 65
80 43 -4
80 60 73
80 66 -90
80 69 17
80 74 71
80 77 -87
80 79 81
80 80 15
80 81 -61
80 86 2
80 90 53
80 91 -59
80 100 35
80 106 -41
80 107 23
80 111 -62
80 112 -50
80 114 -73
80 115 -87
80 118 -21
80 120 -8
80 121 -26
80 124 12
80 129 46
80 130 39
80 131 15
80 133 -50
80 137 32
80 139 -37
80 140 97
80 143 -90
80 144 -46
80 149 45
81 3 -68
81 5 78
81 9 98
81 16 45
81 18 -93
81 22 85
81 24 25
81 26 73
81 27 -93
81 30 22
81 34 -27
81 39 -25
81 43 -58
81 50 -83
81 76 27
81 81 69
81 86 -71
81 89 -33
81 99 -30
81 101 -44
81 103 41
81 106 -86
81 111 -38
81 112 -95
81 121 -43
81 124 78
81 128 -36
81 130 11
81 131 -36
81 137 -69
81 140 -1
81 143 -77
81 144 93
82 4 20
82 5 39
82 6 -74
82 14 -1
82 18 90
82 19 81
82 25 52
82 27 45
82 28 28
82 31 17
82 54 -84
82 61 -71
82 62 70
82 72 27
82 73 63
82 74 -20
82 82 45
82 84 62
82 88 55
82 92 74
82 94 98
82 100 3
82 106 -79
82 107 -16
82 108 -60
82 112 82
82 126 99
82 127 19
82 133 -81
82 144 33
83 6 43
83 9 -40
83 10 20
83 16 -31
83 20 31
83 21 -9
83 25 -76
83 39 -89
83 40 3
83 46 31
83 49 -2
83 58 78
83 62 -55
83 67 -49
83 74 63
83 76 -95
83 77 -56
83 78 79
83 81 63
83 83 57
83 84 -92
83 97 51
83 101 -95
83 106 5
83 109 -89
83 114 -75
83 116 -57
83 117 -61
83 126 21
83 129 -44
83 130 -86
83 136 -97
83 138 -50
83 139 -19
83 140 -41
84 4 -14
84 7 -41
84 12 95
84 13 -65
84 14 -38
84 17 -33
84 27 -7
84 35 -55
84 39 -100
84 42 -94
84 50 55
84 51 44
84 56 -20
84 58 -85
84 59 -76
84 62 -21
84 64 1
84 66 -52
84 74 -2
84 76 90
84 77 -48
84 78 70
84 81 -29
84 88 -2
84 98 76
84 99 73
84 107 -47
84 109 65
84 113 46
84 115 78
84 117 45
84 118 -22
84 120 15
84 123 -96
84 129 41
84 130 -34
84 132 -71
84 135 -31
84 137 -80
85 0 96
85 2 -35
85 3 -58
85 6 -48
85 12 65
85 15 72
85 32 14
85 39 -77
85 40 67
85 42 67
85 45 37
85 48 1
85 53 -41
85 59 -32
85 64 71
85 66 55
85 69 35
85 72 91
85 76 -80
85 85 -38
85 92 49
85 102 -47
85 105 77
85 106 -41
85 112 -99
85 119 41
85 129 -39
85 131 -69
85 138 36
85 145 97
85 146 54
85 149 -15
86 2 58
86 7 95
86 8 52
86 14 69
86 21 -12
86 28 -84
86 34 -40
86 38 -87
86 42 8
86 45 11
86 53 35
86 55 87
86 67 34
86 68 -46
86 72 48
86 73 -16
86 74 -92
86 76 -38
86 84 1
86 88 -49
86 92 66
86 100 -34
86 107 89
86 108 38
86 112 -73
86 115 97
86 116 19
86 118 97
86 121 41
86 125 -61
86 126 46
86 131 -98
86 133 -90
86 136 -12
86 149 -58
87 1 42
87 4 -12
87 5 16
87 8 89
87 9 -58
87 10 69
87 13 44
87 14 23
87 19 81
87 21 -46
87 22 46
87 27 52
87 30 21
87 32 -76
87 34 72
87 35 57
87 42 14
87 51 -23
87 52 -26
87 55 -9
87 57 64
87 60 3
87 61 -70
87 65 90
87 69 95
87 74 -27
87 77 96
87 79 -24
87 84 -34
87 87 18
87 91 7
87 97 -96
87 99 99
87 102 -2
87 113 73
87 116 17
87 118 -20
87 129 -22
87 135 63
87 136 91
87 139 82
87 141 -93
87 142 -19
87 143 -82
87 149 7
88 1 70
88 2 -25
88 17 -15
88 30 68
88 32 100
88 35 -72
88 38 -35
88 44 70
88 72 70
88 79 32
88 80 -100
88 82 49
88 89 -96
88 97 -25
88 104 -62
88 107 -70
88 108 38
88 109 -70
88 114 26
88 115 97
88 121 91
88 125 95
88 126 -31
88 128 46
88 133 -59
88 135 56
88 140 -38
88 142 -16
88 144 5
88 147 35
88 148 41
88 149 -48
89 3 -95
89 5 16
89 6 45
89 16 -8
89 21 -34
89 26 72
89 30 -49
89 33 46
89 37 -91
89 38 -9
89 42 -8
89 45 -63
89 48 33
89 53 74
89 54 96
89 57 67
89 61 66
89 63 86
89 65 -13
89 68 68
89 70 -38
89 71 -55
89 79 -25
89 81 -8
89 82 1
89 88 13
89 92 79
89 100 -42
89 102 -96
89 103 -59
89 104 -64
89 110 78
89 116 43
89 128 66
89 137 -21
89 141 -84
89 144 -48
89 149 -12
90 0 68
90 1 -31
90 2 -35
90 4 23
90 5 -98
90 10 23
90 17 -95
90 18 -9
90 20 28
90 23 76
90 24 98
90 31 -95
90 32 -66
90 34 100
90 37 -57
90 39 -69
90 45 72
90 46 -9
90 49 84
90 60 -29
90 67 -29
90 69 4
90 72 -25
90 73 -18
90 74 -95
90 86 35
90 91 71
90 93 26
90 98 -92
90 105 25
90 108 -50
90 113 -31
90 117 1
90 123 92
90 126 -5
90 130 12
90 131 23
90 132 56
90 133 -18
90 140 -37
90 142 14
90 146 -94
90 147 73
90 148 60
91 3 2
91 14 -17
91 18 -34
91 24 -26
91 29 -71
91 45 -87
91 48 97
91 66 -47
91 70 30
91 73 -31
91 75 -30
91 77 47
91 79 -62
91 81 78
91 83 -66
91 95 -25
91 96 93
91 97 49
91 103 -75
91 105 51
91 106 34
91 108 -87
91 115 44
91 116 -76
91 119 -36
91 126 69
91 127 -27
91 129 -49
91 133 66
91 134 77
91 135 22
91 137 -51
91 148 -52
92 6 -35
92 8 99
92 10 -9
92 11 63
92 15 -57
92 23 4
92 30 94
92 35 -76
92 40 98
92 51 -96
92 58 31
92 60 82
92 63 1
92 64 -12
92 74 41
92 76 -18
92 94 79
92 97 46
92 101 20
92 106 3
92 112 -41
92 115 80
92 117 -79
92 123 43
92 125 -94
92 127 -41
92 131 -70
92 133 45
92 139 81
92 145 -9
93 6 10
93 11 -45
93 19 18
93 23 92
93 28 48
93 32 -86
93 36 -90
93 43 -63
93 45 -65
93 51 57
93 56 51
93 57 1
93 61 94
93 66 -78
93 70 -61
93 73 56
93 75 -13
93 80 25
93 81 3
93 99 -34
93 106 61
93 113 22
93 117 84
93 119 -30
93 121 -59
93 122 -8
93 130 -85
93 133 -15
93 136 61
93 143 -54
93 145 9
94 9 5
94 12 56
94 14 2
94 16 69
94 22 -67
94 31 -34
94 34 -56
94 35 13
94 38 32
94 42 -74
94 45 -10
94 50 -43
94 52 13
94 54 50
94 58 55
94 66 55
94 78 48
94 84 20
94 85 64
94 93 -70
94 101 -44
94 105 35
94 110 -65
94 119 -16
94 123 -20
94 126 -32
94 128 84
94 131 -87
94 133 27
94 144 -29
94 145 86
94 149 56
95 1 67
95 13 17
95 14 9
95 21 -90
95 24 -100
95 27 -91
95 28 -15
95 30 -42
95 31 100
95 33 -16
95 35 3
95 36 -20
95 41 -66
95 45 -36
95 46 -67
95 47 24
95 48 -93
95 55 54
95 56 -78
95 57 48
95 62 82
95 65 -63
95 69 -55
95 73 13
95 74 44
95 75 25
95 80 70
95 89 -26
95 99 -78
95 110 70
95 112 -27
95 115 10
95 116 -61
95 118 41
95 120 48
95 122 -19
95 123 66
95 124 -21
95 131 -30
95 137 -19
95 138 71
95 148 39
96 19 -27
96 22 3
96 25 -96
96 27 -4
96 29 44
96 31 -41
96 38 -4
96 40 42
96 41 66
96 42 -67
96 43 46
96 44 -40
96 47 -22
96 48 -62
96 50 39
96 53 5
96 55 -79
96 56 -29
96 57 -40
96 60 76
96 66 -40
96 68 -93
96 69 -96
96 70 8
96 72 92
96 73 73
96 74 10
96 76 -11
96 79 39
96 88 93
96 92 75
96 98 72
96 102 97
96 107 53
96 109 85
96 110 60
96 112 31
96 128 -23
96 133 -90
96 138 -60
96 146 -38
96 147 93
96 148 -31
97 10 -69
97 16 -56
97 17 31
97 18 98
97 20 77
97 26 -27
97 28 -72
97 30 95
97 36 26
97 37 93
97 42 -29
97 52 85
97 53 -35
97 54 64
97 57 -12
97 63 75
97 66 91
97 76 -84
97 77 98
97 87 -90
97 88 50
97 101 5
97 109 9
97 116 26
97 120 -47
97 123 -16
97 128 99
97 135 48
97 137 -29
97 140 -94
97 142 31
97 145 64
97 148 -25
98 1 67
98 4 31
98 5 -58
98 12 94
98 14 -51
98 17 52
98 18 -97
98 19 -52
98 22 -5
98 23 -9
98 26 22
98 27 -2
98 28 27
98 35 30
98 38 -44
98 42 -42
98 44 38
98 45 18
98 59 -15
98 69 67
98 71 65
98 74 70
98 77 -51
98 78 39
98 81 -64
98 82 69
98 87 28
98 89 66
98 91 -9
98 92 -20
98 94 -97
98 102 -37
98 106 67
98 108 40
98 115 -92
98 119 15
98 124 -82
98 126 30
98 131 40
98 139 -71
98 148 27
99 1 -26
99 5 -20
99 6 80
99 7 -9
99 8 -35
99 26 -92
99 29 43
99 30 -71
99 32 -61
99 36 48
99 37 70
99 38 7
99 41 -25
99 43 55
99 50 30
99 54 13
99 55 -83
99 61 87
99 82 11
99 84 -40
99 91 -31
99 94 -41
99 95 -89
99 99 -78
99 101 53
99 113 -63
99 116 20
99 135 -7
99 140 -92
99 141 86
99 142 -12
99 144 85
100 4 -5
100 5 -96
100 10 78
100 12 -59
100 14 -35
100 15 28
100 16 80
100 20 97
100 24 87
100 30 -52
100 33 -8
100 35 -74
100 37 38
100 42 85
100 49 -13
100 57 -75
100 58 59
100 65 31
100 70 94
100 72 -30
100 76 99
100 80 -95
100 81 13
100 82 -5
100 83 -15
100 89 20
100 95 -81
100 97 61
100 105 81
100 111 -1
100 112 14
100 118 94
100 122 -84
100 131 -61
100 132 -51
100 141 -49
101 6 12
101 12 58
101 16 84
101 19 36
101 28 76
101 31 -19
101 32 -20
101 38 -13
101 42 3
101 45 -49
101 50 -10
101 55 58
101 57 75
101 58 34
101 60 -36
101 61 21
101 72 -34
101 75 37
101 78 -43
101 80 -88
101 81 52
101 84 -46
101 86 4
101 92 -59
101 93 -77
101 96 -13
101 104 96
101 107 -81
101 109 -59
101 111 71
101 113 36
101 115 88
101 124 37
101 129 37
101 133 54
101 138 53
101 139 20
101 140 76
101 141 -83
101 148 -47
101 149 20
102 2 89
102 10 -31
102 16 100
102 17 -77
102 20 96
102 27 42
102 31 53
102 34 -94
102 36 8
102 40 63
102 46 -27
102 60 30
102 65 90
102 66 -30
102 71 24
102 78 -7
102 79 72
102 91 21
102 95 16
102 98 67
102 101 -81
102 104 15
102 109 25
102 111 -11
102 113 33
102 117 -76
102 118 72
102 119 90
102 123 -55
102 130 -28
102 132 -43
102 135 4
103 6 25
103 22 22
103 23 -97
103 26 81
103 29 -56
103 34 -50
103 36 -68
103 42 62
103 49 -54
103 51 9
103 58 -58
103 65 -34
103 68 -88
103 72 -16
103 73 67
103 79 65
103 81 66
103 82 -89
103 84 22
103 87 99
103 91 -77
103 97 -70
103 103 -93
103 109 80
103 111 -26
103 114 37
103 115 -89
103 117 -77
103 119 48
103 120 -11
103 121 87
103 123 72
103 125 -74
103 126 7
103 136 -42
103 137 70
103 138 -37
103 141 -21
103 145 -47
103 148 65
104 0 73
104 2 -50
104 6 68
104 14 15
104 17 -14
104 18 50
104 20 -17
104 24 7
104 27 18
104 48 16
104 50 51
104 53 90
104 57 -2
104 58 38
104 59 -50
104 66 -26
104 68 42
104 73 84
104 74 99
104 79 -86
104 86 -80
104 88 -97
104 89 -8
104 94 78
104 99 -92
104 100 -12
104 101 16
104 104 50
104 115 97
104 120 6
104 121 -65
104 125 -23
104 127 -38
104 131 12
104 133 -21
104 144 12
104 147 -17
104 148 12
105 2 68
105 5 -2
105 11 -44
105 12 16
105 14 -77
105 23 -67
105 29 15
105 37 -4
105 38 -79
105 40 42
105 44 -88
105 50 17
105 51 -81
105 52 14
105 56 10
105 57 5
105 63 71
105 64 83
105 76 -6
105 79 41
105 81 99
105 86 -22
105 89 63
105 91 -7
105 97 100
105 103 -61
105 108 -59
105 111 58
105 112 18
105 116 68
105 120 -11
105 122 -86
105 133 -17
105 135 -42
105 139 -19
105 141 -42
105 142 -67
105 143 2
105 144 14
106 12 -20
106 13 -85
106 15 64
106 16 10
106 18 73
106 19 52
106 24 56
106 25 57
106 26 66
106 28 61
106 30 100
106 31 19
106 33 -64
106 34 -47
106 44 -19
106 52 -5
106 57 -99
106 59 21
106 61 -92
106 68 84
106 77 -1
106 78 11
106 83 83
106 87 88
106 92 20
106 94 -21
106 95 -51
106 97 -62
106 98 25
106 99 23
106 104 14
106 105 -17
106 115 -85
106 116 -87
106 126 88
106 130 -37
106 133 -76
106 135 15
106 137 -9
106 142 -39
107 2 43
107 3 -99
107 6 71
107 7 -9
107 8 -93
107 9 -60
107 11 -68
107 13 60
107 15 -96
107 17 28
107 19 6
107 22 85
107 41 30
107 42 -55
107 43 48
107 49 -18
107 50 -63
107 55 -71
107 58 48
107 62 63
107 65 56
107 73 61
107 78 23
107 81 24
107 89 -1
107 92 56
107 95 88
107 109 38
107 116 44
107 119 33
107 121 -63
107 124 81
107 132 61
107 136 -66
107 145 78
107 148 32
107 149 -43
108 19 -28
108 21 -18
108 22 14
108 31 -27
108 32 15
108 38 21
108 47 -44
108 55 87
108 65 -26
108 67 6
108 68 1
108 70 -89
108 71 -34
108 73 27
108 79 96
108 80 62
108 81 -21
108 94 9
108 100 -59
108 103 81
108 119 -94
108 131 -58
108 138 -33
108 140 -76
108 145 -46
108 146 3
109 8 40
109 14 -78
109 15 -67
109 16 3
109 23 23
109 25 75
109 29 42
109 40 62
109 45 85
109 47 59
109 49 74
109 61 14
109 66 63
109 68 -46
109 80 72
109 82 21
109 93 40
109 94 86
109 95 43
109 122 43
109 127 -48
109 130 36
109 131 -89
109 134 -93
109 136 13
109 139 -24
109 142 91
110 8 100
110 10 10
110 11 82
110 19 -100
110 22 17
110 24 41
110 26 -56
110 30 -23
110 38 -97
110 51 -19
110 53 98
110 58 28
110 59 -58
110 68 3
110 69 62
110 74 38
110 78 -98
110 80 54
110 82 -50
110 83 85
110 85 -13
110 90 92
110 95 52
110 98 11
110 102 -29
110 112 -26
110 122 73
110 123 -72
110 126 -100
110 131 -23
110 132 51
110 134 17
110 135 -75
110 138 6
110 139 -49
110 140 76
110 141 64
111 0 67
111 8 25
111 19 47
111 22 9
111 26 34
111 27 54
111 28 70
111 40 73
111 42 5
111 44 -80
111 45 -9
111 47 -57
111 53 -85
111 54 -60
111 56 -23
111 57 41
111 58 85
111 62 -63
111 76 -95
111 83 -43
111 84 -37
111 87 -60
111 93 -59
111 96 -46
111 98 22
111 100 67
111 108 -40
111 111 -81
111 116 -54
111 122 36
111 126 -18
111 127 -15
111 129 63
111 137 20
111 142 37
111 143 -82
111 149 -97
112 4 -95
112 13 -58
112 19 77
112 25 32
112 30 -13
112 35 67
112 38 -41
112 44 -37
112 45 47
112 49 -100
112 54 85
112 56 5
112 57 66
112 58 -79
112 69 -26
112 70 -15
112 71 -75
112 78 9
112 84 92
112 86 -13
112 96 -17
112 100 38
112 105 -41
112 107 49
112 112 -18
112 113 9
112 121 -85
112 125 -64
112 126 -73
112 128 37
112 129 -70
112 133 30
112 134 -3
112 139 -71
112 140 -37
112 145 53
112 147 90
112 148 87
113 0 -45
113 5 89
113 6 4
113 15 3
113 21 -45
113 22 -79
113 25 17
113 37 48
113 40 61
113 45 86
113 47 53
113 50 24
113 51 92
113 54 44
113 59 -89
113 60 35
113 65 15
113 66 21
113 67 -28
113 71 4
113 82 24
113 84 -61
113 98 32
113 101 13
113 102 -35
113 108 -88
113 111 -90
113 113 30
113 124 45
113 136 32
113 143 -57
113 148 20
114 0 80
114 2 7
114 5 -4
114 6 -58
114 14 -34
114 17 100
114 27 56
114 34 -51
114 42 57
114 44 10
114 48 -49
114 56 50
114 58 90
114 62 -89
114 63 32
114 68 20
114 70 -33
114 71 43
114 81 5
114 84 -64
114 85 -95
114 102 87
114 103 -41
114 107 11
114 135 -47
114 137 26
114 141 -60
114 144 -18
114 149 -33
115 0 -50
115 2 -37
115 4 -18
115 5 44
115 18 -13
115 20 85
115 22 20
115 26 72
115 41 -33
115 48 64
115 60 3
115 88 93
115 94 50
115 96 -42
115 106 76
115 107 15
115 112 2
115 115 65
115 120 65
115 125 -54
115 129 -59
115 131 -95
115 133 49
115 138 -71
115 139 -19
115 142 -70
115 145 -46
115 147 20
116 12 -46
116 17 -78
116 18 -65
116 22 -56
116 23 -52
116 41 97
116 49 -31
116 50 41
116 52 -72
116 53 -29
116 56 58
116 62 -82
116 78 -92
116 83 -85
116 85 54
116 91 -56
116 95 -7
116 97 -98
116 98 61
116 112 32
116 115 -32
116 125 15
116 130 67
116 144 -50
117 6 17
117 7 -94
117 13 -42
117 28 -32
117 32 -82
117 35 32
117 37 -69
117 46 25
117 48 -4
117 61 -20
117 69 -80
117 77 -93
117 86 -51
117 90 -84
117 91 72
117 99 42
117 101 -48
117 106 69
117 108 35
117 111 19
117 116 -2
117 117 65
117 118 -57
117 129 -45
117 131 -25
117 133 59
117 138 50
117 146 4
117 149 -35
118 3 -98
118 6 -39
118 10 40
118 16 78
118 18 89
118 23 -26
118 26 57
118 30 98
118 32 96
118 33 2
118 37 93
118 51 -6
118 59 -63
118 65 15
118 76 41
118 77 -25
118 80 31
118 82 -60
118 87 -99
118 94 83
118 96 9
118 97 76
118 98 5
118 101 51
118 109 55
118 111 -91
118 115 -38
118 116 -51
118 125 65
118 128 -52
118 131 42
118 138 31
118 144 -21
119 1 -56
119 2 -63
119 5 84
119 8 -73
119 11 -39
119 12 41
119 13 -65
119 21 62
119 23 64
119 24 -89
119 34 5
119 42 -100
119 45 -72
119 68 38
119 69 -14
119 74 54
119 75 -68
119 76 -25
119 78 -12
119 79 -96
119 86 -9
119 92 -97
119 97 -85
119 100 33
119 101 -53
119 110 28
119 121 -59
119 127 -77
119 128 -27
119 135 15
119 143 19
119 144 -2
120 1 8
120 5 99
120 6 -68
120 8 -18
120 9 -35
120 12 73
120 13 -80
120 18 63
120 22 -14
120 23 -65
120 38 21
120 40 -45
120 41 -7
120 45 36
120 47 24
120 49 67
120 50 99
120 56 -93
120 60 -20
120 66 -75
120 70 -7
120 72 -84
120 73 50
120 75 47
120 79 5
120 82 71
120 90 78
120 92 -48
120 94 65
120 105 -22
120 113 -68
120 114 61
120 118 -56
120 132 -3
120 133 64
120 139 -69
120 140 -93
120 144 45
121 6 -77
121 15 5
121 26 76
121 30 -88
121 35 6
121 42 96
121 47 -54
121 49 85
121 52 72
121 63 -15
121 64 44
121 65 37
121 68 -75
121 73 -72
121 77 74
121 83 -83
121 102 39
121 109 -11
121 118 38
121 119 -80
121 120 -63
121 124 90
121 127 -7
121 132 -34
121 133 42
121 139 -74
121 143 -36
121 147 -60
121 149 45
122 1 -75
122 3 31
122 15 -36
122 17 -38
122 18 33
122 20 65
122 24 -12
122 41 51
122 42 59
122 46 -85
122 48 46
122 49 -88
122 52 55
122 61 -43
122 63 86
122 66 -7
122 70 8
122 74 12
122 77 -69
122 82 -33
122 89 -1
122 95 34
122 97 -66
122 98 5
122 101 30
122 102 -78
122 112 67
122 120 -90
122 128 -56
122 133 -36
122 136 76
122 140 -61
122 141 -63
122 147 -54
123 4 -46
123 7 -29
123 10 -30
123 12 92
123 19 -16
123 28 8
123 29 94
123 35 73
123 39 -25
123 40 -26
123 41 -46
123 42 -29
123 43 81
123 46 -13
123 51 30
123 52 3
123 59 60
123 62 -28
123 66 57
123 67 42
123 71 20
123 79 21
123 81 -45
123 85 -91
123 91 -60
123 94 -79
123 97 -55
123 108 66
123 110 -82
123 123 -25
123 132 43
123 133 38
123 134 -52
123 135 66
123 136 75
123 142 -65
123 145 83
123 147 -61
124 2 65
124 3 92
124 7 -11
124 13 17
124 17 -54
124 18 -81
124 25 -25
124 26 90
124 27 96
124 29 -78
124 30 33
124 31 77
124 46 -41
124 55 46
124 63 -83
124 65 -64
124 66 -23
124 75 35
124 76 -45
124 77 90
124 87 -75
124 88 79
124 89 -20
124 100 -86
124 104 -73
124 110 75
124 116 74
124 118 -7
124 123 -2
124 129 -40
124 130 61
124 135 42
124 139 -94
124 140 -29
125 0 70
125 7 -76
125 17 -64
125 18 -19
125 21 80
125 25 -94
125 27 20
125 28 -7
125 29 34
125 30 -19
125 31 -32
125 32 2
125 36 60
125 38 11
125 40 11
125 43 -94
125 44 -40
125 46 -63
125 47 -38
125 50 -42
125 61 -51
125 67 46
125 70 -15
125 71 37
125 77 73
125 79 54
125 80 -95
125 82 20
125 84 -47
125 91 14
125 92 57
125 93 53
125 97 -49
125 101 -86
125 102 -58
125 104 -44
125 108 99
125 112 14
125 115 26
125 116 -99
125 122 2
125 125 -36
125 133 -75
125 134 -14
125 135 79
126 3 42
126 15 -29
126 17 -66
126 20 99
126 30 -30
126 31 -20
126 40 23
126 41 -72
126 46 72
126 52 7
126 53 52
126 54 -87
126 56 68
126 68 58
126 70 47
126 71 40
126 83 46
126 85 20
126 91 -87
126 92 -39
126 94 40
126 99 27
126 101 -84
126 105 -69
126 116 -48
126 124 -29
126 125 -10
126 129 -4
126 140 -16
126 141 30
126 145 -4
126 146 -15
126 147 -70
127 0 -80
127 5 6
127 6 22
127 8 -58
127 9 48
127 14 -82
127 17 -30
127 19 -6
127 20 92
127 31 26
127 32 95
127 37 -90
127 38 9
127 54 67
127 58 -26
127 64 72
127 70 10
127 72 -21
127 74 -79
127 78 66
127 90 -73
127 94 38
127 108 90
127 109 91
127 121 92
127 123 -1
127 124 -95
127 132 97
127 139 45
127 141 87
127 146 -67
128 2 49
128 10 30
128 11 -75
128 19 22
128 22 -53
128 25 53
128 31 -100
128 34 28
128 39 -4
128 40 -75
128 47 -54
128 48 -27
128 52 100
128 61 -84
128 63 -75
128 64 -15
128 77 -34
128 79 -23
128 88 65
128 89 -34
128 90 72
128 101 32
128 105 11
128 108 -62
128 118 21
128 122 94
128 129 -79
128 136 14
128 142 -57
128 146 -56
129 3 -79
129 7 27
129 13 46
129 16 -90
129 25 -25
129 28 79
129 36 68
129 37 62
129 38 31
129 40 -41
129 41 69
129 49 -42
129 55 76
129 58 80
129 67 -17
129 69 61
129 70 -94
129 74 25
129 77 -39
129 82 -8
129 90 91
129 93 -23
129 94 -31
129 98 -49
129 99 -32
129 100 -25
129 117 -72
129 119 35
129 124 -63
129 128 -41
129 134 -7
129 140 32
129 146 -79
129 148 -90
129 149 59
130 2 -28
130 3 -85
130 4 -26
130 10 72
130 11 -63
130 12 -35
130 14 -91
130 16 -4
130 36 -33
130 38 -60
130 43 -16
130 46 -31
130 49 -44
130 50 -33
130 51 -44
130 52 50
130 57 29
130 64 -66
130 65 92
130 73 19
130 78 72
130 84 -50
130 86 -55
130 88 69
130 89 -81
130 90 61
130 91 90
130 98 21
130 105 76
130 115 -19
130 121 41
130 123 64
130 135 -3
130 136 17
130 137 -57
130 140 -62
130 146 54
130 148 -51
131 0 90
131 1 49
131 13 60
131 14 -66
131 15 50
131 20 -32
131 23 23
131 24 -26
131 28 -1
131 33 -85
131 37 71
131 41 -73
131 48 91
131 50 -96
131 57 -29
131 58 75
131 64 49
131 65 37
131 66 37
131 69 10
131 73 -68
131 74 23
131 76 -81
131 77 80
131 80 86
131 85 10
131 87 98
131 94 -10
131 97 69
131 109 -86
131 112 79
131 113 53
131 114 -100
131 121 -15
131 126 -20
131 130 -54
131 134 -31
131 139 64
132 2 76
132 6 48
132 11 -75
132 22 -60
132 24 -49
132 29 61
132 31 73
132 36 25
132 43 100
132 45 -64
132 46 43
132 47 63
132 48 21
132 51 -39
132 54 -50
132 65 -4
132 69 43
132 83 9
132 87 88
132 94 75
132 105 -34
132 110 23
132 112 34
132 115 60
132 132 69
132 133 -32
132 144 -69
132 146 -72
133 0 94
133 6 29
133 7 54
133 8 61
133 13 -89
133 15 15
133 23 32
133 26 -77
133 28 -49
133 29 66
133 35 100
133 39 50
133 41 -49
133 44 35
133 48 58
133 51 94
133 52 27
133 54 59
133 56 -82
133 65 73
133 66 -60
133 69 15
133 72 -31
133 74 -28
133 81 -92
133 82 -93
133 99 -52
133 101 48
133 103 -3
133 105 -70
133 108 86
133 111 -97
133 113 61
133 115 77
133 126 -31
133 138 -47
133 141 29
133 148 -92
134 0 -3
134 2 72
134 13 -44
134 14 -44
134 35 -75
134 37 -37
134 41 -58
134 46 -29
134 56 66
134 57 -98
134 58 86
134 62 -38
134 80 -30
134 82 58
134 83 64
134 84 21
134 89 53
134 92 21
134 94 39
134 96 10
134 98 -1
134 104 -16
134 113 17
134 114 40
134 117 -65
134 119 -10
134 121 1
134 125 -35
134 126 85
134 138 77
134 145 -57
134 148 78
135 3 -64
135 9 88
135 14 -36
135 17 68
135 18 37
135 20 12
135 22 70
135 30 92
135 37 43
135 39 9
135 43 -47
135 48 38
135 52 20
135 53 -100
135 59 51
135 73 95
135 90 5
135 102 -19
135 105 -84
135 107 -93
135 116 67
135 121 3
135 123 -78
135 144 -81
135 147 -30
136 0 52
136 13 -22
136 15 -64
136 22 -11
136 24 -20
136 30 -58
136 34 -30
136 46 -13
136 48 -2
136 56 87
136 62 54
136 71 86
136 72 -87
136 77 -70
136 80 9
136 82 69
136 84 -3
136 85 30
136 86 43
136 91 70
136 94 77
136 101 92
136 106 10
136 112 -63
136 116 -51
136 120 99
136 126 9
136 130 -68
136 133 -34
136 141 90
136 144 -70
136 145 38
136 147 -59
137 4 -46
137 7 78
137 15 -42
137 16 -87
137 21 87
137 27 8
137 32 -11
137 38 -3
137 45 8
137 51 -97
137 54 99
137 61 -96
137 62 -27
137 67 74
137 72 -21
137 85 -54
137 90 -92
137 94 34
137 97 15
137 106 72
137 107 68
137 110 -26
137 116 -88
137 121 -26
137 123 -36
137 132 45
137 141 -56
137 142 93
137 145 21
137 149 -33
138 10 6
138 24 -72
138 25 -1
138 30 -79
138 31 -14
138 32 -85
138 38 -80
138 39 32
138 42 51
138 45 -88
138 49 -71
138 61 -48
138 63 33
138 65 27
138 72 -7
138 75 -72
138 77 1
138 81 86
138 83 27
138 87 20
138 88 -15
138 94 57
138 102 -27
138 110 71
138 111 61
138 124 -10
138 129 66
138 131 46
138 136 -30
138 138 -42
138 143 -69
139 0 1
139 11 34
139 12 15
139 16 70
139 18 95
139 22 -14
139 26 -61
139 31 62
139 32 -62
139 40 -62
139 42 97
139 45 -55
139 48 -65
139 50 94
139 51 61
139 52 -56
139 60 -60
139 71 86
139 74 -85
139 77 43
139 82 -28
139 83 47
139 88 -73
139 99 -51
139 100 -32
139 105 -36
139 117 81
139 118 58
139 123 -15
139 125 -75
139 128 24
139 133 55
139 140 -57
139 143 -8
139 148 -78
140 3 68
140 16 -13
140 28 28
140 34 -33
140 35 75
140 36 -65
140 40 -33
140 45 23
140 62 33
140 68 -83
140 70 32
140 72 -38
140 73 46
140 77 -42
140 82 54
140 85 -79
140 87 68
140 91 -5
140 97 95
140 106 -97
140 107 62
140 110 27
140 112 -88
140 113 -79
140 115 -92
140 117 -19
140 125 -15
140 128 -80
140 133 -43
140 134 46
140 137 84
140 138 94
140 140 -33
140 142 -53
140 146 -59
141 7 -85
141 8 -32
141 12 43
141 13 7
141 18 36
141 26 28
141 31 -77
141 39 -35
141 40 -95
141 46 29
141 47 -86
141 48 -23
141 52 -25
141 54 -70
141 57 77
141 59 31
141 63 -14
141 65 -80
141 76 -82
141 81 -5
141 93 -92
141 99 -57
141 101 50
141 110 -30
141 113 -20
141 121 -10
141 122 65
141 124 20
141 137 -22
141 142 -15
141 147 60
141 148 -42
142 0 98
142 9 23
142 10 -94
142 16 -100
142 17 50
142 18 81
142 21 77
142 23 -93
142 25 49
142 27 6
142 33 -30
142 35 -89
142 48 -86
142 50 -17
142 51 89
142 52 53
142 61 -95
142 62 -45
142 64 38
142 66 -13
142 68 -83
142 77 -74
142 79 -45
142 81 64
142 86 84
142 89 42
142 100 -100
142 104 79
142 105 97
142 106 89
142 111 -90
142 117 3
142 118 -87
142 133 -25
142 135 -22
142 141 -79
142 143 16
143 7 -76
143 12 34
143 13 -70
143 15 55
143 24 82
143 30 81
143 32 14
143 40 -30
143 44 22
143 45 -9
143 46 -84
143 57 -50
143 59 22
143 69 36
143 72 79
143 75 -16
143 86 68
143 90 -6
143 91 31
143 95 53
143 97 57
143 98 -68
143 108 -34
143 116 90
143 125 65
143 128 38
143 131 64
143 132 7
143 133 89
143 134 7
143 139 30
143 141 -76
143 145 91
143 146 7
143 149 -61
144 3 -71
144 6 39
144 17 -33
144 18 -52
144 26 2
144 33 -15
144 36 40
144 38 46
144 40 -10
144 44 86
144 46 82
144 49 -68
144 50 -1
144 59 45
144 66 -94
144 71 -41
144 73 -83
144 84 38
144 85 -83
144 88 -16
144 89 -37
144 93 -24
144 101 30
144 103 63
144 105 49
144 111 12
144 113 38
144 115 1
144 116 53
144 117 17
144 121 21
144 123 60
144 125 -18
144 134 18
144 135 35
144 136 -82
144 138 -24
144 145 -55
144 147 -4
145 0 92
145 1 -48
145 3 -15
145 4 -17
145 5 -52
145 7 -89
145 8 -11
145 11 -95
145 12 80
145 21 27
145 22 -29
145 27 63
145 37 -50
145 38 -54
145 44 -92
145 49 -71
145 50 60
145 52 32
145 58 -24
145 59 -88
145 65 -27
145 76 -38
145 77 -77
145 81 -71
145 83 13
145 85 65
145 86 -31
145 93 100
145 94 73
145 98 -1
145 101 -28
145 102 -33
145 106 -48
145 110 -78
145 114 -56
145 119 -29
145 128 -26
145 130 2
145 138 92
145 142 -47
146 1 -2
146 2 32
146 8 40
146 19 -20
146 30 13
146 34 17
146 35 -27
146 39 68
146 43 20
146 44 81
146 51 -11
146 54 -8
146 57 -61
146 72 -3
146 90 23
146 94 -77
146 97 -58
146 98 -98
146 100 -76
146 102 87
146 104 -94
146 105 -63
146 107 -37
146 115 94
146 118 8
146 121 -41
146 134 47
146 135 -75
146 137 -30
146 139 -3
146 140 -68
146 141 11
147 1 -53
147 3 -21
147 11 -13
147 19 -37
147 33 3
147 35 90
147 36 -14
147 37 13
147 38 -48
147 39 35
147 41 36
147 42 16
147 53 63
147 55 41
147 56 27
147 63 10
147 70 79
147 74 63
147 80 -71
147 82 -83
147 86 19
147 87 14
147 93 -62
147 95 -30
147 98 51
147 104 -96
147 107 -54
147 110 20
147 111 -98
147 115 -56
147 131 -19
147 135 42
147 137 -54
147 140 72
147 143 -27
147 145 85
147 146 -46
148 4 -21
148 6 4
148 8 -57
148 9 -83
148 13 75
148 30 -17
148 38 -15
148 39 17
148 41 10
148 45 16
148 48 -70
148 49 96
148 52 -84
148 54 -98
148 57 -30
148 64 90
148 66 91
148 70 91
148 76 -19
148 80 73
148 89 -18
148 103 32
148 105 -84
148 107 -66
148 116 16
148 118 78
148 124 91
148 126 -26
148 133 -49
148 138 -54
148 139 -32
148 140 -71
148 144 -40
149 0 89
149 2 -82
149 13 -12
149 15 67
149 27 -15
149 31 7
149 38 -54
149 40 -20
149 41 59
149 43 -34
149 48 77
149 49 24
149 52 -38
149 58 -65
149 59 11
149 62 56
149 63 -24
149 64 52
149 70 34
149 72 27
149 73 -18
149 80 42
149 81 37
149 83 18
149 84 24
149 87 -62
149 95 -11
149 107 -81
149 117 57
149 124 -9
149 126 66
149 128 84
149 131 -37
149 134 -87
149 136 -36
149 139 10
149 143 -23
149 146 48