0 3 62
0 5 42
0 45 -79
0 57 -36
0 95 -30
1 50 2
2 54 75
3 4 -6
3 51 -91
4 81 60
4 98 95
5 19 76
5 49 -79
5 66 -57
5 75 94
5 80 -5
6 12 -8
6 18 -92
7 9 -85
8 41 -12
8 49 -79
9 11 72
9 44 -93
9 48 -27
9 71 -96
10 28 16
10 62 -79
10 71 49
11 47 -52
12 43 68
12 88 68
13 67 40
14 35 -2
14 68 68
15 47 13
16 38 -26
16 61 75
16 81 9
17 1 12
17 52 73
18 7 -86
19 79 -19
20 0 -4
20 1 -49
20 22 -16
20 85 2
21 38 -68
22 1 -90
23 14 -13
23 21 -23
23 29 22
23 37 -73
23 83 -17
24 85 -72
25 48 28
25 63 -96
26 65 -96
27 35 -40
27 42 20
27 80 -93
28 31 -27
28 92 -28
29 15 93
31 11 78
31 48 -61
33 41 44
33 42 -25
34 25 -88
34 53 69
35 85 95
35 86 -66
36 49 23
36 94 55
37 36 -48
37 56 -94
38 45 -60
38 69 -16
39 50 8
39 90 56
39 94 -16
42 22 51
42 96 73
43 92 -74
43 98 43
44 32 -17
44 64 41
45 98 89
45 99 -25
46 91 -92
47 10 80
47 30 52
47 75 22
48 35 50
49 16 43
49 19 -90
49 29 45
49 45 -7
51 0 87
51 5 -91
52 2 34
52 45 41
53 18 5
54 64 -26
54 68 -6
54 72 55
55 13 29
56 17 37
56 42 -18
56 65 17
56 67 -91
56 71 -43
58 91 -2
59 3 50
59 63 55
60 0 54
62 6 -71
62 79 -64
63 31 -72
63 50 -63
63 53 31
63 92 -25
64 48 -16
64 67 63
64 72 -84
64 85 -12
65 62 16
65 80 -37
66 47 -66
67 49 -65
67 61 53
68 4 21
68 10 -60
68 81 62
72 16 81
72 37 -90
72 67 -49
72 82 81
72 94 -62
73 83 27
74 82 -47
76 1 -48
76 12 -36
76 44 73
76 54 -89
76 66 11
77 28 32
77 80 -32
78 25 15
78 53 53
78 98 -13
79 31 -93
79 36 61
80 11 -50
80 60 76
81 97 80
82 3 -51
82 17 -37
82 94 -13
82 95 59
83 76 -92
84 93 34
85 32 55
85 61 -31
85 65 -42
85 80 99
85 86 -8
87 65 -8
88 28 1
88 29 -70
88 43 -71
88 50 -39
88 89 57
89 45 -85
89 55 87
89 70 5
89 85 28
91 84 -21
92 44 27
92 62 64
92 76 67
93 44 6
93 86 19
94 22 -77
94 29 13
94 38 -21
94 63 38
94 74 -79
95 30 -97
96 29 47
96 47 94
97 34 32
97 52 42
97 55 -90
97 96 56
98 23 38
98 65 -51
98 71 65
98 93 75
99 71 77
99 76 67