0 0 19
0 2 -34
0 3 13
0 4 25
0 6 98
0 7 -96
0 8 12
0 10 33
0 11 70
0 12 18
0 14 -97
0 15 84
0 16 97
0 17 -67
0 18 -97
0 20 -70
0 21 -5
0 22 -1
0 23 4
0 24 20
0 25 57
0 26 3
0 27 -82
0 29 -99
0 31 9
0 32 -98
0 33 99
0 34 59
0 35 -29
0 36 3
0 39 -60
0 40 83
0 41 -13
0 42 10
0 43 65
0 44 22
0 45 48
0 46 13
0 47 53
0 49 -12
0 50 41
0 51 -92
0 52 -22
0 55 62
0 56 -55
0 58 22
0 59 66
0 60 -80
0 61 61
0 62 -58
0 64 96
0 65 54
0 66 -12
0 71 4
0 72 71
0 73 -52
0 74 -92
0 75 -69
0 76 -17
0 77 -98
0 78 -38
0 79 60
0 80 85
0 81 -41
0 82 11
0 83 19
0 85 12
0 86 -44
0 87 37
0 89 38
0 90 -7
0 91 10
0 94 -11
0 95 27
0 97 -53
0 98 76
1 0 59
1 1 63
1 2 -33
1 3 -19
1 5 87
1 6 53
1 7 -85
1 8 29
1 9 -81
1 10 99
1 11 -7
1 12 62
1 13 -25
1 14 11
1 16 39
1 17 -87
1 18 -81
1 19 58
1 20 -38
1 21 73
1 23 -80
1 25 -11
1 26 19
1 27 48
1 28 99
1 29 -63
1 30 17
1 31 -35
1 32 -49
1 33 -72
1 34 -92
1 35 3
1 36 47
1 37 89
1 38 56
1 40 -17
1 41 -81
1 42 -96
1 43 -73
1 44 -66
1 45 -84
1 46 96
1 47 -32
1 48 -36
1 49 -68
1 50 38
1 51 -9
1 55 -86
1 56 -51
1 57 -95
1 58 -89
1 59 -18
1 60 -34
1 61 -55
1 63 53
1 65 -22
1 66 8
1 67 24
1 68 29
1 70 -23
1 73 88
1 74 -58
1 75 -99
1 77 15
1 78 22
1 79 65
1 80 74
1 81 93
1 82 99
1 83 -57
1 84 -48
1 85 -80
1 86 84
1 87 -9
1 89 53
1 90 85
1 91 -83
1 92 54
1 94 8
1 96 65
1 98 6
2 0 8
2 1 85
2 2 -99
2 3 -69
2 5 82
2 6 5
2 7 67
2 8 -63
2 9 -97
2 10 -3
2 11 30
2 12 -20
2 13 56
2 14 -40
2 15 40
2 16 25
2 17 -38
2 18 -22
2 20 -85
2 21 44
2 23 41
2 24 -46
2 25 -13
2 26 -7
2 27 -85
2 28 54
2 29 83
2 30 76
2 32 -80
2 34 64
2 35 -22
2 36 -97
2 37 -29
2 38 -87
2 39 -53
2 40 49
2 41 -100
2 42 -16
2 43 8
2 44 -34
2 45 -35
2 46 -89
2 47 -16
2 48 35
2 49 18
2 50 48
2 51 -36
2 52 -69
2 54 59
2 55 74
2 56 68
2 58 -88
2 59 96
2 60 -85
2 61 -39
2 62 99
2 63 6
2 66 -21
2 67 -47
2 68 99
2 69 22
2 70 35
2 71 71
2 72 99
2 73 -66
2 74 98
2 75 -45
2 77 -90
2 78 -55
2 79 -18
2 80 -13
2 81 -32
2 82 95
2 84 30
2 86 95
2 88 34
2 89 95
2 90 -59
2 91 9
2 92 17
2 93 30
2 94 15
2 95 87
2 96 54
2 97 -2
2 98 19
2 99 -88
3 0 -40
3 2 63
3 3 35
3 4 -29
3 6 -35
3 7 24
3 8 95
3 9 56
3 10 -67
3 11 25
3 13 82
3 14 -91
3 15 -48
3 16 86
3 17 35
3 18 35
3 19 8
3 20 69
3 21 56
3 22 42
3 24 44
3 25 -74
3 28 -19
3 29 -95
3 30 -48
3 31 -64
3 32 -88
3 33 -63
3 34 -34
3 35 -64
3 36 54
3 37 -7
3 39 4
3 40 -2
3 41 -80
3 42 73
3 43 -86
3 44 32
3 45 -22
3 48 19
3 50 -86
3 52 92
3 53 -12
3 54 44
3 55 30
3 56 20
3 57 51
3 58 72
3 59 56
3 61 -18
3 62 77
3 63 -62
3 65 -19
3 66 13
3 68 19
3 69 52
3 71 -55
3 72 -85
3 73 -77
3 74 5
3 75 46
3 76 25
3 79 34
3 81 76
3 83 40
3 84 -36
3 85 87
3 86 -42
3 88 40
3 89 -85
3 90 23
3 91 7
3 92 -86
3 93 -47
3 95 -34
3 96 49
3 97 85
3 98 -87
3 99 57
4 0 7
4 1 -22
4 2 93
4 3 -3
4 4 46
4 5 72
4 7 9
4 8 -65
4 10 -62
4 11 40
4 14 10
4 16 39
4 17 36
4 18 -23
4 19 60
4 20 8
4 21 -8
4 22 -59
4 24 -85
4 25 17
4 26 8
4 27 -98
4 28 -72
4 29 42
4 30 81
4 31 -83
4 33 -42
4 34 63
4 35 -64
4 36 9
4 38 -22
4 39 -92
4 40 -26
4 42 -37
4 43 64
4 45 -28
4 46 -84
4 47 -13
4 48 29
4 49 11
4 50 23
4 51 31
4 52 100
4 54 93
4 55 -85
4 59 -31
4 60 -36
4 61 33
4 62 66
4 64 -37
4 65 -77
4 66 -69
4 67 -6
4 68 100
4 70 87
4 71 64
4 73 -87
4 74 1
4 76 -36
4 78 -1
4 79 21
4 80 25
4 84 -6
4 85 -40
4 86 84
4 87 89
4 88 53
4 89 89
4 91 70
4 93 36
4 94 -51
4 95 -36
4 97 69
4 98 8
5 0 50
5 2 86
5 3 -30
5 4 -21
5 5 -43
5 6 -23
5 7 42
5 11 31
5 12 -22
5 15 -49
5 16 -78
5 17 55
5 18 -94
5 20 7
5 22 -66
5 24 -30
5 26 -90
5 27 -63
5 28 -1
5 29 -85
5 30 6
5 31 -99
5 33 -31
5 34 -81
5 36 66
5 37 -80
5 40 -68
5 41 31
5 44 90
5 45 71
5 46 89
5 47 -80
5 48 58
5 49 -63
5 50 -32
5 51 54
5 52 -48
5 55 -88
5 56 23
5 57 -85
5 58 -89
5 61 78
5 62 71
5 63 -52
5 64 -12
5 65 19
5 68 -59
5 69 59
5 70 26
5 71 -66
5 72 40
5 73 16
5 74 52
5 75 -38
5 77 -83
5 79 27
5 80 -36
5 81 95
5 82 1
5 83 -99
5 84 -57
5 86 76
5 88 80
5 89 19
5 90 28
5 91 30
5 92 9
5 95 44
5 96 -89
5 97 69
5 99 96
6 0 -42
6 1 -21
6 2 38
6 3 -87
6 4 8
6 5 -90
6 6 76
6 7 -86
6 8 35
6 9 34
6 10 59
6 11 -20
6 12 73
6 14 -50
6 16 3
6 17 25
6 18 36
6 19 7
6 20 -72
6 22 65
6 24 55
6 25 -98
6 27 -45
6 29 -29
6 30 31
6 31 -25
6 32 62
6 33 -11
6 34 56
6 35 -37
6 36 -71
6 37 -98
6 38 -4
6 39 87
6 40 -74
6 41 48
6 42 10
6 43 -53
6 44 -63
6 46 29
6 47 61
6 48 -87
6 50 -78
6 52 -62
6 53 -78
6 54 62
6 55 -62
6 56 -53
6 57 -25
6 59 -71
6 60 -97
6 62 -52
6 65 -3
6 66 11
6 67 -66
6 68 -48
6 69 -7
6 71 -93
6 72 50
6 73 52
6 74 26
6 78 -49
6 79 -92
6 80 43
6 81 -40
6 83 -22
6 84 -8
6 85 -45
6 87 -44
6 88 -94
6 89 -2
6 90 -12
6 91 -26
6 92 18
6 94 58
6 95 -50
6 96 -65
6 97 31
6 98 53
6 99 -2
7 0 -17
7 2 49
7 3 26
7 4 13
7 5 -33
7 8 26
7 9 76
7 10 7
7 11 -5
7 12 -68
7 13 -57
7 14 1
7 15 10
7 16 20
7 17 43
7 18 -45
7 20 -33
7 21 92
7 22 25
7 23 19
7 24 -33
7 25 -36
7 29 -45
7 31 -3
7 32 18
7 33 52
7 36 13
7 37 32
7 38 -7
7 39 -64
7 40 -56
7 41 27
7 43 -46
7 44 -82
7 45 -22
7 46 9
7 47 -77
7 48 29
7 51 -36
7 52 -48
7 53 -88
7 54 21
7 55 -9
7 56 86
7 57 -23
7 58 -90
7 62 29
7 63 15
7 64 30
7 65 40
7 66 45
7 68 -94
7 69 40
7 70 95
7 71 1
7 72 27
7 74 -80
7 76 -13
7 78 6
7 79 100
7 80 74
7 81 -36
7 84 74
7 85 38
7 86 -4
7 88 56
7 89 82
7 90 31
7 91 -82
7 92 31
7 93 83
7 94 51
7 95 69
7 96 -19
7 97 -11
7 98 71
7 99 58
8 0 74
8 1 -96
8 2 57
8 3 80
8 5 95
8 6 98
8 8 -5
8 9 32
8 11 -4
8 12 66
8 13 72
8 14 -29
8 15 -78
8 16 29
8 17 47
8 18 2
8 19 47
8 20 -42
8 21 42
8 22 -12
8 23 96
8 24 47
8 28 -46
8 29 -64
8 32 -56
8 33 -57
8 34 12
8 35 -67
8 36 -64
8 38 45
8 39 -32
8 40 96
8 41 93
8 42 -71
8 43 59
8 44 -24
8 46 24
8 49 82
8 50 45
8 51 -61
8 52 -65
8 54 -61
8 56 -89
8 57 -85
8 58 -99
8 59 58
8 60 19
8 61 -100
8 62 96
8 63 -1
8 64 -93
8 65 -95
8 66 -9
8 68 18
8 69 -54
8 70 67
8 71 -99
8 72 5
8 73 -39
8 74 70
8 76 -33
8 77 -50
8 78 65
8 81 55
8 82 -88
8 83 -42
8 84 -32
8 85 3
8 86 6
8 87 -91
8 88 -50
8 89 -24
8 90 -34
8 91 -45
8 92 -87
8 93 -49
8 95 -7
8 96 33
8 97 -87
8 98 -95
8 99 -49
9 0 40
9 1 -44
9 2 35
9 6 84
9 7 51
9 8 44
9 9 87
9 10 -47
9 11 95
9 12 92
9 13 26
9 14 -3
9 16 -8
9 17 86
9 18 -71
9 20 -46
9 21 -77
9 22 44
9 23 15
9 24 -99
9 25 -15
9 26 -16
9 29 -75
9 31 -80
9 32 -33
9 33 -2
9 34 37
9 38 11
9 39 -24
9 40 51
9 41 95
9 42 -92
9 43 -17
9 44 -52
9 45 -8
9 46 -43
9 47 -23
9 48 -42
9 49 -4
9 50 61
9 52 78
9 53 -39
9 54 -67
9 55 70
9 56 -5
9 58 -90
9 59 -13
9 61 78
9 63 -18
9 65 -52
9 66 24
9 68 -67
9 70 22
9 71 -11
9 72 -18
9 74 -35
9 75 -53
9 76 4
9 77 3
9 78 -88
9 79 -44
9 80 48
9 81 -27
9 82 -22
9 83 47
9 84 -6
9 85 58
9 86 31
9 87 1
9 88 -25
9 89 6
9 90 23
9 91 -66
9 93 -8
9 95 84
9 96 -14
9 97 -83
9 98 -12
9 99 -24
10 0 -60
10 2 48
10 3 -65
10 4 -56
10 5 -52
10 7 70
10 8 95
10 9 20
10 10 -13
10 11 -24
10 14 -22
10 15 -7
10 18 -44
10 20 -62
10 21 66
10 22 90
10 23 -25
10 24 36
10 25 94
10 26 28
10 27 19
10 28 98
10 29 72
10 30 56
10 31 -49
10 32 12
10 34 44
10 35 30
10 37 65
10 38 7
10 39 -35
10 41 -53
10 42 -50
10 43 -80
10 44 74
10 45 -85
10 46 41
10 47 70
10 48 -16
10 49 -63
10 51 -22
10 54 31
10 55 -24
10 56 1
10 57 66
10 58 95
10 59 -81
10 60 -71
10 61 -78
10 62 80
10 63 79
10 64 4
10 66 -19
10 67 -99
10 69 -63
10 70 -78
10 71 -75
10 72 -13
10 74 -78
10 75 -36
10 76 93
10 77 31
10 79 43
10 82 27
10 83 14
10 84 96
10 85 -92
10 86 -67
10 88 62
10 89 70
10 90 -55
10 91 -57
10 92 7
10 93 -84
10 95 -96
10 96 -2
10 97 -82
10 98 36
10 99 -1
11 0 59
11 1 14
11 2 -62
11 3 72
11 5 15
11 6 52
11 7 64
11 8 -88
11 9 63
11 12 -18
11 14 68
11 16 10
11 17 -19
11 18 42
11 19 13
11 21 -16
11 22 7
11 23 56
11 24 63
11 25 63
11 26 -12
11 27 89
11 28 -72
11 30 -59
11 31 20
11 32 -52
11 33 62
11 34 89
11 35 -73
11 36 -62
11 37 43
11 38 -56
11 39 63
11 40 30
11 41 27
11 43 -28
11 47 78
11 48 -88
11 50 90
11 51 -27
11 52 42
11 58 -60
11 59 -70
11 60 -65
11 62 65
11 63 19
11 64 91
11 65 57
11 66 -88
11 67 17
11 68 -43
11 69 53
11 71 -99
11 73 54
11 74 -13
11 75 -13
11 76 20
11 77 -96
11 79 13
11 80 -14
11 81 -35
11 83 4
11 84 -67
11 85 65
11 86 -83
11 87 76
11 89 -56
11 90 -95
11 91 32
11 92 -67
11 94 23
11 95 63
11 96 -86
11 98 -80
11 99 -56
12 1 85
12 2 -100
12 3 47
12 4 -11
12 5 -60
12 7 95
12 8 93
12 9 3
12 10 68
12 11 10
12 12 95
12 13 35
12 14 99
12 17 24
12 18 -54
12 19 -26
12 20 3
12 21 -97
12 22 -54
12 23 -32
12 26 10
12 28 -7
12 29 -82
12 30 4
12 31 73
12 32 65
12 33 11
12 34 -41
12 35 -34
12 36 -76
12 37 73
12 38 31
12 39 -61
12 40 12
12 41 -66
12 44 55
12 45 31
12 46 -56
12 47 -24
12 48 -11
12 49 93
12 50 -4
12 51 7
12 52 69
12 53 -70
12 54 96
12 55 34
12 56 61
12 57 91
12 58 88
12 59 -47
12 60 56
12 61 69
12 62 -72
12 63 -95
12 64 -87
12 65 -8
12 66 32
12 67 -34
12 69 44
12 70 72
12 71 -73
12 72 4
12 74 65
12 75 -76
12 76 -33
12 78 -3
12 79 64
12 81 -85
12 82 -87
12 83 95
12 85 -73
12 86 44
12 87 -59
12 89 -28
12 90 34
12 91 -89
12 93 -4
12 94 -18
12 95 -14
12 96 27
12 97 83
12 98 39
12 99 -22
13 0 8
13 1 -93
13 2 -17
13 3 40
13 4 68
13 5 85
13 7 44
13 8 -5
13 10 77
13 11 -23
13 12 33
13 13 14
13 14 -71
13 15 -17
13 16 6
13 17 -35
13 18 28
13 19 -52
13 20 -86
13 21 73
13 22 -52
13 23 -68
13 25 -25
13 26 52
13 27 -66
13 28 56
13 30 -5
13 31 -61
13 33 -45
13 34 17
13 35 -57
13 37 60
13 38 -51
13 39 -3
13 40 16
13 41 -78
13 42 57
13 44 63
13 45 8
13 46 88
13 47 60
13 48 9
13 49 2
13 51 29
13 53 44
13 54 8
13 55 91
13 57 96
13 59 6
13 60 -53
13 61 -57
13 62 44
13 63 28
13 65 99
13 66 -6
13 67 -7
13 68 21
13 69 83
13 70 -19
13 72 83
13 73 40
13 76 91
13 77 61
13 78 -98
13 79 20
13 81 89
13 82 51
13 83 56
13 84 -48
13 85 -62
13 86 16
13 88 -82
13 89 12
13 90 -54
13 91 -50
13 92 -37
13 93 11
13 94 -47
13 95 72
13 96 86
13 97 -97
13 98 9
13 99 73
14 0 29
14 1 -53
14 2 -38
14 3 20
14 4 23
14 5 -64
14 6 81
14 7 -59
14 8 49
14 10 -51
14 11 -27
14 12 -31
14 13 35
14 14 8
14 15 -57
14 18 -65
14 19 95
14 20 -69
14 21 -12
14 22 -36
14 23 77
14 24 80
14 25 -18
14 27 -70
14 28 74
14 29 -28
14 30 -4
14 31 -100
14 36 50
14 37 84
14 38 62
14 39 91
14 40 42
14 41 24
14 42 -50
14 43 34
14 44 -64
14 46 98
14 47 -39
14 48 -15
14 49 98
14 50 85
14 51 3
14 52 -14
14 53 -52
14 54 -84
14 55 -39
14 56 -95
14 57 52
14 58 -10
14 59 -97
14 60 -51
14 63 24
14 64 5
14 65 51
14 66 -61
14 67 -84
14 68 -95
14 70 67
14 72 -2
14 73 96
14 74 93
14 76 -72
14 77 15
14 78 21
14 79 -96
14 80 -77
14 82 -33
14 83 -94
14 84 -60
14 85 -12
14 86 84
14 87 -86
14 88 96
14 90 -94
14 91 -57
14 92 86
14 94 -90
14 95 -78
14 96 5
14 98 6
14 99 -75
15 0 62
15 1 -74
15 2 -57
15 3 -87
15 4 8
15 5 78
15 6 -14
15 7 -92
15 8 -24
15 9 -65
15 10 99
15 11 -14
15 12 75
15 13 62
15 14 -68
15 15 -72
15 16 85
15 17 -37
15 18 84
15 19 88
15 20 -57
15 21 59
15 23 27
15 24 66
15 26 -80
15 27 22
15 28 98
15 29 48
15 30 -55
15 31 -31
15 32 8
15 33 100
15 34 -5
15 35 -39
15 36 -67
15 37 4
15 38 -33
15 39 53
15 40 -85
15 41 14
15 43 -45
15 44 85
15 46 14
15 47 -8
15 49 -23
15 50 60
15 51 -98
15 52 11
15 53 -11
15 54 75
15 55 1
15 56 -46
15 57 78
15 58 77
15 59 1
15 60 -70
15 61 -89
15 62 56
15 63 -33
15 64 -94
15 65 -51
15 67 76
15 68 -71
15 70 -36
15 71 93
15 72 32
15 73 11
15 74 -40
15 75 33
15 76 -75
15 77 -73
15 79 89
15 81 -28
15 82 -70
15 83 -45
15 85 -76
15 86 -36
15 87 -44
15 88 33
15 90 67
15 91 82
15 92 -22
15 93 -73
15 94 18
15 95 -10
15 97 14
15 99 -84
16 0 -10
16 1 86
16 2 70
16 3 97
16 5 -42
16 6 -10
16 7 16
16 8 -14
16 10 -28
16 11 -11
16 12 14
16 13 -45
16 14 -83
16 15 -51
16 16 52
16 17 -84
16 19 -15
16 20 -86
16 21 -78
16 22 17
16 23 53
16 24 -81
16 25 -14
16 28 -33
16 29 2
16 30 81
16 31 -45
16 32 13
16 36 -59
16 37 -29
16 39 -2
16 41 -69
16 42 4
16 43 39
16 44 38
16 45 97
16 46 -53
16 47 -72
16 48 21
16 49 6
16 50 62
16 51 72
16 52 92
16 53 30
16 54 69
16 55 79
16 56 -46
16 58 -1
16 59 -42
16 60 58
16 62 25
16 63 -91
16 64 1
16 65 72
16 66 6
16 67 38
16 69 -63
16 70 -77
16 71 1
16 72 -78
16 73 12
16 74 -45
16 76 70
16 77 -85
16 78 -5
16 79 -35
16 80 92
16 81 1
16 83 -84
16 84 12
16 86 -26
16 88 -7
16 89 -20
16 90 -6
16 92 -2
16 94 -34
16 95 78
16 96 -27
16 97 32
16 99 88
17 0 -76
17 1 44
17 5 -17
17 6 -34
17 7 -88
17 8 65
17 9 -2
17 10 7
17 11 -100
17 12 80
17 13 -48
17 14 -2
17 17 69
17 18 -85
17 19 -41
17 22 81
17 23 85
17 24 78
17 25 -24
17 26 -47
17 27 23
17 28 -3
17 30 94
17 31 -83
17 32 9
17 33 96
17 35 29
17 36 -48
17 37 64
17 38 -34
17 39 -40
17 41 34
17 42 -31
17 43 46
17 44 -38
17 47 -84
17 48 -60
17 49 -96
17 50 32
17 52 -25
17 53 3
17 54 77
17 55 -86
17 56 -13
17 57 -89
17 58 -54
17 59 24
17 61 -42
17 62 -94
17 63 99
17 64 -97
17 65 -73
17 66 23
17 68 56
17 70 -99
17 71 -93
17 72 -94
17 74 -77
17 75 68
17 76 69
17 77 -33
17 78 -21
17 79 93
17 80 47
17 81 21
17 84 15
17 85 -12
17 86 -83
17 88 -22
17 90 -82
17 91 83
17 92 -70
17 93 -44
17 94 -23
17 95 77
17 97 4
17 98 28
17 99 18
18 0 52
18 1 96
18 2 -37
18 3 -43
18 5 72
18 7 -16
18 9 -87
18 11 83
18 12 -78
18 13 41
18 14 -54
18 15 -76
18 18 5
18 19 -3
18 20 67
18 21 -69
18 22 60
18 23 51
18 24 2
18 25 28
18 27 47
18 28 -21
18 29 -22
18 30 -48
18 32 86
18 33 51
18 34 -82
18 35 9
18 36 -49
18 38 44
18 40 57
18 41 -91
18 42 -21
18 43 38
18 44 -24
18 45 -34
18 46 -16
18 47 35
18 48 -51
18 49 -88
18 50 15
18 51 -97
18 52 -33
18 53 -40
18 54 -85
18 55 92
18 56 39
18 57 85
18 59 90
18 60 -17
18 61 -71
18 63 -80
18 64 -26
18 65 3
18 67 92
18 68 -90
18 70 -10
18 72 -86
18 73 16
18 75 25
18 76 -27
18 77 -67
18 78 -89
18 79 -96
18 80 -31
18 81 90
18 82 85
18 83 -61
18 84 -40
18 85 39
18 86 -71
18 87 8
18 89 64
18 90 65
18 91 -56
18 92 46
18 94 14
18 95 -27
18 97 63
18 98 31
18 99 -20
19 0 -25
19 1 -7
19 2 -65
19 3 90
19 6 1
19 9 15
19 10 -27
19 11 21
19 12 -53
19 13 19
19 15 -91
19 19 51
19 20 19
19 22 54
19 23 37
19 24 53
19 25 48
19 26 95
19 28 -14
19 29 23
19 31 -85
19 32 48
19 33 -87
19 34 -13
19 35 -14
19 37 29
19 39 -41
19 40 80
19 41 -83
19 42 56
19 43 18
19 44 -7
19 46 -65
19 50 -3
19 51 -47
19 53 -12
19 54 -69
19 55 -8
19 56 -46
19 57 52
19 58 -34
19 59 34
19 60 41
19 62 82
19 63 -87
19 64 29
19 65 -55
19 66 -19
19 67 -43
19 69 -68
19 70 -36
19 72 -40
19 73 -55
19 74 34
19 75 -58
19 78 -65
19 79 54
19 80 38
19 81 62
19 83 17
19 84 9
19 85 -2
19 86 34
19 87 37
19 89 -93
19 90 29
19 91 30
19 92 -4
19 93 -10
19 94 -42
19 95 -2
19 96 -77
19 97 -95
19 99 69
20 0 -99
20 1 83
20 2 30
20 3 -14
20 4 -62
20 5 -74
20 7 -14
20 8 -77
20 10 81
20 12 -97
20 14 35
20 16 -56
20 17 19
20 21 -44
20 22 -54
20 24 38
20 26 74
20 27 -91
20 28 76
20 30 86
20 31 -15
20 32 -73
20 33 8
20 34 87
20 37 -72
20 39 39
20 40 47
20 41 -39
20 42 100
20 43 56
20 45 -58
20 47 19
20 48 25
20 49 -54
20 50 -59
20 51 2
20 54 34
20 55 -24
20 56 98
20 57 61
20 58 -19
20 59 -88
20 60 7
20 61 -85
20 63 -54
20 64 5
20 65 -22
20 66 -9
20 67 -24
20 68 32
20 69 -28
20 70 -61
20 72 -26
20 73 -28
20 74 -19
20 75 -17
20 77 74
20 78 79
20 81 -12
20 82 69
20 83 -31
20 84 -72
20 85 62
20 87 13
20 90 43
20 91 77
20 92 -47
20 93 85
20 94 62
20 95 54
20 96 20
20 97 -4
20 98 80
20 99 85
21 0 -15
21 1 -53
21 2 92
21 3 39
21 4 11
21 6 87
21 8 68
21 9 -11
21 10 -29
21 12 -54
21 13 89
21 14 87
21 15 -38
21 16 -62
21 19 -36
21 21 -41
21 22 -81
21 23 70
21 24 -1
21 25 -39
21 26 -77
21 27 -86
21 28 30
21 29 49
21 30 -94
21 31 -36
21 32 -1
21 33 -67
21 34 -63
21 35 -100
21 36 -13
21 38 53
21 39 -73
21 40 -71
21 41 15
21 42 12
21 43 -88
21 44 -79
21 45 -64
21 46 32
21 47 13
21 48 -80
21 49 99
21 50 85
21 51 73
21 52 78
21 53 66
21 54 9
21 55 68
21 56 14
21 58 -9
21 59 57
21 61 51
21 62 -34
21 63 61
21 64 34
21 66 -86
21 68 13
21 69 10
21 70 -71
21 73 82
21 74 -99
21 76 63
21 77 -7
21 78 40
21 79 -21
21 80 6
21 81 93
21 82 -11
21 83 42
21 84 -15
21 86 -99
21 87 38
21 88 32
21 89 31
21 91 20
21 93 -1
21 94 -31
21 95 -9
21 96 -96
21 97 1
21 98 -59
22 0 51
22 1 -87
22 2 53
22 4 -49
22 5 55
22 6 7
22 7 -48
22 8 -48
22 11 -61
22 12 14
22 13 -22
22 14 -27
22 15 56
22 16 -1
22 17 -29
22 18 -16
22 19 3
22 21 44
22 22 38
22 23 58
22 26 -91
22 27 28
22 28 24
22 30 3
22 31 28
22 32 -77
22 33 -65
22 34 -37
22 35 3
22 36 21
22 37 1
22 38 -23
22 39 -6
22 40 -36
22 41 -44
22 44 46
22 45 -73
22 46 -68
22 47 68
22 48 -27
22 50 -7
22 51 -98
22 53 5
22 54 -95
22 55 78
22 58 -42
22 59 -44
22 60 53
22 61 55
22 62 -55
22 63 -1
22 64 97
22 65 -56
22 66 17
22 69 -28
22 70 82
22 71 -99
22 72 45
22 74 -87
22 75 84
22 76 76
22 78 -83
22 79 -86
22 81 19
22 82 74
22 83 71
22 84 26
22 86 -69
22 87 13
22 89 -30
22 90 66
22 91 57
22 92 32
22 93 -87
22 94 38
22 95 -7
22 96 84
22 98 -79
22 99 -4
23 0 29
23 2 -52
23 3 42
23 4 -53
23 6 88
23 7 -22
23 10 -60
23 11 -82
23 12 -7
23 13 -32
23 15 66
23 16 -73
23 17 -81
23 18 -5
23 19 -28
23 20 -96
23 21 99
23 22 29
23 23 -99
23 24 28
23 25 -25
23 26 -65
23 28 -73
23 29 20
23 30 -13
23 31 32
23 33 -86
23 35 -13
23 37 26
23 38 -62
23 39 18
23 40 -75
23 41 39
23 42 59
23 43 -35
23 44 -39
23 45 43
23 46 35
23 47 64
23 48 -59
23 49 -81
23 50 -69
23 52 -88
23 53 -26
23 55 -31
23 56 91
23 57 -46
23 60 72
23 61 23
23 64 51
23 65 70
23 66 -35
23 68 36
23 69 -22
23 70 100
23 71 64
23 72 -38
23 73 -85
23 74 99
23 75 -49
23 76 36
23 77 -25
23 80 38
23 82 14
23 83 34
23 85 17
23 86 43
23 87 -19
23 88 88
23 89 -80
23 90 10
23 91 -100
23 92 -70
23 93 98
23 94 -19
23 95 -24
23 96 38
23 97 76
24 0 -13
24 1 -50
24 2 92
24 3 81
24 4 -100
24 5 -36
24 7 -13
24 8 6
24 9 -72
24 11 -94
24 12 73
24 13 -1
24 14 -11
24 17 -14
24 18 10
24 19 2
24 20 20
24 22 -86
24 23 34
24 25 -79
24 26 85
24 27 12
24 28 -29
24 29 -51
24 30 49
24 31 -34
24 32 75
24 33 -81
24 34 87
24 35 20
24 37 81
24 39 -78
24 41 -20
24 42 88
24 43 -69
24 44 -68
24 45 -16
24 46 24
24 47 -4
24 48 -46
24 49 -38
24 50 -40
24 51 83
24 52 -59
24 53 87
24 54 -2
24 55 -99
24 56 1
24 57 17
24 58 -50
24 59 -38
24 60 99
24 61 50
24 64 100
24 65 67
24 66 14
24 68 -52
24 69 -50
24 70 30
24 71 -60
24 73 78
24 74 36
24 76 33
24 77 -26
24 78 1
24 79 6
24 80 3
24 81 74
24 84 49
24 85 67
24 86 -59
24 87 -2
24 88 38
24 90 -63
24 91 -31
24 93 -3
24 97 56
24 99 27
25 1 -89
25 2 65
25 4 -49
25 5 30
25 6 -31
25 7 40
25 8 99
25 9 -49
25 10 -81
25 11 -19
25 12 -19
25 14 -85
25 15 44
25 16 25
25 17 -98
25 18 -5
25 19 -80
25 21 81
25 23 -88
25 24 -95
25 25 17
25 26 -33
25 28 -69
25 29 71
25 30 -78
25 31 63
25 34 -98
25 35 -90
25 36 54
25 37 -72
25 38 51
25 40 98
25 41 -91
25 42 87
25 43 21
25 46 54
25 47 -37
25 49 -45
25 50 65
25 51 -86
25 53 -3
25 55 100
25 56 20
25 57 -71
25 60 16
25 61 -25
25 62 90
25 63 57
25 64 1
25 65 -94
25 66 85
25 67 -99
25 68 28
25 70 71
25 71 54
25 73 -82
25 74 98
25 75 23
25 76 -93
25 78 -53
25 79 98
25 80 13
25 81 42
25 82 -82
25 83 6
25 84 60
25 85 -33
25 86 83
25 87 -40
25 88 27
25 90 -42
25 91 -75
25 92 99
25 93 -5
25 95 91
25 96 10
25 97 -64
25 98 50
25 99 68
26 0 89
26 2 80
26 3 -48
26 4 -9
26 5 -31
26 6 39
26 7 22
26 8 -91
26 9 22
26 10 -30
26 11 94
26 12 -69
26 14 66
26 15 53
26 16 37
26 17 7
26 18 54
26 19 -89
26 20 6
26 22 -98
26 23 98
26 25 -32
26 26 77
26 27 29
26 28 -22
26 30 93
26 31 -46
26 32 -86
26 33 19
26 34 29
26 36 20
26 38 74
26 39 36
26 40 -96
26 42 -55
26 43 38
26 45 -84
26 46 -49
26 47 31
26 48 74
26 50 -18
26 51 -10
26 52 -31
26 53 -6
26 54 -71
26 55 41
26 56 15
26 57 -57
26 58 91
26 60 98
26 61 -4
26 62 -14
26 63 35
26 64 69
26 65 -72
26 66 -18
26 67 3
26 68 -94
26 69 -79
26 70 -12
26 72 40
26 73 -12
26 74 -33
26 75 -61
26 76 50
26 77 60
26 78 -92
26 79 -3
26 81 -56
26 82 -35
26 83 -94
26 84 -81
26 85 97
26 86 69
26 87 -29
26 88 -96
26 90 -5
26 92 6
26 94 77
26 95 20
26 96 60
26 97 -58
26 98 -89
26 99 -15
27 0 69
27 1 51
27 3 -87
27 5 14
27 6 -55
27 7 58
27 8 55
27 9 80
27 10 -51
27 11 -96
27 12 -10
27 13 92
27 15 -28
27 16 33
27 17 48
27 18 10
27 19 -100
27 20 -57
27 21 -52
27 23 98
27 24 31
27 26 80
27 27 73
27 28 70
27 30 84
27 31 -54
27 32 65
27 33 -72
27 35 -21
27 36 -61
27 39 -85
27 41 76
27 42 68
27 43 -15
27 47 -82
27 48 -54
27 49 10
27 50 85
27 51 -84
27 52 92
27 53 -11
27 54 57
27 55 -100
27 56 68
27 57 84
27 58 7
27 60 42
27 61 13
27 62 -12
27 64 -14
27 65 -29
27 66 55
27 67 -28
27 68 82
27 69 -65
27 71 -82
27 72 -4
27 75 67
27 76 61
27 77 -1
27 78 -18
27 79 66
27 80 -25
27 81 -66
27 82 -54
27 83 9
27 84 -17
27 85 73
27 87 -46
27 90 26
27 91 -61
27 92 -86
27 93 -55
27 95 89
27 96 38
27 97 25
27 98 32
27 99 -41
28 0 -13
28 1 67
28 3 53
28 4 -10
28 5 -75
28 6 1
28 7 -35
28 8 97
28 9 15
28 10 -56
28 18 -95
28 19 5
28 20 -17
28 21 -9
28 22 39
28 23 -71
28 26 95
28 27 21
28 28 29
28 29 74
28 30 -6
28 31 -53
28 32 -40
28 33 15
28 37 92
28 38 -1
28 39 -86
28 40 95
28 41 -85
28 42 70
28 43 41
28 44 -93
28 45 -89
28 46 -90
28 48 -4
28 49 27
28 51 -70
28 52 88
28 53 44
28 54 -6
28 55 51
28 58 -97
28 60 70
28 63 17
28 64 2
28 65 -91
28 66 93
28 67 56
28 68 37
28 69 58
28 70 -82
28 71 60
28 72 19
28 74 -48
28 76 -46
28 77 -94
28 78 74
28 79 10
28 80 50
28 81 96
28 82 17
28 83 -64
28 85 -4
28 87 58
28 89 17
28 90 93
28 91 87
28 92 60
28 93 -85
28 94 -26
28 95 17
28 96 -21
28 97 71
28 99 24
29 0 -69
29 1 7
29 2 72
29 3 -48
29 4 -99
29 5 24
29 7 -17
29 8 70
29 10 15
29 11 -49
29 12 -6
29 15 -20
29 16 -23
29 17 64
29 18 -67
29 19 74
29 20 61
29 21 -40
29 22 81
29 24 8
29 25 25
29 26 58
29 27 63
29 28 -44
29 29 40
29 30 -71
29 32 37
29 34 -36
29 36 41
29 37 -58
29 39 43
29 40 13
29 42 -46
29 43 -5
29 45 -6
29 46 -35
29 48 2
29 49 -48
29 50 -79
29 51 61
29 52 71
29 53 79
29 54 -35
29 55 -74
29 58 -75
29 59 -85
29 60 72
29 62 49
29 63 -97
29 64 -56
29 65 47
29 66 46
29 67 -63
29 68 -51
29 70 100
29 72 99
29 73 45
29 74 87
29 76 -62
29 77 -72
29 79 5
29 80 -82
29 82 -53
29 83 -87
29 84 98
29 85 -57
29 86 65
29 87 67
29 88 89
29 89 70
29 90 37
29 92 61
29 93 -93
29 94 -84
29 95 -29
29 96 -56
29 98 64
29 99 -81
30 1 60
30 2 28
30 4 67
30 5 -3
30 6 -62
30 8 2
30 9 73
30 12 -66
30 13 61
30 14 23
30 15 -89
30 16 92
30 18 7
30 19 -24
30 20 -100
30 21 31
30 22 94
30 23 -68
30 26 -60
30 29 3
30 30 -92
30 31 -18
30 32 59
30 33 52
30 35 -46
30 36 -98
30 37 36
30 38 42
30 39 -79
30 40 36
30 42 89
30 43 -83
30 44 31
30 45 -47
30 46 -88
30 47 -81
30 48 -1
30 49 -27
30 50 -32
30 51 43
30 52 -63
30 53 -78
30 54 38
30 55 72
30 56 78
30 57 -6
30 59 -65
30 60 85
30 61 -5
30 62 96
30 63 68
30 64 -47
30 65 22
30 66 35
30 67 -34
30 69 83
30 70 -43
30 71 27
30 72 19
30 73 59
30 74 47
30 75 48
30 77 90
30 78 34
30 79 67
30 81 -96
30 82 -77
30 84 77
30 85 46
30 86 22
30 87 60
30 89 -75
30 91 22
30 92 -100
30 93 -15
30 94 89
30 96 34
30 97 -23
30 98 55
30 99 31
31 0 -65
31 1 -13
31 4 -76
31 5 92
31 6 45
31 7 -8
31 8 34
31 9 -69
31 10 24
31 11 97
31 12 -12
31 13 -2
31 14 -38
31 15 -98
31 16 38
31 17 -90
31 18 26
31 19 -32
31 20 -61
31 21 75
31 22 -18
31 25 78
31 26 -15
31 27 -6
31 28 88
31 29 -85
31 30 10
31 31 -7
31 33 86
31 34 -45
31 35 48
31 36 3
31 37 29
31 38 -17
31 39 -75
31 40 88
31 41 -90
31 42 66
31 43 27
31 44 -51
31 45 -43
31 48 -86
31 49 -86
31 50 -98
31 51 -47
31 52 -36
31 53 22
31 54 93
31 57 61
31 58 57
31 59 -70
31 60 26
31 62 80
31 63 -20
31 64 41
31 65 40
31 66 -11
31 68 -91
31 70 -96
31 71 27
31 76 -16
31 77 -44
31 78 -30
31 79 -12
31 80 -82
31 81 -31
31 82 -19
31 83 -89
31 84 -44
31 85 99
31 86 -41
31 87 13
31 88 -32
31 89 -51
31 90 -28
31 91 32
31 92 91
31 93 42
31 94 8
31 95 -97
31 96 90
31 99 -32
32 1 -71
32 2 -55
32 3 54
32 4 59
32 5 99
32 6 -70
32 7 -50
32 8 61
32 9 -37
32 10 -53
32 11 -5
32 12 5
32 13 -94
32 14 -42
32 15 -28
32 16 74
32 17 -50
32 18 75
32 19 -62
32 20 -82
32 21 -90
32 22 -13
32 24 43
32 25 -94
32 26 -92
32 27 82
32 28 97
32 29 48
32 30 55
32 31 -57
32 33 16
32 34 94
32 35 -93
32 39 2
32 41 -93
32 42 -46
32 43 -91
32 44 -67
32 45 -11
32 47 90
32 48 -26
32 49 49
32 50 55
32 51 50
32 52 -13
32 53 -86
32 54 -60
32 55 -50
32 56 -63
32 57 83
32 58 -84
32 59 79
32 60 -61
32 61 41
32 62 -74
32 63 36
32 64 -39
32 65 -58
32 66 -19
32 67 4
32 68 69
32 69 -95
32 70 81
32 71 94
32 73 85
32 74 57
32 75 98
32 76 62
32 78 57
32 80 86
32 82 26
32 84 -32
32 85 45
32 86 28
32 87 6
32 88 -31
32 90 72
32 92 80
32 93 -49
32 94 -12
32 95 27
32 96 -100
32 99 58
33 0 51
33 1 37
33 2 -92
33 3 -83
33 4 -63
33 5 73
33 7 -4
33 9 -8
33 10 -11
33 11 -6
33 12 41
33 13 98
33 16 -45
33 17 6
33 18 -68
33 19 65
33 20 -48
33 21 -75
33 22 2
33 23 -96
33 24 57
33 27 66
33 28 72
33 29 65
33 31 -95
33 32 1
33 33 80
33 36 -89
33 38 55
33 41 -4
33 42 16
33 44 39
33 45 18
33 46 -36
33 48 78
33 50 -68
33 51 -33
33 53 -88
33 55 98
33 56 59
33 57 17
33 58 -75
33 60 66
33 61 -21
33 62 49
33 63 30
33 64 -84
33 65 91
33 66 -84
33 67 -15
33 68 81
33 70 66
33 71 55
33 72 -49
33 74 15
33 75 -5
33 76 -32
33 78 58
33 79 -95
33 80 19
33 81 -91
33 83 4
33 85 -34
33 86 42
33 87 -50
33 88 96
33 89 6
33 90 48
33 91 -42
33 92 -28
33 93 -95
33 95 50
33 96 -37
33 97 22
33 98 59
33 99 7
34 0 -9
34 1 81
34 2 91
34 3 58
34 5 63
34 7 93
34 8 -56
34 9 -92
34 10 -26
34 11 -57
34 12 62
34 13 -35
34 14 -96
34 15 18
34 16 47
34 17 86
34 19 95
34 20 53
34 21 -41
34 22 26
34 23 -89
34 24 25
34 25 -17
34 26 25
34 27 70
34 28 95
34 30 -56
34 31 2
34 32 -20
34 33 -32
34 36 87
34 37 -51
34 38 -25
34 39 -97
34 40 -36
34 41 -10
34 42 62
34 43 -48
34 44 -67
34 45 -64
34 46 -81
34 47 10
34 48 32
34 50 89
34 51 16
34 52 -82
34 54 62
34 55 -68
34 57 61
34 59 13
34 60 -92
34 61 38
34 62 23
34 63 -83
34 64 -97
34 65 18
34 66 41
34 67 -98
34 68 -72
34 70 48
34 71 11
34 72 57
34 73 98
34 74 -21
34 75 -13
34 78 -31
34 79 5
34 80 25
34 82 -6
34 83 -21
34 84 93
34 85 -20
34 86 83
34 88 32
34 89 -91
34 90 -66
34 91 21
34 92 -59
34 94 83
34 96 -20
34 98 5
34 99 43
35 0 98
35 1 88
35 2 82
35 4 -60
35 5 -64
35 6 42
35 7 -35
35 8 -85
35 9 10
35 10 -78
35 11 92
35 12 30
35 13 86
35 14 -73
35 15 -90
35 16 86
35 17 -25
35 18 80
35 19 -68
35 20 -25
35 21 -29
35 22 21
35 24 85
35 25 49
35 27 68
35 28 -11
35 30 -83
35 31 53
35 32 -45
35 33 67
35 36 66
35 37 61
35 41 -83
35 42 34
35 43 59
35 44 -73
35 45 93
35 47 45
35 48 -49
35 49 37
35 50 33
35 51 91
35 52 -48
35 53 53
35 54 -86
35 55 -98
35 56 -48
35 57 18
35 58 -63
35 59 -82
35 60 27
35 61 -73
35 62 93
35 63 87
35 64 -58
35 65 68
35 66 -56
35 69 16
35 70 80
35 71 -76
35 72 92
35 74 7
35 75 34
35 76 -23
35 77 -95
35 78 28
35 79 -40
35 80 -4
35 81 -32
35 82 99
35 83 -86
35 84 -14
35 85 98
35 86 24
35 87 -73
35 89 51
35 90 87
35 91 66
35 93 -27
35 94 40
35 96 79
35 97 83
35 98 -6
35 99 18
36 1 -11
36 2 42
36 3 -20
36 4 -1
36 5 11
36 7 44
36 8 -84
36 9 -18
36 10 -4
36 11 62
36 12 -90
36 13 -1
36 14 57
36 15 -100
36 17 -20
36 18 8
36 19 67
36 20 43
36 21 67
36 22 -12
36 23 -78
36 24 52
36 25 6
36 26 53
36 27 93
36 28 21
36 29 51
36 30 -68
36 31 64
36 32 14
36 33 64
36 34 4
36 35 41
36 36 63
36 37 -93
36 38 -52
36 39 -87
36 40 -35
36 43 -45
36 44 22
36 45 -53
36 46 -51
36 48 72
36 50 2
36 51 7
36 52 -77
36 53 69
36 54 -8
36 55 -53
36 56 45
36 57 -6
36 58 66
36 59 -73
36 61 -74
36 62 -30
36 64 19
36 65 63
36 68 5
36 69 100
36 71 13
36 73 46
36 75 3
36 76 -34
36 77 -47
36 78 26
36 79 -4
36 80 -58
36 82 30
36 83 -39
36 84 71
36 85 29
36 86 -33
36 89 -42
36 93 48
36 94 -92
36 95 -63
36 96 -5
36 97 81
36 99 100
37 0 71
37 1 54
37 2 -90
37 3 95
37 4 25
37 5 18
37 6 10
37 8 -84
37 10 51
37 11 -54
37 13 -85
37 14 -30
37 16 36
37 17 17
37 18 55
37 19 -28
37 21 28
37 23 -100
37 24 -42
37 25 -69
37 26 90
37 27 -53
37 30 -69
37 31 99
37 32 -23
37 33 -39
37 36 -47
37 37 64
37 38 83
37 39 -97
37 40 -12
37 41 79
37 42 -51
37 43 27
37 44 19
37 47 77
37 49 -9
37 50 5
37 51 -71
37 52 23
37 53 47
37 54 85
37 56 18
37 57 -94
37 61 72
37 62 41
37 64 67
37 65 26
37 66 -37
37 67 -1
37 68 -62
37 69 -20
37 70 -72
37 71 -34
37 73 -81
37 74 42
37 75 27
37 77 -21
37 80 -42
37 81 41
37 84 77
37 85 -61
37 87 -10
37 88 62
37 89 -56
37 90 -69
37 91 -45
37 92 7
37 93 40
37 95 92
37 97 -8
37 98 -67
38 0 56
38 1 21
38 2 -7
38 3 17
38 4 -64
38 5 -7
38 6 -77
38 7 -30
38 9 -10
38 10 -63
38 12 37
38 13 45
38 14 -79
38 15 -90
38 16 -20
38 18 18
38 19 -6
38 20 -53
38 21 -59
38 22 -5
38 23 -87
38 25 18
38 26 -43
38 27 -67
38 28 60
38 29 42
38 31 -80
38 36 94
38 37 -78
38 38 -17
38 39 41
38 40 28
38 41 -57
38 42 -34
38 43 84
38 44 88
38 45 -26
38 46 -87
38 47 -70
38 50 13
38 53 -79
38 54 -72
38 55 84
38 58 40
38 60 71
38 61 -43
38 62 62
38 63 -93
38 64 24
38 65 37
38 67 4
38 68 -82
38 71 4
38 72 -10
38 73 77
38 74 -4
38 75 14
38 76 -32
38 77 55
38 78 -1
38 79 -59
38 80 -7
38 81 92
38 82 69
38 84 -57
38 85 -41
38 86 -44
38 87 -58
38 88 -51
38 89 -15
38 90 58
38 92 -17
38 93 -88
38 94 -17
38 95 -1
38 97 74
38 99 -32
39 0 -98
39 1 -86
39 2 84
39 3 -68
39 4 -53
39 5 -45
39 6 74
39 7 93
39 8 68
39 9 -14
39 12 81
39 13 -31
39 14 79
39 16 -5
39 17 74
39 18 -48
39 20 19
39 21 -10
39 22 -91
39 23 -89
39 24 -62
39 25 -1
39 26 -23
39 27 81
39 28 -95
39 30 -66
39 32 -66
39 34 -41
39 35 59
39 36 71
39 37 -83
39 38 -19
39 42 47
39 43 -19
39 44 -34
39 45 -41
39 46 -34
39 47 -11
39 48 -85
39 49 52
39 50 -78
39 51 -6
39 52 74
39 53 -69
39 54 16
39 55 -64
39 57 -87
39 58 -86
39 59 -4
39 60 43
39 61 -9
39 62 -27
39 63 -96
39 64 -56
39 69 -62
39 70 -94
39 71 36
39 72 50
39 73 -16
39 74 81
39 75 36
39 76 90
39 79 64
39 80 20
39 82 -73
39 85 -80
39 86 72
39 88 66
39 89 -43
39 90 48
39 91 41
39 92 31
39 93 13
39 94 -4
39 96 -46
39 97 69
39 98 38
39 99 37
40 0 -33
40 1 50
40 2 82
40 3 20
40 4 81
40 5 10
40 7 72
40 8 72
40 9 -27
40 10 87
40 11 -48
40 13 21
40 15 21
40 16 -88
40 17 97
40 18 68
40 20 -47
40 21 -71
40 22 -28
40 23 75
40 24 94
40 25 86
40 26 90
40 27 -98
40 28 -22
40 29 -50
40 30 -85
40 31 -24
40 33 97
40 34 76
40 35 59
40 36 89
40 37 -91
40 38 -65
40 39 97
40 40 34
40 41 -38
40 42 25
40 43 -8
40 45 -19
40 46 -30
40 47 -11
40 48 54
40 49 90
40 50 91
40 52 -29
40 53 -42
40 54 -36
40 55 86
40 56 28
40 58 -16
40 59 93
40 60 -70
40 61 36
40 63 68
40 64 60
40 67 27
40 68 57
40 69 -46
40 70 -81
40 71 71
40 73 72
40 74 -98
40 75 -44
40 76 -57
40 77 -26
40 78 9
40 79 8
40 80 -50
40 82 -91
40 83 38
40 87 -64
40 88 -61
40 89 -99
40 90 83
40 91 88
40 92 -96
40 93 -42
40 95 53
40 96 -63
40 97 85
40 98 94
40 99 88
41 0 -27
41 1 -64
41 4 26
41 5 76
41 6 67
41 7 -42
41 8 90
41 9 57
41 12 -35
41 13 51
41 14 40
41 15 71
41 16 -56
41 17 -88
41 18 -40
41 19 -48
41 20 62
41 21 82
41 22 -51
41 23 88
41 24 35
41 25 -48
41 26 -49
41 27 74
41 28 57
41 29 33
41 30 85
41 31 18
41 32 82
41 34 -20
41 35 -40
41 36 -83
41 37 100
41 39 86
41 40 95
41 41 -20
41 42 9
41 43 57
41 44 100
41 45 60
41 46 -12
41 47 -99
41 48 -45
41 49 90
41 50 -65
41 52 -7
41 53 52
41 54 -93
41 55 -8
41 56 3
41 57 81
41 58 81
41 60 -81
41 61 85
41 63 -26
41 64 19
41 66 -12
41 67 -63
41 68 46
41 69 18
41 70 -28
41 72 -49
41 74 -38
41 75 -90
41 76 -3
41 77 32
41 78 90
41 79 26
41 80 -96
41 82 -42
41 84 1
41 85 -35
41 86 34
41 87 -45
41 88 -75
41 89 -58
41 90 -55
41 91 90
41 93 -74
41 95 -46
41 96 98
41 97 -56
41 98 94
41 99 20
42 0 -46
42 1 28
42 2 -100
42 3 53
42 4 -67
42 5 49
42 6 -49
42 7 -42
42 8 -42
42 9 -59
42 10 49
42 12 -82
42 13 82
42 14 -19
42 15 96
42 17 83
42 18 93
42 19 -6
42 20 -31
42 22 -92
42 23 -90
42 24 -13
42 25 14
42 27 -41
42 28 58
42 29 -95
42 31 55
42 32 30
42 33 69
42 34 67
42 35 90
42 36 -51
42 38 29
42 39 62
42 40 -96
42 41 -7
42 42 58
42 43 48
42 44 -24
42 45 -45
42 48 -92
42 49 -23
42 50 -75
42 51 84
42 52 37
42 53 -65
42 54 7
42 55 51
42 56 57
42 57 74
42 58 -56
42 59 -80
42 60 -48
42 61 18
42 62 -71
42 63 -51
42 66 72
42 67 -25
42 68 -41
42 69 -86
42 70 -50
42 71 -15
42 72 30
42 73 68
42 74 -17
42 75 -36
42 76 -66
42 77 42
42 78 -6
42 79 1
42 80 77
42 81 -56
42 82 94
42 83 94
42 84 84
42 85 -26
42 86 45
42 87 88
42 88 60
42 90 -54
42 92 -35
42 93 -60
42 94 -25
42 98 -92
42 99 -54
43 0 -98
43 1 -41
43 2 90
43 5 -99
43 7 49
43 8 -10
43 9 76
43 10 -13
43 12 -45
43 13 67
43 15 21
43 19 -49
43 22 -99
43 25 -3
43 26 -26
43 27 44
43 28 81
43 29 95
43 30 -24
43 31 31
43 32 -65
43 34 -55
43 35 84
43 36 -22
43 37 -91
43 39 94
43 41 -58
43 43 -55
43 44 99
43 45 -59
43 46 93
43 47 31
43 48 -11
43 49 5
43 50 66
43 51 -3
43 52 77
43 53 -87
43 54 39
43 55 -58
43 56 -96
43 57 13
43 58 -92
43 59 -27
43 60 -78
43 61 -93
43 62 36
43 63 -79
43 64 17
43 65 64
43 66 -30
43 67 88
43 69 14
43 70 87
43 71 -54
43 72 -93
43 74 -33
43 75 -87
43 77 55
43 78 63
43 79 74
43 80 57
43 81 -80
43 82 -92
43 83 -55
43 84 -73
43 85 9
43 86 -96
43 87 -32
43 88 -61
43 89 -8
43 90 12
43 91 23
43 92 -60
43 93 -9
43 94 -12
43 96 -88
43 97 20
43 98 -27
43 99 80
44 1 -59
44 3 72
44 4 -78
44 7 31
44 8 47
44 9 56
44 10 85
44 11 63
44 12 59
44 13 -90
44 15 61
44 17 -76
44 18 77
44 19 -83
44 20 34
44 22 68
44 23 7
44 24 15
44 25 91
44 26 74
44 27 17
44 29 97
44 30 -56
44 32 -79
44 33 -58
44 34 4
44 35 -5
44 36 -7
44 37 46
44 38 -54
44 39 -33
44 40 -58
44 42 -8
44 43 -41
44 44 86
44 45 19
44 46 41
44 48 -52
44 50 -69
44 51 -46
44 52 19
44 55 -8
44 56 59
44 57 58
44 58 -70
44 59 -20
44 60 88
44 61 -45
44 62 96
44 63 -21
44 64 -20
44 66 -44
44 68 -39
44 69 53
44 70 5
44 73 -11
44 74 49
44 75 -28
44 76 79
44 77 -52
44 78 36
44 79 87
44 80 -16
44 82 -50
44 83 36
44 84 29
44 85 -80
44 87 45
44 88 40
44 89 -15
44 90 52
44 91 -87
44 92 87
44 94 -89
44 95 -10
44 96 -55
44 97 94
44 98 14
45 0 -25
45 1 66
45 2 47
45 3 -56
45 4 74
45 5 85
45 7 66
45 8 91
45 9 98
45 10 -11
45 11 -93
45 12 11
45 13 -53
45 14 -19
45 15 -43
45 16 -94
45 18 48
45 19 57
45 21 42
45 22 48
45 23 -55
45 24 12
45 25 36
45 26 100
45 27 59
45 28 -46
45 29 59
45 31 73
45 32 18
45 33 82
45 34 88
45 35 -59
45 39 37
45 41 -97
45 42 10
45 43 -69
45 44 44
45 45 66
45 47 57
45 48 -93
45 49 -11
45 50 -21
45 51 -69
45 52 -90
45 53 -85
45 55 22
45 56 -57
45 57 83
45 58 -23
45 60 23
45 62 -69
45 63 -40
45 64 -43
45 65 64
45 70 -14
45 71 52
45 73 -63
45 74 -49
45 75 -94
45 78 -64
45 79 15
45 80 2
45 81 49
45 82 -82
45 83 63
45 85 78
45 86 45
45 87 -70
45 88 38
45 89 23
45 90 -91
45 91 98
45 92 -54
45 94 -39
45 95 -82
45 98 89
45 99 -95
46 0 42
46 1 -65
46 2 -15
46 4 50
46 5 9
46 7 44
46 8 4
46 9 42
46 11 -48
46 12 55
46 13 -48
46 15 -33
46 16 -67
46 17 87
46 18 3
46 19 47
46 20 30
46 21 -62
46 22 -22
46 23 -77
46 24 50
46 29 26
46 30 38
46 31 -66
46 32 -12
46 33 17
46 34 82
46 35 42
46 36 99
46 37 -28
46 38 73
46 39 -66
46 40 -9
46 41 -54
46 42 10
46 44 17
46 45 -12
46 46 43
46 47 65
46 49 87
46 50 -84
46 51 64
46 52 -57
46 53 -72
46 54 -29
46 56 65
46 57 13
46 58 -35
46 59 48
46 60 87
46 62 -60
46 63 45
46 64 -91
46 65 -94
46 66 94
46 68 -60
46 69 39
46 71 79
46 73 -48
46 74 -72
46 75 -25
46 76 -81
46 77 -4
46 78 -65
46 80 14
46 81 33
46 82 71
46 83 -94
46 84 4
46 85 78
46 86 78
46 87 25
46 88 -26
46 89 -25
46 90 -48
46 91 9
46 92 5
46 93 67
46 94 41
46 95 -92
46 96 -43
46 97 69
46 98 -90
46 99 70
47 0 100
47 1 99
47 2 43
47 3 29
47 4 100
47 5 -12
47 6 29
47 7 79
47 8 -66
47 9 -34
47 10 15
47 12 39
47 13 -35
47 14 63
47 15 23
47 16 -80
47 17 99
47 18 -88
47 19 97
47 20 83
47 21 8
47 22 23
47 23 -46
47 24 -20
47 25 13
47 26 -42
47 27 100
47 28 -63
47 29 -13
47 30 61
47 31 26
47 32 -55
47 33 17
47 35 -25
47 36 -61
47 37 10
47 38 -11
47 39 -65
47 40 1
47 41 37
47 44 -59
47 45 -34
47 46 56
47 47 50
47 49 85
47 50 -35
47 51 -4
47 52 -7
47 53 -68
47 54 -76
47 56 39
47 57 43
47 58 99
47 59 -8
47 60 8
47 61 -13
47 62 -83
47 63 -84
47 64 -99
47 66 -56
47 67 -4
47 69 -63
47 70 21
47 71 -73
47 72 -65
47 73 -87
47 74 -21
47 75 45
47 76 3
47 77 55
47 79 64
47 81 -71
47 83 56
47 84 87
47 87 95
47 88 35
47 89 52
47 90 36
47 91 93
47 93 15
47 95 38
47 96 -48
47 97 -42
47 98 44
47 99 -51
48 0 -35
48 1 -23
48 3 4
48 4 25
48 5 -98
48 6 3
48 7 99
48 8 64
48 9 -75
48 10 17
48 12 12
48 13 -45
48 14 49
48 15 -10
48 16 33
48 17 78
48 19 -91
48 20 -7
48 21 35
48 22 9
48 24 21
48 25 -33
48 28 -87
48 30 89
48 33 -77
48 34 -88
48 35 24
48 36 44
48 37 -5
48 38 32
48 39 34
48 40 -94
48 41 80
48 42 -48
48 43 -43
48 44 -2
48 45 79
48 46 60
48 47 76
48 48 61
48 49 -32
48 50 -16
48 51 89
48 52 62
48 53 -47
48 54 -93
48 55 12
48 56 45
48 57 89
48 58 1
48 59 97
48 60 20
48 61 51
48 62 -87
48 63 -48
48 64 78
48 65 -38
48 66 81
48 67 -21
48 68 -31
48 69 -60
48 70 -14
48 71 13
48 72 -81
48 73 -28
48 74 47
48 75 97
48 77 -50
48 78 -30
48 82 27
48 83 42
48 84 -48
48 85 -47
48 86 -5
48 87 -61
48 89 19
48 91 -15
48 93 -91
48 94 82
48 95 -94
48 96 89
48 97 67
48 98 -93
48 99 42
49 0 85
49 1 96
49 2 -71
49 3 71
49 4 19
49 5 54
49 6 2
49 8 -58
49 9 14
49 10 14
49 11 6
49 14 47
49 16 37
49 18 91
49 19 -65
49 20 58
49 21 -66
49 23 12
49 25 -42
49 26 13
49 27 75
49 28 85
49 29 -37
49 30 -24
49 32 45
49 33 80
49 34 88
49 35 61
49 36 99
49 37 11
49 38 -75
49 39 -3
49 40 49
49 41 -58
49 42 -83
49 43 -75
49 46 -36
49 48 -15
49 49 70
49 50 15
49 51 -27
49 52 -58
49 53 78
49 54 -97
49 55 10
49 56 48
49 57 -96
49 58 -74
49 59 14
49 60 50
49 61 -16
49 62 37
49 63 2
49 64 -20
49 65 -8
49 66 81
49 67 -35
49 68 -62
49 69 64
49 72 6
49 74 -2
49 75 -88
49 77 -80
49 78 27
49 79 69
49 81 -27
49 82 -5
49 83 -28
49 84 51
49 85 75
49 86 -49
49 89 -36
49 90 20
49 92 -19
49 93 28
49 94 93
49 95 -98
49 96 -51
49 97 -5
49 99 -71
50 0 -60
50 1 88
50 2 -21
50 3 -88
50 5 -43
50 6 49
50 7 71
50 8 -95
50 10 -18
50 11 65
50 12 48
50 13 -70
50 14 -95
50 15 78
50 16 -45
50 17 45
50 18 90
50 19 41
50 20 -11
50 21 95
50 22 28
50 23 83
50 24 -43
50 25 59
50 26 75
50 27 -15
50 29 -61
50 30 -28
50 31 -7
50 32 35
50 33 -60
50 34 19
50 36 -82
50 37 -38
50 38 -76
50 39 -55
50 40 -35
50 42 -49
50 43 48
50 44 33
50 46 35
50 47 21
50 48 -73
50 49 -40
50 50 1
50 51 45
50 52 -49
50 53 -67
50 54 77
50 55 60
50 56 -1
50 57 -65
50 58 -88
50 59 -16
50 60 43
50 61 87
50 62 50
50 63 54
50 64 18
50 66 72
50 67 25
50 68 -80
50 70 -85
50 71 -32
50 72 11
50 73 -68
50 74 51
50 75 -41
50 76 38
50 78 -65
50 79 12
50 81 22
50 82 -59
50 83 1
50 84 -71
50 85 96
50 86 42
50 89 61
50 90 -44
50 91 36
50 92 74
50 93 55
50 94 -20
50 95 17
50 96 43
50 97 -43
50 98 80
50 99 92
51 1 -69
51 2 -48
51 3 -34
51 4 98
51 5 -35
51 6 23
51 7 81
51 8 54
51 9 -1
51 10 -57
51 12 92
51 13 -26
51 14 -51
51 15 17
51 16 -42
51 18 38
51 19 -55
51 20 -90
51 21 -3
51 22 72
51 23 60
51 25 4
51 26 -14
51 27 79
51 28 -59
51 30 82
51 31 59
51 33 40
51 34 -30
51 37 -6
51 38 83
51 39 -62
51 40 100
51 41 96
51 42 22
51 43 23
51 45 -63
51 46 -77
51 47 -57
51 49 -59
51 50 54
51 51 -27
51 52 -88
51 53 -2
51 54 -79
51 55 57
51 56 85
51 57 -2
51 59 -47
51 60 25
51 61 -59
51 62 46
51 63 75
51 64 87
51 65 43
51 67 -82
51 68 3
51 69 -98
51 70 3
51 71 66
51 72 38
51 73 66
51 75 -48
51 76 35
51 77 -3
51 78 -22
51 79 -90
51 80 29
51 83 87
51 84 -1
51 86 -23
51 87 -29
51 88 79
51 89 -39
51 90 -97
51 91 43
51 92 -84
51 96 100
51 97 39
51 98 -35
51 99 -64
52 0 54
52 1 70
52 3 64
52 4 16
52 5 73
52 6 14
52 7 -90
52 8 -36
52 9 -69
52 10 67
52 11 28
52 12 -34
52 13 -22
52 14 81
52 15 70
52 16 17
52 18 55
52 19 -9
52 20 74
52 21 26
52 22 85
52 24 30
52 25 99
52 26 -62
52 27 -86
52 28 -50
52 29 -53
52 30 -98
52 31 23
52 32 -22
52 35 -48
52 36 -16
52 37 -39
52 38 99
52 39 -87
52 40 -7
52 41 -80
52 42 52
52 43 -34
52 44 -74
52 45 8
52 46 87
52 48 -62
52 49 62
52 50 -39
52 51 42
52 52 -72
52 53 -1
52 54 5
52 55 -83
52 56 -14
52 57 6
52 58 -75
52 59 -67
52 60 -16
52 62 27
52 63 75
52 64 -98
52 65 -45
52 66 -23
52 67 -21
52 69 -37
52 70 55
52 71 -4
52 72 96
52 73 82
52 74 -29
52 76 91
52 77 -88
52 78 52
52 80 86
52 81 -82
52 82 33
52 83 76
52 84 23
52 85 -82
52 86 -88
52 87 12
52 88 41
52 90 61
52 91 51
52 92 41
52 93 -40
52 94 -98
52 95 77
52 96 -49
52 98 -47
52 99 18
53 3 93
53 5 -50
53 6 -32
53 7 -21
53 9 -78
53 10 -71
53 11 59
53 13 17
53 14 83
53 15 -31
53 16 25
53 17 -55
53 18 -94
53 19 -9
53 20 56
53 21 39
53 22 80
53 24 -90
53 25 33
53 26 -88
53 27 -86
53 28 -42
53 29 7
53 32 -56
53 33 -64
53 35 76
53 36 -1
53 37 -89
53 38 -98
53 39 27
53 41 35
53 42 95
53 43 25
53 44 30
53 47 -71
53 48 36
53 49 27
53 51 80
53 52 67
53 54 -30
53 55 -23
53 56 86
53 57 -5
53 58 -15
53 59 -13
53 60 55
53 61 62
53 62 97
53 63 57
53 64 -6
53 65 76
53 66 58
53 67 84
53 69 20
53 70 -97
53 71 99
53 72 5
53 73 98
53 75 37
53 76 12
53 78 49
53 79 -40
53 81 -86
53 82 -77
53 83 60
53 84 21
53 87 11
53 88 50
53 89 -37
53 90 4
53 93 42
53 94 -15
53 96 -9
53 97 94
53 98 62
53 99 -11
54 0 -36
54 1 32
54 2 -42
54 3 72
54 4 16
54 6 35
54 9 88
54 11 37
54 12 99
54 13 78
54 16 -20
54 18 -53
54 19 52
54 20 78
54 21 -79
54 22 -92
54 23 -42
54 24 -13
54 25 -7
54 26 -84
54 27 -41
54 28 -69
54 29 24
54 30 78
54 31 47
54 32 -21
54 33 -28
54 35 31
54 36 -17
54 39 11
54 40 -33
54 41 -17
54 42 54
54 43 -44
54 45 -43
54 46 15
54 47 4
54 48 -74
54 49 -37
54 50 -90
54 51 -62
54 52 -17
54 53 75
54 54 93
54 57 -14
54 58 58
54 60 -22
54 61 -4
54 62 34
54 64 -77
54 66 -59
54 67 28
54 69 37
54 70 19
54 72 -26
54 73 -93
54 74 79
54 75 -9
54 76 -83
54 77 -49
54 78 -99
54 79 -67
54 81 42
54 82 82
54 83 -48
54 84 38
54 85 -25
54 86 -79
54 87 -71
54 88 63
54 89 66
54 94 -24
54 95 44
54 96 68
54 97 37
54 98 -36
54 99 11
55 0 -20
55 2 4
55 3 -38
55 5 -50
55 7 68
55 8 -25
55 10 -98
55 11 -52
55 12 -22
55 13 -43
55 14 -36
55 15 -20
55 17 12
55 19 31
55 20 23
55 21 -96
55 24 -83
55 25 76
55 26 -55
55 27 7
55 28 14
55 29 -60
55 30 -86
55 31 -35
55 32 48
55 33 -2
55 34 75
55 36 -70
55 37 81
55 39 -86
55 42 -22
55 43 43
55 44 79
55 45 30
55 46 -19
55 47 -62
55 48 -20
55 49 78
55 51 -82
55 52 -1
55 54 37
55 56 -22
55 57 90
55 59 24
55 61 -85
55 62 -43
55 63 49
55 64 -97
55 68 29
55 69 -32
55 70 -68
55 71 13
55 72 67
55 73 -42
55 76 31
55 77 -51
55 78 -46
55 79 14
55 80 -94
55 81 23
55 82 -1
55 83 25
55 84 -62
55 85 -85
55 86 31
55 87 63
55 88 -80
55 89 -43
55 90 38
55 91 -35
55 92 -57
55 93 -32
55 94 -31
55 95 32
55 97 -33
55 98 -50
55 99 -65
56 1 35
56 2 -66
56 5 94
56 6 -96
56 7 15
56 8 28
56 9 -58
56 10 8
56 11 -18
56 12 -67
56 13 31
56 14 -10
56 15 20
56 16 -80
56 17 14
56 18 25
56 19 75
56 21 -48
56 23 2
56 24 84
56 25 45
56 27 96
56 28 98
56 30 -69
56 31 -27
56 32 -32
56 33 36
56 34 29
56 35 -95
56 37 29
56 38 55
56 39 72
56 40 -84
56 41 -10
56 42 78
56 43 -40
56 45 87
56 46 59
56 47 -37
56 48 -34
56 49 58
56 50 -48
56 51 76
56 52 39
56 53 -61
56 54 -78
56 56 -89
56 57 31
56 59 47
56 60 -52
56 61 -41
56 62 19
56 63 -87
56 64 -91
56 66 20
56 67 -27
56 69 -45
56 74 50
56 77 -47
56 78 82
56 79 -32
56 80 -85
56 81 65
56 82 29
56 83 62
56 84 -50
56 85 -64
56 86 -73
56 88 -77
56 89 -62
56 90 -55
56 91 -78
56 92 65
56 93 -30
56 94 -53
56 95 73
56 96 84
56 97 9
56 98 -21
57 1 -80
57 5 -1
57 6 95
57 9 25
57 10 3
57 12 -13
57 13 83
57 14 1
57 16 45
57 20 -67
57 21 -35
57 23 -4
57 24 -80
57 25 -31
57 26 80
57 27 54
57 28 -23
57 29 -8
57 31 -64
57 32 25
57 33 27
57 34 32
57 35 -40
57 36 28
57 37 -38
57 38 -86
57 39 85
57 40 -51
57 41 91
57 42 -27
57 43 -22
57 44 -85
57 46 54
57 47 -70
57 48 68
57 49 22
57 50 -92
57 51 86
57 52 -88
57 53 -69
57 54 79
57 55 -91
57 56 -42
57 57 -68
57 58 38
57 59 8
57 60 48
57 62 -70
57 63 -60
57 64 -26
57 65 63
57 66 -60
57 67 17
57 69 -83
57 70 9
57 71 -73
57 73 -38
57 74 8
57 75 -69
57 76 -65
57 77 23
57 78 -99
57 79 59
57 81 28
57 83 80
57 84 49
57 85 -25
57 86 13
57 87 65
57 88 82
57 89 -62
57 90 42
57 91 -70
57 92 28
57 93 63
57 94 58
57 95 -90
57 96 -67
57 97 90
57 98 -92
57 99 14
58 0 -93
58 1 82
58 2 -26
58 6 72
58 7 -41
58 8 -29
58 9 3
58 10 88
58 11 10
58 12 32
58 13 -75
58 14 -80
58 15 -68
58 16 19
58 17 -74
58 18 86
58 20 39
58 21 -82
58 22 -8
58 23 18
58 24 -10
58 25 -15
58 26 -47
58 27 20
58 28 67
58 29 73
58 30 98
58 31 63
58 32 -63
58 33 -41
58 34 -96
58 35 -89
58 37 -45
58 38 -41
58 39 47
58 40 -13
58 41 2
58 42 -59
58 45 -62
58 46 88
58 48 -31
58 49 87
58 50 -9
58 51 -84
58 52 -3
58 53 94
58 54 29
58 56 34
58 57 -37
58 58 -14
58 59 -98
58 60 36
58 61 -67
58 62 10
58 63 -49
58 64 -16
58 65 -75
58 66 6
58 67 -68
58 68 32
58 69 47
58 70 25
58 71 50
58 72 -72
58 73 -9
58 74 89
58 75 -13
58 76 47
58 77 -16
58 78 -48
58 79 -21
58 81 63
58 83 -81
58 84 -96
58 85 -18
58 86 66
58 87 47
58 88 -98
58 89 -32
58 91 24
58 93 -71
58 94 97
58 95 80
58 96 -7
58 98 13
58 99 91
59 0 -56
59 1 96
59 3 -18
59 4 8
59 5 32
59 6 31
59 8 -79
59 9 -99
59 10 -37
59 11 -76
59 12 26
59 14 75
59 16 -47
59 17 9
59 19 93
59 20 -58
59 21 67
59 22 68
59 23 1
59 24 69
59 25 -76
59 26 -39
59 28 53
59 29 81
59 30 -87
59 31 -70
59 32 -96
59 33 -98
59 34 -56
59 35 14
59 36 -46
59 37 -83
59 38 -34
59 40 -20
59 41 -91
59 42 -5
59 43 -92
59 45 -56
59 47 -3
59 48 76
59 49 44
59 50 28
59 51 94
59 52 -3
59 53 -23
59 54 -1
59 55 -74
59 56 52
59 57 -99
59 58 -84
59 59 41
59 60 -98
59 61 81
59 63 -37
59 66 -9
59 67 30
59 69 9
59 70 47
59 72 -82
59 73 21
59 75 71
59 78 44
59 79 -37
59 80 85
59 81 51
59 82 -13
59 83 -96
59 85 -63
59 86 -91
59 87 88
59 88 44
59 89 -31
59 91 -87
59 92 -60
59 93 69
59 96 -29
59 97 100
59 99 72
60 0 -46
60 1 5
60 3 -15
60 4 -60
60 5 -43
60 6 52
60 8 -61
60 9 77
60 10 61
60 13 27
60 14 55
60 15 65
60 16 28
60 17 86
60 18 56
60 19 -50
60 20 76
60 21 -91
60 22 -41
60 23 -49
60 24 97
60 25 29
60 26 22
60 27 46
60 28 20
60 29 25
60 31 94
60 32 -91
60 33 -72
60 34 100
60 35 4
60 37 -83
60 38 32
60 40 2
60 41 83
60 42 -100
60 43 23
60 44 99
60 46 14
60 47 9
60 48 17
60 49 3
60 50 16
60 51 -70
60 52 -53
60 55 69
60 56 -72
60 57 71
60 58 -27
60 59 60
60 60 59
60 61 -2
60 62 -51
60 64 74
60 65 24
60 66 11
60 67 80
60 69 -78
60 70 -31
60 71 -4
60 73 96
60 75 -30
60 77 8
60 78 -24
60 79 17
60 80 -64
60 81 -94
60 82 -4
60 83 -5
60 85 33
60 86 -40
60 88 -45
60 89 -81
60 91 -45
60 92 -22
60 93 -61
60 94 -3
60 95 -42
60 96 18
60 97 -49
60 99 -89
61 0 45
61 1 74
61 2 32
61 3 7
61 4 57
61 5 85
61 6 80
61 7 -64
61 8 41
61 9 30
61 10 95
61 11 41
61 12 14
61 13 25
61 14 54
61 16 -33
61 17 -57
61 18 3
61 19 44
61 20 100
61 22 70
61 23 100
61 24 3
61 25 -52
61 26 -32
61 28 3
61 30 -18
61 32 59
61 35 -53
61 36 -86
61 37 -14
61 38 -4
61 39 16
61 40 81
61 41 -39
61 44 46
61 45 100
61 46 -77
61 47 -11
61 48 -23
61 49 -88
61 50 -27
61 51 -85
61 53 10
61 54 -49
61 55 87
61 56 20
61 57 -82
61 58 46
61 59 48
61 60 -80
61 61 -48
61 62 -79
61 63 -2
61 64 -43
61 65 67
61 68 -46
61 69 -80
61 70 -53
61 71 -27
61 72 55
61 73 86
61 74 -40
61 75 -93
61 76 63
61 77 -31
61 78 94
61 79 83
61 80 11
61 81 36
61 82 60
61 83 19
61 84 49
61 85 -97
61 86 70
61 87 -40
61 88 32
61 89 87
61 90 8
61 91 9
61 93 98
61 94 19
61 95 16
61 96 6
61 97 -77
61 98 -18
61 99 -55
62 1 -26
62 2 -48
62 3 -48
62 4 -54
62 5 10
62 6 75
62 8 -25
62 9 -39
62 10 -13
62 12 24
62 13 -84
62 14 -74
62 15 -44
62 16 -81
62 17 -67
62 18 -27
62 19 80
62 20 -72
62 21 -17
62 22 -30
62 23 -77
62 26 -95
62 27 -42
62 29 -76
62 31 85
62 34 -39
62 35 42
62 36 -100
62 37 -76
62 38 23
62 39 -7
62 40 -92
62 41 -44
62 42 71
62 43 9
62 44 -95
62 45 33
62 46 65
62 48 39
62 50 37
62 51 91
62 52 1
62 53 -69
62 55 84
62 56 35
62 57 98
62 58 64
62 59 -28
62 61 -29
62 62 15
62 63 51
62 65 -71
62 66 -25
62 67 -37
62 68 25
62 69 66
62 72 -83
62 74 -69
62 75 2
62 76 7
62 77 -92
62 78 8
62 80 -85
62 81 52
62 82 -98
62 85 -45
62 86 29
62 87 -83
62 88 -67
62 89 69
62 90 54
62 91 -59
62 92 35
62 93 41
62 94 74
62 95 -69
62 96 -94
62 97 -6
62 98 -38
62 99 30
63 0 11
63 1 23
63 2 -42
63 3 -41
63 4 69
63 5 85
63 6 80
63 7 76
63 8 -73
63 9 -57
63 10 -67
63 11 11
63 12 28
63 13 66
63 14 -60
63 15 83
63 16 2
63 17 -19
63 18 -99
63 19 -52
63 20 29
63 22 97
63 24 -19
63 25 49
63 27 44
63 28 -33
63 30 62
63 32 -16
63 33 65
63 34 -10
63 35 -29
63 36 6
63 37 87
63 38 -68
63 39 -33
63 40 79
63 44 -91
63 45 -100
63 46 41
63 47 -55
63 48 95
63 49 22
63 50 -8
63 51 61
63 52 43
63 54 88
63 55 28
63 56 51
63 58 -54
63 59 -91
63 61 1
63 63 -44
63 64 83
63 65 99
63 66 71
63 67 -51
63 68 -83
63 69 39
63 70 17
63 71 -88
63 72 -31
63 73 -68
63 74 98
63 75 -100
63 76 -87
63 77 -85
63 78 -7
63 79 -70
63 80 34
63 81 19
63 82 -83
63 83 47
63 85 98
63 86 93
63 88 41
63 90 -76
63 91 -42
63 93 -40
63 95 -81
63 96 6
63 97 22
63 99 45
64 1 -55
64 2 13
64 3 -19
64 5 57
64 6 -60
64 7 -36
64 8 -67
64 9 22
64 10 -77
64 11 11
64 12 -66
64 13 -58
64 14 -100
64 15 58
64 17 -59
64 18 -3
64 19 24
64 20 28
64 22 -3
64 24 52
64 25 10
64 26 -65
64 27 -76
64 29 -6
64 30 -89
64 31 -33
64 32 -97
64 33 -1
64 36 -63
64 37 -85
64 39 -39
64 40 50
64 41 -85
64 42 -96
64 43 -27
64 45 -13
64 46 25
64 47 53
64 49 9
64 52 71
64 53 58
64 54 81
64 55 -46
64 56 -46
64 58 -64
64 59 88
64 60 -16
64 61 -68
64 62 5
64 63 36
64 66 4
64 67 -83
64 68 -39
64 69 38
64 71 -60
64 72 -98
64 75 26
64 76 -61
64 77 35
64 78 -57
64 79 60
64 80 40
64 82 46
64 83 3
64 84 -98
64 85 70
64 86 32
64 87 -18
64 89 -27
64 91 27
64 92 -57
64 93 -14
64 94 -84
64 95 -40
64 96 -55
64 97 -57
64 98 -44
64 99 3
65 1 1
65 2 23
65 5 42
65 6 7
65 7 22
65 8 -36
65 10 -100
65 11 -1
65 12 2
65 13 13
65 14 11
65 15 -21
65 18 97
65 19 98
65 20 74
65 21 2
65 22 -75
65 25 23
65 26 -73
65 28 -95
65 29 -95
65 30 90
65 31 -87
65 32 -71
65 33 -32
65 34 5
65 36 49
65 37 -2
65 38 -81
65 39 -47
65 40 -6
65 41 -5
65 42 -10
65 43 -86
65 45 48
65 46 17
65 50 -50
65 51 68
65 52 -82
65 53 98
65 54 2
65 55 -91
65 56 53
65 57 73
65 58 -2
65 60 -33
65 61 -46
65 62 5
65 63 76
65 64 81
65 66 -5
65 67 -12
65 68 83
65 69 55
65 71 -38
65 72 -47
65 76 8
65 77 -92
65 78 -36
65 79 47
65 81 28
65 82 66
65 83 -71
65 84 -4
65 85 -49
65 86 22
65 87 95
65 88 -5
65 89 36
65 90 -40
65 92 49
65 93 56
65 95 39
65 96 -10
65 97 70
65 98 78
65 99 -30
66 0 -6
66 1 -10
66 2 -17
66 3 55
66 5 55
66 6 -51
66 7 11
66 8 -13
66 9 -100
66 10 -66
66 11 -40
66 12 15
66 15 -11
66 16 5
66 17 86
66 18 -68
66 19 -28
66 20 -89
66 21 -15
66 23 -66
66 24 11
66 26 27
66 27 94
66 28 59
66 29 -45
66 32 -66
66 33 -49
66 34 -79
66 35 66
66 36 -83
66 37 -31
66 38 5
66 41 -82
66 43 -21
66 44 -91
66 45 39
66 46 97
66 47 -32
66 48 -94
66 49 16
66 50 61
66 51 -52
66 53 -2
66 55 -28
66 57 -26
66 58 -5
66 59 -88
66 60 65
66 61 -10
66 62 77
66 63 87
66 64 -36
66 66 -91
66 67 27
66 68 69
66 69 -34
66 70 -64
66 71 -51
66 72 77
66 73 40
66 75 7
66 76 42
66 77 -37
66 78 -35
66 79 63
66 81 90
66 82 38
66 84 -14
66 89 -49
66 91 -67
66 92 80
66 94 66
66 95 -22
66 96 -4
66 97 -8
66 98 -81
66 99 -12
67 0 13
67 1 -64
67 2 -80
67 3 -99
67 4 -16
67 6 75
67 7 46
67 8 53
67 9 50
67 10 7
67 11 -9
67 13 62
67 14 -11
67 15 -51
67 17 -58
67 18 -74
67 20 69
67 21 46
67 22 39
67 23 92
67 24 -59
67 25 -91
67 26 92
67 27 56
67 28 -36
67 29 -99
67 30 82
67 31 -94
67 32 99
67 33 57
67 34 -66
67 36 -9
67 37 -51
67 38 -77
67 39 -73
67 40 -66
67 42 80
67 44 79
67 45 -32
67 46 16
67 47 1
67 48 -100
67 50 27
67 53 100
67 54 75
67 55 -87
67 56 30
67 57 -57
67 58 -40
67 59 65
67 60 -72
67 62 36
67 63 13
67 64 55
67 66 100
67 67 1
67 68 83
67 69 -67
67 70 29
67 71 -16
67 72 99
67 73 -89
67 74 61
67 75 88
67 76 41
67 78 -66
67 79 32
67 81 -33
67 82 -87
67 84 -8
67 85 46
67 86 -9
67 88 32
67 89 65
67 90 -2
67 91 -40
67 92 -73
67 93 55
67 94 71
67 95 -67
67 97 -98
67 99 79
68 0 -18
68 2 1
68 4 22
68 5 23
68 6 -96
68 7 47
68 9 47
68 11 -89
68 12 12
68 13 -86
68 14 -16
68 15 58
68 17 27
68 18 -3
68 19 55
68 20 -4
68 21 -90
68 22 -45
68 23 -19
68 24 73
68 25 19
68 26 -26
68 28 -58
68 29 -14
68 30 55
68 32 10
68 33 39
68 35 47
68 36 17
68 37 -44
68 38 -90
68 40 24
68 41 -13
68 42 60
68 43 -53
68 44 -14
68 45 61
68 47 -3
68 48 48
68 49 -63
68 50 -61
68 51 -92
68 53 19
68 54 -80
68 56 -37
68 57 29
68 58 -82
68 59 -92
68 60 13
68 62 -56
68 63 -48
68 64 71
68 65 41
68 67 91
68 70 -17
68 72 96
68 73 77
68 75 8
68 76 69
68 78 99
68 80 -55
68 81 -87
68 82 74
68 83 41
68 84 -9
68 85 68
68 86 16
68 88 69
68 89 34
68 90 20
68 91 -22
68 92 -38
68 93 99
68 94 67
68 95 37
68 96 18
68 98 84
68 99 -66
69 0 69
69 1 -37
69 2 49
69 3 76
69 4 -64
69 5 -38
69 6 -99
69 7 98
69 8 40
69 9 14
69 10 -36
69 11 -50
69 12 33
69 14 47
69 15 19
69 16 -80
69 17 -55
69 18 -99
69 19 -19
69 20 69
69 22 84
69 24 47
69 26 -97
69 27 -99
69 30 -95
69 33 -18
69 34 16
69 35 79
69 36 -9
69 38 49
69 39 48
69 42 59
69 44 -56
69 45 -49
69 46 80
69 47 -35
69 49 -10
69 50 63
69 52 90
69 53 -43
69 54 71
69 55 92
69 56 -5
69 57 2
69 59 79
69 61 3
69 63 33
69 64 68
69 65 80
69 66 51
69 67 -12
69 68 22
69 69 48
69 70 1
69 72 37
69 74 95
69 75 -80
69 76 -77
69 77 -89
69 78 90
69 79 2
69 80 -24
69 81 -34
69 82 -41
69 83 15
69 84 59
69 86 -14
69 87 -3
69 88 -21
69 89 56
69 90 -57
69 91 -32
69 92 -70
69 93 35
69 94 59
69 95 74
69 96 -16
69 98 56
69 99 -47
70 2 23
70 3 27
70 4 11
70 5 78
70 6 67
70 8 34
70 9 54
70 10 88
70 11 -45
70 13 91
70 15 23
70 16 -71
70 17 83
70 19 73
70 20 -31
70 21 33
70 22 35
70 23 -28
70 24 77
70 25 14
70 26 -85
70 27 -19
70 28 -69
70 29 -40
70 30 -85
70 31 -30
70 32 -66
70 33 -9
70 34 -91
70 35 49
70 36 20
70 37 -61
70 38 -80
70 39 -8
70 40 -96
70 41 -55
70 42 68
70 43 33
70 44 42
70 45 74
70 48 20
70 49 -39
70 50 -46
70 51 -98
70 53 82
70 55 5
70 56 -47
70 57 73
70 58 -77
70 59 45
70 60 -71
70 61 -36
70 62 -36
70 63 -4
70 64 79
70 65 56
70 66 55
70 67 64
70 69 -92
70 70 39
70 71 -76
70 72 54
70 74 15
70 75 96
70 76 28
70 77 32
70 78 85
70 79 -75
70 82 51
70 83 -11
70 85 -32
70 86 48
70 87 -28
70 88 -72
70 90 -74
70 92 6
70 93 3
70 94 5
70 95 -46
70 97 48
70 98 -80
70 99 53
71 2 8
71 3 -14
71 4 41
71 5 1
71 6 -28
71 8 -15
71 10 80
71 13 73
71 14 29
71 15 -84
71 16 -93
71 17 -95
71 18 39
71 19 -59
71 20 75
71 22 41
71 23 24
71 24 -7
71 25 64
71 27 -61
71 28 -93
71 29 -12
71 30 -84
71 31 14
71 32 45
71 34 69
71 35 -25
71 36 -77
71 37 45
71 38 -24
71 39 -94
71 40 -69
71 41 84
71 42 -56
71 43 -6
71 44 3
71 46 -56
71 48 92
71 49 65
71 50 -33
71 51 55
71 52 -6
71 53 53
71 54 92
71 56 -91
71 57 -26
71 58 26
71 59 -91
71 60 66
71 61 -57
71 63 52
71 66 44
71 68 46
71 69 -18
71 70 -25
71 71 -58
71 72 60
71 74 -71
71 75 41
71 76 82
71 77 -56
71 78 85
71 79 74
71 80 25
71 81 84
71 82 5
71 83 -95
71 84 -25
71 85 59
71 86 -95
71 87 -76
71 88 -46
71 90 -8
71 91 1
71 92 86
71 93 -97
71 94 27
71 95 27
71 96 67
71 97 -78
71 98 -64
71 99 22
72 0 50
72 3 23
72 4 58
72 7 3
72 9 -44
72 12 62
72 13 97
72 14 83
72 15 -37
72 16 -97
72 17 26
72 18 68
72 21 -47
72 25 94
72 26 -19
72 27 -57
72 28 92
72 29 88
72 30 47
72 31 38
72 32 -8
72 33 41
72 36 7
72 37 77
72 38 -60
72 39 -59
72 40 -71
72 41 -19
72 42 -87
72 43 -54
72 45 86
72 46 -31
72 48 -47
72 49 -72
72 50 96
72 51 -65
72 52 19
72 53 -46
72 54 -88
72 55 -24
72 56 9
72 57 -77
72 58 82
72 59 31
72 60 74
72 61 -5
72 62 -100
72 63 -71
72 64 -29
72 65 18
72 66 28
72 67 -79
72 68 7
72 69 11
72 70 51
72 71 -41
72 73 -37
72 74 11
72 76 24
72 77 -17
72 78 63
72 79 -70
72 80 66
72 81 65
72 82 -39
72 83 -20
72 84 -62
72 86 -15
72 87 10
72 88 2
72 89 77
72 90 11
72 92 -60
72 93 -70
72 94 -88
72 96 4
72 97 50
72 98 65
72 99 -88
73 0 -87
73 1 48
73 2 4
73 3 -29
73 4 16
73 5 80
73 6 -86
73 7 -54
73 8 92
73 9 16
73 12 -62
73 13 -2
73 14 -26
73 16 53
73 17 -23
73 19 95
73 20 -100
73 21 -21
73 22 81
73 23 36
73 24 67
73 26 -11
73 27 -12
73 28 100
73 29 18
73 31 -16
73 35 -74
73 36 61
73 37 66
73 38 17
73 40 43
73 42 65
73 43 -85
73 45 -90
73 46 -54
73 47 36
73 48 -7
73 49 67
73 50 59
73 52 31
73 54 32
73 55 -94
73 56 97
73 57 -7
73 58 -71
73 59 80
73 61 -94
73 62 -2
73 63 -14
73 65 60
73 66 -81
73 67 59
73 68 55
73 70 -60
73 71 -81
73 72 -59
73 73 43
73 74 20
73 75 -23
73 76 -30
73 77 18
73 78 54
73 80 16
73 82 -17
73 83 -52
73 84 -63
73 85 -46
73 86 94
73 87 -14
73 88 -95
73 90 88
73 91 76
73 93 -22
73 94 -80
73 95 74
73 96 -48
73 98 39
73 99 -31
74 0 61
74 1 39
74 2 -25
74 3 -47
74 4 32
74 5 42
74 6 -83
74 7 97
74 9 59
74 10 28
74 11 53
74 12 -43
74 15 -63
74 16 -13
74 17 68
74 18 -73
74 19 66
74 21 29
74 22 -18
74 23 44
74 24 -85
74 25 8
74 26 56
74 27 -85
74 28 -84
74 29 -50
74 31 -60
74 32 62
74 33 70
74 34 97
74 36 46
74 37 -100
74 39 64
74 40 80
74 41 71
74 42 -49
74 43 -91
74 44 26
74 46 -48
74 47 70
74 48 3
74 49 3
74 50 -37
74 51 29
74 52 43
74 53 14
74 55 78
74 56 -89
74 57 70
74 58 41
74 59 38
74 60 24
74 61 92
74 62 41
74 63 59
74 64 60
74 66 85
74 67 59
74 69 -45
74 70 32
74 71 -31
74 72 -59
74 73 99
74 74 -97
74 77 -86
74 78 -47
74 79 64
74 80 -37
74 81 -61
74 83 67
74 84 -25
74 85 -15
74 86 47
74 89 -87
74 90 -73
74 91 -3
74 92 -23
74 93 54
74 95 14
74 98 -89
75 0 -100
75 2 -77
75 3 78
75 4 -13
75 5 68
75 9 -10
75 11 80
75 13 -57
75 16 71
75 17 96
75 18 27
75 19 13
75 21 -39
75 23 48
75 24 -29
75 25 -83
75 26 46
75 27 -21
75 28 -19
75 30 -88
75 31 67
75 32 99
75 33 94
75 36 54
75 37 -78
75 38 -6
75 40 54
75 41 60
75 42 35
75 44 -41
75 45 73
75 46 -26
75 47 31
75 48 97
75 49 -61
75 50 -78
75 52 46
75 53 -74
75 54 29
75 55 13
75 56 -15
75 57 26
75 58 -8
75 59 67
75 60 18
75 61 -61
75 62 16
75 63 -17
75 65 -93
75 66 4
75 67 -41
75 68 98
75 69 9
75 70 19
75 71 -62
75 72 -88
75 73 -34
75 74 -33
75 75 -98
75 76 71
75 78 30
75 79 -83
75 80 51
75 82 99
75 83 -54
75 84 -72
75 85 -29
75 87 19
75 88 -57
75 89 -38
75 90 43
75 91 39
75 92 84
75 94 64
75 95 28
75 96 -8
75 97 -43
75 98 55
75 99 12
76 0 -84
76 3 99
76 4 -42
76 5 -59
76 6 28
76 7 17
76 9 -58
76 11 23
76 12 45
76 16 -8
76 17 -95
76 20 -92
76 22 72
76 23 35
76 25 -18
76 26 -59
76 28 -76
76 29 63
76 30 19
76 31 53
76 33 4
76 34 -47
76 35 -69
76 36 -25
76 37 -64
76 38 -1
76 39 14
76 41 -39
76 42 73
76 43 -89
76 44 -77
76 45 45
76 46 -25
76 47 53
76 48 -33
76 49 -56
76 50 93
76 52 50
76 53 37
76 54 -11
76 55 14
76 56 -27
76 57 26
76 58 96
76 60 -7
76 61 45
76 62 73
76 63 -86
76 64 -22
76 65 63
76 66 18
76 67 -94
76 68 100
76 69 -17
76 70 27
76 71 -6
76 73 47
76 74 70
76 75 49
76 76 2
76 77 91
76 78 -55
76 79 25
76 80 59
76 81 -47
76 82 -59
76 83 48
76 86 -83
76 87 88
76 89 -85
76 90 89
76 91 5
76 92 55
76 93 51
76 94 26
76 95 54
76 96 59
76 97 82
76 98 48
76 99 -73
77 0 -15
77 1 29
77 2 65
77 3 28
77 4 56
77 6 -43
77 7 -96
77 8 58
77 9 54
77 12 47
77 13 -13
77 14 65
77 15 -53
77 17 -72
77 18 -95
77 20 100
77 21 -60
77 22 93
77 24 80
77 26 47
77 27 -63
77 28 -95
77 29 46
77 30 -77
77 31 47
77 32 -6
77 33 95
77 34 36
77 35 20
77 38 -90
77 39 -9
77 40 80
77 41 -78
77 42 31
77 43 56
77 44 23
77 45 31
77 47 41
77 49 -81
77 50 72
77 52 -53
77 53 49
77 54 -73
77 57 -34
77 58 8
77 59 67
77 60 -56
77 61 -42
77 62 -45
77 63 -84
77 64 46
77 66 -56
77 67 -51
77 68 -99
77 69 82
77 70 -74
77 71 5
77 72 -57
77 73 68
77 75 96
77 76 1
77 77 6
77 79 41
77 80 -89
77 81 -20
77 82 39
77 83 -42
77 84 -45
77 87 -88
77 88 -57
77 89 58
77 90 5
77 92 12
77 95 47
77 97 54
77 98 43
77 99 3
78 0 56
78 1 39
78 2 54
78 3 -39
78 4 -64
78 6 15
78 8 -1
78 9 -70
78 10 71
78 12 29
78 13 33
78 14 -14
78 15 64
78 16 -2
78 17 -100
78 20 68
78 21 7
78 22 -54
78 23 -7
78 24 89
78 26 -48
78 27 42
78 28 -29
78 29 96
78 30 -51
78 31 -26
78 32 60
78 33 -37
78 34 89
78 35 -95
78 36 83
78 37 -55
78 38 -5
78 39 -47
78 40 49
78 41 50
78 43 1
78 44 60
78 46 -74
78 47 82
78 48 83
78 50 36
78 51 -22
78 53 -78
78 54 84
78 55 9
78 56 -15
78 57 84
78 58 -14
78 60 74
78 61 -16
78 62 95
78 63 61
78 64 -74
78 68 68
78 69 -35
78 70 -26
78 71 41
78 72 -40
78 74 -94
78 75 14
78 76 -39
78 77 75
78 78 30
78 79 67
78 80 68
78 81 -14
78 82 -12
78 83 15
78 84 66
78 85 -1
78 86 -14
78 87 43
78 89 64
78 90 84
78 92 -98
78 93 53
78 96 -50
78 97 -74
78 98 30
79 0 -18
79 2 -95
79 3 16
79 7 -8
79 8 -17
79 9 69
79 10 57
79 11 43
79 12 -69
79 13 -57
79 14 -86
79 15 -56
79 16 31
79 17 -46
79 18 -80
79 20 -60
79 21 -91
79 22 -85
79 23 -26
79 24 -10
79 25 78
79 26 -22
79 27 25
79 28 -46
79 29 -48
79 30 -33
79 32 -60
79 33 -39
79 34 -33
79 36 81
79 37 41
79 38 -29
79 39 -13
79 40 88
79 41 75
79 42 -70
79 43 -39
79 44 -33
79 46 9
79 47 -9
79 48 -21
79 49 -98
79 52 -67
79 53 -70
79 57 28
79 59 6
79 60 -79
79 61 -30
79 62 -60
79 63 -86
79 64 19
79 65 34
79 66 47
79 67 48
79 68 61
79 69 -93
79 70 6
79 72 -9
79 73 -3
79 74 -48
79 75 37
79 77 79
79 78 -55
79 79 58
79 80 -20
79 81 81
79 82 -94
79 84 -18
79 85 34
79 86 -96
79 87 -75
79 88 -36
79 89 -4
79 92 -93
79 93 -45
79 94 80
79 95 -58
79 96 -46
80 0 -16
80 1 69
80 3 -95
80 4 -32
80 5 13
80 7 91
80 8 19
80 9 -89
80 10 96
80 13 53
80 14 -50
80 15 -43
80 16 18
80 17 -16
80 18 -26
80 19 -4
80 20 -32
80 21 -23
80 22 -5
80 23 -77
80 24 -16
80 25 -23
80 26 37
80 27 -67
80 28 48
80 30 98
80 31 -31
80 32 75
80 33 -81
80 35 -8
80 36 78
80 37 -29
80 39 45
80 40 -53
80 41 37
80 43 -46
80 46 -55
80 47 83
80 48 5
80 49 48
80 50 -19
80 51 -34
80 52 -2
80 53 -34
80 54 -26
80 55 26
80 56 96
80 58 -26
80 59 -22
80 60 55
80 61 48
80 62 -91
80 63 -10
80 65 33
80 66 -17
80 67 -12
80 68 95
80 69 48
80 70 69
80 71 21
80 72 -79
80 73 -36
80 74 -63
80 75 26
80 77 -74
80 78 -62
80 81 3
80 84 68
80 85 -49
80 86 -81
80 87 -21
80 88 -42
80 89 40
80 90 -88
80 91 93
80 92 -68
80 93 -75
80 94 41
80 95 66
80 96 65
80 99 4
81 0 92
81 1 39
81 2 -45
81 3 26
81 4 98
81 5 -57
81 6 -24
81 8 84
81 10 64
81 11 -2
81 12 -81
81 13 29
81 14 -67
81 15 27
81 16 -82
81 17 30
81 18 30
81 19 62
81 21 52
81 22 -53
81 23 87
81 24 45
81 25 3
81 26 -54
81 27 22
81 28 24
81 30 -30
81 31 59
81 32 -24
81 33 75
81 35 52
81 36 -95
81 37 78
81 38 -74
81 39 40
81 42 -31
81 45 35
81 46 -49
81 47 11
81 48 -14
81 49 7
81 51 -83
81 52 65
81 54 -26
81 55 -22
81 56 17
81 57 44
81 58 22
81 59 -8
81 60 16
81 61 84
81 62 75
81 63 -73
81 64 69
81 65 -24
81 66 96
81 67 4
81 68 54
81 69 -98
81 70 46
81 71 -57
81 72 -56
81 73 -69
81 74 -23
81 76 71
81 79 -49
81 80 -60
81 83 -80
81 84 38
81 85 -60
81 86 -100
81 87 -16
81 88 -96
81 90 -85
81 91 -5
81 92 87
81 93 -31
81 94 -7
81 96 59
81 98 -1
81 99 86
82 0 -70
82 1 58
82 3 -39
82 4 63
82 5 66
82 6 -40
82 9 2
82 10 -35
82 12 -85
82 13 78
82 14 -73
82 15 33
82 17 -3
82 18 -53
82 20 33
82 21 -64
82 22 -23
82 23 34
82 24 55
82 26 -34
82 27 70
82 28 41
82 29 -80
82 30 75
82 31 -92
82 33 73
82 34 -2
82 35 62
82 36 45
82 38 75
82 41 96
82 42 -94
82 43 69
82 44 -10
82 46 -27
82 47 10
82 48 2
82 49 -76
82 50 -16
82 51 50
82 54 -55
82 55 36
82 56 -95
82 57 98
82 58 -93
82 59 17
82 61 85
82 62 -95
82 63 -13
82 64 88
82 66 40
82 67 79
82 68 33
82 69 -45
82 70 24
82 71 -91
82 72 93
82 73 -46
82 74 58
82 75 60
82 77 -19
82 78 62
82 80 73
82 81 68
82 82 -8
82 83 44
82 84 6
82 85 54
82 86 -92
82 87 99
82 88 45
82 90 24
82 92 6
82 93 -48
82 94 -45
82 96 -75
82 98 81
82 99 -53
83 0 -63
83 1 47
83 2 -67
83 3 -28
83 4 11
83 5 99
83 7 -74
83 8 62
83 9 -56
83 10 44
83 11 59
83 12 -48
83 13 -90
83 14 67
83 15 89
83 16 -51
83 17 -58
83 19 12
83 20 -52
83 21 40
83 22 23
83 23 61
83 25 47
83 26 -71
83 27 37
83 28 -19
83 29 -98
83 30 73
83 31 61
83 32 89
83 34 93
83 36 -41
83 37 -65
83 40 -47
83 42 -50
83 43 -27
83 44 93
83 47 62
83 48 82
83 50 33
83 51 13
83 52 -88
83 53 73
83 54 66
83 55 43
83 56 -29
83 57 -71
83 59 -11
83 60 -32
83 62 -70
83 63 -62
83 65 51
83 66 89
83 68 50
83 69 18
83 72 -77
83 73 -53
83 74 -68
83 75 -24
83 76 -39
83 79 36
83 80 -45
83 81 -26
83 83 -51
83 84 -12
83 85 63
83 86 82
83 88 -60
83 90 47
83 92 30
83 93 34
83 94 -57
83 96 33
83 98 -27
83 99 -87
84 0 87
84 2 -7
84 3 -10
84 4 -54
84 5 -28
84 6 76
84 7 34
84 8 25
84 9 -33
84 10 -29
84 11 -50
84 12 -35
84 14 97
84 15 66
84 18 -96
84 19 13
84 20 -60
84 21 62
84 23 -46
84 24 9
84 25 -92
84 27 -61
84 29 -92
84 30 -56
84 32 98
84 33 34
84 34 -28
84 35 -77
84 37 45
84 38 -63
84 39 -48
84 40 77
84 41 -21
84 42 -18
84 43 48
84 44 65
84 47 2
84 48 43
84 50 -64
84 52 97
84 53 53
84 54 -24
84 55 78
84 56 -73
84 57 55
84 58 87
84 60 4
84 61 -72
84 62 -24
84 63 63
84 64 81
84 65 -92
84 67 -81
84 68 -72
84 70 90
84 71 -99
84 74 60
84 75 -5
84 76 90
84 77 -12
84 79 50
84 81 -20
84 82 54
84 84 25
84 85 -58
84 86 -48
84 87 65
84 88 48
84 89 65
84 90 -85
84 91 71
84 92 -35
84 93 92
84 94 42
84 95 -13
84 96 80
84 97 -34
84 98 86
85 0 52
85 1 8
85 3 13
85 5 91
85 6 60
85 7 34
85 8 28
85 10 -97
85 11 -21
85 12 42
85 13 -38
85 14 -2
85 15 24
85 16 -31
85 17 36
85 18 33
85 19 -35
85 20 15
85 21 9
85 23 99
85 25 -59
85 26 63
85 27 65
85 28 -54
85 30 47
85 31 9
85 33 -71
85 34 94
85 35 -26
85 36 85
85 37 92
85 38 55
85 40 -46
85 41 -78
85 42 46
85 43 73
85 44 93
85 45 -81
85 47 16
85 48 -64
85 49 -75
85 51 92
85 52 -85
85 54 -44
85 55 -10
85 56 -33
85 57 -98
85 58 -13
85 59 -99
85 60 -55
85 62 -93
85 64 20
85 65 28
85 66 82
85 68 96
85 69 31
85 70 -64
85 71 79
85 73 -12
85 74 53
85 75 -8
85 77 -86
85 78 -25
85 79 35
85 80 -88
85 81 43
85 82 9
85 83 85
85 84 9
85 85 41
85 87 -10
85 88 -64
85 89 -72
85 91 94
85 92 -96
85 93 91
85 96 76
85 97 -51
85 98 -96
85 99 53
86 0 60
86 1 -10
86 2 -17
86 3 37
86 4 100
86 5 -17
86 6 -97
86 7 -47
86 8 4
86 9 39
86 10 89
86 11 29
86 12 67
86 13 38
86 14 94
86 15 -34
86 16 -31
86 17 -78
86 18 72
86 19 93
86 20 80
86 22 8
86 23 43
86 24 71
86 25 43
86 26 47
86 27 87
86 30 -19
86 37 -74
86 38 -21
86 39 -55
86 40 -24
86 42 81
86 43 -94
86 44 92
86 45 41
86 46 38
86 47 64
86 48 82
86 49 54
86 51 71
86 52 -38
86 53 40
86 54 -37
86 55 -88
86 56 -39
86 57 42
86 58 -35
86 59 36
86 60 -4
86 62 71
86 63 5
86 64 20
86 65 -90
86 66 -37
86 67 70
86 68 94
86 70 -79
86 71 -54
86 74 -30
86 75 68
86 77 87
86 78 55
86 79 -23
86 80 19
86 81 29
86 82 79
86 84 38
86 85 -12
86 86 -4
86 87 -99
86 89 -90
86 91 -14
86 93 -62
86 94 -14
86 95 99
86 96 12
86 97 58
86 99 -21
87 0 33
87 1 -100
87 3 -53
87 4 21
87 5 35
87 6 31
87 7 68
87 8 70
87 9 52
87 10 -18
87 11 -57
87 12 -22
87 13 90
87 14 49
87 15 -85
87 16 -21
87 19 -63
87 20 45
87 21 43
87 22 -58
87 23 -71
87 25 -67
87 28 51
87 29 4
87 30 34
87 31 31
87 32 -68
87 34 98
87 35 62
87 37 -87
87 38 -56
87 39 -48
87 41 -97
87 42 13
87 43 -31
87 45 -94
87 46 20
87 47 46
87 48 4
87 49 -3
87 52 11
87 54 -10
87 55 -7
87 56 -41
87 57 -21
87 58 74
87 59 80
87 60 -84
87 61 57
87 63 10
87 65 -26
87 66 -59
87 67 -33
87 68 22
87 70 37
87 72 -45
87 73 -75
87 75 36
87 76 -13
87 77 40
87 78 -13
87 79 9
87 80 11
87 81 -64
87 82 50
87 84 13
87 86 74
87 87 -39
87 88 -17
87 89 -14
87 90 -21
87 91 -99
87 92 60
87 94 -100
87 95 39
87 96 -91
87 97 78
87 98 -78
88 0 -27
88 1 -100
88 2 -40
88 4 60
88 6 99
88 7 69
88 8 25
88 9 20
88 11 -52
88 12 41
88 13 31
88 14 28
88 16 25
88 17 -18
88 18 -79
88 19 -95
88 20 -33
88 21 91
88 22 -52
88 23 47
88 24 1
88 27 73
88 28 76
88 29 -90
88 30 -22
88 31 -41
88 32 -41
88 33 48
88 34 24
88 35 -78
88 36 93
88 38 -31
88 40 -41
88 41 92
88 42 23
88 44 -99
88 45 -35
88 46 -42
88 49 -60
88 50 -83
88 51 -28
88 52 10
88 53 -100
88 54 5
88 55 -69
88 56 -35
88 57 88
88 58 -89
88 59 82
88 60 -84
88 61 25
88 64 93
88 65 -90
88 66 -49
88 67 6
88 69 71
88 72 78
88 73 11
88 74 98
88 76 -12
88 77 -38
88 78 56
88 79 -59
88 80 33
88 81 75
88 82 67
88 84 -65
88 85 17
88 86 73
88 87 87
88 89 -99
88 90 -75
88 91 67
88 93 -78
88 94 -22
88 95 73
88 97 51
88 98 56
88 99 60
89 0 -61
89 1 -100
89 2 -57
89 3 36
89 5 83
89 8 6
89 10 34
89 11 -84
89 13 1
89 14 -37
89 15 86
89 16 16
89 17 -17
89 20 -43
89 21 -31
89 22 -3
89 23 -78
89 24 -30
89 25 -3
89 29 -90
89 30 -45
89 31 -76
89 33 3
89 34 -22
89 35 -94
89 36 70
89 37 -44
89 38 -48
89 39 66
89 40 50
89 41 89
89 42 -44
89 43 59
89 44 -32
89 46 -68
89 47 -32
89 49 47
89 50 -82
89 51 5
89 52 87
89 53 -66
89 54 60
89 55 -27
89 56 2
89 57 -22
89 59 23
89 60 -58
89 61 -17
89 62 -84
89 63 -100
89 64 22
89 65 31
89 67 4
89 68 -9
89 69 -55
89 70 40
89 71 12
89 72 31
89 73 -80
89 74 -94
89 75 35
89 76 26
89 78 -94
89 79 98
89 80 44
89 81 -93
89 83 64
89 84 18
89 85 -8
89 86 11
89 87 -5
89 88 35
89 89 18
89 90 -48
89 91 -13
89 92 -96
89 94 -65
89 95 87
89 96 -31
89 98 67
89 99 31
90 0 -52
90 1 -43
90 3 -17
90 5 -26
90 6 -77
90 7 75
90 8 -76
90 9 23
90 10 63
90 12 -57
90 13 12
90 14 84
90 15 -98
90 17 -58
90 18 -14
90 19 -41
90 20 -51
90 22 37
90 23 -75
90 24 -76
90 25 -26
90 26 -37
90 27 -59
90 28 -72
90 29 80
90 30 -48
90 31 11
90 32 66
90 34 70
90 35 85
90 36 69
90 37 -66
90 38 79
90 39 -60
90 41 28
90 42 71
90 43 69
90 44 -40
90 45 71
90 46 63
90 47 54
90 48 -14
90 50 -69
90 51 35
90 52 79
90 53 -78
90 55 -47
90 56 -87
90 57 25
90 58 -38
90 59 -18
90 60 -52
90 61 -77
90 62 -62
90 65 -33
90 66 -65
90 68 -7
90 70 -42
90 71 -74
90 72 67
90 73 4
90 74 64
90 76 21
90 77 36
90 78 75
90 79 54
90 80 29
90 81 65
90 82 -66
90 83 -89
90 86 -38
90 87 83
90 88 -64
90 89 85
90 90 -30
90 91 49
90 92 -65
90 93 51
90 94 -47
90 95 -35
90 97 -7
90 98 -78
91 0 -91
91 1 -19
91 2 -33
91 3 -15
91 5 -1
91 6 -87
91 8 -18
91 9 90
91 10 55
91 11 -11
91 12 56
91 13 89
91 14 -92
91 15 -12
91 16 6
91 17 -65
91 18 -38
91 19 -27
91 20 6
91 21 -54
91 23 45
91 24 -79
91 25 48
91 26 -38
91 27 31
91 28 24
91 29 -62
91 30 -57
91 32 69
91 33 39
91 34 58
91 35 79
91 36 -45
91 37 -57
91 38 21
91 40 -51
91 41 44
91 42 49
91 43 -85
91 44 -53
91 45 -76
91 46 29
91 47 -21
91 48 -78
91 49 -53
91 50 -95
91 51 -97
91 52 -16
91 53 10
91 54 -31
91 55 -8
91 57 32
91 60 10
91 62 25
91 66 12
91 69 -88
91 70 -79
91 71 -6
91 73 89
91 74 -83
91 75 -84
91 76 54
91 78 91
91 79 -87
91 80 -44
91 81 61
91 82 -99
91 83 56
91 84 -33
91 85 79
91 86 -70
91 87 98
91 88 -22
91 89 -23
91 91 -68
91 92 75
91 93 -20
91 94 34
91 95 12
91 97 -34
91 98 -43
91 99 77
92 1 -1
92 2 -45
92 3 32
92 5 21
92 6 27
92 7 97
92 9 7
92 10 -63
92 11 1
92 12 -25
92 13 -96
92 14 -46
92 16 -94
92 17 45
92 18 -63
92 19 2
92 20 88
92 21 46
92 22 79
92 23 6
92 24 -34
92 25 53
92 26 -94
92 27 67
92 28 4
92 30 -55
92 31 -39
92 32 94
92 33 96
92 35 85
92 36 96
92 38 -98
92 39 -66
92 40 -25
92 41 -72
92 42 42
92 43 -52
92 44 -59
92 45 -37
92 46 -77
92 47 81
92 48 -27
92 49 25
92 50 17
92 51 41
92 53 60
92 54 -27
92 56 39
92 57 7
92 58 95
92 59 51
92 60 65
92 61 -89
92 63 6
92 64 -91
92 65 59
92 66 -7
92 67 -26
92 68 9
92 69 -76
92 70 -52
92 71 -13
92 72 -100
92 74 97
92 75 -4
92 77 -17
92 78 -30
92 79 -59
92 80 -43
92 82 -24
92 83 -16
92 84 19
92 85 63
92 86 56
92 87 91
92 88 6
92 89 95
92 90 78
92 91 9
92 93 -16
92 95 -44
92 96 38
92 97 -73
92 98 -22
93 0 -88
93 1 65
93 3 -37
93 4 -81
93 5 50
93 6 -75
93 7 -77
93 9 2
93 10 -27
93 11 -31
93 12 -81
93 13 32
93 15 -54
93 16 49
93 17 94
93 18 58
93 19 -14
93 20 50
93 21 47
93 23 44
93 24 51
93 26 -53
93 27 36
93 28 -68
93 29 -93
93 30 -53
93 31 -90
93 32 57
93 33 -24
93 34 -64
93 35 14
93 36 -11
93 37 23
93 38 58
93 39 21
93 40 -73
93 41 87
93 42 45
93 44 39
93 46 -95
93 47 -15
93 51 49
93 52 -34
93 53 -32
93 54 27
93 55 -62
93 56 -73
93 57 18
93 58 16
93 59 -91
93 60 96
93 62 -15
93 63 69
93 64 79
93 65 6
93 66 -27
93 68 -43
93 69 -75
93 70 11
93 71 -71
93 73 -14
93 74 81
93 75 24
93 76 -27
93 77 84
93 78 -50
93 79 23
93 80 28
93 81 38
93 82 99
93 83 -57
93 84 78
93 85 66
93 86 -54
93 87 -91
93 88 70
93 89 19
93 90 33
93 91 40
93 92 -27
93 94 37
93 95 -23
93 96 92
93 97 46
93 98 55
93 99 -29
94 0 26
94 2 -5
94 3 95
94 4 26
94 5 57
94 6 63
94 7 38
94 8 -89
94 10 12
94 11 71
94 12 47
94 13 -89
94 14 5
94 15 88
94 16 -81
94 17 7
94 18 -35
94 19 -59
94 20 -1
94 21 13
94 22 -91
94 23 60
94 25 14
94 26 84
94 28 9
94 30 -38
94 32 2
94 33 95
94 34 -23
94 35 -13
94 36 88
94 37 -73
94 38 62
94 39 4
94 40 77
94 41 34
94 42 -30
94 43 78
94 46 -4
94 47 -65
94 48 -64
94 49 85
94 51 -65
94 52 27
94 53 -93
94 55 -92
94 56 -21
94 57 -32
94 58 16
94 59 65
94 60 83
94 61 -95
94 62 76
94 63 -26
94 64 48
94 65 -88
94 66 -76
94 67 -3
94 69 -30
94 70 27
94 72 80
94 73 94
94 74 -59
94 75 -60
94 76 -36
94 77 65
94 78 -6
94 81 -16
94 82 79
94 83 96
94 86 -81
94 87 -78
94 88 -98
94 91 -10
94 92 -27
94 93 -9
94 94 -10
94 95 42
94 96 -92
94 97 22
94 98 64
94 99 6
95 0 -27
95 1 -17
95 2 -9
95 5 92
95 6 -40
95 7 83
95 8 -3
95 9 -72
95 11 37
95 12 -56
95 13 16
95 14 -43
95 15 -44
95 16 22
95 17 26
95 18 22
95 19 19
95 20 37
95 21 -68
95 22 46
95 23 8
95 24 100
95 25 -12
95 26 -42
95 27 -59
95 28 51
95 32 -34
95 34 38
95 35 3
95 36 97
95 39 19
95 40 -64
95 41 -34
95 42 78
95 45 -70
95 46 -93
95 47 98
95 48 47
95 49 49
95 51 -15
95 52 -70
95 53 81
95 54 -57
95 55 69
95 56 39
95 57 7
95 58 -76
95 59 -89
95 61 37
95 64 -34
95 65 34
95 66 83
95 67 43
95 68 23
95 69 -63
95 70 18
95 71 97
95 72 -18
95 73 100
95 74 58
95 75 -93
95 76 -40
95 77 -91
95 78 -100
95 79 49
95 80 70
95 81 56
95 82 15
95 83 -77
95 84 -83
95 85 -93
95 86 -47
95 88 -5
95 89 -43
95 90 62
95 91 -76
95 92 13
95 93 -87
95 94 -46
95 95 83
95 96 59
95 97 40
95 98 -54
95 99 84
96 0 -64
96 1 -54
96 2 92
96 3 37
96 4 -18
96 5 22
96 6 -91
96 7 -53
96 8 -47
96 9 -74
96 10 34
96 12 -52
96 13 52
96 14 21
96 15 -89
96 17 49
96 19 54
96 20 27
96 22 75
96 23 31
96 24 64
96 25 85
96 30 12
96 31 16
96 32 -54
96 33 43
96 34 -92
96 36 85
96 37 -12
96 39 -53
96 40 79
96 41 75
96 42 -77
96 44 -23
96 47 -83
96 49 -84
96 50 -54
96 52 -66
96 56 -42
96 57 8
96 59 -63
96 60 19
96 62 97
96 63 -89
96 64 -27
96 66 -87
96 67 23
96 72 72
96 73 -49
96 74 2
96 75 -49
96 76 69
96 77 -73
96 79 -5
96 81 -67
96 82 54
96 84 76
96 85 -62
96 86 4
96 87 29
96 88 73
96 89 -29
96 90 -26
96 93 12
96 94 -38
96 95 -86
96 96 -4
96 97 25
96 98 -14
97 1 -90
97 2 73
97 4 65
97 5 -29
97 7 -93
97 8 -91
97 9 -7
97 11 -89
97 12 14
97 13 -60
97 14 -18
97 15 90
97 16 28
97 17 65
97 18 -68
97 20 22
97 21 44
97 22 26
97 23 37
97 24 -49
97 26 73
97 27 -68
97 28 62
97 29 -93
97 30 -79
97 31 -26
97 32 54
97 33 -87
97 34 30
97 36 -44
97 38 65
97 39 -17
97 40 -10
97 41 70
97 42 -11
97 43 18
97 44 32
97 45 36
97 47 -72
97 48 31
97 49 -54
97 50 70
97 51 -42
97 52 4
97 53 -61
97 54 52
97 55 23
97 56 39
97 57 15
97 58 76
97 59 5
97 60 58
97 61 57
97 64 -47
97 65 -77
97 66 13
97 70 -77
97 72 -20
97 73 10
97 74 -97
97 75 -41
97 76 -18
97 77 -83
97 78 -52
97 79 -24
97 80 26
97 81 88
97 82 72
97 83 64
97 84 -92
97 85 -95
97 86 16
97 87 -91
97 88 50
97 90 -68
97 91 46
97 93 96
97 94 30
97 95 -40
97 97 -40
97 98 96
98 0 42
98 1 60
98 2 -95
98 3 11
98 4 43
98 5 -91
98 6 72
98 7 58
98 8 10
98 9 37
98 10 100
98 11 38
98 12 -54
98 13 -60
98 14 -78
98 15 -13
98 17 52
98 18 10
98 19 -20
98 20 -43
98 21 36
98 22 -71
98 23 97
98 24 -29
98 26 8
98 27 -34
98 28 -48
98 29 55
98 30 -22
98 31 36
98 32 40
98 33 -16
98 34 84
98 35 -69
98 36 -13
98 37 -36
98 38 62
98 40 59
98 41 4
98 42 -26
98 44 -3
98 48 -63
98 49 -15
98 50 38
98 51 37
98 52 -77
98 53 1
98 54 50
98 55 13
98 56 -10
98 57 -76
98 59 -99
98 60 -98
98 61 -17
98 62 12
98 63 5
98 64 85
98 66 15
98 67 -99
98 68 -34
98 69 20
98 70 96
98 71 59
98 72 -25
98 73 88
98 74 6
98 75 54
98 76 99
98 78 -52
98 79 45
98 80 -47
98 83 90
98 84 -43
98 86 -5
98 87 53
98 89 25
98 90 7
98 93 55
98 94 -5
98 95 70
98 96 32
98 98 -57
98 99 -28
99 0 12
99 1 -64
99 2 -25
99 3 -55
99 5 -28
99 7 10
99 8 -60
99 9 -21
99 10 -41
99 11 39
99 13 -9
99 14 -19
99 15 -13
99 17 13
99 18 87
99 19 -55
99 20 69
99 21 -76
99 22 8
99 23 31
99 24 -52
99 25 -7
99 26 28
99 27 32
99 28 5
99 29 29
99 30 -50
99 31 34
99 32 -56
99 33 29
99 34 -64
99 35 -77
99 36 30
99 38 -88
99 39 -61
99 40 45
99 41 62
99 42 -14
99 43 53
99 44 86
99 45 63
99 47 68
99 49 40
99 50 52
99 51 97
99 52 69
99 53 57
99 54 22
99 55 -53
99 57 16
99 58 -39
99 59 31
99 60 29
99 61 -6
99 62 3
99 63 66
99 65 -20
99 66 -25
99 67 -2
99 69 -34
99 70 -53
99 71 -34
99 72 -24
99 73 59
99 74 -87
99 75 -9
99 76 -60
99 77 -56
99 78 49
99 79 -70
99 80 -17
99 81 70
99 83 34
99 84 -44
99 85 -56
99 86 61
99 88 69
99 89 6
99 92 85
99 93 64
99 94 -46
99 95 27
99 96 94
99 97 -46
99 98 -8