0 0 -70
0 1 23
0 2 55
0 3 -41
0 4 -3
0 5 -45
0 6 -91
0 7 -23
0 8 26
0 9 -15
0 10 -37
0 11 29
0 13 53
0 14 -91
0 15 14
0 16 92
0 18 -35
0 19 -86
0 20 74
0 21 -52
0 22 -40
0 23 -53
0 24 -4
0 25 -75
0 26 22
0 27 -19
0 28 -75
0 29 -6
0 30 92
0 31 37
0 32 -64
0 33 54
0 34 75
0 35 -98
0 36 100
0 37 33
0 38 31
0 39 66
0 40 -99
0 41 14
0 42 -30
0 43 -35
0 44 62
0 45 62
0 46 -66
0 47 -20
0 48 -42
0 49 28
1 0 -18
1 1 36
1 2 16
1 3 56
1 4 82
1 5 36
1 6 -20
1 7 99
1 8 28
1 9 -32
1 10 -9
1 11 -58
1 13 22
1 14 35
1 16 -69
1 17 -29
1 18 -5
1 20 -65
1 21 70
1 22 2
1 23 53
1 24 12
1 25 -30
1 26 67
1 27 -57
1 28 -11
1 29 70
1 30 18
1 32 -67
1 33 68
1 35 -28
1 36 -98
1 37 80
1 39 99
1 40 53
1 41 20
1 42 41
1 43 -44
1 44 -45
1 45 -23
1 46 -75
1 47 4
1 49 100
2 0 -94
2 1 -14
2 2 62
2 3 6
2 5 -38
2 7 -53
2 8 34
2 9 51
2 10 -85
2 11 68
2 12 77
2 13 24
2 14 23
2 15 -67
2 16 -28
2 17 -44
2 18 -15
2 19 -44
2 20 83
2 21 62
2 22 90
2 23 84
2 24 -95
2 26 57
2 27 -7
2 28 22
2 29 -98
2 30 39
2 31 82
2 32 61
2 33 88
2 34 -77
2 35 9
2 36 -47
2 37 43
2 38 91
2 39 69
2 40 93
2 41 -83
2 42 76
2 43 -97
2 44 24
2 45 72
2 46 7
2 48 -21
2 49 94
3 2 -67
3 3 -16
3 4 -51
3 5 56
3 6 -52
3 9 8
3 10 -70
3 12 75
3 13 -17
3 14 -21
3 15 72
3 16 -38
3 17 4
3 18 61
3 19 -32
3 20 -10
3 21 12
3 23 17
3 24 -24
3 25 56
3 26 -63
3 27 -9
3 29 -23
3 30 88
3 31 -93
3 32 32
3 34 46
3 35 -87
3 36 -74
3 37 46
3 38 -7
3 39 72
3 40 -32
3 41 -91
3 43 50
3 45 -67
3 46 31
3 47 -99
3 48 34
3 49 -67
4 0 3
4 1 -57
4 2 -52
4 3 -70
4 4 25
4 7 9
4 8 -37
4 9 27
4 10 77
4 11 85
4 12 -43
4 13 26
4 14 10
4 16 -89
4 17 64
4 18 -5
4 19 25
4 22 -10
4 23 100
4 24 -8
4 25 -35
4 26 -31
4 27 44
4 28 20
4 29 -67
4 30 26
4 31 -81
4 33 -98
4 34 -34
4 35 -86
4 36 -97
4 37 78
4 38 -95
4 39 50
4 41 -10
4 42 60
4 43 60
4 44 41
4 45 64
4 46 -5
4 47 -84
4 49 29
5 0 -24
5 1 -69
5 2 23
5 3 50
5 4 -56
5 6 -42
5 7 -8
5 8 -86
5 10 39
5 13 -79
5 14 17
5 16 37
5 17 -66
5 18 -24
5 19 79
5 22 -56
5 24 87
5 25 -44
5 26 -34
5 27 49
5 28 14
5 29 -16
5 30 -96
5 31 99
5 32 84
5 33 18
5 35 50
5 36 -50
5 37 29
5 38 -2
5 39 -43
5 41 9
5 42 6
5 43 -68
5 44 -29
5 45 26
5 47 -66
5 48 -78
5 49 -91
6 0 92
6 1 84
6 2 35
6 3 43
6 4 79
6 5 -97
6 6 -100
6 7 88
6 8 84
6 9 -38
6 10 -62
6 11 46
6 12 56
6 13 -98
6 14 86
6 15 -42
6 17 -8
6 18 100
6 19 -28
6 20 -6
6 21 -96
6 22 -6
6 23 -24
6 24 -26
6 25 99
6 26 -70
6 27 -88
6 28 -68
6 29 -69
6 30 -10
6 31 70
6 33 80
6 35 -46
6 36 -53
6 37 -96
6 38 -53
6 39 91
6 41 -25
6 42 -98
6 43 -94
6 44 -42
6 45 31
6 46 15
6 48 -18
6 49 54
7 0 28
7 1 78
7 3 89
7 4 98
7 5 -33
7 6 9
7 7 -39
7 8 62
7 10 -58
7 11 99
7 12 29
7 13 37
7 14 75
7 15 31
7 17 -83
7 18 75
7 19 57
7 20 23
7 21 -85
7 22 -73
7 23 -93
7 24 -22
7 25 -8
7 26 -81
7 27 -43
7 28 -3
7 29 -41
7 30 -41
7 31 32
7 32 85
7 34 57
7 35 86
7 36 4
7 37 96
7 38 66
7 39 -24
7 40 54
7 42 -10
7 43 27
7 44 15
7 45 68
7 46 25
7 47 -11
7 48 -49
7 49 85
8 1 67
8 2 -35
8 3 -79
8 4 -58
8 5 -67
8 6 -67
8 7 -25
8 8 -47
8 9 -76
8 10 -60
8 11 -98
8 12 94
8 13 -73
8 14 24
8 16 47
8 17 66
8 18 -18
8 19 -96
8 21 56
8 22 97
8 25 51
8 26 54
8 27 65
8 29 -73
8 31 -15
8 32 -57
8 33 58
8 35 -98
8 36 -46
8 37 9
8 38 -88
8 39 -60
8 40 -36
8 42 -42
8 43 98
8 44 35
8 45 13
8 46 -23
8 47 28
8 48 -9
8 49 -87
9 0 25
9 1 -18
9 2 66
9 3 20
9 5 13
9 6 75
9 7 15
9 8 86
9 9 -37
9 10 64
9 11 23
9 13 -49
9 14 77
9 15 65
9 16 -96
9 17 -19
9 18 21
9 19 63
9 20 -31
9 21 -57
9 22 64
9 23 -23
9 24 -5
9 25 -17
9 26 -13
9 27 53
9 28 -49
9 29 -89
9 30 -12
9 31 -64
9 32 -53
9 33 -46
9 34 46
9 36 -52
9 37 -4
9 39 -76
9 40 55
9 41 -97
9 42 -65
9 43 -69
9 44 -26
9 45 87
9 46 57
9 49 -91
10 0 26
10 1 -78
10 2 65
10 3 97
10 4 93
10 5 -38
10 6 -20
10 7 89
10 8 -63
10 9 56
10 10 30
10 11 82
10 12 72
10 13 78
10 14 96
10 15 71
10 16 27
10 17 48
10 18 -5
10 19 96
10 20 -63
10 22 -63
10 23 70
10 25 -45
10 26 26
10 27 -26
10 30 2
10 31 80
10 32 39
10 33 28
10 34 4
10 37 -1
10 38 38
10 39 -100
10 40 -40
10 41 -7
10 42 45
10 43 20
10 44 -18
10 45 99
10 46 3
10 47 39
10 48 -20
10 49 73
11 0 76
11 1 96
11 2 -80
11 3 -84
11 4 64
11 5 66
11 7 -74
11 8 76
11 9 84
11 10 36
11 11 -52
11 12 30
11 13 -35
11 15 -74
11 16 97
11 17 19
11 18 80
11 19 35
11 20 61
11 21 26
11 23 -85
11 24 51
11 25 70
11 26 -59
11 27 -14
11 29 26
11 32 -86
11 33 11
11 34 -77
11 35 31
11 36 1
11 37 53
11 38 -98
11 39 -14
11 43 -6
11 45 66
11 46 -80
11 48 -27
11 49 -64
12 0 22
12 1 11
12 3 -69
12 4 -26
12 5 -12
12 6 -53
12 7 -49
12 8 64
12 9 21
12 10 70
12 11 74
12 12 31
12 13 35
12 14 86
12 15 62
12 16 -20
12 17 97
12 18 73
12 19 -7
12 20 -23
12 21 90
12 22 -42
12 23 -10
12 24 -90
12 25 26
12 26 16
12 27 63
12 29 -79
12 32 24
12 33 -72
12 34 100
12 35 44
12 37 25
12 39 10
12 42 -11
12 43 69
12 44 -62
12 45 2
12 46 -100
12 47 -58
12 48 13
12 49 31
13 0 -59
13 1 98
13 2 -45
13 3 33
13 4 24
13 6 32
13 7 92
13 9 45
13 10 -73
13 11 -46
13 12 29
13 14 68
13 15 -43
13 16 62
13 17 76
13 18 10
13 19 32
13 20 60
13 21 68
13 22 -60
13 24 -25
13 25 -9
13 26 16
13 27 24
13 28 5
13 29 30
13 30 -9
13 31 -39
13 32 16
13 33 -15
13 34 74
13 35 -5
13 36 -30
13 37 33
13 38 -34
13 39 -44
13 40 57
13 41 -100
13 42 78
13 43 -36
13 44 23
13 45 -47
13 46 95
13 47 -86
13 49 -44
14 0 54
14 2 -41
14 3 -14
14 4 34
14 5 -81
14 6 -43
14 7 10
14 8 -19
14 9 40
14 11 91
14 13 -57
14 14 41
14 15 20
14 16 2
14 17 30
14 18 28
14 19 26
14 20 20
14 22 10
14 23 -76
14 24 -59
14 25 67
14 26 -91
14 27 -15
14 29 -98
14 30 7
14 32 94
14 33 2
14 34 73
14 35 -64
14 36 -76
14 37 -18
14 39 -6
14 41 -62
14 42 -57
14 43 -23
14 44 -8
14 45 -85
14 46 2
14 47 -5
14 48 -59
14 49 51
15 0 -23
15 1 30
15 2 -73
15 3 -58
15 4 -17
15 5 -26
15 6 23
15 7 87
15 8 11
15 9 63
15 10 -77
15 11 -58
15 13 -50
15 14 58
15 15 82
15 16 54
15 17 -26
15 18 -91
15 20 35
15 22 -56
15 23 64
15 24 7
15 25 -82
15 26 -91
15 27 -78
15 29 -41
15 30 24
15 31 -43
15 32 86
15 33 -92
15 35 65
15 37 -25
15 38 28
15 39 -29
15 40 -7
15 41 -28
15 42 67
15 43 -43
15 44 40
15 45 19
15 46 84
15 47 -67
15 48 -40
15 49 -78
16 0 8
16 1 38
16 2 23
16 3 -92
16 4 -92
16 5 -59
16 6 63
16 9 70
16 10 -35
16 11 60
16 12 32
16 16 54
16 18 -41
16 19 -41
16 20 -13
16 21 88
16 22 -59
16 23 -50
16 24 -92
16 25 -93
16 27 -45
16 28 -52
16 29 -81
16 30 74
16 32 88
16 33 -63
16 34 56
16 35 69
16 36 -62
16 38 67
16 41 -21
16 42 73
16 43 -79
16 44 45
16 45 6
16 47 66
16 48 92
16 49 1
17 0 -70
17 1 50
17 2 67
17 5 8
17 6 -6
17 7 93
17 8 37
17 9 -89
17 10 5
17 11 -53
17 12 96
17 13 49
17 14 -90
17 16 80
17 17 83
17 18 -79
17 22 -41
17 23 -94
17 24 75
17 25 -39
17 26 35
17 27 -51
17 28 -12
17 30 22
17 31 96
17 32 -12
17 33 -14
17 34 -98
17 35 -35
17 36 -90
17 37 -15
17 38 -61
17 40 -20
17 41 31
17 42 28
17 43 79
17 44 -65
17 45 3
17 46 27
17 47 72
17 48 -78
17 49 -38
18 1 52
18 2 -19
18 3 -73
18 4 93
18 5 -61
18 7 -44
18 9 -19
18 10 35
18 11 -68
18 12 8
18 13 40
18 14 -92
18 15 50
18 16 83
18 17 -3
18 18 -85
18 19 -76
18 20 89
18 24 -52
18 25 34
18 27 -64
18 28 4
18 29 -69
18 30 -2
18 31 -25
18 32 98
18 33 -69
18 34 48
18 35 86
18 37 -76
18 38 10
18 41 -42
18 42 -2
18 43 18
18 45 -58
18 46 -31
18 47 -11
18 48 67
18 49 -78
19 0 17
19 1 60
19 2 -99
19 3 45
19 4 42
19 5 61
19 6 31
19 8 65
19 9 -71
19 12 38
19 13 -79
19 15 43
19 17 10
19 18 16
19 19 51
19 20 -98
19 22 -83
19 23 -55
19 24 -53
19 25 -43
19 26 -95
19 27 -92
19 28 85
19 29 89
19 30 -32
19 31 -29
19 33 34
19 34 58
19 35 -100
19 36 57
19 37 17
19 38 -70
19 39 42
19 40 2
19 41 81
19 42 -93
19 43 -53
19 44 -60
19 46 38
19 47 -65
19 48 -13
19 49 70
20 0 -11
20 1 75
20 2 -4
20 3 76
20 6 40
20 7 -99
20 8 73
20 9 -18
20 10 -19
20 11 64
20 12 -69
20 14 22
20 15 -3
20 16 17
20 17 35
20 18 59
20 20 22
20 21 7
20 23 77
20 25 -71
20 26 -57
20 27 -72
20 28 33
20 29 -96
20 30 70
20 31 77
20 33 56
20 34 -57
20 35 9
20 36 91
20 37 100
20 38 99
20 39 -100
20 40 49
20 41 -80
20 42 42
20 43 6
20 44 -83
20 45 65
20 46 1
20 47 -5
20 48 53
20 49 -89
21 0 -25
21 1 -79
21 2 94
21 3 33
21 4 53
21 6 5
21 7 -2
21 8 -86
21 9 -22
21 10 -23
21 11 74
21 12 27
21 13 39
21 15 64
21 17 100
21 18 -99
21 19 19
21 20 -25
21 21 3
21 22 -78
21 23 12
21 26 -14
21 27 -7
21 28 69
21 30 38
21 31 -87
21 32 27
21 33 45
21 34 44
21 35 61
21 36 76
21 37 32
21 38 84
21 39 -4
21 40 -18
21 41 -18
21 42 -57
21 43 -62
21 45 76
21 46 21
21 47 -68
21 49 -14
22 0 -15
22 1 33
22 2 26
22 3 -80
22 4 -89
22 5 38
22 7 -7
22 8 53
22 9 -40
22 10 -85
22 11 -73
22 12 37
22 13 14
22 14 -72
22 15 -63
22 16 46
22 17 93
22 18 60
22 20 48
22 21 40
22 22 -97
22 24 47
22 25 -45
22 26 -73
22 27 -91
22 28 34
22 29 -86
22 30 31
22 31 -99
22 32 28
22 33 -3
22 35 -40
22 36 78
22 37 -12
22 39 -12
22 40 -14
22 41 -12
22 42 -23
22 43 -47
22 45 66
22 47 -52
22 48 -55
22 49 9
23 0 10
23 3 54
23 4 -54
23 6 -5
23 7 -49
23 9 36
23 10 -99
23 11 82
23 13 11
23 14 61
23 15 -18
23 16 -78
23 18 -85
23 19 -75
23 20 70
23 22 -61
23 23 84
23 24 31
23 25 75
23 27 -49
23 28 -19
23 29 -25
23 30 80
23 31 68
23 33 -40
23 34 84
23 37 -37
23 38 47
23 39 74
23 40 -78
23 41 -4
23 42 -48
23 43 60
23 45 22
23 46 -41
23 47 39
23 48 6
23 49 -9
24 1 -64
24 2 86
24 3 80
24 4 98
24 5 98
24 6 -87
24 7 -67
24 8 71
24 9 -24
24 11 74
24 13 86
24 15 39
24 17 -19
24 18 -29
24 19 -80
24 20 -45
24 21 66
24 22 -34
24 23 9
24 24 -90
24 25 72
24 26 -49
24 27 7
24 28 47
24 29 -91
24 31 -51
24 32 15
24 33 -94
24 34 29
24 35 65
24 37 -86
24 38 34
24 39 -5
24 40 -56
24 41 -19
24 42 -93
24 44 -98
24 45 -15
24 46 -64
24 47 -57
24 48 -65
25 0 -91
25 1 64
25 3 31
25 4 17
25 5 -59
25 6 72
25 7 -50
25 8 -78
25 9 -37
25 10 -63
25 11 25
25 12 -87
25 13 18
25 14 -89
25 15 60
25 16 22
25 18 -26
25 19 58
25 20 32
25 21 -35
25 22 -11
25 23 78
25 24 -62
25 25 64
25 27 89
25 28 75
25 29 11
25 30 -90
25 31 -57
25 32 -3
25 34 -32
25 35 -89
25 36 -33
25 37 -83
25 39 -66
25 40 54
25 41 -22
25 42 60
25 43 -11
25 44 93
25 45 17
25 46 -25
25 47 -97
25 48 6
25 49 29
26 0 -84
26 1 17
26 2 52
26 3 -54
26 5 4
26 6 57
26 8 -68
26 9 -92
26 10 68
26 11 37
26 12 -33
26 13 73
26 14 -64
26 15 35
26 16 -28
26 17 84
26 18 37
26 20 52
26 21 78
26 22 99
26 23 37
26 24 -27
26 25 -35
26 26 63
26 27 19
26 28 -74
26 30 13
26 31 10
26 33 12
26 34 89
26 35 -80
26 37 8
26 38 10
26 39 -15
26 41 77
26 42 -31
26 43 -58
26 44 -16
26 47 -92
26 48 43
27 0 83
27 1 -70
27 2 -1
27 3 -53
27 4 -42
27 5 -71
27 6 58
27 10 -63
27 11 -63
27 12 -85
27 13 -89
27 15 8
27 16 77
27 18 -13
27 19 46
27 20 -24
27 21 20
27 22 -26
27 23 -28
27 24 80
27 25 32
27 26 -41
27 27 -99
27 28 79
27 29 56
27 30 23
27 31 -54
27 33 -14
27 34 59
27 35 63
27 36 -63
27 37 1
27 38 31
27 39 64
27 40 81
27 42 72
27 43 31
27 44 43
27 45 66
27 46 -49
27 47 -78
27 48 -43
27 49 -64
28 0 -40
28 1 -89
28 2 49
28 4 -33
28 5 16
28 6 88
28 7 30
28 8 34
28 10 -36
28 11 -95
28 13 -13
28 14 -52
28 15 47
28 16 80
28 17 -6
28 18 21
28 19 -92
28 20 82
28 21 -23
28 22 -60
28 23 -2
28 24 28
28 25 67
28 26 -15
28 27 17
28 28 31
28 29 88
28 30 -67
28 32 42
28 33 -64
28 34 -87
28 35 93
28 36 -76
28 37 55
28 38 60
28 39 -24
28 40 17
28 42 68
28 43 75
28 44 -97
28 45 -98
28 46 -14
28 47 16
28 48 -93
28 49 -67
29 0 60
29 1 74
29 2 -43
29 3 -86
29 4 -36
29 5 -92
29 6 -41
29 8 -19
29 9 -45
29 10 -83
29 11 -34
29 12 2
29 13 56
29 14 -47
29 16 85
29 17 36
29 18 -40
29 19 -12
29 20 -96
29 21 64
29 22 -66
29 23 -15
29 24 81
29 25 92
29 26 85
29 27 95
29 30 -30
29 32 -3
29 33 39
29 34 80
29 35 -80
29 36 -34
29 37 -16
29 38 -87
29 39 -87
29 40 57
29 41 87
29 42 9
29 43 -96
29 44 40
29 45 -41
29 46 -41
29 47 53
29 48 22
30 0 -68
30 2 -84
30 3 6
30 5 -62
30 6 66
30 7 51
30 8 -34
30 9 -14
30 10 -14
30 12 80
30 13 -32
30 14 -49
30 15 -92
30 17 11
30 19 -18
30 20 -2
30 21 -99
30 22 -41
30 23 -87
30 24 -95
30 25 -76
30 26 -3
30 27 -63
30 28 98
30 29 -95
30 30 25
30 32 82
30 33 -33
30 34 -63
30 35 -40
30 36 49
30 37 58
30 38 84
30 40 -62
30 41 -11
30 42 -12
30 44 42
30 46 64
30 47 -47
30 48 -80
30 49 -100
31 0 72
31 1 -87
31 2 93
31 4 32
31 5 -23
31 6 -17
31 7 36
31 8 88
31 9 77
31 10 -10
31 11 39
31 12 21
31 13 -37
31 14 -67
31 15 74
31 16 95
31 17 -20
31 18 -52
31 19 11
31 20 -22
31 21 29
31 22 35
31 23 -76
31 25 72
31 26 -30
31 27 -36
31 28 -38
31 29 -84
31 30 10
31 31 -11
31 33 -30
31 35 -82
31 37 -9
31 38 33
31 39 -45
31 40 -2
31 41 99
31 43 4
31 45 79
31 46 -72
31 47 21
31 48 99
31 49 -70
32 0 50
32 2 2
32 3 -87
32 4 -38
32 5 7
32 6 23
32 7 23
32 9 -94
32 10 53
32 11 -48
32 12 -55
32 13 -38
32 14 -27
32 15 -3
32 16 -3
32 17 40
32 18 -18
32 19 23
32 21 52
32 22 86
32 23 -7
32 24 -52
32 25 -12
32 28 26
32 29 -2
32 30 75
32 31 -61
32 32 68
32 33 81
32 34 -32
32 35 13
32 36 -35
32 38 -37
32 40 -6
32 41 77
32 42 -3
32 43 46
32 44 70
32 46 -64
32 47 -57
32 48 87
32 49 -57
33 0 8
33 1 8
33 4 91
33 5 -85
33 6 13
33 8 39
33 9 -94
33 10 57
33 11 -49
33 12 70
33 13 -49
33 14 -68
33 16 74
33 17 -15
33 19 -76
33 20 35
33 21 -29
33 22 6
33 23 85
33 24 99
33 25 58
33 26 -46
33 27 16
33 29 -73
33 30 100
33 31 -97
33 32 29
33 33 -58
33 34 47
33 35 -14
33 36 -65
33 37 87
33 38 -36
33 39 -52
33 42 2
33 43 52
33 44 -90
33 45 46
33 46 -5
33 47 26
33 48 35
33 49 19
34 0 59
34 1 60
34 2 34
34 3 -93
34 5 1
34 6 -39
34 7 -34
34 8 -52
34 9 96
34 10 11
34 12 43
34 13 20
34 16 -59
34 17 -12
34 18 53
34 19 78
34 21 -99
34 22 57
34 24 57
34 25 58
34 26 -13
34 27 -32
34 28 -98
34 29 91
34 30 -47
34 31 -46
34 32 89
34 33 -34
34 34 -69
34 35 -76
34 36 31
34 37 4
34 38 93
34 39 89
34 40 -87
34 41 -62
34 42 29
34 43 -41
34 44 67
34 45 50
34 46 -8
34 47 -72
34 48 -52
34 49 23
35 0 10
35 1 84
35 2 12
35 3 12
35 4 -34
35 5 -33
35 6 -25
35 7 -47
35 9 58
35 10 -55
35 11 23
35 12 51
35 13 6
35 14 -54
35 15 -98
35 16 84
35 17 -28
35 18 4
35 19 -4
35 22 -28
35 23 -25
35 24 16
35 25 31
35 26 -46
35 28 3
35 29 32
35 31 -15
35 32 -89
35 33 72
35 34 -46
35 35 87
35 36 89
35 37 16
35 38 -90
35 40 65
35 41 54
35 42 2
35 43 45
35 44 93
35 45 72
35 46 -46
35 47 -37
35 48 32
36 0 -28
36 1 15
36 2 82
36 3 56
36 5 -58
36 6 -100
36 7 -70
36 8 6
36 9 37
36 10 11
36 13 -92
36 14 92
36 15 7
36 16 -33
36 19 71
36 20 39
36 21 50
36 23 3
36 24 -90
36 25 57
36 26 74
36 28 15
36 29 78
36 30 32
36 31 -34
36 32 3
36 33 82
36 34 65
36 35 60
36 36 -88
36 37 75
36 38 66
36 40 3
36 41 -29
36 42 -31
36 43 -100
36 44 -68
36 45 34
36 46 7
36 47 83
36 48 78
36 49 -29
37 1 -1
37 2 11
37 3 -18
37 4 13
37 5 89
37 7 -90
37 9 70
37 10 -33
37 11 -62
37 12 18
37 13 71
37 14 -64
37 15 -79
37 16 -46
37 17 -41
37 18 88
37 19 6
37 21 -61
37 23 45
37 24 -47
37 25 -41
37 26 -8
37 27 31
37 28 -25
37 29 -5
37 30 43
37 31 93
37 32 47
37 33 21
37 34 -50
37 35 -93
37 36 -1
37 37 95
37 39 -85
37 41 61
37 42 -81
37 43 -91
37 44 52
37 45 -10
37 46 1
37 47 26
37 48 10
38 0 2
38 1 99
38 2 -99
38 4 -92
38 5 -36
38 7 29
38 8 -53
38 9 37
38 10 -82
38 12 23
38 13 -25
38 14 -27
38 15 75
38 16 30
38 17 9
38 18 -46
38 19 72
38 20 60
38 21 -55
38 22 15
38 24 59
38 25 30
38 27 84
38 28 13
38 30 32
38 31 -42
38 34 -52
38 35 -30
38 36 58
38 37 -1
38 38 -81
38 39 6
38 40 19
38 41 54
38 42 91
38 43 51
38 44 -73
38 45 -29
38 46 3
38 49 94
39 0 95
39 3 -98
39 4 50
39 5 -63
39 9 57
39 10 -27
39 11 -21
39 12 3
39 13 91
39 16 100
39 17 35
39 19 -29
39 22 -68
39 24 -56
39 25 61
39 26 89
39 27 -95
39 29 52
39 31 -36
39 32 95
39 33 67
39 34 73
39 35 28
39 36 -71
39 37 13
39 38 55
39 39 92
39 40 14
39 41 -55
39 42 82
39 43 -59
39 44 -65
39 45 -72
39 46 54
39 47 83
39 48 -8
39 49 -9
40 0 78
40 1 81
40 2 61
40 3 38
40 4 1
40 6 -1
40 8 -86
40 9 37
40 10 48
40 11 -80
40 12 -17
40 13 -14
40 14 40
40 15 100
40 16 95
40 17 30
40 18 -97
40 19 88
40 20 -27
40 21 -67
40 22 -70
40 23 -51
40 24 -42
40 25 -32
40 27 -27
40 28 32
40 29 -24
40 30 43
40 31 28
40 32 94
40 33 75
40 34 -17
40 35 92
40 36 71
40 37 -81
40 38 14
40 39 2
40 40 88
40 41 -1
40 42 -60
40 44 40
40 45 11
40 46 16
40 47 5
40 48 91
40 49 -83
41 1 -69
41 2 23
41 3 24
41 4 -50
41 5 57
41 6 -52
41 7 -60
41 8 68
41 9 -58
41 10 -79
41 11 83
41 12 -96
41 13 -26
41 15 6
41 16 -92
41 17 -45
41 18 -100
41 19 -75
41 20 -39
41 21 -25
41 22 -54
41 23 -63
41 24 65
41 25 84
41 27 -32
41 28 77
41 29 -85
41 30 -27
41 31 34
41 33 -25
41 34 14
41 35 12
41 36 83
41 37 -90
41 38 42
41 39 22
41 40 -18
41 41 -92
41 42 32
41 43 -26
41 45 -30
41 46 -76
41 47 -75
41 48 -95
41 49 -95
42 1 16
42 2 -57
42 3 -25
42 4 11
42 5 -10
42 6 -86
42 7 -75
42 8 -96
42 9 -7
42 10 56
42 11 -58
42 12 43
42 14 -80
42 15 -44
42 16 -69
42 18 -80
42 19 -84
42 20 -33
42 22 -56
42 24 70
42 25 -81
42 26 -8
42 27 -7
42 28 58
42 29 11
42 30 10
42 31 62
42 32 99
42 33 1
42 34 50
42 35 49
42 36 15
42 37 61
42 38 48
42 39 19
42 40 -17
42 41 71
42 43 -3
42 44 -51
42 45 -38
42 46 -77
42 47 80
42 49 56
43 0 42
43 1 52
43 2 45
43 3 -73
43 4 -40
43 5 74
43 7 25
43 8 -53
43 9 -26
43 10 36
43 11 -5
43 12 -65
43 13 -10
43 15 4
43 16 -71
43 17 12
43 18 32
43 19 95
43 20 41
43 21 -31
43 22 -97
43 25 -88
43 26 71
43 27 -57
43 30 40
43 31 -62
43 32 11
43 33 -63
43 34 -26
43 35 -69
43 36 -12
43 37 -18
43 38 -38
43 39 39
43 41 -71
43 42 -59
43 44 -61
43 45 88
43 46 -56
43 47 18
43 48 16
43 49 -16
44 0 32
44 1 -10
44 2 90
44 3 28
44 4 -64
44 6 -37
44 7 -9
44 8 -98
44 9 71
44 10 -76
44 13 -83
44 14 96
44 15 43
44 16 -19
44 17 -89
44 18 56
44 19 -7
44 20 14
44 21 -60
44 22 80
44 23 -3
44 24 -9
44 25 -28
44 27 12
44 28 -69
44 29 48
44 31 68
44 32 31
44 33 41
44 34 -70
44 35 -61
44 36 38
44 38 -51
44 39 38
44 41 -50
44 42 5
44 43 -38
44 44 -84
44 45 89
44 46 -93
44 47 -42
44 48 100
45 0 72
45 1 100
45 2 48
45 3 -57
45 4 6
45 5 -59
45 6 -71
45 7 -64
45 8 -100
45 9 -25
45 10 2
45 11 72
45 12 70
45 13 41
45 14 -55
45 16 68
45 17 53
45 18 -47
45 19 35
45 20 -52
45 21 59
45 22 5
45 23 85
45 25 -40
45 26 -82
45 27 -87
45 28 -38
45 29 -87
45 30 -58
45 31 100
45 33 -20
45 35 95
45 36 84
45 38 -64
45 39 -92
45 40 35
45 41 66
45 42 -90
45 43 -2
45 44 -1
45 45 -6
45 46 -30
45 47 29
45 48 -58
45 49 -40
46 0 -76
46 1 -61
46 2 -30
46 3 62
46 4 87
46 5 27
46 6 55
46 7 87
46 8 -19
46 9 -54
46 11 94
46 12 -93
46 13 -44
46 14 7
46 16 -86
46 17 65
46 18 -13
46 19 -46
46 20 -79
46 21 97
46 22 73
46 23 -90
46 24 -82
46 25 12
46 27 79
46 28 -21
46 29 -8
46 30 90
46 31 18
46 32 -49
46 34 -20
46 35 69
46 38 -55
46 39 94
46 40 -71
46 42 -50
46 43 45
46 44 -75
46 45 -30
46 46 16
46 47 41
46 48 -98
46 49 91
47 0 -37
47 1 -34
47 2 -14
47 3 -90
47 4 -50
47 5 53
47 6 98
47 8 -100
47 9 71
47 10 -46
47 12 -12
47 13 -30
47 14 -65
47 15 79
47 16 -67
47 17 -88
47 18 6
47 20 27
47 21 4
47 22 -9
47 23 13
47 24 58
47 25 -22
47 26 -51
47 29 -55
47 30 -96
47 33 27
47 34 55
47 36 11
47 37 48
47 38 -48
47 39 4
47 40 -22
47 41 -58
47 42 -65
47 43 -93
47 44 -45
47 45 46
47 46 -3
47 47 2
48 0 12
48 1 -99
48 3 33
48 4 -4
48 5 -47
48 6 -76
48 7 3
48 8 34
48 9 17
48 10 79
48 11 -68
48 12 -74
48 13 93
48 14 92
48 15 71
48 16 74
48 17 43
48 19 91
48 20 87
48 21 -75
48 22 -22
48 23 12
48 24 87
48 26 75
48 27 -49
48 28 -78
48 29 -80
48 30 83
48 31 -97
48 32 88
48 33 -82
48 34 -25
48 35 -39
48 37 22
48 38 -25
48 39 82
48 40 -39
48 41 -14
48 42 -70
48 43 -46
48 44 -1
48 45 68
48 46 -82
48 47 -1
48 48 -5
48 49 20
49 0 -46
49 1 -68
49 2 -18
49 4 -11
49 5 59
49 6 -41
49 7 -10
49 8 -90
49 9 -69
49 10 -92
49 11 -30
49 12 16
49 14 15
49 15 87
49 16 32
49 17 -18
49 18 74
49 19 15
49 20 98
49 21 74
49 22 91
49 23 30
49 24 7
49 25 18
49 26 98
49 27 82
49 29 66
49 31 -5
49 32 -34
49 33 -87
49 34 -4
49 35 73
49 36 -50
49 38 -22
49 40 65
49 41 94
49 42 79
49 43 -58
49 44 6
49 45 6
49 46 -80
49 48 -100
49 49 53