0 0 92
0 1 30
0 2 26
0 3 89
0 4 49
0 5 -22
0 6 34
0 7 80
0 8 -95
0 9 -16
1 0 -39
1 1 -8
1 2 -37
1 4 -53
1 6 -29
1 7 -42
1 8 50
1 9 95
2 0 45
2 1 65
2 2 -80
2 3 -62
2 6 -15
2 7 -10
2 9 -79
3 1 6
3 2 -28
3 3 -45
3 4 -4
3 5 62
3 6 76
3 7 73
3 8 -34
3 9 -24
4 0 95
4 1 28
4 2 -83
4 3 43
4 4 32
4 5 -38
4 6 -35
4 7 18
4 9 -65
5 0 -22
5 1 -28
5 3 -28
5 4 -16
5 5 -36
5 6 -12
5 7 87
5 8 -63
5 9 4
6 0 54
6 1 -97
6 2 -38
6 4 -5
6 5 -92
6 6 -19
6 7 -99
6 8 -67
6 9 -73
7 0 -82
7 1 30
7 2 -19
7 3 -89
7 4 86
7 5 -55
7 6 55
7 9 96
8 1 -12
8 3 -45
8 5 85
8 6 84
8 8 -15
8 9 -67
9 0 91
9 1 2
9 2 -62
9 3 -18
9 4 61
9 5 13
9 6 39
9 7 38
9 8 68
9 9 12