0 1 -28
0 2 -43
0 3 44
0 4 -37
0 5 -55
0 6 41
0 7 -65
0 8 -43
0 9 48
0 10 54
0 11 -21
0 12 -69
0 13 -1
0 15 38
0 16 -68
0 17 42
0 19 36
0 20 21
0 22 94
0 23 85
0 24 -44
0 25 -61
0 26 95
0 28 -58
0 29 -33
0 30 42
0 31 12
0 32 46
0 33 88
0 34 -71
0 35 97
0 36 98
0 37 56
0 38 95
0 39 31
0 40 -91
0 41 16
0 42 -61
0 43 -82
0 45 57
0 46 76
0 47 -23
0 48 -63
0 49 43
1 0 16
1 2 -93
1 5 -88
1 6 -10
1 7 -27
1 8 -12
1 9 18
1 10 18
1 11 -63
1 12 33
1 13 3
1 14 -36
1 16 -4
1 17 66
1 18 39
1 19 96
1 22 57
1 23 24
1 24 62
1 26 -16
1 27 2
1 28 89
1 29 71
1 30 42
1 31 15
1 32 -20
1 33 81
1 35 -6
1 36 -70
1 37 -80
1 38 -59
1 39 -44
1 40 48
1 41 -94
1 42 -47
1 43 -55
1 44 -77
1 46 -82
1 47 -79
1 48 84
1 49 36
2 0 -67
2 1 95
2 3 -97
2 4 14
2 5 -86
2 6 -60
2 7 99
2 9 -65
2 10 55
2 11 -77
2 12 64
2 13 70
2 15 66
2 16 -84
2 17 88
2 19 30
2 20 -17
2 22 -15
2 23 2
2 24 80
2 25 67
2 27 -76
2 28 27
2 29 53
2 30 -96
2 31 -64
2 33 -53
2 34 -46
2 35 78
2 36 -44
2 37 5
2 38 -95
2 39 -97
2 40 -21
2 41 -62
2 42 47
2 43 85
2 44 -69
2 45 -8
2 46 70
2 47 -66
2 48 53
3 0 31
3 1 55
3 3 -41
3 4 -97
3 5 -89
3 6 67
3 7 12
3 8 47
3 9 -81
3 10 -84
3 11 11
3 12 -71
3 14 -6
3 15 12
3 16 -61
3 17 21
3 18 28
3 19 -37
3 20 5
3 22 45
3 24 -37
3 25 -55
3 26 -59
3 28 -7
3 29 93
3 30 -80
3 31 -72
3 32 19
3 33 85
3 34 51
3 36 92
3 37 36
3 38 -76
3 39 -27
3 40 -87
3 41 -81
3 42 -95
3 43 89
3 44 -60
3 45 51
3 46 -70
3 47 -97
3 48 5
3 49 34
4 0 -16
4 1 100
4 4 73
4 5 -26
4 6 87
4 7 45
4 8 93
4 9 35
4 10 12
4 11 -71
4 12 -97
4 14 -94
4 15 77
4 16 -66
4 18 -67
4 20 -43
4 21 73
4 22 76
4 23 -37
4 24 -96
4 25 55
4 28 -57
4 30 38
4 31 89
4 32 10
4 33 78
4 34 -47
4 36 30
4 37 -11
4 40 -84
4 41 -59
4 42 -42
4 43 94
4 44 -97
4 45 91
4 46 26
4 47 -15
4 48 -18
4 49 7
5 1 -28
5 2 54
5 3 -71
5 4 -91
5 6 -67
5 8 -67
5 9 -70
5 10 12
5 11 -51
5 12 73
5 13 64
5 14 67
5 15 65
5 16 -82
5 18 63
5 19 -93
5 20 -60
5 21 -92
5 22 37
5 23 -33
5 24 -51
5 25 -24
5 26 -95
5 27 -22
5 29 37
5 31 -16
5 32 -94
5 33 -33
5 34 -17
5 35 -90
5 36 -39
5 37 -5
5 38 -23
5 39 -5
5 40 -26
5 41 -73
5 42 -80
5 43 -94
5 44 54
5 45 -38
5 46 -42
5 47 76
5 48 98
5 49 18
6 0 30
6 1 19
6 4 42
6 5 -29
6 7 -43
6 8 -63
6 9 44
6 11 59
6 12 86
6 13 -19
6 15 -18
6 16 97
6 17 -51
6 18 -12
6 19 58
6 20 27
6 21 -69
6 22 -35
6 24 -27
6 25 -86
6 26 -48
6 27 90
6 28 -41
6 29 15
6 31 67
6 32 -55
6 33 32
6 34 -20
6 35 -29
6 36 -33
6 37 100
6 38 32
6 39 -89
6 40 -49
6 41 -46
6 42 95
6 43 61
6 44 -90
6 45 88
6 46 -80
6 47 -28
6 48 53
6 49 -30
7 1 28
7 3 -74
7 4 -78
7 5 -20
7 6 -87
7 7 20
7 8 -43
7 9 -4
7 10 92
7 11 29
7 12 -53
7 14 -83
7 16 70
7 17 50
7 18 -18
7 19 -72
7 20 64
7 21 35
7 22 -42
7 23 -4
7 28 -58
7 29 -80
7 30 100
7 31 -28
7 32 -19
7 33 83
7 34 -71
7 35 -62
7 36 -39
7 37 57
7 38 1
7 39 94
7 40 60
7 42 -59
7 44 -40
7 45 77
7 46 -73
7 47 -12
7 48 39
7 49 74
8 0 31
8 1 4
8 2 67
8 3 -7
8 4 27
8 5 100
8 8 -99
8 9 -19
8 10 -81
8 11 -62
8 12 60
8 13 41
8 14 -47
8 15 10
8 16 -7
8 17 -61
8 18 33
8 20 -25
8 21 85
8 22 38
8 23 77
8 24 -39
8 25 -69
8 26 75
8 27 -34
8 28 -96
8 29 81
8 31 75
8 35 84
8 36 -38
8 37 99
8 38 58
8 39 -35
8 40 35
8 41 -59
8 43 -79
8 44 -46
8 45 97
8 46 -11
8 47 -22
8 48 86
8 49 12
9 0 92
9 1 -39
9 2 -32
9 4 54
9 5 -83
9 6 75
9 7 -67
9 8 22
9 9 30
9 11 26
9 12 -23
9 13 45
9 14 78
9 15 -95
9 16 -99
9 17 15
9 18 -12
9 19 -2
9 20 17
9 21 60
9 22 18
9 23 8
9 24 12
9 25 69
9 26 37
9 27 45
9 28 -14
9 29 -74
9 30 -49
9 31 -79
9 32 76
9 33 -1
9 34 -3
9 35 -99
9 38 -75
9 41 50
9 43 -24
9 44 36
9 46 56
9 47 67
9 48 29
9 49 27
10 0 -82
10 1 -34
10 2 100
10 3 86
10 4 -92
10 5 20
10 7 9
10 8 -74
10 10 57
10 11 33
10 12 80
10 13 -69
10 14 33
10 15 30
10 16 22
10 17 -1
10 18 48
10 19 -95
10 20 49
10 21 80
10 22 -100
10 23 -77
10 24 10
10 25 4
10 26 -42
10 27 -40
10 28 -59
10 29 25
10 30 77
10 31 -72
10 32 6
10 33 8
10 34 -89
10 37 -89
10 38 44
10 39 76
10 40 21
10 41 28
10 42 52
10 43 86
10 44 -32
10 45 61
10 46 59
10 47 -17
10 48 57
10 49 83
11 0 -70
11 1 -66
11 3 -37
11 4 -34
11 5 74
11 6 -74
11 7 -17
11 8 56
11 9 -47
11 10 -26
11 12 88
11 14 30
11 15 43
11 16 -26
11 18 88
11 19 96
11 20 55
11 21 -40
11 22 63
11 23 -73
11 24 -71
11 25 42
11 26 81
11 27 82
11 28 -23
11 30 -21
11 31 -76
11 32 -13
11 33 -7
11 34 -46
11 35 84
11 36 -19
11 37 59
11 38 79
11 40 -40
11 41 10
11 42 18
11 43 -100
11 44 -91
11 45 -77
11 46 -30
11 47 47
11 48 -17
11 49 -79
12 0 -15
12 1 75
12 2 -94
12 3 -27
12 4 -72
12 5 39
12 6 79
12 7 -25
12 8 -43
12 9 80
12 10 75
12 12 -45
12 13 -96
12 14 71
12 15 -47
12 16 60
12 17 86
12 19 -61
12 20 -93
12 21 -51
12 22 -24
12 27 -64
12 28 -69
12 29 45
12 30 37
12 31 9
12 34 87
12 35 67
12 36 30
12 37 57
12 38 -40
12 41 76
12 42 -84
12 43 73
12 44 66
12 45 -96
12 46 70
12 47 74
12 48 -33
12 49 66
13 0 -4
13 1 16
13 2 -31
13 3 33
13 4 1
13 5 -80
13 6 55
13 7 40
13 8 -69
13 10 -14
13 11 -26
13 12 29
13 13 -41
13 14 38
13 15 69
13 16 -85
13 17 -64
13 18 75
13 20 46
13 21 -39
13 22 3
13 24 -45
13 25 -79
13 26 -60
13 27 23
13 28 63
13 29 26
13 30 -79
13 31 67
13 32 74
13 33 -47
13 34 -52
13 35 -4
13 36 -13
13 37 15
13 38 -18
13 39 -59
13 40 -60
13 42 -60
13 44 -6
13 45 89
13 46 11
13 47 -2
14 1 -18
14 2 48
14 3 -69
14 4 73
14 5 43
14 6 11
14 8 7
14 9 -52
14 10 20
14 11 -78
14 12 90
14 13 -90
14 14 -54
14 15 60
14 16 11
14 17 -3
14 18 32
14 19 -52
14 20 25
14 21 84
14 22 -71
14 23 72
14 24 9
14 25 90
14 26 77
14 27 45
14 28 -74
14 29 55
14 30 -58
14 31 -14
14 32 91
14 33 -18
14 34 41
14 35 -21
14 36 -100
14 37 82
14 38 -23
14 40 -11
14 41 46
14 42 34
14 43 35
14 44 10
14 45 -10
14 46 6
14 48 33
14 49 -27
15 0 54
15 1 -77
15 2 41
15 3 1
15 4 -72
15 5 61
15 6 -5
15 7 -34
15 8 -88
15 9 69
15 10 15
15 11 30
15 12 29
15 13 2
15 14 -88
15 15 19
15 17 51
15 18 -64
15 19 24
15 20 92
15 21 80
15 22 45
15 23 -89
15 24 16
15 25 -83
15 26 23
15 28 58
15 29 -61
15 30 -92
15 31 69
15 32 94
15 33 8
15 34 -32
15 35 -58
15 36 -57
15 37 83
15 38 -75
15 39 96
15 40 70
15 41 36
15 44 96
15 45 85
15 46 -74
15 47 70
15 48 -30
15 49 -62
16 0 11
16 1 -64
16 2 90
16 3 96
16 4 93
16 5 -59
16 7 -87
16 8 14
16 9 38
16 10 29
16 11 -64
16 12 80
16 13 -8
16 14 -10
16 15 40
16 16 11
16 17 -8
16 18 45
16 19 29
16 21 57
16 22 -79
16 23 -7
16 24 70
16 25 -77
16 26 -63
16 27 31
16 28 1
16 29 -70
16 30 -55
16 31 59
16 32 -2
16 33 -29
16 34 -21
16 35 -70
16 36 -40
16 37 -55
16 38 -75
16 39 17
16 40 18
16 41 56
16 42 -12
16 45 43
16 46 32
16 47 84
16 48 -14
16 49 -94
17 0 41
17 1 -32
17 2 -44
17 4 -32
17 5 -49
17 6 -93
17 7 94
17 8 -11
17 10 91
17 11 80
17 12 -20
17 13 -64
17 15 92
17 16 32
17 17 31
17 18 -32
17 19 -11
17 20 23
17 21 -77
17 22 18
17 23 -98
17 24 -99
17 25 39
17 26 53
17 27 -58
17 28 -14
17 29 -35
17 30 -86
17 31 74
17 32 43
17 33 -61
17 34 53
17 35 69
17 36 64
17 37 42
17 38 -95
17 39 20
17 40 29
17 41 -78
17 42 -81
17 43 57
17 44 86
17 45 -5
17 46 -8
17 47 48
17 48 -49
18 0 -58
18 1 -63
18 2 52
18 3 -82
18 4 19
18 5 97
18 6 -3
18 7 -60
18 8 -67
18 9 14
18 10 69
18 12 -89
18 13 -30
18 14 -45
18 15 -97
18 16 -98
18 17 -72
18 19 10
18 21 84
18 22 51
18 24 -49
18 25 9
18 26 62
18 27 33
18 28 30
18 29 -53
18 30 -31
18 31 -37
18 33 -100
18 34 15
18 35 10
18 36 -77
18 37 6
18 38 -63
18 39 82
18 40 -7
18 41 -89
18 43 79
18 44 -77
18 45 20
18 46 -89
18 47 61
18 48 27
19 0 -81
19 1 4
19 2 -47
19 3 65
19 4 78
19 5 -69
19 6 52
19 8 79
19 9 -32
19 10 -66
19 11 72
19 12 93
19 13 -56
19 15 -32
19 17 24
19 18 -74
19 20 75
19 21 17
19 22 -82
19 23 -37
19 24 -45
19 25 69
19 26 -65
19 27 -31
19 28 -87
19 29 -12
19 30 -7
19 31 -72
19 32 35
19 33 -28
19 34 -49
19 35 -12
19 36 -96
19 37 76
19 38 36
19 39 -86
19 40 34
19 41 -79
19 42 -63
19 43 8
19 44 93
19 45 19
19 47 -33
19 48 -32
19 49 -28
20 0 79
20 1 62
20 2 -97
20 3 -10
20 4 -9
20 5 43
20 6 87
20 7 -8
20 8 58
20 9 -86
20 10 -27
20 11 -96
20 12 -16
20 13 -67
20 14 -57
20 15 -61
20 16 -22
20 17 -100
20 18 72
20 19 35
20 20 53
20 21 -27
20 23 14
20 25 -43
20 26 73
20 27 12
20 29 -31
20 31 35
20 32 -38
20 33 -74
20 34 -77
20 35 66
20 36 34
20 37 70
20 38 53
20 39 4
20 40 -28
20 41 78
20 42 -37
20 43 46
20 44 -53
20 45 49
20 46 86
20 48 -7
20 49 -48
21 0 -94
21 1 -36
21 2 -93
21 3 9
21 5 35
21 6 -60
21 8 23
21 9 53
21 10 -78
21 11 6
21 12 83
21 13 -1
21 14 88
21 15 -29
21 16 35
21 17 3
21 18 18
21 20 -100
21 21 -67
21 22 -45
21 23 -91
21 25 27
21 27 31
21 29 46
21 30 7
21 31 -24
21 33 45
21 34 42
21 36 14
21 37 -36
21 38 -41
21 40 86
21 41 49
21 42 74
21 43 19
21 44 -5
21 45 -32
21 46 -21
21 47 -60
21 49 53
22 0 32
22 1 -1
22 2 96
22 3 -97
22 6 -93
22 7 -82
22 8 29
22 10 59
22 11 -42
22 12 37
22 13 30
22 14 -100
22 15 69
22 16 -71
22 17 8
22 18 -84
22 19 -54
22 20 -87
22 21 43
22 22 -8
22 23 -6
22 26 75
22 27 -35
22 28 -57
22 29 -65
22 30 -1
22 31 86
22 32 20
22 33 -24
22 34 66
22 35 -55
22 36 82
22 37 41
22 38 62
22 39 17
22 40 30
22 41 48
22 42 97
22 43 9
22 44 25
22 45 28
22 47 -50
22 48 9
22 49 -1
23 0 -76
23 1 13
23 2 15
23 4 -13
23 5 -33
23 6 -31
23 7 -30
23 8 -17
23 9 -10
23 10 89
23 11 61
23 12 -41
23 13 -60
23 14 62
23 15 -93
23 16 77
23 17 -83
23 18 6
23 19 -78
23 20 83
23 21 -34
23 22 38
23 23 -48
23 24 -25
23 25 -86
23 26 -48
23 27 -66
23 28 59
23 29 79
23 30 76
23 31 58
23 32 41
23 33 -25
23 34 -82
23 35 95
23 36 -60
23 37 -18
23 38 -7
23 39 -74
23 40 -71
23 41 99
23 42 44
23 43 -75
23 45 -30
23 46 100
23 47 33
23 48 30
23 49 30
24 1 -85
24 2 61
24 3 -79
24 4 -13
24 5 -74
24 6 -52
24 7 -29
24 8 -71
24 9 -100
24 10 10
24 11 23
24 12 -97
24 13 48
24 14 10
24 15 74
24 16 -93
24 17 59
24 18 -69
24 19 -30
24 20 -50
24 21 21
24 22 43
24 23 -54
24 24 67
24 25 29
24 26 -21
24 27 -85
24 28 -23
24 29 7
24 30 -41
24 31 -89
24 32 -15
24 33 67
24 35 -91
24 36 -79
24 37 49
24 39 76
24 41 11
24 42 -92
24 43 80
24 44 -56
24 45 53
24 46 -34
24 47 -67
24 48 -29
24 49 20
25 0 6
25 1 -1
25 2 20
25 3 85
25 5 -20
25 6 96
25 7 84
25 8 79
25 9 -95
25 10 17
25 12 -9
25 14 -73
25 15 -68
25 16 -21
25 17 63
25 19 -72
25 21 35
25 22 44
25 23 -17
25 24 -2
25 25 -6
25 26 -28
25 27 30
25 28 46
25 30 -41
25 31 91
25 32 -22
25 34 81
25 36 29
25 37 -76
25 39 46
25 40 8
25 41 12
25 42 -57
25 44 -18
25 46 -2
25 47 46
25 49 43
26 0 -47
26 1 53
26 2 -96
26 4 -69
26 5 -13
26 6 -10
26 7 36
26 8 69
26 9 -77
26 10 23
26 11 61
26 12 -56
26 13 -85
26 14 98
26 15 -85
26 16 45
26 17 91
26 18 87
26 20 -89
26 21 -31
26 22 -36
26 23 -43
26 24 90
26 25 -84
26 26 21
26 27 -85
26 28 -47
26 29 62
26 30 44
26 31 -56
26 32 22
26 33 11
26 34 -51
26 36 -59
26 37 41
26 38 50
26 39 73
26 41 37
26 42 -19
26 43 -72
26 44 16
26 45 -86
26 46 -26
26 47 50
26 48 66
26 49 -100
27 0 30
27 1 -97
27 2 -73
27 3 95
27 4 -78
27 5 -26
27 6 21
27 7 -54
27 8 -31
27 9 -16
27 10 16
27 12 -8
27 13 -31
27 14 -18
27 15 -96
27 16 49
27 18 -66
27 19 -1
27 20 -49
27 21 -2
27 22 -88
27 23 -53
27 24 89
27 25 67
27 26 -87
27 27 -27
27 28 62
27 29 2
27 30 56
27 31 46
27 32 -58
27 34 -79
27 35 -90
27 36 -98
27 37 -11
27 38 39
27 39 -81
27 40 -44
27 41 -4
27 43 35
27 44 -7
27 45 23
27 46 -49
27 47 75
27 48 -84
27 49 10
28 0 78
28 1 -50
28 2 -23
28 3 100
28 5 -80
28 7 82
28 8 34
28 9 -13
28 10 -31
28 11 55
28 12 41
28 13 49
28 14 -75
28 16 -23
28 17 -33
28 18 59
28 19 57
28 20 -85
28 21 59
28 22 88
28 24 -41
28 26 86
28 27 92
28 29 17
28 30 43
28 31 -53
28 32 54
28 33 30
28 34 30
28 35 -15
28 36 32
28 37 -75
28 38 -82
28 39 -69
28 40 -49
28 41 13
28 42 52
28 43 10
28 44 -67
28 45 -95
28 46 39
28 47 -96
28 48 -52
28 49 42
29 1 92
29 2 -17
29 3 67
29 5 61
29 6 -73
29 7 -64
29 8 -40
29 9 -91
29 10 90
29 11 28
29 12 -78
29 13 -60
29 14 73
29 15 -55
29 16 -34
29 18 81
29 19 -67
29 20 -35
29 21 -3
29 23 72
29 24 46
29 25 -62
29 26 65
29 27 31
29 29 39
29 30 75
29 31 60
29 32 -67
29 33 -36
29 34 83
29 35 27
29 36 -65
29 39 34
29 40 92
29 41 54
29 42 88
29 43 -53
29 44 23
29 45 -2
29 46 96
29 47 20
29 48 -54
29 49 -55
30 0 45
30 1 -37
30 3 24
30 5 87
30 6 35
30 7 -81
30 8 76
30 9 -83
30 10 58
30 11 -76
30 12 39
30 13 -21
30 14 -75
30 15 94
30 17 97
30 18 -84
30 20 -93
30 21 29
30 22 -68
30 23 34
30 24 8
30 25 26
30 26 58
30 27 91
30 28 -67
30 29 -99
30 30 64
30 31 96
30 32 11
30 33 -13
30 34 34
30 36 14
30 38 -3
30 39 6
30 40 -37
30 41 37
30 43 -99
30 44 88
30 46 -43
30 47 -7
30 49 -42
31 0 -33
31 1 56
31 2 88
31 3 36
31 4 28
31 5 -16
31 6 -89
31 7 54
31 9 79
31 10 -66
31 11 67
31 13 -24
31 14 53
31 15 -92
31 16 77
31 17 6
31 19 -84
31 20 -57
31 21 -34
31 22 62
31 23 -75
31 24 100
31 25 25
31 26 -84
31 28 -31
31 29 17
31 30 74
31 31 42
31 32 38
31 33 89
31 34 -86
31 35 3
31 37 48
31 40 -31
31 41 -41
31 42 39
31 43 20
31 44 -54
31 45 -67
31 46 -54
31 48 51
31 49 -4
32 0 -1
32 1 13
32 2 -31
32 3 23
32 4 -6
32 5 1
32 6 -74
32 8 -37
32 9 60
32 10 -22
32 12 -76
32 13 11
32 14 -69
32 15 -79
32 16 1
32 17 9
32 18 -56
32 19 22
32 20 82
32 21 46
32 23 -15
32 24 -43
32 25 -95
32 26 91
32 28 -24
32 29 -3
32 30 68
32 31 86
32 32 -96
32 34 -83
32 35 37
32 36 83
32 37 -38
32 38 -19
32 40 -33
32 41 92
32 42 -91
32 43 -53
32 44 -45
32 45 34
32 46 -47
32 47 28
32 48 54
32 49 37
33 0 77
33 1 35
33 2 -12
33 3 1
33 4 68
33 5 -84
33 7 38
33 9 58
33 10 -82
33 11 6
33 12 -89
33 13 72
33 15 -34
33 17 -98
33 18 -54
33 19 62
33 21 -37
33 22 -37
33 23 -49
33 24 51
33 25 -13
33 26 73
33 27 36
33 29 6
33 30 71
33 31 99
33 32 -46
33 33 -41
33 35 -91
33 36 49
33 37 -49
33 40 27
33 41 15
33 43 82
33 46 10
33 47 100
33 48 30
34 0 53
34 1 56
34 2 1
34 3 10
34 5 -28
34 6 58
34 7 96
34 8 29
34 9 -39
34 10 71
34 11 79
34 13 99
34 14 98
34 17 24
34 19 -21
34 20 -40
34 21 -100
34 22 -81
34 23 53
34 25 58
34 26 99
34 27 55
34 28 -90
34 29 -47
34 30 -26
34 31 -83
34 32 77
34 33 -11
34 34 -40
34 35 -50
34 36 41
34 37 10
34 38 57
34 39 -59
34 40 -72
34 41 92
34 43 -18
34 44 45
34 45 82
34 46 73
34 47 51
34 48 -15
34 49 -35
35 0 -54
35 1 -75
35 2 -9
35 4 79
35 6 -4
35 7 -24
35 8 -19
35 9 -9
35 10 -67
35 11 -41
35 12 -3
35 13 29
35 14 -26
35 15 -33
35 16 -79
35 17 -92
35 18 4
35 19 -21
35 20 19
35 21 92
35 24 -94
35 26 53
35 27 -14
35 29 -29
35 30 -50
35 31 92
35 32 -90
35 33 -11
35 34 49
35 35 66
35 37 68
35 38 -82
35 40 -40
35 41 69
35 42 9
35 43 7
35 44 45
35 46 52
35 47 56
35 48 -98
35 49 4
36 0 85
36 1 -59
36 2 -56
36 4 39
36 5 55
36 6 45
36 8 47
36 9 -13
36 10 88
36 11 36
36 12 -9
36 13 -47
36 14 -43
36 15 63
36 17 -36
36 18 60
36 19 -47
36 20 -16
36 21 51
36 22 -11
36 23 -10
36 24 -76
36 25 8
36 27 -72
36 28 75
36 29 66
36 31 -84
36 33 68
36 34 94
36 35 -22
36 36 68
36 37 -11
36 38 84
36 39 -88
36 40 25
36 41 -53
36 42 51
36 43 85
36 44 13
36 45 92
36 46 -93
36 47 77
36 48 -90
36 49 -27
37 0 11
37 1 -31
37 2 -34
37 3 20
37 4 -89
37 5 -62
37 6 -90
37 7 -30
37 8 -98
37 9 63
37 11 -88
37 13 -56
37 14 -100
37 16 70
37 17 -77
37 18 -37
37 19 -90
37 20 -89
37 22 -23
37 24 42
37 25 34
37 26 42
37 27 -46
37 28 27
37 29 -37
37 30 36
37 31 5
37 32 -7
37 33 -2
37 34 -26
37 36 -67
37 38 -64
37 39 95
37 41 29
37 42 -74
37 43 -89
37 44 -33
37 45 -71
37 46 -4
37 47 19
37 48 85
37 49 8
38 0 -69
38 1 35
38 2 66
38 3 -37
38 4 -25
38 5 -82
38 6 59
38 8 90
38 9 65
38 10 68
38 11 -80
38 12 -19
38 13 -53
38 15 34
38 16 31
38 17 90
38 18 30
38 19 -12
38 20 -62
38 21 23
38 23 100
38 24 66
38 25 -77
38 26 72
38 27 13
38 28 18
38 29 51
38 30 61
38 32 -92
38 33 18
38 34 82
38 35 -13
38 36 40
38 37 50
38 38 -92
38 39 21
38 40 -29
38 41 -65
38 42 -28
38 43 48
38 44 -21
38 45 83
38 46 49
38 47 14
38 48 -39
38 49 94
39 0 4
39 1 -4
39 2 -91
39 3 56
39 4 50
39 5 31
39 6 3
39 7 -66
39 8 -30
39 9 -49
39 10 -34
39 11 87
39 12 100
39 13 -71
39 14 -61
39 15 38
39 16 -83
39 17 14
39 18 45
39 19 12
39 20 89
39 21 -73
39 22 91
39 23 -85
39 24 38
39 25 -74
39 28 -61
39 29 48
39 30 51
39 31 -44
39 32 12
39 33 64
39 34 89
39 35 -24
39 36 -15
39 37 -61
39 38 -29
39 39 10
39 40 -94
39 41 73
39 42 -49
39 43 -69
39 44 1
39 46 -27
39 47 -6
39 48 -99
39 49 -69
40 0 17
40 2 46
40 3 -98
40 5 8
40 6 -93
40 7 -1
40 8 -83
40 9 -69
40 10 -52
40 11 -68
40 12 30
40 13 94
40 14 -98
40 15 -68
40 16 75
40 17 37
40 18 43
40 19 -22
40 20 65
40 21 -55
40 22 -41
40 23 -100
40 24 30
40 25 16
40 26 -84
40 27 21
40 28 13
40 29 1
40 30 39
40 31 -43
40 32 3
40 33 92
40 34 51
40 35 86
40 36 -3
40 38 -64
40 39 74
40 41 -32
40 42 4
40 43 30
40 44 88
40 45 -35
40 47 -97
40 48 -3
40 49 9
41 0 -23
41 1 -32
41 2 26
41 3 -77
41 4 -63
41 6 83
41 7 -15
41 8 75
41 9 42
41 10 76
41 11 -87
41 12 62
41 14 99
41 16 -50
41 17 -78
41 18 -56
41 19 95
41 20 1
41 22 85
41 23 11
41 24 42
41 25 32
41 27 39
41 28 -19
41 29 -32
41 30 -94
41 31 -70
41 32 -27
41 33 -72
41 34 -63
41 35 99
41 37 58
41 38 15
41 39 -77
41 40 -15
41 41 87
41 42 38
41 43 54
41 44 -31
41 45 -22
41 46 -29
41 48 71
41 49 -83
42 0 -21
42 1 -44
42 2 -64
42 3 100
42 5 -68
42 6 -18
42 7 52
42 8 -80
42 9 21
42 10 -29
42 11 83
42 12 71
42 13 -60
42 15 100
42 17 8
42 18 -26
42 19 90
42 20 -88
42 21 -20
42 22 -52
42 23 -4
42 24 -93
42 25 -77
42 27 53
42 28 42
42 29 -32
42 30 14
42 31 60
42 32 -33
42 33 -71
42 34 -94
42 35 97
42 36 63
42 37 83
42 38 -50
42 39 -1
42 41 -50
42 42 -97
42 44 -40
42 45 -1
42 46 -58
42 47 -16
42 48 -58
42 49 -68
43 0 -17
43 1 -31
43 3 -12
43 4 -100
43 5 19
43 6 -85
43 7 -63
43 9 -73
43 11 -54
43 12 -76
43 13 -78
43 14 -55
43 15 38
43 16 -71
43 17 85
43 18 52
43 19 -49
43 20 -29
43 21 27
43 22 27
43 23 -47
43 24 72
43 25 -94
43 26 38
43 28 36
43 29 -54
43 30 -52
43 31 -9
43 32 74
43 33 46
43 34 -58
43 35 63
43 36 -98
43 37 40
43 38 87
43 39 41
43 40 82
43 41 43
43 43 -70
43 44 -20
43 45 92
43 46 -7
43 47 27
43 48 59
43 49 79
44 0 23
44 1 -5
44 2 -84
44 3 -57
44 4 -24
44 5 -7
44 7 -52
44 8 21
44 9 49
44 10 77
44 11 77
44 12 -8
44 13 -74
44 14 -53
44 15 58
44 16 -81
44 17 -46
44 18 50
44 20 35
44 22 66
44 23 96
44 24 44
44 26 96
44 27 -79
44 28 33
44 29 46
44 34 41
44 35 -88
44 36 -84
44 39 -50
44 40 68
44 41 81
44 42 11
44 43 95
44 44 -93
44 45 -50
44 46 -99
44 47 -59
44 48 -66
44 49 56
45 0 -49
45 1 -70
45 2 -80
45 4 -67
45 6 -3
45 7 15
45 8 37
45 9 -48
45 10 72
45 11 97
45 12 -31
45 13 -18
45 14 19
45 15 98
45 16 -2
45 17 34
45 18 -85
45 19 77
45 20 -19
45 21 74
45 22 81
45 23 12
45 24 -47
45 25 79
45 26 46
45 27 65
45 28 97
45 29 -32
45 30 -9
45 31 -61
45 32 -46
45 34 89
45 35 74
45 36 2
45 37 36
45 38 39
45 40 -94
45 41 -65
45 43 41
45 44 -72
45 46 32
45 47 98
45 48 92
45 49 53
46 0 96
46 1 28
46 2 -69
46 4 -8
46 6 -82
46 7 87
46 8 10
46 10 -60
46 11 63
46 13 94
46 14 -91
46 15 35
46 16 -74
46 18 -83
46 19 -2
46 20 -25
46 21 82
46 22 -76
46 24 94
46 25 24
46 26 -100
46 27 38
46 28 -92
46 29 10
46 30 96
46 31 23
46 32 -59
46 33 -68
46 34 31
46 35 71
46 36 -83
46 37 83
46 39 66
46 40 56
46 41 28
46 42 -89
46 44 -44
46 45 -24
46 46 -76
46 47 30
46 48 80
46 49 10
47 0 35
47 1 72
47 2 42
47 3 49
47 4 -52
47 5 5
47 6 -24
47 7 -17
47 8 69
47 9 23
47 10 29
47 11 -51
47 12 18
47 13 -55
47 14 -14
47 15 -99
47 16 -86
47 17 -83
47 18 -93
47 19 -51
47 20 -14
47 21 96
47 22 54
47 23 -7
47 24 -82
47 25 54
47 26 28
47 28 27
47 29 -48
47 30 -81
47 31 -76
47 32 -21
47 33 34
47 34 86
47 35 7
47 37 -67
47 38 -84
47 39 -31
47 40 35
47 41 -92
47 43 9
47 44 62
47 45 -4
47 46 72
47 47 -85
47 48 97
47 49 18
48 0 -62
48 2 31
48 4 90
48 5 -100
48 6 -49
48 7 81
48 8 -98
48 9 89
48 10 -11
48 11 -90
48 12 -36
48 13 -11
48 14 -37
48 15 71
48 16 -99
48 17 -59
48 18 -82
48 19 99
48 20 83
48 21 2
48 22 -29
48 23 -72
48 24 -66
48 25 -18
48 26 -26
48 27 -28
48 28 81
48 29 70
48 30 18
48 31 -33
48 33 -1
48 34 -97
48 35 5
48 36 -69
48 37 69
48 38 72
48 39 71
48 40 76
48 41 -84
48 42 -49
48 43 90
48 44 -19
48 45 -20
48 46 96
48 47 -38
48 48 91
48 49 57
49 0 -59
49 1 -82
49 2 -43
49 3 -91
49 4 -20
49 5 72
49 7 35
49 8 56
49 9 53
49 10 -42
49 11 -35
49 12 10
49 13 67
49 14 66
49 15 -88
49 17 -8
49 18 -10
49 19 -75
49 20 -8
49 21 -26
49 22 15
49 23 75
49 24 60
49 25 -21
49 26 -72
49 27 90
49 28 -51
49 29 -8
49 30 100
49 31 86
49 32 -39
49 33 34
49 34 -94
49 35 64
49 36 87
49 37 58
49 38 34
49 39 -34
49 41 -1
49 42 -15
49 43 -19
49 44 50
49 45 -27
49 47 78
49 48 67