0 3 -67
0 10 53
0 15 -73
0 16 -95
0 17 -78
0 20 6
0 23 83
0 29 -10
0 34 37
0 36 98
0 38 -61
0 42 49
0 45 6
0 54 92
0 60 100
0 61 -19
0 66 94
0 76 26
0 78 -6
0 81 -74
0 88 28
0 91 -16
0 93 32
0 98 -92
0 111 -11
0 113 -31
0 117 60
0 123 -26
0 125 -66
0 128 9
0 129 -72
0 133 22
0 140 -42
0 143 -93
0 148 7
0 149 48
1 1 -77
1 2 3
1 4 -98
1 7 82
1 11 -71
1 20 -86
1 27 100
1 33 38
1 38 -13
1 65 40
1 76 -20
1 77 26
1 78 -58
1 81 -44
1 84 -45
1 96 23
1 100 -7
1 101 -58
1 104 22
1 107 81
1 109 63
1 110 91
1 116 -46
1 123 48
1 132 -86
1 137 -10
1 147 52
1 148 -14
1 149 7
2 3 67
2 5 63
2 8 59
2 12 -16
2 27 -79
2 34 56
2 35 -38
2 46 -66
2 48 25
2 55 -79
2 57 1
2 68 -30
2 69 -23
2 82 -98
2 85 40
2 95 47
2 96 60
2 98 69
2 107 55
2 117 -93
2 134 17
2 136 47
2 141 -59
2 142 37
3 2 70
3 9 -98
3 10 -33
3 14 2
3 18 98
3 19 57
3 23 -75
3 24 -97
3 26 -50
3 29 -28
3 30 -40
3 33 21
3 38 70
3 40 72
3 43 -89
3 44 78
3 45 -82
3 46 33
3 48 87
3 52 30
3 54 93
3 59 -16
3 61 6
3 85 33
3 90 -38
3 97 53
3 98 -45
3 99 -87
3 103 -47
3 104 -96
3 107 49
3 109 61
3 114 53
3 116 9
3 119 99
3 120 34
3 127 -13
3 134 60
3 136 -64
3 138 -57
3 141 27
3 145 -2
3 146 40
4 0 -74
4 1 -60
4 12 -69
4 18 82
4 20 76
4 24 -23
4 29 -40
4 30 40
4 32 -30
4 36 51
4 48 -58
4 51 -43
4 52 19
4 55 6
4 59 99
4 61 -35
4 66 -19
4 68 44
4 74 87
4 75 98
4 76 77
4 80 51
4 91 13
4 106 61
4 107 27
4 118 -58
4 119 78
4 120 60
4 122 -81
4 139 100
4 146 25
4 148 73
4 149 73
5 1 25
5 2 -80
5 4 -16
5 13 30
5 24 -70
5 28 24
5 31 -76
5 40 -31
5 49 58
5 52 21
5 53 -30
5 55 55
5 58 -85
5 64 -92
5 68 63
5 76 -65
5 77 -52
5 80 -26
5 84 69
5 86 6
5 90 -90
5 94 73
5 98 7
5 101 58
5 110 -42
5 120 93
5 121 9
5 126 9
5 128 -95
5 130 4
5 138 -96
5 141 -57
5 144 88
5 146 89
5 147 8
6 0 87
6 2 97
6 10 73
6 19 32
6 21 -62
6 27 32
6 37 90
6 44 -57
6 48 14
6 50 38
6 60 -23
6 62 -36
6 64 -86
6 66 97
6 72 81
6 84 -35
6 96 42
6 97 76
6 98 -80
6 99 51
6 101 -81
6 102 -59
6 104 -54
6 106 7
6 118 26
6 127 13
6 138 40
6 142 100
6 146 -73
6 148 44
7 0 -37
7 2 58
7 8 100
7 13 37
7 21 100
7 30 -71
7 31 -53
7 40 -69
7 43 7
7 47 24
7 57 26
7 58 83
7 60 62
7 63 14
7 67 99
7 89 -76
7 90 26
7 93 47
7 94 -45
7 97 67
7 107 74
7 115 -94
7 118 17
7 123 36
7 126 23
7 127 44
7 144 92
8 0 -96
8 1 58
8 8 9
8 10 -29
8 12 -49
8 16 -71
8 17 -41
8 20 -19
8 24 -92
8 25 -64
8 31 -3
8 34 -88
8 38 61
8 41 -67
8 42 -85
8 43 91
8 44 -8
8 47 3
8 64 -59
8 73 74
8 81 -73
8 87 -36
8 88 -24
8 91 -57
8 98 -26
8 102 60
8 104 2
8 109 29
8 122 -37
8 129 -32
8 138 41
8 144 -58
8 146 -9
8 147 83
8 149 92
9 4 -29
9 17 78
9 24 -25
9 25 41
9 27 -86
9 30 49
9 32 35
9 37 -50
9 42 3
9 46 83
9 63 -12
9 65 -73
9 66 -93
9 68 7
9 70 -23
9 72 -92
9 88 -55
9 89 73
9 110 94
9 113 95
9 115 -83
9 121 62
9 122 -81
9 123 7
9 129 -54
9 138 -8
9 144 -63
9 145 -90
9 149 -100
10 6 93
10 11 -29
10 13 -57
10 14 -58
10 17 30
10 21 -49
10 23 -35
10 27 -78
10 34 4
10 35 63
10 47 -14
10 53 67
10 57 42
10 58 55
10 62 -100
10 68 -100
10 69 26
10 74 36
10 77 -72
10 82 -100
10 86 -58
10 96 -68
10 106 -25
10 107 80
10 112 -91
10 115 -27
10 116 29
10 120 -93
10 125 -78
10 129 -91
10 131 77
10 134 -39
10 136 74
10 137 -36
10 142 -65
10 147 -76
11 2 -24
11 9 -55
11 22 36
11 23 -10
11 28 -80
11 30 98
11 39 96
11 41 62
11 46 43
11 47 65
11 52 -42
11 55 2
11 57 81
11 58 -12
11 65 -77
11 66 2
11 73 56
11 76 44
11 77 -5
11 87 -26
11 91 49
11 97 58
11 98 -47
11 103 -61
11 106 50
11 109 8
11 111 -64
11 117 -77
11 129 5
12 4 -24
12 7 -5
12 22 57
12 30 -53
12 38 47
12 46 27
12 49 -21
12 52 24
12 54 -32
12 70 77
12 73 19
12 74 -44
12 76 -68
12 78 15
12 80 -90
12 84 95
12 85 -18
12 92 51
12 96 -66
12 99 -49
12 100 8
12 101 -44
12 102 54
12 104 5
12 107 85
12 110 -64
12 111 11
12 130 -64
12 140 52
12 142 88
12 147 -5
12 149 -35
13 0 13
13 1 -100
13 2 -24
13 3 11
13 4 -20
13 7 -14
13 13 -85
13 14 -53
13 15 60
13 28 28
13 35 50
13 40 -74
13 44 -21
13 47 -26
13 55 -31
13 59 52
13 64 -59
13 76 43
13 81 -73
13 85 41
13 101 18
13 102 -51
13 104 -49
13 108 91
13 118 -10
13 119 74
13 129 54
13 130 70
13 147 -39
14 1 69
14 2 61
14 8 84
14 26 67
14 28 -48
14 32 100
14 34 96
14 48 31
14 55 -4
14 60 56
14 62 -73
14 73 -82
14 76 32
14 93 33
14 94 -3
14 106 -66
14 108 -55
14 114 -54
14 118 -27
14 119 -100
14 124 -93
14 136 83
14 139 74
14 146 -11
14 148 -17
14 149 -76
15 3 -36
15 9 -39
15 15 -15
15 21 10
15 28 55
15 37 79
15 38 30
15 39 -42
15 40 -17
15 44 25
15 50 56
15 52 -8
15 53 -23
15 55 19
15 59 27
15 63 22
15 67 92
15 72 -87
15 73 85
15 75 29
15 76 8
15 80 42
15 88 9
15 89 -60
15 90 45
15 101 -16
15 106 -81
15 110 -73
15 111 38
15 116 -99
15 117 71
15 129 -86
15 130 5
15 141 24
15 144 -63
15 145 51
15 148 7
16 13 3
16 14 -73
16 18 -69
16 23 -82
16 25 -73
16 26 67
16 29 95
16 34 -3
16 38 -26
16 45 -87
16 55 80
16 59 97
16 75 18
16 77 -99
16 81 -49
16 83 -78
16 90 -16
16 91 94
16 92 -93
16 93 47
16 95 -56
16 96 38
16 107 75
16 116 1
16 121 13
16 127 51
16 128 6
16 129 -80
16 138 69
16 142 -94
16 143 30
16 144 15
16 145 98
16 146 -3
16 148 -61
17 1 47
17 3 51
17 9 86
17 15 39
17 21 51
17 22 5
17 35 -81
17 44 -55
17 52 92
17 57 -17
17 61 48
17 66 25
17 81 38
17 88 -91
17 95 1
17 96 62
17 105 -86
17 109 78
17 114 -100
17 125 -63
17 135 -64
17 138 71
17 139 -54
17 144 46
17 146 -65
18 3 14
18 7 -2
18 9 12
18 11 -54
18 14 -78
18 16 -46
18 21 51
18 22 -85
18 32 100
18 47 -77
18 54 84
18 56 18
18 60 -56
18 63 -71
18 78 22
18 85 30
18 86 -59
18 89 -95
18 90 67
18 95 -87
18 100 -76
18 102 2
18 111 -17
18 112 -30
18 118 26
18 120 34
18 130 -58
19 6 -98
19 20 9
19 21 -26
19 22 36
19 24 -88
19 26 57
19 31 18
19 33 20
19 38 -45
19 41 -53
19 45 78
19 49 -39
19 54 -23
19 67 -70
19 70 48
19 78 -14
19 79 -14
19 87 -39
19 91 5
19 93 -84
19 95 -18
19 104 -25
19 109 -16
19 120 -95
19 128 -16
19 131 68
19 135 46
19 137 97
19 140 47
19 141 -9
20 1 43
20 11 11
20 12 27
20 17 41
20 23 -94
20 27 71
20 31 2
20 50 -67
20 52 -76
20 61 -60
20 66 11
20 70 -42
20 77 -56
20 78 -54
20 85 -11
20 87 73
20 90 6
20 97 54
20 99 -100
20 100 -74
20 102 59
20 105 -53
20 110 -74
20 111 12
20 117 -35
20 123 53
20 127 87
20 132 51
20 142 -78
21 1 -15
21 3 -27
21 4 14
21 5 10
21 19 -76
21 21 -52
21 22 -24
21 27 -38
21 43 -42
21 53 89
21 56 -16
21 61 -22
21 73 80
21 74 -79
21 76 -44
21 84 49
21 86 100
21 91 -59
21 94 51
21 100 -68
21 112 51
21 113 -5
21 116 67
21 117 19
21 118 -15
21 119 48
21 131 -43
21 137 8
21 143 11
22 2 -56
22 3 -36
22 7 91
22 12 -38
22 13 54
22 20 -45
22 22 -34
22 30 -80
22 31 -6
22 32 -11
22 36 10
22 43 -64
22 44 -22
22 45 81
22 53 -65
22 61 -28
22 62 -57
22 67 34
22 69 -27
22 85 55
22 102 92
22 104 -58
22 105 -13
22 107 56
22 112 68
22 119 -47
22 121 72
22 126 -73
22 129 -65
22 132 -77
22 137 -14
22 144 80
22 148 -20
22 149 67
23 7 94
23 8 88
23 13 -23
23 25 75
23 33 77
23 41 -31
23 50 -61
23 55 -68
23 65 -45
23 67 11
23 72 19
23 73 70
23 78 97
23 90 91
23 91 95
23 94 -39
23 95 -88
23 99 -43
23 102 5
23 104 7
23 106 -14
23 111 65
23 117 -40
23 120 44
23 127 -9
23 129 32
23 130 53
23 131 -64
23 133 76
23 134 62
23 141 19
23 143 -69
23 145 91
23 146 -47
23 148 -59
23 149 52
24 9 -21
24 10 -18
24 11 -98
24 16 -24
24 27 -33
24 31 61
24 35 -74
24 39 -93
24 41 3
24 48 -1
24 53 -49
24 57 -30
24 59 -54
24 71 -84
24 72 23
24 73 -35
24 74 -60
24 76 -67
24 83 -46
24 88 -40
24 89 -12
24 98 -20
24 101 3
24 104 -59
24 106 -16
24 111 76
24 112 -55
24 113 -11
24 116 27
24 123 69
24 138 -65
24 139 -87
24 147 89
25 1 19
25 2 -52
25 8 -19
25 17 92
25 35 -53
25 40 38
25 54 -66
25 56 -78
25 64 3
25 68 45
25 73 42
25 74 29
25 78 84
25 85 -28
25 86 2
25 87 -84
25 89 -68
25 96 -21
25 99 85
25 105 -17
25 107 -15
25 108 28
25 114 -90
25 115 -3
25 116 -91
25 119 9
25 123 52
25 127 -33
25 128 -65
25 132 52
25 147 54
25 149 52
26 8 -4
26 23 60
26 26 -64
26 27 -2
26 34 -2
26 41 25
26 43 -34
26 55 90
26 60 -90
26 65 -76
26 69 -42
26 72 -86
26 74 -53
26 75 10
26 83 -98
26 87 -75
26 91 -57
26 92 -63
26 101 -36
26 102 -72
26 106 74
26 107 88
26 119 -5
26 122 -23
26 123 -67
26 124 25
26 129 -5
26 133 40
26 135 -61
26 136 38
26 139 -82
26 145 -81
26 146 -37
26 149 74
27 0 -22
27 11 17
27 13 72
27 16 19
27 19 14
27 23 79
27 28 85
27 33 6
27 48 94
27 56 79
27 60 -47
27 64 -18
27 67 96
27 76 69
27 83 39
27 85 -68
27 98 -4
27 103 24
27 104 77
27 110 -46
27 112 -52
27 114 -49
27 119 56
27 121 -68
27 124 59
27 128 -10
27 133 63
28 1 10
28 7 97
28 9 -70
28 11 -30
28 12 -49
28 20 -34
28 30 18
28 37 -64
28 47 -85
28 48 84
28 50 -69
28 57 -39
28 64 -36
28 67 98
28 68 1
28 80 13
28 82 21
28 88 74
28 94 -21
28 98 31
28 105 98
28 108 64
28 110 -89
28 118 98
28 119 73
28 122 78
28 126 39
28 127 -72
28 143 -27
28 144 51
28 147 93
29 1 -23
29 4 -21
29 12 87
29 13 -78
29 15 -94
29 20 -39
29 21 -60
29 27 -99
29 28 37
29 30 -53
29 31 86
29 33 -92
29 34 79
29 35 46
29 39 -26
29 40 70
29 41 67
29 42 -36
29 49 -8
29 51 -32
29 54 -54
29 63 -100
29 67 80
29 70 -61
29 73 -15
29 75 -42
29 77 -17
29 83 43
29 84 -23
29 87 63
29 88 -90
29 95 -27
29 98 -32
29 103 -66
29 109 -67
29 110 -20
29 113 -5
29 114 -34
29 119 83
29 120 -81
29 125 -84
29 128 -50
29 129 -77
29 134 -17
29 149 8
30 3 -8
30 6 -55
30 15 -94
30 17 -45
30 19 -90
30 21 -48
30 24 -21
30 26 -59
30 31 15
30 34 -33
30 39 -51
30 43 14
30 49 37
30 51 40
30 54 -85
30 65 1
30 66 2
30 69 -75
30 75 -6
30 84 -73
30 85 80
30 86 -58
30 91 2
30 106 67
30 108 88
30 115 -1
30 121 44
30 122 -17
30 127 71
30 128 96
30 138 84
30 140 -38
31 10 46
31 11 95
31 12 -82
31 16 -83
31 21 -74
31 24 24
31 37 25
31 44 62
31 50 -67
31 56 -89
31 57 -64
31 60 -18
31 67 54
31 69 17
31 77 -95
31 78 -7
31 80 -41
31 81 -41
31 87 -70
31 96 -6
31 100 14
31 102 74
31 104 -59
31 105 21
31 106 15
31 119 -100
31 122 56
31 124 65
31 134 -54
31 139 -88
31 141 -9
31 142 6
31 143 38
31 146 68
31 149 -80
32 0 1
32 2 83
32 4 -14
32 11 27
32 17 -37
32 20 -43
32 29 95
32 43 44
32 51 55
32 54 -66
32 58 28
32 60 67
32 63 -74
32 69 -19
32 73 -61
32 80 -82
32 81 -66
32 85 73
32 94 -46
32 95 -60
32 97 -68
32 101 42
32 103 -99
32 104 -72
32 107 33
32 108 67
32 115 57
32 123 87
32 126 -84
32 132 91
32 134 49
32 138 67
32 145 -29
32 147 70
32 149 -47
33 8 56
33 12 -54
33 17 96
33 20 61
33 22 57
33 23 37
33 25 92
33 26 94
33 27 -62
33 28 9
33 29 84
33 32 -75
33 37 -44
33 38 42
33 41 -15
33 44 33
33 50 -73
33 57 -100
33 59 -94
33 72 -6
33 77 -63
33 82 -29
33 87 -29
33 90 9
33 91 88
33 94 -2
33 96 -89
33 97 58
33 102 26
33 104 5
33 107 -94
33 108 -93
33 109 -70
33 117 -42
33 123 -11
33 127 -83
33 128 -91
33 129 -23
33 130 75
33 142 -66
33 146 -57
34 1 8
34 4 -63
34 7 68
34 9 84
34 11 43
34 12 -78
34 13 -90
34 21 -19
34 28 -57
34 33 -77
34 38 -12
34 42 -74
34 45 8
34 48 27
34 56 -75
34 62 76
34 72 -69
34 79 -53
34 85 15
34 87 -57
34 88 -78
34 89 -69
34 92 -45
34 94 -86
34 95 -19
34 96 -26
34 103 -15
34 113 90
34 114 -52
34 121 -45
34 125 -67
34 129 -11
34 137 93
34 144 -9
34 146 76
34 147 33
34 148 -4
35 1 74
35 2 86
35 12 -19
35 14 -5
35 15 15
35 18 57
35 22 5
35 23 -68
35 27 38
35 41 94
35 44 -27
35 45 -18
35 47 -88
35 61 -57
35 62 -46
35 68 -1
35 73 -24
35 74 93
35 79 78
35 81 -26
35 85 27
35 89 -75
35 98 69
35 100 -10
35 101 -79
35 111 80
35 113 -25
35 115 31
35 119 -96
35 125 28
35 133 -6
35 136 40
35 139 20
35 141 -8
35 144 10
35 147 41
36 0 63
36 1 -8
36 6 77
36 10 2
36 14 30
36 20 56
36 36 -29
36 44 -69
36 55 46
36 56 94
36 57 99
36 60 -92
36 64 33
36 66 -6
36 69 69
36 74 -80
36 79 -16
36 82 -6
36 83 -60
36 91 70
36 101 -94
36 105 -77
36 110 -88
36 112 -28
36 122 -93
36 123 6
36 125 56
36 126 -76
36 135 -92
36 137 1
36 138 40
36 148 -24
37 4 -40
37 6 1
37 9 -48
37 25 -48
37 26 62
37 28 68
37 32 60
37 44 15
37 54 -30
37 56 -96
37 57 32
37 59 -59
37 66 -10
37 73 82
37 74 100
37 79 98
37 81 -69
37 83 -47
37 84 20
37 96 -48
37 99 -91
37 101 -100
37 104 12
37 108 79
37 116 -85
37 130 -66
37 134 28
37 135 7
37 136 -40
37 140 67
37 143 13
38 5 9
38 7 -18
38 8 -21
38 11 79
38 12 41
38 13 2
38 21 -53
38 24 4
38 27 -57
38 36 -83
38 38 80
38 43 61
38 44 4
38 45 71
38 49 -73
38 57 76
38 60 49
38 61 55
38 64 -10
38 65 38
38 71 -100
38 72 -28
38 73 80
38 77 -92
38 81 56
38 86 -76
38 88 67
38 89 22
38 93 -62
38 95 -24
38 100 -46
38 105 -34
38 112 84
38 114 45
38 115 -53
38 118 83
38 119 -35
38 125 55
38 127 53
38 143 -63
38 147 -20
39 0 -46
39 3 -63
39 8 12
39 15 -82
39 17 47
39 28 -1
39 30 91
39 31 49
39 38 51
39 55 97
39 56 63
39 58 99
39 59 -89
39 67 -55
39 69 13
39 74 91
39 78 83
39 81 30
39 91 -77
39 96 93
39 98 18
39 100 26
39 106 -11
39 111 -59
39 112 -17
39 118 -98
39 137 -24
39 144 -15
39 147 77
39 149 96
40 1 8
40 9 -42
40 10 99
40 13 47
40 19 36
40 24 22
40 33 51
40 35 -26
40 37 -42
40 41 -79
40 50 -13
40 61 86
40 62 -27
40 66 -60
40 74 23
40 78 -9
40 83 -16
40 85 -100
40 93 -62
40 94 56
40 98 -21
40 99 -78
40 102 -46
40 103 -39
40 107 -84
40 109 84
40 113 38
40 114 88
40 121 37
40 122 -36
40 123 -38
40 127 -58
40 129 -10
40 130 42
40 131 -94
40 133 9
40 136 -75
40 139 -5
40 141 3
40 142 -58
41 16 31
41 28 56
41 29 -25
41 34 57
41 42 -96
41 53 32
41 57 78
41 58 70
41 63 7
41 65 -21
41 67 67
41 72 -97
41 80 65
41 89 93
41 97 -17
41 105 -23
41 106 22
41 108 -75
41 109 -50
41 113 -67
41 121 75
41 124 14
41 128 88
41 132 77
41 135 21
41 141 -60
41 143 -96
41 144 -23
41 145 35
41 146 -96
42 2 -61
42 5 -23
42 14 70
42 16 -78
42 18 20
42 22 94
42 35 60
42 38 11
42 54 42
42 65 -32
42 68 -38
42 74 -49
42 81 -10
42 97 88
42 102 -70
42 105 -94
42 107 23
42 120 47
42 125 -90
42 132 -9
42 142 -55
42 148 -34
42 149 48
43 10 -22
43 17 -17
43 24 -50
43 29 22
43 32 83
43 39 -34
43 50 -74
43 63 62
43 65 93
43 68 80
43 78 -47
43 80 71
43 82 -67
43 86 64
43 101 74
43 104 -53
43 109 59
43 123 -90
43 126 90
43 135 84
43 141 93
43 142 -13
43 147 -15
44 0 -47
44 2 -25
44 5 59
44 11 -65
44 14 50
44 15 17
44 20 63
44 22 -14
44 25 -56
44 29 -42
44 31 94
44 32 48
44 33 73
44 38 -83
44 47 -54
44 51 -31
44 53 1
44 56 -9
44 57 -56
44 59 -66
44 62 73
44 70 9
44 80 80
44 81 63
44 83 21
44 87 -98
44 89 7
44 92 -97
44 93 -42
44 96 -50
44 98 -18
44 101 -57
44 102 92
44 105 -90
44 111 95
44 116 43
44 120 65
44 121 46
44 123 -15
44 124 -38
44 127 -43
44 132 2
44 133 -23
44 135 72
44 145 70
44 147 47
45 4 -48
45 7 100
45 11 -6
45 24 69
45 25 -99
45 26 8
45 44 -53
45 46 -7
45 47 26
45 48 -52
45 55 -12
45 59 -64
45 60 98
45 63 -73
45 65 -29
45 68 -80
45 76 -60
45 84 -98
45 88 -21
45 99 1
45 100 -6
45 103 -6
45 105 18
45 112 44
45 119 31
45 123 18
45 125 14
45 129 -17
45 131 92
45 134 -35
45 137 -74
45 140 95
46 5 23
46 7 -22
46 11 3
46 12 75
46 14 -46
46 15 9
46 18 -49
46 22 44
46 23 15
46 25 -100
46 28 14
46 29 -98
46 33 -1
46 36 -55
46 37 -2
46 47 25
46 48 49
46 58 58
46 73 -77
46 74 -26
46 76 -33
46 89 69
46 90 29
46 91 40
46 98 -27
46 99 -51
46 103 -28
46 110 69
46 111 93
46 118 -41
46 119 79
46 127 -51
46 131 51
46 135 -60
46 140 2
46 143 -30
47 0 -62
47 3 17
47 6 -37
47 8 2
47 14 20
47 16 42
47 18 -74
47 23 -25
47 28 49
47 33 -11
47 37 71
47 38 52
47 40 27
47 51 17
47 52 19
47 57 -29
47 62 -74
47 64 -66
47 69 -7
47 76 37
47 79 57
47 80 -16
47 85 -3
47 86 56
47 94 -92
47 98 -39
47 103 -9
47 107 -43
47 117 16
47 118 49
47 127 68
47 137 32
47 138 -54
48 5 63
48 20 -73
48 21 45
48 25 -63
48 32 -1
48 38 80
48 39 -53
48 43 91
48 44 90
48 48 -56
48 57 -56
48 62 78
48 64 67
48 65 -42
48 66 67
48 77 -28
48 89 -25
48 99 -27
48 102 -55
48 110 8
48 113 88
48 117 -84
48 119 -70
48 126 -68
48 127 56
48 128 -54
48 129 -35
48 130 -61
48 133 14
48 134 -13
48 139 45
48 141 -11
48 146 98
48 149 -77
49 4 84
49 6 26
49 32 31
49 33 -85
49 40 -53
49 43 77
49 47 92
49 54 84
49 58 78
49 60 90
49 65 -80
49 70 27
49 71 2
49 74 68
49 75 53
49 78 -2
49 86 98
49 88 -44
49 90 -91
49 93 16
49 98 -42
49 107 -47
49 109 66
49 110 91
49 124 -80
49 125 -71
49 127 -72
49 130 25
49 135 77
49 136 -19
49 143 11
49 148 -11
49 149 55
50 0 64
50 3 47
50 9 38
50 12 78
50 13 -5
50 19 98
50 20 36
50 31 -100
50 32 -90
50 44 87
50 47 2
50 53 71
50 54 76
50 57 13
50 58 -58
50 61 88
50 65 -56
50 72 93
50 75 -70
50 84 -36
50 87 -13
50 93 69
50 95 -95
50 103 12
50 124 71
50 131 63
50 132 50
50 134 -93
50 137 -45
50 138 26
50 144 -48
50 148 -83
50 149 52
51 0 82
51 1 61
51 13 -45
51 18 -41
51 23 7
51 37 -98
51 39 8
51 40 -21
51 44 21
51 46 -69
51 48 -41
51 55 -93
51 56 -80
51 64 -22
51 68 27
51 71 61
51 73 92
51 78 -94
51 80 100
51 81 -69
51 94 7
51 95 -50
51 99 -78
51 105 72
51 107 26
51 110 42
51 120 8
51 124 38
51 125 -87
51 126 12
51 128 -6
51 135 -23
51 148 46
52 0 72
52 2 -5
52 8 29
52 9 40
52 10 44
52 11 -23
52 13 -92
52 26 70
52 27 -48
52 28 66
52 39 60
52 40 97
52 48 22
52 49 -77
52 60 4
52 64 -6
52 72 6
52 76 58
52 78 87
52 81 -40
52 82 37
52 86 31
52 89 71
52 90 -21
52 92 -28
52 97 60
52 105 -86
52 112 -71
52 121 94
52 125 81
52 133 -66
52 138 -86
52 139 41
52 141 -70
52 148 9
52 149 -87
53 1 -87
53 7 42
53 8 -95
53 9 -33
53 10 -50
53 15 37
53 22 98
53 23 -56
53 24 -45
53 27 -35
53 29 34
53 35 -97
53 39 -3
53 44 -78
53 51 -69
53 55 93
53 56 -3
53 58 71
53 60 -9
53 61 -90
53 64 -81
53 66 -22
53 68 -16
53 70 -98
53 71 45
53 73 -91
53 75 41
53 83 -80
53 93 -17
53 105 -33
53 109 -52
53 113 -31
53 118 -84
53 121 -82
53 130 -8
53 137 -92
53 138 11
53 142 64
54 2 -79
54 3 -1
54 14 -90
54 30 -95
54 36 22
54 37 -70
54 38 6
54 39 -44
54 43 -2
54 46 -44
54 47 -18
54 52 84
54 55 97
54 58 -4
54 59 -40
54 72 7
54 79 -47
54 88 27
54 91 7
54 94 -60
54 95 14
54 97 5
54 102 79
54 110 89
54 111 54
54 112 23
54 113 5
54 116 1
54 121 81
54 123 -98
54 124 6
54 125 3
54 128 -79
54 129 -35
54 131 81
54 135 72
54 138 -54
54 139 -76
54 140 75
54 141 -23
55 0 -88
55 2 64
55 12 -38
55 13 -7
55 15 78
55 16 51
55 17 7
55 19 86
55 22 50
55 24 -89
55 25 -44
55 31 -36
55 39 48
55 40 -68
55 42 -14
55 48 -100
55 49 -4
55 56 89
55 58 76
55 70 -2
55 71 -7
55 72 -12
55 73 82
55 78 -42
55 79 88
55 84 74
55 86 -71
55 88 -54
55 89 -18
55 95 52
55 102 59
55 105 -67
55 109 62
55 114 15
55 123 85
55 135 -3
55 144 63
55 146 -81
55 148 58
56 0 -83
56 2 49
56 4 -53
56 6 -12
56 8 2
56 19 99
56 41 95
56 42 -12
56 47 50
56 61 -40
56 63 -11
56 64 -27
56 74 -62
56 75 -89
56 77 4
56 80 -27
56 81 -3
56 84 -89
56 86 34
56 89 -50
56 90 -34
56 91 3
56 99 -59
56 100 -82
56 101 15
56 104 84
56 106 11
56 113 -15
56 121 -99
56 122 49
56 131 82
56 146 20
57 13 42
57 14 -11
57 15 13
57 21 -21
57 30 68
57 35 -92
57 36 -71
57 43 10
57 45 -91
57 48 61
57 54 17
57 56 97
57 58 6
57 72 -65
57 75 55
57 103 12
57 114 80
57 118 -8
57 124 -30
57 129 69
57 135 47
57 136 68
57 138 -95
57 143 29
58 1 31
58 3 -68
58 7 36
58 9 19
58 10 55
58 11 91
58 13 52
58 16 91
58 22 25
58 23 39
58 34 68
58 37 -76
58 40 -54
58 43 -8
58 49 14
58 52 -98
58 55 44
58 61 -94
58 97 -93
58 102 -6
58 108 -71
58 114 40
58 115 73
58 118 -71
58 119 -38
58 123 -31
58 129 -40
58 135 -88
58 137 -67
58 140 -75
59 3 -92
59 6 21
59 12 26
59 14 71
59 29 71
59 33 -97
59 43 -39
59 48 72
59 58 84
59 59 29
59 60 10
59 61 7
59 66 -48
59 67 -90
59 68 87
59 77 79
59 82 91
59 83 -1
59 90 75
59 93 -35
59 95 -26
59 97 33
59 101 -19
59 102 -64
59 104 -35
59 113 -35
59 114 -83
59 116 51
59 128 79
59 131 64
59 135 63
59 140 39
59 148 70
59 149 -49
60 3 27
60 7 98
60 17 40
60 18 -100
60 26 96
60 29 38
60 37 -11
60 40 87
60 50 79
60 53 77
60 54 80
60 57 -97
60 66 -86
60 69 98
60 79 35
60 84 52
60 90 -38
60 97 86
60 112 -42
60 114 -89
60 126 -70
60 127 32
60 141 33
60 149 45
61 1 33
61 2 -51
61 13 100
61 21 70
61 23 -12
61 25 -48
61 26 65
61 29 9
61 35 -22
61 39 -60
61 44 94
61 47 37
61 52 97
61 62 99
61 68 -18
61 73 7
61 81 -27
61 92 24
61 101 99
61 119 82
61 121 98
61 125 -40
61 127 -62
61 132 96
61 135 -4
61 144 78
61 147 -15
61 149 -4
62 1 -56
62 3 -12
62 7 -100
62 8 -65
62 11 85
62 14 -29
62 18 9
62 19 64
62 25 56
62 26 99
62 30 55
62 35 -88
62 43 60
62 44 94
62 51 48
62 54 82
62 56 33
62 59 -40
62 60 -68
62 61 18
62 62 85
62 72 -74
62 75 -25
62 76 -34
62 80 15
62 81 -76
62 83 84
62 85 2
62 88 26
62 91 39
62 93 1
62 94 47
62 96 -34
62 98 -21
62 103 51
62 105 -27
62 116 -24
62 117 -13
62 118 -50
62 124 45
62 128 59
62 131 2
62 133 -29
62 135 75
62 137 41
62 138 -100
62 141 -18
62 149 82
63 3 -35
63 9 -5
63 13 -82
63 14 41
63 18 -16
63 29 56
63 32 -26
63 34 94
63 35 -96
63 37 14
63 43 59
63 56 58
63 68 24
63 70 -33
63 73 29
63 82 35
63 90 -4
63 93 -18
63 97 52
63 105 -52
63 108 41
63 109 -49
63 115 58
63 122 7
63 125 -64
63 129 48
63 142 39
63 144 14
64 5 29
64 9 21
64 20 57
64 24 -60
64 29 -68
64 32 86
64 34 24
64 39 -21
64 43 -69
64 52 -66
64 56 -82
64 62 23
64 64 -62
64 68 -90
64 70 -32
64 72 81
64 74 74
64 75 -61
64 77 -76
64 79 -41
64 80 33
64 85 40
64 88 62
64 94 1
64 97 79
64 104 -54
64 105 47
64 109 -36
64 110 2
64 119 42
64 124 -67
64 130 26
64 131 -70
64 137 -95
64 142 98
64 147 30
65 4 -63
65 6 91
65 11 33
65 16 -18
65 24 81
65 32 -91
65 33 70
65 49 81
65 51 -64
65 53 96
65 56 48
65 59 -15
65 62 35
65 63 -29
65 64 -55
65 69 61
65 71 -11
65 73 -88
65 75 100
65 81 30
65 82 -82
65 86 55
65 88 -43
65 101 11
65 102 47
65 109 -82
65 110 -87
65 113 88
65 115 43
65 117 26
65 119 -49
65 129 86
65 131 -20
65 133 -78
65 139 -53
65 142 -4
65 143 37
65 149 23
66 1 -99
66 2 80
66 3 -79
66 16 -95
66 18 -58
66 20 44
66 28 42
66 33 74
66 45 -22
66 56 93
66 57 49
66 58 -72
66 60 53
66 61 6
66 62 95
66 69 61
66 73 65
66 78 58
66 81 36
66 83 64
66 85 55
66 88 -32
66 93 12
66 100 -43
66 103 55
66 107 -56
66 109 -82
66 110 -20
66 112 -47
66 114 27
66 117 -57
66 119 -3
66 120 -27
66 131 -60
66 136 -34
66 138 65
66 141 63
66 145 70
66 147 36
67 6 18
67 12 -45
67 15 -28
67 24 81
67 30 -86
67 38 -54
67 41 86
67 46 -46
67 51 -8
67 59 64
67 64 -75
67 76 16
67 79 -10
67 82 -91
67 88 -88
67 90 48
67 95 -96
67 106 64
67 111 50
67 127 12
67 133 55
67 142 -9
67 148 -46
68 3 -63
68 4 38
68 7 16
68 11 -79
68 15 -40
68 19 35
68 25 18
68 32 30
68 40 71
68 45 94
68 53 -77
68 61 -86
68 62 87
68 63 -31
68 65 81
68 70 -25
68 72 -56
68 74 51
68 78 31
68 93 72
68 108 -62
68 115 35
68 119 84
68 120 60
68 122 -52
68 124 -69
68 127 69
68 130 -42
68 134 -84
68 136 97
68 144 -13
68 145 61
69 1 89
69 17 100
69 23 -49
69 30 22
69 43 -99
69 51 -52
69 67 -35
69 78 -82
69 82 -29
69 83 -11
69 88 -2
69 89 70
69 93 68
69 94 52
69 97 -92
69 101 -11
69 104 28
69 108 91
69 113 -13
69 115 51
69 122 -95
69 133 -21
69 147 -20
70 4 -46
70 5 -45
70 7 -68
70 14 -97
70 18 -78
70 26 21
70 31 21
70 63 76
70 67 30
70 72 -46
70 81 54
70 87 -3
70 92 -21
70 94 -18
70 96 -7
70 97 97
70 99 16
70 101 -76
70 110 -96
70 114 -67
70 116 -85
70 118 86
70 120 -61
70 123 66
70 126 38
70 130 -4
70 135 56
70 137 74
70 138 54
71 1 29
71 2 42
71 9 12
71 11 38
71 13 -80
71 17 58
71 26 -25
71 28 17
71 30 67
71 34 -37
71 35 -53
71 38 61
71 50 27
71 54 35
71 60 4
71 65 77
71 71 50
71 73 50
71 82 -22
71 87 -43
71 91 33
71 93 -59
71 94 -57
71 97 53
71 98 -6
71 99 77
71 106 -44
71 111 -71
71 112 -46
71 120 82
71 131 71
71 139 61
71 140 54
72 9 85
72 10 -2
72 11 39
72 13 26
72 15 85
72 19 50
72 24 -5
72 28 68
72 31 6
72 33 96
72 35 86
72 41 47
72 42 44
72 46 96
72 49 -25
72 52 25
72 53 -31
72 58 -4
72 59 14
72 68 -65
72 70 79
72 71 69
72 72 -75
72 73 -72
72 74 -89
72 83 -42
72 84 67
72 85 -17
72 89 -26
72 91 -52
72 105 13
72 108 98
72 109 29
72 115 19
72 135 97
72 142 10
72 143 98
72 149 -95
73 1 -93
73 2 62
73 5 -76
73 12 59
73 13 -12
73 14 -68
73 24 49
73 25 -3
73 35 -33
73 36 -12
73 37 -23
73 38 -40
73 40 -30
73 47 16
73 55 30
73 59 4
73 60 -69
73 61 68
73 63 -53
73 70 -78
73 71 -69
73 73 47
73 74 2
73 79 7
73 84 75
73 92 14
73 93 65
73 100 14
73 102 -78
73 112 79
73 120 -76
73 131 65
73 134 -72
73 135 -37
73 136 -31
74 5 -26
74 7 68
74 9 -23
74 10 -58
74 12 -16
74 13 26
74 14 78
74 18 -38
74 21 -17
74 25 -82
74 45 -2
74 48 -21
74 52 89
74 57 25
74 61 -6
74 62 -20
74 67 -33
74 70 -65
74 83 27
74 85 -22
74 86 97
74 93 -40
74 94 48
74 96 65
74 97 -43
74 108 45
74 112 -51
74 113 60
74 122 45
74 125 -32
74 135 -65
74 144 42
74 149 -27
75 9 -25
75 11 -99
75 13 30
75 24 -39
75 31 -82
75 32 -51
75 36 75
75 37 2
75 44 -15
75 48 89
75 56 -55
75 61 21
75 65 -65
75 76 -75
75 77 39
75 85 -25
75 96 -30
75 100 51
75 104 80
75 109 35
75 118 66
75 122 -56
75 124 97
75 127 -37
75 133 40
75 139 41
75 143 -31
76 3 -89
76 4 -81
76 13 -87
76 14 -53
76 19 7
76 24 -92
76 25 -67
76 26 -54
76 28 -75
76 30 6
76 34 -1
76 37 30
76 44 -44
76 48 -64
76 64 -89
76 69 84
76 70 -8
76 71 28
76 72 -91
76 73 78
76 79 -38
76 85 64
76 92 60
76 94 82
76 97 -99
76 99 -42
76 103 35
76 104 -84
76 105 3
76 110 93
76 111 96
76 121 50
76 123 -33
76 127 -48
76 130 37
76 134 81
76 140 -45
77 0 70
77 2 29
77 4 -35
77 5 -30
77 9 -10
77 12 83
77 14 -6
77 15 -13
77 24 3
77 27 12
77 32 28
77 45 6
77 46 -68
77 47 9
77 51 84
77 52 51
77 57 -90
77 60 29
77 64 -72
77 65 14
77 70 -84
77 71 -63
77 74 -46
77 89 68
77 91 48
77 96 -8
77 103 -14
77 104 -2
77 117 -80
77 118 20
77 119 -50
77 120 -85
77 122 -43
77 124 63
77 126 -12
77 129 -17
77 140 -50
77 142 46
78 4 6
78 12 81
78 14 12
78 15 23
78 19 76
78 24 12
78 26 78
78 27 -94
78 33 73
78 35 -39
78 37 30
78 42 -16
78 44 76
78 46 68
78 47 10
78 48 78
78 53 69
78 56 -46
78 58 26
78 60 17
78 61 1
78 62 -32
78 72 -45
78 75 -22
78 77 -71
78 81 65
78 82 -61
78 102 -65
78 105 45
78 106 14
78 107 -63
78 111 -98
78 121 -75
78 122 -76
78 139 -12
78 147 44
79 3 -70
79 4 20
79 6 29
79 11 22
79 14 -39
79 15 95
79 20 -8
79 24 100
79 29 -43
79 30 29
79 48 -89
79 60 62
79 64 71
79 65 -41
79 68 -36
79 69 -63
79 71 62
79 81 -21
79 85 -27
79 86 30
79 102 12
79 110 -23
79 111 -45
79 114 -35
79 118 -3
79 120 -54
79 131 -9
79 133 -79
79 139 34
79 140 100
79 141 23
79 142 86
79 148 -18
80 12 22
80 15 -48
80 29 -61
80 46 63
80 53 54
80 59 -80
80 60 -1
80 62 60
80 63 -70
80 64 -74
80 71 -13
80 77 7
80 80 -81
80 90 -95
80 95 -48
80 100 -36
80 104 50
80 107 42
80 110 -29
80 113 6
80 114 -46
80 120 94
80 127 82
80 144 9
81 5 -4
81 6 26
81 8 30
81 9 12
81 10 78
81 20 4
81 23 -4
81 25 -8
81 27 -68
81 28 -87
81 32 -30
81 33 -38
81 35 -59
81 37 11
81 40 -61
81 42 -94
81 50 22
81 51 12
81 52 -13
81 57 82
81 69 56
81 72 -4
81 82 62
81 84 68
81 87 -5
81 94 -92
81 95 -73
81 104 84
81 108 2
81 116 -85
81 118 68
81 126 49
81 129 97
81 132 -99
81 134 8
81 135 90
81 138 45
81 143 -23
81 149 -10
82 11 14
82 12 -41
82 19 -5
82 21 -74
82 36 -79
82 37 49
82 50 -2
82 57 82
82 58 53
82 63 -70
82 67 21
82 72 57
82 73 -35
82 76 -40
82 81 -41
82 82 77
82 89 88
82 91 -17
82 99 -55
82 106 -99
82 107 -42
82 111 -88
82 114 -33
82 116 47
82 120 -31
82 131 2
82 137 63
82 149 -71
83 8 -68
83 12 -65
83 13 -6
83 14 29
83 25 -83
83 32 -69
83 35 89
83 39 -16
83 40 -22
83 48 -36
83 51 88
83 54 42
83 59 80
83 68 14
83 79 80
83 81 40
83 82 -29
83 91 9
83 97 42
83 107 31
83 116 -17
83 126 -69
83 130 -74
83 131 37
83 141 -7
83 143 38
83 144 15
84 1 -18
84 7 42
84 12 53
84 13 66
84 20 98
84 26 28
84 28 -9
84 32 61
84 39 -23
84 41 -43
84 50 73
84 51 -93
84 56 -18
84 58 -99
84 64 28
84 78 1
84 83 50
84 84 -20
84 85 49
84 91 -33
84 100 -78
84 101 96
84 109 -53
84 111 40
84 112 63
84 113 54
84 115 73
84 118 56
84 126 -41
84 134 -16
84 138 -74
84 140 29
84 145 5
85 3 77
85 7 31
85 11 69
85 13 -59
85 18 14
85 21 24
85 23 -36
85 24 -26
85 27 61
85 31 6
85 34 10
85 41 6
85 46 -65
85 47 19
85 50 89
85 58 12
85 60 95
85 65 100
85 69 -47
85 71 62
85 74 -23
85 81 -18
85 82 62
85 88 -87
85 96 14
85 97 88
85 98 -51
85 102 47
85 107 -46
85 108 77
85 109 14
85 112 14
85 117 61
85 123 63
85 130 -14
85 134 -33
86 0 66
86 1 80
86 3 -20
86 11 -12
86 12 -51
86 13 -14
86 20 1
86 33 -84
86 35 -26
86 40 89
86 46 -65
86 72 15
86 75 -93
86 78 41
86 79 34
86 81 42
86 84 52
86 86 -33
86 94 55
86 105 -99
86 107 -11
86 113 -6
86 122 -38
86 123 -16
86 126 20
86 129 72
86 137 -84
86 142 91
86 143 38
86 145 3
86 146 63
87 0 54
87 4 42
87 7 -61
87 12 23
87 16 -71
87 27 -23
87 29 -27
87 30 -98
87 36 -82
87 37 -34
87 40 -27
87 49 82
87 50 39
87 53 -72
87 58 69
87 61 84
87 65 -85
87 70 -41
87 76 8
87 80 -88
87 86 -23
87 88 -87
87 96 -43
87 102 -22
87 104 -77
87 106 -27
87 107 -86
87 108 33
87 115 -28
87 116 70
87 129 -89
87 146 -22
88 1 47
88 3 -17
88 14 41
88 17 -72
88 21 -64
88 23 -97
88 30 6
88 37 79
88 52 14
88 53 -44
88 58 -40
88 65 59
88 74 69
88 75 99
88 84 -23
88 85 -71
88 86 29
88 90 20
88 92 -48
88 96 -81
88 103 -36
88 118 42
88 122 35
88 124 23
88 126 82
88 129 -43
88 133 36
88 134 94
88 136 14
88 143 81
88 149 -94
89 3 -41
89 5 22
89 6 66
89 10 4
89 12 -95
89 14 -31
89 19 52
89 27 -21
89 31 33
89 37 -78
89 50 38
89 51 41
89 52 -4
89 53 62
89 54 -65
89 55 -71
89 72 -80
89 78 -88
89 83 90
89 88 10
89 89 29
89 90 -78
89 91 74
89 92 -76
89 96 8
89 100 -56
89 101 12
89 106 2
89 113 69
89 114 14
89 118 -70
89 119 -29
89 121 26
89 128 -95
89 134 64
89 135 -59
89 148 -58
90 5 -1
90 9 -46
90 15 33
90 17 -25
90 23 -32
90 24 -12
90 29 40
90 47 15
90 48 -77
90 49 -41
90 54 -59
90 57 -71
90 59 34
90 64 -91
90 69 27
90 76 44
90 77 11
90 83 62
90 84 34
90 89 -60
90 90 -24
90 93 -17
90 94 98
90 95 -72
90 96 -63
90 99 -66
90 109 65
90 115 88
90 124 -10
90 137 -55
90 138 -18
90 145 32
91 6 -6
91 18 -8
91 24 -47
91 27 36
91 41 94
91 49 66
91 51 17
91 57 70
91 58 -60
91 60 -52
91 69 -27
91 74 -11
91 76 -46
91 80 27
91 84 -14
91 85 -31
91 92 -28
91 96 -65
91 98 -22
91 100 -61
91 103 -19
91 113 29
91 114 89
91 115 1
91 120 -81
91 121 70
91 122 82
91 123 -64
91 125 -50
91 130 -68
91 132 17
91 133 -66
91 138 48
91 141 -11
91 145 69
92 4 31
92 9 34
92 10 18
92 11 -44
92 14 9
92 17 92
92 28 72
92 33 -75
92 44 67
92 47 28
92 51 23
92 58 61
92 63 -87
92 64 -52
92 69 45
92 77 -74
92 78 25
92 80 -11
92 81 47
92 85 -31
92 87 85
92 89 44
92 91 -40
92 93 30
92 95 77
92 97 -46
92 102 -88
92 104 45
92 107 51
92 110 -45
92 124 -20
92 125 -33
92 128 69
92 129 -65
92 140 7
92 146 -14
93 0 8
93 1 57
93 4 56
93 16 17
93 17 -49
93 23 -38
93 26 58
93 33 -12
93 42 -90
93 47 31
93 56 -62
93 59 -35
93 60 85
93 66 14
93 67 84
93 75 -20
93 76 -84
93 79 -77
93 81 -97
93 95 44
93 97 -60
93 111 2
93 112 64
93 113 -16
93 116 -19
93 123 93
93 126 23
93 129 -86
93 138 -70
93 142 -55
93 147 -99
94 0 31
94 12 -12
94 15 -41
94 18 98
94 20 -95
94 23 -25
94 25 72
94 26 -79
94 34 6
94 48 94
94 49 27
94 51 -95
94 55 39
94 61 17
94 63 -63
94 64 22
94 69 96
94 72 25
94 81 -10
94 98 16
94 102 -98
94 103 62
94 108 -69
94 120 61
94 121 97
94 129 -59
94 137 -48
94 140 -34
94 143 81
94 146 14
94 147 -6
95 0 99
95 10 52
95 11 -74
95 13 79
95 14 -67
95 16 61
95 26 59
95 28 60
95 33 -40
95 39 -60
95 44 14
95 50 71
95 51 63
95 53 18
95 58 -62
95 63 -48
95 65 -39
95 71 -34
95 87 38
95 88 -61
95 91 4
95 95 -98
95 99 -67
95 103 50
95 105 -93
95 106 -59
95 107 -85
95 112 50
95 113 52
95 134 71
95 136 28
95 137 -11
95 147 -31
95 149 33
96 4 -55
96 5 -91
96 6 79
96 9 -40
96 11 -35
96 15 -97
96 24 90
96 29 -86
96 33 -38
96 37 28
96 39 93
96 41 22
96 45 -67
96 46 74
96 54 -19
96 55 -19
96 65 -6
96 69 -8
96 78 75
96 80 52
96 83 -60
96 87 66
96 93 -47
96 97 -24
96 98 -15
96 102 17
96 104 -47
96 106 -49
96 122 -7
96 131 68
96 133 -25
96 137 50
96 139 30
96 142 36
96 144 14
96 148 -48
97 1 -88
97 9 -51
97 20 43
97 24 47
97 29 -76
97 33 65
97 38 -42
97 45 37
97 67 -22
97 83 89
97 84 -38
97 85 41
97 87 -72
97 91 6
97 95 32
97 100 54
97 103 99
97 105 -14
97 115 -55
97 129 83
97 132 -26
97 137 61
97 139 -57
97 147 59
98 1 56
98 2 -81
98 3 -41
98 20 64
98 22 -4
98 23 -47
98 25 37
98 26 -83
98 33 -38
98 51 -94
98 57 97
98 62 -12
98 67 -51
98 70 -99
98 73 36
98 78 -14
98 79 -94
98 81 60
98 82 -47
98 83 45
98 93 -64
98 96 98
98 101 20
98 102 -34
98 107 -35
98 111 55
98 112 -39
98 113 83
98 115 -17
98 116 -39
98 120 -13
98 123 -13
98 126 100
98 129 54
98 131 49
98 134 -39
98 137 -90
98 143 6
98 147 -70
98 148 -2
99 0 49
99 4 -19
99 10 -26
99 13 -96
99 16 -58
99 17 87
99 18 67
99 26 95
99 28 29
99 33 87
99 36 -1
99 40 7
99 46 -27
99 48 75
99 55 -18
99 61 92
99 63 39
99 72 56
99 81 -21
99 82 -60
99 89 -51
99 99 -49
99 100 5
99 103 -50
99 107 94
99 109 81
99 111 -69
99 114 62
99 117 -15
99 121 -91
99 122 9
99 126 -83
99 128 16
99 131 -7
99 140 62
99 141 -71
100 5 -55
100 8 73
100 17 90
100 18 53
100 24 83
100 27 83
100 36 31
100 45 -33
100 48 19
100 52 37
100 54 5
100 63 68
100 65 45
100 67 -98
100 68 -43
100 71 71
100 73 -68
100 75 -22
100 77 45
100 82 32
100 84 18
100 85 -2
100 88 29
100 97 70
100 111 65
100 128 59
100 129 -59
100 130 -22
100 134 36
100 136 -34
100 140 97
100 141 58
100 146 -33
101 9 100
101 13 -21
101 14 -64
101 16 -33
101 19 6
101 25 20
101 28 80
101 31 -18
101 37 -53
101 43 79
101 44 -44
101 46 66
101 47 -37
101 49 98
101 50 -22
101 63 -62
101 64 94
101 69 -88
101 81 78
101 83 98
101 87 73
101 89 76
101 92 -31
101 94 -84
101 100 -5
101 102 92
101 104 -18
101 111 23
101 117 78
101 119 60
101 120 49
101 122 -98
101 125 26
101 132 6
101 133 9
101 148 45
102 15 -82
102 20 -23
102 24 60
102 29 21
102 30 -11
102 32 47
102 36 -27
102 37 21
102 50 33
102 56 27
102 60 10
102 63 72
102 66 -30
102 71 38
102 73 4
102 85 21
102 92 4
102 97 26
102 98 -100
102 110 -2
102 113 49
102 117 -30
102 118 21
102 123 -18
102 125 21
102 131 -39
102 137 -74
102 143 -75
102 147 100
102 149 10
103 2 -13
103 3 -92
103 10 3
103 15 9
103 24 57
103 25 -1
103 26 -100
103 33 -72
103 34 8
103 40 -18
103 42 -87
103 44 -54
103 46 -93
103 47 15
103 51 18
103 54 -75
103 56 8
103 73 32
103 74 2
103 77 44
103 79 94
103 87 59
103 93 13
103 97 -71
103 100 -79
103 104 48
103 108 -56
103 111 -88
103 114 20
103 120 -41
103 127 -75
103 129 95
103 130 -74
103 138 -67
103 142 -83
104 4 24
104 8 42
104 15 86
104 20 -52
104 21 56
104 22 -71
104 24 -54
104 42 32
104 45 37
104 51 -78
104 52 -73
104 61 37
104 63 24
104 79 29
104 81 19
104 84 54
104 86 2
104 88 -13
104 89 72
104 93 48
104 94 -58
104 104 -43
104 108 64
104 112 -15
104 121 -90
104 128 96
104 130 -35
104 133 33
104 139 -91
104 143 82
104 144 -1
104 147 47
105 2 -43
105 8 -37
105 14 15
105 27 98
105 31 11
105 34 -88
105 43 8
105 46 -87
105 48 -41
105 49 -15
105 52 -25
105 63 20
105 66 53
105 71 5
105 72 79
105 76 64
105 78 59
105 81 58
105 82 -52
105 85 1
105 93 33
105 94 15
105 97 -17
105 99 -21
105 105 12
105 111 79
105 123 -74
105 129 -50
105 135 -45
105 138 10
105 143 50
106 1 -21
106 3 86
106 19 -19
106 25 -28
106 30 -22
106 31 26
106 34 53
106 40 75
106 43 -26
106 44 32
106 56 -99
106 63 -26
106 79 -25
106 85 83
106 92 -47
106 103 60
106 104 93
106 107 -32
106 109 40
106 110 59
106 112 -83
106 119 93
106 123 78
106 129 69
106 135 -52
106 145 -76
106 147 -34
106 148 -12
107 2 82
107 13 -7
107 17 65
107 19 -48
107 28 -51
107 39 61
107 41 36
107 46 48
107 52 62
107 56 -32
107 60 21
107 66 -96
107 76 -26
107 77 -97
107 82 43
107 85 81
107 87 -70
107 91 -11
107 92 41
107 102 -28
107 106 69
107 108 32
107 123 62
107 124 18
107 127 -65
107 130 -91
107 139 33
107 142 -13
107 147 76
108 3 -63
108 8 -66
108 9 -93
108 11 11
108 13 -83
108 17 -9
108 18 91
108 23 -48
108 30 -34
108 41 28
108 48 74
108 55 32
108 57 16
108 58 -65
108 76 94
108 85 15
108 86 16
108 88 -62
108 90 6
108 91 54
108 94 -55
108 95 -33
108 104 100
108 112 -57
108 113 -98
108 114 49
108 117 27
108 121 -77
108 128 19
108 145 78
109 1 72
109 4 73
109 6 -86
109 8 -97
109 11 -28
109 12 71
109 13 -52
109 14 -18
109 24 44
109 31 -25
109 33 -42
109 37 -7
109 38 -28
109 41 98
109 46 -27
109 47 32
109 48 -81
109 50 87
109 51 -55
109 53 -40
109 55 -14
109 57 -87
109 64 -46
109 66 -65
109 68 93
109 69 -78
109 75 -68
109 77 -3
109 83 -3
109 85 61
109 87 73
109 93 -9
109 104 12
109 113 -82
109 114 -64
109 115 -8
109 118 -36
109 119 84
109 129 77
109 147 7
110 0 66
110 2 21
110 8 86
110 12 -45
110 19 90
110 22 -3
110 30 90
110 33 -78
110 34 -90
110 35 1
110 40 41
110 50 -82
110 54 96
110 58 70
110 63 -46
110 64 -12
110 71 -25
110 72 52
110 83 20
110 84 11
110 92 75
110 93 50
110 94 -98
110 102 48
110 109 -38
110 112 19
110 116 83
110 130 -77
110 139 -10
110 149 -48
111 0 -58
111 3 95
111 10 -69
111 12 -65
111 19 9
111 28 -54
111 34 83
111 38 6
111 41 -37
111 45 -80
111 51 69
111 59 -72
111 60 -36
111 63 -96
111 68 -82
111 69 51
111 71 44
111 77 -44
111 82 -54
111 83 -8
111 86 -88
111 90 68
111 91 89
111 93 -18
111 94 -9
111 98 -12
111 100 -65
111 104 -23
111 108 -81
111 110 -7
111 114 -65
111 118 -96
111 122 95
111 130 31
111 134 23
111 144 -12
111 149 -36
112 0 -58
112 2 82
112 7 -27
112 11 74
112 16 -37
112 18 84
112 21 34
112 22 -78
112 31 88
112 33 -3
112 34 52
112 36 84
112 40 -6
112 43 -83
112 48 2
112 49 -83
112 52 31
112 58 -71
112 64 80
112 67 -34
112 69 92
112 72 -95
112 87 37
112 88 -96
112 96 98
112 106 -55
112 116 87
112 120 -1
112 121 -69
112 123 38
112 125 22
112 126 49
112 132 68
112 135 66
112 136 -27
112 143 -67
112 144 91
112 146 5
113 3 -89
113 6 5
113 7 26
113 10 32
113 11 85
113 27 66
113 28 67
113 31 91
113 35 14
113 37 1
113 40 44
113 41 26
113 44 -61
113 67 19
113 73 -72
113 77 94
113 81 34
113 83 -28
113 84 56
113 86 -44
113 89 72
113 94 -8
113 95 -96
113 97 70
113 102 75
113 103 92
113 105 15
113 112 80
113 121 48
113 124 -68
113 128 66
113 133 90
113 136 -40
114 0 18
114 6 -79
114 11 63
114 14 32
114 16 -89
114 17 -76
114 18 61
114 19 73
114 21 10
114 24 24
114 27 6
114 32 -71
114 35 -85
114 37 -74
114 40 48
114 57 4
114 59 -97
114 66 60
114 70 68
114 74 -37
114 75 -50
114 80 -80
114 81 67
114 82 -72
114 86 85
114 88 -10
114 98 -51
114 107 30
114 111 -40
114 116 -7
114 119 50
114 126 -35
115 4 -31
115 9 -37
115 11 -28
115 17 73
115 24 -20
115 34 -42
115 35 -86
115 38 45
115 40 -66
115 48 -36
115 49 -45
115 51 66
115 54 44
115 63 -85
115 66 -11
115 76 -93
115 82 -58
115 87 82
115 91 37
115 95 82
115 97 -80
115 106 -55
115 110 100
115 115 -26
115 116 45
115 120 7
115 123 28
115 129 -21
115 134 15
115 136 7
115 139 6
115 144 -29
115 145 87
115 149 48
116 0 -28
116 5 89
116 9 14
116 10 -90
116 12 86
116 18 68
116 21 71
116 26 -96
116 34 -51
116 35 7
116 44 22
116 46 29
116 48 -30
116 49 -90
116 51 26
116 64 84
116 74 -9
116 82 -47
116 102 -47
116 104 -23
116 107 81
116 112 80
116 117 -11
116 123 15
116 130 21
116 139 66
116 143 39
116 144 -23
116 147 75
117 4 39
117 10 79
117 16 44
117 17 40
117 20 -24
117 35 81
117 36 60
117 38 -9
117 43 -76
117 50 -94
117 53 -85
117 57 -85
117 64 -72
117 74 23
117 87 -35
117 88 -58
117 93 86
117 99 -67
117 104 -41
117 105 -59
117 107 50
117 108 -15
117 109 19
117 111 23
117 113 -82
117 116 22
117 118 9
117 123 20
117 127 -44
117 129 -82
117 132 -28
117 133 93
117 143 49
117 145 42
117 147 -89
117 149 -33
118 11 -28
118 17 31
118 20 4
118 24 56
118 31 99
118 37 53
118 38 -90
118 44 -50
118 45 -68
118 53 -97
118 60 -61
118 61 -83
118 62 23
118 69 -22
118 73 -69
118 82 74
118 85 49
118 86 26
118 88 19
118 92 8
118 105 78
118 107 7
118 115 46
118 122 -78
118 124 100
118 126 96
118 128 29
118 129 -98
118 130 -85
118 133 6
118 142 22
118 147 45
119 3 -19
119 7 -82
119 11 29
119 18 -32
119 37 8
119 40 12
119 47 53
119 52 -4
119 59 -8
119 71 41
119 77 -72
119 88 9
119 89 11
119 92 -4
119 100 -62
119 102 -66
119 109 -55
119 113 19
119 114 52
119 120 69
119 122 -22
119 124 76
119 126 96
119 129 -65
119 130 34
119 135 -43
119 139 -39
119 148 91
120 0 -45
120 12 14
120 14 13
120 17 -33
120 21 -15
120 29 -75
120 36 -9
120 37 15
120 39 7
120 43 -62
120 48 -100
120 57 58
120 61 -20
120 68 -92
120 69 6
120 77 84
120 80 -25
120 84 8
120 98 72
120 100 61
120 108 -2
120 111 -66
120 112 -50
120 113 53
120 115 83
120 125 7
120 134 -58
120 139 2
120 140 -56
120 143 -36
120 149 -83
121 1 -48
121 24 77
121 26 80
121 38 -9
121 39 -85
121 43 37
121 44 -72
121 46 -1
121 53 96
121 54 44
121 61 63
121 70 -53
121 71 100
121 73 -1
121 75 54
121 81 21
121 86 -93
121 87 71
121 91 48
121 92 -90
121 109 -91
121 110 10
121 111 38
121 115 28
121 120 5
121 125 91
121 127 -62
121 140 9
121 143 85
121 144 24
121 145 42
121 147 33
122 2 -32
122 10 38
122 12 2
122 18 -100
122 19 -31
122 23 90
122 36 10
122 41 -73
122 46 45
122 48 68
122 53 65
122 61 95
122 70 96
122 72 6
122 74 -44
122 84 -4
122 97 61
122 106 53
122 109 87
122 115 98
122 117 -93
122 124 93
122 130 -40
122 146 56
123 5 -77
123 13 -97
123 19 -61
123 21 -5
123 29 -55
123 30 78
123 32 -37
123 38 -14
123 43 84
123 44 -85
123 48 68
123 55 -15
123 58 -18
123 69 -55
123 78 66
123 84 15
123 90 93
123 93 33
123 94 60
123 96 -10
123 110 -42
123 116 90
123 117 -15
123 123 -90
123 131 56
123 140 40
123 148 78
124 8 -60
124 15 59
124 19 -4
124 21 -7
124 29 100
124 35 -48
124 36 -94
124 49 88
124 57 -80
124 63 91
124 71 21
124 79 50
124 80 -32
124 82 98
124 86 -62
124 107 96
124 111 53
124 114 70
124 123 -38
124 127 -82
124 132 -29
124 133 84
124 137 -48
124 141 -84
124 142 35
124 145 -17
124 147 -56
124 148 36
124 149 -20
125 7 -30
125 8 27
125 11 53
125 12 -50
125 28 59
125 34 -96
125 37 -25
125 42 51
125 44 19
125 45 75
125 50 -88
125 53 -16
125 57 -7
125 58 -9
125 59 -87
125 75 -58
125 77 8
125 85 -92
125 86 -15
125 97 23
125 100 41
125 106 -70
125 115 89
125 116 -84
125 124 6
125 126 -96
125 128 90
125 136 73
125 140 -38
126 2 80
126 3 -51
126 12 38
126 14 -24
126 17 86
126 19 -60
126 25 41
126 29 34
126 30 68
126 43 -58
126 45 11
126 49 76
126 59 94
126 61 81
126 73 90
126 74 16
126 76 -19
126 79 74
126 85 -62
126 92 20
126 95 71
126 97 80
126 99 -56
126 102 -63
126 103 7
126 104 14
126 109 7
126 113 39
126 116 59
126 125 -61
126 128 63
126 136 -56
126 138 -100
126 141 -22
126 149 54
127 0 -28
127 2 62
127 11 65
127 15 37
127 16 47
127 26 -28
127 31 -73
127 33 95
127 37 25
127 41 23
127 42 -30
127 48 -83
127 52 30
127 66 -67
127 72 -90
127 78 -90
127 84 52
127 86 -6
127 88 -8
127 90 -12
127 91 -24
127 94 66
127 95 93
127 97 1
127 102 -72
127 103 -5
127 106 21
127 108 -55
127 116 -83
127 123 -54
127 124 71
127 125 3
127 127 -3
127 129 5
127 130 66
127 142 8
127 143 -12
127 144 23
127 148 -95
127 149 -27
128 1 5
128 2 -32
128 3 -92
128 5 98
128 7 85
128 15 -96
128 18 -17
128 19 14
128 21 -56
128 27 65
128 28 24
128 33 78
128 34 81
128 38 56
128 46 6
128 51 100
128 55 -9
128 58 -3
128 74 -46
128 75 98
128 76 -70
128 79 -21
128 84 70
128 85 -77
128 90 22
128 95 49
128 98 94
128 100 -20
128 105 -87
128 107 -60
128 113 -18
128 122 38
128 130 96
128 133 20
128 136 -75
129 1 84
129 2 28
129 5 99
129 17 56
129 19 68
129 21 -100
129 23 68
129 25 -30
129 28 -23
129 33 56
129 45 19
129 47 48
129 48 95
129 51 89
129 55 -39
129 60 37
129 61 -5
129 62 35
129 63 -48
129 70 -90
129 73 -30
129 76 38
129 77 66
129 78 -95
129 79 -80
129 92 -46
129 93 -98
129 95 -74
129 97 89
129 105 52
129 108 59
129 109 83
129 118 -93
129 120 83
129 122 -86
129 133 -42
129 134 -6
129 149 -100
130 4 87
130 7 73
130 11 -79
130 13 -69
130 15 -45
130 20 -73
130 29 87
130 31 -46
130 36 -98
130 37 -30
130 39 -81
130 46 -71
130 50 -87
130 54 -19
130 57 -66
130 60 -16
130 62 -59
130 70 -49
130 73 21
130 74 90
130 77 -37
130 79 55
130 80 19
130 81 74
130 86 -99
130 89 -30
130 90 13
130 93 58
130 103 -30
130 113 -80
130 114 46
130 118 -56
130 127 -12
130 137 -43
130 141 80
131 1 -81
131 3 100
131 5 -42
131 9 15
131 11 -10
131 19 85
131 37 -29
131 50 -86
131 56 -31
131 58 87
131 62 55
131 63 -7
131 84 -94
131 91 -17
131 95 98
131 98 -50
131 108 48
131 111 -83
131 118 82
131 120 -4
131 127 -94
131 129 -85
131 142 55
131 143 -88
131 144 -18
131 147 60
131 148 66
132 0 -60
132 7 56
132 28 4
132 30 95
132 36 23
132 37 -77
132 46 23
132 59 71
132 60 58
132 61 -78
132 62 -14
132 63 -86
132 65 -80
132 76 -59
132 79 35
132 80 45
132 83 -34
132 86 -46
132 90 -69
132 94 97
132 96 -38
132 98 -53
132 100 25
132 101 -60
132 107 64
132 115 8
132 116 3
132 117 -82
132 118 11
132 119 -60
132 131 99
132 136 -61
132 144 58
132 145 -15
133 0 79
133 1 29
133 4 -69
133 6 46
133 8 -28
133 10 56
133 20 47
133 23 95
133 31 -22
133 33 -55
133 37 24
133 41 -45
133 42 93
133 43 -87
133 44 81
133 45 -96
133 46 -36
133 53 7
133 55 15
133 56 -19
133 64 -76
133 67 93
133 71 -53
133 74 80
133 79 -38
133 81 -39
133 84 -30
133 94 -4
133 95 -66
133 103 39
133 111 36
133 120 -58
133 123 -92
133 124 -85
133 128 -32
133 132 -87
133 133 23
133 143 39
133 146 -100
133 147 -17
134 2 68
134 19 -8
134 22 100
134 25 -40
134 27 -3
134 42 86
134 45 -24
134 47 62
134 67 -86
134 68 -59
134 69 -71
134 80 21
134 85 60
134 90 87
134 92 -20
134 98 50
134 101 89
134 103 2
134 108 -13
134 109 86
134 110 84
134 113 91
134 115 28
134 117 25
134 125 -67
134 126 -57
134 132 65
134 135 -5
134 140 45
134 141 -59
134 143 71
134 147 -58
135 0 -54
135 4 58
135 12 -17
135 26 96
135 30 95
135 45 -33
135 48 93
135 49 73
135 51 -87
135 57 25
135 63 99
135 71 -47
135 72 -68
135 76 26
135 79 -92
135 82 55
135 85 17
135 89 -43
135 93 74
135 94 54
135 97 37
135 99 -87
135 103 69
135 105 -42
135 107 87
135 111 46
135 116 -35
135 120 -13
135 124 41
135 137 70
135 140 57
135 148 63
136 9 -56
136 12 -52
136 14 91
136 22 -69
136 28 60
136 30 76
136 34 83
136 37 52
136 57 74
136 58 -60
136 60 -97
136 63 -78
136 67 44
136 69 -96
136 71 -49
136 82 -76
136 90 55
136 93 -33
136 96 -15
136 97 -99
136 107 55
136 114 -36
136 115 -9
136 126 -22
136 127 3
136 134 3
136 136 58
136 137 -65
136 145 -42
136 146 6
137 2 -30
137 9 -85
137 10 5
137 12 -33
137 15 100
137 29 -27
137 30 28
137 37 31
137 40 -24
137 47 -77
137 54 68
137 59 -95
137 63 -46
137 64 -65
137 68 -37
137 69 -91
137 72 -82
137 73 -32
137 77 -13
137 78 -45
137 81 -18
137 82 -70
137 90 3
137 94 95
137 101 -70
137 106 -58
137 107 66
137 110 -2
137 112 -74
137 115 -39
137 117 80
137 126 -52
137 128 -63
137 131 81
137 132 -51
137 138 57
137 146 -36
137 147 -64
137 149 -68
138 1 89
138 5 61
138 9 27
138 11 55
138 23 -13
138 24 31
138 27 55
138 28 -76
138 37 64
138 42 88
138 43 -24
138 48 -1
138 50 -53
138 51 -26
138 54 -77
138 56 -90
138 60 -97
138 66 -54
138 70 -93
138 80 -15
138 85 40
138 93 -43
138 95 -60
138 103 -51
138 106 -91
138 107 -32
138 112 26
138 116 77
138 119 -23
138 120 48
138 125 60
138 127 -66
138 128 37
138 134 12
138 147 -62
138 148 51
139 0 -33
139 6 -22
139 8 -8
139 18 35
139 20 -48
139 35 4
139 42 36
139 44 52
139 46 69
139 51 12
139 56 12
139 57 -63
139 61 70
139 64 17
139 65 -6
139 66 21
139 68 87
139 69 23
139 71 -89
139 74 96
139 76 7
139 81 87
139 87 -97
139 88 -30
139 92 -92
139 94 33
139 106 38
139 107 29
139 115 13
139 119 -60
139 135 -68
139 142 -29
140 1 38
140 4 -100
140 8 -61
140 9 -81
140 18 86
140 30 87
140 32 70
140 33 -19
140 36 65
140 37 47
140 41 100
140 48 73
140 50 -39
140 51 82
140 52 4
140 54 24
140 59 -63
140 63 -86
140 75 -35
140 78 -76
140 82 -19
140 87 -5
140 92 30
140 111 16
140 113 5
140 116 27
140 122 -43
140 124 -100
140 125 -73
140 130 56
140 131 -100
140 137 -78
140 141 51
140 145 89
140 147 41
141 5 81
141 9 -13
141 10 -48
141 12 -31
141 13 93
141 15 98
141 21 -85
141 23 25
141 29 -27
141 32 -42
141 36 -39
141 39 -24
141 45 -48
141 46 56
141 51 -14
141 53 -62
141 58 73
141 59 4
141 60 -76
141 67 -17
141 75 -48
141 79 58
141 84 -76
141 89 32
141 92 -62
141 97 -9
141 100 -75
141 103 98
141 120 -68
141 131 90
141 134 100
141 135 -58
141 139 7
141 142 79
141 146 -78
142 2 -100
142 5 41
142 15 46
142 18 -98
142 32 73
142 42 -80
142 44 -94
142 46 19
142 47 -79
142 50 -60
142 53 -8
142 54 -11
142 57 67
142 64 -44
142 68 88
142 69 -98
142 70 -96
142 72 13
142 73 -83
142 78 -93
142 96 37
142 101 13
142 102 33
142 103 -76
142 105 62
142 107 50
142 108 -93
142 113 86
142 118 -83
142 120 69
142 124 -44
142 128 74
142 136 27
142 142 90
142 147 -40
142 148 77
142 149 39
143 12 -59
143 14 51
143 20 -94
143 21 31
143 24 -27
143 27 44
143 33 -40
143 36 94
143 37 -52
143 45 78
143 53 -2
143 54 -22
143 55 40
143 57 17
143 62 -64
143 65 -9
143 66 71
143 69 69
143 71 -87
143 74 50
143 97 91
143 106 -10
143 110 -1
143 112 49
143 117 -15
143 120 44
143 121 66
143 124 15
143 128 -7
143 135 -96
143 136 -37
143 138 67
143 140 -64
143 142 26
143 146 -100
143 147 -87
144 0 6
144 4 58
144 9 40
144 16 -82
144 26 -4
144 27 -96
144 28 72
144 30 -21
144 38 -81
144 40 -21
144 42 -58
144 45 9
144 53 -78
144 54 -95
144 60 -61
144 61 -80
144 62 -31
144 66 -84
144 82 -70
144 85 76
144 87 -79
144 88 17
144 91 -46
144 94 -55
144 96 23
144 110 -71
144 111 72
144 113 6
144 115 -96
144 120 52
144 124 16
144 128 -99
144 136 -11
144 141 -46
144 142 -71
144 143 72
144 144 -15
144 147 12
145 7 27
145 11 70
145 16 11
145 17 76
145 20 -7
145 21 64
145 29 60
145 35 -52
145 46 -46
145 60 -28
145 65 50
145 75 -65
145 76 -21
145 81 98
145 85 48
145 98 99
145 100 -65
145 102 -12
145 103 -5
145 112 -32
145 122 -80
145 123 -15
145 130 -55
145 132 -94
145 134 -19
145 138 79
145 141 -100
145 143 -27
146 1 -30
146 4 -80
146 13 -22
146 15 22
146 19 91
146 20 -14
146 22 -30
146 24 -1
146 25 1
146 27 -57
146 32 -25
146 35 86
146 36 -30
146 38 -31
146 45 -29
146 50 -92
146 55 91
146 57 96
146 63 -95
146 64 65
146 70 12
146 71 83
146 78 -22
146 81 -94
146 97 83
146 98 -60
146 104 85
146 106 -59
146 111 52
146 119 37
146 120 -32
146 124 -81
146 126 11
146 130 -32
146 131 86
146 134 12
146 138 -9
146 139 -29
146 142 -65
146 149 2
147 0 -17
147 6 -82
147 7 18
147 10 75
147 11 -56
147 15 3
147 18 1
147 21 24
147 30 37
147 40 -52
147 41 58
147 48 -4
147 53 20
147 56 6
147 59 35
147 61 -36
147 63 -35
147 70 -53
147 71 -30
147 75 -99
147 77 -62
147 82 71
147 93 20
147 94 21
147 98 -48
147 108 92
147 111 69
147 116 69
147 123 36
147 124 -35
147 125 -98
147 133 22
147 134 -70
147 135 77
147 139 46
147 140 44
147 141 4
147 143 -45
147 149 -90
148 5 -48
148 6 93
148 7 26
148 12 -61
148 13 -28
148 17 -50
148 20 -56
148 25 -100
148 31 82
148 37 -42
148 44 52
148 45 41
148 50 -47
148 56 -50
148 77 51
148 87 72
148 93 -31
148 96 -37
148 104 -18
148 108 61
148 109 -41
148 113 -86
148 115 -82
148 123 -4
148 124 -6
148 125 82
148 126 76
148 129 65
148 130 -80
148 143 -53
148 148 -6
149 0 -61
149 7 -64
149 8 35
149 18 -28
149 19 68
149 22 -18
149 27 66
149 34 1
149 39 -91
149 41 -85
149 45 -49
149 57 42
149 65 -29
149 70 -53
149 71 34
149 73 41
149 74 -14
149 75 81
149 78 8
149 80 24
149 84 -54
149 89 21
149 92 93
149 93 -78
149 94 -21
149 102 6
149 103 19
149 122 59
149 126 92
149 130 6
149 133 89
149 139 70
149 140 1
149 149 -6