0 0 -86
0 1 12
0 5 49
0 7 5
0 9 -46
0 11 -49
0 13 -81
0 15 -10
0 16 97
0 19 55
0 21 -72
0 24 6
0 26 -1
0 28 -11
0 29 -51
0 30 -27
0 31 36
0 34 75
0 35 48
0 37 43
0 38 42
0 41 -21
0 46 -20
0 47 28
0 48 -75
0 49 -51
0 51 66
0 54 -86
0 55 75
0 56 -46
0 57 41
0 58 49
0 59 -24
0 61 -55
0 63 55
0 64 -57
0 68 -2
0 72 -91
0 73 -44
0 79 84
0 86 -81
0 90 -98
0 96 -55
0 100 26
0 102 -87
0 103 -67
0 105 42
0 107 -46
0 108 52
0 110 68
0 111 85
0 112 73
0 114 93
0 116 -30
0 117 78
0 121 69
0 122 -63
0 125 70
0 128 21
0 130 24
0 134 36
0 136 -75
0 138 86
0 139 74
0 141 75
0 144 -34
0 148 97
1 0 74
1 1 20
1 3 -42
1 4 -25
1 5 -71
1 6 -99
1 7 -37
1 11 83
1 12 -31
1 15 75
1 16 -68
1 21 -99
1 26 -37
1 27 24
1 29 91
1 30 63
1 31 -20
1 32 98
1 35 43
1 39 -93
1 40 -34
1 41 47
1 44 96
1 46 90
1 49 93
1 52 20
1 53 -86
1 54 -45
1 55 -24
1 56 -23
1 59 -17
1 64 30
1 66 73
1 68 12
1 69 57
1 70 89
1 71 67
1 77 -57
1 79 -50
1 84 19
1 85 87
1 86 -77
1 89 46
1 91 -32
1 92 -6
1 94 46
1 95 -77
1 96 -70
1 98 66
1 100 16
1 101 76
1 103 -47
1 108 -85
1 112 -34
1 114 -34
1 115 8
1 117 -6
1 120 -9
1 121 79
1 122 -41
1 125 -74
1 128 39
1 129 86
1 130 73
1 131 -89
1 135 85
1 136 65
1 138 -88
1 139 98
1 140 -41
1 141 -81
1 142 21
1 143 -84
1 145 98
1 148 -53
2 1 31
2 2 33
2 5 -97
2 6 -64
2 7 34
2 11 39
2 13 85
2 15 100
2 19 20
2 20 56
2 23 -75
2 25 95
2 27 -76
2 28 -8
2 29 -45
2 30 -50
2 31 -93
2 32 1
2 36 -36
2 38 -13
2 39 -97
2 43 22
2 44 -8
2 45 -20
2 47 -33
2 48 1
2 49 -31
2 50 -64
2 53 -17
2 54 5
2 55 -99
2 57 -96
2 58 -15
2 63 49
2 64 9
2 65 50
2 66 87
2 67 50
2 69 58
2 71 95
2 72 -92
2 74 -68
2 75 85
2 76 -62
2 77 -96
2 79 93
2 80 -84
2 82 -38
2 84 9
2 89 -65
2 92 50
2 95 67
2 96 -77
2 97 -41
2 98 -67
2 100 -82
2 101 9
2 107 3
2 111 34
2 112 -77
2 114 -88
2 117 -95
2 119 -16
2 120 47
2 122 -14
2 124 -28
2 125 -5
2 126 20
2 128 -45
2 130 83
2 132 -39
2 133 -34
2 134 -27
2 135 74
2 138 -51
2 139 56
2 140 -32
2 141 -53
2 145 58
2 149 -98
3 1 53
3 2 -59
3 3 -79
3 7 -84
3 11 -66
3 13 88
3 14 92
3 17 39
3 18 -58
3 20 68
3 27 94
3 32 57
3 36 82
3 37 -78
3 41 -56
3 53 -73
3 55 34
3 56 -81
3 58 -54
3 59 -90
3 61 44
3 62 -97
3 63 -79
3 71 -60
3 72 67
3 74 -97
3 75 94
3 77 -57
3 82 74
3 84 -95
3 87 -72
3 89 15
3 90 98
3 91 85
3 93 -72
3 98 70
3 101 -100
3 104 53
3 108 -75
3 109 -53
3 110 67
3 118 90
3 119 41
3 121 -21
3 122 19
3 124 58
3 125 -78
3 128 35
3 129 -81
3 133 38
3 134 -16
3 136 79
3 137 -49
3 142 -49
3 144 30
3 148 82
3 149 28
4 1 -29
4 2 -29
4 3 -25
4 4 -89
4 8 52
4 9 -100
4 10 24
4 11 25
4 15 -72
4 17 85
4 19 13
4 21 -22
4 23 19
4 24 46
4 25 -89
4 26 28
4 27 -23
4 28 27
4 31 50
4 34 63
4 36 13
4 37 -52
4 39 -91
4 42 -6
4 43 -33
4 46 51
4 47 60
4 52 55
4 66 14
4 71 51
4 73 16
4 74 96
4 75 -81
4 76 89
4 79 -13
4 83 -71
4 85 5
4 89 52
4 90 11
4 91 50
4 95 47
4 97 80
4 98 -41
4 99 79
4 100 -19
4 103 16
4 108 86
4 111 56
4 112 11
4 114 -37
4 117 -44
4 118 68
4 120 60
4 121 54
4 122 -94
4 123 30
4 124 -24
4 127 -73
4 128 52
4 129 -69
4 131 7
4 132 16
4 133 46
4 134 22
4 135 -34
4 137 -31
4 139 -75
4 140 -76
4 144 -64
4 148 41
5 0 5
5 1 -27
5 3 70
5 5 -77
5 6 39
5 7 -81
5 10 74
5 11 54
5 12 91
5 14 -12
5 15 -17
5 16 40
5 17 -91
5 22 17
5 26 -90
5 29 1
5 30 29
5 33 -30
5 34 -10
5 38 -63
5 39 -2
5 40 -30
5 41 64
5 42 -22
5 43 -62
5 45 -6
5 47 -96
5 48 -89
5 49 -7
5 50 -59
5 52 -67
5 53 -53
5 57 10
5 59 47
5 61 13
5 63 76
5 69 28
5 71 55
5 72 2
5 73 -52
5 75 -24
5 76 -43
5 77 -79
5 82 23
5 83 50
5 84 -49
5 86 100
5 88 -79
5 90 -92
5 92 -81
5 94 -48
5 97 -84
5 99 48
5 101 -98
5 103 73
5 104 -85
5 106 -9
5 107 27
5 109 48
5 111 -67
5 112 37
5 117 53
5 120 -16
5 121 13
5 126 41
5 129 -55
5 132 72
5 136 -16
5 139 -39
5 140 -62
5 141 94
5 143 10
5 144 21
5 146 20
5 147 6
6 1 -1
6 6 22
6 9 -65
6 10 -39
6 11 53
6 13 -45
6 14 -26
6 15 -13
6 18 -14
6 20 1
6 21 30
6 23 -82
6 24 87
6 27 -23
6 29 -41
6 30 74
6 31 42
6 33 10
6 36 87
6 38 -53
6 41 6
6 42 -41
6 43 6
6 46 10
6 49 -96
6 51 -59
6 52 58
6 54 -42
6 56 -15
6 57 32
6 61 -100
6 62 -75
6 69 56
6 71 37
6 72 94
6 75 63
6 78 27
6 82 -74
6 83 -59
6 85 -61
6 86 -50
6 88 -67
6 90 97
6 92 42
6 94 -20
6 96 -40
6 97 -48
6 98 -68
6 99 50
6 101 84
6 103 -47
6 105 74
6 107 50
6 108 -41
6 111 31
6 112 40
6 114 24
6 116 48
6 118 38
6 119 -83
6 125 -18
6 126 -22
6 129 -50
6 133 41
6 139 21
6 140 43
6 148 -14
6 149 -81
7 4 47
7 8 -55
7 9 34
7 11 -6
7 12 -68
7 14 64
7 16 -61
7 17 -70
7 18 25
7 19 -2
7 22 59
7 24 -81
7 30 -99
7 31 15
7 33 65
7 34 26
7 35 17
7 36 -4
7 37 -54
7 38 -51
7 39 45
7 41 45
7 43 -84
7 44 53
7 46 -62
7 49 97
7 51 81
7 54 31
7 55 61
7 59 -15
7 60 -89
7 64 -65
7 66 -52
7 68 39
7 73 21
7 75 99
7 80 -69
7 82 9
7 83 -78
7 84 19
7 88 -35
7 89 35
7 90 -27
7 95 -18
7 96 -99
7 101 37
7 103 98
7 107 57
7 109 -99
7 110 11
7 111 83
7 114 -40
7 115 30
7 125 33
7 126 -68
7 127 -51
7 128 -80
7 129 -43
7 130 2
7 131 -45
7 132 77
7 134 -81
7 138 -93
7 140 -5
7 141 99
7 144 89
7 146 31
7 148 43
7 149 -79
8 0 -29
8 4 67
8 5 -52
8 6 20
8 8 -72
8 13 -46
8 16 73
8 17 76
8 20 -15
8 21 -21
8 23 88
8 25 -30
8 26 -83
8 29 -16
8 31 48
8 32 1
8 33 11
8 36 55
8 37 1
8 39 -17
8 42 -16
8 43 60
8 44 67
8 46 44
8 48 -5
8 51 31
8 52 -54
8 53 -66
8 56 45
8 59 96
8 62 44
8 63 77
8 66 64
8 67 -13
8 68 50
8 69 -97
8 72 -32
8 74 46
8 76 -91
8 78 12
8 79 90
8 80 29
8 82 -47
8 84 71
8 86 55
8 87 44
8 89 91
8 90 15
8 92 -7
8 94 88
8 95 -59
8 98 -13
8 102 -90
8 103 31
8 105 -96
8 107 -99
8 109 24
8 110 76
8 113 -70
8 116 -16
8 117 -55
8 118 17
8 120 42
8 122 8
8 125 63
8 126 -71
8 131 40
8 132 -25
8 133 13
8 134 -78
8 136 -38
8 141 -38
8 142 -24
8 144 46
8 147 -39
9 0 56
9 10 20
9 11 -88
9 16 65
9 18 32
9 20 -43
9 21 36
9 22 71
9 23 66
9 25 -13
9 29 -58
9 31 -81
9 33 80
9 43 -36
9 45 65
9 47 -93
9 49 -37
9 50 -26
9 51 87
9 52 55
9 54 -79
9 58 56
9 59 71
9 60 -94
9 62 36
9 63 -46
9 66 -97
9 67 43
9 68 -42
9 70 58
9 75 11
9 77 -42
9 78 19
9 80 -52
9 82 84
9 84 -67
9 92 24
9 93 4
9 94 79
9 97 57
9 103 -24
9 105 60
9 107 -12
9 110 76
9 118 -66
9 119 72
9 120 15
9 121 24
9 123 -78
9 127 -88
9 129 -59
9 130 -5
9 135 -27
9 136 -65
9 138 35
9 140 18
9 141 3
9 144 -70
9 145 -64
9 147 -4
9 148 -90
10 0 38
10 2 -73
10 3 -2
10 4 -61
10 7 24
10 8 8
10 14 68
10 28 -94
10 32 22
10 34 94
10 35 82
10 37 -71
10 38 -63
10 39 36
10 40 95
10 41 63
10 42 90
10 43 40
10 45 90
10 46 -46
10 49 21
10 52 -14
10 53 -57
10 54 22
10 57 -95
10 58 34
10 59 -48
10 61 -80
10 62 -45
10 67 10
10 71 11
10 72 -66
10 73 32
10 74 55
10 77 98
10 78 9
10 79 -13
10 83 -12
10 84 -93
10 85 -75
10 87 -5
10 89 -58
10 90 -15
10 91 53
10 92 78
10 93 -45
10 96 -61
10 101 -100
10 102 52
10 103 69
10 105 -88
10 107 -5
10 108 -9
10 110 38
10 111 4
10 112 -88
10 117 -9
10 118 -76
10 119 24
10 122 74
10 123 26
10 128 43
10 136 -46
10 139 -49
10 140 76
10 143 -29
10 144 98
10 145 96
10 146 -64
10 147 15
10 148 -50
11 0 43
11 3 -17
11 7 -98
11 8 37
11 10 80
11 12 -34
11 17 -36
11 19 -60
11 22 90
11 26 58
11 29 -26
11 30 -69
11 31 40
11 33 84
11 38 35
11 41 29
11 45 3
11 50 43
11 54 -87
11 62 -73
11 64 29
11 65 -58
11 68 36
11 73 -57
11 74 -47
11 75 79
11 84 70
11 85 73
11 89 -93
11 91 -20
11 93 79
11 95 -28
11 96 -46
11 97 94
11 98 -27
11 99 71
11 101 -33
11 102 85
11 104 -47
11 106 -85
11 111 24
11 114 86
11 115 45
11 122 -18
11 123 93
11 125 63
11 139 -67
11 140 -51
11 144 -66
11 147 -54
11 148 43
12 1 19
12 3 84
12 4 23
12 5 -100
12 6 -64
12 7 69
12 13 85
12 14 92
12 21 -32
12 24 58
12 27 7
12 28 65
12 35 -39
12 36 -42
12 37 -29
12 39 11
12 41 38
12 44 -13
12 45 -31
12 47 -4
12 51 39
12 52 64
12 53 -81
12 54 -39
12 55 -58
12 59 -6
12 63 -89
12 67 -37
12 68 40
12 69 6
12 71 87
12 77 57
12 78 64
12 80 -80
12 83 -95
12 84 6
12 87 -96
12 88 -92
12 91 -7
12 93 29
12 94 -15
12 97 -78
12 98 80
12 99 -83
12 101 -81
12 104 89
12 106 -72
12 109 73
12 113 -20
12 115 -46
12 117 27
12 119 -50
12 122 86
12 124 -36
12 129 80
12 131 56
12 133 -8
12 135 -71
12 136 -16
12 141 -36
12 142 100
12 144 64
12 147 47
12 149 62
13 0 21
13 1 75
13 3 100
13 8 50
13 9 58
13 11 10
13 12 13
13 13 46
13 14 64
13 15 76
13 21 -13
13 23 -94
13 30 -76
13 31 -92
13 35 80
13 36 -9
13 37 7
13 39 -78
13 43 36
13 44 80
13 45 -16
13 46 -100
13 47 -98
13 48 -45
13 49 54
13 51 67
13 52 6
13 54 52
13 56 85
13 58 -87
13 61 -45
13 62 4
13 64 87
13 65 72
13 66 29
13 68 24
13 71 85
13 78 -33
13 80 59
13 81 -92
13 83 63
13 84 -15
13 88 -15
13 91 94
13 94 51
13 95 38
13 98 15
13 99 10
13 100 79
13 109 26
13 112 60
13 114 46
13 117 25
13 121 -44
13 129 -62
13 130 79
13 131 -92
13 139 -92
13 142 100
13 144 -14
13 145 -3
13 147 30
13 148 -50
14 2 -39
14 5 -44
14 8 -24
14 9 -8
14 10 17
14 11 -23
14 12 47
14 14 -21
14 15 -1
14 17 87
14 21 41
14 22 -30
14 23 34
14 24 39
14 25 44
14 31 100
14 32 50
14 33 -68
14 37 92
14 39 -90
14 41 88
14 42 80
14 44 -76
14 46 -72
14 48 82
14 49 15
14 50 -87
14 51 46
14 56 -38
14 58 32
14 59 -46
14 60 -54
14 61 -74
14 62 83
14 68 -84
14 69 -46
14 72 -97
14 73 71
14 76 -25
14 78 27
14 79 -69
14 80 16
14 81 -51
14 83 78
14 84 63
14 85 -55
14 88 -61
14 89 -53
14 90 65
14 91 -99
14 96 -25
14 98 98
14 99 -88
14 102 50
14 104 -81
14 105 -80
14 110 39
14 114 -25
14 115 -11
14 121 81
14 123 -13
14 124 35
14 125 80
14 129 -19
14 130 98
14 131 14
14 132 -79
14 134 21
14 135 -67
14 136 -96
14 139 -21
14 140 22
14 141 88
14 145 36
14 146 -48
14 148 64
15 0 -76
15 2 92
15 3 -45
15 4 -60
15 7 -84
15 8 75
15 11 -30
15 14 -43
15 17 67
15 18 65
15 20 23
15 24 91
15 25 -33
15 29 -4
15 30 21
15 31 14
15 32 -39
15 36 81
15 37 81
15 40 -4
15 41 -25
15 42 -81
15 43 -80
15 45 85
15 46 84
15 47 -71
15 50 32
15 52 -68
15 54 -35
15 58 7
15 60 -10
15 63 -3
15 67 -3
15 68 -96
15 69 81
15 73 -17
15 74 86
15 76 -4
15 79 24
15 81 65
15 82 -1
15 83 98
15 84 -23
15 85 -58
15 86 -94
15 91 -9
15 92 1
15 93 -86
15 94 -29
15 97 59
15 98 35
15 101 -63
15 102 6
15 103 70
15 104 72
15 111 46
15 113 29
15 114 -41
15 116 1
15 127 -20
15 128 4
15 129 16
15 137 -98
15 146 38
15 147 -86
16 0 76
16 1 -29
16 2 -43
16 5 32
16 7 -78
16 8 -68
16 12 -53
16 14 -55
16 16 -64
16 20 68
16 27 17
16 28 -30
16 31 77
16 32 -27
16 36 46
16 40 -37
16 41 45
16 44 62
16 50 -62
16 52 -20
16 55 44
16 56 13
16 57 50
16 58 49
16 59 93
16 62 -55
16 63 14
16 65 79
16 67 45
16 69 48
16 70 -32
16 72 42
16 78 68
16 82 70
16 85 5
16 87 89
16 88 44
16 95 -98
16 97 -96
16 99 -97
16 103 -80
16 105 11
16 108 -81
16 109 82
16 112 7
16 114 -34
16 115 -8
16 116 -67
16 119 -53
16 120 -1
16 122 43
16 124 43
16 125 59
16 128 -1
16 130 38
16 132 -94
16 133 17
16 135 84
16 136 51
16 140 -14
16 141 51
16 144 53
16 145 13
16 149 17
17 2 -91
17 4 91
17 7 2
17 8 29
17 9 8
17 10 -27
17 11 -52
17 13 44
17 16 96
17 18 -26
17 19 -76
17 20 24
17 22 -37
17 25 87
17 27 -14
17 28 20
17 29 -27
17 30 -89
17 35 35
17 37 7
17 38 13
17 39 55
17 40 -53
17 41 -68
17 46 -64
17 50 96
17 51 6
17 59 96
17 61 7
17 62 43
17 67 -40
17 68 67
17 69 -5
17 70 -55
17 71 -42
17 72 -31
17 73 -29
17 78 -31
17 80 -33
17 83 -46
17 85 14
17 88 34
17 91 -80
17 92 -53
17 94 66
17 96 -8
17 100 -3
17 101 7
17 107 11
17 114 30
17 119 -99
17 123 -27
17 124 -100
17 132 -98
17 134 5
17 135 -99
17 140 -28
17 144 -23
17 148 -89
17 149 82
18 0 -31
18 1 -55
18 3 -18
18 8 -11
18 9 95
18 10 61
18 11 -19
18 12 -15
18 13 48
18 14 -35
18 16 -92
18 17 29
18 19 86
18 23 -74
18 24 -60
18 26 -62
18 27 68
18 29 16
18 32 75
18 34 -7
18 35 -89
18 36 -17
18 37 -47
18 38 -2
18 39 40
18 40 4
18 41 16
18 43 -81
18 45 65
18 46 -29
18 47 46
18 50 -63
18 56 38
18 57 25
18 59 20
18 61 -23
18 64 99
18 68 -30
18 71 24
18 74 8
18 76 -64
18 82 16
18 83 -25
18 84 100
18 85 79
18 86 -9
18 87 7
18 88 -55
18 89 -34
18 90 18
18 92 -84
18 95 81
18 97 39
18 99 -4
18 101 -67
18 102 44
18 103 18
18 104 28
18 108 39
18 110 -78
18 112 18
18 113 -5
18 114 69
18 116 -39
18 118 -80
18 119 -26
18 121 42
18 123 -15
18 124 -99
18 127 45
18 128 -50
18 130 13
18 133 -48
18 134 44
18 137 55
18 138 12
18 140 -46
18 146 -2
18 147 48
18 148 52
18 149 41
19 1 -19
19 3 5
19 8 -82
19 9 44
19 10 -75
19 12 -9
19 16 23
19 17 12
19 20 34
19 21 -5
19 24 86
19 32 -27
19 33 -40
19 34 -48
19 36 8
19 41 59
19 46 -96
19 50 -92
19 51 17
19 52 -12
19 57 -27
19 60 -33
19 61 66
19 63 48
19 65 16
19 66 97
19 69 -8
19 74 -81
19 77 52
19 79 20
19 81 -32
19 82 93
19 83 -32
19 85 40
19 87 -70
19 88 -6
19 91 -99
19 92 -43
19 93 -53
19 94 -57
19 95 95
19 98 11
19 102 99
19 105 6
19 107 -47
19 109 -81
19 114 -67
19 116 44
19 121 -96
19 122 -42
19 124 -62
19 125 21
19 128 -51
19 130 -23
19 134 -14
19 135 -27
19 136 2
19 137 -27
19 140 -79
19 141 92
19 143 35
19 145 -73
19 146 4
20 2 3
20 3 85
20 5 65
20 6 91
20 7 69
20 8 68
20 10 65
20 20 4
20 21 35
20 23 63
20 25 39
20 26 -41
20 27 -67
20 29 21
20 34 71
20 36 62
20 39 33
20 41 -50
20 42 -69
20 43 -65
20 44 -77
20 45 -77
20 47 -57
20 49 -16
20 53 -34
20 54 95
20 56 10
20 59 -48
20 64 -3
20 68 100
20 69 76
20 71 -4
20 72 -21
20 74 -60
20 75 90
20 76 66
20 77 97
20 79 -60
20 82 79
20 84 -51
20 85 20
20 86 45
20 87 -23
20 92 62
20 93 92
20 94 -62
20 96 8
20 99 -20
20 100 -66
20 102 -60
20 103 91
20 108 -71
20 110 65
20 114 39
20 116 -75
20 117 -61
20 118 -14
20 120 -24
20 122 -35
20 126 -88
20 128 65
20 130 -15
20 131 65
20 132 -7
20 137 -24
20 140 -49
20 142 80
20 149 -1
21 0 5
21 1 -11
21 2 -34
21 3 -39
21 7 72
21 8 -90
21 9 -62
21 13 -16
21 14 83
21 16 26
21 18 76
21 19 -23
21 23 39
21 24 -74
21 25 -44
21 26 66
21 27 65
21 31 92
21 35 -52
21 36 -2
21 37 40
21 38 98
21 42 -56
21 44 63
21 45 -30
21 49 -75
21 53 -64
21 54 -6
21 60 -66
21 61 -16
21 65 -97
21 66 38
21 67 100
21 71 3
21 73 4
21 85 26
21 89 -5
21 90 69
21 93 90
21 102 78
21 105 -67
21 107 42
21 109 3
21 111 -47
21 115 -1
21 116 71
21 117 -81
21 118 66
21 119 27
21 122 -48
21 123 21
21 125 2
21 129 -90
21 130 86
21 131 84
21 132 -97
21 134 -66
21 135 38
21 142 32
21 143 60
21 146 -70
21 149 49
22 0 93
22 8 97
22 12 58
22 14 10
22 15 49
22 19 42
22 21 39
22 23 39
22 26 63
22 34 57
22 37 -43
22 38 4
22 41 62
22 46 5
22 47 -78
22 49 13
22 51 -25
22 53 97
22 54 31
22 58 -45
22 60 -61
22 63 55
22 64 -65
22 71 -74
22 74 -81
22 77 85
22 80 20
22 81 -78
22 83 69
22 86 36
22 91 75
22 94 -99
22 98 -72
22 99 -36
22 102 32
22 104 7
22 110 37
22 116 -50
22 118 -9
22 123 -99
22 124 -19
22 125 84
22 126 -79
22 127 35
22 130 47
22 131 42
22 132 3
22 133 -97
22 134 33
22 136 -8
22 138 -16
22 141 -26
22 142 -50
22 143 -28
22 144 -36
22 147 50
22 149 52
23 0 -16
23 5 -13
23 7 -19
23 8 -32
23 10 91
23 12 37
23 13 -71
23 14 -46
23 15 -18
23 16 -26
23 19 16
23 23 56
23 24 -5
23 29 -55
23 30 -81
23 31 -42
23 32 -7
23 33 -79
23 34 29
23 35 -37
23 36 -55
23 38 38
23 40 -42
23 45 -73
23 48 36
23 50 -10
23 51 -68
23 54 -76
23 55 -31
23 63 31
23 64 77
23 68 6
23 70 -52
23 71 79
23 72 20
23 73 14
23 75 -97
23 78 48
23 80 -16
23 81 -5
23 82 -65
23 83 -45
23 84 28
23 86 47
23 91 37
23 92 -19
23 93 -11
23 94 17
23 95 -86
23 99 -22
23 103 5
23 109 45
23 110 -15
23 114 76
23 121 39
23 123 -25
23 125 -40
23 126 70
23 127 10
23 132 57
23 137 27
23 138 -21
23 144 72
23 145 67
23 146 -41
24 0 -88
24 1 78
24 4 -20
24 6 24
24 8 -44
24 12 93
24 13 -74
24 14 37
24 21 42
24 23 46
24 24 -66
24 25 -9
24 27 -27
24 28 -40
24 33 -76
24 34 77
24 38 74
24 39 84
24 41 50
24 42 -16
24 43 14
24 46 89
24 47 62
24 48 -62
24 49 84
24 50 13
24 56 94
24 61 20
24 62 85
24 64 11
24 66 -52
24 73 -74
24 74 -35
24 76 24
24 77 -62
24 78 -22
24 83 -39
24 86 -26
24 92 -42
24 96 36
24 100 -12
24 101 63
24 105 88
24 106 21
24 114 94
24 117 -58
24 118 17
24 119 83
24 121 57
24 123 -92
24 125 75
24 127 59
24 131 -86
24 134 -98
24 135 88
24 138 29
24 139 -38
24 140 -16
24 141 90
24 142 48
24 143 73
25 2 99
25 3 67
25 4 -83
25 6 49
25 7 75
25 8 -24
25 11 72
25 13 51
25 14 -16
25 17 91
25 20 63
25 23 -38
25 24 -89
25 27 -40
25 30 -23
25 33 48
25 34 32
25 38 -100
25 39 89
25 41 -5
25 43 44
25 44 27
25 50 34
25 52 93
25 60 3
25 62 -62
25 63 59
25 70 -11
25 71 -100
25 73 16
25 76 -5
25 77 -32
25 79 15
25 80 -24
25 82 66
25 83 95
25 86 71
25 87 -26
25 90 -30
25 91 -83
25 92 81
25 96 43
25 99 -88
25 102 26
25 103 -71
25 110 -22
25 111 14
25 112 65
25 114 30
25 121 -79
25 122 88
25 123 -100
25 124 68
25 126 17
25 128 100
25 129 62
25 133 32
25 134 -31
25 138 -90
25 140 -67
25 141 59
25 142 -25
25 143 82
25 144 19
26 1 4
26 2 16
26 5 20
26 6 12
26 7 27
26 12 97
26 14 58
26 15 83
26 16 34
26 17 16
26 18 -36
26 19 13
26 21 -92
26 22 -13
26 24 41
26 25 36
26 30 11
26 32 28
26 33 40
26 34 -52
26 36 -17
26 37 41
26 38 92
26 44 99
26 45 -31
26 47 -90
26 49 76
26 53 -60
26 54 -11
26 55 -81
26 57 -43
26 61 -87
26 68 32
26 70 11
26 71 -40
26 72 40
26 73 1
26 76 -16
26 80 -95
26 81 -4
26 82 -55
26 83 -84
26 87 -74
26 91 -83
26 96 -81
26 102 -63
26 108 12
26 110 -9
26 114 -77
26 116 -91
26 119 61
26 127 -96
26 129 56
26 134 -63
26 135 87
26 136 52
26 137 69
26 138 -26
26 139 36
26 140 -18
26 141 -32
26 142 -39
26 143 17
27 0 15
27 1 -76
27 2 -40
27 3 -16
27 4 -70
27 5 -90
27 6 -34
27 9 11
27 10 68
27 12 79
27 15 -100
27 17 45
27 19 78
27 20 65
27 21 -18
27 23 -74
27 25 93
27 28 -65
27 31 28
27 32 -82
27 35 -69
27 37 -94
27 39 -5
27 43 -1
27 47 -53
27 52 -49
27 53 80
27 56 28
27 57 -52
27 58 -49
27 59 55
27 60 49
27 62 -90
27 63 29
27 64 -70
27 65 -75
27 67 -54
27 69 24
27 70 88
27 81 13
27 82 -74
27 85 -86
27 88 -95
27 90 76
27 92 -55
27 94 5
27 97 -36
27 98 -28
27 99 58
27 101 -50
27 102 -32
27 104 92
27 105 70
27 107 -35
27 109 15
27 110 -84
27 112 78
27 113 -32
27 116 15
27 117 53
27 120 -1
27 122 99
27 123 6
27 125 -83
27 127 36
27 131 -6
27 132 -49
27 135 -66
27 136 -96
27 140 -5
27 142 -98
27 144 82
27 145 4
27 146 -12
27 147 -13
27 149 -26
28 2 65
28 9 -71
28 10 84
28 16 9
28 19 51
28 20 -67
28 23 -41
28 27 -52
28 28 11
28 29 -94
28 30 -98
28 33 -34
28 36 -82
28 37 -87
28 41 -3
28 44 -73
28 46 59
28 47 24
28 50 -81
28 54 -5
28 55 -27
28 60 44
28 61 -74
28 63 80
28 64 39
28 65 -90
28 66 -96
28 67 -81
28 68 -15
28 69 90
28 72 84
28 76 52
28 78 -55
28 80 46
28 81 -74
28 82 18
28 84 13
28 86 -23
28 90 -53
28 91 -87
28 94 -47
28 96 -84
28 97 89
28 98 -17
28 105 81
28 106 -9
28 108 -92
28 110 -81
28 114 -67
28 116 88
28 117 12
28 121 -42
28 122 42
28 123 82
28 125 70
28 126 78
28 128 34
28 129 -68
28 131 -19
28 132 28
28 134 38
28 144 9
28 145 -18
28 146 66
28 147 -67
28 148 -93
29 0 -30
29 1 31
29 2 31
29 3 99
29 8 49
29 9 -68
29 13 -77
29 14 -25
29 15 -37
29 16 -40
29 17 99
29 20 -88
29 21 -88
29 22 25
29 23 27
29 25 20
29 26 78
29 27 46
29 31 -77
29 32 96
29 33 82
29 34 45
29 35 -52
29 37 20
29 38 -80
29 39 -12
29 40 -63
29 43 14
29 47 -22
29 49 25
29 53 -9
29 58 -70
29 59 -2
29 60 43
29 68 50
29 69 -19
29 70 95
29 73 -29
29 74 -38
29 75 -30
29 77 77
29 80 -44
29 81 -80
29 83 -79
29 87 -60
29 90 9
29 92 -58
29 97 65
29 99 97
29 101 -83
29 104 19
29 107 -13
29 110 -9
29 111 -56
29 114 38
29 115 -16
29 116 -90
29 117 47
29 118 29
29 119 31
29 124 47
29 126 85
29 128 64
29 129 53
29 132 52
29 133 -78
29 134 55
29 135 -75
29 139 18
29 142 -38
29 144 62
29 148 -36
30 0 -46
30 2 -91
30 5 -52
30 7 5
30 11 96
30 12 38
30 13 44
30 14 37
30 18 -46
30 19 -63
30 21 -97
30 27 68
30 30 -84
30 32 -37
30 36 -11
30 37 48
30 41 -22
30 43 82
30 46 100
30 58 93
30 60 -14
30 63 -29
30 65 45
30 68 85
30 70 -26
30 73 97
30 77 5
30 81 -35
30 83 -83
30 85 61
30 86 -38
30 87 -2
30 90 -30
30 91 4
30 92 69
30 93 92
30 96 -56
30 97 -10
30 99 67
30 100 41
30 101 32
30 104 -4
30 105 76
30 111 -26
30 112 31
30 113 -81
30 114 21
30 117 35
30 118 34
30 121 -60
30 123 52
30 126 47
30 127 89
30 131 -83
30 132 -18
30 134 86
30 135 -80
30 136 -24
30 137 -33
30 140 -30
30 141 53
30 142 -16
30 143 -53
30 145 -64
30 147 -10
31 1 5
31 2 85
31 8 -74
31 10 100
31 11 -65
31 13 28
31 14 -98
31 18 -27
31 26 46
31 30 -12
31 31 49
31 37 91
31 40 -81
31 42 -86
31 43 -35
31 44 20
31 46 -12
31 47 -48
31 49 -29
31 51 77
31 54 -75
31 56 57
31 58 10
31 61 -65
31 67 -27
31 68 86
31 72 68
31 74 -45
31 77 -65
31 80 53
31 81 -25
31 83 19
31 87 56
31 90 7
31 92 -37
31 98 -24
31 99 -40
31 100 -74
31 101 -6
31 102 74
31 103 -7
31 105 -1
31 106 -68
31 107 -74
31 110 78
31 111 -9
31 112 -80
31 114 31
31 115 -58
31 117 -100
31 119 -12
31 121 35
31 123 -68
31 125 40
31 126 -98
31 128 18
31 129 -86
31 133 54
31 134 -79
31 135 51
31 142 -81
31 147 -61
31 149 18
32 0 -79
32 4 79
32 5 78
32 8 3
32 10 34
32 11 -88
32 12 -33
32 13 55
32 16 -72
32 17 81
32 18 98
32 20 60
32 23 69
32 25 -29
32 26 -60
32 27 46
32 32 78
32 34 -91
32 39 -21
32 41 -80
32 42 -10
32 43 -67
32 45 53
32 46 -32
32 47 -13
32 48 -2
32 52 34
32 53 -8
32 54 100
32 55 -11
32 62 36
32 65 -36
32 66 -65
32 67 -71
32 68 -70
32 71 -31
32 72 -9
32 73 -5
32 74 -54
32 75 -33
32 78 43
32 79 -79
32 82 -62
32 83 100
32 84 45
32 86 -61
32 91 50
32 92 3
32 93 39
32 100 -98
32 101 96
32 105 96
32 109 -47
32 110 20
32 111 69
32 113 91
32 116 33
32 118 24
32 122 -76
32 125 -49
32 126 -59
32 127 34
32 129 93
32 132 -43
32 138 65
32 140 87
32 143 -63
32 144 93
32 145 81
32 147 85
33 0 80
33 2 -95
33 6 -15
33 14 31
33 15 71
33 17 -94
33 18 -67
33 19 44
33 23 -34
33 29 77
33 31 63
33 33 -25
33 35 -35
33 37 -70
33 39 -12
33 40 53
33 41 72
33 44 -100
33 46 -72
33 47 -39
33 50 -56
33 52 82
33 54 -31
33 57 82
33 61 -54
33 62 -34
33 63 -25
33 64 45
33 65 -89
33 66 -94
33 69 42
33 71 -28
33 75 -9
33 77 79
33 78 50
33 80 60
33 83 -10
33 85 -45
33 86 -41
33 87 55
33 88 -2
33 89 80
33 92 42
33 93 97
33 94 47
33 96 -8
33 97 -7
33 99 -92
33 100 12
33 101 13
33 105 -32
33 109 65
33 111 31
33 115 -2
33 116 -25
33 117 -93
33 119 -79
33 121 10
33 122 -54
33 123 13
33 125 36
33 128 -12
33 129 21
33 130 -75
33 131 85
33 134 -22
33 135 23
33 137 -61
33 138 92
33 141 66
33 142 -49
33 144 98
33 146 -72
33 147 -83
33 148 -59
34 0 77
34 1 61
34 2 98
34 4 -66
34 5 59
34 6 64
34 7 -51
34 11 100
34 13 -83
34 15 25
34 16 -41
34 17 -9
34 18 6
34 19 50
34 20 76
34 22 -72
34 24 -6
34 26 -14
34 29 56
34 30 1
34 37 14
34 41 -14
34 42 36
34 43 -10
34 47 6
34 48 -97
34 49 79
34 50 -11
34 51 52
34 52 78
34 54 -31
34 57 -35
34 58 32
34 63 -99
34 67 -5
34 69 80
34 70 -81
34 71 -34
34 79 -53
34 80 -64
34 82 -97
34 86 -62
34 88 72
34 89 44
34 92 1
34 93 6
34 100 66
34 102 20
34 103 -63
34 106 -91
34 107 -75
34 114 -65
34 116 77
34 117 -76
34 118 -15
34 122 8
34 123 -26
34 126 -7
34 130 -20
34 132 -49
34 135 73
34 137 94
34 138 -5
34 142 8
34 146 -1
34 147 97
34 148 73
35 0 79
35 2 50
35 8 75
35 10 68
35 15 -69
35 16 4
35 20 81
35 21 47
35 26 83
35 27 -10
35 28 35
35 29 -11
35 31 69
35 32 -55
35 33 -78
35 34 13
35 36 -95
35 38 -30
35 39 -67
35 43 43
35 47 54
35 48 86
35 51 39
35 53 21
35 57 9
35 63 -21
35 66 -13
35 71 -31
35 72 98
35 73 99
35 75 -86
35 78 27
35 79 29
35 86 78
35 87 -2
35 90 -60
35 91 90
35 96 -100
35 98 65
35 102 64
35 104 -2
35 105 36
35 107 19
35 112 56
35 115 50
35 116 35
35 117 2
35 118 65
35 119 88
35 120 90
35 126 68
35 127 -82
35 132 20
35 135 -22
35 137 -79
35 138 -2
35 140 84
35 145 -86
35 149 -84
36 3 95
36 4 77
36 7 -12
36 8 10
36 12 -18
36 18 -88
36 21 23
36 22 -15
36 28 -1
36 31 -89
36 33 -47
36 35 35
36 36 15
36 38 -46
36 39 -2
36 41 47
36 42 -7
36 45 -93
36 49 18
36 53 -85
36 61 -52
36 64 8
36 67 16
36 68 -63
36 70 46
36 73 -2
36 76 -56
36 79 -51
36 81 -5
36 83 -3
36 86 -4
36 89 57
36 92 95
36 93 42
36 97 99
36 98 90
36 99 -97
36 103 -74
36 108 47
36 112 50
36 113 -36
36 114 39
36 115 100
36 116 -73
36 117 -84
36 120 -51
36 122 95
36 124 -42
36 125 85
36 133 32
36 136 73
36 138 -50
36 139 8
36 140 96
36 146 89
36 147 -68
36 148 -28
37 0 -52
37 3 95
37 4 -97
37 6 56
37 7 -18
37 8 35
37 10 72
37 13 49
37 14 -6
37 16 -9
37 19 -38
37 20 90
37 21 -100
37 24 22
37 29 -8
37 30 -9
37 34 -57
37 36 12
37 38 -75
37 41 70
37 42 -78
37 43 -47
37 45 -48
37 47 24
37 48 25
37 49 -13
37 50 4
37 51 9
37 54 -54
37 55 -23
37 56 40
37 58 64
37 59 -54
37 60 83
37 61 37
37 62 33
37 64 -9
37 66 38
37 68 17
37 73 -96
37 77 51
37 86 -2
37 88 -60
37 89 -37
37 92 -49
37 95 91
37 97 89
37 101 -48
37 102 68
37 103 -35
37 111 7
37 112 -18
37 115 3
37 118 -17
37 120 -31
37 124 25
37 128 -19
37 129 2
37 130 -42
37 132 13
37 133 -14
37 134 -34
37 137 -79
37 139 90
37 140 -9
37 141 83
37 142 -41
37 143 -88
37 148 32
37 149 65
38 0 -30
38 2 -29
38 6 -51
38 8 68
38 9 -88
38 11 -2
38 19 -86
38 20 30
38 21 -75
38 23 49
38 24 -57
38 25 -80
38 27 18
38 30 63
38 31 77
38 32 -91
38 34 93
38 35 -69
38 36 -73
38 40 27
38 41 35
38 42 -67
38 44 -13
38 45 19
38 47 -16
38 48 2
38 50 -65
38 55 38
38 56 9
38 58 -2
38 60 -60
38 61 -24
38 62 -61
38 63 68
38 65 66
38 66 -14
38 67 81
38 70 -85
38 71 33
38 73 84
38 76 21
38 79 -39
38 81 -51
38 82 71
38 83 -6
38 87 49
38 88 -78
38 89 -25
38 93 -43
38 100 -31
38 101 -71
38 104 -98
38 105 24
38 108 86
38 112 -10
38 113 55
38 115 -94
38 118 12
38 121 -80
38 125 96
38 126 -79
38 128 -24
38 129 -95
38 137 -96
38 138 3
38 139 -70
38 140 39
38 141 68
38 143 -93
38 144 78
38 145 61
38 147 -85
38 149 78
39 3 -74
39 8 -6
39 11 68
39 13 72
39 15 -3
39 17 85
39 18 -5
39 19 96
39 20 -53
39 22 -82
39 25 -52
39 26 7
39 29 62
39 30 -83
39 34 -5
39 36 -55
39 38 -34
39 39 16
39 40 -93
39 42 19
39 43 -70
39 45 -89
39 46 54
39 48 13
39 50 -98
39 53 -70
39 55 -31
39 57 6
39 60 -56
39 61 60
39 62 -46
39 63 37
39 65 -16
39 66 24
39 68 -69
39 72 -100
39 73 72
39 75 -5
39 76 -66
39 81 -4
39 87 9
39 88 83
39 89 -12
39 91 -50
39 93 84
39 94 79
39 96 89
39 99 -1
39 100 -37
39 103 -49
39 104 -83
39 105 -71
39 106 93
39 108 -6
39 109 -93
39 111 70
39 112 83
39 114 17
39 120 -65
39 121 41
39 122 91
39 125 -24
39 127 72
39 131 73
39 132 19
39 140 -1
39 142 40
39 146 96
40 0 49
40 1 -13
40 2 66
40 3 -93
40 6 -98
40 8 -58
40 9 -51
40 10 25
40 11 92
40 15 78
40 20 78
40 22 88
40 23 -50
40 26 -64
40 29 -48
40 30 -53
40 31 -25
40 37 9
40 38 97
40 43 15
40 44 -80
40 47 -92
40 48 43
40 49 55
40 50 -70
40 53 39
40 54 -59
40 55 -85
40 56 -53
40 57 -59
40 58 -30
40 60 65
40 61 -55
40 63 -92
40 64 42
40 65 91
40 66 -21
40 70 66
40 71 67
40 74 19
40 75 38
40 77 -70
40 79 27
40 83 30
40 85 85
40 93 -12
40 94 -51
40 96 -70
40 99 -42
40 101 68
40 102 -91
40 103 -53
40 104 41
40 109 -30
40 112 50
40 113 -89
40 114 -88
40 117 -20
40 118 69
40 120 -58
40 121 -58
40 123 -12
40 124 64
40 140 78
40 142 -44
40 143 39
40 144 78
40 149 -74
41 0 21
41 2 -25
41 4 35
41 6 -57
41 9 33
41 10 -12
41 20 78
41 21 -28
41 22 -52
41 24 100
41 28 40
41 29 -87
41 31 29
41 32 86
41 34 -78
41 35 16
41 36 -69
41 37 -61
41 39 44
41 41 21
41 42 49
41 45 -40
41 46 -6
41 49 72
41 50 -92
41 53 -5
41 54 -36
41 55 35
41 56 61
41 57 38
41 58 -7
41 60 -91
41 62 -96
41 63 67
41 65 -32
41 66 -71
41 68 -10
41 71 -33
41 76 -95
41 78 -84
41 80 -76
41 81 41
41 82 87
41 83 -51
41 86 -3
41 87 99
41 90 -64
41 92 91
41 93 80
41 95 -45
41 97 -8
41 99 -2
41 100 -65
41 103 -43
41 105 -33
41 106 71
41 108 -84
41 109 21
41 110 -47
41 111 -3
41 114 52
41 123 32
41 125 26
41 132 43
41 134 -65
41 135 -63
41 136 78
41 140 -49
41 141 2
41 143 68
41 145 36
41 146 66
41 147 -26
42 3 -79
42 6 12
42 8 -25
42 10 -17
42 14 92
42 21 20
42 27 -86
42 31 83
42 32 -84
42 34 92
42 36 -92
42 40 -55
42 43 -39
42 44 22
42 45 -83
42 46 7
42 49 -32
42 50 99
42 52 37
42 56 49
42 57 -97
42 58 26
42 59 24
42 60 78
42 61 97
42 62 -32
42 63 48
42 64 -51
42 65 -49
42 66 73
42 71 -44
42 72 -7
42 73 65
42 75 -9
42 77 94
42 87 -8
42 97 98
42 99 16
42 101 -62
42 102 85
42 109 -54
42 110 -19
42 111 75
42 114 -45
42 120 -77
42 123 -56
42 125 -9
42 128 -71
42 132 84
42 135 93
42 137 94
42 141 5
42 142 -89
42 143 -76
42 144 94
42 147 67
42 148 71
42 149 8
43 0 -58
43 3 -32
43 6 -61
43 9 97
43 10 -96
43 11 -77
43 12 18
43 14 81
43 16 80
43 17 77
43 18 56
43 22 33
43 24 -8
43 25 31
43 26 -15
43 27 93
43 28 86
43 29 38
43 33 52
43 35 -4
43 36 69
43 39 -76
43 42 65
43 43 18
43 45 -83
43 47 -61
43 49 -37
43 52 -42
43 53 68
43 54 31
43 59 80
43 64 -82
43 65 72
43 66 51
43 67 -59
43 69 100
43 71 28
43 72 -98
43 73 -59
43 74 7
43 77 -8
43 79 14
43 80 -13
43 82 -100
43 84 -65
43 86 32
43 88 58
43 91 -29
43 92 96
43 94 -35
43 97 -22
43 98 -39
43 100 59
43 101 49
43 104 93
43 107 27
43 108 -44
43 110 32
43 111 98
43 114 -22
43 115 44
43 117 35
43 120 -56
43 124 -70
43 127 22
43 131 57
43 132 37
43 135 -100
43 136 -46
43 137 -6
43 143 45
43 144 13
43 147 -16
43 149 30
44 0 -82
44 1 97
44 2 -32
44 4 -55
44 6 -60
44 7 85
44 8 100
44 10 -78
44 11 32
44 13 88
44 17 71
44 18 -44
44 19 46
44 20 100
44 21 50
44 22 80
44 23 37
44 24 28
44 31 -11
44 35 51
44 36 -22
44 37 8
44 38 -73
44 39 -38
44 40 15
44 43 -15
44 44 -96
44 45 -95
44 47 -80
44 48 -6
44 49 5
44 53 -74
44 56 -17
44 62 69
44 65 -81
44 68 -49
44 69 55
44 75 -78
44 77 54
44 79 -29
44 81 43
44 82 -81
44 85 -23
44 87 -60
44 88 -68
44 90 95
44 91 74
44 93 -15
44 94 -55
44 97 -59
44 99 73
44 104 -81
44 106 -14
44 107 -66
44 108 -92
44 110 -34
44 111 -5
44 113 -73
44 114 -10
44 115 83
44 116 -6
44 118 73
44 125 41
44 126 -99
44 131 17
44 135 -85
44 136 24
44 137 78
44 139 81
44 140 -64
44 144 -63
44 146 87
44 147 86
44 149 95
45 8 16
45 10 56
45 11 62
45 12 78
45 14 47
45 18 20
45 19 96
45 21 -76
45 22 -30
45 23 -29
45 25 25
45 26 -81
45 29 75
45 32 34
45 37 -28
45 38 15
45 39 -52
45 40 47
45 41 45
45 51 30
45 52 44
45 53 36
45 54 -97
45 57 -68
45 58 -60
45 59 38
45 60 -87
45 63 79
45 65 63
45 68 73
45 69 -78
45 70 14
45 71 -82
45 75 14
45 77 -74
45 80 49
45 81 -74
45 84 -13
45 85 -4
45 86 42
45 87 55
45 89 -10
45 90 71
45 91 -57
45 94 -35
45 95 29
45 99 -78
45 100 -69
45 102 6
45 104 -95
45 107 -4
45 108 -47
45 110 84
45 112 77
45 113 78
45 115 18
45 117 13
45 119 -60
45 120 2
45 121 17
45 125 -48
45 130 -58
45 134 -59
45 135 -49
45 137 -77
45 138 -66
45 141 -73
45 145 -84
45 146 100
45 147 -47
45 148 -99
46 0 -60
46 1 -48
46 5 -82
46 6 -99
46 7 -48
46 10 58
46 11 -33
46 12 5
46 13 -86
46 18 89
46 19 -40
46 20 63
46 21 -5
46 22 93
46 23 82
46 25 75
46 34 -65
46 37 -17
46 41 -92
46 43 -66
46 45 -6
46 50 -49
46 53 -29
46 55 45
46 57 36
46 58 68
46 61 39
46 62 51
46 63 -99
46 64 49
46 65 43
46 66 56
46 67 83
46 69 88
46 70 -21
46 74 -45
46 78 -33
46 79 63
46 81 38
46 85 66
46 89 -14
46 90 -77
46 96 -38
46 102 -79
46 110 -46
46 111 6
46 112 -54
46 115 -69
46 116 44
46 117 16
46 118 -57
46 119 -53
46 120 -51
46 123 42
46 125 -59
46 131 -42
46 132 72
46 133 61
46 135 64
46 140 89
46 144 62
46 145 19
46 147 4
46 149 -66
47 0 -31
47 1 40
47 3 86
47 4 -84
47 6 35
47 7 -29
47 9 -69
47 10 45
47 11 74
47 15 -98
47 16 -19
47 17 20
47 19 30
47 20 63
47 25 -86
47 27 -83
47 29 -52
47 31 84
47 32 3
47 33 -31
47 35 -30
47 38 -79
47 39 -89
47 47 -60
47 48 49
47 49 20
47 51 90
47 53 -89
47 55 -1
47 56 -27
47 65 -61
47 66 -92
47 67 27
47 71 83
47 73 21
47 74 -6
47 75 27
47 77 -52
47 78 -95
47 80 84
47 81 -65
47 82 -53
47 83 70
47 86 -22
47 89 87
47 90 41
47 91 5
47 93 -61
47 97 88
47 98 -4
47 100 80
47 102 -91
47 105 -61
47 107 -84
47 109 -12
47 112 -12
47 113 86
47 115 -86
47 116 38
47 118 -22
47 121 -69
47 125 -56
47 128 -6
47 129 98
47 132 91
47 134 -37
47 135 18
47 137 -52
47 139 -66
47 142 36
47 146 81
47 147 -12
47 148 -94
48 1 34
48 7 29
48 9 -34
48 12 33
48 15 15
48 16 -89
48 18 30
48 19 -75
48 20 -96
48 21 31
48 29 -89
48 31 100
48 34 66
48 35 -81
48 36 73
48 42 82
48 48 98
48 49 -96
48 50 -42
48 51 -1
48 52 6
48 53 58
48 57 98
48 58 26
48 59 77
48 62 -89
48 64 -58
48 66 44
48 67 -87
48 68 -2
48 70 -69
48 71 -61
48 73 25
48 74 32
48 75 -52
48 76 -67
48 77 54
48 80 15
48 87 -66
48 89 18
48 90 22
48 98 -42
48 101 -45
48 102 -20
48 108 -51
48 109 -64
48 110 -11
48 111 29
48 113 69
48 116 -91
48 120 -87
48 122 63
48 124 -95
48 125 33
48 126 51
48 127 -96
48 129 -24
48 130 -88
48 131 -54
48 132 -65
48 140 -2
48 141 -65
48 144 -35
48 145 91
48 148 41
49 4 34
49 5 -22
49 14 60
49 17 19
49 18 -67
49 24 -72
49 25 2
49 28 -54
49 33 8
49 34 -52
49 40 15
49 43 -77
49 44 -19
49 49 -69
49 51 84
49 53 24
49 54 -96
49 57 77
49 59 -10
49 60 -19
49 62 13
49 65 -14
49 68 -90
49 70 72
49 77 6
49 83 88
49 86 -37
49 88 -83
49 89 -82
49 90 -79
49 91 -73
49 92 -56
49 94 8
49 95 97
49 99 -45
49 105 -47
49 106 78
49 108 -64
49 110 81
49 111 -100
49 115 2
49 122 43
49 126 91
49 127 -68
49 128 97
49 129 -1
49 131 79
49 132 22
49 138 -42
49 140 -28
49 141 -66
49 142 50
49 145 4
49 146 -21
49 147 32
49 149 -67
50 2 -46
50 7 -84
50 8 44
50 11 -84
50 14 1
50 17 -95
50 20 95
50 23 -68
50 24 -64
50 26 -31
50 27 -82
50 28 -62
50 29 -50
50 30 -20
50 31 -67
50 32 74
50 33 -60
50 34 28
50 37 31
50 39 33
50 40 -97
50 43 -7
50 44 11
50 47 4
50 48 90
50 49 -31
50 52 -81
50 53 69
50 57 66
50 58 -39
50 60 85
50 61 -94
50 66 29
50 71 -32
50 72 -20
50 73 75
50 78 -83
50 79 66
50 80 -100
50 81 -14
50 83 63
50 84 -4
50 87 36
50 89 -36
50 92 73
50 94 -85
50 96 -31
50 103 -46
50 106 22
50 111 -57
50 112 14
50 115 -68
50 116 23
50 117 49
50 120 -3
50 121 58
50 125 88
50 126 -39
50 127 -14
50 129 83
50 130 45
50 131 44
50 136 -84
50 138 68
50 142 16
50 143 95
50 146 -65
50 149 -62
51 3 -82
51 4 -40
51 5 -10
51 7 64
51 8 60
51 12 76
51 14 -88
51 15 -21
51 19 70
51 20 -59
51 23 29
51 27 -48
51 28 -95
51 33 -21
51 35 52
51 36 74
51 37 -82
51 43 -100
51 45 -27
51 49 -99
51 50 -67
51 51 -11
51 52 -38
51 55 -43
51 65 -15
51 66 79
51 75 -96
51 77 8
51 79 38
51 81 -57
51 87 -21
51 89 -72
51 90 -73
51 96 -21
51 98 31
51 102 12
51 104 -73
51 108 77
51 112 95
51 113 85
51 114 60
51 115 -52
51 118 -4
51 120 -18
51 125 27
51 127 96
51 129 65
51 130 -57
51 133 -75
51 139 -57
51 141 -27
51 142 1
51 143 66
51 146 -69
51 148 21
52 1 -30
52 3 -1
52 7 -53
52 15 80
52 18 94
52 19 19
52 20 -86
52 21 -45
52 22 59
52 24 -10
52 27 -73
52 28 -91
52 30 -70
52 31 -31
52 33 36
52 34 15
52 39 63
52 45 87
52 47 -81
52 48 13
52 50 70
52 51 -61
52 52 18
52 54 63
52 56 59
52 59 22
52 61 -63
52 63 50
52 65 82
52 66 -63
52 67 -50
52 68 -43
52 69 74
52 73 -97
52 75 12
52 76 -81
52 78 96
52 79 -100
52 82 60
52 84 65
52 87 -87
52 88 -31
52 89 -59
52 92 -68
52 94 -45
52 96 -20
52 100 -61
52 101 71
52 103 99
52 107 -93
52 109 -52
52 111 -53
52 112 -97
52 113 74
52 114 33
52 119 -15
52 121 -64
52 122 -46
52 125 -40
52 126 86
52 128 16
52 130 -100
52 131 93
52 134 -48
52 136 30
52 137 -10
52 138 8
52 142 -17
52 143 -89
52 146 -21
52 148 -40
53 1 -69
53 2 -88
53 6 -22
53 7 -54
53 9 29
53 12 94
53 13 -71
53 15 47
53 17 79
53 18 10
53 22 -23
53 23 39
53 28 80
53 29 -19
53 30 -75
53 33 -68
53 35 -65
53 36 -71
53 37 45
53 38 36
53 40 -100
53 41 86
53 43 -51
53 45 -42
53 47 26
53 54 -63
53 56 77
53 59 -94
53 61 2
53 62 24
53 65 31
53 67 -62
53 68 34
53 75 64
53 77 -36
53 78 65
53 80 52
53 81 -41
53 84 61
53 86 -46
53 89 -18
53 90 10
53 94 -9
53 97 -93
53 99 -68
53 100 32
53 102 34
53 105 98
53 106 9
53 107 27
53 111 -4
53 115 71
53 116 -38
53 117 83
53 118 6
53 120 65
53 122 -60
53 123 17
53 125 -34
53 127 35
53 128 33
53 133 39
53 134 77
53 135 55
53 138 39
53 139 -9
53 141 21
53 145 -55
53 148 61
54 2 20
54 3 83
54 8 -28
54 9 15
54 10 -45
54 11 3
54 13 67
54 14 27
54 17 -25
54 19 15
54 20 7
54 23 52
54 24 -20
54 25 9
54 26 -19
54 28 -21
54 29 34
54 30 37
54 31 -10
54 32 37
54 34 23
54 35 -3
54 36 -74
54 38 -35
54 39 49
54 40 -29
54 41 -82
54 42 -8
54 46 -31
54 47 -51
54 50 87
54 51 -64
54 54 -24
54 57 66
54 60 -1
54 61 10
54 63 84
54 65 65
54 68 77
54 69 -78
54 70 -16
54 72 76
54 74 -79
54 76 27
54 78 -61
54 82 21
54 83 -96
54 89 70
54 90 -55
54 91 -52
54 94 37
54 97 -66
54 100 44
54 102 15
54 104 82
54 107 93
54 108 1
54 112 -58
54 113 49
54 118 19
54 120 42
54 122 -67
54 125 -30
54 126 -86
54 127 -79
54 129 -97
54 132 -12
54 134 99
54 135 64
54 145 9
54 147 88
54 149 -94
55 2 74
55 4 45
55 5 52
55 7 25
55 8 -56
55 9 -21
55 15 88
55 17 -70
55 19 18
55 21 40
55 22 -47
55 23 -18
55 26 -60
55 32 -66
55 33 -75
55 35 24
55 36 33
55 37 -84
55 38 -81
55 39 93
55 42 -40
55 45 92
55 46 -57
55 48 -11
55 50 31
55 51 -45
55 54 75
55 55 -74
55 58 7
55 59 -100
55 66 87
55 67 -16
55 69 88
55 71 90
55 72 65
55 73 -41
55 76 -39
55 79 86
55 80 -65
55 81 -53
55 83 -91
55 84 60
55 85 -12
55 86 -1
55 87 -42
55 89 39
55 91 -40
55 92 -69
55 93 -68
55 96 -6
55 100 -23
55 103 -23
55 104 -83
55 107 -3
55 111 36
55 115 14
55 116 43
55 120 -73
55 121 -22
55 122 -87
55 124 20
55 126 -96
55 131 80
55 139 -52
55 142 100
55 144 16
55 145 -36
55 147 57
56 2 67
56 4 -53
56 9 -29
56 10 90
56 13 93
56 16 -53
56 19 44
56 20 -91
56 21 87
56 22 -79
56 25 -18
56 26 23
56 29 14
56 36 51
56 41 -92
56 42 -65
56 43 -48
56 44 -47
56 45 62
56 46 -99
56 47 -57
56 48 54
56 49 46
56 50 -7
56 51 2
56 52 -100
56 53 -98
56 55 -58
56 58 81
56 61 46
56 62 -80
56 64 49
56 65 -48
56 75 -58
56 78 50
56 80 46
56 82 -40
56 85 -98
56 86 -11
56 88 -60
56 89 -12
56 90 -40
56 95 -70
56 96 -3
56 98 -30
56 101 86
56 102 75
56 109 -57
56 110 -62
56 116 -65
56 117 2
56 118 -20
56 120 -55
56 121 27
56 122 -62
56 124 77
56 133 40
56 135 -57
56 136 78
56 137 18
56 141 -59
56 147 -56
56 148 -50
56 149 -80
57 0 -69
57 1 -22
57 3 30
57 6 -36
57 7 -65
57 8 -13
57 10 70
57 15 76
57 18 26
57 22 -61
57 28 -11
57 29 74
57 30 -4
57 32 -81
57 35 -73
57 37 80
57 40 -37
57 42 -18
57 43 -58
57 44 70
57 46 -25
57 48 38
57 49 68
57 53 -60
57 54 38
57 57 32
57 60 -15
57 61 29
57 63 100
57 64 -80
57 65 25
57 70 -2
57 71 -33
57 76 28
57 79 -89
57 82 7
57 86 -65
57 87 21
57 89 44
57 93 -82
57 95 -97
57 97 -29
57 98 46
57 99 98
57 100 25
57 103 6
57 104 44
57 109 -34
57 110 73
57 112 -72
57 115 -5
57 116 15
57 118 29
57 119 46
57 121 -38
57 122 -2
57 123 -49
57 128 -47
57 132 -20
57 137 -23
57 139 -51
57 140 -71
57 141 -97
57 144 -46
58 0 -95
58 2 66
58 6 26
58 10 -28
58 14 -85
58 15 -8
58 16 84
58 17 19
58 21 -81
58 22 94
58 24 -74
58 25 -34
58 27 41
58 30 -57
58 31 32
58 32 54
58 37 -6
58 43 44
58 47 -35
58 48 55
58 51 90
58 54 -27
58 56 52
58 57 28
58 61 -89
58 64 26
58 65 -99
58 68 -51
58 70 -54
58 71 -25
58 74 -28
58 75 16
58 76 -11
58 77 87
58 78 42
58 81 88
58 83 -74
58 84 -29
58 85 -31
58 94 -67
58 97 41
58 100 25
58 105 -9
58 107 77
58 109 -49
58 110 -83
58 113 -71
58 118 43
58 119 4
58 121 1
58 125 -80
58 126 10
58 130 45
58 131 33
58 132 -53
58 136 -64
58 140 -16
58 142 -25
58 144 74
58 146 -43
58 147 -73
58 149 94
59 0 -8
59 5 -9
59 6 39
59 8 -40
59 9 -60
59 10 12
59 11 -57
59 12 44
59 13 36
59 14 47
59 16 74
59 17 100
59 18 -88
59 19 -79
59 21 -75
59 22 -50
59 25 -91
59 26 -31
59 29 -97
59 30 -32
59 31 -61
59 32 -39
59 34 32
59 36 -64
59 37 -7
59 41 -93
59 45 -89
59 46 28
59 47 36
59 48 66
59 50 99
59 52 -33
59 53 19
59 54 -67
59 55 -26
59 59 83
59 60 -14
59 63 -99
59 65 -68
59 69 19
59 70 -15
59 71 -73
59 72 64
59 74 53
59 76 66
59 79 87
59 82 -46
59 84 47
59 86 97
59 88 21
59 89 -98
59 93 -96
59 96 25
59 98 21
59 102 -5
59 104 38
59 106 46
59 108 3
59 109 -21
59 112 -87
59 115 96
59 116 -21
59 118 -87
59 120 1
59 121 74
59 123 30
59 125 -22
59 126 18
59 129 1
59 130 39
59 131 -95
59 133 3
59 136 -60
59 141 -98
59 142 -62
59 144 -31
59 146 -46
59 148 -5
59 149 10
60 2 43
60 3 44
60 5 62
60 9 -81
60 11 84
60 14 -7
60 15 -37
60 17 64
60 20 2
60 21 -36
60 23 11
60 25 -15
60 27 -66
60 29 67
60 30 52
60 31 77
60 32 82
60 34 -53
60 38 63
60 39 72
60 41 53
60 42 -98
60 45 58
60 46 -99
60 47 89
60 48 45
60 49 -49
60 55 -88
60 60 -69
60 63 -57
60 65 57
60 68 35
60 69 -93
60 70 37
60 72 72
60 73 92
60 80 97
60 81 75
60 83 -20
60 85 -9
60 91 -33
60 95 -26
60 96 -15
60 98 -54
60 99 100
60 100 41
60 101 -52
60 104 -15
60 107 98
60 108 -64
60 115 100
60 116 53
60 117 24
60 118 -28
60 120 -69
60 121 -79
60 123 67
60 124 81
60 125 -4
60 131 -98
60 133 -94
60 134 -20
60 136 83
60 137 9
60 138 -73
60 140 94
60 141 58
60 142 -73
60 148 -10
60 149 74
61 0 -56
61 1 32
61 4 -80
61 7 94
61 11 -16
61 15 22
61 21 -71
61 23 -77
61 24 49
61 25 15
61 28 -93
61 29 80
61 30 55
61 32 -87
61 34 19
61 37 -95
61 40 12
61 47 -61
61 49 48
61 51 -9
61 52 -67
61 53 -87
61 57 -41
61 58 8
61 59 89
61 60 53
61 64 -85
61 69 47
61 70 -52
61 72 19
61 75 -54
61 76 -65
61 77 -90
61 79 54
61 81 -26
61 83 20
61 88 -94
61 89 70
61 90 94
61 94 15
61 95 -46
61 97 52
61 98 15
61 100 83
61 104 91
61 107 21
61 110 -62
61 113 -74
61 115 -7
61 118 93
61 119 -39
61 121 -11
61 122 -81
61 125 51
61 131 28
61 133 -28
61 134 7
61 135 25
61 136 88
61 137 -11
61 138 -99
61 141 -18
61 144 10
61 148 50
61 149 95
62 2 62
62 4 93
62 5 28
62 10 75
62 15 85
62 17 3
62 18 78
62 20 13
62 24 -3
62 25 -74
62 26 -22
62 31 45
62 33 17
62 35 -39
62 37 2
62 38 33
62 40 -65
62 41 -63
62 45 -65
62 51 66
62 54 -73
62 56 -14
62 59 -29
62 60 70
62 61 -38
62 67 -36
62 68 42
62 71 -71
62 73 23
62 74 -25
62 78 75
62 81 -82
62 85 11
62 88 64
62 89 18
62 90 70
62 94 -58
62 96 45
62 98 -58
62 99 47
62 102 -7
62 104 30
62 106 28
62 107 13
62 109 -52
62 111 1
62 112 -38
62 114 91
62 117 -66
62 118 -1
62 119 20
62 122 -77
62 123 23
62 124 89
62 126 -14
62 131 31
62 134 -56
62 135 -22
62 137 1
62 141 -25
62 142 -28
63 2 -12
63 5 -55
63 8 87
63 9 65
63 11 80
63 13 20
63 14 68
63 17 84
63 21 -48
63 24 -95
63 25 -27
63 26 51
63 27 98
63 35 67
63 36 55
63 37 56
63 38 -46
63 40 6
63 46 81
63 48 -47
63 50 77
63 52 96
63 53 55
63 57 -56
63 58 2
63 60 -62
63 61 58
63 63 -68
63 73 -75
63 76 92
63 78 -24
63 79 -86
63 81 83
63 82 2
63 88 -85
63 89 -78
63 90 -24
63 92 38
63 93 95
63 95 67
63 97 80
63 98 -45
63 101 19
63 103 78
63 106 -61
63 108 98
63 109 -65
63 110 41
63 114 18
63 116 -87
63 117 -81
63 119 48
63 121 34
63 122 -62
63 123 3
63 124 28
63 127 78
63 130 -1
63 132 86
63 133 -79
63 135 30
63 141 -50
63 142 -81
63 149 33
64 0 -5
64 1 -48
64 2 -53
64 4 -27
64 9 61
64 13 -47
64 14 -92
64 15 2
64 17 35
64 18 68
64 20 99
64 22 17
64 23 -41
64 31 69
64 36 51
64 37 77
64 38 77
64 41 -60
64 42 71
64 43 53
64 47 46
64 50 -74
64 51 43
64 53 -10
64 54 18
64 56 11
64 61 58
64 64 64
64 65 87
64 66 -71
64 69 61
64 70 42
64 71 -92
64 72 -33
64 77 87
64 78 -97
64 79 21
64 80 -21
64 82 -77
64 83 44
64 84 84
64 91 -71
64 96 55
64 97 8
64 98 -82
64 101 -96
64 102 -10
64 106 68
64 107 26
64 108 -96
64 111 -31
64 115 21
64 118 5
64 121 65
64 122 -69
64 126 85
64 127 -13
64 128 -42
64 130 20
64 131 -6
64 132 88
64 134 -82
64 136 5
64 140 -72
64 141 -19
64 146 -2
65 0 -74
65 3 95
65 6 51
65 7 -8
65 10 51
65 11 -17
65 12 100
65 14 -93
65 16 26
65 17 49
65 18 -91
65 19 -92
65 20 -24
65 30 -80
65 31 46
65 32 73
65 34 -73
65 36 41
65 37 -97
65 39 -77
65 40 -34
65 41 -54
65 42 61
65 43 -24
65 44 92
65 45 15
65 48 79
65 49 -47
65 50 -25
65 53 16
65 55 -63
65 58 97
65 59 58
65 61 15
65 62 -53
65 63 43
65 65 48
65 66 95
65 67 -8
65 68 -45
65 71 59
65 75 7
65 78 -45
65 82 65
65 85 54
65 86 39
65 87 -22
65 91 35
65 93 -91
65 95 41
65 96 86
65 98 36
65 100 -63
65 102 28
65 103 -1
65 105 -100
65 107 -63
65 108 32
65 109 37
65 111 86
65 112 40
65 113 14
65 116 -2
65 121 -78
65 127 88
65 130 -5
65 131 84
65 132 -74
65 133 43
65 134 21
65 135 -82
65 136 -31
65 137 -42
65 138 75
65 141 29
65 145 -82
66 1 34
66 4 88
66 12 100
66 13 98
66 14 55
66 15 56
66 24 77
66 31 18
66 34 -52
66 35 57
66 36 44
66 37 65
66 38 14
66 39 39
66 40 88
66 48 69
66 51 95
66 53 20
66 54 -40
66 56 -87
66 60 -81
66 63 6
66 66 49
66 67 74
66 68 -91
66 69 -59
66 70 -33
66 71 38
66 72 18
66 75 -53
66 76 -76
66 78 -9
66 79 11
66 83 32
66 95 -63
66 97 73
66 99 -65
66 102 -65
66 103 -100
66 106 -47
66 107 -86
66 108 -29
66 109 -3
66 110 -62
66 111 -21
66 112 -25
66 114 -75
66 115 -48
66 116 97
66 118 -5
66 120 -40
66 123 61
66 126 86
66 127 3
66 128 -56
66 129 9
66 133 43
66 135 22
66 142 -80
66 143 70
66 144 -61
66 146 -37
66 147 -63
66 148 -24
66 149 9
67 0 4
67 1 1
67 10 22
67 14 46
67 15 47
67 20 45
67 21 61
67 28 -96
67 30 78
67 35 -4
67 36 11
67 39 -9
67 40 67
67 43 28
67 44 -26
67 46 67
67 47 82
67 49 -87
67 51 -55
67 54 57
67 65 -54
67 66 -69
67 67 82
67 70 -92
67 71 -7
67 74 45
67 75 -26
67 76 97
67 80 -31
67 81 8
67 83 -10
67 87 80
67 88 -42
67 89 -61
67 94 4
67 96 58
67 98 -64
67 102 36
67 107 -57
67 108 89
67 113 -72
67 114 98
67 116 -5
67 118 -24
67 121 11
67 122 -19
67 126 61
67 129 -100
67 134 24
67 135 -39
67 141 34
67 142 22
67 145 -100
67 148 6
67 149 65
68 0 -3
68 5 74
68 9 49
68 10 49
68 12 -50
68 13 -62
68 15 17
68 21 31
68 22 -73
68 24 35
68 25 85
68 26 -62
68 27 81
68 28 -21
68 31 6
68 32 -5
68 33 -74
68 37 87
68 38 16
68 41 80
68 43 63
68 44 94
68 49 93
68 50 -93
68 52 -77
68 54 -94
68 57 -49
68 62 81
68 63 -53
68 67 88
68 70 49
68 74 39
68 77 -32
68 80 -49
68 82 -91
68 87 6
68 88 -17
68 89 46
68 90 -66
68 98 -73
68 101 -54
68 102 79
68 104 76
68 106 -93
68 108 -1
68 109 2
68 111 24
68 116 60
68 117 26
68 120 -59
68 121 48
68 122 7
68 125 -87
68 128 -70
68 129 69
68 130 -17
68 133 -20
68 134 -60
68 136 -11
68 139 49
68 140 -31
68 141 13
68 142 45
68 143 -95
68 145 -42
68 147 -3
69 1 7
69 2 -9
69 4 -16
69 9 76
69 15 3
69 17 -92
69 18 9
69 20 96
69 21 -79
69 22 70
69 25 -73
69 26 89
69 30 82
69 32 36
69 33 -9
69 37 4
69 42 -93
69 44 -12
69 46 -94
69 47 42
69 51 -95
69 57 -88
69 58 86
69 63 -32
69 66 -61
69 67 -95
69 68 23
69 73 41
69 74 -63
69 75 -35
69 76 -38
69 83 -58
69 84 -66
69 85 59
69 88 72
69 90 -61
69 94 -96
69 95 -95
69 96 17
69 97 -2
69 98 89
69 99 -70
69 100 37
69 102 -3
69 104 1
69 105 82
69 106 46
69 109 -57
69 110 -76
69 113 49
69 117 -32
69 120 -27
69 121 -12
69 123 18
69 124 75
69 125 -84
69 127 99
69 133 -26
69 134 -30
69 136 92
69 138 -68
69 140 95
69 143 -11
69 144 -76
69 147 -92
69 149 -100
70 0 31
70 2 47
70 5 -41
70 6 -1
70 7 85
70 8 -54
70 10 35
70 14 -99
70 15 76
70 23 98
70 24 -9
70 26 -19
70 27 -65
70 29 -59
70 32 89
70 33 -99
70 34 24
70 35 22
70 37 69
70 41 -44
70 42 27
70 43 -98
70 45 -80
70 46 22
70 47 64
70 50 -27
70 51 -48
70 52 -31
70 55 -56
70 65 -50
70 66 -68
70 69 11
70 72 -91
70 75 -16
70 78 -66
70 80 -18
70 81 89
70 87 -14
70 89 61
70 90 82
70 91 -73
70 92 5
70 95 93
70 98 88
70 103 64
70 105 18
70 107 18
70 108 1
70 109 -98
70 110 82
70 111 66
70 116 17
70 117 27
70 118 24
70 119 -49
70 120 91
70 123 69
70 124 -5
70 128 35
70 130 -73
70 132 -2
70 136 49
70 137 -61
70 142 -78
70 143 -13
70 144 77
70 145 99
70 146 64
70 149 -1
71 0 99
71 6 2
71 10 -67
71 11 -7
71 12 18
71 14 -83
71 16 52
71 18 -2
71 19 -30
71 20 12
71 23 -54
71 24 -100
71 27 -79
71 30 -88
71 33 13
71 34 -18
71 36 48
71 39 19
71 41 16
71 43 -40
71 44 21
71 48 73
71 49 -32
71 52 -1
71 56 -83
71 57 22
71 62 42
71 66 -81
71 68 -13
71 70 -37
71 77 -64
71 79 87
71 81 98
71 85 53
71 87 -38
71 88 -77
71 90 72
71 92 91
71 96 -80
71 101 50
71 102 -32
71 104 -88
71 108 -46
71 109 -88
71 110 98
71 113 59
71 115 84
71 119 -78
71 120 43
71 121 -82
71 123 -66
71 127 -5
71 131 -79
71 133 99
71 135 18
71 136 -14
71 139 63
71 141 -3
71 142 -50
71 143 -16
71 144 28
72 0 -81
72 1 -71
72 4 58
72 5 -84
72 6 -9
72 7 -84
72 9 7
72 10 72
72 12 31
72 13 23
72 14 67
72 15 -35
72 18 -3
72 23 -10
72 24 -56
72 28 -65
72 29 36
72 30 46
72 33 -34
72 34 -16
72 36 -51
72 39 -57
72 42 -100
72 44 58
72 46 37
72 49 -55
72 50 36
72 52 -47
72 55 91
72 56 -6
72 57 65
72 60 -14
72 61 90
72 62 -73
72 63 -44
72 67 -61
72 68 15
72 72 52
72 74 -26
72 80 96
72 81 -6
72 82 -29
72 85 92
72 91 78
72 94 -29
72 102 66
72 105 -53
72 106 61
72 107 -50
72 118 68
72 119 31
72 122 -75
72 125 -51
72 126 77
72 127 95
72 131 -94
72 133 -86
72 135 54
72 136 77
72 137 -39
72 140 -12
72 142 -95
72 145 55
72 149 -70
73 0 74
73 7 100
73 10 -7
73 13 24
73 15 5
73 17 64
73 19 51
73 20 -21
73 26 40
73 27 3
73 29 77
73 31 -91
73 33 -96
73 34 -47
73 37 -67
73 40 -63
73 41 12
73 42 -58
73 45 -71
73 48 83
73 51 -78
73 57 49
73 59 8
73 61 -22
73 64 43
73 67 7
73 68 22
73 72 -62
73 73 -96
73 75 -83
73 82 27
73 83 61
73 84 51
73 85 38
73 87 11
73 90 50
73 92 13
73 93 21
73 95 11
73 97 -74
73 99 -71
73 100 55
73 101 -65
73 104 -31
73 105 80
73 110 73
73 114 -92
73 119 92
73 121 -21
73 122 49
73 123 -67
73 124 -62
73 125 -3
73 126 -24
73 127 84
73 131 -33
73 132 55
73 134 65
73 135 -13
73 136 -4
73 137 -58
73 140 11
73 142 90
73 147 15
73 148 57
74 4 -23
74 6 50
74 8 -47
74 12 -89
74 15 -76
74 18 90
74 20 42
74 21 -48
74 27 -99
74 28 100
74 29 -76
74 30 -23
74 33 73
74 35 43
74 36 48
74 40 -81
74 43 1
74 48 -3
74 52 -62
74 53 66
74 54 -85
74 56 96
74 57 76
74 61 -72
74 63 32
74 67 -26
74 69 56
74 71 -10
74 80 -63
74 82 87
74 85 17
74 86 2
74 87 -37
74 88 15
74 90 -70
74 92 24
74 94 -32
74 98 69
74 99 -48
74 101 62
74 103 85
74 104 -8
74 106 -31
74 107 46
74 111 -29
74 113 93
74 117 -15
74 122 -47
74 124 -21
74 126 85
74 129 70
74 131 -32
74 132 -37
74 138 100
74 139 -9
74 140 -65
74 141 -9
74 142 -84
74 145 -75
74 147 -86
74 148 74
74 149 -19
75 0 -71
75 4 78
75 5 -90
75 8 17
75 9 -26
75 10 83
75 12 -14
75 13 78
75 14 61
75 16 20
75 18 72
75 22 13
75 29 -40
75 32 18
75 34 12
75 36 -55
75 39 56
75 40 42
75 41 -10
75 42 50
75 45 2
75 50 66
75 54 -88
75 59 -3
75 60 38
75 61 -37
75 62 24
75 64 -26
75 67 -55
75 70 -8
75 72 72
75 74 -90
75 76 -61
75 77 -53
75 81 50
75 84 -53
75 86 -45
75 87 5
75 89 25
75 90 63
75 91 78
75 92 -86
75 93 7
75 94 -6
75 95 81
75 101 -65
75 103 32
75 105 93
75 108 -25
75 113 -11
75 115 89
75 117 -45
75 124 77
75 126 90
75 127 -93
75 131 -24
75 133 -67
75 137 9
75 138 -3
75 140 -37
75 141 -14
75 142 -63
75 145 -27
75 146 19
75 149 -95
76 0 -55
76 2 6
76 4 -100
76 5 37
76 6 19
76 9 72
76 10 37
76 11 20
76 14 69
76 16 99
76 17 41
76 18 56
76 25 -6
76 26 -24
76 29 65
76 30 -84
76 31 33
76 32 -72
76 36 -77
76 38 72
76 39 -87
76 40 -47
76 41 -45
76 42 21
76 44 -31
76 53 -61
76 58 -4
76 60 -38
76 61 -51
76 66 86
76 68 -39
76 70 60
76 71 -17
76 72 -11
76 73 36
76 77 32
76 79 -87
76 81 -71
76 82 49
76 87 -8
76 89 -7
76 90 -14
76 91 -27
76 92 8
76 93 98
76 99 -82
76 102 33
76 103 -71
76 106 99
76 108 -3
76 109 -36
76 117 -88
76 121 32
76 126 -88
76 127 -64
76 129 62
76 131 58
76 133 32
76 135 -95
76 137 93
76 139 41
76 141 -11
76 144 -9
76 147 95
76 149 96
77 0 -81
77 4 -3
77 11 67
77 12 -13
77 13 -59
77 17 82
77 23 -46
77 28 -1
77 30 10
77 31 38
77 32 15
77 33 52
77 35 22
77 38 92
77 40 -88
77 41 20
77 50 -83
77 54 -93
77 58 75
77 65 20
77 77 4
77 79 -33
77 82 96
77 85 -73
77 94 -9
77 95 -75
77 96 81
77 99 95
77 101 41
77 102 -90
77 103 88
77 105 11
77 106 -84
77 108 59
77 109 -66
77 113 -93
77 116 37
77 119 -84
77 120 68
77 121 60
77 123 16
77 126 -26
77 129 -18
77 132 13
77 136 -43
77 137 66
77 140 -42
77 142 -34
77 148 55
77 149 -77
78 1 -5
78 2 -9
78 6 54
78 16 40
78 18 -31
78 22 -13
78 25 -60
78 29 -46
78 32 38
78 34 49
78 36 18
78 39 -35
78 40 -1
78 41 14
78 42 -44
78 44 -98
78 45 -15
78 47 -86
78 48 -3
78 51 -81
78 52 -2
78 53 -38
78 54 -94
78 55 8
78 61 -32
78 62 -43
78 66 67
78 72 -21
78 73 -89
78 81 40
78 89 -98
78 93 99
78 94 -36
78 95 99
78 96 42
78 98 -64
78 99 -27
78 108 -46
78 112 -28
78 120 99
78 123 -32
78 126 -75
78 129 -79
78 136 -76
78 142 79
78 149 58
79 1 -100
79 2 -1
79 11 96
79 14 -93
79 15 -41
79 18 58
79 19 33
79 22 -15
79 23 -29
79 26 -25
79 27 17
79 35 23
79 37 -96
79 38 86
79 40 21
79 42 81
79 44 13
79 46 71
79 48 60
79 49 -66
79 52 49
79 53 -12
79 55 -58
79 58 -52
79 62 57
79 66 -40
79 67 55
79 70 90
79 71 -26
79 73 -47
79 74 3
79 76 -65
79 77 -95
79 78 -9
79 82 -67
79 83 -6
79 85 95
79 86 84
79 90 57
79 91 -49
79 94 -51
79 95 -73
79 97 38
79 101 63
79 102 16
79 103 -65
79 104 20
79 105 -79
79 106 -11
79 110 96
79 111 -56
79 117 -61
79 118 -56
79 120 -69
79 123 9
79 124 73
79 125 -36
79 126 54
79 128 56
79 129 93
79 134 -92
79 137 71
79 138 82
79 139 -91
79 141 -92
79 143 -75
79 144 -27
79 145 -95
79 149 69
80 1 15
80 2 100
80 4 -70
80 5 64
80 7 26
80 11 13
80 13 -42
80 19 68
80 24 69
80 27 -61
80 32 4
80 34 5
80 36 3
80 41 39
80 42 -90
80 43 -70
80 44 -64
80 50 -84
80 51 36
80 52 43
80 57 -36
80 61 -35
80 62 36
80 64 51
80 67 -96
80 71 -13
80 73 -21
80 74 15
80 75 -4
80 81 -72
80 82 -78
80 83 58
80 84 79
80 86 27
80 89 -91
80 92 12
80 93 -34
80 94 40
80 96 -23
80 99 -57
80 100 84
80 101 -90
80 105 26
80 107 40
80 112 57
80 113 11
80 114 11
80 120 47
80 122 76
80 123 -42
80 125 11
80 127 -88
80 128 -69
80 129 -80
80 130 -69
80 132 -50
80 134 -84
80 135 -46
80 136 -22
80 137 -89
80 140 63
80 142 41
80 146 -31
81 0 -56
81 2 -73
81 3 78
81 4 9
81 10 87
81 11 -96
81 16 -39
81 17 28
81 18 -12
81 19 -51
81 23 -63
81 33 52
81 40 15
81 43 90
81 44 -31
81 47 21
81 49 -32
81 51 1
81 53 81
81 57 88
81 62 -91
81 66 80
81 68 -54
81 70 -51
81 71 -28
81 72 -64
81 74 95
81 75 31
81 77 -8
81 78 -36
81 80 -16
81 81 -18
81 83 -98
81 84 31
81 85 30
81 87 -21
81 88 -76
81 90 -35
81 92 -99
81 94 85
81 97 -86
81 98 10
81 99 -12
81 102 -61
81 104 -45
81 105 94
81 106 -31
81 108 23
81 109 -6
81 110 43
81 112 67
81 113 91
81 114 81
81 117 46
81 118 31
81 119 -88
81 121 -65
81 122 -69
81 123 58
81 124 82
81 128 -9
81 131 -50
81 133 -40
81 134 -94
81 138 17
81 140 -52
81 142 -40
81 144 -13
81 145 -47
81 149 33
82 0 55
82 1 -5
82 2 7
82 3 2
82 8 -52
82 9 -12
82 12 -78
82 14 11
82 22 12
82 23 88
82 27 -91
82 29 -25
82 30 -35
82 31 -96
82 32 95
82 33 39
82 35 -97
82 38 64
82 40 -55
82 42 56
82 45 -10
82 49 -66
82 50 -47
82 52 74
82 54 80
82 56 36
82 59 -99
82 62 -41
82 65 54
82 68 -27
82 69 -5
82 70 -91
82 72 57
82 73 52
82 74 -17
82 76 55
82 79 66
82 81 -13
82 85 5
82 87 47
82 91 10
82 94 -30
82 95 -74
82 96 65
82 98 20
82 108 -85
82 109 -34
82 111 -59
82 112 44
82 113 -13
82 117 -52
82 120 -12
82 121 -81
82 126 78
82 130 75
82 131 -57
82 133 57
82 136 100
82 137 56
82 140 -26
82 142 63
82 143 44
82 145 -39
82 146 27
82 149 -57
83 0 15
83 3 30
83 5 -86
83 6 -60
83 7 11
83 8 -81
83 9 -90
83 10 -51
83 15 -90
83 18 8
83 19 48
83 21 -7
83 23 -35
83 25 -53
83 26 7
83 27 95
83 29 32
83 30 -4
83 32 35
83 33 -33
83 36 12
83 41 83
83 49 52
83 50 -45
83 51 -55
83 53 15
83 54 -2
83 56 45
83 57 93
83 58 -100
83 59 -99
83 61 -23
83 62 89
83 64 43
83 67 -29
83 70 28
83 71 -27
83 73 -45
83 81 -42
83 82 28
83 85 90
83 86 -58
83 87 -19
83 96 61
83 99 30
83 101 -46
83 104 15
83 108 65
83 109 42
83 111 53
83 112 87
83 113 -59
83 117 -99
83 118 -44
83 121 -15
83 122 54
83 123 -74
83 124 27
83 126 95
83 127 22
83 129 -38
83 131 77
83 134 85
83 135 -54
83 137 -58
83 138 -82
83 139 87
83 141 19
83 145 -66
83 146 -16
83 149 -61
84 0 57
84 2 95
84 3 80
84 4 -29
84 6 49
84 9 -46
84 10 22
84 14 -31
84 16 -78
84 18 59
84 19 -62
84 21 -43
84 22 61
84 23 -31
84 25 -64
84 27 11
84 29 7
84 30 -85
84 33 72
84 36 -92
84 41 73
84 45 -51
84 47 68
84 48 -45
84 51 19
84 52 16
84 55 67
84 59 -47
84 60 -84
84 63 47
84 64 5
84 66 -44
84 67 -64
84 68 -45
84 69 71
84 70 73
84 73 -36
84 74 81
84 76 -35
84 78 -2
84 79 35
84 81 11
84 85 -99
84 87 -75
84 88 -60
84 89 -5
84 100 -62
84 102 -25
84 104 -26
84 111 -85
84 113 79
84 115 -73
84 117 -97
84 118 16
84 120 45
84 123 -73
84 127 -83
84 128 25
84 129 20
84 130 38
84 131 94
84 134 -94
84 135 -40
84 139 30
84 140 -86
84 141 98
84 143 -8
84 145 -18
84 146 -62
85 0 66
85 2 30
85 3 67
85 6 -72
85 8 -22
85 9 54
85 14 7
85 15 95
85 21 -46
85 24 -13
85 25 4
85 26 -46
85 31 -49
85 32 -65
85 33 -65
85 34 -10
85 36 15
85 40 99
85 42 47
85 44 78
85 47 36
85 50 -36
85 51 -1
85 53 98
85 56 -1
85 57 -53
85 61 85
85 62 21
85 63 81
85 65 -25
85 66 28
85 69 47
85 70 31
85 72 47
85 78 84
85 79 50
85 82 -77
85 85 -3
85 88 -2
85 89 80
85 92 -4
85 99 -10
85 100 26
85 103 -19
85 105 -6
85 107 -72
85 109 -30
85 110 91
85 111 -43
85 114 65
85 115 35
85 121 -89
85 123 34
85 124 27
85 126 48
85 128 96
85 131 77
85 133 89
85 140 5
85 141 -76
85 142 -18
85 147 93
85 149 4
86 1 -68
86 2 62
86 3 -24
86 7 26
86 8 100
86 10 5
86 11 52
86 15 -95
86 21 -19
86 22 -34
86 23 -61
86 24 -61
86 28 -35
86 29 5
86 30 25
86 31 43
86 33 -54
86 40 14
86 43 12
86 47 30
86 52 -86
86 57 32
86 58 -87
86 60 -70
86 61 11
86 67 -6
86 70 -26
86 74 79
86 75 -30
86 78 72
86 81 45
86 82 13
86 85 -69
86 86 -21
86 87 4
86 91 12
86 92 16
86 95 -17
86 96 -37
86 99 69
86 100 57
86 102 -61
86 105 -36
86 108 -44
86 110 -65
86 114 53
86 115 42
86 116 38
86 120 86
86 121 -93
86 125 -2
86 126 54
86 129 31
86 134 61
86 139 -9
86 140 89
86 141 -22
86 145 47
86 146 -31
86 147 -17
86 148 72
86 149 -85
87 0 96
87 2 -81
87 4 30
87 6 -95
87 10 87
87 12 70
87 15 15
87 19 -31
87 23 -92
87 25 -6
87 26 5
87 27 -69
87 28 -67
87 29 45
87 30 12
87 32 48
87 33 7
87 34 -92
87 36 -95
87 37 -26
87 38 -70
87 45 34
87 46 87
87 49 -19
87 50 34
87 52 -58
87 54 38
87 55 -62
87 56 69
87 57 -56
87 60 -70
87 61 71
87 62 -23
87 63 36
87 65 -34
87 67 31
87 70 -99
87 72 -83
87 76 -13
87 78 63
87 83 66
87 84 18
87 85 79
87 88 41
87 90 -7
87 96 -43
87 99 75
87 100 -89
87 101 69
87 103 -14
87 108 55
87 109 44
87 111 -82
87 115 46
87 118 -38
87 119 64
87 121 -99
87 124 9
87 126 80
87 133 3
87 136 48
87 137 12
87 146 -10
87 147 1
87 148 48
88 0 -52
88 1 -68
88 3 -25
88 4 -75
88 5 66
88 9 4
88 10 -38
88 12 44
88 15 62
88 18 -45
88 20 5
88 21 80
88 23 -26
88 24 64
88 28 -78
88 29 -37
88 31 45
88 32 -2
88 36 -91
88 37 -62
88 38 -79
88 42 56
88 47 -52
88 48 44
88 49 28
88 51 14
88 54 91
88 55 66
88 57 90
88 58 -33
88 60 -66
88 62 -35
88 63 -36
88 65 -50
88 67 -1
88 68 11
88 69 -49
88 73 -21
88 74 91
88 75 29
88 84 80
88 89 -40
88 91 -68
88 93 29
88 95 -29
88 96 31
88 97 82
88 99 -69
88 100 2
88 103 50
88 106 -81
88 108 12
88 110 -27
88 112 -61
88 114 12
88 116 -91
88 120 -5
88 122 -44
88 124 -43
88 125 51
88 127 41
88 128 31
88 129 86
88 131 45
88 132 87
88 133 42
88 135 31
88 137 62
88 140 71
88 141 7
88 142 86
88 145 -17
88 146 73
88 147 49
88 148 53
88 149 88
89 1 2
89 3 73
89 5 78
89 8 94
89 10 60
89 14 10
89 15 26
89 16 58
89 17 66
89 18 -21
89 20 93
89 24 -91
89 25 -77
89 27 -30
89 29 47
89 33 74
89 34 -34
89 42 -81
89 43 93
89 44 -57
89 47 15
89 50 -1
89 51 -41
89 52 -61
89 53 -6
89 55 -43
89 60 35
89 62 15
89 67 -73
89 69 85
89 71 -1
89 73 -92
89 75 75
89 77 -86
89 79 -98
89 80 25
89 84 44
89 88 -34
89 96 66
89 98 -58
89 99 14
89 101 -98
89 103 51
89 105 26
89 107 -39
89 115 28
89 116 -96
89 118 93
89 120 -57
89 122 -86
89 124 51
89 125 -30
89 126 -91
89 128 -48
89 129 -65
89 133 3
89 134 81
89 135 -95
89 137 35
89 142 70
89 144 81
89 145 22
89 146 46
89 147 -68
89 148 -16
90 1 -97
90 2 3
90 4 21
90 7 70
90 8 17
90 9 16
90 11 8
90 12 49
90 14 -56
90 16 -30
90 22 -13
90 23 69
90 24 46
90 27 69
90 30 -72
90 32 17
90 36 2
90 37 30
90 40 40
90 43 -22
90 44 -22
90 46 8
90 47 35
90 48 -38
90 49 -99
90 50 94
90 52 -97
90 54 -49
90 56 75
90 58 14
90 64 -82
90 65 -15
90 66 -92
90 67 75
90 68 87
90 70 2
90 72 -47
90 75 100
90 79 90
90 80 88
90 81 -15
90 86 53
90 88 68
90 94 53
90 95 -56
90 99 23
90 101 52
90 103 53
90 105 -19
90 106 21
90 108 -56
90 109 30
90 111 -5
90 112 59
90 117 75
90 121 7
90 122 94
90 123 97
90 124 -80
90 125 86
90 126 -78
90 127 -6
90 130 50
90 133 -74
90 136 -23
90 138 -61
90 142 78
90 143 -58
90 145 -18
90 146 -14
90 147 22
91 0 43
91 2 45
91 3 -96
91 5 -78
91 6 -1
91 9 48
91 10 -42
91 11 -92
91 12 83
91 14 23
91 15 -88
91 16 70
91 21 37
91 22 -32
91 23 89
91 27 -91
91 30 49
91 35 -34
91 36 76
91 37 89
91 38 22
91 39 53
91 41 -63
91 43 -57
91 47 1
91 49 30
91 51 -99
91 53 -57
91 54 4
91 56 -88
91 59 57
91 60 21
91 61 -13
91 62 43
91 71 16
91 72 -58
91 78 99
91 79 -93
91 81 -26
91 86 -51
91 92 73
91 93 83
91 94 -29
91 95 -60
91 97 59
91 108 -23
91 110 11
91 111 -64
91 114 -36
91 115 -92
91 116 45
91 118 -1
91 119 -65
91 121 56
91 125 43
91 127 -61
91 128 60
91 130 -11
91 131 89
91 134 -13
91 138 -50
91 139 88
91 143 1
91 144 45
91 148 5
91 149 -29
92 0 -50
92 1 -59
92 5 -63
92 6 77
92 9 -19
92 12 41
92 15 26
92 16 -99
92 19 -12
92 22 42
92 23 24
92 29 75
92 30 38
92 31 -89
92 32 -87
92 33 56
92 34 23
92 37 81
92 40 -30
92 41 -49
92 42 -70
92 43 10
92 44 10
92 45 -85
92 52 -56
92 54 -5
92 55 15
92 56 64
92 57 -76
92 60 -79
92 63 99
92 64 34
92 71 84
92 72 48
92 75 49
92 76 81
92 77 -45
92 79 42
92 81 61
92 85 -67
92 87 39
92 89 -25
92 90 -88
92 92 57
92 95 29
92 97 13
92 98 98
92 101 97
92 103 -51
92 107 -26
92 111 -100
92 112 -86
92 114 48
92 115 99
92 118 69
92 130 84
92 136 -73
92 137 -97
92 139 47
92 142 6
92 144 25
92 146 83
92 148 62
92 149 -71
93 0 64
93 2 -79
93 3 31
93 4 47
93 5 29
93 6 -79
93 12 9
93 14 39
93 15 43
93 17 -7
93 20 -25
93 22 29
93 23 74
93 24 61
93 27 51
93 30 -38
93 31 -23
93 35 98
93 45 -3
93 49 5
93 52 52
93 53 33
93 57 -16
93 58 51
93 61 -59
93 62 -18
93 63 88
93 64 -84
93 66 64
93 73 -79
93 74 -36
93 75 -4
93 76 -3
93 79 85
93 80 17
93 81 -93
93 82 -99
93 85 -6
93 96 74
93 97 92
93 99 56
93 103 -71
93 104 -89
93 107 71
93 109 -73
93 110 -35
93 111 -60
93 113 -26
93 116 -58
93 117 -46
93 118 92
93 121 66
93 123 71
93 125 -60
93 127 -53
93 128 -76
93 129 85
93 134 25
93 136 -65
93 137 73
93 142 9
93 143 14
93 145 90
93 147 -1
93 148 57
93 149 -33
94 0 -33
94 1 90
94 2 -26
94 9 48
94 10 1
94 12 -61
94 17 82
94 22 10
94 23 62
94 27 20
94 28 31
94 30 -93
94 31 -21
94 32 91
94 33 -10
94 35 -15
94 36 -5
94 38 75
94 39 15
94 40 27
94 42 -2
94 44 -2
94 46 -20
94 47 -20
94 49 39
94 53 43
94 55 -85
94 56 66
94 57 87
94 60 -99
94 62 89
94 65 -38
94 66 5
94 74 -62
94 75 -33
94 79 -77
94 81 -96
94 82 5
94 85 55
94 88 -14
94 89 72
94 92 -40
94 98 -79
94 101 93
94 104 -28
94 106 -37
94 107 78
94 109 -1
94 112 54
94 113 -42
94 116 -46
94 119 1
94 121 -65
94 125 97
94 126 -68
94 127 59
94 129 91
94 131 -87
94 132 -47
94 133 84
94 134 -58
94 135 48
94 138 -98
94 146 32
94 148 -38
95 2 75
95 5 -82
95 9 -13
95 10 -99
95 11 64
95 12 63
95 14 -26
95 18 35
95 21 10
95 26 -85
95 29 9
95 32 -40
95 34 -15
95 37 53
95 40 -87
95 44 7
95 47 -63
95 50 -67
95 52 80
95 54 98
95 55 -52
95 60 9
95 61 -76
95 62 66
95 63 -56
95 65 -74
95 69 -95
95 71 -90
95 74 -79
95 78 -79
95 79 -40
95 82 -71
95 83 39
95 85 -82
95 87 -26
95 88 61
95 97 52
95 99 6
95 102 30
95 103 66
95 104 -83
95 105 52
95 106 -65
95 107 -21
95 112 11
95 113 -91
95 116 -9
95 122 -44
95 125 -79
95 126 -81
95 127 59
95 130 60
95 131 19
95 132 24
95 133 -87
95 134 62
95 135 97
95 136 100
95 137 -87
95 139 -89
95 143 48
95 144 -9
95 146 -14
96 3 71
96 7 75
96 8 45
96 11 -33
96 14 87
96 16 -62
96 18 -90
96 19 -29
96 22 23
96 23 -85
96 24 30
96 25 -13
96 27 30
96 30 37
96 32 -88
96 36 58
96 38 -3
96 40 -63
96 44 -54
96 45 -97
96 48 -92
96 50 -4
96 53 15
96 54 72
96 55 74
96 60 44
96 61 37
96 62 -59
96 64 46
96 68 -32
96 71 -59
96 72 -48
96 75 -27
96 78 68
96 79 84
96 80 46
96 81 -91
96 84 -42
96 85 1
96 89 83
96 91 -100
96 92 -47
96 94 21
96 95 -5
96 96 68
96 97 60
96 98 -9
96 110 -85
96 113 40
96 120 66
96 122 46
96 124 48
96 129 -90
96 132 93
96 133 44
96 135 46
96 137 -52
96 138 14
96 143 11
96 144 -98
96 146 84
96 148 -28
97 1 -84
97 2 94
97 6 66
97 9 -72
97 10 16
97 12 -35
97 13 -38
97 18 2
97 21 -93
97 22 77
97 23 -9
97 26 93
97 27 21
97 32 97
97 33 -94
97 35 57
97 37 82
97 38 -66
97 40 32
97 41 -51
97 48 89
97 49 -60
97 50 84
97 54 -18
97 55 83
97 56 18
97 58 46
97 59 27
97 60 80
97 62 89
97 66 21
97 67 -99
97 68 56
97 73 68
97 74 -34
97 76 -90
97 77 70
97 78 -90
97 80 -16
97 81 95
97 82 -52
97 85 -43
97 88 59
97 91 3
97 92 96
97 95 -26
97 97 -11
97 99 2
97 100 55
97 103 41
97 108 35
97 109 -86
97 114 -87
97 115 92
97 119 -66
97 121 -39
97 122 -37
97 123 -11
97 128 -47
97 129 -34
97 137 -87
97 139 -61
97 143 39
97 145 30
97 147 17
97 148 56
98 0 -24
98 1 59
98 3 -79
98 4 50
98 5 -30
98 6 -45
98 10 -65
98 12 77
98 14 -1
98 15 83
98 17 -85
98 20 32
98 21 -99
98 26 -95
98 30 93
98 31 -19
98 33 39
98 35 -83
98 42 -60
98 44 5
98 45 37
98 47 -55
98 51 -75
98 52 -83
98 54 -79
98 56 22
98 57 8
98 61 28
98 65 -43
98 66 67
98 68 -30
98 70 -4
98 71 67
98 72 56
98 73 6
98 77 61
98 78 31
98 79 87
98 80 58
98 81 74
98 83 53
98 84 -78
98 86 83
98 87 -93
98 92 24
98 94 -9
98 95 32
98 96 -55
98 98 -79
98 100 5
98 105 -33
98 106 -92
98 110 34
98 112 -32
98 117 14
98 121 -69
98 122 17
98 125 43
98 128 -88
98 129 -87
98 130 -51
98 136 -96
98 138 64
98 139 -36
98 140 53
98 142 53
98 145 59
99 1 -91
99 2 48
99 5 -59
99 7 60
99 8 13
99 11 79
99 12 -66
99 15 -95
99 16 15
99 18 68
99 19 3
99 20 -82
99 24 22
99 25 -96
99 26 -98
99 27 -38
99 32 -23
99 33 -39
99 36 -26
99 37 -83
99 38 6
99 39 32
99 40 84
99 41 -32
99 44 53
99 47 -87
99 49 -33
99 50 43
99 54 -37
99 56 35
99 59 58
99 60 -3
99 62 75
99 63 -50
99 64 -38
99 70 -38
99 74 -50
99 76 -34
99 77 -80
99 79 -31
99 88 72
99 90 92
99 91 -6
99 96 -17
99 106 74
99 107 -4
99 108 21
99 113 29
99 121 -70
99 130 11
99 132 -23
99 134 98
99 135 -71
99 136 79
99 138 87
99 139 26
99 147 -60
99 149 30
100 1 -76
100 2 -62
100 7 -21
100 8 -84
100 10 -72
100 11 -11
100 12 47
100 16 78
100 17 36
100 18 11
100 22 -46
100 23 -97
100 27 70
100 34 -22
100 36 -56
100 38 27
100 44 -19
100 46 -85
100 47 20
100 48 -28
100 50 -50
100 52 89
100 56 -61
100 57 83
100 61 -89
100 62 -1
100 65 -16
100 66 21
100 68 -32
100 70 87
100 72 1
100 75 -27
100 77 60
100 78 -33
100 79 -12
100 80 -59
100 82 -24
100 85 -63
100 86 -10
100 89 32
100 91 -15
100 93 -67
100 95 84
100 96 -53
100 99 -6
100 104 -100
100 108 32
100 109 40
100 110 19
100 115 -48
100 116 -59
100 118 -87
100 123 -33
100 124 -9
100 127 52
100 128 32
100 134 5
100 135 -24
100 136 -4
100 137 20
100 142 29
100 143 64
100 144 -24
100 147 1
100 148 -77
101 0 -51
101 1 95
101 2 -75
101 3 -36
101 7 -61
101 9 23
101 10 47
101 12 56
101 15 -21
101 17 -100
101 20 -13
101 21 -64
101 23 4
101 24 71
101 29 -40
101 30 72
101 31 -30
101 35 74
101 39 53
101 41 79
101 42 -97
101 43 93
101 46 48
101 47 -78
101 56 -65
101 57 80
101 59 -30
101 60 -10
101 61 3
101 62 -42
101 64 -85
101 67 -47
101 69 -25
101 73 -13
101 74 67
101 77 -21
101 78 -56
101 79 26
101 82 -46
101 83 14
101 84 -16
101 86 79
101 87 53
101 88 95
101 90 -14
101 93 27
101 94 -30
101 95 -31
101 99 92
101 101 -72
101 102 -60
101 106 -56
101 108 40
101 109 12
101 110 68
101 113 -19
101 117 18
101 119 10
101 120 3
101 122 40
101 123 15
101 124 -99
101 126 60
101 128 -30
101 129 -52
101 134 91
101 135 -37
101 138 76
101 139 -12
101 140 -32
101 144 81
101 145 52
101 146 -40
101 149 -71
102 1 67
102 3 -88
102 4 -43
102 9 5
102 13 -25
102 15 53
102 16 -50
102 19 -24
102 20 65
102 23 -96
102 26 -93
102 27 13
102 35 -7
102 38 -65
102 42 -52
102 44 -18
102 47 92
102 49 -56
102 52 -65
102 53 -84
102 55 -40
102 58 67
102 59 38
102 60 85
102 61 15
102 62 -36
102 64 -57
102 65 -40
102 66 -10
102 67 100
102 69 -30
102 76 2
102 78 -17
102 81 91
102 84 -80
102 85 11
102 86 77
102 90 -26
102 92 -61
102 93 -76
102 94 -40
102 95 -26
102 98 78
102 100 15
102 103 -29
102 105 -35
102 107 -52
102 108 -39
102 111 -10
102 112 11
102 117 39
102 120 44
102 122 -65
102 124 54
102 126 -82
102 128 89
102 129 46
102 132 -62
102 136 80
102 137 -36
102 141 20
102 142 -49
102 143 12
102 148 6
102 149 -89
103 2 -90
103 5 5
103 6 25
103 8 100
103 9 49
103 10 56
103 13 -56
103 14 80
103 18 -4
103 22 -79
103 23 -19
103 25 98
103 27 -65
103 30 -62
103 32 89
103 46 -9
103 48 22
103 49 63
103 50 -2
103 51 87
103 52 -63
103 54 -16
103 57 28
103 59 -32
103 60 25
103 61 22
103 62 21
103 63 -23
103 64 2
103 65 45
103 66 -8
103 71 11
103 73 70
103 75 -51
103 78 -1
103 79 -19
103 81 -93
103 82 -12
103 84 66
103 87 -98
103 88 65
103 90 -66
103 92 86
103 98 -77
103 102 23
103 105 -81
103 107 -40
103 108 -97
103 110 -15
103 111 69
103 112 66
103 118 -69
103 122 67
103 123 -31
103 124 87
103 126 59
103 127 -99
103 128 -60
103 131 -60
103 134 -43
103 136 -19
103 138 -95
103 139 -29
103 141 66
103 143 -60
103 145 34
103 149 18
104 0 -62
104 1 34
104 3 48
104 5 -19
104 6 -55
104 7 44
104 8 79
104 10 5
104 12 -85
104 13 13
104 17 -53
104 18 36
104 19 90
104 20 -62
104 21 97
104 26 85
104 27 24
104 31 -65
104 32 -78
104 33 -13
104 34 -38
104 36 91
104 37 -90
104 38 36
104 42 56
104 43 47
104 47 -57
104 49 44
104 50 -18
104 51 -17
104 52 -24
104 53 16
104 55 74
104 58 -46
104 61 11
104 63 90
104 64 -36
104 65 -37
104 67 -28
104 68 35
104 72 -37
104 76 -22
104 79 -12
104 81 50
104 82 -42
104 88 52
104 91 -47
104 93 30
104 94 -8
104 97 -97
104 100 23
104 101 68
104 102 -65
104 105 -77
104 107 -24
104 110 -70
104 112 10
104 114 -11
104 116 2
104 119 46
104 121 51
104 122 -29
104 125 -91
104 130 -30
104 131 -49
104 137 32
104 139 -81
104 140 -31
104 141 -71
104 145 22
104 146 -4
105 1 4
105 2 84
105 7 26
105 9 16
105 12 -6
105 15 -29
105 17 94
105 18 44
105 19 66
105 21 -35
105 22 21
105 29 -76
105 32 -18
105 33 -75
105 35 -25
105 37 -36
105 40 -95
105 42 -9
105 44 69
105 47 21
105 49 7
105 51 -87
105 56 -4
105 57 56
105 59 14
105 60 -26
105 61 -20
105 62 75
105 63 -55
105 65 41
105 66 -7
105 67 -56
105 69 10
105 71 -84
105 72 50
105 73 -56
105 75 85
105 76 -81
105 77 -71
105 79 -52
105 81 -62
105 82 92
105 84 96
105 85 70
105 88 -55
105 92 -7
105 98 -85
105 100 -42
105 101 -54
105 102 -27
105 103 -46
105 104 33
105 105 16
105 107 18
105 108 38
105 111 -43
105 114 76
105 117 46
105 118 73
105 119 64
105 121 37
105 123 -2
105 124 41
105 125 8
105 126 -59
105 127 -16
105 130 -53
105 131 38
105 132 -47
105 135 -78
105 137 -21
105 140 2
105 142 76
105 143 85
105 144 40
105 146 93
105 148 15
106 2 52
106 5 84
106 6 24
106 7 -40
106 9 21
106 10 -94
106 12 98
106 13 -81
106 16 10
106 17 71
106 18 -53
106 20 -86
106 21 97
106 22 72
106 25 -11
106 29 -57
106 30 57
106 32 -81
106 38 21
106 41 -96
106 48 -45
106 52 -98
106 54 -100
106 57 -55
106 60 -31
106 61 88
106 64 -16
106 68 80
106 71 -3
106 76 -71
106 84 57
106 85 32
106 90 -62
106 92 51
106 93 -27
106 96 70
106 98 -29
106 100 31
106 101 -98
106 102 60
106 105 -62
106 106 81
106 109 -51
106 110 -55
106 111 23
106 115 49
106 116 62
106 117 -23
106 118 94
106 119 -89
106 124 58
106 127 21
106 128 8
106 131 -34
106 134 11
106 135 82
106 136 -28
106 139 -47
106 142 -63
107 3 -40
107 5 54
107 6 -82
107 11 85
107 14 -19
107 15 80
107 17 -59
107 18 39
107 25 -62
107 26 85
107 27 73
107 28 34
107 29 -57
107 31 -52
107 33 -91
107 36 -39
107 38 67
107 42 -84
107 43 -55
107 45 15
107 46 -72
107 51 -54
107 54 -85
107 56 29
107 59 -49
107 60 -32
107 62 -19
107 64 38
107 66 -23
107 67 16
107 68 29
107 77 -88
107 80 96
107 82 -22
107 83 28
107 84 21
107 86 44
107 87 -85
107 88 50
107 89 -94
107 90 22
107 91 -2
107 94 -17
107 95 71
107 98 -4
107 104 -86
107 111 -13
107 113 71
107 115 7
107 116 -42
107 120 76
107 121 -40
107 122 9
107 123 -93
107 124 54
107 127 4
107 129 73
107 130 -1
107 140 68
107 141 41
107 144 -16
107 145 88
107 147 -94
107 148 59
107 149 -32
108 1 -10
108 2 -24
108 5 -97
108 6 32
108 7 52
108 10 15
108 11 -35
108 12 -57
108 13 36
108 14 27
108 15 -74
108 18 88
108 19 24
108 20 72
108 23 40
108 25 70
108 30 53
108 33 79
108 34 -56
108 35 54
108 37 56
108 39 20
108 40 95
108 43 52
108 45 -20
108 46 13
108 48 -82
108 50 28
108 51 -28
108 52 76
108 53 87
108 55 55
108 57 -64
108 58 38
108 59 17
108 60 28
108 65 9
108 78 31
108 79 -83
108 80 -13
108 89 -67
108 92 -49
108 93 81
108 94 67
108 95 -85
108 98 -35
108 102 -12
108 106 16
108 110 -62
108 116 -98
108 117 -32
108 121 -4
108 123 26
108 127 -85
108 128 -38
108 135 -31
108 137 36
108 139 -53
108 146 -81
108 148 91
108 149 60
109 1 -89
109 6 -44
109 9 32
109 13 -60
109 17 -51
109 23 -72
109 24 40
109 30 -81
109 31 77
109 33 -68
109 35 32
109 37 52
109 40 -36
109 41 -80
109 43 23
109 46 63
109 51 -24
109 52 -34
109 58 -39
109 59 54
109 60 -43
109 63 -83
109 67 -82
109 74 17
109 76 -85
109 78 47
109 79 -99
109 81 -16
109 82 -81
109 87 -22
109 88 -34
109 92 -60
109 93 78
109 97 61
109 100 -95
109 102 -70
109 103 -40
109 104 78
109 107 -7
109 109 -62
109 110 -77
109 111 4
109 113 65
109 115 -23
109 118 -96
109 119 88
109 124 -1
109 126 71
109 128 16
109 132 -29
109 133 3
109 134 24
109 135 52
109 138 -73
109 139 1
109 143 -45
109 144 90
109 146 57
109 147 -72
109 148 -6
109 149 98
110 0 8
110 4 84
110 5 11
110 6 50
110 7 4
110 8 53
110 14 -81
110 16 -75
110 20 -99
110 21 -47
110 22 15
110 23 -92
110 25 -58
110 27 -67
110 31 -59
110 33 -23
110 35 51
110 36 -34
110 37 82
110 38 26
110 39 31
110 41 -40
110 51 -7
110 52 35
110 54 31
110 55 -55
110 63 5
110 64 -96
110 65 -13
110 68 -28
110 70 -44
110 76 1
110 79 6
110 80 -95
110 82 -17
110 83 -14
110 84 -82
110 85 -56
110 86 -89
110 87 84
110 88 -7
110 90 19
110 91 57
110 92 -36
110 96 50
110 102 -2
110 111 45
110 112 -73
110 113 -74
110 114 53
110 119 90
110 120 74
110 124 95
110 125 -99
110 129 35
110 135 58
110 138 -59
110 139 77
110 147 -67
111 0 74
111 4 93
111 6 13
111 8 31
111 9 71
111 13 86
111 15 30
111 19 36
111 22 -35
111 26 -21
111 28 99
111 30 -57
111 31 2
111 32 45
111 33 -79
111 34 -27
111 35 -38
111 36 -19
111 37 -25
111 38 -7
111 44 -63
111 48 -78
111 55 90
111 58 99
111 59 -8
111 61 98
111 62 -71
111 67 -95
111 68 -24
111 69 -12
111 70 88
111 71 -87
111 72 67
111 74 8
111 75 65
111 76 -49
111 77 26
111 79 26
111 83 -32
111 84 -4
111 85 -83
111 86 62
111 92 -98
111 96 62
111 101 36
111 103 -64
111 105 -83
111 108 55
111 109 30
111 110 -36
111 115 1
111 116 -55
111 118 -34
111 121 75
111 123 88
111 124 -30
111 125 35
111 126 85
111 131 -100
111 134 4
111 139 71
111 141 84
111 142 46
111 143 53
111 147 18
112 0 51
112 1 72
112 5 -35
112 8 -58
112 10 58
112 11 -71
112 12 79
112 13 71
112 14 -41
112 15 -49
112 16 39
112 18 -78
112 19 -9
112 21 -63
112 22 73
112 23 41
112 24 -43
112 25 86
112 27 -71
112 28 80
112 35 91
112 37 -11
112 38 27
112 39 -72
112 42 10
112 44 -36
112 45 13
112 48 72
112 51 36
112 52 34
112 54 81
112 56 -44
112 58 26
112 59 82
112 63 -69
112 65 -15
112 67 -87
112 80 -65
112 84 -53
112 85 -58
112 86 -80
112 87 -37
112 90 -100
112 94 -77
112 96 33
112 101 15
112 105 86
112 108 -77
112 111 -73
112 112 12
112 113 -52
112 114 70
112 115 -5
112 116 -14
112 117 -50
112 118 76
112 119 64
112 121 67
112 124 63
112 126 -37
112 129 -73
112 130 -52
112 131 -62
112 134 -100
112 135 -50
112 138 -84
112 140 69
112 142 -30
112 143 -19
112 148 31
112 149 77
113 2 60
113 4 -100
113 7 59
113 10 -88
113 15 -53
113 16 7
113 17 -26
113 21 -43
113 22 79
113 23 -1
113 24 19
113 25 91
113 26 -7
113 27 83
113 33 82
113 34 -36
113 36 30
113 38 46
113 39 -95
113 40 -93
113 44 -60
113 45 33
113 47 24
113 50 98
113 52 27
113 57 56
113 58 87
113 61 -41
113 63 95
113 64 88
113 65 -46
113 67 -23
113 69 74
113 70 -95
113 72 -92
113 73 -24
113 77 -52
113 78 9
113 82 22
113 83 -41
113 86 -62
113 88 -33
113 90 -78
113 93 69
113 94 93
113 96 -80
113 102 94
113 105 -95
113 109 -70
113 111 12
113 114 70
113 116 -19
113 117 -27
113 121 -75
113 122 55
113 124 -5
113 126 7
113 128 -64
113 132 26
113 134 -98
113 137 -8
113 138 -94
113 141 94
113 142 -99
113 143 -73
113 146 -48
113 147 61
114 0 64
114 2 -96
114 3 -77
114 4 -91
114 5 -73
114 7 -96
114 8 64
114 10 16
114 11 -96
114 12 36
114 14 34
114 15 -63
114 18 -77
114 20 19
114 21 -80
114 22 -30
114 23 -98
114 25 -53
114 27 -67
114 28 -79
114 30 -11
114 33 79
114 37 -1
114 39 -67
114 41 -42
114 42 -58
114 43 -48
114 47 71
114 49 50
114 54 -16
114 55 54
114 57 -7
114 58 12
114 60 60
114 61 61
114 67 -57
114 68 -87
114 69 -66
114 70 -19
114 74 -56
114 75 -25
114 76 -76
114 77 23
114 78 -70
114 79 96
114 81 -5
114 82 12
114 84 31
114 85 -41
114 86 54
114 87 -26
114 91 -88
114 97 67
114 101 -83
114 104 50
114 105 -59
114 107 18
114 109 85
114 111 -2
114 114 93
114 116 -4
114 117 -33
114 120 -72
114 121 69
114 122 -59
114 127 -86
114 128 16
114 130 33
114 131 -42
114 137 8
114 138 19
114 140 -17
114 141 80
114 142 -92
114 145 -49
114 146 47
114 147 61
114 149 -92
115 8 -62
115 9 -27
115 20 -54
115 21 -61
115 23 -75
115 24 59
115 25 -63
115 28 -24
115 29 3
115 30 17
115 31 -69
115 33 -67
115 36 -46
115 37 -20
115 40 11
115 44 -49
115 46 -89
115 47 -71
115 49 75
115 51 57
115 56 95
115 57 84
115 61 -87
115 64 -29
115 65 -98
115 68 43
115 70 -69
115 71 51
115 72 38
115 73 59
115 74 23
115 78 96
115 81 66
115 82 9
115 84 -37
115 85 89
115 86 -4
115 87 -36
115 90 -68
115 91 -61
115 92 37
115 96 -100
115 98 -53
115 99 92
115 100 -12
115 101 67
115 103 -52
115 104 -37
115 105 -69
115 107 -98
115 110 -7
115 112 -1
115 116 -19
115 119 13
115 120 -21
115 121 -40
115 123 44
115 124 -21
115 125 62
115 127 82
115 133 -58
115 134 -78
115 137 6
115 138 1
115 139 -21
115 140 -99
115 143 -16
116 0 -97
116 1 -21
116 4 60
116 5 12
116 10 -38
116 13 34
116 14 -23
116 18 -70
116 19 22
116 21 -99
116 22 -60
116 24 -48
116 26 95
116 29 -38
116 34 -77
116 35 -74
116 39 -44
116 40 -62
116 42 71
116 49 -56
116 52 78
116 59 9
116 60 36
116 63 14
116 65 88
116 66 2
116 67 3
116 68 14
116 69 10
116 70 -21
116 73 -10
116 76 66
116 77 -73
116 78 -94
116 80 14
116 82 -41
116 88 -6
116 89 58
116 93 45
116 94 -3
116 99 -67
116 101 58
116 102 97
116 103 60
116 106 -21
116 108 -36
116 111 47
116 113 82
116 117 -100
116 119 78
116 120 -67
116 122 -27
116 125 4
116 128 -38
116 131 79
116 133 -61
116 138 -92
116 141 -49
116 142 33
116 145 -54
116 146 81
117 1 71
117 5 -83
117 7 -86
117 10 -37
117 11 -68
117 12 -43
117 13 -24
117 15 -55
117 18 75
117 21 -84
117 24 -87
117 26 -31
117 29 4
117 30 80
117 32 -6
117 35 34
117 39 88
117 40 -8
117 43 -1
117 46 9
117 48 49
117 50 50
117 51 -78
117 56 -34
117 58 -62
117 60 -24
117 62 -63
117 63 52
117 66 -9
117 68 -24
117 71 54
117 72 72
117 73 23
117 75 95
117 77 -51
117 79 -78
117 80 67
117 81 33
117 83 -2
117 84 -64
117 86 -71
117 87 92
117 93 -21
117 98 -85
117 99 -51
117 100 -58
117 101 77
117 104 29
117 105 13
117 106 87
117 107 -79
117 109 -76
117 115 -72
117 122 59
117 131 54
117 134 -56
117 136 -80
117 137 -100
117 139 -62
117 140 -1
117 141 39
117 143 41
118 0 -50
118 8 -38
118 9 -68
118 10 -16
118 13 82
118 14 73
118 15 3
118 16 -53
118 17 -1
118 18 -86
118 23 97
118 27 33
118 28 -26
118 30 -6
118 37 4
118 38 -80
118 39 -52
118 40 -87
118 45 2
118 46 -15
118 47 -95
118 53 -100
118 55 58
118 57 -68
118 60 97
118 61 63
118 62 24
118 67 -11
118 68 85
118 74 48
118 77 -63
118 78 62
118 79 76
118 86 1
118 88 -45
118 93 -50
118 94 -43
118 96 30
118 98 17
118 101 -75
118 102 -72
118 104 11
118 106 97
118 111 -91
118 112 34
118 114 32
118 117 -12
118 119 66
118 120 -67
118 121 3
118 123 15
118 128 -1
118 133 -62
118 134 11
118 135 -64
118 142 35
118 143 76
118 146 16
119 0 55
119 6 -1
119 8 -12
119 9 69
119 10 -99
119 11 62
119 12 -70
119 13 35
119 16 12
119 21 -74
119 22 -48
119 25 -73
119 26 70
119 29 -24
119 30 -40
119 31 5
119 32 24
119 34 -32
119 37 -68
119 39 -58
119 40 9
119 44 -2
119 45 3
119 46 -58
119 47 30
119 48 6
119 51 93
119 54 -69
119 55 38
119 62 90
119 64 -72
119 66 76
119 68 -82
119 69 -99
119 73 78
119 75 10
119 79 -26
119 80 3
119 82 54
119 83 94
119 84 -18
119 85 -45
119 86 85
119 88 -61
119 93 -14
119 95 60
119 96 -10
119 100 22
119 103 -92
119 105 -61
119 109 -8
119 113 -71
119 116 -92
119 118 -52
119 119 -29
119 120 -19
119 121 27
119 122 -32
119 123 62
119 125 87
119 129 86
119 131 -77
119 135 -12
119 136 5
119 141 -3
119 142 13
119 143 38
119 147 51
120 0 -10
120 1 75
120 2 56
120 3 -45
120 4 -98
120 7 74
120 10 49
120 13 -72
120 17 -5
120 18 90
120 22 9
120 23 68
120 24 11
120 25 -31
120 26 -51
120 29 -42
120 30 36
120 36 -46
120 38 83
120 40 -99
120 43 -20
120 45 -16
120 47 62
120 50 -24
120 52 -13
120 54 -8
120 56 -98
120 58 96
120 60 -20
120 62 -87
120 64 -77
120 65 -46
120 67 -2
120 69 -40
120 70 82
120 71 -32
120 72 -18
120 73 -95
120 76 -72
120 79 -47
120 81 77
120 84 -41
120 86 33
120 87 15
120 92 78
120 95 -84
120 97 -98
120 98 21
120 99 75
120 101 -72
120 103 11
120 112 31
120 116 58
120 118 -57
120 120 -40
120 121 65
120 126 -76
120 127 6
120 128 35
120 137 66
120 138 5
120 139 -9
120 140 -25
120 149 9
121 3 -65
121 4 -60
121 5 -62
121 8 -70
121 11 -99
121 15 -9
121 16 89
121 17 -54
121 18 -23
121 19 78
121 20 23
121 21 -26
121 22 -78
121 23 -13
121 24 58
121 28 7
121 29 -31
121 34 -10
121 35 -37
121 36 24
121 38 15
121 39 -82
121 40 68
121 41 7
121 42 -4
121 44 -97
121 47 86
121 51 -9
121 53 28
121 55 52
121 57 -81
121 58 9
121 59 81
121 61 4
121 63 37
121 64 77
121 66 -86
121 68 -2
121 69 20
121 74 -54
121 76 98
121 80 53
121 81 -3
121 83 96
121 85 -42
121 87 -23
121 89 -99
121 90 -57
121 92 99
121 96 -21
121 97 -31
121 98 30
121 100 -39
121 103 12
121 105 -33
121 108 56
121 109 38
121 110 77
121 112 -67
121 113 -84
121 114 -16
121 120 -62
121 121 29
121 122 11
121 123 40
121 125 -55
121 130 -46
121 131 70
121 134 80
121 136 80
121 140 -40
121 141 -38
121 143 87
121 144 -29
121 148 38
122 3 -25
122 4 47
122 8 -13
122 9 5
122 11 -78
122 19 37
122 23 -24
122 25 55
122 29 -17
122 31 -80
122 32 -73
122 34 68
122 38 -90
122 40 -68
122 46 -100
122 47 23
122 53 -76
122 56 20
122 57 76
122 58 -44
122 64 13
122 66 41
122 67 -40
122 68 -56
122 69 -65
122 72 51
122 74 -3
122 76 -89
122 77 -45
122 78 -10
122 79 27
122 80 -40
122 87 96
122 88 -5
122 90 86
122 91 -6
122 96 84
122 97 4
122 98 -37
122 99 -30
122 100 44
122 104 57
122 105 -99
122 107 13
122 111 -72
122 113 13
122 115 -85
122 118 -15
122 119 72
122 121 -6
122 123 31
122 127 97
122 128 15
122 130 -82
122 132 -71
122 136 -32
122 143 11
122 147 62
123 2 65
123 3 -75
123 6 -92
123 8 96
123 11 19
123 14 -61
123 15 33
123 16 -9
123 19 -100
123 21 -75
123 24 -18
123 25 -62
123 26 -33
123 27 39
123 29 -91
123 32 61
123 33 55
123 36 -92
123 38 70
123 41 57
123 44 51
123 47 -81
123 52 47
123 58 -97
123 61 -73
123 62 52
123 64 91
123 65 69
123 67 -12
123 68 -19
123 70 70
123 71 34
123 72 39
123 73 -48
123 74 -76
123 78 -90
123 84 -57
123 88 -52
123 90 -42
123 91 95
123 95 5
123 98 1
123 99 -82
123 100 -41
123 101 65
123 104 24
123 106 62
123 108 -37
123 111 -68
123 114 73
123 115 78
123 119 11
123 120 45
123 122 -66
123 125 -97
123 126 -48
123 129 -76
123 132 80
123 137 -12
123 140 -11
123 141 -64
123 143 -68
123 145 -41
124 0 62
124 8 -87
124 14 -86
124 17 -13
124 20 81
124 24 25
124 26 88
124 30 51
124 31 27
124 33 -18
124 34 -50
124 37 -97
124 38 -84
124 45 -98
124 52 -61
124 54 -55
124 55 43
124 56 20
124 57 91
124 62 -14
124 64 11
124 65 -78
124 66 54
124 67 -36
124 68 -95
124 69 38
124 71 -50
124 74 -31
124 76 78
124 77 16
124 78 43
124 82 -99
124 84 68
124 86 -44
124 87 -63
124 89 -44
124 92 -30
124 95 -87
124 96 -71
124 102 -50
124 103 31
124 106 65
124 107 -87
124 109 20
124 111 -47
124 113 -53
124 114 26
124 116 -29
124 120 -78
124 121 75
124 123 -7
124 125 -61
124 129 28
124 131 -96
124 132 31
124 133 2
124 134 83
124 137 -74
124 138 55
124 139 -58
124 141 -10
124 142 -33
124 143 -88
124 147 6
124 148 -49
125 0 34
125 1 -71
125 2 -67
125 3 47
125 8 17
125 9 -89
125 10 74
125 11 67
125 12 8
125 14 -85
125 20 -72
125 22 -92
125 23 27
125 24 70
125 27 -1
125 28 -98
125 29 -41
125 30 32
125 31 -4
125 34 -96
125 35 98
125 36 -12
125 37 -27
125 38 -4
125 42 45
125 43 -35
125 44 -61
125 45 31
125 46 -11
125 49 -70
125 52 -93
125 53 53
125 55 76
125 56 -17
125 60 -83
125 67 93
125 74 36
125 75 -4
125 77 65
125 79 -38
125 80 22
125 83 -97
125 85 66
125 86 58
125 88 60
125 89 -40
125 92 -5
125 101 -82
125 108 -8
125 110 -47
125 113 -5
125 114 -53
125 115 -13
125 117 -49
125 118 3
125 119 -33
125 120 -74
125 123 -80
125 125 -82
125 126 -60
125 129 70
125 132 60
125 133 16
125 134 41
125 141 -11
125 144 6
125 145 33
126 0 48
126 1 100
126 3 -47
126 6 49
126 7 24
126 8 12
126 9 77
126 10 -5
126 11 1
126 12 -99
126 13 98
126 15 -13
126 19 76
126 20 92
126 22 91
126 25 87
126 26 -21
126 27 -46
126 30 -36
126 35 68
126 37 -9
126 38 -53
126 40 -19
126 41 100
126 42 99
126 43 75
126 45 -92
126 47 68
126 49 -1
126 51 51
126 54 -80
126 58 -3
126 59 -50
126 60 86
126 71 -26
126 74 -6
126 77 -60
126 82 -3
126 85 -49
126 89 63
126 90 -94
126 91 3
126 94 -29
126 97 -5
126 98 63
126 100 78
126 103 37
126 105 88
126 106 60
126 107 45
126 116 54
126 118 39
126 121 4
126 124 -57
126 125 86
126 129 37
126 130 -23
126 131 -100
126 132 56
126 133 -97
126 139 -54
126 140 40
126 145 20
126 146 -53
126 148 36
127 0 -10
127 1 46
127 2 -20
127 6 -74
127 7 -81
127 8 -60
127 16 29
127 18 -79
127 22 -71
127 23 -1
127 27 -77
127 28 -99
127 32 55
127 35 -95
127 37 46
127 40 -77
127 43 -61
127 44 94
127 45 77
127 49 60
127 50 45
127 51 57
127 54 98
127 55 43
127 58 10
127 59 32
127 62 100
127 64 -9
127 67 68
127 68 -93
127 69 -14
127 73 -95
127 75 -16
127 76 -75
127 79 -30
127 84 -67
127 85 81
127 87 98
127 89 -46
127 91 68
127 92 -31
127 93 72
127 94 -67
127 95 1
127 97 -80
127 98 59
127 104 67
127 106 -64
127 108 -29
127 114 -68
127 116 48
127 124 17
127 127 57
127 129 61
127 131 -74
127 134 -75
127 137 -43
127 139 27
127 143 -11
127 148 12
127 149 -51
128 0 -47
128 2 76
128 3 -94
128 5 14
128 12 54
128 17 -46
128 18 -29
128 22 56
128 29 34
128 31 -29
128 32 -68
128 34 38
128 35 -58
128 36 67
128 38 -42
128 40 -78
128 41 -29
128 43 -29
128 47 88
128 52 47
128 53 -97
128 54 -91
128 63 47
128 66 -50
128 67 -92
128 68 95
128 70 87
128 74 60
128 76 9
128 80 46
128 81 -39
128 86 19
128 87 61
128 89 68
128 90 -13
128 95 -56
128 97 84
128 98 50
128 99 15
128 100 -34
128 104 -51
128 106 21
128 108 10
128 110 -33
128 112 -34
128 113 -57
128 116 -25
128 121 5
128 122 1
128 124 -7
128 125 27
128 126 -22
128 128 94
128 130 -65
128 134 17
128 136 -99
128 139 39
128 141 72
128 149 60
129 2 62
129 3 29
129 5 9
129 6 68
129 7 15
129 8 89
129 17 -59
129 18 53
129 19 -18
129 20 63
129 24 -71
129 25 -77
129 30 -75
129 33 24
129 34 -95
129 36 77
129 45 -64
129 47 -53
129 49 -31
129 50 -66
129 53 -24
129 54 -97
129 55 -13
129 57 -50
129 60 -58
129 63 -49
129 65 -13
129 68 68
129 70 -28
129 72 -9
129 73 -53
129 75 -70
129 76 -1
129 79 26
129 80 -13
129 83 -31
129 84 -70
129 85 20
129 88 12
129 89 11
129 95 -55
129 96 16
129 98 8
129 100 81
129 105 -11
129 106 -75
129 111 -32
129 112 -73
129 114 74
129 115 70
129 116 12
129 122 -94
129 129 94
129 130 -80
129 132 -16
129 133 82
129 134 49
129 135 4
129 139 -71
129 140 9
129 142 -73
129 147 97
129 149 -82
130 7 -26
130 8 24
130 10 -22
130 12 53
130 13 -85
130 14 -100
130 16 -78
130 17 -78
130 24 76
130 25 -89
130 27 -95
130 28 35
130 31 61
130 33 -13
130 34 -84
130 35 -12
130 36 14
130 41 70
130 45 82
130 46 -39
130 52 97
130 53 58
130 58 -70
130 59 84
130 61 -70
130 62 11
130 64 65
130 66 81
130 69 -27
130 70 -55
130 73 31
130 74 38
130 77 46
130 79 -97
130 83 -19
130 84 16
130 87 51
130 93 -100
130 94 -71
130 95 93
130 99 -81
130 101 -81
130 108 -17
130 110 26
130 112 79
130 113 -80
130 115 -4
130 117 61
130 118 16
130 123 -67
130 127 -71
130 129 22
130 130 55
130 133 -11
130 134 -11
130 135 -22
130 136 25
130 139 40
130 146 -85
131 0 27
131 3 -26
131 7 -64
131 9 53
131 10 -89
131 23 50
131 24 -75
131 25 -98
131 27 -89
131 29 -73
131 31 14
131 32 -56
131 34 -80
131 35 -82
131 38 -91
131 39 85
131 41 -67
131 43 78
131 47 -17
131 48 -36
131 49 59
131 51 81
131 52 84
131 53 48
131 58 -22
131 59 3
131 61 -67
131 62 74
131 63 -91
131 67 -33
131 68 -3
131 70 -34
131 71 -39
131 72 40
131 74 14
131 77 43
131 80 51
131 81 40
131 84 -36
131 86 96
131 87 94
131 88 -97
131 99 -62
131 100 10
131 103 71
131 108 -55
131 110 75
131 113 -81
131 116 -45
131 117 -73
131 118 -29
131 119 29
131 121 -59
131 122 -19
131 123 76
131 127 31
131 131 91
131 134 -46
131 135 79
131 137 80
131 138 -44
131 140 99
131 142 -18
131 143 -31
131 144 9
131 145 67
131 146 -25
131 147 96
131 149 70
132 0 5
132 1 -33
132 3 -79
132 4 22
132 5 -52
132 6 -21
132 12 10
132 14 -58
132 15 -59
132 16 -12
132 17 -90
132 18 -8
132 19 -24
132 24 91
132 28 -85
132 29 -9
132 30 47
132 31 -41
132 33 55
132 35 -21
132 38 22
132 39 -12
132 40 48
132 41 47
132 44 49
132 45 84
132 46 -67
132 50 29
132 51 33
132 61 67
132 62 -71
132 63 -68
132 65 -87
132 66 46
132 68 93
132 70 -71
132 71 56
132 72 -89
132 73 -24
132 74 69
132 77 67
132 78 24
132 80 36
132 82 6
132 85 -70
132 89 1
132 90 85
132 91 -32
132 95 -22
132 97 99
132 99 -56
132 100 46
132 101 -3
132 103 -4
132 105 88
132 109 65
132 112 89
132 115 62
132 118 36
132 120 -39
132 124 -53
132 125 -6
132 128 72
132 130 -19
132 131 -35
132 132 -39
132 133 -8
132 136 15
132 137 20
132 141 -35
132 142 39
132 143 -18
132 148 -54
133 1 -46
133 3 48
133 5 -13
133 9 89
133 10 -55
133 11 4
133 12 33
133 14 -67
133 15 -80
133 17 -74
133 22 -15
133 24 98
133 26 -49
133 27 -40
133 28 75
133 29 100
133 30 -25
133 31 -29
133 35 96
133 36 -68
133 43 -59
133 44 -75
133 48 -38
133 50 54
133 51 -59
133 52 -92
133 58 93
133 63 -41
133 64 89
133 68 -74
133 70 -10
133 71 91
133 72 -67
133 74 -73
133 81 -45
133 82 66
133 84 21
133 85 -56
133 87 56
133 90 -97
133 91 -44
133 92 -58
133 95 -100
133 96 64
133 102 40
133 103 3
133 104 85
133 109 -89
133 112 10
133 114 -87
133 117 27
133 125 -71
133 129 56
133 131 -87
133 139 -94
133 143 -37
133 144 -13
133 145 -70
133 147 -5
133 148 -44
134 1 -27
134 2 -64
134 4 -90
134 9 -94
134 10 80
134 11 12
134 14 84
134 17 84
134 21 2
134 22 52
134 23 -48
134 25 78
134 27 93
134 28 91
134 31 -25
134 33 -66
134 34 -58
134 36 49
134 38 -22
134 39 -81
134 43 61
134 46 28
134 48 98
134 52 -19
134 53 -33
134 55 -92
134 56 -54
134 58 -18
134 60 67
134 65 2
134 66 45
134 68 4
134 69 -71
134 72 -91
134 74 42
134 79 40
134 81 89
134 82 -65
134 83 -40
134 84 -18
134 86 -69
134 87 -89
134 88 -63
134 89 7
134 90 94
134 94 -45
134 95 -20
134 96 77
134 97 -60
134 98 -45
134 101 -43
134 102 -15
134 108 -91
134 109 -66
134 113 -84
134 114 93
134 115 99
134 116 -77
134 119 -40
134 120 36
134 122 43
134 124 -30
134 125 93
134 126 -50
134 129 72
134 130 -74
134 133 -82
134 134 -64
134 135 -86
134 139 44
134 140 6
134 141 -35
134 142 60
134 143 -25
134 146 -96
135 0 76
135 5 86
135 6 -91
135 9 7
135 10 -65
135 11 -62
135 12 -48
135 14 -62
135 17 -32
135 18 -56
135 20 -34
135 21 -53
135 22 -16
135 23 20
135 26 91
135 27 55
135 30 -46
135 31 22
135 32 87
135 34 -79
135 36 -44
135 37 -25
135 40 -43
135 43 -94
135 48 36
135 49 -13
135 51 -6
135 53 -58
135 56 55
135 58 -52
135 59 47
135 62 -82
135 76 56
135 77 2
135 78 34
135 79 12
135 81 13
135 85 -49
135 86 -46
135 87 -22
135 89 -94
135 90 80
135 93 59
135 96 86
135 98 -44
135 99 -33
135 100 47
135 101 42
135 102 26
135 105 47
135 106 60
135 108 51
135 110 27
135 112 -19
135 114 -53
135 116 -31
135 118 72
135 119 29
135 121 -39
135 123 -93
135 124 45
135 126 -89
135 131 88
135 135 -73
135 137 16
135 141 56
135 144 37
135 146 26
135 148 -83
136 0 -49
136 1 46
136 2 -48
136 4 -15
136 7 -18
136 8 74
136 9 -11
136 11 4
136 13 57
136 15 -55
136 19 87
136 22 -57
136 23 -83
136 24 -13
136 27 -2
136 28 -1
136 35 -42
136 36 82
136 39 99
136 40 13
136 42 -10
136 43 -59
136 45 64
136 47 1
136 48 -46
136 51 35
136 52 81
136 53 44
136 56 7
136 57 40
136 58 -49
136 59 -56
136 60 -30
136 62 55
136 64 -53
136 66 -76
136 68 1
136 69 -11
136 72 -89
136 76 33
136 78 6
136 81 85
136 82 29
136 85 3
136 89 7
136 90 -24
136 92 -86
136 94 53
136 96 84
136 97 35
136 99 14
136 103 44
136 105 79
136 106 34
136 116 -45
136 118 -93
136 119 -55
136 121 70
136 122 70
136 125 55
136 126 -25
136 127 -24
136 128 -48
136 129 21
136 130 -19
136 131 -75
136 135 12
136 137 -88
136 139 -16
136 140 -76
136 142 -67
136 145 34
136 146 -25
136 148 -11
136 149 -78
137 0 -44
137 6 -46
137 7 17
137 8 -61
137 12 29
137 14 -99
137 15 7
137 16 43
137 20 100
137 26 -82
137 27 9
137 28 31
137 29 -33
137 32 -41
137 34 75
137 35 88
137 37 93
137 38 -84
137 41 62
137 43 -54
137 45 16
137 50 9
137 51 -16
137 52 -77
137 53 -40
137 56 -38
137 57 -41
137 59 37
137 61 66
137 65 34
137 73 -60
137 75 -79
137 76 24
137 80 10
137 81 95
137 82 -62
137 84 4
137 85 37
137 87 73
137 88 32
137 89 54
137 90 43
137 91 -35
137 96 47
137 97 34
137 98 -80
137 99 18
137 101 -12
137 103 -98
137 104 -64
137 106 -94
137 107 -57
137 108 31
137 109 69
137 110 -47
137 111 -50
137 112 27
137 114 35
137 115 -96
137 116 -41
137 117 -48
137 119 8
137 120 -4
137 121 79
137 124 61
137 125 -10
137 131 78
137 132 -12
137 134 -59
137 137 17
137 138 -76
137 141 72
137 143 -95
137 147 85
137 148 22
138 0 -23
138 5 42
138 6 -75
138 8 -67
138 9 -54
138 10 38
138 11 -82
138 18 -32
138 20 96
138 21 89
138 26 -95
138 28 -3
138 30 -51
138 31 -93
138 33 -63
138 36 -76
138 37 80
138 39 -36
138 44 37
138 45 42
138 47 -78
138 52 -92
138 53 37
138 54 -3
138 55 -6
138 56 39
138 63 -36
138 66 98
138 69 33
138 70 56
138 71 -17
138 73 -79
138 79 59
138 80 -32
138 82 60
138 84 11
138 88 -56
138 89 44
138 91 -58
138 95 96
138 97 -5
138 98 52
138 99 -9
138 101 76
138 102 -67
138 106 13
138 112 6
138 113 1
138 114 65
138 115 61
138 117 24
138 119 76
138 121 92
138 122 72
138 123 -2
138 126 58
138 129 -38
138 133 -12
138 136 58
138 137 -18
138 138 -73
138 141 -62
138 142 -4
138 148 -52
139 4 -99
139 7 -49
139 12 79
139 13 66
139 15 -64
139 17 -70
139 18 -89
139 20 -44
139 22 -39
139 23 21
139 27 -19
139 31 63
139 32 -48
139 33 41
139 34 92
139 36 -77
139 38 81
139 39 -35
139 42 54
139 45 -16
139 46 -53
139 48 -34
139 51 79
139 52 -92
139 54 63
139 56 -83
139 62 -50
139 63 4
139 65 18
139 68 6
139 69 -4
139 71 -61
139 73 12
139 74 47
139 77 -30
139 79 -83
139 83 60
139 84 33
139 92 38
139 94 81
139 95 96
139 96 -68
139 98 -63
139 99 27
139 100 43
139 102 42
139 103 -7
139 104 -25
139 105 -69
139 107 -20
139 111 45
139 112 -43
139 115 48
139 116 22
139 120 -47
139 127 -2
139 129 -25
139 132 -1
139 135 31
139 139 -25
139 141 -28
139 143 -12
139 146 64
139 147 85
139 149 61
140 2 42
140 6 70
140 7 -82
140 8 -77
140 11 -81
140 12 21
140 15 2
140 19 -37
140 25 80
140 26 39
140 29 -49
140 30 -29
140 31 34
140 34 -70
140 35 -93
140 36 -36
140 37 31
140 40 -69
140 41 80
140 44 -93
140 47 -6
140 50 72
140 51 -4
140 52 -32
140 56 -72
140 57 -6
140 58 29
140 59 61
140 62 -66
140 63 35
140 64 -77
140 66 31
140 68 -91
140 72 -58
140 75 51
140 76 -63
140 77 -86
140 79 29
140 81 -45
140 87 74
140 91 100
140 93 -97
140 96 -39
140 101 84
140 103 -11
140 105 -65
140 106 -83
140 109 11
140 110 -49
140 111 22
140 112 -72
140 113 -46
140 117 76
140 119 -88
140 120 83
140 122 -34
140 127 72
140 128 9
140 130 54
140 131 31
140 133 77
140 140 49
140 142 48
140 145 45
140 146 -74
141 0 -64
141 5 -41
141 6 -54
141 7 79
141 13 -68
141 18 -13
141 19 -64
141 21 16
141 22 90
141 23 37
141 25 -37
141 27 -9
141 30 -99
141 35 46
141 36 -61
141 40 14
141 43 74
141 46 -90
141 47 -93
141 48 -66
141 53 -37
141 54 -22
141 56 31
141 60 -42
141 63 99
141 64 43
141 69 80
141 72 -13
141 75 -91
141 78 -54
141 79 -28
141 80 -33
141 81 -41
141 82 -70
141 83 32
141 84 40
141 85 72
141 86 -49
141 90 -91
141 93 -13
141 97 91
141 98 63
141 99 65
141 100 71
141 101 -22
141 104 -95
141 108 89
141 109 -87
141 111 36
141 112 87
141 113 37
141 114 -76
141 115 -65
141 117 55
141 119 -10
141 120 -36
141 122 -59
141 124 -14
141 126 -97
141 132 82
141 135 59
141 141 -17
141 142 -66
141 147 -44
142 0 -50
142 3 25
142 7 38
142 8 8
142 10 -29
142 11 50
142 15 29
142 16 -53
142 17 23
142 19 73
142 24 -16
142 26 -49
142 28 43
142 29 -96
142 32 -54
142 34 -36
142 36 -73
142 37 75
142 39 87
142 40 -95
142 43 39
142 44 58
142 46 -38
142 47 99
142 48 34
142 50 -80
142 51 81
142 52 -97
142 60 -62
142 61 45
142 62 -16
142 64 -9
142 66 -92
142 68 81
142 72 -25
142 77 5
142 79 -10
142 80 45
142 83 -88
142 85 -41
142 89 -57
142 90 26
142 93 54
142 94 -39
142 95 77
142 97 46
142 100 -77
142 101 6
142 102 -65
142 106 -37
142 109 10
142 111 -83
142 114 -45
142 115 -7
142 120 -59
142 121 97
142 122 24
142 123 -16
142 124 78
142 129 18
142 131 94
142 134 -81
142 135 65
142 137 7
142 139 -17
142 141 42
142 144 -52
142 146 -11
142 148 1
142 149 -67
143 2 -12
143 5 47
143 6 -100
143 7 82
143 8 48
143 10 60
143 11 -85
143 14 31
143 17 -54
143 19 -56
143 20 3
143 22 -24
143 23 -22
143 26 -72
143 28 52
143 29 -48
143 31 -72
143 33 -97
143 34 24
143 35 12
143 39 -10
143 44 -97
143 45 38
143 47 90
143 50 12
143 52 -19
143 56 -68
143 58 97
143 61 24
143 64 -44
143 65 -32
143 67 -48
143 69 18
143 72 32
143 75 -5
143 76 2
143 78 29
143 81 -64
143 86 20
143 87 -91
143 91 59
143 97 98
143 98 81
143 100 -30
143 102 76
143 104 97
143 105 12
143 106 73
143 107 -60
143 108 93
143 109 52
143 114 14
143 118 -50
143 120 -69
143 121 35
143 123 42
143 126 -33
143 130 -32
143 131 -31
143 133 94
143 134 76
143 139 -60
143 142 -97
143 146 47
143 148 -48
144 0 28
144 1 -1
144 3 -51
144 5 87
144 6 45
144 8 40
144 11 -33
144 13 14
144 14 99
144 15 -63
144 16 -67
144 20 -66
144 22 -88
144 32 -95
144 36 -59
144 37 82
144 39 -65
144 41 -10
144 43 -28
144 44 -40
144 45 88
144 49 -3
144 54 -25
144 56 99
144 57 66
144 59 29
144 60 -62
144 63 18
144 64 16
144 65 -97
144 71 35
144 72 92
144 73 27
144 80 -3
144 83 9
144 84 81
144 89 -61
144 90 -37
144 92 -77
144 94 48
144 97 89
144 99 -3
144 100 68
144 103 -79
144 105 -59
144 109 -84
144 112 66
144 113 -99
144 115 53
144 116 -52
144 117 -24
144 118 -81
144 120 95
144 121 -12
144 124 -92
144 127 -46
144 128 45
144 129 59
144 135 49
144 140 -73
144 141 -40
144 142 -17
144 143 28
144 144 -20
144 145 18
144 149 -61
145 0 -78
145 3 -26
145 5 74
145 11 88
145 14 10
145 15 -36
145 17 -19
145 21 -17
145 23 -71
145 27 -27
145 28 -53
145 30 -100
145 31 56
145 32 31
145 34 79
145 36 8
145 38 -40
145 40 91
145 41 74
145 44 -51
145 48 13
145 53 61
145 63 -92
145 65 -96
145 68 89
145 75 -25
145 76 -20
145 77 -44
145 83 87
145 84 -55
145 85 -16
145 87 -82
145 88 38
145 89 -3
145 92 58
145 93 63
145 94 -100
145 95 -57
145 96 23
145 97 8
145 99 97
145 100 -13
145 101 -35
145 102 -92
145 105 21
145 107 10
145 112 -95
145 114 46
145 118 -92
145 119 -22
145 120 -14
145 121 12
145 125 -57
145 126 -36
145 129 59
145 130 69
145 131 16
145 133 48
145 136 -91
145 138 -86
145 139 -31
145 141 -54
145 143 -33
145 145 13
145 146 -20
145 148 -30
145 149 67
146 0 -78
146 1 -60
146 3 -31
146 6 23
146 7 89
146 8 -9
146 9 52
146 15 -45
146 23 -27
146 24 -14
146 27 -95
146 30 -71
146 33 -82
146 34 -36
146 36 88
146 39 -77
146 42 -68
146 47 83
146 50 -52
146 58 -75
146 60 21
146 66 -24
146 68 99
146 69 -39
146 71 -83
146 75 -90
146 78 99
146 80 6
146 81 49
146 84 96
146 85 99
146 86 91
146 87 -66
146 93 87
146 96 15
146 97 62
146 99 77
146 104 2
146 105 43
146 107 76
146 108 -86
146 109 -92
146 110 -57
146 112 -62
146 114 -54
146 115 -27
146 119 -97
146 121 65
146 125 99
146 127 51
146 130 -8
146 132 -34
146 135 -47
146 141 58
146 142 -53
146 146 -21
146 147 -34
146 148 -53
147 0 -69
147 1 -68
147 2 -82
147 6 -55
147 9 -20
147 11 -43
147 12 -72
147 17 25
147 21 15
147 23 86
147 24 -32
147 25 -32
147 28 47
147 29 -65
147 30 66
147 33 -32
147 35 -17
147 39 56
147 40 -41
147 41 -14
147 44 -46
147 47 -67
147 49 -68
147 50 100
147 52 89
147 55 -30
147 60 -30
147 61 24
147 62 -82
147 63 -24
147 66 16
147 67 13
147 68 -100
147 70 95
147 75 35
147 79 46
147 80 19
147 81 -26
147 91 -69
147 96 7
147 97 63
147 98 -27
147 99 -53
147 100 -81
147 104 57
147 109 92
147 110 -27
147 111 -27
147 113 35
147 117 91
147 118 68
147 125 -52
147 126 71
147 128 7
147 130 -77
147 131 35
147 132 73
147 133 -60
147 136 -53
147 139 20
147 142 68
148 1 21
148 3 77
148 6 55
148 10 -71
148 12 -75
148 16 -4
148 17 48
148 18 -70
148 20 98
148 24 -35
148 25 -49
148 28 27
148 31 -54
148 33 -25
148 34 -99
148 35 -89
148 38 -77
148 41 97
148 42 -47
148 43 -18
148 44 58
148 45 -15
148 46 16
148 47 18
148 48 -4
148 51 82
148 55 54
148 58 -4
148 61 35
148 63 35
148 64 -51
148 65 33
148 67 -7
148 78 -18
148 80 -46
148 82 -9
148 83 4
148 88 12
148 89 92
148 90 59
148 92 74
148 93 48
148 95 -9
148 96 -96
148 97 43
148 99 5
148 101 -7
148 104 -15
148 106 8
148 109 27
148 110 24
148 111 78
148 120 -61
148 122 6
148 128 77
148 131 -20
148 134 45
148 135 -46
148 137 30
148 145 33
148 148 64
149 0 8
149 4 75
149 6 72
149 14 -100
149 15 93
149 17 -36
149 20 83
149 21 97
149 23 80
149 26 18
149 27 -63
149 28 99
149 31 59
149 32 -81
149 33 22
149 34 58
149 35 62
149 37 -9
149 44 -52
149 46 -35
149 48 58
149 50 39
149 51 -9
149 52 -8
149 55 53
149 59 -71
149 61 25
149 63 -63
149 64 -47
149 65 17
149 66 90
149 70 13
149 71 67
149 72 89
149 75 -72
149 76 44
149 78 -99
149 79 52
149 81 76
149 82 62
149 83 -50
149 86 52
149 87 -27
149 90 65
149 95 32
149 97 -31
149 98 -52
149 100 -38
149 109 61
149 114 -29
149 117 40
149 119 92
149 120 8
149 121 94
149 122 -43
149 124 97
149 125 96
149 128 -72
149 129 64
149 130 -29
149 132 -4
149 138 7
149 141 96
149 144 -17
149 145 44
149 147 -90
149 149 51