0 1 33
0 3 -36
0 4 -50
0 7 -57
0 9 81
0 10 92
0 12 89
0 13 -16
0 14 -81
0 15 73
0 16 58
0 17 -18
0 18 -95
0 19 43
0 23 79
0 24 76
0 26 50
0 27 -36
0 28 35
0 29 38
0 30 62
0 31 55
0 32 -8
0 34 33
0 35 -39
0 36 -91
0 37 -86
0 38 -97
0 39 -56
0 40 -22
0 44 -71
0 45 -13
0 46 -17
0 48 -98
0 49 -49
1 0 -33
1 1 -3
1 2 72
1 3 -43
1 4 -65
1 5 -65
1 11 23
1 12 38
1 14 -6
1 15 -84
1 16 -69
1 17 -17
1 18 -62
1 19 48
1 22 -98
1 23 -38
1 25 -45
1 26 -86
1 27 -38
1 28 -3
1 29 -28
1 30 84
1 31 -76
1 32 84
1 33 -92
1 35 51
1 36 56
1 37 -44
1 38 85
1 39 42
1 40 20
1 41 20
1 42 -48
1 43 80
1 44 -93
1 46 70
1 47 9
1 48 44
1 49 69
2 0 -5
2 1 -3
2 3 -27
2 4 -14
2 5 -2
2 6 -47
2 7 -44
2 8 -20
2 9 -38
2 10 -69
2 11 -95
2 12 -53
2 13 -53
2 14 -28
2 15 -52
2 16 -15
2 17 80
2 18 -78
2 19 20
2 21 -36
2 22 38
2 23 -6
2 25 97
2 27 31
2 28 -2
2 29 29
2 30 -21
2 34 67
2 36 -9
2 37 89
2 38 -20
2 40 -60
2 41 37
2 42 -11
2 43 65
2 44 -73
2 45 -10
2 46 -46
2 47 -90
2 48 80
3 0 14
3 2 -54
3 4 40
3 5 33
3 6 -25
3 8 31
3 9 38
3 10 59
3 11 -73
3 13 -3
3 14 42
3 16 -58
3 17 53
3 18 32
3 19 -95
3 20 -99
3 21 16
3 22 80
3 23 -67
3 24 14
3 25 -34
3 26 7
3 27 -98
3 28 80
3 31 85
3 33 71
3 34 -86
3 35 86
3 39 -84
3 40 -57
3 41 -98
3 42 13
3 43 22
3 44 15
3 45 42
3 47 30
3 48 -5
3 49 1
4 0 18
4 1 -7
4 2 -59
4 3 15
4 4 44
4 5 -32
4 6 54
4 8 -53
4 9 36
4 12 98
4 13 -45
4 14 -40
4 15 33
4 16 3
4 19 74
4 21 70
4 22 21
4 23 -24
4 24 47
4 25 53
4 26 70
4 27 -38
4 28 -37
4 29 -33
4 30 -11
4 31 20
4 32 67
4 34 1
4 35 10
4 37 -51
4 39 -26
4 40 -92
4 41 33
4 45 -65
4 46 -73
4 47 -62
4 49 9
5 0 18
5 1 75
5 3 -48
5 4 -72
5 5 15
5 6 69
5 7 -17
5 8 -92
5 9 -10
5 10 -24
5 11 -90
5 12 27
5 13 -66
5 14 -48
5 15 -33
5 16 -13
5 17 89
5 18 -57
5 19 83
5 20 -49
5 22 76
5 23 22
5 24 -68
5 25 -45
5 26 -54
5 27 37
5 28 94
5 29 -92
5 30 -34
5 31 -85
5 32 11
5 33 70
5 35 -92
5 36 15
5 38 -45
5 39 -89
5 40 -63
5 41 48
5 44 -76
5 45 -78
5 46 17
5 47 -45
5 48 -7
5 49 25
6 0 -35
6 1 -22
6 2 -72
6 4 82
6 5 84
6 6 35
6 7 -25
6 8 53
6 9 6
6 10 52
6 12 79
6 13 65
6 14 -72
6 15 -18
6 16 -87
6 17 -17
6 18 60
6 19 24
6 20 1
6 21 -43
6 22 -62
6 24 77
6 25 -92
6 29 -5
6 30 -33
6 31 -68
6 32 15
6 33 -46
6 34 44
6 35 -2
6 36 30
6 37 32
6 38 -45
6 39 -51
6 40 54
6 41 3
6 42 -84
6 43 40
6 45 -93
6 46 -17
6 48 30
7 0 -78
7 1 -12
7 2 48
7 3 -35
7 4 -70
7 6 94
7 7 84
7 9 6
7 10 -12
7 11 -42
7 12 70
7 13 19
7 14 76
7 15 -44
7 16 24
7 18 -1
7 19 -48
7 20 -48
7 21 -24
7 24 -80
7 26 74
7 30 -38
7 31 -86
7 32 90
7 34 70
7 35 43
7 37 -71
7 39 54
7 40 -56
7 41 71
7 42 -31
7 43 -76
7 45 -74
7 46 -96
7 47 -98
7 48 55
7 49 -33
8 0 -47
8 1 71
8 2 57
8 3 52
8 4 -95
8 5 80
8 6 -28
8 7 -30
8 9 53
8 10 64
8 11 -65
8 12 -7
8 13 -71
8 14 40
8 15 -46
8 16 -21
8 17 -3
8 19 -61
8 21 -60
8 22 19
8 23 -73
8 24 -61
8 26 -27
8 27 -32
8 28 -30
8 29 67
8 30 -8
8 31 -83
8 32 98
8 33 -74
8 34 -64
8 35 55
8 36 26
8 37 -97
8 38 53
8 39 -75
8 40 80
8 42 56
8 43 20
8 44 65
8 45 -82
8 46 8
8 47 86
8 48 98
8 49 98
9 1 56
9 2 84
9 3 47
9 4 17
9 5 -80
9 6 -87
9 7 -99
9 9 9
9 10 -34
9 11 -25
9 12 -51
9 13 -96
9 14 62
9 15 -23
9 16 -77
9 17 -71
9 18 -63
9 19 -90
9 20 -60
9 21 -14
9 24 -83
9 25 -15
9 26 37
9 27 -27
9 28 -67
9 29 -88
9 32 -17
9 33 -85
9 34 63
9 35 -94
9 36 -19
9 37 -66
9 38 3
9 39 72
9 40 89
9 43 -28
9 44 -24
9 45 -74
9 46 24
9 47 -51
9 48 19
9 49 39
10 0 -84
10 1 -4
10 2 -35
10 3 -87
10 4 -96
10 6 -2
10 7 6
10 9 42
10 10 -99
10 11 -50
10 13 -16
10 14 60
10 16 79
10 17 -1
10 18 42
10 19 -73
10 20 13
10 21 65
10 22 -32
10 23 74
10 24 -15
10 25 -46
10 26 -33
10 28 -52
10 29 -49
10 30 -13
10 31 -35
10 32 18
10 33 82
10 34 8
10 36 -26
10 37 -82
10 38 -72
10 40 -96
10 41 -37
10 42 -59
10 43 84
10 44 14
10 45 -56
10 47 -68
10 48 -31
10 49 -14
11 1 7
11 2 95
11 3 -72
11 4 56
11 5 95
11 6 65
11 7 -35
11 8 23
11 11 98
11 12 49
11 13 -90
11 14 83
11 16 19
11 17 -99
11 18 -89
11 19 25
11 21 -88
11 22 -45
11 23 -95
11 24 99
11 27 8
11 28 98
11 29 11
11 30 42
11 31 18
11 32 -4
11 33 25
11 35 93
11 36 -8
11 38 -8
11 39 -70
11 40 1
11 41 -83
11 42 77
11 43 100
11 44 65
11 45 12
11 47 -69
11 48 -62
11 49 -38
12 0 -2
12 1 -70
12 2 -56
12 4 63
12 5 -74
12 6 78
12 7 -65
12 8 -58
12 9 -8
12 10 -5
12 11 -26
12 12 69
12 13 85
12 14 2
12 16 -67
12 17 45
12 18 30
12 19 -52
12 20 -42
12 21 31
12 24 -46
12 25 7
12 27 36
12 28 -46
12 29 -25
12 30 30
12 32 -7
12 34 92
12 35 -82
12 36 -100
12 37 7
12 38 26
12 40 65
12 41 71
12 42 -35
12 43 95
12 44 41
12 45 -93
12 46 -7
12 47 -82
12 48 -19
12 49 -44
13 0 -83
13 1 7
13 2 -3
13 3 66
13 5 69
13 6 48
13 7 -55
13 8 53
13 9 87
13 10 -31
13 11 -55
13 12 -30
13 13 -45
13 14 64
13 15 -64
13 16 -45
13 17 49
13 18 -16
13 19 -96
13 20 -91
13 21 84
13 22 28
13 23 -12
13 25 29
13 28 24
13 29 79
13 30 70
13 31 17
13 32 3
13 35 59
13 36 93
13 39 -82
13 40 13
13 41 -62
13 42 -62
13 43 -24
13 44 11
13 45 22
13 46 60
13 47 44
13 48 31
13 49 73
14 0 70
14 1 54
14 2 -94
14 3 -45
14 5 79
14 7 13
14 8 96
14 9 54
14 10 42
14 11 -47
14 12 -70
14 13 66
14 14 -98
14 16 -16
14 17 59
14 18 64
14 19 29
14 20 26
14 21 -73
14 22 66
14 23 -1
14 24 86
14 26 -69
14 27 -55
14 28 -58
14 29 -60
14 30 32
14 31 62
14 32 61
14 35 -31
14 37 -34
14 38 78
14 39 -38
14 40 -91
14 41 92
14 42 -18
14 43 -20
14 44 -51
14 45 98
14 46 -55
14 47 -43
14 48 38
15 0 -83
15 1 65
15 2 -74
15 3 -79
15 4 27
15 5 -24
15 6 -47
15 7 -67
15 11 70
15 12 12
15 13 -56
15 15 26
15 18 41
15 19 60
15 20 -37
15 21 -80
15 22 92
15 23 99
15 27 -86
15 29 -2
15 30 -47
15 32 -1
15 33 29
15 34 -68
15 35 -16
15 36 37
15 37 37
15 38 34
15 39 77
15 40 -8
15 41 75
15 42 -79
15 44 -72
15 45 -63
15 47 61
15 48 14
15 49 48
16 0 -34
16 1 34
16 2 -60
16 3 -18
16 4 -64
16 7 24
16 9 33
16 10 -100
16 11 -78
16 12 -73
16 14 -39
16 15 40
16 16 99
16 17 -43
16 18 14
16 19 32
16 20 -79
16 22 6
16 23 10
16 24 -34
16 26 21
16 27 76
16 28 6
16 29 -48
16 30 -93
16 31 31
16 33 62
16 34 6
16 35 -60
16 36 -39
16 37 -60
16 38 90
16 39 -54
16 40 6
16 41 -6
16 42 -5
16 45 -92
16 46 39
16 47 -87
16 48 -79
17 0 4
17 2 44
17 3 83
17 4 94
17 7 71
17 9 -58
17 10 -61
17 11 -100
17 12 -6
17 13 10
17 14 76
17 15 -30
17 16 26
17 18 52
17 21 -71
17 22 -85
17 24 62
17 25 -16
17 26 46
17 30 11
17 31 -69
17 32 -56
17 34 2
17 35 73
17 36 59
17 37 69
17 38 -51
17 39 58
17 40 -74
17 41 30
17 42 -8
17 44 -33
17 45 -60
17 46 -45
17 47 33
17 48 97
17 49 69
18 0 -71
18 1 -19
18 2 11
18 3 -36
18 4 20
18 5 -79
18 6 8
18 8 49
18 9 -95
18 10 2
18 11 3
18 12 67
18 13 84
18 14 28
18 15 10
18 16 -51
18 17 -95
18 18 46
18 19 94
18 20 66
18 21 90
18 22 -8
18 23 50
18 24 8
18 25 -11
18 26 -92
18 27 -21
18 28 -74
18 30 -26
18 31 5
18 32 -86
18 33 5
18 34 31
18 35 93
18 38 -2
18 39 -6
18 40 -58
18 41 49
18 42 -14
18 43 -47
18 44 96
18 47 -85
18 49 -29
19 1 21
19 2 30
19 3 92
19 4 73
19 6 -37
19 7 -10
19 8 38
19 9 -36
19 10 86
19 11 -49
19 13 -56
19 14 99
19 17 -13
19 18 -63
19 20 64
19 22 -89
19 23 39
19 24 62
19 26 52
19 27 54
19 28 -7
19 30 49
19 31 43
19 32 -86
19 34 -50
19 35 -41
19 37 3
19 39 -73
19 40 52
19 41 86
19 42 29
19 43 -31
19 44 -29
19 45 31
19 46 95
19 47 9
19 48 52
19 49 -70
20 1 -96
20 3 100
20 4 40
20 5 -38
20 6 -64
20 7 38
20 8 19
20 9 44
20 10 -95
20 14 78
20 16 15
20 17 13
20 18 60
20 19 78
20 20 -37
20 21 -17
20 22 -59
20 23 64
20 24 -41
20 25 8
20 26 -94
20 28 -14
20 29 70
20 30 -99
20 31 88
20 32 23
20 33 -24
20 34 -73
20 35 -55
20 36 32
20 37 -98
20 38 1
20 39 22
20 40 -12
20 41 25
20 44 -90
20 45 77
20 46 -90
20 47 -69
20 48 -61
20 49 -33
21 2 -58
21 3 -56
21 4 40
21 5 67
21 6 83
21 7 73
21 8 37
21 10 95
21 12 -88
21 13 63
21 14 87
21 15 17
21 16 80
21 19 -58
21 20 -42
21 21 -49
21 23 -13
21 24 20
21 27 59
21 28 -83
21 29 10
21 31 33
21 32 58
21 34 -10
21 35 -1
21 36 -26
21 37 38
21 38 -61
21 39 -12
21 40 10
21 41 -26
21 42 -61
21 43 -28
21 44 -83
21 45 81
21 47 6
21 48 -54
21 49 46
22 0 67
22 1 -57
22 2 53
22 3 -5
22 5 75
22 7 23
22 8 82
22 11 -38
22 13 -8
22 14 84
22 15 77
22 16 35
22 17 -19
22 18 -60
22 19 51
22 20 94
22 23 -96
22 25 21
22 26 -37
22 27 -66
22 28 52
22 29 65
22 30 69
22 32 71
22 34 -83
22 35 -66
22 36 -85
22 37 -87
22 38 97
22 39 -85
22 41 -76
22 42 -56
22 43 -93
22 44 -10
22 45 -37
22 46 52
22 47 53
22 48 77
22 49 72
23 2 -82
23 3 -39
23 4 78
23 5 -32
23 6 62
23 7 -38
23 8 -57
23 9 -19
23 10 -26
23 11 -80
23 12 -67
23 13 63
23 14 -65
23 15 3
23 16 61
23 17 48
23 18 11
23 19 -13
23 20 35
23 22 -41
23 23 14
23 24 -76
23 25 38
23 26 36
23 27 59
23 28 31
23 29 -67
23 30 51
23 31 -73
23 32 -24
23 33 -95
23 34 39
23 36 71
23 37 -79
23 38 15
23 39 53
23 40 29
23 41 6
23 42 18
23 44 -20
23 45 35
23 47 43
23 49 -18
24 0 -60
24 2 25
24 3 -95
24 4 -61
24 6 2
24 7 78
24 9 -71
24 10 37
24 12 -63
24 13 1
24 14 -50
24 15 7
24 16 -2
24 17 -57
24 18 19
24 19 69
24 20 91
24 21 -75
24 22 -70
24 23 -9
24 24 -61
24 25 -90
24 26 -89
24 27 -12
24 29 22
24 30 -33
24 31 -52
24 32 -54
24 34 63
24 35 -24
24 36 18
24 39 -36
24 40 85
24 41 -59
24 42 90
24 43 76
24 44 40
24 45 67
24 46 -13
24 47 34
24 48 -34
24 49 46
25 0 -37
25 1 75
25 2 -75
25 4 35
25 5 19
25 9 -42
25 11 86
25 14 15
25 15 22
25 16 14
25 17 -86
25 18 -95
25 19 -60
25 20 83
25 21 77
25 22 -44
25 23 75
25 24 63
25 25 -80
25 26 17
25 27 96
25 28 3
25 29 31
25 30 40
25 31 -77
25 32 17
25 33 89
25 34 16
25 35 61
25 36 9
25 37 -6
25 38 48
25 39 6
25 40 91
25 41 -39
25 42 21
25 43 -96
25 44 -34
25 46 -79
25 47 -68
25 48 67
25 49 57
26 0 -37
26 1 -71
26 2 99
26 3 70
26 4 3
26 6 -42
26 7 -16
26 9 2
26 10 55
26 11 27
26 12 -8
26 13 -90
26 14 80
26 15 49
26 17 -57
26 18 -19
26 20 -17
26 23 -97
26 24 31
26 26 -75
26 28 83
26 29 -86
26 30 17
26 31 99
26 32 -87
26 34 -29
26 35 86
26 36 -21
26 40 -9
26 41 85
26 42 -98
26 43 -42
26 44 -19
26 46 -61
26 47 56
26 48 8
27 0 69
27 2 80
27 3 50
27 4 100
27 5 -94
27 6 59
27 8 -96
27 11 -26
27 12 -87
27 13 -18
27 14 -63
27 15 -53
27 16 3
27 17 -17
27 18 53
27 19 54
27 20 95
27 21 -64
27 22 -67
27 24 10
27 25 83
27 26 -36
27 27 -97
27 30 12
27 31 -51
27 32 -64
27 33 -36
27 34 5
27 36 24
27 37 -79
27 38 -66
27 39 -53
27 40 -56
27 41 20
27 42 51
27 44 27
27 45 -5
27 46 88
27 47 -21
27 48 -54
27 49 -63
28 0 9
28 1 -24
28 2 37
28 3 16
28 4 -25
28 5 -53
28 6 -92
28 7 -44
28 11 93
28 12 92
28 13 19
28 14 80
28 16 15
28 17 97
28 18 -67
28 19 13
28 20 24
28 22 -49
28 23 -68
28 24 49
28 26 56
28 27 55
28 28 -1
28 29 55
28 30 55
28 31 15
28 32 29
28 34 -53
28 35 -43
28 36 85
28 37 -41
28 38 100
28 40 68
28 41 71
28 43 -80
28 44 -79
28 45 -38
28 46 3
28 47 99
28 48 -21
28 49 -41
29 0 -72
29 1 -79
29 2 -74
29 4 -57
29 5 -88
29 6 -94
29 7 -82
29 8 25
29 11 -4
29 12 7
29 13 24
29 14 41
29 16 -56
29 17 67
29 18 -12
29 19 3
29 20 -92
29 23 -85
29 24 83
29 25 -20
29 26 -11
29 27 -94
29 28 -57
29 29 -68
29 31 54
29 32 40
29 33 -4
29 34 -22
29 36 -76
29 37 77
29 38 32
29 39 65
29 40 -40
29 41 -21
29 42 -12
29 43 51
29 44 54
29 45 -96
29 46 12
29 47 11
29 48 70
29 49 2
30 0 -12
30 2 -91
30 3 -33
30 4 -1
30 5 8
30 6 -62
30 7 -61
30 8 14
30 9 23
30 10 -76
30 11 -72
30 12 -13
30 14 -89
30 15 -18
30 16 24
30 18 4
30 19 54
30 20 10
30 21 -20
30 22 85
30 23 87
30 24 29
30 25 11
30 26 92
30 27 38
30 29 -30
30 30 -77
30 31 75
30 32 -31
30 33 -61
30 34 79
30 37 -93
30 38 23
30 39 58
30 43 -46
30 45 89
30 46 -81
30 47 -96
30 48 -13
30 49 -6
31 0 -44
31 2 -38
31 3 -66
31 4 61
31 5 96
31 6 90
31 7 32
31 8 81
31 9 36
31 11 -88
31 12 -52
31 13 12
31 14 44
31 15 86
31 16 -5
31 19 30
31 21 60
31 23 -9
31 24 -61
31 25 -15
31 26 56
31 27 -75
31 28 12
31 29 59
31 30 -4
31 31 73
31 33 23
31 35 -1
31 36 41
31 37 -20
31 38 -63
31 40 96
31 41 -7
31 42 -98
31 43 27
31 44 -22
31 45 58
31 46 81
31 47 88
31 49 -35
32 2 11
32 3 -82
32 4 99
32 5 73
32 6 72
32 7 65
32 8 -16
32 9 89
32 11 89
32 12 -27
32 13 -9
32 14 45
32 15 -57
32 17 87
32 19 89
32 20 -81
32 23 50
32 25 -90
32 30 24
32 31 69
32 32 66
32 33 -92
32 34 5
32 35 40
32 36 49
32 37 -68
32 39 -17
32 40 -24
32 41 47
32 42 93
32 43 -83
32 44 -18
32 45 53
32 46 27
32 48 13
32 49 -71
33 0 65
33 2 39
33 3 -19
33 4 26
33 6 92
33 7 77
33 8 -86
33 9 97
33 10 -61
33 11 6
33 12 43
33 13 93
33 14 -23
33 15 -94
33 16 32
33 17 38
33 18 -70
33 19 -43
33 20 -24
33 21 81
33 22 3
33 23 -25
33 24 -41
33 26 -27
33 28 10
33 29 61
33 30 70
33 31 57
33 32 -79
33 34 72
33 35 -97
33 36 68
33 38 4
33 39 -9
33 40 -84
33 41 85
33 43 85
33 44 -16
33 45 12
33 46 -3
33 47 23
33 48 94
33 49 -55
34 0 63
34 1 -31
34 2 -60
34 4 -96
34 6 -43
34 8 -15
34 9 1
34 10 24
34 11 92
34 12 -45
34 13 -72
34 14 78
34 15 22
34 20 -11
34 21 -91
34 22 -30
34 24 -48
34 25 -22
34 26 -37
34 28 -72
34 29 7
34 30 -52
34 31 -10
34 35 47
34 36 -43
34 37 85
34 38 -78
34 40 -55
34 41 7
34 42 -17
34 43 -15
34 45 -81
34 46 88
34 47 -6
34 49 -54
35 1 -27
35 2 -83
35 3 -93
35 4 48
35 5 -12
35 7 -74
35 8 -64
35 9 -27
35 11 46
35 12 17
35 13 13
35 14 17
35 15 93
35 16 50
35 18 92
35 19 46
35 21 100
35 22 -9
35 24 31
35 25 -67
35 27 -50
35 28 11
35 29 47
35 30 -43
35 31 32
35 32 -29
35 33 -86
35 34 -68
35 35 43
35 36 -99
35 37 -26
35 39 -80
35 40 -51
35 41 -80
35 42 96
35 43 61
35 44 -9
35 45 20
35 46 30
35 47 42
35 48 35
35 49 91
36 1 -74
36 2 -22
36 5 24
36 6 55
36 9 -72
36 10 -50
36 11 65
36 13 39
36 14 -88
36 16 81
36 17 65
36 18 -21
36 19 -96
36 20 90
36 21 -86
36 22 78
36 24 22
36 25 -96
36 26 10
36 27 -60
36 29 44
36 30 64
36 31 -50
36 32 58
36 34 -88
36 35 72
36 39 17
36 41 -7
36 43 31
36 44 -99
36 46 -82
36 47 71
36 48 56
36 49 16
37 0 -2
37 1 74
37 3 -80
37 4 -27
37 5 -21
37 6 -61
37 7 -59
37 8 -24
37 9 -90
37 11 37
37 12 -45
37 13 80
37 14 56
37 16 -100
37 17 28
37 18 20
37 20 69
37 22 15
37 23 -8
37 24 98
37 25 87
37 26 -41
37 27 -9
37 29 -77
37 30 71
37 31 -95
37 32 54
37 33 76
37 34 82
37 35 -39
37 36 -50
37 37 90
37 39 55
37 40 13
37 41 -23
37 42 15
37 43 47
37 44 24
37 46 31
37 47 61
37 48 27
37 49 31
38 0 55
38 1 -2
38 2 74
38 4 54
38 7 71
38 8 -62
38 9 -19
38 10 85
38 11 -62
38 12 7
38 13 23
38 14 -33
38 15 60
38 16 21
38 17 67
38 18 -66
38 19 -61
38 20 14
38 21 -30
38 22 73
38 23 -27
38 24 -12
38 25 -53
38 28 -75
38 30 82
38 32 -71
38 34 -28
38 35 47
38 36 -96
38 37 71
38 38 54
38 39 58
38 40 88
38 41 84
38 43 61
38 44 26
38 45 -99
38 46 42
38 47 6
38 48 -49
38 49 78
39 0 -70
39 1 -9
39 2 -39
39 3 23
39 5 -67
39 6 -12
39 7 -99
39 11 -63
39 12 -64
39 14 -98
39 16 97
39 17 65
39 18 63
39 19 -25
39 21 26
39 22 -64
39 23 -60
39 24 -8
39 26 -50
39 27 -91
39 28 100
39 29 -57
39 30 87
39 31 73
39 32 65
39 33 51
39 34 -47
39 35 -4
39 36 -49
39 37 94
39 38 -70
39 39 -78
39 40 -19
39 41 -28
39 42 48
39 43 -33
39 44 -66
39 45 32
39 46 50
39 47 -68
39 48 14
39 49 61
40 1 95
40 2 5
40 3 53
40 4 7
40 5 -90
40 6 88
40 7 -99
40 8 89
40 10 72
40 11 -19
40 12 -34
40 13 -64
40 14 -52
40 15 -89
40 16 35
40 17 49
40 18 -19
40 19 76
40 20 -8
40 22 79
40 23 -92
40 24 96
40 26 79
40 27 72
40 29 68
40 30 3
40 31 29
40 32 25
40 33 96
40 34 96
40 36 28
40 37 -93
40 38 97
40 39 -12
40 40 75
40 41 40
40 42 -32
40 44 41
40 46 7
40 49 15
41 0 -91
41 1 89
41 3 -27
41 4 -93
41 5 -83
41 6 66
41 8 96
41 10 -72
41 11 9
41 12 11
41 13 22
41 14 82
41 15 -18
41 16 11
41 17 -13
41 18 -12
41 19 83
41 20 89
41 21 -65
41 22 -64
41 23 56
41 24 -14
41 25 -28
41 26 -7
41 27 65
41 28 27
41 29 36
41 30 -24
41 31 45
41 32 -48
41 33 -37
41 34 84
41 36 -15
41 37 -90
41 38 79
41 39 52
41 40 7
41 41 -48
41 42 35
41 43 3
41 44 -66
41 46 72
41 48 79
42 1 97
42 2 98
42 3 -87
42 5 8
42 6 -8
42 7 33
42 10 -86
42 11 47
42 12 -83
42 13 -81
42 14 55
42 15 56
42 16 54
42 17 56
42 18 -19
42 20 -81
42 22 -24
42 23 31
42 24 68
42 25 2
42 26 -17
42 27 -48
42 28 -72
42 29 -95
42 30 31
42 31 -40
42 32 -12
42 33 -20
42 34 41
42 37 63
42 38 98
42 39 100
42 40 27
42 41 -27
42 42 69
42 43 74
42 44 52
42 45 -73
42 46 -1
42 47 57
42 48 84
43 0 -56
43 1 -73
43 2 -27
43 3 5
43 4 6
43 5 -81
43 6 7
43 7 -72
43 8 82
43 9 2
43 10 -5
43 12 84
43 13 42
43 14 -19
43 15 17
43 18 -46
43 19 -2
43 20 93
43 22 -87
43 23 3
43 24 -44
43 26 -66
43 27 -8
43 29 43
43 30 -3
43 31 -55
43 33 -65
43 35 11
43 36 60
43 37 -52
43 40 -69
43 41 -9
43 42 39
43 43 17
43 44 -83
43 46 -8
43 47 29
43 49 -54
44 0 20
44 1 25
44 2 67
44 3 -74
44 4 40
44 5 72
44 6 -43
44 8 11
44 9 -77
44 10 31
44 11 -91
44 12 -53
44 13 19
44 15 -72
44 17 -21
44 18 37
44 19 26
44 20 -79
44 21 -40
44 22 -93
44 23 65
44 24 52
44 25 -18
44 26 -42
44 27 -26
44 28 -70
44 29 65
44 32 65
44 33 -6
44 34 57
44 35 -9
44 36 -2
44 37 84
44 38 -42
44 39 58
44 40 95
44 41 79
44 42 9
44 43 -85
44 44 26
44 45 -30
44 48 60
44 49 15
45 0 70
45 1 87
45 2 19
45 3 -60
45 4 -9
45 5 -43
45 6 52
45 7 -46
45 8 100
45 11 -20
45 12 -71
45 13 19
45 14 7
45 15 65
45 18 65
45 19 9
45 20 38
45 21 78
45 23 -83
45 24 -42
45 26 -74
45 27 47
45 29 -32
45 31 25
45 32 86
45 34 -61
45 35 -83
45 37 29
45 38 28
45 39 86
45 40 -94
45 41 82
45 42 -27
45 43 -68
45 44 -22
45 45 -99
45 46 -41
45 47 -75
45 49 22
46 0 17
46 2 79
46 4 -89
46 5 96
46 6 75
46 7 -96
46 8 -75
46 9 79
46 11 52
46 12 -89
46 14 28
46 15 -41
46 16 100
46 17 -95
46 18 99
46 19 88
46 20 94
46 21 89
46 23 80
46 24 -25
46 25 12
46 26 98
46 29 70
46 30 83
46 32 64
46 33 6
46 34 50
46 35 -62
46 36 88
46 37 -14
46 38 33
46 40 5
46 41 -69
46 42 40
46 44 -13
46 45 2
46 47 -17
46 48 83
46 49 -76
47 0 -45
47 1 86
47 2 50
47 3 64
47 4 -60
47 5 -71
47 6 77
47 7 49
47 8 -3
47 9 54
47 11 -7
47 12 -23
47 15 48
47 17 -69
47 18 92
47 19 -84
47 20 72
47 21 -59
47 23 -46
47 24 -7
47 26 -61
47 27 81
47 29 41
47 30 8
47 31 -85
47 34 -20
47 35 65
47 36 21
47 37 -38
47 39 84
47 40 -85
47 41 37
47 42 -9
47 43 38
47 44 51
47 45 -97
47 46 -9
47 47 51
47 48 -32
47 49 -55
48 0 -68
48 1 -86
48 2 -9
48 3 -81
48 6 -19
48 8 -18
48 9 -87
48 11 45
48 12 93
48 14 83
48 15 5
48 17 -65
48 18 -80
48 19 -37
48 20 -37
48 23 -36
48 24 74
48 25 -47
48 26 -92
48 28 33
48 29 -4
48 30 -86
48 31 40
48 33 21
48 34 -28
48 35 88
48 36 22
48 37 -70
48 38 -51
48 39 25
48 40 -6
48 42 11
48 43 14
48 46 -65
48 47 -4
48 49 55
49 1 27
49 2 -54
49 3 81
49 4 -82
49 6 86
49 7 45
49 8 71
49 9 54
49 10 51
49 12 38
49 14 99
49 15 91
49 17 -88
49 20 -31
49 21 -82
49 22 -70
49 23 29
49 24 -50
49 25 59
49 26 21
49 27 72
49 29 4
49 30 -81
49 31 -47
49 32 84
49 33 91
49 34 -4
49 35 -25
49 37 -29
49 38 -7
49 39 33
49 40 -7
49 41 -2
49 43 46
49 44 28
49 45 46
49 46 -92
49 47 -66
49 48 28
49 49 -33