0 3 99
0 4 -16
0 6 83
0 13 -83
0 20 -78
0 22 -30
0 23 -28
0 40 69
0 43 88
0 45 65
1 2 -67
1 3 -20
1 5 76
1 10 -61
1 14 -59
1 18 -46
1 21 12
1 28 -87
1 31 -66
1 32 95
1 39 -61
1 40 -54
2 3 -7
2 8 17
2 10 77
2 15 -71
2 19 -97
2 20 92
2 36 -19
2 37 -55
2 38 62
2 45 98
3 3 54
3 4 64
3 5 -12
3 20 -36
3 23 -70
3 48 50
3 49 -46
4 13 -58
4 16 33
4 22 56
4 31 20
4 32 -16
4 35 -38
4 48 23
4 49 34
5 5 82
5 9 -58
5 16 73
5 26 1
5 33 -34
5 36 -88
5 37 -53
5 43 -52
5 46 -60
5 49 22
6 0 74
6 3 -78
6 5 -87
6 14 90
6 16 25
6 20 26
6 24 -86
6 25 -86
6 35 -33
7 5 44
7 9 26
7 11 59
7 14 -72
7 15 -84
7 20 55
7 22 44
7 23 -73
7 26 92
7 28 -41
7 29 -80
7 31 -56
7 36 -52
7 39 -45
7 48 92
8 2 50
8 10 -17
8 42 -89
8 46 59
8 47 25
9 25 -24
9 26 42
9 47 72
10 5 -24
10 12 57
10 14 -86
10 18 -64
10 20 -36
10 23 -81
10 25 -81
10 32 97
10 34 -88
10 35 28
10 36 -87
10 41 40
10 43 97
10 44 53
10 49 -55
11 0 11
11 3 1
11 8 -67
11 16 -25
11 18 3
11 26 40
11 29 35
11 34 -96
11 46 -27
12 12 -72
12 17 -41
12 18 -65
12 22 66
12 24 6
12 29 -92
12 34 -44
12 36 24
12 40 78
12 45 -94
12 48 -92
13 8 -77
13 14 87
13 19 -37
13 20 -5
13 25 42
13 27 -51
13 34 4
13 39 62
13 45 -50
14 11 -46
14 13 -52
14 17 80
14 21 -41
14 23 -41
14 25 -34
14 26 98
14 34 -12
14 38 -75
14 46 -82
14 48 -18
14 49 -12
15 5 16
15 8 56
15 11 -23
15 20 2
15 24 36
15 26 -32
15 34 3
15 38 -91
15 41 -4
15 45 -11
15 49 -91
16 1 -54
16 21 37
16 27 21
16 29 -79
16 39 43
16 46 16
16 49 -6
17 4 4
17 6 94
17 9 99
17 16 33
17 24 -35
17 30 -41
17 36 47
17 42 45
17 44 -71
17 48 54
17 49 18
18 0 99
18 6 55
18 11 80
18 26 64
18 27 87
18 33 -6
18 36 -67
18 37 -58
18 39 -49
19 10 -46
19 12 82
19 26 -14
19 28 57
19 31 -80
19 33 -48
19 36 53
19 43 71
20 0 95
20 6 9
20 8 -16
20 24 31
20 33 33
20 42 9
21 0 -75
21 1 70
21 3 5
21 10 -95
21 18 43
21 28 97
21 31 -3
21 32 35
21 34 -72
21 40 84
21 43 -80
21 44 96
22 1 -83
22 4 -80
22 11 -52
22 16 -20
22 18 91
22 26 -7
22 39 23
22 49 -61
23 3 -91
23 7 -65
23 13 38
23 14 -73
23 16 50
23 25 -46
23 30 95
23 35 51
23 37 -89
23 38 -13
23 43 -23
23 48 -70
23 49 -24
24 5 55
24 9 57
24 11 94
24 32 45
24 44 69
25 4 -32
25 36 65
25 37 90
26 8 35
26 10 -60
26 29 -64
26 36 37
26 40 70
26 41 -53
27 7 -26
27 11 -83
27 16 62
27 18 17
27 22 -84
27 23 49
27 24 77
27 27 95
27 49 -20
28 0 96
28 4 -29
28 6 -33
28 7 88
28 8 -54
28 22 40
28 27 -49
28 36 78
28 42 54
29 0 40
29 2 99
29 15 -86
29 16 -96
29 18 74
29 26 48
29 27 -66
29 29 -73
29 30 -27
29 38 -35
29 42 25
30 0 -94
30 3 -33
30 6 32
30 7 -43
30 11 62
30 17 -31
30 19 -47
30 20 4
30 26 98
30 34 37
31 5 -23
31 7 -35
31 15 16
31 19 -38
31 20 -58
31 27 5
31 32 -43
31 33 44
31 38 24
32 15 -58
32 16 -16
32 19 44
32 22 -56
33 0 -60
33 1 -29
33 12 -58
33 13 -81
33 18 -14
33 24 80
33 45 34
33 46 -99
33 48 -80
34 0 79
34 7 47
34 10 52
34 13 -41
34 16 48
34 34 65
34 39 27
34 45 42
34 48 -94
35 2 93
35 3 91
35 4 -59
35 7 -26
35 14 -68
35 25 -4
35 28 -5
35 43 -60
36 5 -8
36 8 -9
36 10 45
36 24 -71
36 30 -49
36 31 85
36 38 -94
36 39 85
37 5 -25
37 24 33
37 26 -79
37 29 -30
37 38 10
37 39 -13
37 41 -87
37 43 87
37 44 92
37 45 -14
37 48 -94
38 17 9
38 23 29
38 39 -75
39 2 -45
39 3 78
39 5 75
39 7 -76
39 16 -81
39 20 -93
39 23 60
39 31 6
39 36 -73
40 5 -30
40 15 -45
40 28 -53
40 39 -87
40 41 24
41 8 -40
41 12 46
41 30 83
41 41 -57
41 43 90
42 0 2
42 5 64
42 10 -96
42 12 86
42 19 44
42 23 -90
42 24 -21
42 31 5
42 37 -69
42 38 99
42 41 75
42 48 19
43 5 -57
43 16 1
43 22 39
43 27 9
43 30 63
43 38 64
43 48 41
44 11 -55
44 17 85
44 20 96
44 25 -38
44 26 -40
44 30 64
44 35 2
44 44 -54
44 47 -84
45 11 50
45 36 -64
45 47 -82
46 3 76
46 4 -33
46 13 61
46 17 -66
46 24 -36
46 29 -44
46 30 -3
46 47 71
47 9 22
47 17 -84
47 25 -18
47 29 -53
47 31 -18
47 33 -40
47 34 -16
47 35 -39
47 38 -86
47 40 28
48 0 -21
48 11 17
48 25 -87
48 30 6
48 48 39
49 1 87
49 7 86
49 8 -15
49 18 -71
49 20 26
49 22 -39
49 26 -62
49 38 -25