0 7 -91
0 9 12
0 17 -91
0 21 100
0 23 8
0 45 53
0 46 -87
1 6 -58
1 11 98
1 20 -62
1 27 -2
1 29 81
1 30 -89
1 34 -93
1 35 -53
1 39 55
1 48 -54
2 3 96
2 11 -53
2 14 68
2 17 5
2 18 -49
2 23 42
2 24 -9
2 27 22
2 29 -35
2 30 19
2 41 -18
3 17 -21
3 19 30
3 25 44
3 29 -8
3 31 -66
3 38 -24
3 44 -88
4 5 -56
4 8 9
4 12 17
4 16 8
4 17 42
4 32 -41
4 45 22
5 2 38
5 16 87
5 18 9
5 19 91
5 26 -73
5 37 -29
5 40 -55
5 43 10
5 44 -4
5 49 -76
6 8 28
6 14 -15
6 20 -44
6 22 -97
6 25 -13
6 26 -67
6 32 43
6 38 -44
6 40 84
6 47 64
6 48 -40
7 4 2
7 8 79
7 11 92
7 13 96
7 19 -1
7 25 -40
7 30 38
7 43 93
7 46 3
8 2 -58
8 8 -20
8 10 -58
8 19 -86
8 20 12
8 21 68
8 24 13
8 25 -5
8 30 -92
8 31 17
8 32 56
8 38 -25
8 40 -73
8 46 61
8 47 68
9 6 -2
9 15 1
9 28 44
9 33 62
9 35 -27
9 39 -58
9 45 86
10 0 -35
10 9 95
10 12 -68
10 13 -87
10 22 -33
10 27 54
10 30 10
10 31 -24
10 37 39
10 42 41
10 44 82
10 48 42
11 1 78
11 5 10
11 11 56
11 12 -72
11 19 -77
11 20 98
11 21 -46
11 40 69
12 4 -9
12 7 -50
12 9 34
12 18 -31
12 19 97
12 24 11
12 29 9
13 0 85
13 12 49
13 26 39
13 28 -18
13 33 -33
13 36 88
13 37 80
13 39 -11
13 46 90
13 49 31
14 7 91
14 8 54
14 9 35
14 10 -86
14 11 96
14 33 25
14 36 -58
14 46 92
14 47 74
15 5 -17
15 13 8
15 14 95
15 17 68
15 19 83
15 21 -48
15 29 87
15 43 -98
16 1 99
16 11 7
16 13 -86
16 15 -22
16 17 -5
16 29 -9
16 31 -27
16 39 41
16 49 45
17 1 -26
17 3 77
17 18 -44
17 24 -22
17 25 -49
17 33 -33
17 35 34
17 41 -71
18 3 -97
18 6 16
18 12 -89
18 18 64
18 22 1
18 23 -53
18 28 -53
18 29 -63
18 37 10
18 43 -77
18 46 -99
19 7 -23
19 8 -99
19 9 -97
19 16 54
19 17 -7
19 42 -67
20 1 -27
20 13 22
20 16 13
20 17 48
20 24 84
20 30 91
20 37 81
20 49 -100
21 6 90
21 7 -86
21 18 -52
21 32 80
21 36 25
21 41 -73
21 43 53
22 3 72
22 5 -68
22 8 21
22 12 18
22 13 5
22 18 42
22 23 -57
22 24 -35
22 30 73
22 42 -95
22 47 29
23 3 91
23 4 44
23 12 82
23 13 -99
23 14 17
23 17 -11
23 18 69
23 24 42
23 25 -7
23 27 -56
23 30 -76
23 41 35
23 42 -1
23 43 -40
23 47 47
23 49 -86
24 10 81
24 20 1
24 28 -97
24 31 -99
24 34 -99
24 36 56
24 46 -57
24 48 -44
25 6 -67
25 7 -15
25 8 -87
25 12 45
25 25 -98
25 30 53
25 41 36
26 1 -88
26 4 -94
26 13 45
26 14 40
26 15 -19
26 19 11
26 22 90
26 32 84
26 38 25
26 47 48
26 48 57
27 4 -42
27 11 -79
27 14 -79
27 15 -53
27 16 -62
27 19 1
27 23 -66
27 28 11
27 36 -58
27 41 60
27 48 -76
28 16 42
28 21 -34
28 24 -59
28 31 19
28 39 -51
28 41 34
28 42 88
29 2 88
29 7 15
29 15 98
29 17 31
29 28 -90
29 30 3
29 36 -87
29 43 -54
29 45 42
29 48 57
30 1 35
30 6 -83
30 12 -87
30 13 89
30 14 -25
30 19 -96
30 20 -36
30 37 -71
30 41 48
30 47 -53
31 1 57
31 4 24
31 12 26
31 14 10
31 18 91
31 21 -36
31 37 93
32 3 -84
32 8 41
32 10 58
32 19 50
32 23 3
32 35 82
32 38 68
32 40 -17
32 44 94
32 46 -53
33 4 -50
33 10 37
33 14 10
33 21 -31
33 22 -77
33 25 64
33 27 -84
33 33 11
33 36 -38
33 42 40
33 49 -18
34 5 5
34 6 -84
34 19 -19
34 29 64
34 34 91
34 35 -6
35 8 -73
35 21 -58
35 34 -79
35 44 5
35 47 -84
36 0 5
36 8 -88
36 16 18
36 23 64
36 25 50
36 30 -41
36 42 -46
37 2 -27
37 4 -14
37 8 78
37 10 77
37 33 -84
37 42 -48
37 46 89
37 47 54
37 49 46
38 0 85
38 4 -21
38 9 -14
38 15 -38
38 22 -78
38 35 -97
38 41 -100
38 42 -69
38 46 69
38 47 -21
39 3 -26
39 16 -38
39 27 -19
39 30 -43
39 33 -65
39 39 -95
39 44 36
39 47 44
39 48 -43
39 49 31
40 0 -62
40 5 16
40 16 -85
40 34 23
40 37 10
40 39 -55
41 3 -94
41 5 17
41 6 97
41 12 90
41 13 42
41 36 -93
41 42 -71
41 45 -15
41 47 22
42 3 75
42 4 20
42 6 57
42 8 82
42 45 -40
43 4 48
43 7 -96
43 11 -70
43 13 -81
43 18 92
43 19 73
43 24 -9
43 30 -95
43 32 -26
43 33 -62
43 38 36
43 39 80
43 41 36
44 3 81
44 5 -24
44 7 80
44 16 67
44 27 21
44 38 39
45 0 58
45 4 12
45 6 23
45 10 44
45 13 -23
45 15 -87
45 23 82
45 33 -24
45 36 -78
45 37 -54
45 38 77
45 44 46
46 0 -16
46 12 79
46 17 91
46 25 65
46 30 69
46 31 -26
46 41 -46
46 43 -32
46 45 94
47 2 45
47 7 22
47 8 46
47 16 81
47 19 43
47 26 43
47 27 -1
47 47 -73
48 20 -83
48 22 -42
48 24 -84
48 31 -94
48 34 -39
48 40 -39
48 41 -31
49 9 -54
49 10 -56
49 11 92
49 14 -50
49 19 39
49 20 -31
49 22 -75
49 25 98
49 27 -89
49 36 86
49 45 -85
49 47 -31