0 0 -53
0 1 -70
0 2 31
0 3 -24
0 4 1
0 5 80
0 6 96
0 7 -79
0 8 87
0 9 -97
0 10 -27
0 11 41
0 12 -71
0 13 91
0 14 29
0 15 -72
0 16 5
0 17 -86
0 18 -22
0 19 -71
0 20 -66
0 21 14
0 22 -49
0 23 -88
0 24 -46
0 25 89
0 26 -48
0 28 -41
0 29 96
0 30 -52
0 31 31
0 32 100
0 33 -14
0 34 33
0 35 -97
0 36 -1
0 37 82
0 38 79
0 39 -5
0 40 -5
0 41 -34
0 42 -72
0 43 -91
0 44 14
0 45 45
0 46 -72
0 47 78
0 48 -85
0 49 75
1 0 -52
1 1 46
1 2 -20
1 3 55
1 4 -43
1 5 -72
1 6 43
1 7 85
1 8 -55
1 9 73
1 10 63
1 11 -62
1 12 50
1 13 51
1 14 98
1 15 -96
1 16 -29
1 17 81
1 18 42
1 19 22
1 20 -58
1 21 88
1 23 58
1 24 -22
1 25 -98
1 26 37
1 27 -54
1 28 -84
1 29 28
1 30 -58
1 31 22
1 32 44
1 33 48
1 34 62
1 35 -59
1 37 -81
1 38 -10
1 39 -63
1 40 -97
1 41 45
1 42 -51
1 43 -89
1 44 76
1 45 -67
1 46 -25
1 47 -63
1 48 -98
1 49 50
2 0 -37
2 1 94
2 2 -84
2 3 -87
2 4 5
2 5 -4
2 6 70
2 7 -81
2 8 59
2 9 40
2 10 8
2 11 9
2 12 8
2 13 -48
2 14 -49
2 15 39
2 16 -25
2 17 -9
2 18 -48
2 19 30
2 20 71
2 21 63
2 22 -47
2 23 -91
2 24 100
2 25 4
2 26 -28
2 27 -4
2 28 65
2 29 8
2 30 -57
2 31 -92
2 33 -96
2 34 -6
2 35 81
2 36 63
2 37 18
2 38 -3
2 39 -27
2 40 80
2 41 -49
2 42 -99
2 43 -8
2 44 5
2 45 -64
2 46 -46
2 47 -74
2 48 20
2 49 -82
3 0 -52
3 1 27
3 2 55
3 3 -99
3 4 15
3 5 41
3 6 -25
3 7 -62
3 8 10
3 9 -10
3 10 33
3 11 -91
3 12 87
3 13 -25
3 14 -2
3 15 -69
3 16 46
3 17 20
3 18 -38
3 19 -80
3 20 -45
3 21 23
3 22 66
3 23 50
3 24 40
3 25 98
3 26 46
3 27 -70
3 28 9
3 29 54
3 30 -79
3 31 78
3 32 92
3 33 -88
3 34 -88
3 35 -63
3 36 20
3 37 -2
3 38 -83
3 39 34
3 40 15
3 41 64
3 42 -27
3 43 -43
3 44 34
3 45 -84
3 46 -83
3 47 -99
3 48 65
3 49 16
4 0 8
4 1 22
4 2 78
4 3 84
4 4 -72
4 5 62
4 6 -2
4 7 26
4 8 -25
4 9 17
4 10 -82
4 11 48
4 12 15
4 13 -76
4 14 52
4 15 40
4 16 73
4 17 -40
4 18 42
4 19 -10
4 20 -39
4 21 35
4 22 77
4 23 -76
4 24 -39
4 25 23
4 26 -59
4 27 70
4 28 81
4 29 -63
4 30 7
4 31 -60
4 32 -73
4 33 75
4 34 -6
4 35 -14
4 36 13
4 37 -55
4 38 60
4 39 -78
4 40 41
4 41 23
4 42 -6
4 43 29
4 44 46
4 45 -27
4 46 -66
4 47 51
4 48 -99
4 49 -18
5 0 25
5 1 49
5 2 -6
5 3 86
5 4 -90
5 5 -77
5 6 -55
5 7 -53
5 8 -11
5 9 -25
5 10 84
5 12 -40
5 13 8
5 14 76
5 15 -51
5 16 78
5 17 63
5 18 75
5 19 -41
5 20 -61
5 21 -35
5 22 -58
5 23 -62
5 24 32
5 25 -82
5 26 -28
5 27 -6
5 28 -47
5 29 -32
5 30 97
5 31 84
5 32 6
5 33 -69
5 34 88
5 35 78
5 36 96
5 37 1
5 38 -68
5 39 44
5 40 76
5 41 -20
5 42 36
5 43 83
5 44 70
5 45 -48
5 46 -34
5 47 -78
5 48 -10
5 49 39
6 0 -99
6 1 62
6 2 -100
6 3 -1
6 4 19
6 5 -11
6 6 20
6 7 -59
6 8 -97
6 9 -38
6 10 71
6 11 -32
6 12 -87
6 13 49
6 14 7
6 15 -58
6 16 -57
6 17 64
6 18 56
6 19 -91
6 20 -38
6 21 -37
6 22 36
6 23 67
6 24 -19
6 25 -44
6 26 -69
6 27 -62
6 28 45
6 29 -21
6 30 -47
6 31 64
6 32 32
6 33 63
6 34 80
6 35 -27
6 36 16
6 37 35
6 38 68
6 39 -46
6 40 42
6 41 74
6 42 -5
6 43 -35
6 44 42
6 45 -27
6 46 -78
6 47 -74
6 48 30
6 49 14
7 1 100
7 2 42
7 3 93
7 4 -53
7 5 -52
7 6 -95
7 7 -40
7 8 26
7 9 88
7 10 71
7 11 -75
7 12 -24
7 13 2
7 14 2
7 15 -60
7 16 59
7 17 18
7 18 -75
7 19 38
7 20 -82
7 21 -22
7 22 4
7 23 -27
7 24 -93
7 25 -19
7 26 -5
7 27 33
7 28 -18
7 29 -27
7 30 76
7 31 57
7 32 -56
7 33 -93
7 34 -89
7 35 98
7 36 19
7 37 72
7 38 -87
7 39 -43
7 40 -56
7 41 -27
7 42 35
7 43 -13
7 44 22
7 45 -47
7 46 40
7 47 -65
7 48 -91
7 49 -4
8 0 84
8 1 -86
8 2 82
8 3 85
8 4 57
8 5 43
8 6 -89
8 7 27
8 8 46
8 9 72
8 10 94
8 11 -23
8 12 17
8 13 6
8 14 7
8 15 85
8 17 29
8 18 -4
8 19 52
8 20 -66
8 21 98
8 22 -13
8 23 -82
8 24 15
8 25 -76
8 26 10
8 27 66
8 28 -94
8 29 -63
8 30 -60
8 31 23
8 32 8
8 33 49
8 34 -47
8 35 52
8 36 50
8 37 76
8 38 12
8 39 -17
8 40 -21
8 42 35
8 43 88
8 44 93
8 45 74
8 46 76
8 47 5
8 48 -69
8 49 -28
9 0 6
9 1 -14
9 2 57
9 3 37
9 4 -56
9 5 34
9 6 12
9 7 -91
9 9 -41
9 11 11
9 12 -76
9 13 89
9 14 10
9 15 84
9 16 65
9 17 89
9 18 -28
9 20 57
9 21 62
9 22 28
9 23 50
9 24 -25
9 25 -98
9 26 -25
9 27 -94
9 28 19
9 29 -69
9 30 -44
9 31 74
9 32 -63
9 33 34
9 34 28
9 35 -34
9 36 -69
9 37 -62
9 38 -18
9 39 96
9 40 -39
9 41 58
9 43 45
9 44 -58
9 45 23
9 46 -93
9 47 39
9 48 -8
9 49 72
10 0 -72
10 1 97
10 2 -6
10 3 55
10 4 40
10 5 16
10 6 -65
10 7 35
10 8 -89
10 9 1
10 10 76
10 11 -23
10 12 22
10 13 -38
10 14 36
10 15 -15
10 17 -79
10 18 -97
10 19 -59
10 20 -78
10 21 70
10 22 -91
10 23 25
10 24 -58
10 25 36
10 26 -44
10 27 -8
10 28 -47
10 29 -29
10 30 27
10 31 -76
10 32 -69
10 33 -50
10 34 -61
10 35 -93
10 36 -45
10 37 86
10 38 43
10 39 45
10 40 -41
10 41 33
10 42 -27
10 43 -49
10 44 6
10 45 69
10 46 -80
10 47 36
10 48 68
10 49 9
11 0 -12
11 1 -60
11 2 -91
11 3 -64
11 4 -22
11 5 -2
11 6 30
11 8 66
11 9 49
11 10 -61
11 11 73
11 12 -65
11 13 -80
11 14 -9
11 15 -21
11 16 -35
11 17 95
11 18 85
11 19 66
11 20 -96
11 21 -64
11 22 64
11 23 23
11 24 59
11 25 -57
11 26 8
11 27 -28
11 28 -22
11 29 -66
11 30 -58
11 31 38
11 32 -95
11 33 63
11 34 -61
11 35 72
11 36 -66
11 37 50
11 38 -62
11 39 12
11 40 24
11 41 -64
11 42 -33
11 43 -27
11 44 -53
11 45 -28
11 46 55
11 47 62
11 48 -6
11 49 -73
12 0 -63
12 1 95
12 2 -6
12 3 88
12 4 -68
12 5 -56
12 6 12
12 7 28
12 8 48
12 9 -27
12 10 85
12 11 -74
12 12 -60
12 13 3
12 14 -91
12 15 78
12 16 -45
12 17 -86
12 18 -89
12 19 -98
12 20 -36
12 21 -23
12 22 -33
12 23 -88
12 24 57
12 25 26
12 26 -82
12 27 28
12 28 38
12 29 3
12 30 -55
12 31 -89
12 32 -80
12 33 51
12 34 20
12 35 79
12 36 -85
12 37 -20
12 38 -56
12 39 -12
12 40 86
12 41 -60
12 42 21
12 43 -46
12 44 8
12 45 97
12 46 20
12 47 -50
12 48 5
12 49 -70
13 0 35
13 1 1
13 2 -82
13 3 34
13 4 -11
13 5 51
13 6 -85
13 8 -89
13 9 -14
13 10 9
13 11 30
13 12 -35
13 13 62
13 14 -41
13 15 48
13 16 -19
13 17 37
13 18 95
13 19 -77
13 20 10
13 21 9
13 22 -77
13 23 45
13 24 -72
13 25 90
13 26 -38
13 27 -73
13 28 76
13 29 -95
13 30 -6
13 31 13
13 32 48
13 33 41
13 34 -47
13 35 -58
13 36 13
13 37 9
13 38 27
13 39 -24
13 40 -55
13 41 92
13 42 -4
13 43 4
13 44 58
13 45 65
13 46 -52
13 47 47
13 48 7
13 49 -44
14 0 -62
14 1 72
14 2 -2
14 3 -42
14 4 6
14 5 -51
14 6 59
14 7 -6
14 8 69
14 9 20
14 10 -63
14 11 53
14 12 -84
14 13 -93
14 14 -8
14 15 22
14 16 60
14 17 72
14 18 19
14 19 -33
14 20 61
14 21 36
14 22 55
14 23 -10
14 24 -85
14 25 -25
14 26 33
14 27 -58
14 28 38
14 30 89
14 31 65
14 32 -9
14 33 36
14 34 -75
14 35 -93
14 36 32
14 37 56
14 38 -56
14 39 -72
14 40 -68
14 41 23
14 42 -63
14 43 4
14 44 91
14 45 12
14 46 16
14 47 -9
14 48 -21
14 49 -85
15 0 89
15 1 -89
15 2 86
15 3 64
15 4 7
15 5 34
15 6 35
15 7 -8
15 8 4
15 9 91
15 10 -16
15 11 90
15 12 -43
15 13 -7
15 14 -14
15 15 -41
15 16 49
15 17 -63
15 18 98
15 19 34
15 20 30
15 21 3
15 22 -10
15 23 2
15 24 18
15 25 -66
15 26 17
15 27 -32
15 28 20
15 29 60
15 30 83
15 31 -23
15 32 68
15 33 52
15 34 -68
15 35 62
15 36 -6
15 37 -61
15 38 50
15 39 -50
15 40 -48
15 41 -5
15 42 61
15 43 6
15 44 -49
15 45 59
15 46 -60
15 47 83
15 48 20
15 49 22
16 0 61
16 1 -20
16 2 -80
16 3 -83
16 4 94
16 5 85
16 6 -63
16 7 23
16 8 -31
16 9 -2
16 10 -22
16 11 -5
16 12 8
16 13 53
16 14 71
16 15 15
16 16 85
16 17 96
16 18 17
16 19 78
16 20 -53
16 21 -6
16 22 31
16 23 -44
16 24 11
16 25 81
16 26 -95
16 27 10
16 28 6
16 29 -83
16 30 -19
16 31 -25
16 32 -26
16 33 -35
16 34 -42
16 35 -68
16 36 -48
16 37 47
16 38 69
16 39 -43
16 40 -46
16 41 -82
16 42 61
16 43 28
16 44 89
16 45 -69
16 46 28
16 47 64
16 48 27
16 49 43
17 0 55
17 1 49
17 2 -52
17 3 -74
17 5 18
17 6 61
17 7 83
17 8 -73
17 9 -43
17 10 -8
17 11 -64
17 12 68
17 13 18
17 14 -36
17 15 -60
17 16 -60
17 17 37
17 18 -38
17 19 16
17 20 -21
17 21 53
17 23 -26
17 24 29
17 25 -81
17 26 -91
17 27 -58
17 29 28
17 30 94
17 31 -39
17 32 38
17 33 -9
17 34 -12
17 35 -85
17 36 -44
17 37 14
17 38 -25
17 39 73
17 40 65
17 41 -88
17 42 -17
17 43 -81
17 44 6
17 45 -64
17 46 80
17 47 -3
17 48 -73
17 49 26
18 0 -15
18 1 -85
18 2 -88
18 3 22
18 4 -19
18 5 -1
18 6 14
18 7 54
18 8 -34
18 9 90
18 10 -87
18 11 69
18 12 -37
18 13 52
18 14 -33
18 15 -26
18 16 11
18 17 23
18 18 -22
18 19 7
18 20 -12
18 21 80
18 22 -33
18 23 9
18 24 -23
18 25 64
18 26 86
18 27 -66
18 28 -32
18 29 9
18 30 -24
18 31 19
18 32 -86
18 33 64
18 34 -46
18 35 8
18 36 48
18 37 -21
18 39 -9
18 40 -26
18 41 31
18 42 1
18 43 37
18 44 61
18 45 68
18 46 8
18 47 83
18 48 79
18 49 63
19 0 -95
19 1 27
19 2 -95
19 3 88
19 4 34
19 5 32
19 6 -96
19 7 -48
19 9 -57
19 10 -80
19 11 -5
19 12 55
19 13 -70
19 14 -34
19 15 22
19 16 -32
19 17 72
19 18 65
19 19 -42
19 20 -66
19 21 -89
19 22 85
19 23 -56
19 24 -42
19 26 -83
19 27 -88
19 28 64
19 29 76
19 30 -1
19 32 -16
19 33 -5
19 34 87
19 35 71
19 36 22
19 37 77
19 38 32
19 39 -13
19 40 12
19 41 65
19 42 -55
19 43 95
19 44 -13
19 45 -56
19 46 96
19 47 79
19 48 29
19 49 85
20 0 89
20 1 64
20 2 26
20 3 70
20 4 -96
20 5 51
20 6 50
20 7 87
20 8 23
20 9 32
20 10 -5
20 11 90
20 12 75
20 13 -89
20 14 78
20 15 -43
20 16 12
20 17 -32
20 18 -50
20 19 19
20 20 63
20 21 46
20 22 70
20 23 -31
20 24 -8
20 25 -99
20 26 -85
20 27 -70
20 28 -49
20 29 -100
20 30 -30
20 31 -68
20 32 -77
20 33 -20
20 34 -62
20 36 33
20 37 99
20 38 47
20 39 -64
20 40 31
20 41 -82
20 42 40
20 43 -34
20 44 42
20 45 40
20 46 -76
20 47 -82
20 48 76
20 49 -29
21 0 -54
21 1 -11
21 2 -52
21 3 12
21 4 79
21 5 -88
21 6 70
21 7 -7
21 8 35
21 9 45
21 11 18
21 12 -32
21 13 -15
21 14 17
21 15 -35
21 16 1
21 17 37
21 18 -92
21 19 35
21 20 99
21 21 91
21 22 -63
21 23 -38
21 24 88
21 25 1
21 26 -80
21 27 -41
21 28 72
21 29 -36
21 30 -99
21 31 34
21 32 -8
21 33 74
21 34 9
21 35 76
21 36 -19
21 37 92
21 38 -2
21 39 -79
21 40 -48
21 41 -27
21 42 88
21 43 -4
21 45 -2
21 46 39
21 47 -36
21 48 64
21 49 -91
22 0 -58
22 1 57
22 2 10
22 3 -100
22 4 55
22 5 100
22 6 -74
22 7 -15
22 8 -76
22 9 -72
22 10 -69
22 11 99
22 12 32
22 13 -95
22 14 60
22 15 67
22 16 -2
22 17 -11
22 18 54
22 19 19
22 20 -44
22 21 86
22 22 -20
22 24 57
22 25 -25
22 26 83
22 27 -55
22 28 -68
22 29 -65
22 30 -52
22 31 -38
22 32 -13
22 33 -66
22 34 -85
22 35 43
22 36 -36
22 37 50
22 38 -19
22 39 -5
22 40 27
22 41 -8
22 42 43
22 43 26
22 44 85
22 45 -8
22 46 27
22 47 -1
22 48 21
22 49 4
23 0 23
23 2 78
23 3 -31
23 4 58
23 5 36
23 6 68
23 7 -81
23 8 -46
23 10 -77
23 11 50
23 12 -19
23 13 -62
23 14 -18
23 15 -11
23 16 -90
23 17 52
23 18 -99
23 19 5
23 20 3
23 21 58
23 22 -81
23 23 53
23 24 1
23 25 -95
23 26 -20
23 27 8
23 28 -86
23 29 -34
23 30 -32
23 31 58
23 32 -89
23 33 -67
23 34 -67
23 35 44
23 36 -82
23 37 -94
23 39 -51
23 40 -82
23 41 82
23 42 78
23 43 -9
23 44 3
23 45 49
23 46 -37
23 47 71
23 48 -63
23 49 7
24 0 -63
24 1 77
24 2 60
24 3 47
24 4 -40
24 5 -57
24 6 -25
24 7 -63
24 8 -50
24 9 -18
24 10 68
24 11 14
24 12 77
24 13 -74
24 15 80
24 16 37
24 17 -71
24 18 45
24 19 66
24 20 -12
24 21 98
24 22 -96
24 23 -76
24 24 4
24 25 76
24 26 42
24 27 -92
24 28 4
24 29 -77
24 30 74
24 31 38
24 32 5
24 33 62
24 34 27
24 35 78
24 36 97
24 37 11
24 38 26
24 39 1
24 40 83
24 41 -50
24 42 -72
24 43 13
24 44 26
24 46 -16
24 47 -34
24 48 17
24 49 -41
25 0 -82
25 1 4
25 2 18
25 3 -47
25 5 85
25 6 14
25 7 -91
25 8 22
25 9 99
25 10 -55
25 11 -82
25 12 -85
25 13 93
25 14 83
25 15 83
25 16 93
25 17 61
25 18 20
25 19 36
25 21 80
25 22 89
25 23 5
25 24 15
25 25 66
25 26 4
25 27 -11
25 28 -24
25 29 60
25 30 -12
25 31 -50
25 32 -18
25 33 64
25 34 -84
25 35 61
25 36 8
25 37 12
25 38 40
25 39 57
25 40 -2
25 41 -63
25 42 18
25 43 88
25 44 55
25 45 -46
25 46 11
25 47 -28
25 48 29
25 49 -95
26 0 -90
26 1 -5
26 2 -69
26 3 75
26 4 -15
26 5 6
26 6 22
26 7 50
26 8 72
26 9 81
26 10 83
26 11 -60
26 12 71
26 13 -100
26 14 -56
26 15 31
26 16 -68
26 17 46
26 18 90
26 19 -72
26 21 43
26 22 62
26 23 -46
26 24 -43
26 25 -5
26 26 31
26 27 82
26 28 -84
26 29 -19
26 31 43
26 32 90
26 33 42
26 34 47
26 35 84
26 36 -36
26 37 -53
26 38 -11
26 39 72
26 40 38
26 41 -16
26 42 -46
26 43 42
26 44 -19
26 45 36
26 46 43
26 47 -80
26 48 -100
26 49 -39
27 0 71
27 1 -8
27 2 -6
27 3 -38
27 4 -17
27 5 -61
27 6 79
27 7 -85
27 8 -78
27 9 98
27 10 10
27 11 -77
27 12 -44
27 13 47
27 14 88
27 15 -52
27 16 27
27 17 43
27 18 -93
27 19 6
27 20 91
27 21 -44
27 22 -69
27 23 -12
27 24 44
27 25 88
27 26 69
27 27 -53
27 28 33
27 29 89
27 30 -22
27 31 -95
27 32 16
27 33 -49
27 34 56
27 35 -31
27 36 68
27 37 25
27 38 37
27 39 -80
27 40 -21
27 41 28
27 42 -8
27 43 -92
27 44 -89
27 45 15
27 46 -73
27 47 -61
27 48 -11
27 49 17
28 0 99
28 1 27
28 2 55
28 3 -96
28 4 99
28 5 35
28 6 -42
28 7 84
28 8 -38
28 9 -41
28 10 -15
28 11 20
28 12 -67
28 13 87
28 14 72
28 15 -24
28 16 54
28 17 82
28 18 51
28 19 -5
28 20 -1
28 21 -47
28 22 6
28 23 33
28 24 87
28 25 -68
28 26 -31
28 27 -55
28 28 76
28 29 -17
28 30 -24
28 31 6
28 32 -28
28 33 61
28 34 -28
28 35 6
28 36 32
28 37 -90
28 38 65
28 39 -5
28 40 -35
28 41 -23
28 42 84
28 43 44
28 44 27
28 45 88
28 46 11
28 47 66
28 48 -42
28 49 88
29 0 -70
29 1 -83
29 2 41
29 3 19
29 4 -27
29 5 9
29 6 -31
29 7 64
29 8 58
29 9 -70
29 10 -60
29 11 -78
29 12 84
29 13 24
29 14 53
29 15 -91
29 16 98
29 18 -15
29 19 -93
29 20 -1
29 21 51
29 22 92
29 23 20
29 24 -1
29 25 74
29 26 95
29 27 8
29 28 85
29 29 71
29 30 22
29 31 59
29 32 82
29 33 -97
29 34 -95
29 35 73
29 36 26
29 37 56
29 38 -38
29 39 -13
29 40 1
29 41 -52
29 42 -69
29 43 83
29 44 -67
29 46 67
29 47 -13
29 48 -58
29 49 11
30 0 43
30 1 9
30 2 21
30 3 47
30 4 -47
30 5 23
30 6 65
30 7 -9
30 8 -47
30 9 -10
30 10 28
30 11 59
30 13 -16
30 14 -27
30 15 -17
30 16 -93
30 17 23
30 18 68
30 19 98
30 20 -22
30 21 82
30 22 67
30 23 78
30 24 33
30 25 -88
30 26 9
30 27 34
30 28 55
30 29 -37
30 30 30
30 31 -29
30 32 55
30 33 74
30 34 22
30 35 89
30 36 -100
30 37 50
30 38 39
30 39 37
30 40 -53
30 41 92
30 42 85
30 43 9
30 44 -100
30 45 -92
30 47 28
30 48 9
30 49 -60
31 0 -33
31 1 32
31 2 -3
31 3 -94
31 4 76
31 5 -1
31 6 81
31 7 43
31 8 -2
31 9 -79
31 10 97
31 11 5
31 12 -68
31 13 44
31 14 -65
31 15 55
31 16 -7
31 17 -3
31 18 -58
31 19 95
31 20 28
31 21 98
31 22 74
31 23 61
31 24 -26
31 25 10
31 26 34
31 27 57
31 28 18
31 29 -64
31 30 -74
31 31 -14
31 32 98
31 33 80
31 34 19
31 35 -41
31 36 92
31 37 65
31 38 29
31 39 -85
31 40 46
31 41 42
31 42 10
31 43 -29
31 44 -65
31 45 -11
31 46 -98
31 47 -2
31 48 -21
31 49 33
32 0 -28
32 1 98
32 2 -17
32 3 -67
32 4 -27
32 5 -44
32 6 23
32 7 61
32 8 -55
32 9 -40
32 10 -1
32 11 -19
32 12 72
32 13 -5
32 14 16
32 15 -77
32 16 -37
32 17 45
32 18 -57
32 19 -14
32 20 -54
32 21 58
32 22 -85
32 23 -69
32 24 13
32 25 70
32 26 38
32 27 -98
32 28 44
32 29 -86
32 30 -2
32 31 -95
32 32 51
32 33 -50
32 34 -85
32 35 -45
32 36 39
32 37 77
32 38 62
32 39 10
32 40 100
32 41 -13
32 42 -85
32 44 37
32 45 -57
32 46 12
32 47 78
32 48 -61
32 49 15
33 0 -99
33 1 40
33 2 30
33 3 57
33 4 50
33 5 16
33 6 12
33 7 -26
33 8 -56
33 9 76
33 10 93
33 11 40
33 12 -19
33 13 55
33 14 16
33 15 -61
33 16 52
33 17 94
33 18 -1
33 19 -71
33 20 71
33 21 97
33 22 22
33 23 -29
33 24 -78
33 25 20
33 26 -25
33 27 54
33 28 -55
33 29 -90
33 30 -71
33 31 -57
33 32 -96
33 33 96
33 34 -64
33 35 66
33 36 -57
33 37 -3
33 38 -45
33 39 14
33 40 -70
33 41 -58
33 42 -38
33 43 96
33 44 75
33 45 88
33 46 -27
33 47 83
33 48 -1
33 49 59
34 0 -72
34 1 48
34 2 99
34 4 4
34 5 23
34 6 40
34 7 -87
34 8 -51
34 9 45
34 10 53
34 11 83
34 12 70
34 13 87
34 15 -12
34 16 -80
34 17 -17
34 18 86
34 19 -71
34 20 17
34 21 98
34 22 -71
34 23 84
34 25 15
34 26 16
34 27 73
34 28 -39
34 29 87
34 30 -39
34 31 -51
34 32 -63
34 33 87
34 34 83
34 35 83
34 36 -9
34 37 -53
34 38 100
34 39 -16
34 40 74
34 41 82
34 42 -29
34 43 89
34 44 76
34 45 -15
34 46 37
34 47 55
34 48 22
34 49 14
35 0 74
35 1 -17
35 2 92
35 3 85
35 4 97
35 5 84
35 6 56
35 7 63
35 8 -13
35 9 28
35 10 -9
35 11 -36
35 12 -83
35 13 -30
35 14 -11
35 15 -87
35 16 -99
35 17 -2
35 18 -11
35 19 9
35 20 17
35 21 -27
35 22 -51
35 23 55
35 24 66
35 25 70
35 26 93
35 27 -67
35 28 -88
35 29 -80
35 30 -69
35 31 68
35 32 -2
35 33 26
35 34 -34
35 35 -97
35 36 -10
35 37 49
35 38 92
35 39 -83
35 40 47
35 41 43
35 42 6
35 43 90
35 44 -99
35 45 94
35 46 39
35 47 36
35 48 -53
35 49 -18
36 0 54
36 1 -4
36 3 23
36 4 98
36 5 -69
36 6 -70
36 7 -69
36 8 -77
36 9 14
36 10 -47
36 11 60
36 12 2
36 13 74
36 14 37
36 15 9
36 16 -60
36 17 16
36 18 99
36 19 83
36 20 70
36 21 8
36 22 4
36 23 -70
36 24 -34
36 25 38
36 26 31
36 27 -10
36 28 -8
36 29 -11
36 30 -8
36 31 47
36 32 28
36 33 15
36 34 -16
36 35 15
36 36 -87
36 37 56
36 38 60
36 39 25
36 40 -33
36 41 37
36 42 25
36 43 -72
36 44 -15
36 45 59
36 46 81
36 47 86
36 48 75
36 49 -54
37 0 41
37 1 51
37 2 28
37 3 86
37 4 92
37 5 71
37 6 -51
37 7 -82
37 8 -83
37 9 41
37 10 63
37 11 94
37 12 99
37 13 -31
37 14 70
37 15 34
37 16 -20
37 17 -3
37 18 -73
37 19 -100
37 20 -29
37 21 -90
37 22 -74
37 23 29
37 24 -36
37 25 -86
37 26 -5
37 27 26
37 28 -42
37 29 -84
37 30 55
37 31 -92
37 32 -65
37 33 1
37 34 66
37 35 81
37 36 50
37 37 20
37 38 29
37 39 -4
37 40 66
37 41 -5
37 42 11
37 43 -71
37 44 91
37 45 -33
37 46 12
37 47 -53
37 48 -97
37 49 -40
38 0 -71
38 1 -80
38 2 38
38 3 91
38 5 38
38 6 8
38 7 -32
38 8 24
38 9 -80
38 10 78
38 11 -89
38 12 91
38 13 31
38 14 -14
38 15 17
38 16 55
38 17 18
38 18 90
38 19 41
38 20 -53
38 21 -11
38 22 -69
38 23 -4
38 24 -86
38 25 3
38 27 6
38 28 20
38 29 -83
38 30 -63
38 31 -59
38 32 71
38 33 50
38 34 -66
38 35 67
38 36 29
38 37 -53
38 38 -40
38 39 -38
38 40 64
38 41 82
38 42 26
38 43 6
38 44 33
38 45 80
38 46 20
38 47 -11
38 48 -97
38 49 44
39 0 32
39 2 -22
39 3 28
39 4 61
39 5 -4
39 6 16
39 7 16
39 8 14
39 9 -55
39 10 -5
39 11 83
39 12 -9
39 13 -2
39 14 44
39 15 96
39 16 86
39 17 -87
39 18 -44
39 19 31
39 20 -30
39 21 21
39 22 -51
39 23 -80
39 25 97
39 26 -13
39 27 36
39 28 -78
39 29 -80
39 31 92
39 32 -8
39 33 65
39 34 96
39 35 -91
39 36 -60
39 37 67
39 38 -22
39 40 -32
39 41 -5
39 43 -59
39 44 84
39 45 -70
39 46 -74
39 47 -31
39 48 59
39 49 -35
40 0 58
40 1 39
40 2 9
40 3 53
40 4 37
40 5 50
40 7 -96
40 8 -42
40 9 87
40 10 -21
40 11 93
40 12 -74
40 13 -26
40 14 77
40 17 34
40 18 -3
40 19 -80
40 20 3
40 21 48
40 22 27
40 23 -39
40 24 -42
40 25 22
40 26 -8
40 27 64
40 28 96
40 29 39
40 30 19
40 31 -1
40 32 -18
40 33 96
40 34 79
40 36 -41
40 37 -4
40 38 60
40 39 40
40 40 -70
40 41 62
40 42 -52
40 43 34
40 44 67
40 45 -24
40 46 -54
40 47 -96
40 48 12
40 49 -46
41 0 56
41 1 -8
41 2 -60
41 4 17
41 5 -7
41 6 -23
41 7 -89
41 9 -49
41 10 -79
41 11 25
41 12 -9
41 13 -87
41 14 -79
41 15 -23
41 16 -78
41 17 -42
41 18 29
41 20 83
41 21 100
41 22 -84
41 23 71
41 24 -27
41 25 -16
41 26 11
41 27 26
41 28 14
41 29 -41
41 30 66
41 31 19
41 32 60
41 33 -87
41 34 47
41 35 -99
41 36 4
41 37 17
41 38 -19
41 39 -25
41 40 -33
41 41 -1
41 42 -71
41 43 40
41 44 -5
41 45 10
41 46 48
41 47 -62
41 48 70
41 49 36
42 0 28
42 1 -24
42 2 -12
42 3 4
42 4 -79
42 5 -27
42 6 -94
42 7 24
42 8 -36
42 9 68
42 10 -85
42 11 67
42 12 43
42 13 36
42 14 -8
42 15 -59
42 16 12
42 17 -40
42 18 7
42 19 -36
42 20 70
42 21 -22
42 22 -14
42 23 -29
42 24 -97
42 25 94
42 26 -12
42 27 98
42 28 81
42 29 -44
42 30 -61
42 31 35
42 32 -50
42 33 -14
42 34 -27
42 35 -86
42 36 -65
42 37 -95
42 38 -71
42 39 83
42 40 24
42 41 2
42 42 -73
42 43 -93
42 44 93
42 45 -73
42 46 -56
42 47 -78
42 48 -76
42 49 -46
43 0 -67
43 1 -43
43 2 -19
43 3 -40
43 4 -39
43 5 55
43 6 -93
43 8 -7
43 9 -93
43 10 34
43 11 5
43 12 44
43 13 -93
43 15 -100
43 16 -76
43 17 -98
43 18 76
43 19 -19
43 20 82
43 21 -59
43 22 40
43 23 90
43 24 25
43 25 90
43 26 -87
43 27 -37
43 28 -63
43 29 -7
43 30 -30
43 31 -3
43 32 -27
43 33 41
43 34 -63
43 35 -9
43 36 -89
43 37 -21
43 38 47
43 39 54
43 41 -73
43 42 -79
43 43 -35
43 44 33
43 45 11
43 46 -77
43 47 70
43 48 -30
43 49 75
44 1 57
44 2 92
44 3 -86
44 4 57
44 5 58
44 6 90
44 7 -34
44 8 39
44 9 -8
44 10 40
44 11 -97
44 12 -80
44 13 -70
44 14 37
44 15 -40
44 16 4
44 17 38
44 18 69
44 19 3
44 20 -74
44 21 -58
44 22 91
44 23 15
44 24 18
44 25 -23
44 26 -99
44 27 -7
44 28 8
44 29 -74
44 30 76
44 31 37
44 32 76
44 33 -55
44 34 -29
44 35 -56
44 36 67
44 37 -98
44 38 -77
44 39 55
44 40 -49
44 41 51
44 42 -59
44 43 34
44 44 -14
44 45 14
44 46 8
44 47 -50
44 48 -17
44 49 58
45 0 -78
45 1 26
45 2 -93
45 3 -59
45 4 80
45 5 18
45 7 -12
45 8 -28
45 9 -2
45 10 -65
45 11 -79
45 12 2
45 13 95
45 15 -60
45 16 42
45 17 47
45 18 83
45 19 -30
45 20 -73
45 21 -26
45 22 -2
45 23 67
45 25 -65
45 26 68
45 27 100
45 28 -61
45 30 91
45 31 90
45 32 -65
45 33 52
45 34 -36
45 35 80
45 36 67
45 37 -64
45 38 -46
45 39 48
45 41 -16
45 42 -8
45 43 -58
45 44 41
45 45 18
45 46 -59
45 47 -92
45 48 -82
45 49 -44
46 0 -67
46 1 -5
46 2 42
46 3 -22
46 4 27
46 5 39
46 6 89
46 7 32
46 8 32
46 10 84
46 11 -77
46 12 64
46 14 -30
46 16 -80
46 17 53
46 18 -92
46 19 73
46 20 -38
46 21 -68
46 22 78
46 23 -84
46 24 -52
46 25 53
46 26 3
46 27 6
46 28 -32
46 29 -7
46 30 -63
46 31 -4
46 32 -60
46 33 -2
46 34 -95
46 35 12
46 36 -7
46 37 -68
46 38 -29
46 39 69
46 40 94
46 41 -75
46 42 49
46 43 49
46 44 -64
46 45 23
46 46 -17
46 47 -96
46 48 -20
46 49 -100
47 0 -14
47 1 -13
47 2 -26
47 3 -9
47 4 -73
47 5 -39
47 6 -22
47 7 29
47 8 -76
47 9 -15
47 10 45
47 11 -83
47 12 -35
47 13 12
47 15 -94
47 16 6
47 18 -49
47 19 -43
47 20 -26
47 21 -94
47 22 71
47 23 98
47 24 90
47 25 38
47 26 -7
47 27 -25
47 28 -32
47 29 -70
47 30 -31
47 31 -96
47 32 83
47 33 -75
47 34 -99
47 35 88
47 36 79
47 37 28
47 38 52
47 39 -86
47 40 11
47 41 -66
47 42 -70
47 43 -81
47 44 -68
47 45 -97
47 46 92
47 47 33
47 48 -94
47 49 1
48 0 84
48 1 78
48 2 9
48 3 -1
48 5 -26
48 6 100
48 7 -85
48 8 90
48 9 -4
48 10 21
48 11 70
48 12 28
48 13 -82
48 14 -67
48 15 -70
48 16 26
48 17 90
48 18 71
48 19 50
48 20 70
48 21 -19
48 22 82
48 23 48
48 24 -61
48 25 27
48 26 -21
48 27 42
48 28 -64
48 29 9
48 30 40
48 31 -5
48 32 -98
48 34 32
48 35 -31
48 36 11
48 37 78
48 38 -61
48 39 -50
48 40 59
48 41 -85
48 42 30
48 43 26
48 44 -83
48 45 73
48 46 -57
48 47 -49
48 48 -41
48 49 -38
49 0 -89
49 1 12
49 2 82
49 3 47
49 4 18
49 5 74
49 6 -2
49 7 27
49 8 -54
49 9 99
49 10 37
49 11 -93
49 12 -30
49 13 -80
49 14 -30
49 15 9
49 16 -64
49 17 51
49 18 65
49 19 -58
49 20 68
49 21 -79
49 22 23
49 23 -16
49 24 -90
49 25 -79
49 26 88
49 27 41
49 28 -12
49 29 -1
49 30 -89
49 31 84
49 32 -70
49 33 -19
49 34 100
49 35 49
49 36 -58
49 37 -13
49 38 13
49 39 98
49 40 -56
49 41 -14
49 42 76
49 43 -66
49 44 74
49 45 34
49 46 33
49 47 35
49 48 -28
49 49 -26