0 0 72
0 1 21
0 2 5
0 3 -12
0 4 83
0 5 -94
0 6 60
0 8 65
0 9 57
1 0 82
1 1 69
1 2 -46
1 3 18
1 4 5
1 5 90
1 7 29
1 9 7
2 1 -91
2 2 65
2 4 -19
2 5 -49
2 6 -50
2 7 16
2 8 15
2 9 22
3 0 34
3 2 -83
3 3 -66
3 4 82
3 6 -71
3 7 61
3 8 -84
3 9 -26
4 0 -20
4 1 75
4 2 71
4 3 -1
4 5 -69
4 7 42
4 8 -53
4 9 -14
5 0 -15
5 1 -57
5 3 -35
5 4 -61
5 5 88
5 6 -11
5 7 75
5 8 -78
6 0 -21
6 1 -88
6 4 -21
6 5 -19
6 7 35
6 8 -31
6 9 -15
7 0 -34
7 2 -8
7 5 98
7 6 -80
7 7 84
7 9 92
8 1 -66
8 2 -27
8 5 6
8 6 24
8 8 67
9 4 98
9 5 74
9 6 -14
9 8 -35