0 6 76
0 8 -51
0 11 -11
0 12 7
0 16 -85
0 18 11
0 23 56
0 28 44
0 31 65
0 38 80
0 45 45
0 47 92
0 54 69
0 59 11
0 61 9
0 66 54
0 67 -15
0 68 9
0 75 66
0 79 97
0 80 8
0 84 -86
0 87 -26
0 88 27
0 89 -70
0 94 83
0 97 32
0 98 1
0 100 -15
0 101 -74
0 102 -67
0 104 46
0 106 82
0 114 96
0 119 1
0 121 -9
0 124 8
0 126 75
0 127 30
0 133 -6
0 140 -46
0 141 -27
0 142 -28
0 144 51
0 146 -21
0 148 35
1 0 -82
1 2 73
1 4 -2
1 5 70
1 6 19
1 11 -65
1 12 -2
1 17 71
1 19 60
1 27 92
1 28 -27
1 29 85
1 35 -64
1 36 -47
1 37 52
1 41 -35
1 43 -75
1 45 -97
1 46 65
1 50 82
1 51 12
1 52 -67
1 56 14
1 57 -19
1 58 -28
1 59 -43
1 62 -5
1 63 43
1 64 22
1 67 -93
1 68 86
1 72 -64
1 77 -32
1 83 12
1 84 -94
1 93 95
1 96 -19
1 99 -47
1 101 -82
1 102 56
1 103 -9
1 122 15
1 124 -47
1 129 -89
1 132 -10
1 134 37
1 141 -57
1 142 35
1 143 64
1 146 -56
1 148 -6
2 4 37
2 10 -78
2 13 38
2 15 43
2 18 -74
2 19 -70
2 24 22
2 27 -69
2 29 99
2 30 -8
2 31 24
2 32 57
2 38 -65
2 39 12
2 44 61
2 51 11
2 52 84
2 54 61
2 59 26
2 60 -1
2 63 -14
2 69 -26
2 73 -28
2 74 -3
2 77 97
2 80 32
2 84 77
2 88 86
2 92 21
2 93 70
2 94 -59
2 96 -64
2 97 -73
2 98 21
2 99 44
2 100 -13
2 101 -11
2 105 2
2 107 -19
2 112 92
2 120 44
2 121 86
2 126 -75
2 127 -66
2 131 -24
2 140 81
2 142 -61
2 143 -94
2 144 -26
3 2 -61
3 9 21
3 10 -5
3 13 24
3 14 75
3 16 15
3 21 34
3 28 -9
3 30 -49
3 31 -44
3 33 90
3 36 74
3 37 30
3 39 -31
3 40 52
3 46 23
3 47 -47
3 52 2
3 55 -60
3 59 22
3 60 -60
3 61 -72
3 62 -99
3 64 -58
3 66 -85
3 67 24
3 68 -32
3 70 56
3 74 -75
3 77 -52
3 79 59
3 80 53
3 81 -90
3 87 81
3 88 -58
3 89 -69
3 93 -34
3 94 -32
3 97 -55
3 99 47
3 101 -28
3 102 92
3 106 99
3 108 21
3 109 -90
3 112 16
3 113 44
3 118 -42
3 123 -81
3 125 -71
3 126 -63
3 132 6
3 133 -11
3 136 55
3 138 83
3 139 -6
3 143 -72
4 2 -55
4 3 79
4 5 -58
4 6 87
4 7 53
4 8 1
4 9 -61
4 11 51
4 14 -85
4 16 86
4 18 -15
4 19 -59
4 20 -65
4 24 -51
4 25 -2
4 27 -40
4 28 95
4 30 -97
4 33 -39
4 37 58
4 41 2
4 43 30
4 44 44
4 47 45
4 51 -31
4 54 62
4 55 -38
4 56 -86
4 58 -17
4 61 -65
4 62 -52
4 64 -78
4 67 -42
4 69 -6
4 71 -48
4 72 63
4 73 -57
4 78 -52
4 79 74
4 80 -69
4 82 -100
4 84 -43
4 85 -20
4 86 97
4 88 -26
4 90 32
4 92 55
4 93 -2
4 99 77
4 100 36
4 102 -56
4 104 31
4 111 98
4 114 -82
4 115 66
4 119 44
4 124 79
4 125 -77
4 126 -64
4 127 -75
4 130 43
4 131 -58
4 132 -36
4 136 82
4 140 16
4 145 58
5 0 -47
5 4 51
5 5 -34
5 6 -34
5 7 -4
5 8 79
5 10 70
5 11 17
5 17 2
5 18 -43
5 19 32
5 31 -15
5 33 73
5 40 61
5 41 17
5 48 26
5 49 93
5 52 50
5 53 -84
5 58 -40
5 59 -98
5 60 82
5 61 6
5 66 -6
5 67 51
5 69 -31
5 70 83
5 75 -91
5 77 90
5 79 65
5 85 56
5 94 -10
5 95 94
5 97 -87
5 98 -36
5 104 5
5 105 -36
5 107 18
5 108 5
5 115 8
5 119 54
5 121 24
5 126 51
5 128 53
5 129 82
5 130 -97
5 131 -27
5 133 -3
5 134 85
5 135 -72
5 140 -49
5 141 -70
5 146 32
6 1 -60
6 5 -39
6 10 47
6 16 -61
6 19 5
6 21 45
6 22 45
6 26 -19
6 28 57
6 29 51
6 31 -36
6 32 74
6 39 45
6 41 48
6 42 -34
6 48 -14
6 49 27
6 51 -91
6 52 46
6 55 -80
6 56 30
6 57 51
6 59 43
6 61 -84
6 63 63
6 65 -93
6 66 -88
6 68 -30
6 70 -85
6 73 81
6 74 50
6 75 -47
6 77 -63
6 78 96
6 83 93
6 85 14
6 86 57
6 89 71
6 90 39
6 92 32
6 98 74
6 99 48
6 101 -4
6 102 -76
6 107 19
6 113 -23
6 115 97
6 122 -53
6 125 -41
6 127 -51
6 135 -28
6 137 92
6 138 -78
6 141 1
6 142 -92
6 143 36
6 146 50
6 149 44
7 1 -48
7 4 86
7 6 28
7 13 -45
7 14 54
7 16 -11
7 17 -43
7 20 96
7 28 -100
7 29 -15
7 31 -23
7 48 -43
7 49 1
7 52 16
7 53 91
7 55 59
7 58 -88
7 70 13
7 79 33
7 82 73
7 85 65
7 86 -67
7 89 -61
7 95 56
7 96 62
7 98 -54
7 105 -48
7 109 -63
7 113 46
7 116 97
7 124 44
7 133 -70
7 136 21
7 139 70
7 140 -60
7 143 61
7 147 -98
7 148 -25
8 2 5
8 3 -25
8 5 40
8 8 -56
8 11 -94
8 12 33
8 17 -78
8 19 -20
8 20 -33
8 24 -81
8 25 31
8 26 -3
8 34 51
8 36 -18
8 38 12
8 39 6
8 44 62
8 47 45
8 48 -54
8 53 57
8 55 -86
8 58 -33
8 63 -24
8 64 98
8 89 75
8 90 -83
8 91 53
8 96 61
8 111 -68
8 114 -99
8 117 75
8 119 92
8 120 -59
8 121 -71
8 123 -40
8 126 88
8 127 -9
8 136 -42
8 145 -38
8 146 -61
8 148 94
9 1 90
9 6 5
9 14 24
9 16 -35
9 18 33
9 19 85
9 20 -35
9 23 -73
9 26 80
9 33 36
9 34 9
9 40 -12
9 41 -9
9 42 -55
9 43 10
9 44 29
9 46 88
9 49 -83
9 50 -36
9 51 -31
9 52 -85
9 54 94
9 58 96
9 59 -66
9 60 -93
9 61 88
9 62 -83
9 69 40
9 71 52
9 73 12
9 74 78
9 76 25
9 80 76
9 82 44
9 84 -58
9 85 75
9 88 3
9 90 -80
9 94 65
9 95 -35
9 97 -91
9 98 -62
9 100 70
9 101 -62
9 105 71
9 108 -69
9 109 61
9 111 -54
9 114 43
9 118 40
9 120 -18
9 125 36
9 127 -55
9 128 -75
9 129 -54
9 135 97
9 138 89
9 140 30
9 141 -5
9 143 30
9 144 -98
9 147 -94
10 11 23
10 12 -52
10 13 92
10 19 58
10 22 -26
10 24 -45
10 26 94
10 28 77
10 45 50
10 47 -1
10 51 15
10 53 -25
10 56 39
10 57 62
10 64 -38
10 70 -2
10 75 30
10 77 -2
10 78 23
10 79 -98
10 82 -52
10 83 -89
10 91 -9
10 95 -40
10 96 -13
10 98 -78
10 100 -53
10 101 10
10 102 -71
10 103 11
10 105 -79
10 106 61
10 108 -60
10 111 -28
10 114 29
10 119 -17
10 120 95
10 121 -39
10 122 94
10 125 47
10 126 -82
10 127 -12
10 129 5
10 134 93
10 136 5
10 137 13
10 138 10
10 139 33
10 141 -47
10 147 56
10 149 72
11 0 -30
11 3 27
11 6 98
11 7 27
11 11 -54
11 17 22
11 20 63
11 21 -26
11 22 -91
11 23 98
11 25 -19
11 40 -34
11 41 11
11 44 14
11 45 -59
11 51 53
11 53 40
11 54 -31
11 61 2
11 63 -32
11 70 97
11 78 65
11 79 88
11 80 -89
11 82 9
11 84 -38
11 86 -40
11 87 -37
11 89 60
11 90 -79
11 91 27
11 94 11
11 95 62
11 100 10
11 106 44
11 107 65
11 110 -44
11 112 -34
11 113 -54
11 114 -44
11 115 86
11 119 55
11 120 -99
11 121 -25
11 122 -28
11 123 -67
11 125 69
11 128 -7
11 130 56
11 132 54
11 134 -71
11 147 29
12 1 -97
12 4 46
12 5 56
12 7 -91
12 15 -21
12 16 91
12 21 -27
12 25 -31
12 35 12
12 40 50
12 42 76
12 44 -76
12 50 -59
12 52 9
12 59 -37
12 63 19
12 66 24
12 67 -23
12 68 89
12 69 -54
12 70 -38
12 73 28
12 78 -17
12 80 27
12 85 59
12 86 -24
12 92 64
12 93 -16
12 98 13
12 99 -23
12 100 -50
12 107 24
12 111 -56
12 113 -10
12 115 -24
12 116 -68
12 118 -57
12 121 44
12 125 -91
12 129 -97
12 131 25
12 132 43
12 135 -15
12 136 -6
12 140 12
12 143 -24
12 147 -69
12 149 55
13 4 -21
13 6 87
13 7 -33
13 10 -78
13 11 55
13 12 -80
13 15 90
13 20 32
13 23 41
13 26 14
13 28 -42
13 32 81
13 33 -33
13 38 -59
13 41 -92
13 43 -27
13 46 6
13 47 61
13 48 -96
13 54 14
13 55 -99
13 56 -35
13 57 -53
13 61 -10
13 65 -99
13 71 70
13 73 -91
13 76 19
13 79 -1
13 81 7
13 82 54
13 83 47
13 84 -28
13 85 22
13 87 68
13 89 64
13 92 58
13 94 46
13 97 80
13 98 -28
13 99 -37
13 100 4
13 102 -6
13 106 -48
13 111 -7
13 112 -80
13 113 -19
13 115 20
13 123 -9
13 127 -34
13 129 -9
13 132 85
13 133 -31
13 134 84
13 140 95
13 143 100
13 144 39
13 146 74
13 147 73
14 1 58
14 10 -54
14 14 95
14 17 -56
14 21 63
14 22 -47
14 30 -93
14 39 -64
14 42 52
14 54 22
14 56 64
14 58 13
14 59 73
14 61 -38
14 62 64
14 68 11
14 69 -43
14 73 71
14 74 -23
14 80 -10
14 82 -85
14 83 -49
14 85 12
14 86 28
14 90 -32
14 91 30
14 93 -38
14 94 -17
14 96 -42
14 97 -66
14 99 31
14 100 -16
14 105 -90
14 106 -81
14 111 63
14 112 -19
14 113 -36
14 114 -59
14 116 47
14 120 -69
14 121 -21
14 122 -77
14 124 95
14 125 41
14 126 -73
14 128 63
14 133 85
14 135 68
14 137 79
14 138 -34
14 141 -21
15 3 9
15 4 45
15 15 67
15 17 -86
15 19 -6
15 22 85
15 23 -100
15 24 23
15 25 27
15 33 -54
15 34 92
15 41 -14
15 47 -97
15 50 36
15 56 18
15 60 -100
15 61 87
15 65 62
15 67 -97
15 70 9
15 72 78
15 74 62
15 79 2
15 82 -54
15 83 -33
15 87 -17
15 90 -97
15 92 99
15 97 76
15 100 94
15 103 -67
15 109 -50
15 111 -1
15 112 -84
15 129 -9
15 132 -33
15 134 -56
15 137 -64
15 142 45
15 148 -68
16 0 -79
16 2 -16
16 7 99
16 8 -94
16 9 -39
16 15 -72
16 17 -25
16 19 21
16 20 35
16 22 -86
16 25 99
16 27 -88
16 28 -36
16 29 -95
16 30 94
16 35 20
16 37 -47
16 38 6
16 42 -70
16 45 13
16 46 -43
16 48 47
16 53 72
16 57 -54
16 61 20
16 62 -21
16 63 50
16 64 84
16 66 -35
16 68 -90
16 69 71
16 73 47
16 74 -46
16 75 -19
16 78 11
16 82 81
16 87 -60
16 99 -14
16 101 95
16 103 78
16 109 -2
16 111 75
16 115 -49
16 118 21
16 119 -70
16 120 52
16 126 -29
16 127 -89
16 132 -39
16 137 -41
16 138 -47
16 139 -22
16 140 15
16 141 48
16 147 76
16 148 34
17 0 28
17 8 30
17 11 -70
17 16 -40
17 18 37
17 23 8
17 27 -2
17 33 33
17 34 24
17 38 -98
17 40 -35
17 42 5
17 49 -30
17 50 -97
17 51 -6
17 52 32
17 55 87
17 57 70
17 62 36
17 65 -79
17 67 38
17 68 -36
17 72 -63
17 80 -64
17 81 -68
17 82 67
17 85 -60
17 90 -32
17 91 39
17 93 47
17 94 11
17 95 9
17 99 -98
17 105 -90
17 106 34
17 107 12
17 110 79
17 117 28
17 121 -57
17 125 -61
17 128 -16
17 136 34
17 137 -9
17 139 53
17 142 -4
17 145 16
17 148 29
18 1 80
18 4 -30
18 5 -88
18 6 -49
18 7 91
18 8 -10
18 9 63
18 12 -91
18 14 100
18 17 89
18 18 -59
18 19 65
18 24 -80
18 26 68
18 43 -51
18 47 -83
18 49 48
18 50 96
18 51 -81
18 54 52
18 56 -70
18 58 49
18 59 1
18 60 67
18 63 37
18 64 -23
18 67 57
18 68 62
18 69 -49
18 72 29
18 76 -9
18 77 86
18 83 74
18 85 -53
18 89 2
18 92 -44
18 94 73
18 96 -91
18 107 -48
18 115 24
18 117 -76
18 120 3
18 121 -41
18 122 88
18 125 -90
18 126 18
18 134 -57
18 138 -22
18 141 61
18 142 -40
18 144 -15
18 146 39
18 147 -34
18 148 75
18 149 -43
19 1 99
19 6 46
19 7 -94
19 8 76
19 10 63
19 11 13
19 12 -94
19 13 70
19 16 -8
19 17 -8
19 19 67
19 24 -21
19 25 -99
19 27 -75
19 28 -67
19 32 -60
19 34 70
19 36 36
19 37 87
19 38 -62
19 44 31
19 47 -90
19 54 78
19 60 96
19 61 89
19 62 -45
19 67 -12
19 71 9
19 72 93
19 74 -62
19 75 69
19 76 6
19 77 83
19 81 -38
19 95 -89
19 102 41
19 105 -95
19 106 11
19 107 -98
19 109 72
19 111 72
19 115 -68
19 122 -1
19 127 44
19 131 45
19 132 -2
19 133 76
19 137 68
19 138 -28
19 141 -26
19 142 -73
19 143 80
19 148 48
20 0 -11
20 2 -36
20 3 -33
20 4 23
20 7 -77
20 9 38
20 15 1
20 20 36
20 21 -49
20 25 46
20 26 76
20 30 -80
20 35 -43
20 36 -95
20 38 74
20 43 82
20 44 -29
20 45 -19
20 47 47
20 63 39
20 67 -80
20 70 -21
20 71 60
20 72 -60
20 74 84
20 76 -58
20 77 60
20 80 -45
20 85 53
20 86 62
20 89 28
20 91 85
20 93 -74
20 94 -61
20 95 -56
20 96 -78
20 102 2
20 110 82
20 111 -16
20 113 -45
20 115 -24
20 118 -24
20 119 69
20 121 76
20 122 67
20 123 -55
20 124 33
20 126 59
20 130 15
20 131 -21
20 134 -100
20 135 10
20 142 -98
20 145 -92
20 147 -45
21 2 -47
21 3 89
21 4 -24
21 6 61
21 7 -52
21 9 89
21 11 -74
21 13 -8
21 16 -64
21 24 82
21 26 91
21 31 8
21 33 66
21 35 17
21 41 3
21 42 -53
21 48 36
21 53 -3
21 55 -87
21 56 -10
21 58 33
21 59 43
21 65 64
21 67 -28
21 73 83
21 75 17
21 78 60
21 83 -53
21 84 98
21 87 24
21 89 28
21 96 -43
21 98 -45
21 99 -89
21 102 27
21 105 15
21 108 97
21 109 -49
21 114 -43
21 116 4
21 126 94
21 127 -70
21 128 -6
21 130 94
21 132 -99
21 133 32
21 135 60
21 138 -92
21 139 -56
21 142 100
21 145 23
21 149 -7
22 2 -37
22 3 18
22 4 -27
22 10 -75
22 14 2
22 15 -50
22 16 -2
22 17 7
22 18 -80
22 24 42
22 25 -64
22 27 29
22 29 51
22 30 52
22 40 -22
22 41 -37
22 45 -69
22 49 37
22 51 -48
22 53 45
22 54 -70
22 58 -9
22 59 -8
22 60 88
22 61 29
22 62 -88
22 64 74
22 68 78
22 69 4
22 70 -97
22 71 -81
22 74 65
22 77 51
22 78 -65
22 82 -54
22 83 -76
22 86 7
22 88 29
22 90 -86
22 95 33
22 98 -76
22 99 47
22 100 -99
22 102 84
22 107 -31
22 118 -74
22 119 -100
22 120 25
22 121 -76
22 123 -76
22 125 -99
22 141 73
22 143 78
22 144 4
22 145 10
22 148 -81
22 149 20
23 0 -69
23 2 31
23 7 -62
23 11 -18
23 14 -87
23 15 71
23 16 -4
23 17 41
23 19 -10
23 21 -52
23 22 17
23 23 27
23 26 -38
23 29 -56
23 31 -51
23 32 82
23 33 96
23 37 53
23 39 18
23 40 -26
23 43 18
23 44 -18
23 48 17
23 55 -64
23 58 61
23 65 34
23 66 -98
23 68 -71
23 69 -6
23 72 23
23 73 98
23 74 28
23 76 -50
23 77 61
23 80 -86
23 82 69
23 83 -75
23 86 62
23 87 16
23 89 50
23 90 12
23 92 47
23 99 61
23 103 87
23 105 14
23 106 -88
23 108 85
23 109 5
23 112 21
23 116 -69
23 117 14
23 121 -8
23 125 -72
23 127 66
23 128 9
23 129 19
23 130 15
23 134 -17
23 138 77
23 141 -29
23 144 -68
23 148 76
24 1 -40
24 2 8
24 3 39
24 5 -89
24 6 98
24 10 75
24 16 84
24 20 27
24 21 -18
24 23 -29
24 24 -86
24 28 62
24 29 61
24 36 23
24 38 37
24 42 95
24 44 97
24 45 14
24 49 -15
24 52 -100
24 53 -76
24 54 -37
24 55 -82
24 59 -34
24 63 7
24 68 35
24 69 -89
24 70 -72
24 77 36
24 80 -68
24 81 43
24 85 -63
24 87 -66
24 92 91
24 93 -54
24 95 33
24 96 16
24 97 -83
24 99 88
24 100 -65
24 101 87
24 104 20
24 107 81
24 114 -70
24 115 -29
24 116 -89
24 121 100
24 123 -87
24 129 -27
24 134 84
24 135 11
24 137 18
24 138 91
24 143 -95
24 144 78
24 149 -19
25 2 -95
25 3 -31
25 4 73
25 11 -2
25 15 -38
25 16 -69
25 18 -40
25 20 67
25 26 -42
25 28 34
25 30 7
25 32 42
25 35 -35
25 40 85
25 41 27
25 42 -68
25 45 9
25 47 -25
25 50 -36
25 52 78
25 53 -14
25 54 -16
25 55 39
25 60 -64
25 67 -49
25 70 -25
25 71 18
25 73 26
25 86 -53
25 88 -67
25 89 -20
25 94 -87
25 97 51
25 99 -96
25 100 -55
25 105 57
25 106 12
25 107 27
25 110 -7
25 111 -25
25 119 -94
25 122 19
25 123 -27
25 127 -46
25 128 -73
25 130 -21
25 132 69
25 134 -61
25 137 89
25 138 -67
25 143 55
25 146 33
25 148 100
25 149 72
26 1 -68
26 4 87
26 5 68
26 7 80
26 8 -83
26 9 -37
26 11 -67
26 14 -79
26 16 -53
26 21 -7
26 24 11
26 26 -29
26 27 -9
26 29 -30
26 32 -90
26 34 87
26 38 92
26 40 18
26 41 55
26 44 16
26 46 -44
26 48 30
26 50 -93
26 53 43
26 55 -86
26 57 84
26 58 43
26 66 80
26 74 62
26 76 -80
26 78 -42
26 81 39
26 84 78
26 91 -27
26 93 -4
26 96 8
26 98 -40
26 99 45
26 105 40
26 111 -41
26 112 -14
26 118 -93
26 121 -52
26 123 78
26 125 -23
26 128 14
26 130 38
26 133 27
26 134 98
26 136 52
26 137 13
26 140 39
26 145 60
27 1 47
27 14 -49
27 25 -60
27 28 -9
27 32 53
27 34 90
27 35 77
27 40 -11
27 42 -74
27 48 -25
27 50 -73
27 52 -79
27 53 93
27 54 -80
27 55 59
27 56 -87
27 57 -47
27 58 35
27 59 -91
27 63 38
27 64 -45
27 73 19
27 74 -97
27 75 -52
27 80 63
27 81 39
27 83 -28
27 84 62
27 86 17
27 88 85
27 92 -33
27 94 -93
27 104 -74
27 106 -85
27 108 49
27 113 24
27 115 63
27 119 18
27 120 37
27 125 23
27 131 5
27 132 -25
27 137 5
27 140 10
27 141 -30
27 143 -16
27 144 93
27 145 75
28 0 42
28 3 11
28 7 93
28 8 99
28 12 20
28 14 60
28 15 -41
28 17 65
28 19 41
28 20 -17
28 25 -57
28 30 -94
28 31 -57
28 33 41
28 39 -32
28 47 -76
28 50 -13
28 51 -51
28 53 14
28 54 50
28 55 57
28 58 32
28 60 -20
28 63 49
28 66 -82
28 67 -85
28 71 -75
28 73 24
28 74 -68
28 78 2
28 79 -100
28 85 -63
28 86 -39
28 91 51
28 96 65
28 98 38
28 99 88
28 100 -77
28 104 4
28 105 -79
28 107 65
28 109 29
28 110 -4
28 113 70
28 119 72
28 120 92
28 122 87
28 127 -80
28 128 1
28 131 -12
28 134 99
28 135 -38
28 136 -50
28 137 -78
29 1 -91
29 4 31
29 6 -73
29 7 90
29 8 32
29 9 -86
29 11 -35
29 12 1
29 13 -11
29 16 -76
29 25 -37
29 29 25
29 32 -5
29 34 -80
29 37 78
29 38 51
29 41 85
29 44 38
29 46 75
29 47 -25
29 50 45
29 52 11
29 53 -4
29 54 28
29 55 88
29 58 -14
29 61 -45
29 63 -16
29 64 -93
29 65 29
29 67 -5
29 76 -94
29 81 -6
29 82 -93
29 83 32
29 84 9
29 87 6
29 90 -28
29 93 -16
29 94 98
29 99 47
29 100 -27
29 104 77
29 106 -33
29 109 59
29 111 14
29 112 21
29 113 -80
29 119 -9
29 122 -68
29 123 6
29 129 19
29 135 48
29 136 3
29 139 -47
29 140 -35
29 142 39
29 144 -35
30 5 65
30 8 -35
30 10 35
30 12 85
30 13 45
30 14 -94
30 16 -53
30 19 1
30 20 -98
30 24 -58
30 25 93
30 28 64
30 31 -61
30 32 85
30 33 58
30 36 -52
30 37 43
30 38 -57
30 39 80
30 42 45
30 46 -28
30 49 62
30 55 56
30 60 -71
30 64 65
30 67 65
30 70 51
30 73 -77
30 77 -32
30 80 59
30 82 -57
30 83 -53
30 84 -100
30 88 68
30 90 -46
30 92 -96
30 93 -75
30 95 37
30 98 -25
30 100 -6
30 102 17
30 103 -32
30 104 -44
30 105 3
30 108 60
30 109 -88
30 122 15
30 123 -12
30 124 -60
30 125 -95
30 128 22
30 130 -40
30 131 -57
30 133 -93
30 138 -1
30 140 -58
30 141 -5
30 143 45
31 1 -93
31 2 -81
31 4 99
31 5 -78
31 6 79
31 7 -55
31 8 -55
31 10 -81
31 13 -64
31 19 53
31 25 -80
31 26 75
31 27 13
31 30 -83
31 31 91
31 33 -51
31 34 94
31 36 14
31 40 -84
31 42 -58
31 43 4
31 44 -29
31 46 -16
31 47 28
31 49 66
31 54 38
31 57 -13
31 60 94
31 61 52
31 67 3
31 71 -99
31 72 -31
31 75 35
31 79 44
31 80 34
31 86 -74
31 88 31
31 90 18
31 100 92
31 104 -16
31 105 95
31 106 -85
31 107 -59
31 110 -1
31 119 -33
31 121 53
31 122 -78
31 125 -32
31 126 -37
31 127 91
31 129 22
31 131 10
31 134 4
31 136 -19
31 137 -71
31 138 -27
31 140 39
31 141 2
31 143 -3
31 146 -6
31 148 -1
32 2 5
32 3 41
32 8 2
32 9 -90
32 11 -33
32 13 -71
32 15 59
32 18 -43
32 21 57
32 25 56
32 26 -19
32 27 -46
32 31 10
32 33 -38
32 35 -75
32 37 5
32 38 92
32 45 64
32 46 -78
32 48 -54
32 51 -91
32 54 -77
32 57 5
32 60 -4
32 62 63
32 64 100
32 66 57
32 67 -88
32 68 -1
32 80 18
32 81 -65
32 87 -44
32 88 -73
32 89 58
32 90 -23
32 91 47
32 96 86
32 109 30
32 110 5
32 112 -64
32 115 -23
32 117 -96
32 118 70
32 120 -6
32 121 58
32 124 -52
32 135 77
32 136 39
32 146 56
32 147 12
33 3 74
33 10 -21
33 13 -26
33 15 83
33 16 -9
33 23 -18
33 24 52
33 26 100
33 36 -37
33 40 23
33 43 8
33 44 -51
33 51 -40
33 53 -90
33 54 -67
33 58 72
33 63 58
33 64 -15
33 65 -78
33 70 34
33 78 60
33 82 -11
33 85 -5
33 90 -11
33 91 -76
33 96 -26
33 98 61
33 99 -28
33 104 -50
33 109 -5
33 113 -34
33 114 -46
33 115 -26
33 117 -76
33 121 76
33 123 2
33 125 89
33 126 -36
33 127 -17
33 129 12
33 132 35
33 133 7
33 135 -97
33 142 59
33 144 -60
33 145 -54
34 1 67
34 3 -85
34 4 -24
34 10 -56
34 11 16
34 13 -44
34 18 10
34 20 -89
34 29 -39
34 32 21
34 33 32
34 36 62
34 38 91
34 43 15
34 45 -25
34 49 22
34 50 49
34 55 92
34 57 -99
34 60 -46
34 67 59
34 69 -57
34 72 55
34 82 81
34 85 -74
34 86 25
34 87 31
34 90 -65
34 93 -50
34 95 -54
34 99 59
34 104 -52
34 106 -90
34 107 -59
34 118 -100
34 121 57
34 122 -40
34 124 -91
34 125 91
34 130 18
34 132 -94
34 133 59
34 134 10
34 137 37
34 138 82
34 139 -78
34 141 -52
35 0 -78
35 4 -54
35 5 15
35 7 61
35 10 64
35 15 91
35 21 27
35 22 -78
35 23 75
35 27 54
35 31 -63
35 39 -14
35 46 72
35 48 -22
35 51 60
35 57 16
35 60 58
35 64 69
35 65 -10
35 66 80
35 67 -79
35 69 -73
35 73 -79
35 77 37
35 78 1
35 82 -89
35 93 -67
35 99 78
35 103 -92
35 105 -18
35 108 -12
35 109 97
35 110 -34
35 114 95
35 115 -50
35 118 5
35 120 25
35 123 9
35 126 82
35 128 29
35 130 67
35 134 -22
35 135 -41
35 140 -57
35 145 -13
36 4 16
36 5 -65
36 7 85
36 10 8
36 18 11
36 20 78
36 21 -79
36 22 78
36 28 91
36 29 -84
36 42 96
36 51 -100
36 52 -32
36 54 6
36 56 -100
36 61 93
36 62 -84
36 65 -88
36 69 -50
36 70 -45
36 72 -94
36 73 -85
36 74 35
36 76 81
36 79 -22
36 80 -99
36 86 59
36 87 84
36 89 20
36 90 -97
36 91 -21
36 92 -31
36 93 41
36 94 -11
36 98 -68
36 99 32
36 106 -21
36 107 44
36 109 -14
36 112 48
36 113 30
36 114 60
36 116 -11
36 117 -51
36 122 24
36 123 -68
36 124 -21
36 125 -89
36 126 -30
36 130 71
36 132 -97
36 136 -67
36 137 92
36 140 -38
36 141 40
36 142 -6
37 1 53
37 3 94
37 5 98
37 6 97
37 10 -91
37 13 -58
37 18 22
37 22 100
37 24 87
37 26 -42
37 28 -46
37 30 -57
37 38 54
37 40 -48
37 44 -23
37 45 92
37 46 -36
37 51 77
37 56 75
37 60 -30
37 64 -61
37 66 -15
37 67 13
37 69 55
37 76 -73
37 77 -14
37 78 39
37 82 -23
37 84 43
37 86 95
37 88 -65
37 91 2
37 94 -14
37 99 32
37 105 -44
37 108 -71
37 109 76
37 111 -79
37 113 45
37 114 -68
37 122 65
37 124 -2
37 126 -41
37 128 50
37 130 78
37 134 -95
37 137 -1
37 142 74
37 148 17
38 1 -97
38 2 -59
38 3 -87
38 4 -21
38 7 41
38 14 -79
38 15 73
38 16 89
38 19 -35
38 25 -99
38 26 92
38 28 31
38 35 -38
38 36 -80
38 39 10
38 43 77
38 44 43
38 54 75
38 55 -34
38 57 -93
38 67 -9
38 73 77
38 75 6
38 78 -9
38 79 -78
38 85 100
38 86 -46
38 89 73
38 91 -93
38 94 -88
38 95 26
38 97 99
38 98 7
38 100 -32
38 102 -97
38 103 -58
38 106 87
38 107 16
38 109 -17
38 110 14
38 117 28
38 118 -90
38 120 -8
38 122 -10
38 123 -26
38 124 -19
38 125 -57
38 127 -67
38 129 98
38 130 -90
38 131 -84
38 133 14
38 136 7
38 141 -53
38 143 7
39 0 53
39 1 83
39 2 11
39 6 -90
39 9 -93
39 15 -34
39 16 89
39 19 -36
39 23 -89
39 25 41
39 27 87
39 30 -67
39 31 59
39 32 -63
39 33 15
39 34 -36
39 39 56
39 40 -90
39 43 -76
39 45 -71
39 47 54
39 50 -29
39 51 -8
39 60 -41
39 62 34
39 63 -72
39 65 66
39 66 96
39 68 36
39 71 -44
39 72 -88
39 73 34
39 75 -29
39 76 41
39 77 18
39 84 96
39 85 65
39 87 61
39 91 47
39 93 -6
39 96 -73
39 98 70
39 100 -98
39 101 38
39 102 94
39 105 83
39 108 -99
39 112 88
39 114 49
39 115 -84
39 117 -43
39 119 16
39 125 -47
39 129 -54
39 133 25
39 141 -66
39 143 -77
39 146 -85
39 147 74
39 148 -57
40 0 -4
40 2 -18
40 11 66
40 13 -79
40 15 76
40 21 -22
40 25 -40
40 28 -23
40 30 -1
40 32 -22
40 37 -88
40 38 8
40 39 41
40 40 -71
40 41 -16
40 43 88
40 46 -74
40 52 -97
40 54 51
40 58 -78
40 60 1
40 61 -52
40 68 -67
40 69 31
40 70 -31
40 71 -39
40 72 35
40 75 -64
40 80 68
40 82 -64
40 83 94
40 91 99
40 94 -86
40 95 -68
40 97 -56
40 101 -78
40 102 -85
40 114 16
40 118 70
40 120 -43
40 122 97
40 123 -11
40 124 16
40 125 -96
40 128 -92
40 129 -75
40 133 19
40 135 49
40 139 -33
40 146 -48
40 149 84
41 11 7
41 15 -72
41 20 81
41 22 80
41 27 96
41 28 51
41 29 79
41 32 -35
41 34 -90
41 38 8
41 39 -46
41 42 79
41 44 10
41 47 72
41 48 -42
41 49 23
41 51 -39
41 54 39
41 55 -99
41 57 -64
41 60 67
41 62 45
41 65 -59
41 67 60
41 69 91
41 74 23
41 77 81
41 78 -85
41 81 5
41 87 71
41 88 -49
41 91 17
41 93 -19
41 94 4
41 96 61
41 101 22
41 102 57
41 107 -36
41 110 -90
41 115 18
41 116 -6
41 118 -4
41 122 -63
41 128 -96
41 130 -30
41 133 -64
41 134 72
41 135 99
41 137 -16
41 139 75
41 147 35
41 148 -90
42 0 53
42 4 66
42 5 -24
42 7 78
42 11 38
42 16 97
42 18 74
42 19 -41
42 20 93
42 23 -22
42 25 -35
42 26 -29
42 27 -26
42 29 32
42 31 -7
42 35 21
42 38 -61
42 43 -80
42 44 54
42 47 -30
42 48 79
42 49 43
42 50 -28
42 52 -48
42 54 -66
42 57 99
42 59 -54
42 63 -98
42 64 -9
42 66 -74
42 69 87
42 71 -5
42 72 99
42 73 51
42 74 -8
42 77 -19
42 85 56
42 90 -39
42 91 -21
42 93 -90
42 98 58
42 99 -68
42 100 -58
42 105 54
42 106 -80
42 108 58
42 109 -55
42 117 6
42 118 -44
42 119 50
42 121 -34
42 122 3
42 123 75
42 125 39
42 126 -80
42 127 73
42 129 18
42 133 -61
42 134 -48
42 136 -61
42 142 -53
42 147 49
42 148 92
43 1 63
43 2 41
43 9 48
43 11 54
43 12 -97
43 16 -56
43 17 -83
43 22 47
43 24 92
43 27 78
43 33 -3
43 34 -91
43 35 34
43 44 -96
43 45 -28
43 47 37
43 48 9
43 49 2
43 53 35
43 54 75
43 56 -18
43 57 64
43 58 39
43 60 84
43 61 54
43 62 69
43 64 -8
43 66 -32
43 69 6
43 73 3
43 75 -36
43 79 98
43 80 88
43 83 22
43 86 -76
43 87 -100
43 88 -11
43 94 -43
43 95 50
43 97 -70
43 101 3
43 108 -28
43 109 -77
43 112 83
43 114 -83
43 115 -46
43 119 -88
43 120 52
43 124 -78
43 125 53
43 127 -64
43 133 -55
43 136 -29
43 137 82
43 139 -66
43 140 41
43 144 -17
43 147 29
43 149 58
44 4 -14
44 6 73
44 7 -5
44 9 61
44 10 26
44 12 -55
44 13 61
44 15 -56
44 18 24
44 20 96
44 24 4
44 26 -98
44 29 -43
44 30 30
44 31 4
44 39 70
44 42 -28
44 46 93
44 53 95
44 56 81
44 59 55
44 61 -3
44 65 -93
44 66 -49
44 75 44
44 79 8
44 81 97
44 82 96
44 86 53
44 87 -38
44 91 -43
44 92 -100
44 96 -94
44 106 -94
44 120 -67
44 121 -61
44 122 10
44 127 -73
44 128 12
44 129 -97
44 131 47
44 134 -100
44 135 57
44 140 -10
45 0 -8
45 3 -45
45 7 -26
45 8 -47
45 16 83
45 23 23
45 24 -2
45 34 -92
45 35 -27
45 36 39
45 39 72
45 41 -3
45 42 57
45 44 14
45 46 -1
45 47 -55
45 48 -2
45 50 89
45 58 88
45 63 -79
45 65 -90
45 66 -75
45 73 -63
45 76 58
45 77 -40
45 79 -30
45 85 6
45 86 31
45 91 12
45 92 -69
45 93 -36
45 98 -59
45 101 25
45 104 59
45 105 -53
45 106 20
45 109 -67
45 112 -31
45 122 -30
45 128 42
45 130 -46
45 135 56
45 136 100
45 143 40
46 2 73
46 4 68
46 15 42
46 23 -20
46 26 -64
46 29 -23
46 31 90
46 37 -83
46 41 55
46 44 40
46 48 -73
46 53 -81
46 63 37
46 69 29
46 70 -25
46 72 76
46 76 13
46 77 -47
46 79 36
46 81 -19
46 87 -85
46 90 -55
46 93 -39
46 95 -53
46 97 -9
46 100 -44
46 111 -61
46 112 66
46 117 -66
46 122 34
46 123 55
46 131 -67
46 133 59
46 134 -63
46 136 -46
46 137 -35
46 148 23
46 149 -66
47 1 86
47 2 -53
47 6 12
47 9 93
47 11 4
47 16 69
47 17 1
47 19 -36
47 24 -51
47 25 -91
47 33 -54
47 39 -7
47 41 86
47 44 -1
47 49 -93
47 61 -85
47 67 -34
47 68 25
47 70 79
47 72 52
47 77 4
47 79 -62
47 86 -38
47 89 87
47 92 -51
47 94 48
47 100 -82
47 101 50
47 102 -45
47 103 88
47 104 54
47 110 -2
47 112 -47
47 113 -75
47 114 98
47 118 59
47 119 -100
47 120 55
47 123 73
47 129 -51
47 130 -26
47 135 47
47 137 22
47 139 60
47 141 -18
47 145 -27
47 146 -23
47 148 78
48 1 -61
48 2 -98
48 4 22
48 5 -37
48 6 43
48 8 -70
48 9 -79
48 10 98
48 11 48
48 12 30
48 13 -33
48 21 -65
48 23 -86
48 24 72
48 32 19
48 33 -8
48 43 56
48 46 -54
48 49 100
48 52 -89
48 54 31
48 56 80
48 61 9
48 64 60
48 65 -21
48 68 79
48 72 -59
48 76 -100
48 80 -5
48 85 -87
48 95 90
48 96 -73
48 99 -22
48 101 63
48 102 58
48 103 -73
48 106 -47
48 107 -20
48 108 56
48 110 55
48 111 22
48 114 -63
48 117 -76
48 119 53
48 121 91
48 125 44
48 134 -30
48 139 -21
48 141 -91
48 149 -47
49 0 69
49 2 49
49 8 57
49 10 -58
49 11 29
49 16 -11
49 17 -32
49 18 -37
49 20 21
49 22 -59
49 25 45
49 26 78
49 28 -59
49 31 -77
49 32 69
49 34 37
49 37 77
49 46 26
49 48 -50
49 51 -72
49 59 89
49 60 -33
49 61 93
49 64 38
49 68 49
49 79 -38
49 80 -1
49 81 91
49 82 -51
49 83 -27
49 84 -22
49 89 -98
49 95 26
49 96 -25
49 97 -15
49 100 -37
49 102 -96
49 106 35
49 110 26
49 112 -97
49 113 -34
49 115 -83
49 119 -36
49 122 28
49 124 66
49 125 -97
49 126 -33
49 127 91
49 133 40
49 142 -87
49 143 -87
49 145 88
49 147 72
50 5 -75
50 9 19
50 13 12
50 19 -42
50 20 -56
50 26 -96
50 27 -68
50 28 -85
50 29 -58
50 32 79
50 33 -36
50 37 -7
50 45 34
50 46 67
50 47 -80
50 48 -25
50 56 -94
50 66 -45
50 68 -30
50 74 -55
50 77 -30
50 78 -79
50 81 91
50 82 77
50 89 -50
50 96 -30
50 97 -28
50 98 -89
50 102 17
50 108 3
50 109 46
50 113 76
50 118 44
50 119 -3
50 121 -58
50 122 -18
50 124 40
50 125 -9
50 127 -10
50 128 -14
50 129 99
50 131 -89
50 133 -47
50 135 -84
50 138 35
50 141 -9
50 143 41
50 144 -40
50 145 15
50 146 54
50 148 -88
51 1 25
51 5 -52
51 7 -77
51 8 97
51 14 47
51 16 93
51 18 -18
51 22 -58
51 27 98
51 33 -16
51 34 59
51 35 66
51 42 53
51 46 -94
51 49 -12
51 53 -62
51 57 52
51 58 19
51 61 74
51 65 -11
51 68 -91
51 75 63
51 76 -79
51 80 71
51 83 -15
51 84 -86
51 87 -64
51 88 -9
51 91 34
51 97 -5
51 98 -6
51 107 86
51 108 -66
51 109 -16
51 111 -21
51 112 86
51 114 63
51 116 73
51 117 -24
51 120 -44
51 124 -56
51 128 83
51 132 4
51 134 45
51 136 55
51 137 -20
51 139 -9
51 141 -51
51 143 90
51 145 -51
51 147 60
51 148 -16
52 3 -17
52 6 98
52 12 -50
52 15 31
52 16 -70
52 17 -59
52 18 17
52 20 61
52 25 32
52 26 2
52 28 52
52 29 34
52 30 -95
52 32 25
52 35 -17
52 36 29
52 40 -80
52 42 -23
52 46 75
52 51 -32
52 56 82
52 57 -20
52 62 -7
52 65 4
52 66 32
52 69 -7
52 71 -50
52 74 -26
52 76 91
52 79 -28
52 83 89
52 84 -33
52 88 1
52 89 48
52 90 79
52 91 20
52 93 -9
52 94 89
52 95 18
52 96 -1
52 97 4
52 102 -94
52 104 -7
52 109 -14
52 112 -16
52 113 74
52 122 -47
52 123 -58
52 125 -43
52 128 78
52 133 -7
52 135 -31
52 136 94
52 139 -77
52 140 44
52 144 36
53 1 -39
53 2 85
53 3 69
53 6 -62
53 12 69
53 13 -80
53 16 49
53 17 -48
53 20 52
53 27 -29
53 35 71
53 36 58
53 40 41
53 43 -23
53 49 -46
53 51 -5
53 52 -22
53 56 -26
53 60 23
53 62 85
53 63 -70
53 71 -100
53 73 5
53 74 27
53 77 -73
53 79 14
53 80 18
53 81 51
53 82 5
53 83 2
53 86 96
53 87 86
53 88 -65
53 91 16
53 95 -99
53 96 -2
53 98 -90
53 100 98
53 102 -74
53 105 -98
53 113 35
53 114 -44
53 117 -35
53 119 44
53 122 -46
53 126 48
53 127 -37
53 129 -64
54 0 51
54 10 22
54 11 -38
54 14 46
54 19 67
54 22 -83
54 27 33
54 28 52
54 29 56
54 31 58
54 32 75
54 35 -84
54 37 -20
54 38 24
54 40 52
54 42 -48
54 52 75
54 55 -69
54 57 -62
54 71 55
54 74 29
54 77 -89
54 80 58
54 82 -54
54 89 4
54 96 88
54 102 87
54 104 29
54 107 -31
54 112 36
54 113 -92
54 118 -46
54 120 36
54 121 -2
54 122 -88
54 125 74
54 132 41
54 134 78
54 138 -2
54 140 -13
54 143 99
55 2 -57
55 3 -43
55 4 -75
55 14 84
55 16 4
55 19 26
55 24 -68
55 27 -4
55 30 -76
55 38 -95
55 50 -63
55 56 -57
55 62 2
55 64 -3
55 68 98
55 69 -95
55 77 13
55 82 -40
55 83 24
55 86 16
55 90 -1
55 91 -85
55 92 -73
55 98 65
55 101 30
55 113 39
55 114 -67
55 121 95
55 126 33
55 127 -38
55 130 17
55 132 46
55 142 -67
55 143 76
55 144 30
55 145 -36
56 1 -50
56 3 -36
56 12 72
56 15 -15
56 16 8
56 19 -99
56 20 37
56 21 -72
56 23 -21
56 27 -63
56 28 91
56 30 39
56 31 -60
56 34 51
56 43 -11
56 44 -98
56 46 37
56 51 56
56 55 13
56 57 -27
56 61 -10
56 67 -59
56 68 -12
56 71 2
56 73 -3
56 78 63
56 85 -85
56 87 14
56 88 -78
56 91 57
56 100 -43
56 102 28
56 104 80
56 106 -7
56 107 27
56 110 -92
56 112 -92
56 113 -42
56 114 61
56 115 -42
56 121 -19
56 122 -65
56 125 -15
56 128 20
56 132 -87
56 134 83
56 135 -65
56 136 -89
56 141 -36
56 145 64
56 146 46
57 0 64
57 4 -14
57 8 -68
57 13 73
57 24 8
57 35 3
57 36 65
57 41 16
57 42 -68
57 43 96
57 45 -81
57 50 -48
57 51 -84
57 52 -63
57 57 76
57 62 -76
57 64 -27
57 67 -91
57 69 35
57 70 98
57 73 42
57 75 -92
57 84 66
57 85 -61
57 87 -45
57 88 19
57 90 20
57 92 8
57 93 14
57 100 63
57 102 -9
57 104 -79
57 108 29
57 109 29
57 110 -27
57 114 73
57 117 65
57 118 91
57 120 84
57 122 17
57 125 91
57 130 3
57 131 61
57 132 -64
57 139 91
57 140 -64
57 141 -14
57 145 -78
57 146 82
57 149 -36
58 2 25
58 3 11
58 4 -53
58 7 -60
58 9 9
58 11 10
58 16 99
58 21 33
58 22 -79
58 23 -61
58 27 51
58 30 15
58 33 81
58 36 19
58 41 95
58 42 -59
58 43 73
58 46 -26
58 47 97
58 48 -45
58 53 21
58 55 32
58 56 -32
58 59 -27
58 63 28
58 64 -70
58 66 53
58 72 -56
58 75 -57
58 77 89
58 81 6
58 84 26
58 85 70
58 90 10
58 92 -47
58 101 -89
58 102 -17
58 107 -100
58 108 55
58 115 46
58 125 -35
58 126 -1
58 131 -51
58 132 68
58 134 59
58 135 -18
58 141 14
58 144 -18
58 148 38
58 149 -92
59 2 82
59 4 -16
59 5 70
59 6 -14
59 7 -79
59 8 -53
59 15 18
59 17 34
59 23 58
59 24 97
59 25 17
59 26 -69
59 34 -88
59 38 2
59 43 8
59 47 1
59 51 80
59 55 -87
59 56 -88
59 64 67
59 65 69
59 68 3
59 73 -59
59 74 -10
59 75 35
59 79 32
59 81 93
59 83 -47
59 86 -92
59 89 2
59 92 -36
59 94 71
59 98 -62
59 101 86
59 102 59
59 103 16
59 106 -14
59 116 99
59 118 4
59 120 -81
59 121 49
59 123 -30
59 124 85
59 126 -74
59 127 45
59 128 52
59 131 20
59 132 -70
59 134 -44
59 137 3
59 138 -10
59 139 -7
59 140 -15
59 142 18
59 143 -54
59 146 -99
59 147 -84
60 3 85
60 6 18
60 8 -73
60 13 -46
60 18 30
60 19 1
60 23 75
60 24 -2
60 26 58
60 29 89
60 30 -16
60 31 -88
60 35 -82
60 36 38
60 42 17
60 43 -68
60 47 -31
60 48 -38
60 53 -75
60 54 -82
60 55 -75
60 58 92
60 60 77
60 62 40
60 67 94
60 69 95
60 70 74
60 71 -91
60 73 -9
60 78 -1
60 80 -24
60 84 -8
60 86 -91
60 87 92
60 90 -13
60 95 -86
60 96 49
60 97 -25
60 99 -48
60 100 82
60 101 -57
60 102 -98
60 104 70
60 105 90
60 107 -9
60 108 -48
60 132 64
60 133 -7
60 134 -39
60 136 82
60 138 12
60 139 74
60 142 -27
60 143 96
60 145 35
60 146 41
60 148 -25
60 149 17
61 14 4
61 17 6
61 20 -31
61 26 6
61 28 71
61 29 -24
61 30 -8
61 31 46
61 32 -100
61 34 75
61 37 -25
61 40 -88
61 41 91
61 42 66
61 46 55
61 48 -87
61 51 57
61 53 93
61 55 31
61 60 96
61 61 -43
61 66 -80
61 70 85
61 72 -59
61 73 47
61 78 -96
61 80 -83
61 81 1
61 87 -12
61 88 -98
61 89 -4
61 94 -8
61 95 -31
61 101 60
61 102 3
61 106 5
61 107 98
61 110 85
61 114 99
61 115 -33
61 121 -94
61 123 90
61 125 -5
61 127 38
61 131 61
61 136 -55
61 137 4
61 146 -24
61 147 -87
62 1 9
62 9 16
62 10 81
62 11 43
62 12 6
62 14 92
62 16 15
62 28 -1
62 34 -52
62 37 20
62 41 -12
62 42 88
62 43 -98
62 48 47
62 52 -76
62 53 51
62 54 -32
62 55 -20
62 57 -94
62 61 -97
62 62 -24
62 64 56
62 69 32
62 71 -96
62 77 -99
62 81 80
62 85 27
62 88 -38
62 89 -4
62 94 16
62 96 -57
62 99 100
62 102 35
62 103 -32
62 104 -15
62 110 -60
62 113 60
62 115 -87
62 120 93
62 121 48
62 122 -90
62 124 67
62 126 45
62 127 70
62 131 81
62 132 66
62 136 -93
62 139 7
62 142 -35
62 144 -48
62 149 -4
63 0 -68
63 5 -23
63 9 39
63 10 -43
63 11 -19
63 12 73
63 14 65
63 15 51
63 16 -54
63 19 14
63 22 92
63 23 -81
63 24 14
63 25 -17
63 26 -42
63 27 70
63 48 14
63 52 -99
63 54 21
63 57 -88
63 59 -57
63 61 -81
63 62 -50
63 67 14
63 68 11
63 71 46
63 72 87
63 73 84
63 76 -34
63 84 20
63 89 85
63 91 59
63 98 48
63 101 -80
63 103 -72
63 105 -5
63 107 26
63 115 73
63 116 92
63 119 -39
63 121 -4
63 122 17
63 124 -47
63 127 -25
63 128 -46
63 129 3
63 130 65
63 131 45
63 132 -3
63 133 26
63 134 63
63 137 -16
63 139 -18
63 140 -34
63 143 41
63 147 -68
63 149 32
64 2 7
64 4 -27
64 7 29
64 10 87
64 11 -10
64 12 29
64 14 -48
64 15 82
64 16 -98
64 17 -7
64 21 13
64 22 38
64 26 -27
64 27 31
64 31 1
64 40 85
64 48 24
64 50 -36
64 51 39
64 54 -37
64 57 79
64 60 -17
64 61 77
64 66 46
64 67 10
64 69 -49
64 72 89
64 73 -83
64 75 77
64 80 14
64 84 76
64 85 -24
64 86 -71
64 87 -64
64 89 3
64 91 -37
64 92 -53
64 96 23
64 98 -15
64 99 59
64 100 60
64 101 70
64 102 -70
64 103 -30
64 105 -59
64 123 75
64 126 -29
64 127 -76
64 129 -42
64 131 6
64 132 29
64 139 7
64 146 34
64 148 100
64 149 -27
65 1 -45
65 2 -18
65 11 -17
65 14 -24
65 17 4
65 21 70
65 29 -38
65 30 -79
65 32 67
65 34 -40
65 39 59
65 41 -20
65 42 -1
65 44 -34
65 45 81
65 57 -72
65 58 13
65 61 -21
65 62 8
65 67 -38
65 70 -2
65 72 -74
65 74 20
65 82 44
65 83 -26
65 84 4
65 87 97
65 88 -83
65 94 -80
65 97 -22
65 103 40
65 104 -94
65 105 -6
65 109 44
65 112 3
65 115 67
65 120 -81
65 122 93
65 129 -22
65 130 -26
65 132 65
65 140 -81
65 142 -2
65 144 23
65 146 6
65 147 -72
66 2 -84
66 7 48
66 10 28
66 12 -13
66 15 -11
66 16 21
66 17 -79
66 19 20
66 21 31
66 26 54
66 27 -44
66 29 41
66 32 -27
66 33 -32
66 35 -38
66 36 73
66 39 -8
66 41 -33
66 42 -11
66 45 -58
66 48 74
66 53 -41
66 55 -23
66 56 34
66 59 12
66 60 -75
66 62 -57
66 65 -74
66 66 -53
66 68 -62
66 69 -73
66 70 -12
66 72 -1
66 76 -36
66 80 -41
66 83 21
66 87 99
66 90 -39
66 92 -63
66 93 -56
66 95 -87
66 97 -74
66 102 69
66 103 -73
66 108 -45
66 109 -9
66 113 66
66 124 -34
66 126 96
66 132 51
66 134 -71
66 136 4
66 140 23
66 143 -10
67 0 -37
67 1 -84
67 2 -65
67 3 -3
67 5 -42
67 6 -66
67 10 83
67 11 30
67 13 -94
67 15 8
67 16 94
67 17 -8
67 24 -85
67 26 -70
67 37 -52
67 38 86
67 40 87
67 41 3
67 49 -54
67 54 25
67 57 -8
67 58 -8
67 60 -91
67 65 19
67 69 46
67 72 -1
67 75 -23
67 76 -80
67 79 -77
67 84 -81
67 87 -84
67 88 85
67 89 71
67 92 84
67 93 79
67 95 17
67 97 72
67 99 33
67 105 -43
67 108 78
67 109 11
67 113 62
67 115 62
67 116 -16
67 120 76
67 121 -91
67 124 83
67 128 19
67 133 -80
67 135 -100
67 136 -67
67 142 72
67 145 2
67 146 -97
67 149 49
68 1 -66
68 4 -28
68 5 10
68 7 99
68 18 43
68 24 52
68 25 -68
68 26 -36
68 31 -8
68 32 -15
68 35 17
68 36 -81
68 40 53
68 42 43
68 43 97
68 44 21
68 48 -76
68 49 -6
68 51 -81
68 54 -71
68 56 -22
68 57 54
68 61 -54
68 62 45
68 63 -90
68 67 -96
68 68 9
68 70 59
68 72 88
68 74 41
68 75 -42
68 78 -55
68 79 10
68 81 -97
68 83 31
68 95 -33
68 99 40
68 103 -19
68 105 7
68 108 12
68 110 -21
68 116 17
68 117 -76
68 118 82
68 119 -44
68 120 37
68 121 68
68 122 -54
68 124 -8
68 128 -51
68 129 25
68 130 14
68 133 -53
68 135 -38
68 139 37
68 141 -69
68 142 77
68 143 6
68 148 -87
69 0 -18
69 2 65
69 5 20
69 6 13
69 8 35
69 10 -5
69 18 20
69 22 68
69 23 40
69 26 95
69 34 79
69 35 -63
69 36 -59
69 38 -76
69 40 40
69 53 -97
69 55 93
69 62 -57
69 64 -65
69 67 70
69 75 -97
69 80 -85
69 82 26
69 84 -13
69 87 6
69 89 30
69 90 75
69 91 90
69 92 -2
69 93 82
69 95 79
69 99 -93
69 101 -37
69 104 6
69 106 85
69 107 -100
69 110 38
69 113 32
69 114 45
69 117 -46
69 118 36
69 125 29
69 129 -55
69 131 22
69 133 51
69 137 12
69 138 59
69 140 -35
69 145 -32
69 146 -66
69 147 -70
69 148 -91
70 2 -25
70 8 54
70 9 86
70 14 -16
70 17 8
70 18 22
70 23 -37
70 32 38
70 36 -74
70 39 84
70 40 -25
70 48 68
70 49 32
70 50 -30
70 51 54
70 53 -40
70 55 26
70 56 -18
70 57 14
70 58 -54
70 59 88
70 63 87
70 64 -57
70 65 -74
70 66 73
70 68 92
70 69 -72
70 70 76
70 71 -71
70 73 -51
70 79 -32
70 80 94
70 81 8
70 84 99
70 86 -99
70 87 -36
70 89 67
70 91 -81
70 92 76
70 95 86
70 97 -79
70 101 -49
70 102 -72
70 108 -1
70 110 72
70 112 -93
70 117 -2
70 120 4
70 121 -14
70 126 -30
70 129 -17
70 130 68
70 131 55
70 133 -13
70 134 66
70 139 23
70 145 -91
70 146 41
70 147 66
71 0 -11
71 1 49
71 3 43
71 4 -96
71 6 -2
71 11 -70
71 12 36
71 13 -78
71 14 -20
71 19 -10
71 23 100
71 24 -6
71 26 89
71 27 14
71 29 -50
71 30 -81
71 31 -12
71 32 19
71 33 -10
71 37 -80
71 39 -63
71 46 -34
71 47 27
71 53 94
71 58 18
71 68 -48
71 69 57
71 71 -21
71 75 3
71 81 41
71 83 11
71 87 64
71 90 -38
71 91 -88
71 106 -18
71 110 -41
71 113 48
71 125 -72
71 126 -91
71 127 -96
71 128 16
71 130 -16
71 134 31
71 136 -81
71 141 27
71 142 -23
71 143 -3
71 145 -79
71 148 -87
72 0 42
72 2 -16
72 3 -62
72 4 -81
72 9 84
72 11 64
72 13 -80
72 15 -96
72 19 29
72 23 14
72 28 9
72 29 -85
72 30 57
72 31 91
72 32 -51
72 33 -73
72 35 52
72 41 70
72 46 -23
72 50 59
72 54 14
72 55 44
72 59 -77
72 60 58
72 65 47
72 66 -37
72 67 -52
72 68 -15
72 70 79
72 74 -27
72 77 37
72 78 98
72 81 -38
72 83 80
72 84 -97
72 87 61
72 89 29
72 92 11
72 97 76
72 105 -51
72 108 19
72 113 -85
72 114 76
72 118 29
72 122 67
72 130 11
72 136 -3
72 138 36
72 141 -67
72 142 -34
72 143 -29
72 146 -66
73 2 -20
73 3 16
73 4 -83
73 10 -10
73 12 -76
73 13 -37
73 14 -62
73 16 53
73 18 2
73 26 39
73 28 -64
73 31 6
73 35 16
73 37 -38
73 39 58
73 46 67
73 47 -31
73 49 91
73 55 31
73 57 7
73 60 -80
73 67 47
73 68 -84
73 69 -75
73 72 -48
73 73 -28
73 75 96
73 81 -2
73 83 -90
73 84 -47
73 85 35
73 86 79
73 87 -80
73 97 -48
73 98 -11
73 102 -35
73 103 57
73 105 26
73 108 -56
73 109 35
73 110 -39
73 111 78
73 112 73
73 113 75
73 116 -20
73 118 -51
73 121 10
73 124 78
73 128 35
73 131 -8
73 132 1
73 133 -78
73 138 -53
73 143 -50
73 147 -41
73 149 27
74 0 -20
74 2 26
74 4 32
74 6 23
74 8 41
74 13 -7
74 15 -4
74 16 91
74 17 6
74 19 -27
74 20 69
74 26 -40
74 28 -73
74 31 93
74 32 71
74 33 37
74 38 -50
74 40 52
74 42 24
74 44 12
74 47 -63
74 50 89
74 51 -41
74 52 40
74 55 63
74 56 -43
74 58 -73
74 60 -100
74 62 6
74 65 30
74 69 85
74 74 4
74 76 -92
74 79 5
74 87 -4
74 88 36
74 89 -15
74 93 90
74 95 51
74 96 54
74 97 -61
74 98 20
74 103 -81
74 105 86
74 109 94
74 110 52
74 111 42
74 113 55
74 114 -89
74 115 -73
74 116 -18
74 122 -75
74 123 60
74 127 -23
74 128 12
74 136 1
74 137 70
74 138 -40
74 141 -83
74 144 60
74 146 22
74 147 -16
75 0 44
75 1 -36
75 3 23
75 5 94
75 8 -45
75 13 -18
75 17 -56
75 18 -79
75 19 19
75 20 61
75 27 28
75 28 74
75 29 4
75 37 -19
75 41 -100
75 43 -47
75 46 -15
75 49 90
75 51 88
75 57 91
75 58 -55
75 60 -34
75 62 34
75 63 31
75 64 -85
75 68 24
75 75 -83
75 80 60
75 82 -35
75 83 70
75 84 48
75 94 78
75 103 87
75 108 -52
75 112 97
75 114 29
75 115 -11
75 120 -75
75 125 35
75 128 -75
75 129 96
75 130 20
75 137 79
75 139 9
75 140 -70
75 147 26
75 149 -97
76 3 -6
76 4 -15
76 5 58
76 10 -6
76 13 56
76 16 -10
76 17 -81
76 19 -3
76 20 8
76 24 56
76 25 52
76 26 -9
76 28 6
76 29 -64
76 30 -56
76 36 -86
76 41 86
76 42 -7
76 43 86
76 49 63
76 51 30
76 54 24
76 55 -42
76 56 41
76 58 21
76 60 -92
76 61 -29
76 62 -78
76 63 41
76 66 60
76 67 94
76 69 33
76 71 -31
76 72 -56
76 75 -91
76 77 -100
76 78 -86
76 82 -3
76 89 50
76 92 -81
76 96 11
76 98 -37
76 110 37
76 114 53
76 115 47
76 118 100
76 119 12
76 121 63
76 124 -21
76 126 48
76 130 -57
76 131 99
76 132 15
76 137 -23
76 140 -3
76 145 35
76 146 26
77 1 37
77 4 82
77 5 -10
77 6 -23
77 11 23
77 12 5
77 13 -16
77 14 -7
77 19 28
77 21 -37
77 25 15
77 28 -92
77 32 56
77 39 57
77 41 -9
77 44 69
77 46 32
77 50 37
77 52 63
77 53 -25
77 56 91
77 58 -72
77 67 19
77 68 54
77 70 -37
77 75 -92
77 78 -1
77 80 -65
77 83 -52
77 84 -10
77 85 84
77 87 -54
77 89 34
77 90 8
77 92 -30
77 94 -87
77 96 82
77 98 -33
77 105 -88
77 115 77
77 120 85
77 123 51
77 125 25
77 127 77
77 136 -83
77 140 75
77 143 -6
77 145 -55
77 146 -23
77 147 -81
78 1 -63
78 3 -29
78 4 -88
78 6 14
78 8 35
78 11 26
78 14 -34
78 15 -85
78 18 30
78 19 -20
78 22 -3
78 23 -21
78 30 7
78 35 18
78 37 79
78 41 71
78 43 -81
78 47 -30
78 48 -26
78 55 98
78 57 10
78 58 78
78 61 73
78 64 -78
78 65 -66
78 67 -28
78 71 31
78 73 -71
78 74 -11
78 76 32
78 79 -3
78 80 -17
78 82 -49
78 89 -83
78 91 -34
78 95 37
78 96 68
78 101 76
78 105 27
78 108 -20
78 109 -11
78 112 8
78 114 -10
78 116 -61
78 118 79
78 120 53
78 125 41
78 129 35
78 133 2
78 134 56
78 137 43
78 138 -36
78 147 -20
78 149 -46
79 1 98
79 2 72
79 4 -32
79 5 89
79 8 -11
79 9 -81
79 10 -99
79 12 -97
79 14 -19
79 15 -54
79 19 -7
79 20 100
79 21 -18
79 23 -100
79 24 -32
79 25 82
79 26 40
79 33 25
79 36 -83
79 46 54
79 49 -30
79 50 74
79 54 22
79 56 82
79 57 20
79 58 -34
79 61 -18
79 64 -19
79 72 13
79 73 28
79 75 23
79 76 -19
79 77 49
79 79 -57
79 83 95
79 84 -41
79 89 -40
79 92 89
79 93 -91
79 98 -12
79 99 15
79 101 -67
79 103 -52
79 106 87
79 110 98
79 111 77
79 113 -54
79 117 77
79 118 82
79 121 12
79 122 -30
79 127 30
79 132 11
79 141 -79
80 0 -88
80 2 -71
80 3 43
80 5 31
80 6 1
80 8 -7
80 13 -34
80 16 -84
80 17 99
80 19 -18
80 26 -60
80 34 53
80 37 -40
80 38 -90
80 41 -6
80 44 -75
80 47 20
80 50 -42
80 53 20
80 59 -89
80 60 53
80 61 35
80 63 -87
80 64 -24
80 66 -93
80 67 -38
80 68 -99
80 71 -48
80 75 -39
80 78 -99
80 80 9
80 81 -95
80 84 -18
80 85 8
80 91 5
80 94 33
80 95 27
80 98 -83
80 104 59
80 106 2
80 110 38
80 115 66
80 123 27
80 124 26
80 126 63
80 127 70
80 132 80
80 133 -97
80 135 -13
80 137 -95
80 140 -20
80 141 5
80 143 35
80 147 21
81 5 27
81 10 57
81 12 -93
81 13 95
81 16 -19
81 17 74
81 18 61
81 28 -61
81 29 -38
81 32 -57
81 34 -54
81 36 67
81 37 27
81 39 77
81 40 31
81 41 -85
81 42 -62
81 47 -36
81 48 95
81 51 63
81 54 -78
81 55 -93
81 59 15
81 61 23
81 62 56
81 63 -89
81 64 -9
81 66 29
81 68 77
81 70 55
81 72 -19
81 73 37
81 77 -17
81 78 -39
81 83 -45
81 86 33
81 90 85
81 93 -64
81 100 -68
81 101 10
81 102 -65
81 103 -91
81 107 20
81 108 95
81 112 -78
81 117 -67
81 119 5
81 121 -11
81 123 -39
81 124 73
81 127 66
81 129 -68
81 130 39
81 134 32
81 143 -80
81 145 94
81 147 2
82 0 -83
82 1 98
82 4 -68
82 9 72
82 11 -68
82 13 66
82 20 56
82 21 70
82 26 -66
82 27 24
82 28 6
82 29 -94
82 31 -48
82 32 82
82 35 -54
82 41 -34
82 43 69
82 46 88
82 48 -89
82 49 28
82 51 -30
82 55 -100
82 59 -44
82 63 25
82 64 -81
82 66 -94
82 72 -28
82 73 16
82 78 86
82 79 49
82 82 -95
82 85 -93
82 88 -90
82 90 -4
82 93 79
82 95 -7
82 96 -84
82 98 64
82 99 -95
82 101 -29
82 103 34
82 104 -11
82 106 -33
82 107 20
82 111 -5
82 113 -50
82 118 -56
82 122 61
82 125 -86
82 129 -36
82 136 99
82 141 -32
82 142 -25
82 144 50
82 146 48
82 147 60
82 148 -72
83 2 85
83 3 2
83 4 3
83 5 -41
83 9 -57
83 10 -20
83 14 -47
83 15 20
83 17 -60
83 18 -7
83 19 -46
83 20 -60
83 21 45
83 23 -61
83 24 50
83 25 25
83 26 83
83 28 -62
83 29 -42
83 30 -24
83 32 29
83 35 -67
83 38 56
83 41 42
83 45 -12
83 51 65
83 52 -50
83 55 -29
83 56 -62
83 58 -48
83 59 94
83 65 -32
83 67 33
83 69 -67
83 71 -21
83 74 90
83 80 -98
83 84 -83
83 91 -73
83 95 23
83 97 -44
83 103 73
83 104 -9
83 108 -29
83 112 94
83 113 -41
83 115 -44
83 122 -43
83 124 13
83 125 24
83 127 -60
83 136 28
83 140 -35
83 143 69
83 145 69
83 147 -8
83 149 62
84 1 -52
84 7 -37
84 8 -96
84 10 49
84 12 -80
84 15 91
84 23 -56
84 27 94
84 28 -38
84 29 -22
84 30 -36
84 40 18
84 44 -64
84 48 81
84 50 98
84 52 64
84 55 51
84 58 -21
84 61 31
84 63 -29
84 67 3
84 69 -53
84 71 -88
84 74 2
84 80 39
84 81 61
84 84 -97
84 85 -78
84 86 29
84 91 -88
84 92 -54
84 95 54
84 98 -23
84 106 28
84 109 14
84 110 -86
84 111 -64
84 112 17
84 117 -69
84 118 -65
84 119 7
84 124 -82
84 126 -16
84 127 88
84 130 -13
84 134 -81
84 138 43
84 139 55
84 143 -1
84 148 32
85 2 53
85 4 29
85 5 -7
85 7 57
85 13 69
85 17 7
85 19 -65
85 20 -86
85 22 24
85 29 33
85 32 -96
85 33 -59
85 37 -61
85 38 38
85 41 68
85 43 -5
85 49 -86
85 57 -40
85 60 37
85 63 88
85 66 44
85 67 -71
85 68 74
85 69 -32
85 71 -19
85 73 -58
85 76 -69
85 77 -52
85 87 -1
85 92 -27
85 95 -55
85 99 -71
85 101 -33
85 104 4
85 105 -73
85 106 47
85 107 88
85 108 -85
85 114 -95
85 127 -51
85 129 81
85 130 -33
85 132 54
85 137 -20
85 139 9
85 143 28
85 144 56
85 146 42
85 148 96
86 0 -20
86 3 -33
86 8 -9
86 12 -18
86 18 1
86 19 -54
86 23 -97
86 24 -31
86 27 -92
86 30 -81
86 42 12
86 46 45
86 50 96
86 51 -7
86 55 75
86 58 -58
86 59 -80
86 65 31
86 69 6
86 73 -58
86 75 -68
86 76 -20
86 80 74
86 84 92
86 85 -91
86 90 -88
86 91 45
86 92 50
86 93 -50
86 94 64
86 95 -86
86 98 -7
86 99 84
86 102 62
86 110 84
86 116 2
86 117 62
86 119 49
86 120 7
86 121 -8
86 122 87
86 125 -75
86 126 -13
86 133 54
86 140 94
86 145 74
86 148 75
87 5 2
87 9 -12
87 10 -35
87 11 -86
87 13 -27
87 24 59
87 27 -29
87 31 70
87 32 -73
87 35 -64
87 39 53
87 41 46
87 42 -32
87 44 -63
87 45 -55
87 46 55
87 48 -42
87 57 -68
87 58 -39
87 63 -67
87 65 6
87 66 100
87 67 -15
87 68 69
87 71 -56
87 72 76
87 73 -17
87 74 -24
87 80 82
87 82 8
87 88 -81
87 90 56
87 93 -75
87 94 -32
87 95 -22
87 96 -8
87 97 -54
87 98 32
87 99 89
87 106 10
87 109 -69
87 114 -96
87 119 29
87 121 -44
87 124 -48
87 126 -65
87 128 74
87 129 -23
87 131 -36
87 136 -51
87 138 -84
87 139 33
87 140 -10
87 141 -81
87 143 -39
88 0 -62
88 3 39
88 5 -12
88 6 -55
88 10 16
88 12 -36
88 15 44
88 17 54
88 19 -96
88 24 57
88 29 -25
88 31 -62
88 38 72
88 40 6
88 48 -49
88 49 -42
88 51 47
88 54 53
88 55 -41
88 59 16
88 60 51
88 62 1
88 74 -79
88 78 -74
88 80 -93
88 81 33
88 82 41
88 83 -75
88 85 -51
88 86 98
88 93 53
88 94 -6
88 95 58
88 98 11
88 100 -93
88 101 -16
88 104 -39
88 105 16
88 107 -91
88 115 66
88 120 1
88 122 48
88 124 55
88 125 32
88 126 -71
88 127 -79
88 129 -95
88 132 -28
88 143 19
88 144 -10
88 145 -14
88 146 50
89 4 -19
89 5 9
89 6 -49
89 7 -60
89 8 16
89 10 3
89 14 -42
89 15 -69
89 16 -70
89 21 -68
89 22 19
89 26 -16
89 27 19
89 31 -47
89 32 54
89 36 -35
89 38 39
89 41 -68
89 44 -13
89 46 15
89 54 20
89 57 82
89 62 -3
89 68 -86
89 70 94
89 72 -95
89 73 -81
89 75 -83
89 77 -45
89 78 67
89 80 43
89 81 96
89 83 -15
89 84 44
89 87 5
89 90 -85
89 91 31
89 93 -29
89 94 89
89 96 39
89 99 -72
89 102 45
89 106 -35
89 108 33
89 109 -22
89 112 -78
89 114 71
89 116 66
89 119 -88
89 120 64
89 121 -32
89 123 43
89 127 42
89 132 -16
89 137 45
89 138 -86
89 140 21
89 143 -64
89 144 81
90 3 20
90 5 41
90 9 -45
90 10 -53
90 11 -50
90 18 65
90 19 68
90 20 -18
90 21 82
90 23 -26
90 25 -64
90 26 -87
90 29 -86
90 30 92
90 32 6
90 35 83
90 37 87
90 38 58
90 43 -45
90 44 80
90 45 99
90 53 -6
90 60 96
90 62 -7
90 63 19
90 66 4
90 71 -94
90 76 95
90 79 -97
90 81 -5
90 82 94
90 83 66
90 86 59
90 88 75
90 91 -66
90 92 -89
90 93 47
90 96 71
90 97 62
90 98 -42
90 103 -2
90 104 39
90 108 14
90 112 -52
90 119 49
90 129 77
90 130 -51
90 131 7
90 138 1
90 139 19
90 141 -81
90 147 85
91 1 40
91 2 36
91 3 -79
91 5 35
91 6 51
91 14 81
91 16 -56
91 26 78
91 27 83
91 30 -1
91 32 46
91 34 -33
91 35 -3
91 36 17
91 37 -90
91 43 79
91 48 -51
91 50 -30
91 52 75
91 53 -89
91 56 39
91 58 -68
91 59 6
91 61 62
91 65 -39
91 71 -66
91 74 -15
91 75 34
91 86 -90
91 95 -13
91 103 -60
91 108 -61
91 109 64
91 111 78
91 116 -70
91 119 71
91 121 -94
91 124 -75
91 125 -67
91 128 -67
91 131 35
91 132 -100
91 133 -59
91 135 -46
91 137 -84
91 138 19
91 140 -80
91 149 -28
92 3 -89
92 5 46
92 10 -79
92 15 -99
92 22 -95
92 26 -59
92 28 44
92 32 69
92 37 -26
92 38 66
92 39 5
92 40 -17
92 41 -96
92 42 -76
92 43 95
92 45 22
92 46 -21
92 47 -13
92 48 -68
92 50 -24
92 54 -61
92 58 91
92 61 79
92 67 14
92 74 -9
92 76 -10
92 79 -14
92 83 84
92 86 73
92 87 75
92 88 73
92 93 35
92 96 -79
92 97 10
92 98 -67
92 101 -9
92 102 77
92 105 9
92 106 -85
92 109 -97
92 111 96
92 121 73
92 122 37
92 126 23
92 129 -64
92 130 -31
92 131 14
92 132 -68
92 140 53
92 142 38
92 143 84
92 147 22
92 149 2
93 2 55
93 9 -37
93 12 -23
93 17 -33
93 21 -24
93 27 56
93 28 -30
93 31 -19
93 33 -89
93 34 -98
93 40 -11
93 43 -56
93 44 -45
93 46 45
93 48 98
93 49 -53
93 50 92
93 51 -4
93 68 54
93 69 -48
93 70 -69
93 73 -74
93 76 -14
93 77 36
93 86 -26
93 89 9
93 90 -42
93 91 30
93 97 -47
93 99 88
93 100 69
93 103 54
93 105 19
93 106 53
93 108 60
93 110 87
93 112 -16
93 114 72
93 117 73
93 118 22
93 120 71
93 121 -91
93 123 98
93 125 2
93 126 -72
93 131 -97
93 133 -38
93 134 -18
93 142 7
93 144 -74
93 145 -75
93 147 97
93 148 2
94 1 29
94 8 59
94 13 -66
94 14 -30
94 17 55
94 20 96
94 25 17
94 28 58
94 29 -28
94 30 -94
94 31 -94
94 32 -12
94 33 59
94 34 -50
94 35 58
94 39 64
94 43 87
94 47 58
94 52 -66
94 53 46
94 54 -89
94 61 85
94 62 88
94 65 -92
94 70 -28
94 73 -34
94 78 -55
94 79 -75
94 81 -81
94 88 74
94 92 -34
94 93 -87
94 99 -35
94 101 -1
94 103 44
94 107 -47
94 109 58
94 110 -59
94 112 -48
94 114 55
94 120 -98
94 123 19
94 129 11
94 134 97
94 138 -61
94 140 7
94 141 -99
94 144 39
94 147 -100
95 0 5
95 2 59
95 10 73
95 12 62
95 14 -66
95 23 34
95 25 -30
95 29 -97
95 34 -13
95 36 40
95 38 -56
95 39 -85
95 41 61
95 45 87
95 47 -35
95 50 47
95 53 -67
95 54 5
95 56 90
95 57 -8
95 58 99
95 59 45
95 60 -1
95 62 -4
95 64 -41
95 66 -98
95 68 59
95 69 37
95 73 71
95 75 47
95 76 -46
95 77 18
95 79 -17
95 82 93
95 86 35
95 87 27
95 90 -15
95 91 -62
95 98 -3
95 99 -36
95 101 35
95 107 41
95 108 -10
95 116 17
95 117 -4
95 123 -86
95 124 -78
95 125 -46
95 126 56
95 137 -8
95 138 -59
95 142 48
95 144 10
95 146 84
95 149 31
96 7 -23
96 8 -50
96 15 -9
96 23 -29
96 27 36
96 29 87
96 33 -26
96 34 -60
96 35 -78
96 41 -52
96 45 39
96 47 44
96 48 72
96 51 11
96 58 -70
96 61 -68
96 68 -24
96 69 -14
96 71 96
96 72 63
96 75 -4
96 78 -2
96 83 4
96 85 -69
96 86 37
96 89 -34
96 90 41
96 91 -70
96 93 -13
96 95 54
96 97 -55
96 100 79
96 101 -9
96 104 -21
96 109 -81
96 111 -36
96 112 95
96 113 -96
96 114 17
96 116 -69
96 118 100
96 119 -37
96 120 20
96 121 24
96 123 14
96 124 3
96 125 14
96 127 -36
96 128 1
96 133 -22
96 139 26
96 143 -41
96 146 27
96 147 10
97 0 74
97 2 79
97 5 47
97 6 26
97 7 50
97 9 15
97 11 -22
97 12 58
97 13 -34
97 16 45
97 20 13
97 23 39
97 27 -91
97 28 18
97 41 -25
97 42 27
97 49 -76
97 55 75
97 57 98
97 61 -78
97 62 -11
97 63 69
97 64 -53
97 67 -9
97 69 -93
97 71 39
97 73 -45
97 80 22
97 85 -79
97 89 18
97 94 -74
97 95 -68
97 99 -30
97 100 -66
97 101 50
97 102 -50
97 104 7
97 110 13
97 112 63
97 114 -80
97 115 -80
97 116 -84
97 122 -17
97 126 -29
97 129 98
97 131 99
97 140 -87
97 146 -30
97 148 100
97 149 -96
98 2 31
98 15 80
98 18 50
98 23 31
98 30 92
98 32 -41
98 33 -37
98 34 96
98 39 -93
98 44 45
98 52 -92
98 54 50
98 58 68
98 62 -96
98 64 35
98 68 32
98 71 49
98 81 95
98 83 10
98 89 -17
98 94 46
98 97 -9
98 102 36
98 104 -3
98 111 59
98 114 61
98 123 -16
98 128 70
98 133 83
98 134 82
98 136 -46
99 3 -72
99 11 -74
99 15 83
99 18 -36
99 20 -93
99 21 19
99 22 27
99 28 81
99 31 60
99 33 -55
99 34 -37
99 37 12
99 42 -75
99 43 -25
99 45 -56
99 56 -58
99 60 76
99 64 95
99 65 -88
99 66 -75
99 70 -17
99 71 -70
99 75 87
99 79 -18
99 81 78
99 84 -30
99 90 -70
99 95 75
99 98 3
99 99 -35
99 100 -41
99 101 -58
99 108 -31
99 109 -99
99 110 -70
99 111 -97
99 112 28
99 114 -95
99 127 -9
99 131 66
99 133 -78
99 134 -85
99 138 32
99 141 94
99 142 78
99 143 100
99 148 6
99 149 -81
100 2 36
100 3 26
100 4 -84
100 5 23
100 8 -40
100 14 42
100 15 -23
100 19 -68
100 22 -59
100 26 -33
100 28 37
100 29 26
100 31 30
100 39 47
100 40 -14
100 41 -28
100 46 -38
100 48 -14
100 49 -49
100 55 -76
100 59 -58
100 61 -68
100 63 8
100 64 -32
100 67 65
100 69 77
100 70 69
100 73 29
100 74 -42
100 76 28
100 79 40
100 87 13
100 88 46
100 89 38
100 91 31
100 96 -86
100 103 16
100 104 78
100 107 -25
100 112 23
100 115 52
100 116 -83
100 119 56
100 125 -100
100 131 94
100 133 -7
100 134 -13
100 136 67
100 137 -46
100 138 -63
100 139 -76
100 140 18
100 141 -61
100 142 -68
100 147 68
100 148 -64
100 149 -37
101 4 -58
101 5 19
101 6 -1
101 9 -42
101 11 -75
101 15 20
101 17 1
101 22 81
101 25 -21
101 31 99
101 36 7
101 38 64
101 47 88
101 49 -12
101 57 45
101 58 41
101 59 50
101 60 -46
101 62 49
101 66 -29
101 76 -90
101 78 -14
101 79 80
101 83 71
101 88 -48
101 93 -15
101 94 79
101 98 74
101 100 -4
101 103 -1
101 108 -73
101 109 -87
101 113 99
101 115 -85
101 116 -42
101 117 10
101 121 92
101 122 72
101 123 -39
101 124 -29
101 127 17
101 135 -34
101 138 95
101 145 13
101 149 -53
102 0 -21
102 1 98
102 3 -86
102 5 98
102 11 -2
102 15 -63
102 21 -79
102 26 18
102 27 -50
102 30 12
102 32 58
102 35 22
102 37 95
102 39 40
102 40 7
102 41 -24
102 42 30
102 44 37
102 47 22
102 49 3
102 52 -57
102 59 95
102 62 -52
102 63 -14
102 64 62
102 65 45
102 73 12
102 75 -13
102 76 -88
102 78 14
102 79 12
102 81 27
102 83 -59
102 87 86
102 88 -3
102 90 8
102 92 5
102 95 36
102 99 -84
102 101 53
102 102 -3
102 103 -80
102 106 -61
102 107 49
102 109 25
102 111 70
102 112 59
102 113 18
102 121 76
102 122 93
102 123 4
102 129 69
102 130 78
102 133 -88
102 134 32
102 140 -98
102 143 -17
102 144 81
102 148 36
103 1 -69
103 3 -12
103 9 -62
103 12 -52
103 14 35
103 15 71
103 16 -6
103 17 -13
103 23 -43
103 28 -42
103 30 -43
103 35 -69
103 36 -18
103 44 24
103 46 81
103 47 2
103 49 99
103 51 38
103 52 -61
103 57 -92
103 59 66
103 63 -13
103 64 -34
103 65 85
103 67 57
103 68 58
103 70 -1
103 71 -41
103 74 1
103 76 56
103 77 -21
103 80 44
103 81 37
103 82 19
103 83 68
103 84 17
103 88 47
103 89 64
103 96 75
103 103 -51
103 104 28
103 105 -64
103 107 40
103 112 -85
103 113 -80
103 115 30
103 118 -34
103 123 -96
103 124 -37
103 127 71
103 128 11
103 130 -93
103 132 56
103 133 -10
103 142 -18
103 143 67
103 145 13
103 148 -6
104 0 36
104 1 -67
104 3 90
104 4 -66
104 22 45
104 26 -84
104 29 -51
104 31 -69
104 33 -80
104 34 42
104 46 -25
104 47 56
104 53 50
104 55 58
104 58 51
104 61 21
104 62 -93
104 65 77
104 66 32
104 68 -40
104 70 -44
104 74 -14
104 76 93
104 77 29
104 81 53
104 84 43
104 85 52
104 86 14
104 87 12
104 91 -81
104 96 -88
104 100 -25
104 101 -76
104 103 92
104 105 95
104 107 -9
104 116 -73
104 122 -25
104 124 -42
104 127 75
104 130 -20
104 134 -75
104 137 -18
104 139 36
104 141 54
104 143 22
104 144 -85
104 146 62
104 147 60
104 148 18
105 3 41
105 5 69
105 6 -45
105 8 -45
105 10 -54
105 14 76
105 16 -62
105 18 90
105 22 -16
105 24 50
105 26 -78
105 29 -97
105 33 -54
105 35 26
105 40 10
105 41 24
105 43 -66
105 44 3
105 46 -67
105 47 -34
105 52 88
105 53 -69
105 54 -51
105 61 -98
105 63 -6
105 70 -60
105 73 48
105 74 42
105 77 -45
105 78 14
105 80 -4
105 81 64
105 84 47
105 89 -53
105 91 -2
105 92 -35
105 101 60
105 104 -76
105 106 33
105 107 -74
105 108 -78
105 109 80
105 112 53
105 113 -83
105 116 1
105 118 -91
105 123 -94
105 126 47
105 128 -8
105 130 63
105 134 -53
105 137 -81
105 138 51
105 145 -88
105 146 -58
106 0 -99
106 2 -8
106 6 -80
106 8 -44
106 9 18
106 11 -98
106 19 -70
106 22 -70
106 24 -19
106 25 -48
106 27 30
106 30 56
106 32 -48
106 36 -70
106 39 12
106 41 -87
106 46 86
106 49 -81
106 50 -78
106 51 72
106 52 77
106 54 90
106 56 8
106 57 88
106 61 23
106 62 -40
106 66 84
106 70 -46
106 72 33
106 76 -19
106 77 1
106 82 -62
106 86 69
106 88 -52
106 90 36
106 96 -73
106 102 -43
106 111 13
106 112 -51
106 113 41
106 119 -71
106 121 -10
106 123 -26
106 125 25
106 126 92
106 129 66
106 130 -93
106 131 -58
106 132 15
106 133 61
106 136 -40
106 143 60
107 4 1
107 5 9
107 6 46
107 12 -71
107 14 50
107 16 -34
107 17 16
107 18 -4
107 19 41
107 20 -99
107 21 80
107 27 -48
107 28 -49
107 31 -22
107 32 45
107 36 -67
107 37 -54
107 42 -38
107 47 86
107 48 52
107 56 58
107 58 23
107 59 -25
107 63 -83
107 65 97
107 68 11
107 70 -25
107 73 77
107 75 27
107 77 -15
107 78 -38
107 79 -72
107 80 71
107 82 -21
107 84 -86
107 86 95
107 88 18
107 93 -2
107 95 -28
107 96 39
107 97 77
107 109 -33
107 111 -71
107 113 -11
107 114 50
107 116 -99
107 119 69
107 126 -89
107 127 54
107 134 -86
107 140 -17
107 149 60
108 1 -63
108 2 40
108 11 8
108 12 84
108 13 45
108 14 2
108 15 19
108 16 31
108 17 -67
108 18 -61
108 21 -60
108 34 48
108 36 62
108 38 41
108 43 92
108 45 -63
108 48 4
108 50 -72
108 51 -32
108 57 14
108 58 -58
108 64 54
108 66 -19
108 68 57
108 71 -93
108 72 -71
108 73 -61
108 74 18
108 75 -2
108 76 23
108 79 -100
108 87 60
108 88 72
108 95 -41
108 101 -38
108 102 -46
108 103 36
108 105 92
108 106 -21
108 114 18
108 116 5
108 119 63
108 121 75
108 122 -74
108 126 -39
108 128 69
108 132 -28
108 136 75
108 139 91
108 140 74
108 141 27
108 149 21
109 1 32
109 4 42
109 6 63
109 7 -65
109 12 71
109 13 57
109 14 51
109 15 -12
109 20 25
109 23 60
109 24 -89
109 28 50
109 29 90
109 33 43
109 39 64
109 40 -78
109 46 -74
109 47 77
109 52 68
109 53 56
109 56 3
109 58 -66
109 59 81
109 64 60
109 69 -17
109 72 37
109 74 -81
109 75 12
109 76 -17
109 81 38
109 82 -15
109 85 68
109 94 -6
109 99 -6
109 100 -30
109 106 -65
109 108 35
109 111 49
109 113 -27
109 114 -30
109 116 55
109 117 90
109 119 -93
109 120 -24
109 127 22
109 129 92
109 130 1
109 131 -97
109 132 34
109 133 -62
109 137 -46
109 138 -22
109 141 25
109 145 83
109 147 92
110 3 -1
110 5 60
110 10 68
110 13 -97
110 17 12
110 20 14
110 21 67
110 29 1
110 36 -90
110 44 -75
110 45 -28
110 53 44
110 58 -80
110 59 -68
110 61 41
110 63 -79
110 66 100
110 71 -60
110 76 -72
110 79 -96
110 81 -76
110 82 99
110 88 -39
110 89 50
110 96 22
110 97 67
110 99 -27
110 101 -91
110 107 27
110 108 65
110 115 86
110 116 -16
110 120 97
110 126 20
110 128 -25
110 129 76
110 132 73
110 133 64
110 145 -32
110 147 47
110 149 -92
111 0 -94
111 1 11
111 2 76
111 3 -77
111 4 72
111 5 -65
111 7 -97
111 8 61
111 10 54
111 14 48
111 16 -3
111 19 45
111 21 -80
111 22 63
111 24 -96
111 26 81
111 28 -45
111 31 -32
111 33 22
111 34 -45
111 35 -77
111 40 18
111 43 -57
111 49 56
111 52 45
111 57 61
111 62 66
111 63 -66
111 71 -8
111 72 -65
111 75 -41
111 76 20
111 77 -65
111 78 -18
111 80 19
111 83 47
111 86 -85
111 89 13
111 90 65
111 91 12
111 94 7
111 99 -45
111 101 -16
111 103 39
111 104 51
111 105 -35
111 106 43
111 109 -93
111 110 -21
111 112 18
111 115 44
111 119 -22
111 124 -27
111 127 46
111 131 95
111 132 90
111 134 44
111 135 76
111 137 -84
111 138 96
111 147 96
111 149 -21
112 0 -67
112 7 -97
112 8 78
112 9 35
112 13 42
112 14 89
112 15 39
112 17 76
112 21 30
112 25 -74
112 26 -5
112 29 -70
112 37 -81
112 40 57
112 41 -71
112 42 -79
112 45 98
112 46 -58
112 49 -25
112 56 -81
112 62 60
112 70 44
112 74 -89
112 76 16
112 77 -58
112 78 -98
112 82 -94
112 88 -76
112 90 -52
112 91 48
112 92 37
112 97 -61
112 101 86
112 104 68
112 105 -91
112 107 -99
112 109 23
112 110 69
112 112 54
112 113 69
112 119 -63
112 122 -26
112 125 -58
112 126 78
112 127 72
112 129 78
112 130 59
112 134 37
112 135 -59
112 136 -70
112 137 33
112 141 -86
112 147 12
112 149 -56
113 2 -72
113 7 -13
113 8 40
113 10 -65
113 11 -66
113 14 26
113 15 -56
113 16 -51
113 17 -54
113 18 -42
113 20 -14
113 23 -85
113 27 -93
113 31 -29
113 33 38
113 39 40
113 40 74
113 44 86
113 45 51
113 46 88
113 50 -19
113 54 -10
113 59 18
113 60 36
113 62 -40
113 66 -79
113 67 -80
113 68 -72
113 70 47
113 72 -53
113 73 -51
113 75 -93
113 77 -66
113 85 99
113 90 -52
113 92 -94
113 93 -48
113 96 -49
113 99 22
113 100 12
113 102 -73
113 103 1
113 104 -75
113 106 -65
113 111 -7
113 113 92
113 118 61
113 119 13
113 120 23
113 123 -68
113 124 -92
113 125 93
113 127 93
113 130 -100
113 131 69
113 132 39
113 136 -53
113 137 -42
113 140 -90
113 142 34
113 144 -81
113 147 -40
114 0 -6
114 1 -83
114 8 74
114 15 63
114 18 52
114 19 50
114 20 68
114 24 -44
114 26 51
114 28 9
114 31 -31
114 32 -91
114 34 7
114 38 -38
114 39 -17
114 41 -25
114 48 -99
114 51 54
114 54 -81
114 57 36
114 65 93
114 67 25
114 73 71
114 74 -52
114 76 70
114 77 8
114 78 -70
114 80 -14
114 85 92
114 86 -24
114 87 -83
114 91 -26
114 93 -55
114 94 -75
114 96 -6
114 102 -82
114 104 66
114 105 4
114 110 96
114 111 -13
114 112 32
114 114 -87
114 116 52
114 122 57
114 126 24
114 127 -25
114 128 -14
114 143 -76
114 145 24
115 2 -32
115 5 28
115 6 80
115 7 74
115 9 61
115 11 -94
115 16 7
115 17 84
115 18 -12
115 23 96
115 26 -62
115 32 -66
115 36 -40
115 39 22
115 40 -99
115 44 61
115 48 -74
115 50 -21
115 51 22
115 54 26
115 57 -34
115 58 34
115 62 15
115 67 82
115 68 -35
115 69 -7
115 73 41
115 74 -54
115 77 26
115 80 70
115 83 30
115 84 -44
115 86 44
115 89 9
115 90 -31
115 92 40
115 96 79
115 97 -81
115 98 44
115 100 26
115 101 -13
115 104 10
115 107 68
115 115 81
115 116 -23
115 120 73
115 121 64
115 122 75
115 123 70
115 125 8
115 126 -7
115 128 62
115 129 88
115 130 -93
115 132 40
115 139 -42
115 142 65
115 145 75
116 2 -69
116 4 -47
116 6 -66
116 7 -25
116 8 -65
116 11 91
116 13 -76
116 18 -71
116 19 -22
116 20 -77
116 23 40
116 29 -64
116 30 35
116 31 -49
116 33 88
116 34 46
116 39 -4
116 45 -26
116 51 16
116 54 -24
116 55 98
116 56 -6
116 60 61
116 62 -83
116 64 14
116 66 15
116 67 -47
116 70 -81
116 73 39
116 77 -79
116 78 96
116 80 -32
116 81 -44
116 82 -65
116 83 30
116 86 37
116 96 -52
116 98 -80
116 103 31
116 109 75
116 111 -74
116 112 65
116 113 77
116 114 71
116 116 -54
116 117 -99
116 119 -82
116 121 62
116 123 -25
116 125 -97
116 126 -11
116 129 -77
116 130 95
116 131 -43
116 135 64
116 140 75
116 144 51
116 145 -76
116 147 8
117 1 89
117 2 60
117 3 33
117 6 -45
117 12 -2
117 16 -58
117 18 -39
117 19 -16
117 20 50
117 23 100
117 28 -82
117 32 70
117 35 -46
117 36 -94
117 40 96
117 42 16
117 45 36
117 48 88
117 51 -7
117 53 26
117 56 -26
117 60 69
117 62 70
117 63 55
117 67 -17
117 71 13
117 72 30
117 73 91
117 79 40
117 81 -17
117 88 -14
117 90 -85
117 93 -6
117 102 -27
117 103 -46
117 112 -24
117 113 94
117 114 67
117 115 47
117 117 41
117 118 -9
117 121 14
117 122 -59
117 125 -42
117 134 -90
117 137 -15
117 145 -89
118 0 11
118 2 -29
118 6 82
118 9 -99
118 11 14
118 12 -52
118 13 -24
118 14 -71
118 16 -17
118 19 -2
118 24 -87
118 25 -72
118 33 -59
118 39 -70
118 43 68
118 44 36
118 52 -88
118 54 84
118 56 42
118 58 82
118 61 -91
118 64 4
118 70 47
118 71 63
118 74 61
118 80 1
118 82 55
118 85 7
118 86 -99
118 89 79
118 91 21
118 93 -26
118 94 -78
118 96 37
118 98 -61
118 99 55
118 104 -10
118 111 -86
118 112 -18
118 114 96
118 120 -6
118 125 -38
118 126 70
118 127 41
118 130 -8
118 141 -96
118 142 -59
118 146 -33
118 148 100
119 3 39
119 6 -53
119 15 9
119 16 17
119 18 -24
119 20 -31
119 24 -46
119 25 97
119 29 -47
119 30 70
119 31 49
119 32 54
119 34 -72
119 40 24
119 50 -57
119 51 -45
119 52 -29
119 54 36
119 57 57
119 62 -68
119 63 -3
119 65 90
119 68 93
119 69 53
119 83 -4
119 84 82
119 87 81
119 88 89
119 89 -39
119 94 -8
119 96 -19
119 97 72
119 100 -71
119 101 -51
119 103 -12
119 107 72
119 110 -43
119 111 -99
119 113 -39
119 118 -47
119 126 -78
119 128 12
119 129 -87
119 133 -9
119 137 -60
119 141 -36
119 143 -37
119 145 -83
119 146 36
119 147 95
119 148 12
120 0 -29
120 1 42
120 8 -29
120 12 92
120 18 61
120 20 48
120 21 30
120 23 32
120 28 -85
120 30 -93
120 36 -84
120 42 78
120 43 -50
120 44 -82
120 45 23
120 47 72
120 49 27
120 51 74
120 54 13
120 62 84
120 63 -33
120 66 -13
120 67 31
120 68 74
120 71 -72
120 74 85
120 75 -9
120 82 91
120 84 15
120 86 50
120 88 -46
120 90 -26
120 91 -92
120 92 82
120 93 24
120 100 23
120 102 78
120 106 77
120 107 -26
120 109 -56
120 111 8
120 120 -80
120 125 -31
120 131 -99
120 132 -6
120 135 59
120 141 -66
120 144 33
120 147 83
120 148 1
121 0 33
121 5 -22
121 6 -97
121 10 -49
121 11 -93
121 12 -81
121 15 -49
121 22 24
121 23 -93
121 28 89
121 29 49
121 33 36
121 36 49
121 37 -47
121 39 -61
121 40 -93
121 45 41
121 47 22
121 53 -36
121 59 67
121 66 -12
121 67 76
121 68 2
121 72 -24
121 75 -69
121 80 -72
121 82 -6
121 86 85
121 87 -52
121 91 10
121 103 -68
121 104 -58
121 109 14
121 116 70
121 119 -87
121 125 48
121 126 -5
121 130 -20
121 132 16
121 133 17
121 136 -58
121 141 38
121 143 -70
121 144 -89
121 145 30
121 146 -1
121 147 48
122 4 30
122 7 -51
122 13 78
122 15 -87
122 17 23
122 18 -85
122 22 5
122 23 -12
122 24 87
122 26 63
122 27 33
122 29 -82
122 31 82
122 32 100
122 34 31
122 35 -3
122 36 100
122 37 -61
122 38 91
122 39 -76
122 40 23
122 43 -7
122 46 -94
122 48 72
122 49 -42
122 52 71
122 53 -26
122 55 -8
122 56 8
122 57 -73
122 59 1
122 60 14
122 63 -21
122 68 86
122 69 -80
122 73 7
122 76 82
122 77 75
122 84 -14
122 86 42
122 94 39
122 101 87
122 102 -97
122 107 97
122 110 -13
122 112 -19
122 114 -33
122 115 69
122 118 1
122 121 70
122 125 25
122 127 -70
122 128 -80
122 130 -46
122 132 -100
122 134 -67
122 136 43
122 137 -8
122 138 -23
122 141 14
122 145 73
123 0 -41
123 2 -27
123 5 -91
123 11 24
123 16 13
123 18 -32
123 23 38
123 27 -76
123 28 75
123 34 16
123 39 97
123 44 65
123 55 37
123 56 81
123 58 95
123 59 73
123 62 -99
123 73 53
123 74 -17
123 75 -59
123 76 8
123 78 -18
123 79 14
123 80 41
123 83 86
123 84 9
123 89 67
123 92 -95
123 93 -70
123 96 68
123 99 -26
123 100 -28
123 106 36
123 111 34
123 112 67
123 114 -93
123 116 -5
123 118 -11
123 120 77
123 125 -72
123 127 16
123 129 54
123 130 100
123 131 -67
123 133 -89
123 134 -90
123 135 -78
123 137 86
123 142 -6
123 143 33
123 144 -15
123 149 42
124 1 -21
124 3 -73
124 5 -24
124 9 56
124 11 70
124 12 -79
124 14 -91
124 18 99
124 19 43
124 21 -97
124 22 67
124 26 -61
124 27 12
124 30 -30
124 31 83
124 32 83
124 33 -22
124 34 -30
124 35 -72
124 36 3
124 38 -33
124 48 -41
124 49 25
124 53 86
124 54 11
124 55 3
124 62 29
124 66 19
124 67 31
124 69 66
124 75 4
124 77 82
124 79 -97
124 85 42
124 93 58
124 96 -56
124 97 62
124 102 70
124 103 -11
124 112 -78
124 114 -10
124 115 -40
124 116 -74
124 117 -96
124 120 39
124 123 -91
124 129 -45
124 131 25
124 135 -35
124 138 26
124 139 10
124 140 -99
124 141 11
124 142 -88
125 0 -85
125 1 -64
125 5 -68
125 6 69
125 7 -34
125 8 -92
125 13 69
125 18 -91
125 21 48
125 27 44
125 28 -39
125 29 -42
125 30 -85
125 32 -7
125 34 -23
125 35 -23
125 36 -30
125 47 -67
125 53 -40
125 55 -93
125 56 -19
125 60 -42
125 69 100
125 71 -74
125 72 -87
125 78 -51
125 82 -63
125 83 -92
125 87 -45
125 88 57
125 89 -97
125 97 -74
125 99 31
125 101 27
125 102 -63
125 106 -84
125 108 -32
125 109 -74
125 117 -40
125 119 9
125 120 -90
125 124 -9
125 125 -96
125 126 -84
125 128 46
125 133 -97
125 136 -37
125 139 -3
125 146 -59
125 148 43
126 4 49
126 6 -23
126 8 96
126 12 -74
126 14 44
126 15 -39
126 16 -6
126 20 -60
126 24 78
126 26 -94
126 34 -78
126 35 17
126 39 -75
126 40 -81
126 41 93
126 50 32
126 53 95
126 55 73
126 56 -72
126 59 -50
126 60 46
126 63 -82
126 64 32
126 68 18
126 75 -93
126 78 23
126 81 65
126 82 58
126 83 -55
126 85 13
126 98 25
126 99 51
126 102 14
126 108 -46
126 109 14
126 110 29
126 116 -27
126 117 75
126 121 64
126 125 21
126 127 79
126 128 72
126 131 -7
126 133 -6
126 134 27
126 135 65
126 137 7
126 139 64
126 143 62
127 0 33
127 19 19
127 20 75
127 21 -15
127 24 27
127 27 -16
127 28 65
127 29 84
127 34 82
127 41 23
127 42 -97
127 44 -23
127 48 60
127 51 54
127 52 -33
127 57 84
127 59 -100
127 63 -91
127 65 -96
127 66 -25
127 74 23
127 78 -81
127 80 -45
127 81 -91
127 85 -1
127 99 3
127 100 -65
127 103 31
127 106 -26
127 110 99
127 112 60
127 114 65
127 117 65
127 121 51
127 122 99
127 123 -12
127 125 -1
127 126 47
127 129 18
127 131 -55
127 134 -12
127 136 -95
127 138 -28
127 139 -29
127 142 79
127 145 -7
127 148 -10
127 149 -10
128 6 -71
128 13 18
128 15 1
128 16 -53
128 21 20
128 25 48
128 26 -17
128 28 -7
128 29 29
128 30 94
128 32 -94
128 33 48
128 38 -65
128 39 -27
128 42 39
128 44 -23
128 45 -13
128 48 99
128 50 -93
128 51 60
128 53 57
128 54 96
128 59 -15
128 63 61
128 65 -2
128 67 14
128 75 7
128 76 -50
128 77 71
128 78 57
128 79 -20
128 81 -47
128 84 50
128 93 -37
128 98 9
128 100 93
128 112 -69
128 116 -61
128 117 -10
128 118 49
128 120 -91
128 126 44
128 128 91
128 134 75
128 136 42
128 137 62
128 139 3
128 140 83
128 142 100
128 143 -49
128 146 -36
128 147 2
128 149 87
129 0 65
129 3 79
129 11 -91
129 12 -20
129 13 -9
129 14 84
129 17 55
129 24 69
129 26 -62
129 27 -41
129 29 -70
129 30 28
129 32 79
129 33 27
129 34 -33
129 37 -40
129 39 -94
129 41 89
129 42 82
129 45 22
129 48 77
129 50 12
129 51 2
129 52 4
129 55 19
129 57 -60
129 58 -38
129 59 11
129 63 36
129 64 -77
129 65 -32
129 67 -92
129 71 58
129 73 63
129 84 79
129 85 31
129 86 -65
129 88 36
129 90 -70
129 92 28
129 98 -58
129 99 -51
129 100 32
129 101 1
129 104 -33
129 107 8
129 111 88
129 112 92
129 116 64
129 118 -18
129 122 20
129 123 -43
129 126 -100
129 127 -49
129 130 -60
129 131 -14
129 132 -72
129 133 32
129 134 -66
129 136 -41
129 138 -22
129 141 6
129 148 10
130 0 -92
130 1 -31
130 4 -12
130 7 61
130 9 -22
130 12 93
130 18 -7
130 19 22
130 20 -46
130 21 48
130 22 -75
130 23 20
130 24 55
130 29 52
130 31 -75
130 32 -36
130 33 37
130 35 85
130 38 -87
130 40 51
130 43 54
130 46 8
130 51 -98
130 52 -77
130 57 94
130 64 -83
130 66 -89
130 67 -93
130 71 90
130 74 -33
130 76 86
130 81 37
130 84 -75
130 88 -70
130 89 4
130 92 19
130 93 61
130 94 61
130 97 -81
130 98 -68
130 102 28
130 105 -46
130 107 43
130 110 -84
130 113 87
130 120 -1
130 121 43
130 122 43
130 126 -1
130 127 35
130 128 77
130 139 -30
130 146 -100
130 148 -55
131 2 -5
131 7 -23
131 8 54
131 9 43
131 10 -89
131 11 -96
131 12 -72
131 13 26
131 20 27
131 25 -29
131 29 -36
131 30 54
131 34 -40
131 35 -84
131 36 -43
131 40 78
131 50 -77
131 52 -37
131 57 88
131 58 -6
131 63 -71
131 66 64
131 67 53
131 68 -54
131 69 -22
131 74 -60
131 76 -26
131 79 44
131 80 23
131 85 -79
131 86 -29
131 91 -41
131 92 61
131 97 47
131 98 51
131 99 75
131 101 97
131 112 28
131 114 -71
131 116 -59
131 117 59
131 120 -62
131 121 -16
131 123 -23
131 131 -23
131 135 24
131 142 -10
131 143 -20
131 144 -70
131 146 99
131 147 8
131 149 -53
132 3 9
132 4 -47
132 14 93
132 19 85
132 22 -66
132 23 -95
132 24 -43
132 25 81
132 26 23
132 27 -75
132 29 94
132 30 42
132 31 -6
132 34 6
132 35 -49
132 37 69
132 39 -14
132 43 -8
132 47 71
132 48 89
132 50 -83
132 51 79
132 57 -50
132 58 16
132 61 21
132 62 -81
132 70 -42
132 74 6
132 79 57
132 82 40
132 84 69
132 85 77
132 86 -91
132 87 -17
132 92 34
132 98 70
132 103 74
132 104 15
132 105 -26
132 106 -58
132 107 78
132 109 -80
132 110 -20
132 112 -72
132 115 74
132 119 24
132 122 -4
132 130 88
132 132 -89
132 137 25
132 138 99
132 139 6
132 142 47
132 144 -63
132 145 -26
132 147 -77
133 0 50
133 5 -46
133 10 -54
133 12 -69
133 13 77
133 17 -29
133 20 -4
133 24 51
133 25 -90
133 26 26
133 32 -43
133 33 -60
133 34 -15
133 37 -81
133 38 1
133 40 74
133 42 100
133 44 51
133 46 69
133 49 -18
133 53 -4
133 54 -51
133 55 -28
133 60 45
133 62 34
133 63 -84
133 64 -56
133 67 61
133 69 28
133 70 -7
133 71 -40
133 72 -73
133 74 63
133 75 -13
133 76 15
133 79 78
133 87 -7
133 91 7
133 98 -6
133 99 -74
133 103 44
133 104 80
133 109 100
133 111 10
133 112 57
133 118 -31
133 119 45
133 120 -2
133 121 -49
133 123 57
133 124 -62
133 125 -41
133 126 30
133 128 -6
133 132 -13
133 138 -94
133 140 100
133 144 -99
133 145 -86
133 146 38
133 149 -41
134 5 29
134 9 -1
134 11 -28
134 15 26
134 18 -60
134 19 -97
134 22 -48
134 27 19
134 29 -37
134 34 71
134 36 -84
134 38 -29
134 41 -24
134 43 -85
134 44 88
134 49 43
134 51 60
134 52 -65
134 56 24
134 58 44
134 81 44
134 85 71
134 87 73
134 89 -88
134 91 39
134 92 -48
134 96 -45
134 98 -98
134 99 99
134 100 94
134 109 -43
134 111 -67
134 112 46
134 114 -96
134 118 90
134 119 4
134 122 -48
134 126 -53
134 127 -6
134 132 53
134 133 -67
134 135 -51
134 138 -2
134 142 -53
134 143 -48
134 144 -24
134 149 73
135 0 -53
135 8 89
135 10 -66
135 12 72
135 15 6
135 16 76
135 17 -96
135 18 75
135 19 -69
135 21 -26
135 26 -94
135 30 70
135 31 -61
135 32 -89
135 37 -29
135 38 65
135 40 -21
135 48 43
135 49 87
135 52 -11
135 58 -78
135 59 -83
135 60 -95
135 65 38
135 66 -71
135 68 96
135 70 86
135 71 -22
135 72 22
135 74 64
135 82 60
135 86 62
135 93 18
135 96 -87
135 97 86
135 98 -53
135 105 59
135 108 52
135 110 99
135 113 42
135 115 72
135 117 -32
135 118 -84
135 119 99
135 127 22
135 128 44
135 130 67
135 132 39
135 133 -24
135 134 69
135 136 -93
135 139 -19
135 142 -1
135 143 -56
135 144 -99
135 145 -85
135 146 42
135 148 -6
136 2 -72
136 10 -24
136 14 -5
136 15 -24
136 20 -73
136 23 -46
136 25 -85
136 26 48
136 28 37
136 31 92
136 32 -16
136 34 54
136 36 98
136 37 -76
136 38 -43
136 41 28
136 42 -6
136 51 9
136 52 85
136 55 61
136 56 94
136 59 30
136 63 61
136 64 14
136 68 -78
136 71 66
136 72 95
136 76 -19
136 77 24
136 80 -68
136 82 -18
136 87 58
136 90 73
136 92 -8
136 93 69
136 94 -70
136 96 96
136 100 -92
136 101 -18
136 102 15
136 103 -18
136 106 46
136 114 44
136 118 -98
136 120 -24
136 121 -28
136 123 -74
136 124 23
136 128 -10
136 134 -97
136 136 88
136 139 95
136 141 -41
136 143 99
136 146 93
137 5 -81
137 9 -67
137 11 16
137 13 14
137 17 -8
137 18 -53
137 26 -77
137 27 -56
137 28 -68
137 29 -61
137 32 39
137 38 -18
137 39 25
137 46 -56
137 48 79
137 51 -11
137 52 -65
137 57 -83
137 67 98
137 68 5
137 70 -31
137 80 25
137 81 53
137 82 55
137 84 73
137 87 77
137 89 14
137 92 -90
137 94 -53
137 97 97
137 101 34
137 104 -20
137 105 34
137 113 94
137 116 -29
137 118 -100
137 122 -49
137 123 29
137 124 20
137 127 -14
137 128 53
137 131 -43
137 133 11
137 136 37
137 143 -12
137 144 -40
137 147 88
137 148 -76
138 1 27
138 7 -70
138 8 -22
138 9 73
138 11 -62
138 13 -20
138 15 -90
138 18 95
138 19 -55
138 21 -6
138 25 -6
138 33 -50
138 34 -3
138 38 4
138 41 62
138 42 -84
138 43 -54
138 45 -96
138 59 -31
138 62 99
138 63 -26
138 67 -66
138 69 -27
138 74 -54
138 76 21
138 77 -45
138 78 50
138 80 60
138 81 21
138 82 -68
138 84 -41
138 87 67
138 91 9
138 92 55
138 93 -59
138 97 -17
138 98 2
138 102 2
138 103 61
138 105 93
138 108 97
138 110 -96
138 116 17
138 123 -47
138 129 -25
138 131 44
138 135 34
138 136 -100
138 139 17
138 144 -58
139 0 28
139 2 -69
139 5 98
139 12 95
139 13 -49
139 15 18
139 19 69
139 21 75
139 24 32
139 25 62
139 28 -76
139 31 -88
139 33 14
139 34 40
139 38 68
139 39 47
139 41 76
139 42 -47
139 48 -50
139 50 36
139 51 94
139 52 -61
139 53 59
139 56 26
139 57 25
139 58 -44
139 61 23
139 63 -61
139 66 37
139 69 55
139 72 -20
139 74 65
139 75 -29
139 76 -22
139 77 -85
139 80 75
139 83 -21
139 84 -17
139 85 -83
139 92 73
139 93 -48
139 94 34
139 101 -28
139 109 13
139 117 98
139 120 43
139 122 -58
139 127 8
139 131 -36
139 132 2
139 133 37
139 134 -10
139 135 46
139 136 70
139 137 -4
139 138 11
139 140 31
139 142 -53
139 144 15
139 145 55
139 148 65
140 2 20
140 3 -51
140 6 25
140 8 40
140 9 97
140 17 77
140 21 29
140 25 -4
140 26 -100
140 33 -64
140 34 -46
140 36 -10
140 40 -76
140 42 -17
140 45 80
140 48 39
140 50 -6
140 53 6
140 58 29
140 59 -95
140 60 -10
140 61 82
140 68 -25
140 70 -21
140 71 42
140 74 69
140 75 4
140 77 -20
140 78 33
140 79 -3
140 80 -87
140 81 39
140 85 -37
140 88 -67
140 89 -46
140 91 -42
140 92 73
140 93 45
140 97 80
140 101 -57
140 103 -25
140 105 -8
140 107 34
140 110 -48
140 111 -95
140 118 59
140 119 -4
140 123 77
140 127 -57
140 129 97
140 133 53
140 134 -11
140 146 36
141 1 -56
141 3 -28
141 7 -1
141 8 -2
141 10 81
141 14 6
141 17 31
141 20 86
141 27 -98
141 28 42
141 29 -79
141 32 31
141 36 66
141 40 36
141 41 -51
141 42 25
141 43 -92
141 44 -72
141 47 -57
141 49 59
141 53 -77
141 55 -35
141 56 46
141 57 62
141 60 -56
141 61 -57
141 62 -82
141 65 55
141 73 -35
141 74 40
141 75 59
141 78 77
141 80 20
141 86 -66
141 88 -80
141 89 10
141 96 -43
141 100 99
141 102 -18
141 103 -89
141 106 -66
141 109 -90
141 114 -69
141 123 5
141 125 89
141 127 63
141 128 48
141 135 -7
141 139 5
141 144 89
141 146 7
141 147 -30
141 148 23
142 3 -9
142 5 -34
142 14 -70
142 19 -36
142 21 69
142 23 -5
142 24 -47
142 25 -73
142 27 -71
142 28 -5
142 33 -86
142 39 81
142 40 22
142 42 -87
142 44 98
142 47 -80
142 53 -41
142 55 84
142 57 -12
142 59 73
142 61 -10
142 63 15
142 64 -20
142 66 -100
142 69 -90
142 71 -84
142 72 83
142 77 68
142 86 48
142 90 -83
142 94 -82
142 95 -73
142 100 -95
142 103 84
142 105 76
142 107 74
142 109 -90
142 110 82
142 112 -9
142 114 30
142 116 86
142 117 -71
142 118 -87
142 119 -74
142 124 85
142 133 -28
142 134 50
142 137 27
142 138 13
142 140 -10
142 143 -60
142 144 -16
142 147 -32
143 0 -64
143 1 46
143 3 -14
143 4 -82
143 7 47
143 8 -58
143 11 56
143 12 -15
143 13 -68
143 17 -11
143 21 -94
143 26 14
143 27 -8
143 29 -18
143 30 -72
143 31 100
143 36 -55
143 37 35
143 42 -2
143 43 65
143 45 -12
143 47 -92
143 52 75
143 56 -27
143 57 -51
143 59 -94
143 60 -95
143 63 59
143 66 -4
143 73 58
143 74 96
143 76 81
143 77 1
143 80 76
143 82 -54
143 87 81
143 90 99
143 93 -12
143 95 -37
143 96 51
143 98 56
143 99 74
143 104 100
143 105 29
143 106 68
143 108 -3
143 109 -29
143 112 52
143 116 40
143 118 70
143 120 92
143 123 -37
143 124 53
143 126 31
143 129 -33
143 130 9
143 134 -59
143 138 -76
143 139 28
143 142 48
143 145 -42
143 146 75
143 148 95
144 4 -21
144 9 -25
144 13 -4
144 14 -57
144 18 -51
144 20 17
144 21 61
144 23 48
144 24 -20
144 32 -64
144 33 -19
144 35 -36
144 38 65
144 39 83
144 43 -100
144 45 6
144 46 -39
144 47 28
144 49 -82
144 53 -19
144 57 36
144 59 70
144 64 57
144 68 51
144 69 78
144 71 26
144 76 -41
144 82 -88
144 83 -75
144 88 73
144 89 -49
144 91 96
144 97 -96
144 99 -78
144 101 -22
144 106 29
144 108 -21
144 113 50
144 120 53
144 121 -86
144 122 98
144 123 -40
144 124 -88
144 132 -16
144 135 -25
144 138 -57
144 141 -16
144 148 -58
145 1 -38
145 8 41
145 9 3
145 11 9
145 20 -58
145 21 -2
145 23 84
145 24 59
145 25 13
145 29 1
145 35 -8
145 38 -23
145 44 -59
145 52 52
145 53 -32
145 65 91
145 70 -43
145 74 55
145 83 -22
145 85 -76
145 89 -1
145 90 34
145 94 -5
145 95 -54
145 96 40
145 99 85
145 103 90
145 104 85
145 107 7
145 108 -34
145 109 -55
145 110 -96
145 112 -91
145 116 86
145 117 23
145 121 -22
145 124 -89
145 125 -84
145 131 35
145 132 -95
145 138 5
145 140 12
145 142 -99
145 144 10
146 0 -80
146 2 -96
146 4 18
146 9 -80
146 10 -66
146 14 64
146 16 -14
146 17 -16
146 18 -39
146 24 36
146 27 -47
146 29 10
146 31 42
146 32 -10
146 33 -23
146 35 -30
146 36 43
146 40 99
146 42 -86
146 47 -52
146 61 98
146 66 2
146 68 -39
146 74 -48
146 83 -30
146 90 37
146 91 -55
146 92 -31
146 96 73
146 98 10
146 99 82
146 100 -98
146 103 -3
146 107 98
146 108 3
146 111 -6
146 115 -47
146 117 -40
146 118 77
146 120 13
146 124 -24
146 125 -24
146 131 38
146 133 -6
146 137 4
146 138 -23
146 139 -20
146 140 97
146 143 74
146 145 -100
146 148 67
147 3 7
147 4 -21
147 7 -26
147 8 -73
147 13 69
147 16 -5
147 19 32
147 22 -71
147 23 -8
147 26 63
147 28 79
147 29 -76
147 30 -81
147 33 57
147 35 39
147 36 65
147 37 58
147 38 47
147 43 94
147 44 -84
147 51 43
147 57 65
147 60 26
147 64 46
147 67 -14
147 71 22
147 79 -3
147 81 -52
147 84 72
147 85 -55
147 86 -78
147 87 -38
147 88 -100
147 89 -92
147 92 27
147 93 85
147 94 -4
147 95 -75
147 97 94
147 99 82
147 102 -2
147 103 -54
147 104 -100
147 106 74
147 107 -45
147 109 70
147 113 61
147 119 25
147 136 -52
147 142 -24
147 143 8
147 144 92
147 147 -5
147 148 36
147 149 54
148 1 -97
148 2 27
148 5 73
148 6 86
148 7 -95
148 8 -57
148 9 -45
148 14 18
148 17 -52
148 18 98
148 22 -70
148 23 -93
148 27 -18
148 29 -82
148 34 -68
148 43 43
148 45 73
148 52 -14
148 55 -100
148 56 -1
148 61 63
148 67 26
148 71 -16
148 73 25
148 75 45
148 79 -70
148 81 21
148 85 19
148 86 59
148 92 -100
148 96 -72
148 98 -5
148 99 60
148 100 -2
148 101 4
148 103 45
148 105 -48
148 108 -40
148 113 -82
148 114 98
148 119 4
148 125 -29
148 129 -94
148 131 78
148 132 17
148 133 57
148 134 19
148 136 41
148 138 -7
148 139 93
148 140 -49
148 142 -13
148 143 22
148 149 6
149 0 -24
149 2 -57
149 12 -62
149 13 -80
149 16 -79
149 17 54
149 18 -24
149 23 20
149 30 88
149 31 -50
149 32 34
149 34 -69
149 40 -82
149 42 -39
149 44 70
149 45 39
149 47 85
149 54 -83
149 56 -23
149 60 -44
149 61 -86
149 65 -3
149 67 -55
149 68 -18
149 70 88
149 72 -18
149 73 75
149 74 -5
149 78 53
149 79 5
149 82 -43
149 83 91
149 84 100
149 86 58
149 87 82
149 90 73
149 95 52
149 96 95
149 102 -3
149 113 49
149 114 -2
149 115 52
149 116 67
149 120 -6
149 122 70
149 124 -75
149 130 60
149 131 -78
149 134 -5
149 135 -40
149 140 91
149 142 46
149 143 -64
149 146 -55
149 147 63
149 148 47