0 0 77
0 1 -45
0 2 -9
0 3 92
0 4 -74
0 5 16
0 6 54
0 7 -8
0 8 -82
0 9 -4
0 10 76
0 11 96
0 12 -28
0 13 -36
0 14 -84
0 15 -89
0 16 52
0 17 -65
0 18 -5
0 19 -2
0 20 -59
0 21 45
0 22 12
0 23 42
0 24 -99
0 25 7
0 26 -72
0 27 -43
0 28 40
0 29 -2
0 31 89
0 32 88
0 33 -27
0 34 7
0 36 -59
0 37 51
0 38 43
0 39 -98
0 40 51
0 41 -87
0 42 69
0 43 86
0 45 50
0 46 80
0 47 51
0 48 3
0 49 -73
1 0 -11
1 1 -94
1 2 -53
1 3 -59
1 5 46
1 6 53
1 7 -82
1 8 34
1 9 76
1 10 -19
1 11 39
1 12 -44
1 13 -99
1 14 7
1 15 -91
1 16 9
1 17 83
1 18 10
1 19 -97
1 20 -99
1 21 -88
1 22 -35
1 23 67
1 24 -59
1 25 42
1 26 -90
1 27 91
1 28 45
1 29 77
1 30 -46
1 31 -88
1 32 -93
1 33 -84
1 34 52
1 35 41
1 36 21
1 37 -66
1 38 73
1 39 69
1 40 27
1 41 70
1 42 -9
1 43 -76
1 44 -25
1 45 -46
1 46 96
1 47 90
1 48 -39
1 49 82
2 0 60
2 1 94
2 2 -59
2 3 -78
2 4 -32
2 5 43
2 6 -28
2 7 -85
2 8 20
2 9 -27
2 10 22
2 11 92
2 12 -65
2 13 -85
2 14 40
2 15 78
2 16 70
2 17 47
2 18 -97
2 19 -6
2 20 -17
2 21 19
2 22 -20
2 23 96
2 24 -56
2 25 -72
2 26 -49
2 27 -46
2 28 -81
2 29 71
2 30 64
2 31 -22
2 33 -55
2 34 -10
2 35 30
2 36 -99
2 37 -9
2 39 41
2 40 70
2 41 58
2 42 -91
2 43 -90
2 44 -96
2 45 48
2 46 58
2 47 -4
2 48 -14
3 0 -77
3 1 73
3 2 71
3 3 -10
3 4 51
3 5 -80
3 6 -51
3 7 41
3 8 -78
3 9 33
3 10 20
3 11 -38
3 12 64
3 13 31
3 14 62
3 15 90
3 16 6
3 17 -82
3 18 47
3 19 96
3 20 -91
3 21 -59
3 22 -90
3 23 -22
3 24 -65
3 25 71
3 26 62
3 27 -14
3 28 -17
3 29 -4
3 30 92
3 32 14
3 33 82
3 34 -80
3 35 30
3 36 30
3 37 -12
3 38 12
3 39 -76
3 40 15
3 41 16
3 42 -49
3 43 -96
3 44 -17
3 45 4
3 46 75
3 47 17
3 48 -71
4 0 42
4 1 84
4 3 87
4 5 47
4 6 65
4 7 -56
4 8 89
4 9 -83
4 10 -14
4 11 -32
4 12 -4
4 13 -98
4 14 78
4 15 19
4 16 -25
4 17 -63
4 18 76
4 19 52
4 20 22
4 21 -12
4 22 51
4 23 -50
4 24 -46
4 25 -93
4 26 58
4 27 50
4 28 3
4 29 45
4 30 -99
4 31 98
4 32 53
4 33 80
4 34 20
4 35 70
4 36 -13
4 37 24
4 38 -91
4 41 -98
4 42 29
4 43 34
4 44 -33
4 45 53
4 46 -56
4 47 87
4 49 72
5 0 -11
5 1 -69
5 2 -41
5 3 88
5 4 60
5 5 56
5 6 -76
5 7 -43
5 8 -11
5 9 56
5 10 -88
5 11 43
5 12 -55
5 13 99
5 14 50
5 15 85
5 16 -30
5 17 25
5 18 28
5 19 18
5 20 -86
5 21 -91
5 22 55
5 23 -86
5 24 -72
5 25 -31
5 26 96
5 27 -44
5 28 -36
5 29 42
5 30 65
5 31 38
5 32 -63
5 33 -91
5 34 52
5 35 3
5 36 86
5 37 82
5 38 -16
5 39 -74
5 40 -2
5 41 -70
5 42 40
5 43 -76
5 44 -28
5 45 62
5 46 25
5 48 78
5 49 -99
6 0 51
6 1 62
6 2 -51
6 3 24
6 4 34
6 5 62
6 6 -31
6 8 -57
6 9 -70
6 10 71
6 11 74
6 12 41
6 13 -67
6 14 -33
6 15 38
6 16 2
6 17 -28
6 18 99
6 19 -46
6 20 -97
6 21 -19
6 22 43
6 23 -94
6 24 -11
6 25 -99
6 26 -56
6 27 63
6 28 -2
6 29 -23
6 30 -58
6 31 -90
6 32 11
6 33 -28
6 34 -52
6 35 -51
6 36 -62
6 37 -23
6 39 65
6 40 9
6 41 40
6 43 -73
6 44 -82
6 45 50
6 46 -56
6 47 -71
6 48 -52
6 49 90
7 0 -97
7 2 60
7 3 -5
7 4 67
7 5 -31
7 6 -18
7 7 82
7 8 21
7 9 -64
7 10 61
7 11 44
7 12 43
7 13 5
7 14 -94
7 15 67
7 16 -89
7 18 -96
7 19 -82
7 20 34
7 21 88
7 22 -74
7 23 -50
7 24 -94
7 25 -93
7 26 94
7 27 -16
7 28 -17
7 29 -39
7 30 6
7 31 20
7 32 -18
7 33 -94
7 34 -62
7 35 -6
7 36 82
7 37 -19
7 38 -92
7 39 -14
7 40 -79
7 41 9
7 42 -93
7 43 77
7 44 3
7 45 88
7 46 48
7 47 -87
7 48 -51
7 49 -54
8 0 -80
8 1 75
8 2 59
8 3 38
8 4 -24
8 5 62
8 6 -76
8 7 58
8 8 -14
8 9 -34
8 10 67
8 11 65
8 12 50
8 13 -7
8 14 93
8 15 18
8 16 -33
8 17 -79
8 18 -8
8 19 -96
8 20 17
8 21 -82
8 22 20
8 23 -68
8 24 -93
8 25 -40
8 26 59
8 27 -96
8 28 39
8 29 71
8 30 16
8 31 8
8 32 -20
8 33 52
8 34 -33
8 35 57
8 36 -7
8 37 78
8 38 -89
8 39 -32
8 40 27
8 41 -44
8 42 65
8 43 18
8 44 84
8 45 48
8 46 -87
8 47 -81
8 48 32
8 49 48
9 0 88
9 1 -100
9 2 61
9 3 -55
9 4 91
9 5 -80
9 6 16
9 7 68
9 8 11
9 9 98
9 10 -13
9 11 11
9 12 -70
9 13 -26
9 14 -78
9 15 -12
9 16 -66
9 17 -84
9 18 -80
9 19 -60
9 20 -57
9 21 -75
9 22 -18
9 23 99
9 24 7
9 25 19
9 26 -32
9 27 -15
9 28 -77
9 29 87
9 30 -65
9 31 18
9 32 -13
9 34 -78
9 35 55
9 36 45
9 37 -16
9 38 98
9 39 -11
9 40 -90
9 41 6
9 42 -84
9 43 -18
9 44 88
9 45 -34
9 46 11
9 47 -100
9 48 92
9 49 -16
10 0 30
10 1 -22
10 2 -32
10 3 100
10 4 98
10 5 -4
10 6 -100
10 7 58
10 8 -12
10 9 50
10 10 -31
10 11 90
10 12 -43
10 15 -90
10 16 -49
10 17 -55
10 18 48
10 19 70
10 20 -26
10 21 99
10 22 8
10 23 34
10 24 -72
10 25 -27
10 26 45
10 27 18
10 28 -89
10 29 31
10 30 -99
10 31 -71
10 32 74
10 33 25
10 34 -32
10 35 -66
10 36 36
10 37 -53
10 38 -85
10 39 -46
10 40 87
10 41 -27
10 42 -16
10 43 -46
10 44 86
10 45 -15
10 46 -83
10 47 42
10 48 3
10 49 -17
11 0 -31
11 1 -44
11 2 -96
11 3 64
11 4 -63
11 5 -93
11 6 -73
11 7 -40
11 8 15
11 9 42
11 10 34
11 11 30
11 12 -44
11 13 -62
11 14 -13
11 15 44
11 17 4
11 18 26
11 19 96
11 20 91
11 21 93
11 22 18
11 23 -26
11 24 7
11 25 -45
11 26 -52
11 27 24
11 28 70
11 29 -48
11 30 54
11 31 96
11 32 27
11 33 29
11 34 15
11 35 -28
11 36 26
11 37 -34
11 38 37
11 39 33
11 40 60
11 41 56
11 42 39
11 43 99
11 44 -14
11 45 -21
11 46 69
11 47 -19
11 48 75
12 0 23
12 1 -36
12 2 25
12 3 43
12 4 -39
12 5 4
12 6 32
12 7 -94
12 8 -83
12 9 -41
12 10 25
12 11 -25
12 12 -60
12 13 44
12 14 24
12 15 -35
12 16 60
12 18 -57
12 19 -7
12 20 34
12 21 -80
12 22 -89
12 23 74
12 24 87
12 25 -31
12 26 14
12 27 31
12 28 -94
12 29 65
12 30 -29
12 31 -26
12 32 9
12 33 -76
12 34 56
12 35 59
12 36 17
12 37 -50
12 38 61
12 39 35
12 40 7
12 41 -55
12 42 -71
12 43 30
12 44 -84
12 45 -93
12 46 -77
12 47 -36
12 48 52
12 49 -95
13 0 -78
13 1 -84
13 2 -21
13 3 -63
13 4 53
13 5 70
13 6 -28
13 7 -77
13 8 40
13 9 -72
13 10 -42
13 11 41
13 12 56
13 13 -95
13 14 -67
13 15 -99
13 16 84
13 18 71
13 19 -62
13 20 -31
13 21 12
13 22 -37
13 23 -98
13 25 47
13 26 -76
13 27 96
13 28 -82
13 29 -59
13 30 17
13 31 56
13 32 94
13 33 -58
13 34 -40
13 35 -50
13 38 64
13 39 46
13 40 100
13 41 19
13 43 46
13 44 53
13 45 -66
13 46 31
13 47 -80
13 48 -14
13 49 45
14 0 -35
14 1 -54
14 3 -10
14 4 18
14 5 -75
14 7 -7
14 8 45
14 10 43
14 11 16
14 12 -22
14 13 61
14 14 -75
14 15 16
14 16 -13
14 17 -30
14 18 56
14 19 65
14 20 88
14 21 54
14 22 75
14 23 49
14 24 -35
14 25 43
14 27 88
14 29 -38
14 30 -94
14 31 100
14 32 98
14 33 64
14 34 97
14 35 -1
14 36 27
14 37 82
14 38 13
14 39 -69
14 40 -30
14 41 84
14 42 -82
14 43 -80
14 44 69
14 45 -32
14 46 -86
14 47 -72
14 48 -28
14 49 82
15 0 -6
15 1 -14
15 2 -91
15 3 -93
15 5 100
15 6 -43
15 7 -67
15 8 84
15 9 40
15 10 59
15 11 74
15 12 -38
15 13 40
15 14 -90
15 15 -44
15 16 -55
15 17 -80
15 18 -62
15 19 96
15 20 84
15 21 91
15 22 -77
15 23 -22
15 24 71
15 25 -4
15 26 39
15 27 19
15 28 -94
15 29 91
15 30 -26
15 32 64
15 33 17
15 34 -28
15 35 -22
15 36 -55
15 37 -89
15 38 -66
15 39 -88
15 40 28
15 41 65
15 42 -83
15 43 55
15 44 -67
15 45 86
15 46 -41
15 47 1
15 48 48
15 49 -36
16 0 13
16 1 -62
16 2 24
16 3 -71
16 4 7
16 5 12
16 6 56
16 7 87
16 8 89
16 9 20
16 10 52
16 11 9
16 12 90
16 13 -99
16 14 -16
16 15 25
16 16 45
16 17 64
16 18 -67
16 19 -77
16 20 61
16 21 -92
16 22 4
16 23 85
16 24 -45
16 25 41
16 26 14
16 27 18
16 28 41
16 29 60
16 30 -61
16 31 65
16 32 -19
16 33 56
16 34 88
16 35 -31
16 36 -88
16 37 39
16 38 65
16 39 90
16 40 33
16 41 52
16 42 50
16 43 -63
16 44 -21
16 45 85
16 46 52
16 47 24
16 48 -68
16 49 -56
17 0 67
17 1 93
17 2 -3
17 3 -72
17 4 35
17 5 77
17 7 -10
17 8 45
17 9 -65
17 10 -10
17 11 -75
17 12 -14
17 13 18
17 15 17
17 16 -40
17 17 41
17 18 32
17 19 32
17 20 38
17 21 -28
17 22 -38
17 23 -32
17 24 47
17 25 82
17 26 -41
17 27 66
17 28 -23
17 29 -9
17 30 82
17 31 -27
17 32 -36
17 33 -20
17 34 -87
17 35 -68
17 36 57
17 37 -23
17 38 75
17 39 -54
17 40 65
17 41 78
17 42 96
17 43 -20
17 44 -82
17 45 -10
17 46 72
17 47 -94
17 48 -40
17 49 73
18 0 -40
18 1 -91
18 2 -35
18 3 39
18 4 14
18 5 -62
18 8 87
18 9 -58
18 10 -90
18 11 -16
18 12 -88
18 13 63
18 14 18
18 15 -89
18 16 56
18 17 85
18 18 22
18 19 -98
18 20 -66
18 22 19
18 23 92
18 24 42
18 25 -28
18 26 76
18 27 26
18 28 78
18 29 56
18 30 8
18 31 30
18 32 -64
18 33 84
18 34 10
18 35 -59
18 36 73
18 37 -92
18 38 61
18 39 -68
18 40 -64
18 41 74
18 42 25
18 43 81
18 44 -25
18 45 -34
18 46 54
18 48 94
18 49 -60
19 0 -74
19 1 -100
19 2 -100
19 3 -2
19 4 33
19 5 -80
19 6 89
19 7 82
19 8 18
19 9 -98
19 10 -26
19 11 86
19 12 11
19 13 -89
19 14 -5
19 15 54
19 16 -36
19 17 49
19 18 -10
19 19 -84
19 20 -63
19 21 75
19 22 -97
19 23 34
19 24 -57
19 25 -45
19 26 -88
19 27 -11
19 28 72
19 29 38
19 30 -57
19 31 2
19 32 -14
19 33 -94
19 34 -57
19 35 -53
19 36 75
19 37 34
19 38 5
19 39 9
19 40 10
19 41 12
19 42 -29
19 43 35
19 44 90
19 45 -35
19 46 40
19 47 -86
19 48 53
19 49 -67
20 0 -75
20 1 94
20 2 -22
20 3 -84
20 4 -99
20 5 -78
20 6 -51
20 7 -6
20 8 77
20 9 -38
20 11 45
20 12 25
20 13 -24
20 14 -16
20 15 15
20 16 29
20 17 -39
20 18 -5
20 19 -60
20 20 -15
20 21 1
20 22 21
20 23 47
20 24 -2
20 25 -44
20 26 -46
20 27 79
20 28 80
20 29 -7
20 30 76
20 31 49
20 33 -79
20 34 14
20 35 -2
20 36 -99
20 37 -56
20 38 90
20 39 42
20 40 -55
20 41 -38
20 42 1
20 43 -78
20 44 10
20 45 2
20 46 80
20 47 -4
20 48 -27
20 49 -36
21 0 -73
21 1 79
21 2 -60
21 3 -49
21 4 -45
21 5 70
21 6 38
21 7 -34
21 8 5
21 9 -59
21 10 -91
21 11 -20
21 12 16
21 13 -96
21 14 15
21 15 85
21 16 -89
21 17 -50
21 18 63
21 19 -77
21 20 5
21 21 27
21 22 -45
21 23 -48
21 24 53
21 25 36
21 26 -92
21 27 65
21 28 -7
21 29 -58
21 30 -5
21 31 29
21 32 -55
21 33 51
21 34 50
21 35 90
21 36 93
21 37 86
21 38 93
21 39 7
21 41 -69
21 42 29
21 43 56
21 44 5
21 45 10
21 46 10
21 47 25
21 48 10
21 49 57
22 0 -95
22 1 -72
22 2 19
22 3 1
22 4 39
22 6 17
22 7 -69
22 8 -64
22 9 71
22 10 35
22 11 -95
22 12 11
22 13 -23
22 14 43
22 15 91
22 16 -52
22 17 69
22 18 -57
22 19 -9
22 20 45
22 21 48
22 22 -41
22 23 53
22 24 84
22 26 60
22 27 -33
22 28 72
22 29 -61
22 30 93
22 31 -35
22 33 49
22 34 -44
22 35 -48
22 36 1
22 37 14
22 38 -95
22 39 11
22 40 -94
22 41 -85
22 42 -85
22 43 -42
22 44 -1
22 45 70
22 46 -22
22 47 -90
22 48 22
22 49 -48
23 0 -58
23 1 -33
23 3 88
23 4 43
23 6 24
23 7 -24
23 8 -6
23 9 -28
23 10 34
23 11 -60
23 12 -72
23 14 44
23 15 -39
23 16 53
23 17 -92
23 18 29
23 19 -1
23 20 99
23 21 36
23 22 -86
23 23 98
23 24 66
23 25 24
23 26 97
23 27 -55
23 28 -79
23 29 -32
23 30 -70
23 31 42
23 32 -24
23 33 -34
23 34 -75
23 35 -67
23 36 -48
23 37 2
23 38 50
23 39 58
23 40 46
23 41 13
23 42 -83
23 43 -66
23 44 42
23 45 -61
23 46 78
23 47 63
23 49 82
24 0 86
24 1 45
24 2 -58
24 3 -94
24 4 -85
24 5 82
24 6 94
24 7 17
24 9 87
24 10 14
24 11 -78
24 12 -66
24 13 57
24 15 52
24 16 35
24 17 25
24 18 -35
24 19 -27
24 20 -15
24 21 -38
24 22 45
24 23 34
24 24 -72
24 25 -95
24 26 -69
24 27 70
24 28 61
24 29 -72
24 31 89
24 32 -55
24 33 38
24 34 17
24 35 -82
24 36 17
24 37 78
24 38 -92
24 39 -39
24 40 59
24 41 85
24 42 -62
24 43 70
24 44 -80
24 45 -48
24 46 -31
24 47 36
24 48 63
24 49 -38
25 0 -88
25 1 -76
25 2 5
25 3 87
25 4 -19
25 5 53
25 6 21
25 7 48
25 9 20
25 10 -28
25 11 59
25 13 79
25 14 -91
25 15 39
25 16 -88
25 17 -91
25 19 -30
25 20 67
25 21 65
25 22 52
25 24 -3
25 25 -93
25 26 -43
25 27 71
25 28 35
25 29 -64
25 30 -57
25 31 -63
25 32 24
25 33 8
25 34 55
25 35 -80
25 36 -60
25 37 -10
25 38 -97
25 40 -64
25 41 -32
25 42 -17
25 43 1
25 44 -46
25 45 -36
25 46 16
25 47 -41
25 48 -27
25 49 55
26 0 83
26 1 78
26 2 -80
26 3 68
26 4 23
26 5 42
26 6 -25
26 7 -23
26 8 73
26 9 -52
26 10 -72
26 11 50
26 12 -93
26 13 -90
26 14 7
26 15 -21
26 16 -20
26 18 -17
26 20 -20
26 21 -82
26 22 -2
26 24 81
26 25 -88
26 26 84
26 27 42
26 28 -67
26 30 -15
26 31 2
26 32 77
26 33 -6
26 34 -60
26 35 -57
26 36 -1
26 37 -99
26 38 -46
26 39 62
26 40 30
26 41 -3
26 42 97
26 43 -29
26 44 -22
26 45 -27
26 46 -54
26 47 76
26 48 79
26 49 36
27 1 7
27 2 15
27 3 25
27 4 -17
27 5 -82
27 6 58
27 7 -35
27 8 -18
27 9 80
27 10 92
27 11 -44
27 13 75
27 14 45
27 15 -86
27 16 23
27 17 21
27 18 53
27 19 93
27 20 -4
27 21 78
27 22 -7
27 23 -28
27 24 8
27 25 -21
27 26 -62
27 27 -78
27 28 77
27 29 66
27 30 -89
27 31 38
27 32 -24
27 33 30
27 34 -99
27 35 49
27 36 77
27 37 -90
27 38 -20
27 39 40
27 40 -12
27 41 26
27 42 -64
27 43 -97
27 44 -82
27 45 54
27 46 -10
27 47 18
27 48 -21
27 49 -72
28 0 68
28 1 59
28 2 65
28 3 -100
28 4 -98
28 5 3
28 6 -63
28 7 -84
28 9 18
28 10 53
28 11 72
28 12 -54
28 15 -4
28 16 -97
28 17 51
28 18 -22
28 19 30
28 20 87
28 21 71
28 22 -86
28 23 -2
28 24 2
28 25 46
28 26 -30
28 27 -70
28 28 83
28 29 84
28 30 -13
28 31 -10
28 32 -72
28 33 84
28 34 -16
28 35 -97
28 36 -89
28 37 -89
28 38 67
28 39 25
28 40 59
28 41 60
28 42 47
28 43 -51
28 45 -60
28 46 59
28 47 33
28 49 88
29 0 63
29 1 22
29 2 -31
29 3 -62
29 4 65
29 5 53
29 6 30
29 7 -13
29 8 61
29 9 -59
29 10 92
29 11 68
29 12 -55
29 13 -28
29 14 -88
29 16 -28
29 17 -59
29 18 -70
29 19 -5
29 20 -25
29 21 9
29 22 74
29 23 -87
29 24 -96
29 25 -32
29 26 84
29 27 18
29 28 -3
29 29 10
29 30 -38
29 31 -23
29 32 30
29 33 44
29 34 17
29 35 -16
29 36 61
29 37 -75
29 38 20
29 39 4
29 40 89
29 41 22
29 42 100
29 43 80
29 45 30
29 47 65
29 48 57
29 49 -74
30 0 33
30 2 -33
30 4 -35
30 5 61
30 6 -100
30 7 97
30 8 -13
30 9 -98
30 10 82
30 11 45
30 12 -8
30 13 -68
30 14 -33
30 15 -54
30 16 -7
30 17 8
30 18 -100
30 19 91
30 20 -84
30 21 5
30 22 -65
30 23 -85
30 24 35
30 25 -3
30 26 -65
30 27 65
30 28 -55
30 29 -64
30 30 89
30 31 -90
30 32 -40
30 33 -76
30 34 3
30 35 30
30 36 53
30 37 12
30 38 -16
30 39 -64
30 40 58
30 41 1
30 42 60
30 43 100
30 44 24
30 45 -76
30 46 -2
30 47 100
30 48 25
30 49 -50
31 0 88
31 1 27
31 2 94
31 3 -7
31 4 5
31 6 62
31 8 68
31 9 86
31 10 -25
31 11 63
31 12 -70
31 14 -40
31 15 48
31 16 64
31 17 -83
31 18 -30
31 19 13
31 20 52
31 21 34
31 22 -73
31 23 -95
31 24 76
31 25 -84
31 26 -73
31 27 97
31 28 35
31 29 43
31 30 95
31 31 -2
31 32 -59
31 33 8
31 34 47
31 35 -55
31 36 -54
31 37 -72
31 38 -3
31 39 59
31 40 41
31 41 93
31 44 33
31 45 -4
31 46 -58
31 47 -40
31 48 -72
31 49 56
32 0 1
32 1 -23
32 2 86
32 3 -96
32 4 -62
32 5 -41
32 6 26
32 7 24
32 8 -51
32 9 38
32 10 66
32 11 -17
32 12 37
32 13 100
32 14 24
32 15 7
32 16 93
32 17 25
32 18 -65
32 19 -12
32 20 45
32 21 -67
32 22 -64
32 23 -52
32 24 85
32 25 -4
32 26 -63
32 27 23
32 28 4
32 29 -12
32 30 74
32 31 -49
32 32 25
32 33 -69
32 34 -5
32 35 8
32 36 -13
32 37 -9
32 38 -87
32 39 -49
32 40 97
32 41 -69
32 42 15
32 43 -10
32 44 67
32 45 69
32 47 -56
32 48 91
32 49 -50
33 0 60
33 1 98
33 2 -14
33 3 -60
33 4 86
33 5 67
33 6 -47
33 7 -72
33 8 -51
33 9 -64
33 10 -28
33 11 54
33 12 44
33 13 -84
33 14 50
33 15 -88
33 17 56
33 18 -84
33 19 -39
33 20 62
33 21 -83
33 22 87
33 23 -25
33 25 -7
33 26 -100
33 27 -3
33 28 -52
33 29 79
33 30 -100
33 31 93
33 32 37
33 33 -65
33 34 -58
33 35 -22
33 36 -61
33 37 -100
33 38 -46
33 39 93
33 40 -93
33 41 5
33 42 -24
33 43 63
33 44 26
33 45 -72
33 46 17
33 47 89
33 48 22
33 49 43
34 0 48
34 1 96
34 2 83
34 3 -86
34 4 24
34 5 -47
34 6 -23
34 7 6
34 8 54
34 9 -31
34 10 94
34 11 -14
34 12 96
34 13 10
34 14 21
34 15 -42
34 16 93
34 17 -48
34 18 -78
34 19 -44
34 20 56
34 21 -43
34 22 -21
34 23 95
34 25 -89
34 26 9
34 27 75
34 28 -49
34 29 54
34 30 -57
34 31 -61
34 32 61
34 33 55
34 34 -71
34 35 31
34 36 40
34 37 -79
34 38 -14
34 39 28
34 40 -71
34 41 -50
34 42 -75
34 43 4
34 44 67
34 45 74
34 46 62
34 47 -53
34 48 -64
34 49 -67
35 0 -55
35 1 -58
35 2 43
35 4 -32
35 5 49
35 6 29
35 7 80
35 8 -45
35 9 -62
35 10 -88
35 12 -96
35 13 -51
35 14 -92
35 15 19
35 16 -95
35 17 -37
35 18 -73
35 19 -30
35 20 96
35 21 72
35 22 -39
35 23 59
35 24 -50
35 25 36
35 26 1
35 27 -89
35 28 -53
35 30 17
35 31 -5
35 32 100
35 33 -54
35 34 -98
35 35 63
35 36 57
35 37 -97
35 38 17
35 39 -76
35 40 71
35 41 15
35 42 69
35 43 -87
35 44 -29
35 45 48
35 46 -56
35 47 35
35 48 -4
35 49 -30
36 0 -43
36 1 -10
36 2 -53
36 3 -42
36 4 8
36 5 -96
36 6 95
36 7 -49
36 8 75
36 9 65
36 10 -39
36 11 40
36 14 -68
36 15 -18
36 16 15
36 17 -64
36 18 94
36 19 -32
36 20 -54
36 21 74
36 22 -90
36 23 -84
36 24 -17
36 25 33
36 26 4
36 27 25
36 28 94
36 29 -81
36 30 -43
36 31 -12
36 32 80
36 33 -17
36 34 19
36 35 -72
36 36 -62
36 37 -44
36 38 -34
36 39 -67
36 40 46
36 41 93
36 42 -1
36 44 29
36 45 17
36 47 69
36 48 -50
36 49 -14
37 0 41
37 1 66
37 2 -95
37 4 -47
37 5 -66
37 6 -50
37 7 2
37 8 15
37 9 -82
37 10 82
37 11 25
37 12 52
37 13 -75
37 14 -75
37 15 -62
37 16 -62
37 17 -21
37 18 56
37 19 55
37 20 -50
37 21 -1
37 22 5
37 23 65
37 24 76
37 25 1
37 26 -4
37 27 -89
37 28 67
37 29 -47
37 30 77
37 31 -81
37 32 -21
37 33 -33
37 34 45
37 35 -63
37 36 61
37 37 32
37 38 -58
37 39 83
37 40 57
37 41 73
37 42 76
37 43 -70
37 44 -27
37 45 30
37 46 69
37 47 -95
37 48 85
37 49 -70
38 0 -91
38 1 34
38 2 -78
38 3 71
38 4 -1
38 5 67
38 6 41
38 7 57
38 8 36
38 9 52
38 10 -18
38 11 19
38 13 -65
38 14 93
38 15 -7
38 16 -13
38 17 -70
38 18 35
38 19 -32
38 20 -24
38 21 -21
38 22 -25
38 23 35
38 24 -44
38 25 82
38 26 24
38 27 100
38 28 66
38 29 51
38 30 32
38 31 -16
38 32 65
38 33 71
38 35 -21
38 36 -29
38 37 -85
38 38 -80
38 39 -62
38 40 -91
38 41 10
38 42 -72
38 43 -33
38 44 -30
38 45 52
38 46 73
38 47 32
38 48 73
38 49 50
39 0 90
39 1 -88
39 2 68
39 3 -45
39 4 33
39 5 25
39 6 97
39 7 -20
39 8 -94
39 9 74
39 10 -42
39 11 -17
39 12 15
39 13 21
39 14 -71
39 15 -51
39 17 5
39 18 -31
39 19 -69
39 20 -86
39 21 -7
39 22 1
39 23 88
39 24 -88
39 25 68
39 26 -62
39 27 81
39 28 33
39 29 -4
39 30 10
39 31 79
39 32 86
39 33 66
39 34 44
39 35 -46
39 36 -86
39 37 -58
39 38 82
39 39 83
39 40 -41
39 41 6
39 42 54
39 43 -78
39 44 58
39 45 34
39 46 -15
39 47 69
39 48 18
39 49 -16
40 0 -18
40 1 -28
40 2 -79
40 3 7
40 5 45
40 6 -86
40 7 -60
40 8 30
40 9 15
40 10 -17
40 13 33
40 14 79
40 15 74
40 16 2
40 17 46
40 18 27
40 19 90
40 20 -45
40 21 -2
40 22 -77
40 23 33
40 24 -80
40 25 -6
40 26 69
40 27 41
40 28 17
40 30 37
40 31 52
40 32 16
40 33 75
40 34 -91
40 35 -21
40 37 65
40 38 -13
40 39 -3
40 40 -90
40 41 -66
40 42 -12
40 43 -19
40 44 -10
40 46 19
40 47 -64
41 0 -28
41 1 19
41 2 -88
41 3 -43
41 4 64
41 5 10
41 6 -35
41 7 -45
41 8 47
41 9 78
41 10 -80
41 11 45
41 12 -72
41 13 8
41 14 15
41 15 -10
41 16 -89
41 17 -53
41 18 34
41 19 -98
41 20 38
41 21 -32
41 22 100
41 23 -92
41 24 -7
41 25 22
41 26 74
41 28 -4
41 29 -64
41 30 54
41 31 50
41 32 -35
41 33 -87
41 34 86
41 35 -80
41 36 42
41 37 -1
41 38 -21
41 39 31
41 40 71
41 41 54
41 42 31
41 43 -55
41 44 27
41 45 -49
41 46 -89
41 47 12
41 48 58
41 49 82
42 0 9
42 1 100
42 2 -80
42 3 -1
42 4 -76
42 5 97
42 6 77
42 7 -31
42 8 -81
42 9 57
42 10 -61
42 11 -60
42 12 -42
42 13 -37
42 14 95
42 15 96
42 16 -23
42 17 26
42 18 99
42 19 -91
42 20 54
42 21 31
42 22 -29
42 23 -10
42 24 34
42 25 22
42 26 -53
42 27 93
42 28 -87
42 29 93
42 30 12
42 31 11
42 32 -84
42 33 -43
42 34 -73
42 35 12
42 36 -86
42 37 67
42 38 7
42 39 17
42 40 -8
42 41 -15
42 42 -41
42 43 97
42 44 57
42 45 16
42 46 -29
42 47 -67
42 48 -91
42 49 74
43 0 -10
43 1 -13
43 2 -31
43 3 53
43 4 -57
43 5 86
43 6 -50
43 7 -76
43 8 32
43 9 52
43 10 25
43 11 75
43 12 -89
43 14 -76
43 15 -29
43 16 32
43 17 -19
43 18 68
43 19 94
43 20 50
43 21 93
43 22 34
43 23 82
43 24 -93
43 25 99
43 26 -47
43 27 86
43 29 -34
43 30 -82
43 31 -82
43 32 -63
43 33 -25
43 34 53
43 35 45
43 36 -97
43 37 -64
43 38 -72
43 39 -62
43 40 -51
43 41 -49
43 42 -71
43 43 -86
43 44 -21
43 45 -84
43 46 94
43 47 -25
43 48 -61
44 0 57
44 1 17
44 2 -9
44 3 -80
44 4 44
44 5 -16
44 6 100
44 7 -53
44 8 -40
44 9 -78
44 10 -8
44 11 -27
44 12 61
44 13 -82
44 14 78
44 15 -71
44 16 90
44 17 94
44 18 1
44 19 55
44 20 65
44 21 96
44 22 50
44 24 -62
44 25 70
44 26 -76
44 27 -47
44 28 41
44 29 56
44 30 -15
44 31 -95
44 32 -77
44 33 32
44 34 99
44 35 24
44 36 59
44 37 -92
44 38 60
44 39 1
44 40 -36
44 41 -66
44 42 -49
44 43 21
44 44 34
44 45 20
44 46 17
44 47 13
44 48 -85
44 49 8
45 0 94
45 1 -22
45 2 -48
45 3 41
45 4 51
45 5 35
45 6 -58
45 7 -52
45 8 14
45 9 -25
45 10 -99
45 11 86
45 12 -86
45 13 15
45 14 73
45 16 -17
45 17 24
45 18 -16
45 19 -92
45 20 -3
45 21 -21
45 22 -75
45 23 -18
45 24 -94
45 25 -60
45 26 -32
45 28 -63
45 29 17
45 30 66
45 31 -63
45 32 -17
45 33 100
45 34 -23
45 35 78
45 36 -67
45 37 44
45 38 -96
45 39 44
45 40 97
45 41 -10
45 42 -3
45 43 -15
45 44 -20
45 46 19
45 47 71
45 48 95
45 49 85
46 0 54
46 2 -64
46 3 -57
46 4 72
46 5 80
46 6 -86
46 7 89
46 8 53
46 9 -58
46 10 -39
46 12 -6
46 13 67
46 14 46
46 15 -61
46 16 88
46 17 22
46 18 43
46 20 -30
46 21 6
46 22 -17
46 23 74
46 24 9
46 25 66
46 26 -79
46 27 -59
46 28 -10
46 29 -46
46 30 -24
46 31 15
46 32 -27
46 33 -90
46 34 -46
46 36 41
46 37 35
46 38 15
46 39 74
46 40 -72
46 41 16
46 42 62
46 43 22
46 44 -9
46 45 -16
46 46 45
46 47 32
46 48 -44
46 49 53
47 0 -18
47 1 -67
47 2 29
47 3 -93
47 4 -43
47 5 50
47 6 31
47 7 48
47 8 84
47 9 -85
47 10 53
47 11 -87
47 12 -17
47 13 56
47 14 65
47 15 -45
47 16 46
47 17 55
47 18 -45
47 19 -10
47 20 15
47 21 -96
47 22 46
47 23 2
47 24 -87
47 25 -45
47 26 83
47 27 6
47 28 14
47 29 -88
47 30 56
47 31 -26
47 32 4
47 33 -43
47 34 23
47 35 -66
47 36 6
47 37 67
47 38 83
47 39 -37
47 40 52
47 41 89
47 42 -5
47 43 51
47 44 51
47 45 -26
47 46 -95
47 47 -13
47 48 12
47 49 20
48 0 -38
48 2 26
48 3 -71
48 4 -90
48 6 65
48 7 -74
48 8 -3
48 9 -9
48 10 -57
48 11 -97
48 12 73
48 13 72
48 14 -65
48 15 -75
48 16 28
48 17 -3
48 19 70
48 20 59
48 22 19
48 23 -69
48 24 -55
48 25 -53
48 26 -29
48 27 95
48 28 -69
48 30 89
48 31 68
48 32 -42
48 33 -88
48 34 21
48 35 21
48 36 -87
48 37 -63
48 38 12
48 39 45
48 40 74
48 41 37
48 42 -17
48 43 53
48 44 51
48 45 49
48 46 -21
48 47 13
48 48 22
48 49 -52
49 0 -4
49 1 -14
49 2 -56
49 3 45
49 4 -67
49 5 -33
49 7 -53
49 8 43
49 9 79
49 10 51
49 11 -13
49 12 29
49 13 -78
49 15 -32
49 16 -17
49 17 -27
49 18 -68
49 19 33
49 20 -9
49 21 -98
49 22 44
49 23 21
49 24 -8
49 25 -27
49 26 83
49 27 -91
49 28 78
49 29 75
49 30 -30
49 31 -91
49 32 -20
49 33 -93
49 34 82
49 35 43
49 36 17
49 37 -99
49 38 -11
49 39 -42
49 40 75
49 41 -13
49 42 -22
49 43 39
49 44 76
49 45 -71
49 46 -25
49 47 -95
49 48 -10
49 49 83