0 1 -26
0 3 12
0 6 -25
0 12 -64
0 14 35
0 15 92
0 16 -62
0 32 -19
0 34 18
0 38 -53
0 44 -30
1 10 18
1 16 56
1 31 -90
1 37 4
1 39 -12
1 47 87
2 2 69
2 5 36
2 17 73
2 26 -15
2 40 -21
2 45 -89
3 0 -20
3 8 48
3 10 78
3 11 -92
3 13 12
3 14 63
3 15 92
3 20 77
3 25 -59
3 30 72
3 32 78
3 35 27
3 44 -57
3 47 29
3 49 -26
4 18 -48
4 20 -42
4 34 78
4 40 -43
4 49 -96
5 4 100
5 11 -46
5 14 -13
5 17 67
5 27 9
5 35 -66
5 39 -58
5 43 -55
5 45 36
6 0 67
6 6 -51
6 7 -43
6 10 -96
6 13 -72
6 39 83
6 42 -77
7 0 -73
7 2 -23
7 11 52
7 20 55
7 37 81
7 41 87
7 43 40
8 17 -60
8 18 -55
8 21 -15
8 22 12
8 42 -10
8 43 -77
8 44 -23
9 8 46
9 30 82
9 35 -73
9 36 59
9 39 46
9 41 -84
10 2 31
10 11 -91
10 20 62
10 29 -71
11 4 -41
11 6 -70
11 7 -64
11 10 68
11 20 92
11 25 9
11 40 -54
11 43 -90
11 49 82
12 1 59
12 7 -52
12 15 -51
12 18 -36
12 28 -65
12 38 -91
13 10 95
13 30 -70
13 35 -86
13 37 12
13 48 -34
14 1 81
14 2 -78
14 11 30
14 47 -9
15 6 81
15 10 31
15 15 49
15 18 -13
15 28 -83
15 33 59
15 38 33
16 6 -28
16 12 -85
16 21 -47
16 25 68
16 31 -84
16 33 -3
16 38 65
16 39 -68
17 3 4
17 10 99
17 18 2
17 20 -88
17 27 -21
17 44 72
18 1 -67
18 14 66
18 16 -43
18 19 -16
18 21 -25
18 32 58
18 33 -10
18 39 -47
18 43 -70
18 44 50
18 45 33
18 46 16
19 17 -49
19 20 16
19 23 -39
19 25 -74
19 32 25
19 48 39
20 5 37
20 10 19
20 19 -43
20 22 -69
20 34 80
20 35 -30
20 37 65
20 41 39
21 2 2
21 4 9
21 5 -85
21 12 2
21 28 42
21 38 12
22 1 65
22 4 -52
22 10 -44
22 18 69
22 27 -34
22 28 8
22 46 61
22 48 -38
23 1 61
23 2 -80
23 25 -52
23 43 -44
23 45 -48
24 3 22
24 21 30
24 26 -9
24 27 -90
24 29 -57
24 34 40
24 36 -67
24 40 25
24 43 21
25 11 17
25 16 -54
25 27 61
25 45 -81
25 48 79
25 49 -14
26 10 -90
26 29 -73
26 35 42
26 36 14
26 37 -50
27 1 -58
27 4 -8
27 6 -57
27 28 82
27 33 -77
27 40 -50
27 49 -8
28 15 15
28 18 -58
28 26 -60
28 31 88
28 37 92
28 42 1
28 47 -6
29 1 -17
29 6 79
29 16 26
29 23 -26
29 33 81
29 38 64
29 39 4
29 42 10
29 47 -3
30 1 -53
30 15 -8
30 22 17
30 26 -13
30 34 -18
30 37 -92
30 40 -81
30 41 87
30 47 -71
30 48 -94
31 5 12
31 15 10
31 20 -44
31 25 54
31 38 89
31 47 -63
32 6 58
32 7 -4
32 14 76
32 23 15
32 24 7
32 31 3
32 41 -90
33 1 -41
33 19 10
33 34 -89
33 35 29
33 36 76
33 37 -7
33 44 -66
34 1 99
34 7 67
34 8 -64
34 20 -17
34 40 39
34 46 -99
35 0 23
35 8 44
35 13 44
35 18 17
35 22 -96
35 35 65
35 36 73
35 38 11
35 42 15
35 44 26
36 1 -85
36 5 -94
36 10 -70
36 14 -57
36 18 83
36 27 52
36 29 -35
36 30 -41
36 49 93
37 2 44
37 12 -50
37 23 -71
37 24 30
37 34 84
37 41 28
37 42 22
37 43 99
38 17 21
38 25 100
38 27 54
38 32 68
38 40 -99
39 3 -69
39 6 -39
39 34 31
39 38 -42
40 9 51
40 16 -93
40 35 34
40 43 -60
41 14 84
41 15 99
41 37 78
41 39 -50
41 41 88
41 42 -94
42 14 -66
42 22 61
42 29 19
42 38 -21
42 43 -46
43 8 -40
43 12 80
43 19 29
43 20 -40
43 45 14
43 49 -77
44 0 -80
44 12 50
44 31 -30
44 34 34
44 36 32
45 5 -36
45 11 -79
45 40 20
45 44 -80
45 48 47
46 4 43
46 5 -36
46 12 52
46 15 68
46 19 -90
46 21 -97
46 25 -38
46 26 -14
46 28 -44
46 30 26
46 33 73
46 34 -79
46 37 74
46 45 -88
46 47 -91
47 6 99
47 13 66
47 18 10
47 24 -100
47 38 65
47 39 -80
47 49 -18
48 3 -44
48 9 79
48 42 -4
49 5 -61
49 8 -8
49 18 -18
49 22 52
49 46 35
49 48 11