0 17 40
0 18 88
0 19 -40
0 21 37
0 25 54
0 32 -27
0 34 -45
0 39 -17
0 47 -80
0 50 77
0 51 -35
0 53 56
0 58 -41
0 60 -56
0 65 67
0 66 45
0 68 -82
0 69 80
0 71 -82
0 78 -10
0 81 -98
0 83 -54
0 87 10
0 93 -52
0 101 -24
0 104 -12
0 107 82
0 109 -74
0 110 -42
0 113 -10
0 116 -40
0 120 9
0 121 -70
0 125 -27
0 130 89
0 131 -74
0 141 83
0 143 -63
0 145 -41
0 146 -6
0 147 93
1 1 -100
1 2 46
1 3 78
1 5 -25
1 6 -3
1 7 -61
1 9 -36
1 15 -90
1 20 -1
1 23 -62
1 24 52
1 33 41
1 35 -45
1 36 -78
1 38 -48
1 43 12
1 48 -37
1 50 -2
1 52 -88
1 53 -53
1 61 54
1 66 -64
1 67 59
1 74 79
1 80 -71
1 85 55
1 88 -28
1 91 -64
1 95 77
1 99 -1
1 110 -41
1 112 74
1 118 -53
1 124 -53
1 126 45
1 129 88
1 132 -82
1 135 -22
1 139 -81
1 143 -84
1 149 64
2 0 -66
2 2 -12
2 6 29
2 8 43
2 11 52
2 12 80
2 15 56
2 28 78
2 31 -82
2 51 91
2 52 -20
2 53 -7
2 55 -26
2 59 -78
2 66 81
2 67 28
2 68 -42
2 70 79
2 77 99
2 83 41
2 84 35
2 85 59
2 88 12
2 89 9
2 94 -53
2 96 50
2 97 -57
2 99 79
2 104 73
2 105 -95
2 106 97
2 109 33
2 111 -7
2 113 52
2 114 7
2 115 -32
2 117 -36
2 119 98
2 129 50
2 132 -28
2 135 -73
2 136 52
2 138 10
2 139 -3
2 148 12
3 2 -43
3 6 -55
3 9 -64
3 10 -44
3 11 -84
3 13 -63
3 17 99
3 19 48
3 21 -91
3 22 11
3 24 -45
3 25 58
3 27 -22
3 28 29
3 31 -42
3 39 -38
3 44 9
3 45 26
3 46 100
3 47 -24
3 53 -7
3 54 -90
3 60 52
3 62 -13
3 65 36
3 66 63
3 68 -39
3 73 -21
3 74 -58
3 75 -97
3 77 -64
3 78 36
3 84 -24
3 92 41
3 94 24
3 95 3
3 96 -27
3 100 -2
3 101 -97
3 102 -45
3 106 3
3 108 -79
3 110 19
3 111 -12
3 114 24
3 117 86
3 121 -89
3 122 61
3 125 -73
3 126 44
3 129 -96
3 131 81
3 134 -29
3 137 9
3 140 40
3 141 -81
3 144 -18
4 4 69
4 5 83
4 8 -16
4 10 -78
4 11 5
4 15 -88
4 19 14
4 23 -33
4 36 -15
4 37 38
4 38 -74
4 60 3
4 63 71
4 65 71
4 81 7
4 83 13
4 86 -43
4 88 -6
4 90 2
4 93 92
4 99 31
4 106 76
4 109 25
4 114 19
4 116 79
4 117 19
4 129 -24
4 131 53
4 133 -60
4 136 9
4 146 36
4 147 47
5 4 26
5 5 -39
5 6 85
5 13 -99
5 14 74
5 18 -47
5 21 -47
5 23 -81
5 24 99
5 25 93
5 28 22
5 31 28
5 33 45
5 34 -25
5 35 56
5 39 97
5 43 17
5 48 -49
5 56 -63
5 60 3
5 63 -80
5 66 -46
5 72 -53
5 84 92
5 85 -30
5 87 -79
5 90 -38
5 91 -75
5 94 -61
5 98 83
5 100 -88
5 106 54
5 108 73
5 114 59
5 130 71
5 132 -45
5 134 -15
5 137 -10
5 145 17
5 146 58
5 148 -24
6 4 -46
6 8 83
6 17 5
6 18 -13
6 22 74
6 24 27
6 25 83
6 26 19
6 40 -23
6 42 97
6 44 -95
6 45 -44
6 54 -43
6 57 57
6 62 -82
6 70 -64
6 80 76
6 82 85
6 85 -74
6 87 14
6 90 -21
6 93 2
6 96 57
6 102 5
6 103 -72
6 105 -70
6 106 88
6 110 -84
6 114 51
6 119 -14
6 121 -46
6 124 69
6 128 4
6 129 61
6 132 95
6 133 21
6 136 -5
6 140 -45
6 141 -22
6 142 -6
6 144 -95
6 146 -64
7 0 -17
7 2 77
7 8 67
7 12 -62
7 13 24
7 14 -7
7 19 19
7 22 44
7 26 -99
7 33 -7
7 34 -61
7 35 25
7 39 -58
7 44 38
7 55 53
7 66 -76
7 69 71
7 71 -87
7 77 -74
7 78 -97
7 84 -39
7 85 32
7 90 44
7 95 4
7 96 -16
7 99 23
7 107 -78
7 108 -64
7 113 18
7 116 -33
7 117 52
7 118 -52
7 121 -32
7 124 31
7 125 11
7 126 -7
7 128 9
7 131 -70
7 133 -6
7 134 97
7 135 93
7 136 -53
7 137 2
7 139 5
7 140 43
7 141 42
7 142 62
7 147 58
8 1 -63
8 2 -87
8 6 -87
8 15 5
8 18 46
8 19 88
8 21 -25
8 22 88
8 23 95
8 26 15
8 27 59
8 32 66
8 35 27
8 36 63
8 39 83
8 43 -7
8 48 -81
8 57 66
8 58 47
8 60 -26
8 62 -29
8 64 51
8 65 -56
8 66 36
8 67 63
8 69 90
8 72 -90
8 75 -32
8 77 -66
8 88 82
8 92 -52
8 93 59
8 95 86
8 97 -63
8 100 18
8 108 24
8 110 54
8 112 -100
8 114 74
8 124 -83
8 126 -39
8 129 -68
8 134 -56
8 137 -73
8 142 -40
8 143 13
8 144 -92
8 145 -63
8 147 -14
9 1 -57
9 2 -82
9 4 94
9 5 72
9 6 -76
9 9 -36
9 11 7
9 15 -59
9 16 -57
9 19 9
9 20 -17
9 22 -69
9 33 8
9 35 95
9 37 -99
9 39 -23
9 42 -54
9 46 -77
9 47 -29
9 57 -56
9 59 88
9 66 -88
9 67 -61
9 68 -70
9 72 -36
9 73 -74
9 75 72
9 80 55
9 83 58
9 84 44
9 89 -36
9 90 36
9 92 -74
9 93 -69
9 94 1
9 97 -47
9 98 90
9 101 53
9 107 -20
9 110 -61
9 112 54
9 113 -52
9 119 -4
9 122 -33
9 124 68
9 131 -15
9 133 -21
9 134 -95
9 139 -94
10 6 -21
10 7 59
10 10 -92
10 11 10
10 13 -16
10 15 43
10 24 92
10 27 -1
10 31 53
10 35 48
10 37 67
10 45 -25
10 46 -42
10 47 52
10 48 4
10 49 -68
10 54 59
10 65 13
10 66 46
10 70 -2
10 74 -14
10 76 -14
10 79 -13
10 81 20
10 82 -35
10 83 99
10 84 -46
10 91 -98
10 94 20
10 98 -97
10 102 -20
10 103 -57
10 108 -33
10 109 53
10 110 -3
10 112 6
10 113 -1
10 114 72
10 115 87
10 116 94
10 117 79
10 118 73
10 119 -94
10 122 -72
10 125 82
10 128 -43
10 131 -78
10 134 16
10 136 31
10 139 -100
10 142 86
10 143 83
10 148 -38
11 1 17
11 3 9
11 7 -38
11 8 55
11 10 -47
11 11 13
11 12 -94
11 16 75
11 20 -92
11 21 -23
11 22 86
11 23 -88
11 25 52
11 27 20
11 32 -65
11 34 -11
11 36 57
11 40 41
11 42 46
11 43 2
11 45 -68
11 51 -98
11 52 -42
11 54 26
11 60 6
11 62 22
11 63 -63
11 65 -9
11 66 -15
11 68 -38
11 69 81
11 72 -7
11 77 93
11 78 14
11 79 -87
11 87 -22
11 89 62
11 91 -14
11 93 63
11 97 31
11 98 -23
11 99 -29
11 100 94
11 101 45
11 108 -38
11 110 -13
11 111 -45
11 115 39
11 117 -79
11 123 -54
11 128 20
11 129 -69
11 130 -77
11 136 11
11 141 76
11 144 50
12 4 -70
12 5 -70
12 7 -9
12 8 -38
12 10 44
12 11 -76
12 18 44
12 21 12
12 24 -58
12 28 93
12 29 78
12 35 -49
12 41 -7
12 43 55
12 45 -44
12 50 95
12 53 31
12 56 -55
12 61 -77
12 64 52
12 66 -15
12 70 87
12 71 8
12 74 -95
12 78 69
12 80 68
12 86 49
12 88 -54
12 93 31
12 94 -68
12 98 90
12 99 -97
12 102 -67
12 106 21
12 113 -42
12 116 28
12 122 97
12 126 -100
12 136 27
12 144 36
13 0 -91
13 1 69
13 2 6
13 7 65
13 8 44
13 10 68
13 15 -67
13 16 41
13 18 -77
13 19 80
13 27 -74
13 32 -50
13 33 51
13 34 -12
13 35 27
13 37 95
13 41 92
13 44 74
13 45 1
13 46 -33
13 51 93
13 56 -20
13 65 -93
13 66 41
13 67 69
13 68 69
13 69 34
13 70 -11
13 73 48
13 75 -57
13 83 -89
13 86 5
13 89 -82
13 90 -14
13 96 36
13 98 91
13 100 -24
13 106 64
13 107 -99
13 110 100
13 118 82
13 121 65
13 123 -6
13 125 -58
13 129 14
13 133 -29
13 134 -88
13 135 50
13 137 37
13 138 -86
13 141 -29
13 142 -73
13 146 -72
13 149 61
14 0 26
14 2 -82
14 3 65
14 15 -82
14 17 36
14 19 -22
14 24 -74
14 28 7
14 30 -33
14 31 -85
14 33 -75
14 35 14
14 38 -96
14 39 -22
14 47 62
14 50 77
14 52 -3
14 53 22
14 55 -58
14 62 -52
14 65 72
14 70 77
14 71 -28
14 76 -54
14 79 -14
14 86 -16
14 89 -12
14 96 -74
14 99 -23
14 106 -46
14 107 -26
14 112 28
14 114 -90
14 120 8
14 127 -32
14 137 32
14 142 54
14 149 38
15 3 17
15 4 75
15 5 -27
15 7 -14
15 8 -75
15 11 -50
15 19 -42
15 20 -57
15 22 -13
15 23 -90
15 25 -45
15 29 -36
15 31 11
15 33 47
15 34 44
15 37 31
15 41 -29
15 42 -33
15 45 73
15 48 15
15 50 46
15 52 -83
15 64 53
15 67 79
15 72 -55
15 77 -19
15 78 -31
15 81 90
15 90 88
15 92 -58
15 96 4
15 97 -78
15 98 88
15 111 -22
15 112 95
15 113 21
15 116 13
15 117 -45
15 121 -49
15 124 67
15 126 -43
15 134 16
15 135 -84
15 138 84
15 146 -17
15 148 96
16 2 14
16 5 91
16 7 -21
16 8 60
16 11 -100
16 14 11
16 19 11
16 23 98
16 26 42
16 29 26
16 30 28
16 32 -6
16 33 -89
16 37 65
16 39 55
16 42 22
16 45 -15
16 48 14
16 49 19
16 51 17
16 52 28
16 53 41
16 55 27
16 56 98
16 60 -85
16 63 -43
16 65 88
16 74 35
16 81 -24
16 82 -49
16 85 -15
16 90 -56
16 95 98
16 96 96
16 97 85
16 99 21
16 101 62
16 102 26
16 104 73
16 108 -95
16 117 62
16 119 -32
16 123 66
16 127 -19
16 128 8
16 133 23
16 135 95
16 140 -3
16 142 47
16 144 -12
16 145 73
16 146 -72
16 148 19
17 1 -41
17 2 1
17 15 14
17 16 91
17 19 26
17 20 49
17 21 68
17 22 -54
17 25 63
17 26 85
17 28 21
17 32 78
17 33 12
17 37 68
17 39 -91
17 43 92
17 49 -26
17 50 7
17 52 -76
17 57 31
17 63 78
17 66 58
17 69 25
17 72 35
17 75 -16
17 76 -36
17 78 35
17 79 -24
17 80 7
17 88 -11
17 92 48
17 94 -74
17 96 -90
17 97 4
17 98 -68
17 99 -70
17 101 -92
17 104 87
17 105 -98
17 108 13
17 114 -37
17 115 -91
17 118 -17
17 119 -90
17 128 48
17 131 -21
17 133 -17
17 135 76
17 136 53
17 138 -94
17 143 -41
17 147 12
18 4 76
18 6 33
18 7 76
18 9 -29
18 12 79
18 13 -15
18 23 -38
18 24 51
18 26 -79
18 36 -53
18 37 45
18 45 -44
18 47 33
18 58 80
18 62 66
18 63 -86
18 65 -50
18 66 60
18 71 30
18 74 -92
18 78 -65
18 82 26
18 85 -61
18 89 -20
18 90 4
18 91 49
18 94 49
18 95 -31
18 96 24
18 101 -5
18 104 -40
18 106 -93
18 111 98
18 112 44
18 113 39
18 117 -2
18 118 48
18 119 -5
18 120 -36
18 123 6
18 126 -11
18 128 47
18 130 -10
18 131 28
18 133 52
18 137 -28
18 139 -82
18 146 71
18 147 -83
19 0 47
19 2 37
19 4 63
19 6 26
19 11 99
19 18 -30
19 25 25
19 27 4
19 31 93
19 34 82
19 38 20
19 40 45
19 44 -6
19 46 64
19 48 74
19 49 -74
19 54 -2
19 56 -32
19 61 -44
19 62 18
19 68 -69
19 69 21
19 70 -99
19 74 -85
19 80 68
19 90 -92
19 92 5
19 93 36
19 97 -45
19 98 5
19 102 77
19 110 31
19 112 48
19 115 -70
19 117 -44
19 119 -62
19 121 -44
19 122 72
19 123 -5
19 124 -70
19 125 70
19 127 95
19 129 48
19 131 -98
19 133 2
19 142 -59
19 148 53
19 149 73
20 4 57
20 5 -62
20 6 32
20 8 59
20 13 66
20 14 -45
20 24 4
20 35 -85
20 52 59
20 59 35
20 67 80
20 69 68
20 71 -100
20 73 -37
20 75 -84
20 85 62
20 86 61
20 90 76
20 91 -62
20 96 64
20 98 5
20 103 50
20 106 -75
20 115 47
20 116 -65
20 122 -38
20 125 -7
20 135 75
20 136 40
20 137 26
20 138 80
20 140 -46
20 144 95
20 147 -65
21 6 -92
21 8 77
21 9 23
21 11 7
21 12 -57
21 18 33
21 19 -34
21 22 77
21 23 -8
21 35 -49
21 43 -10
21 51 51
21 52 -96
21 53 -20
21 59 -80
21 62 95
21 66 96
21 68 37
21 69 -83
21 71 97
21 76 -73
21 81 89
21 82 54
21 86 81
21 91 59
21 95 -4
21 99 -82
21 103 18
21 106 -72
21 108 -79
21 113 81
21 118 -69
21 120 -60
21 121 -25
21 125 50
21 126 25
21 128 31
21 131 60
21 134 65
21 136 -96
21 142 77
21 145 -66
21 146 -38
21 147 94
22 0 40
22 6 96
22 8 26
22 12 -13
22 16 -84
22 19 46
22 22 55
22 23 99
22 25 60
22 27 -55
22 28 40
22 32 77
22 44 -48
22 48 -85
22 57 -37
22 61 59
22 66 62
22 68 -54
22 70 -28
22 74 -90
22 79 76
22 83 -80
22 85 43
22 93 -48
22 99 78
22 100 -7
22 102 -42
22 103 -50
22 104 -100
22 105 45
22 107 75
22 108 -20
22 113 -9
22 118 80
22 122 60
22 126 9
22 133 26
22 134 77
22 141 -60
22 142 51
22 143 65
22 144 -19
22 145 -48
22 146 64
22 147 92
22 148 40
23 0 69
23 8 84
23 16 30
23 21 31
23 28 56
23 29 17
23 34 -99
23 36 -34
23 41 -80
23 42 -15
23 43 -55
23 44 -45
23 48 56
23 53 -57
23 57 -81
23 59 36
23 68 -48
23 73 5
23 74 -94
23 79 -35
23 80 -41
23 81 67
23 94 6
23 100 -65
23 101 -44
23 104 77
23 105 99
23 109 63
23 112 38
23 113 27
23 117 -29
23 119 -77
23 121 -15
23 123 70
23 124 -93
23 127 52
23 139 55
23 140 -31
23 142 -26
23 144 45
23 147 10
24 2 91
24 5 24
24 6 93
24 9 -5
24 10 -19
24 21 -96
24 24 50
24 27 62
24 52 -80
24 53 55
24 55 -50
24 56 77
24 60 58
24 62 66
24 67 33
24 69 -88
24 75 39
24 77 -37
24 79 37
24 81 -2
24 84 -87
24 88 -54
24 91 -93
24 92 21
24 98 -77
24 101 53
24 102 -27
24 103 -63
24 104 7
24 111 90
24 112 53
24 114 -68
24 115 68
24 123 23
24 124 -69
24 132 59
24 136 99
24 138 -60
24 140 -86
25 0 -92
25 3 96
25 4 77
25 8 -44
25 10 60
25 13 46
25 16 -23
25 26 -15
25 29 -5
25 30 -17
25 32 -45
25 40 10
25 42 41
25 45 -32
25 46 -69
25 47 -25
25 50 67
25 51 -70
25 53 -46
25 54 -25
25 59 81
25 61 8
25 66 65
25 67 93
25 68 17
25 72 -14
25 74 -65
25 75 -11
25 77 89
25 78 6
25 79 -85
25 80 -35
25 85 -14
25 86 -37
25 102 25
25 103 89
25 105 72
25 106 38
25 107 -77
25 108 76
25 110 -10
25 116 -76
25 119 21
25 124 79
25 126 -22
25 127 17
25 129 -30
25 136 -2
25 142 -51
26 3 -29
26 8 -67
26 9 8
26 11 -45
26 16 -43
26 21 -26
26 26 -60
26 31 -36
26 36 17
26 42 23
26 43 87
26 44 35
26 53 -49
26 55 1
26 64 -7
26 72 -33
26 78 59
26 82 51
26 83 -24
26 93 -47
26 94 29
26 95 -67
26 99 60
26 103 6
26 104 30
26 105 -96
26 108 -30
26 109 -69
26 112 -54
26 113 -35
26 118 -90
26 124 31
26 127 10
26 131 -45
26 132 4
26 133 -97
26 134 99
26 139 7
26 147 -22
27 0 -53
27 3 -72
27 6 -65
27 11 -44
27 20 -24
27 25 33
27 29 -100
27 30 74
27 36 -67
27 41 47
27 43 88
27 44 -51
27 53 -82
27 55 70
27 60 39
27 66 96
27 86 9
27 96 -16
27 100 47
27 104 -25
27 112 65
27 119 14
27 124 49
27 125 -60
27 131 -55
27 133 88
27 135 41
27 137 4
27 141 -8
27 142 -4
27 146 90
27 147 -96
27 149 -25
28 0 -97
28 3 69
28 6 -33
28 13 25
28 14 -73
28 31 -100
28 32 14
28 34 -29
28 35 -72
28 36 49
28 38 43
28 43 -32
28 45 -100
28 46 18
28 48 -4
28 52 -13
28 53 93
28 55 89
28 57 25
28 58 -61
28 61 22
28 62 35
28 63 58
28 64 -73
28 65 85
28 75 -38
28 79 39
28 84 -75
28 87 -17
28 88 95
28 90 -58
28 91 -12
28 93 -95
28 106 -16
28 110 -30
28 114 9
28 117 68
28 118 29
28 119 -63
28 121 46
28 122 19
28 124 64
28 125 -51
28 131 21
28 137 65
28 139 -1
28 141 91
28 146 -8
29 3 -32
29 5 -24
29 7 -29
29 8 -9
29 22 -66
29 25 25
29 31 -64
29 34 86
29 39 90
29 46 -94
29 49 51
29 53 46
29 55 -66
29 58 66
29 59 -7
29 61 -15
29 63 -2
29 67 -27
29 70 24
29 72 98
29 73 -49
29 74 -35
29 80 52
29 86 -77
29 87 -69
29 93 17
29 101 43
29 111 55
29 112 -67
29 113 76
29 123 -81
29 127 20
29 128 81
29 132 12
29 136 28
29 137 -33
29 140 13
29 141 -58
29 146 -62
29 147 75
29 149 2
30 0 -100
30 5 -25
30 9 -86
30 10 -55
30 12 68
30 26 28
30 27 64
30 30 18
30 34 -46
30 40 6
30 41 8
30 42 -22
30 44 13
30 45 73
30 50 43
30 51 30
30 52 -79
30 53 -22
30 58 -9
30 61 -78
30 69 47
30 71 34
30 77 50
30 79 29
30 80 42
30 82 -32
30 84 12
30 87 5
30 89 -49
30 92 -100
30 96 -25
30 98 33
30 100 52
30 103 47
30 115 22
30 124 29
30 128 6
30 129 74
30 134 -31
30 138 19
30 141 -91
30 142 81
30 146 82
31 1 -46
31 5 -28
31 6 91
31 7 -93
31 9 -88
31 10 30
31 12 -35
31 14 -93
31 15 27
31 17 89
31 19 93
31 20 -39
31 25 -83
31 32 85
31 34 -22
31 35 77
31 36 -28
31 38 100
31 41 90
31 42 17
31 49 -22
31 57 -95
31 59 5
31 66 66
31 67 -17
31 71 48
31 73 75
31 74 -59
31 77 79
31 79 -1
31 80 -100
31 83 43
31 87 -71
31 92 25
31 94 86
31 96 -40
31 100 89
31 102 24
31 104 -22
31 105 -45
31 112 -52
31 116 -61
31 117 99
31 119 96
31 124 12
31 127 -36
31 128 -1
31 129 -92
31 134 3
31 137 -93
31 139 55
31 140 79
31 144 51
31 147 -31
32 0 -37
32 2 2
32 4 54
32 9 -70
32 11 20
32 14 -87
32 19 -21
32 22 -87
32 25 2
32 27 -52
32 28 30
32 30 22
32 31 92
32 33 -50
32 34 72
32 35 52
32 38 -78
32 41 46
32 44 -85
32 45 -50
32 47 -95
32 52 -12
32 57 45
32 59 57
32 61 -23
32 63 -21
32 65 29
32 67 -75
32 75 18
32 76 22
32 83 -7
32 84 -29
32 89 -67
32 90 11
32 92 38
32 100 21
32 101 -6
32 108 -1
32 109 -25
32 113 -20
32 114 18
32 115 -17
32 116 -49
32 118 8
32 122 7
32 130 18
32 131 94
32 132 82
32 133 11
32 137 90
32 146 1
32 148 -44
32 149 -52
33 1 56
33 2 -52
33 5 -94
33 8 42
33 9 70
33 10 -32
33 22 -35
33 26 -38
33 31 -76
33 35 34
33 37 25
33 40 -65
33 42 39
33 46 2
33 49 -90
33 51 66
33 52 40
33 54 58
33 57 56
33 58 20
33 60 6
33 61 37
33 65 66
33 72 -57
33 74 52
33 77 59
33 81 49
33 93 28
33 94 51
33 95 -97
33 98 -97
33 99 7
33 100 -4
33 103 95
33 105 -84
33 107 -62
33 114 5
33 121 77
33 122 -26
33 125 17
33 130 76
33 133 89
33 136 44
33 139 22
33 143 75
33 145 46
33 149 -54
34 1 30
34 12 86
34 13 35
34 19 -95
34 22 74
34 24 -3
34 27 -61
34 31 64
34 32 -54
34 35 -72
34 44 -79
34 47 89
34 51 -50
34 54 -55
34 56 -70
34 57 -99
34 61 -29
34 68 11
34 69 -82
34 74 13
34 75 -28
34 76 -51
34 81 -29
34 83 -16
34 84 -35
34 86 -84
34 88 -31
34 89 -37
34 97 72
34 98 29
34 101 -68
34 102 82
34 104 51
34 105 59
34 106 -92
34 111 96
34 114 -36
34 117 -24
34 121 -12
34 123 23
34 124 -47
34 125 82
34 135 -44
34 142 -45
34 149 27
35 9 -36
35 16 -8
35 17 20
35 18 -42
35 22 -49
35 23 66
35 27 51
35 28 -3
35 34 90
35 42 5
35 43 74
35 44 -15
35 45 -50
35 48 -80
35 59 -66
35 62 86
35 65 87
35 75 -25
35 76 -83
35 81 94
35 82 49
35 92 -19
35 96 -4
35 101 -20
35 107 20
35 112 14
35 113 -79
35 115 -14
35 117 1
35 136 -98
35 139 -29
35 142 79
35 146 82
36 5 8
36 6 -91
36 11 -88
36 18 -93
36 19 -8
36 21 36
36 22 39
36 25 -66
36 27 -96
36 30 46
36 37 -56
36 38 -98
36 39 61
36 43 93
36 51 85
36 53 -49
36 59 46
36 61 -22
36 62 -84
36 78 81
36 83 76
36 88 -95
36 91 -14
36 94 71
36 100 -14
36 103 38
36 104 13
36 106 -81
36 108 61
36 110 -1
36 116 66
36 120 40
36 121 -36
36 127 33
36 130 -47
36 131 -4
36 135 56
36 138 32
36 139 -91
36 140 -45
36 141 -30
36 143 -29
36 146 -62
36 148 -95
36 149 -47
37 2 5
37 7 15
37 8 43
37 9 15
37 12 -87
37 16 -54
37 28 -70
37 29 -97
37 30 -12
37 38 -27
37 40 -11
37 41 -58
37 45 17
37 48 7
37 50 -20
37 57 56
37 61 -71
37 62 -19
37 66 -78
37 68 -86
37 69 -77
37 73 2
37 77 34
37 78 -21
37 80 -1
37 82 -3
37 91 32
37 94 14
37 99 -18
37 101 -16
37 104 8
37 105 -75
37 106 -12
37 109 -63
37 110 97
37 112 -72
37 124 -63
37 126 71
37 130 -100
37 133 -80
37 145 38
37 147 27
38 4 -13
38 12 9
38 22 63
38 28 77
38 29 -61
38 40 -23
38 42 -25
38 43 23
38 48 -19
38 52 -60
38 53 -42
38 57 59
38 58 -34
38 59 -14
38 60 -5
38 64 -1
38 67 59
38 71 -45
38 75 37
38 77 -46
38 78 87
38 79 -2
38 81 -29
38 82 85
38 85 -92
38 94 54
38 98 74
38 100 -66
38 107 -79
38 108 24
38 110 -5
38 118 -52
38 124 -31
38 131 -81
38 132 36
38 133 99
38 141 39
38 143 89
38 145 -13
38 147 -71
38 149 -61
39 2 -64
39 4 62
39 5 1
39 7 -1
39 10 36
39 13 79
39 18 37
39 21 66
39 27 -89
39 29 93
39 31 30
39 38 25
39 39 -99
39 41 -31
39 42 -25
39 43 -10
39 45 -16
39 55 3
39 58 -89
39 59 -80
39 62 -56
39 64 -82
39 65 42
39 70 19
39 73 -84
39 75 83
39 82 -10
39 83 -84
39 86 88
39 95 -21
39 98 -100
39 100 88
39 106 73
39 107 47
39 112 -68
39 115 84
39 120 -70
39 121 73
39 122 -40
39 125 -73
39 126 -33
39 136 73
39 138 -70
39 140 -13
39 145 -58
39 146 54
39 148 -90
39 149 -80
40 1 -49
40 7 -31
40 8 72
40 9 66
40 16 37
40 17 10
40 20 15
40 21 34
40 23 97
40 29 98
40 36 12
40 37 -43
40 39 69
40 40 31
40 43 -38
40 44 -11
40 45 84
40 51 -91
40 55 88
40 57 -24
40 59 -70
40 61 72
40 62 44
40 66 -79
40 68 -91
40 73 -18
40 76 -23
40 79 -19
40 80 100
40 81 -10
40 84 15
40 86 47
40 87 -66
40 88 98
40 92 -81
40 94 47
40 98 -52
40 99 73
40 100 83
40 102 -66
40 104 -67
40 105 -44
40 106 -54
40 109 -6
40 127 7
40 130 -92
40 133 -67
40 139 -59
40 144 -10
40 145 -9
40 148 29
40 149 -49
41 4 41
41 7 34
41 8 43
41 10 51
41 15 24
41 16 61
41 17 -66
41 23 9
41 28 -80
41 29 -18
41 37 18
41 41 -66
41 43 -71
41 48 42
41 49 19
41 53 74
41 58 31
41 62 -78
41 63 66
41 66 65
41 69 -77
41 76 58
41 80 54
41 89 12
41 98 -78
41 102 24
41 104 -90
41 105 -2
41 110 -37
41 114 96
41 117 -55
41 119 35
41 120 -73
41 122 16
41 123 -22
41 124 -97
41 125 -72
41 129 -90
41 130 70
41 131 48
41 132 -61
41 133 -51
41 140 -41
41 142 65
41 144 46
42 8 -98
42 13 -9
42 15 84
42 19 -81
42 25 -16
42 28 -44
42 38 -8
42 39 -6
42 42 14
42 47 -58
42 54 1
42 56 67
42 58 -74
42 59 -44
42 60 -57
42 64 1
42 67 -29
42 68 42
42 70 -96
42 74 24
42 79 26
42 81 -58
42 82 -54
42 83 -20
42 88 98
42 91 -15
42 93 -80
42 95 16
42 97 59
42 99 63
42 101 -98
42 103 46
42 107 71
42 115 83
42 119 -60
42 124 44
42 126 -77
42 127 71
42 142 -80
42 144 -10
42 147 -4
43 1 56
43 2 4
43 8 -9
43 11 98
43 12 -87
43 13 94
43 17 -15
43 20 12
43 27 -24
43 35 86
43 38 -85
43 39 -61
43 45 -3
43 52 -93
43 57 -82
43 65 85
43 78 88
43 90 60
43 91 59
43 92 64
43 98 -71
43 102 11
43 105 -9
43 110 -68
43 111 -47
43 126 4
43 129 27
43 130 -82
43 134 81
43 137 -34
43 140 -11
43 147 -85
43 149 -74
44 0 -90
44 4 33
44 16 99
44 17 -84
44 20 -53
44 25 -82
44 26 93
44 31 72
44 32 -67
44 36 59
44 41 96
44 42 -23
44 49 73
44 51 -39
44 57 69
44 66 14
44 70 9
44 71 72
44 75 61
44 77 96
44 78 -2
44 79 84
44 81 -55
44 82 -29
44 83 -5
44 85 81
44 88 -38
44 90 -62
44 91 89
44 92 -37
44 93 -70
44 99 90
44 106 77
44 107 75
44 111 -62
44 119 90
44 121 26
44 126 -96
44 136 57
44 139 -18
44 146 45
44 147 -34
45 0 89
45 3 -30
45 11 31
45 17 92
45 18 8
45 19 21
45 20 27
45 26 27
45 32 -27
45 38 52
45 42 -9
45 43 -41
45 44 100
45 45 -34
45 48 -53
45 49 51
45 52 81
45 57 42
45 61 25
45 64 9
45 65 -51
45 68 -30
45 70 36
45 76 -12
45 77 -70
45 79 -27
45 81 1
45 93 34
45 94 45
45 95 -63
45 97 -17
45 101 77
45 104 -30
45 106 26
45 107 88
45 117 -31
45 119 48
45 120 58
45 128 49
45 129 -34
45 132 79
45 134 -67
45 137 -20
45 138 20
45 139 -1
45 141 59
45 149 4
46 6 -98
46 7 -69
46 9 56
46 10 12
46 12 6
46 15 58
46 18 58
46 22 -16
46 45 -40
46 46 -32
46 47 -66
46 55 -79
46 56 44
46 62 28
46 64 -63
46 67 47
46 69 41
46 70 10
46 74 -96
46 76 48
46 78 -15
46 81 -35
46 85 -28
46 90 -12
46 92 22
46 95 -85
46 98 -97
46 100 -29
46 103 76
46 104 -76
46 106 -41
46 119 55
46 126 -29
46 128 44
46 132 83
46 133 22
46 136 28
46 138 79
46 143 71
46 145 42
46 146 63
47 5 3
47 7 75
47 11 82
47 12 21
47 14 -94
47 16 -30
47 22 81
47 26 -42
47 28 -48
47 29 50
47 30 50
47 34 58
47 37 -85
47 42 21
47 44 -94
47 45 -79
47 52 32
47 54 -87
47 64 -27
47 66 -53
47 67 -2
47 72 88
47 74 -96
47 78 -23
47 79 -52
47 84 -15
47 90 38
47 93 -45
47 98 52
47 103 -20
47 105 79
47 106 47
47 107 -40
47 111 44
47 117 30
47 122 -69
47 125 -17
47 127 -41
47 128 88
47 142 24
48 1 32
48 2 55
48 3 19
48 4 -53
48 8 -33
48 9 78
48 11 -12
48 13 99
48 16 -10
48 18 -9
48 29 43
48 31 -44
48 35 -27
48 37 10
48 39 47
48 43 54
48 47 79
48 55 100
48 58 90
48 59 96
48 63 28
48 64 -52
48 66 34
48 70 50
48 76 -78
48 82 99
48 91 53
48 98 65
48 99 -100
48 106 -52
48 107 -83
48 110 -88
48 111 -9
48 115 -75
48 118 34
48 122 -77
48 123 -5
48 125 -41
48 131 98
48 133 -15
48 140 -24
48 142 -73
48 145 23
48 149 62
49 3 19
49 4 -66
49 16 48
49 28 -6
49 29 -79
49 32 -17
49 34 -5
49 37 43
49 40 31
49 46 99
49 49 59
49 57 18
49 60 11
49 62 -94
49 67 37
49 72 -53
49 74 -10
49 76 -62
49 78 -41
49 79 77
49 81 -17
49 82 -61
49 86 -33
49 90 -35
49 93 24
49 95 37
49 96 -91
49 102 18
49 103 -100
49 110 53
49 116 -68
49 120 99
49 123 -2
49 131 -87
49 132 -27
49 135 -27
49 136 56
49 139 -45
49 147 25
49 149 -81
50 1 55
50 3 8
50 11 -95
50 13 -8
50 23 29
50 29 -67
50 30 -7
50 35 -48
50 49 63
50 54 -82
50 58 10
50 59 -45
50 60 -41
50 61 17
50 64 -10
50 71 61
50 74 81
50 86 -8
50 87 -77
50 92 -57
50 94 60
50 98 2
50 100 -34
50 103 -30
50 112 17
50 114 52
50 117 37
50 125 -23
50 130 -100
50 131 -35
50 135 84
50 142 -70
50 143 -14
50 146 94
50 148 -60
50 149 -73
51 2 -92
51 6 71
51 9 -82
51 11 53
51 23 -11
51 26 -8
51 29 -63
51 30 27
51 33 6
51 35 55
51 37 91
51 39 80
51 40 -61
51 41 -55
51 42 -46
51 46 -45
51 51 -21
51 52 -72
51 60 -3
51 62 75
51 63 22
51 65 -49
51 68 -86
51 70 -49
51 75 -96
51 77 -20
51 84 -91
51 86 34
51 87 47
51 89 -81
51 92 11
51 96 -33
51 97 -72
51 99 -72
51 104 4
51 109 -60
51 110 69
51 114 -2
51 116 -91
51 121 25
51 124 87
51 127 43
51 131 41
51 134 40
51 135 -92
51 138 -42
51 141 -83
51 143 -54
52 0 -96
52 1 74
52 6 -66
52 13 -5
52 23 8
52 30 -4
52 33 99
52 35 -35
52 36 33
52 42 100
52 44 65
52 45 13
52 46 -56
52 50 -33
52 53 27
52 57 -92
52 58 -11
52 60 61
52 64 39
52 69 -76
52 71 -63
52 83 -88
52 90 -69
52 93 76
52 96 -4
52 97 -7
52 99 65
52 100 -47
52 102 -79
52 105 -38
52 109 11
52 116 -4
52 117 63
52 126 -65
52 127 46
52 129 -43
52 136 -57
52 141 69
52 144 -42
52 145 27
52 147 -70
53 4 -58
53 11 -30
53 12 86
53 13 28
53 14 -58
53 17 -85
53 18 67
53 20 -79
53 23 -79
53 24 10
53 25 -96
53 26 -59
53 30 69
53 31 -42
53 32 -56
53 33 -52
53 34 -55
53 35 87
53 36 32
53 37 -4
53 39 -25
53 41 -16
53 54 -61
53 64 57
53 65 -53
53 72 85
53 73 58
53 74 11
53 79 -83
53 81 79
53 83 -94
53 91 -38
53 99 27
53 100 -8
53 108 -26
53 109 16
53 112 75
53 117 -45
53 120 57
53 123 60
53 125 -12
53 131 -100
53 133 89
53 138 -72
53 139 -22
53 141 38
53 142 19
53 144 -34
53 147 6
53 149 68
54 3 -27
54 8 -100
54 9 -48
54 10 1
54 11 -91
54 16 -62
54 18 -56
54 21 50
54 22 80
54 24 8
54 28 -78
54 30 87
54 31 -26
54 33 -88
54 35 -78
54 38 -85
54 49 61
54 51 69
54 53 20
54 54 -34
54 55 -8
54 57 -65
54 58 -71
54 59 -64
54 64 10
54 66 13
54 70 91
54 73 -6
54 74 -58
54 77 -60
54 79 -50
54 81 16
54 88 -21
54 97 -97
54 100 62
54 105 -14
54 106 97
54 110 96
54 122 -6
54 130 2
54 137 -7
54 139 -95
54 142 72
54 143 -55
54 144 -91
54 145 46
54 147 24
55 7 -9
55 11 63
55 14 52
55 16 -97
55 20 -31
55 23 -57
55 26 16
55 32 -59
55 35 -99
55 36 -72
55 46 39
55 47 -74
55 48 78
55 50 1
55 51 -19
55 56 47
55 60 1
55 64 72
55 68 -67
55 77 -75
55 79 -92
55 80 -75
55 84 74
55 88 7
55 89 -97
55 94 -71
55 105 -60
55 108 14
55 109 10
55 115 56
55 116 -99
55 119 15
55 121 23
55 127 -13
55 132 -33
55 135 28
55 137 -88
55 138 98
55 139 -71
55 142 -77
55 144 -48
55 145 -24
55 148 -68
55 149 -75
56 2 -83
56 6 52
56 12 75
56 17 89
56 18 -62
56 19 38
56 20 66
56 24 8
56 30 -4
56 38 1
56 43 -20
56 44 92
56 48 -72
56 60 84
56 61 52
56 64 -52
56 73 -78
56 74 85
56 81 30
56 86 84
56 91 9
56 99 80
56 105 -17
56 108 93
56 113 47
56 114 -67
56 116 50
56 118 50
56 121 12
56 124 -27
56 129 84
56 136 -84
56 140 97
56 141 -23
56 142 -9
56 144 20
56 145 -20
56 148 35
56 149 -37
57 0 15
57 6 -57
57 13 43
57 15 83
57 25 -61
57 27 -39
57 29 47
57 31 -82
57 34 -93
57 36 94
57 39 -44
57 41 -47
57 47 -97
57 50 77
57 52 -9
57 53 80
57 54 46
57 63 -45
57 66 53
57 70 -78
57 73 78
57 79 -27
57 80 41
57 82 44
57 88 79
57 89 -42
57 90 36
57 91 -29
57 92 76
57 99 72
57 100 -54
57 102 -82
57 103 29
57 109 -82
57 110 -73
57 111 -43
57 112 -74
57 118 -21
57 121 -64
57 129 72
57 130 -29
57 136 47
57 138 45
57 140 28
57 146 70
58 5 1
58 6 50
58 8 3
58 10 98
58 27 -98
58 28 -8
58 34 95
58 36 -35
58 41 21
58 43 33
58 44 43
58 45 -29
58 47 81
58 50 61
58 56 56
58 57 -45
58 62 -59
58 64 58
58 65 -61
58 68 39
58 71 -95
58 78 -50
58 80 -19
58 84 66
58 86 -48
58 92 -58
58 98 -14
58 100 -63
58 101 75
58 104 58
58 108 -22
58 109 -3
58 111 76
58 118 -20
58 123 27
58 129 39
58 130 25
58 131 32
58 134 -79
58 136 99
58 138 -35
59 2 -30
59 6 -77
59 7 6
59 9 87
59 11 33
59 20 69
59 24 -17
59 25 11
59 28 2
59 32 -99
59 34 -25
59 39 60
59 50 85
59 51 -63
59 56 14
59 58 4
59 60 38
59 61 -93
59 66 -27
59 67 71
59 68 -79
59 91 37
59 96 47
59 99 24
59 100 -93
59 102 30
59 103 24
59 107 68
59 108 -52
59 109 -70
59 114 37
59 115 -46
59 116 43
59 120 -7
59 122 -22
59 123 89
59 135 21
59 138 3
59 144 98
60 2 -88
60 3 35
60 6 55
60 8 -65
60 9 45
60 10 -9
60 11 3
60 14 51
60 19 71
60 21 -22
60 31 -7
60 33 99
60 35 66
60 38 81
60 43 14
60 45 2
60 46 -13
60 54 -39
60 60 -54
60 64 72
60 65 -60
60 68 -34
60 74 -48
60 81 85
60 83 38
60 85 12
60 86 78
60 90 98
60 91 12
60 97 -16
60 104 54
60 106 -63
60 111 -77
60 118 39
60 122 32
60 124 -66
60 131 -7
60 134 -7
60 136 -18
60 137 -94
60 148 -64
61 4 -13
61 5 42
61 11 88
61 14 -67
61 16 31
61 17 -59
61 19 62
61 22 98
61 29 -82
61 31 32
61 39 3
61 42 -71
61 46 100
61 49 -84
61 51 66
61 52 61
61 54 15
61 58 -51
61 70 -36
61 72 -5
61 83 -85
61 89 13
61 92 25
61 94 -20
61 95 -71
61 97 -5
61 99 -3
61 100 57
61 102 -8
61 104 -10
61 109 11
61 118 -4
61 120 -19
61 125 64
61 127 60
61 129 50
61 130 99
61 134 82
61 135 35
61 138 -68
61 139 -81
61 147 -18
62 1 1
62 9 86
62 20 49
62 23 53
62 24 4
62 26 10
62 32 73
62 37 56
62 42 -81
62 43 17
62 45 -82
62 50 100
62 61 90
62 64 -3
62 66 7
62 69 -17
62 70 -96
62 72 83
62 73 -70
62 83 54
62 84 -15
62 87 -3
62 89 -54
62 92 -17
62 94 -52
62 101 39
62 103 -25
62 108 100
62 109 26
62 113 -68
62 125 -20
62 126 4
62 127 28
62 128 -27
62 129 41
62 130 91
62 132 28
62 136 -48
62 137 -74
62 142 -51
62 147 100
62 148 -85
63 2 -14
63 5 -50
63 10 33
63 11 9
63 12 -98
63 14 56
63 15 8
63 18 32
63 19 26
63 24 11
63 26 100
63 32 84
63 34 87
63 40 62
63 41 9
63 45 -70
63 48 -78
63 49 9
63 55 -12
63 57 -53
63 63 99
63 68 60
63 79 -2
63 83 -99
63 86 73
63 88 -4
63 93 70
63 95 -54
63 96 -14
63 101 -2
63 102 16
63 108 -81
63 113 -74
63 115 -8
63 117 17
63 118 93
63 121 17
63 123 -28
63 126 -81
63 144 -34
63 146 -30
63 148 -25
64 5 83
64 7 30
64 10 -42
64 12 -29
64 13 16
64 14 -74
64 16 32
64 18 -82
64 21 -54
64 25 -34
64 26 -57
64 31 8
64 33 45
64 37 27
64 39 -99
64 46 -85
64 47 5
64 48 -45
64 50 76
64 51 49
64 52 -42
64 54 26
64 55 -33
64 58 56
64 62 62
64 64 -46
64 68 -79
64 69 44
64 74 -47
64 76 -62
64 78 -39
64 79 -13
64 89 28
64 101 25
64 103 -28
64 106 -45
64 108 31
64 114 -39
64 115 41
64 117 58
64 118 -67
64 119 71
64 126 -10
64 131 -7
64 144 -37
64 145 -47
64 148 -76
65 0 5
65 4 -32
65 8 -95
65 11 -80
65 13 69
65 15 88
65 20 16
65 23 69
65 29 -70
65 31 51
65 32 20
65 33 29
65 35 62
65 43 -38
65 44 -96
65 45 67
65 46 15
65 48 -89
65 50 -3
65 53 64
65 58 40
65 63 40
65 64 84
65 66 54
65 69 83
65 71 26
65 73 -1
65 77 -64
65 80 22
65 90 42
65 91 34
65 100 -57
65 101 5
65 105 -83
65 106 41
65 110 -55
65 115 -99
65 123 11
65 125 54
65 128 -54
65 138 -33
65 140 -47
65 141 -4
65 148 74
66 3 10
66 4 -24
66 5 -63
66 9 43
66 11 33
66 14 71
66 22 -24
66 25 -6
66 28 -75
66 32 34
66 33 -55
66 39 -7
66 40 -74
66 42 -66
66 45 77
66 51 -63
66 54 -85
66 57 -84
66 60 -33
66 61 -62
66 62 36
66 67 -56
66 69 56
66 70 -31
66 71 -35
66 74 27
66 77 -24
66 78 -43
66 79 94
66 81 21
66 89 6
66 91 96
66 93 73
66 95 98
66 96 28
66 98 56
66 99 44
66 100 70
66 101 -45
66 104 53
66 106 95
66 107 -5
66 108 12
66 119 -41
66 120 39
66 123 -60
66 131 -67
66 141 1
67 1 -18
67 4 -79
67 8 -19
67 9 98
67 13 -63
67 16 39
67 17 -93
67 21 -56
67 28 -86
67 32 78
67 37 -88
67 44 -23
67 45 84
67 46 -50
67 47 46
67 49 -68
67 54 2
67 55 8
67 56 -63
67 58 -87
67 59 -45
67 60 -29
67 63 -81
67 65 37
67 75 68
67 79 -31
67 83 65
67 90 18
67 98 81
67 100 65
67 103 42
67 105 -38
67 109 18
67 112 87
67 114 -33
67 116 18
67 118 78
67 119 90
67 120 64
67 122 39
67 123 90
67 125 -23
67 126 54
67 129 -59
67 130 -22
67 132 -68
67 135 -65
67 136 -68
67 137 83
67 139 28
67 143 -86
67 149 -33
68 2 15
68 5 40
68 10 17
68 15 22
68 16 36
68 17 57
68 20 62
68 22 92
68 30 94
68 34 -43
68 37 33
68 40 -100
68 41 23
68 42 50
68 45 50
68 48 47
68 51 11
68 52 94
68 55 75
68 58 -75
68 64 32
68 66 -70
68 68 63
68 71 -99
68 72 85
68 75 92
68 77 7
68 84 -19
68 91 -97
68 92 80
68 102 -72
68 106 -76
68 112 -78
68 116 -77
68 120 92
68 122 -30
68 123 -64
68 125 21
68 128 -76
68 129 -2
68 130 -8
68 138 76
68 140 32
68 141 -96
68 143 53
68 144 12
69 1 -14
69 2 -87
69 10 -76
69 12 75
69 14 -25
69 15 62
69 16 -5
69 26 46
69 31 82
69 42 86
69 44 -60
69 48 -6
69 55 -5
69 59 -70
69 64 53
69 68 -67
69 71 44
69 82 26
69 83 71
69 84 -4
69 85 -34
69 86 65
69 87 44
69 89 89
69 90 3
69 91 -4
69 94 34
69 100 70
69 101 30
69 104 -4
69 106 74
69 110 64
69 121 85
69 122 -26
69 132 85
69 134 43
69 141 -89
69 142 19
70 0 -17
70 6 82
70 12 56
70 16 -57
70 22 1
70 23 -79
70 26 73
70 29 -17
70 32 42
70 33 28
70 36 -11
70 37 40
70 39 -6
70 44 91
70 49 31
70 51 43
70 52 -81
70 54 -33
70 55 16
70 57 -11
70 59 -29
70 61 -34
70 64 -39
70 67 -46
70 73 96
70 77 -65
70 78 -50
70 79 39
70 80 -31
70 84 -16
70 85 -2
70 91 34
70 98 -94
70 99 98
70 101 -33
70 102 88
70 103 -2
70 105 -57
70 107 72
70 109 -75
70 111 -96
70 117 -8
70 118 82
70 126 -81
70 129 -51
70 131 46
70 133 22
70 135 -58
70 139 85
70 146 -45
71 4 27
71 10 -13
71 22 -15
71 23 7
71 26 42
71 27 -93
71 28 -45
71 35 4
71 37 -53
71 39 -84
71 43 69
71 45 -17
71 46 68
71 52 -95
71 57 -27
71 58 2
71 59 -3
71 62 61
71 67 15
71 72 -21
71 73 -24
71 75 88
71 76 1
71 77 -14
71 80 33
71 83 -91
71 84 97
71 87 -48
71 88 6
71 91 27
71 93 -51
71 94 -96
71 97 53
71 98 88
71 104 -63
71 109 -8
71 110 -100
71 118 -88
71 119 -88
71 121 -16
71 125 -26
71 130 -24
71 132 2
71 143 -74
71 146 23
71 147 -11
72 1 44
72 2 -68
72 3 32
72 6 90
72 8 9
72 9 -77
72 10 -18
72 17 -17
72 23 60
72 24 10
72 30 1
72 31 -91
72 42 -99
72 46 -78
72 49 31
72 52 -25
72 53 26
72 54 24
72 56 76
72 62 -63
72 68 -88
72 69 -11
72 76 2
72 77 91
72 82 -62
72 84 -57
72 92 -54
72 96 64
72 107 29
72 108 -95
72 116 -81
72 119 -64
72 123 28
72 135 67
72 140 -84
72 142 96
73 1 -97
73 16 -95
73 23 -79
73 27 -34
73 30 66
73 37 -71
73 39 -11
73 41 65
73 48 46
73 51 74
73 56 78
73 63 -6
73 65 -26
73 70 -84
73 72 17
73 73 93
73 78 77
73 80 99
73 87 -74
73 88 -85
73 89 70
73 90 -27
73 93 -16
73 100 5
73 112 -81
73 115 18
73 118 43
73 123 -59
73 124 22
73 132 -81
73 137 70
73 140 -54
73 141 1
73 144 100
74 0 39
74 5 -85
74 11 -76
74 21 -87
74 22 -47
74 29 -37
74 32 54
74 38 -43
74 42 -91
74 56 73
74 61 -92
74 63 -28
74 65 42
74 66 49
74 70 85
74 77 8
74 81 -78
74 85 41
74 86 1
74 88 2
74 94 14
74 98 -67
74 100 56
74 102 96
74 104 57
74 106 68
74 114 -16
74 120 30
74 121 -57
74 123 -99
74 124 -53
74 128 75
74 130 -69
74 133 -43
74 134 56
74 135 -68
74 139 -30
74 140 15
74 142 10
74 143 24
74 149 41
75 4 23
75 7 21
75 17 92
75 19 72
75 21 73
75 23 -54
75 26 72
75 31 67
75 33 -89
75 34 -12
75 35 92
75 37 -70
75 41 -95
75 42 94
75 43 91
75 51 39
75 52 49
75 54 58
75 55 19
75 56 62
75 58 -60
75 66 -40
75 67 89
75 70 25
75 75 -88
75 76 -76
75 78 6
75 80 -49
75 83 57
75 84 -88
75 87 -57
75 89 -65
75 92 50
75 94 85
75 95 24
75 97 -9
75 104 -11
75 105 -64
75 106 -33
75 111 -83
75 119 -17
75 121 41
75 123 9
75 124 -68
75 125 -60
75 126 46
75 128 53
75 130 -81
75 131 -34
75 137 81
75 138 -70
75 141 -92
75 142 -8
75 143 -58
75 144 99
75 145 51
75 147 57
75 149 -93
76 6 -77
76 7 87
76 14 28
76 15 75
76 21 -25
76 30 1
76 33 88
76 39 26
76 40 -58
76 41 -81
76 46 58
76 49 66
76 50 -49
76 52 81
76 56 -77
76 58 99
76 62 -58
76 65 -15
76 70 48
76 72 -98
76 93 54
76 105 -94
76 112 -88
76 115 48
76 117 30
76 121 -6
76 122 -88
76 130 -77
76 131 -75
76 132 71
76 133 65
76 134 -49
76 135 -81
76 136 7
76 146 -12
77 7 -24
77 12 -2
77 13 39
77 14 -91
77 17 33
77 18 95
77 38 -93
77 48 -87
77 50 -32
77 51 -88
77 54 78
77 55 13
77 58 -12
77 64 -87
77 66 -12
77 70 33
77 74 -26
77 75 -48
77 78 -54
77 81 6
77 84 27
77 86 -39
77 87 -93
77 88 30
77 89 19
77 100 58
77 101 47
77 109 -84
77 113 -69
77 116 -12
77 119 -24
77 121 1
77 122 -8
77 127 -50
77 130 -71
77 133 72
77 135 -26
77 143 55
77 148 15
77 149 83
78 0 -25
78 2 -100
78 3 64
78 8 -46
78 9 100
78 15 87
78 19 -90
78 20 -34
78 26 38
78 27 93
78 32 34
78 35 -32
78 40 -27
78 42 34
78 55 1
78 58 24
78 68 85
78 71 85
78 73 28
78 78 -30
78 81 89
78 84 -48
78 90 98
78 100 -11
78 102 -37
78 107 76
78 108 25
78 110 83
78 114 -62
78 121 -3
78 124 90
78 125 -34
78 130 17
78 131 47
78 132 -50
78 134 88
78 135 -18
78 141 12
78 143 -27
78 149 -9
79 13 -78
79 16 -16
79 19 79
79 21 -47
79 22 -86
79 25 46
79 27 24
79 28 -11
79 31 -75
79 37 -56
79 39 70
79 46 -89
79 47 45
79 53 -74
79 55 -84
79 59 -24
79 60 97
79 65 -59
79 68 -72
79 73 83
79 76 18
79 91 -66
79 94 -67
79 100 20
79 103 7
79 108 26
79 110 37
79 117 -93
79 120 19
79 127 19
79 135 -79
79 136 -83
79 143 -49
79 144 -90
79 146 -55
79 149 -41
80 0 -96
80 3 70
80 4 10
80 8 -3
80 9 96
80 11 59
80 15 94
80 16 -75
80 21 -46
80 22 -11
80 29 98
80 31 17
80 40 -24
80 42 83
80 43 -76
80 44 11
80 46 -83
80 48 -26
80 50 72
80 52 -65
80 53 95
80 55 82
80 58 77
80 61 68
80 62 -95
80 63 -11
80 65 -7
80 70 95
80 71 51
80 75 45
80 82 -100
80 84 -13
80 88 39
80 92 37
80 93 57
80 94 -27
80 95 -4
80 96 -72
80 97 71
80 99 98
80 100 21
80 105 20
80 108 37
80 110 -36
80 118 -58
80 125 -63
80 127 12
80 129 18
80 132 -54
80 137 44
80 144 -28
80 145 62
80 146 24
80 148 -57
81 0 74
81 2 43
81 27 -89
81 29 64
81 32 15
81 34 48
81 35 67
81 42 57
81 45 73
81 55 13
81 56 33
81 58 -74
81 59 -3
81 62 -22
81 64 57
81 70 -47
81 71 36
81 72 -23
81 74 -99
81 76 -14
81 82 64
81 83 -45
81 86 42
81 87 -53
81 89 -46
81 90 88
81 92 -71
81 95 53
81 106 -27
81 108 -15
81 109 90
81 113 -68
81 114 -11
81 117 71
81 124 -69
81 125 -34
81 127 42
81 129 -55
81 130 -33
81 131 -91
81 137 2
81 140 -89
81 141 -97
81 143 74
81 144 67
81 148 68
82 0 58
82 1 89
82 2 36
82 7 -84
82 12 50
82 14 72
82 16 -77
82 22 87
82 27 -27
82 31 -3
82 32 50
82 36 70
82 41 6
82 42 52
82 44 19
82 51 95
82 53 7
82 54 97
82 55 -70
82 59 -86
82 74 -33
82 77 18
82 78 34
82 80 75
82 97 66
82 99 60
82 101 -55
82 104 41
82 109 39
82 113 55
82 115 -40
82 122 32
82 125 -83
82 128 -72
82 130 -43
82 132 26
82 136 15
82 147 16
83 1 -62
83 11 76
83 20 -8
83 22 -92
83 34 16
83 37 -92
83 40 66
83 41 14
83 45 -89
83 47 -37
83 48 48
83 49 -40
83 52 -29
83 62 -3
83 63 63
83 65 -89
83 66 -98
83 70 81
83 71 -41
83 76 48
83 77 30
83 80 44
83 83 -62
83 84 44
83 86 -89
83 88 76
83 89 66
83 92 44
83 93 37
83 96 -90
83 100 -30
83 115 2
83 118 -75
83 120 17
83 123 51
83 137 14
83 143 -59
84 1 -2
84 2 -12
84 3 34
84 4 -9
84 5 29
84 9 1
84 21 30
84 22 -39
84 25 -96
84 30 58
84 31 70
84 34 -19
84 37 -77
84 44 -72
84 45 30
84 50 98
84 52 68
84 55 80
84 58 -40
84 63 67
84 67 3
84 68 79
84 71 -25
84 73 -12
84 74 -91
84 79 49
84 83 -25
84 84 -94
84 86 3
84 87 -22
84 88 -19
84 91 -10
84 92 97
84 95 -54
84 96 53
84 99 98
84 101 24
84 103 36
84 110 -70
84 111 -50
84 112 17
84 121 -32
84 125 24
84 129 -63
84 131 -97
84 135 -97
84 137 23
84 141 -5
84 142 95
84 146 -70
85 2 58
85 4 -67
85 8 -4
85 15 7
85 17 -30
85 25 -25
85 32 86
85 35 92
85 36 -56
85 37 12
85 39 -12
85 42 -34
85 45 -73
85 46 -98
85 49 -20
85 50 -8
85 53 34
85 58 63
85 67 -3
85 69 49
85 75 -94
85 76 34
85 80 -82
85 81 44
85 88 -71
85 90 -38
85 92 -51
85 95 -81
85 98 -30
85 100 16
85 103 61
85 110 -7
85 111 58
85 115 -51
85 118 -38
85 120 33
85 124 -14
85 127 86
85 132 -82
85 135 64
85 139 90
85 141 -37
85 143 63
85 147 49
85 148 69
85 149 -54
86 3 79
86 5 -90
86 9 -69
86 11 33
86 12 -84
86 19 -23
86 22 89
86 23 -40
86 33 -100
86 34 45
86 38 -77
86 45 -79
86 47 -88
86 58 2
86 61 81
86 66 7
86 67 10
86 79 68
86 81 40
86 88 9
86 94 76
86 99 -38
86 101 -4
86 107 -93
86 109 87
86 111 -33
86 113 -87
86 114 -71
86 117 -7
86 121 36
86 122 11
86 123 41
86 125 94
86 127 57
86 132 -45
86 136 -1
86 138 30
86 139 66
86 141 -45
86 146 -12
86 147 -43
87 0 77
87 2 -78
87 15 29
87 18 -71
87 19 46
87 20 -78
87 22 -66
87 30 39
87 32 20
87 33 46
87 34 53
87 36 -63
87 37 -64
87 38 -92
87 46 -37
87 49 31
87 51 97
87 55 -40
87 56 -89
87 58 58
87 67 47
87 70 -53
87 72 81
87 73 2
87 83 30
87 86 30
87 89 42
87 96 95
87 98 -71
87 103 84
87 106 -12
87 107 -39
87 109 1
87 114 51
87 122 61
87 124 -1
87 125 -46
87 127 91
87 128 -87
87 133 -81
87 134 -1
87 137 46
87 138 -3
87 143 -62
87 148 66
87 149 97
88 2 -68
88 5 66
88 7 -5
88 9 92
88 11 -12
88 15 -21
88 22 -87
88 23 -41
88 24 15
88 25 -72
88 26 2
88 31 -49
88 32 -77
88 36 38
88 37 42
88 40 -20
88 42 -32
88 46 61
88 49 18
88 52 -56
88 55 -7
88 56 7
88 58 26
88 59 -86
88 60 -36
88 62 -50
88 67 73
88 75 100
88 80 -23
88 90 51
88 91 70
88 92 -75
88 101 73
88 106 -93
88 108 -14
88 111 -18
88 113 -72
88 115 53
88 118 32
88 119 -46
88 120 22
88 125 -57
88 127 -42
88 130 -11
88 134 -35
88 137 15
88 138 -58
88 145 87
88 149 49
89 0 73
89 4 56
89 10 93
89 14 84
89 15 24
89 16 -85
89 21 -37
89 28 -44
89 30 10
89 31 -79
89 42 -38
89 46 73
89 47 -89
89 48 55
89 49 -71
89 50 91
89 58 61
89 59 -79
89 60 -9
89 70 99
89 79 46
89 87 -8
89 88 48
89 95 -88
89 97 1
89 100 -32
89 109 52
89 116 55
89 122 10
89 123 7
89 124 45
89 130 -50
89 134 26
89 138 87
89 139 -63
90 1 20
90 11 -9
90 16 49
90 17 -33
90 19 58
90 20 78
90 21 53
90 30 -78
90 31 -82
90 36 -55
90 37 -35
90 45 -28
90 48 85
90 49 69
90 50 89
90 53 10
90 56 89
90 63 -58
90 73 -1
90 79 57
90 88 21
90 89 16
90 91 -19
90 92 -21
90 93 69
90 97 -8
90 98 56
90 99 53
90 102 -16
90 103 48
90 104 68
90 116 92
90 121 -91
90 126 33
90 127 13
90 128 51
90 129 -16
90 132 -80
90 135 -44
90 140 -51
90 142 -28
90 143 2
91 7 48
91 10 -53
91 11 -50
91 23 -93
91 24 25
91 26 4
91 28 88
91 34 83
91 36 -12
91 37 65
91 39 -24
91 41 86
91 43 59
91 45 73
91 46 -52
91 48 -80
91 55 96
91 64 78
91 71 31
91 74 -100
91 77 13
91 84 -19
91 94 -95
91 95 19
91 99 32
91 103 91
91 108 -57
91 109 -16
91 110 43
91 116 92
91 117 59
91 118 -53
91 121 -10
91 126 -65
91 130 -94
91 135 -80
91 136 -45
91 137 28
91 138 -85
91 139 52
91 141 37
91 145 -35
91 148 -62
92 2 -46
92 3 33
92 4 10
92 9 71
92 18 -14
92 29 -98
92 35 -56
92 36 26
92 37 -48
92 40 -3
92 42 -28
92 49 33
92 54 39
92 58 98
92 60 31
92 61 58
92 62 -19
92 66 38
92 72 61
92 73 -41
92 80 56
92 84 49
92 98 26
92 102 61
92 105 -57
92 111 26
92 113 -34
92 114 94
92 119 14
92 120 -41
92 129 58
92 135 25
92 136 10
92 137 -95
92 143 86
92 146 -23
92 147 24
93 0 -74
93 3 9
93 5 -77
93 6 69
93 13 -19
93 15 -60
93 18 -70
93 21 -44
93 22 80
93 24 74
93 26 41
93 28 -12
93 33 -33
93 44 32
93 47 -68
93 50 86
93 51 -57
93 53 11
93 58 -32
93 59 -65
93 65 69
93 70 -84
93 71 -50
93 73 88
93 74 24
93 76 -53
93 79 47
93 81 7
93 83 -97
93 84 78
93 85 -14
93 86 4
93 92 4
93 95 76
93 98 61
93 99 85
93 101 -86
93 105 28
93 107 77
93 108 75
93 110 69
93 112 22
93 116 -18
93 121 -57
93 130 51
93 132 78
93 136 -86
93 139 -65
93 147 -25
94 2 24
94 4 -1
94 5 -25
94 6 82
94 9 -89
94 13 -97
94 15 -33
94 17 -68
94 25 59
94 26 -19
94 29 46
94 33 -6
94 37 84
94 40 22
94 44 -48
94 47 6
94 49 99
94 50 75
94 53 -79
94 55 53
94 57 -45
94 60 -100
94 64 -58
94 66 -94
94 68 -75
94 69 -17
94 70 -31
94 72 -2
94 73 -54
94 75 17
94 77 14
94 78 91
94 85 25
94 92 79
94 94 -13
94 99 39
94 102 88
94 103 8
94 104 -81
94 108 -100
94 109 -59
94 110 69
94 117 53
94 127 71
94 128 71
94 131 59
94 133 90
94 134 34
94 141 34
94 144 -18
95 0 -60
95 1 -81
95 3 -46
95 5 -53
95 9 13
95 10 61
95 11 23
95 12 38
95 16 92
95 19 78
95 24 -64
95 28 7
95 30 -14
95 31 12
95 32 30
95 34 94
95 37 2
95 40 47
95 48 -77
95 49 93
95 51 81
95 54 -14
95 57 93
95 58 98
95 65 -55
95 69 -95
95 70 18
95 77 -46
95 79 -53
95 80 1
95 82 -59
95 85 -39
95 86 78
95 87 -97
95 89 -93
95 92 -13
95 98 63
95 99 -67
95 111 74
95 123 22
95 129 -33
95 130 38
95 132 68
95 134 -79
95 141 19
95 143 64
95 147 -35
96 7 39
96 10 -7
96 11 60
96 12 -13
96 14 34
96 16 9
96 17 19
96 21 62
96 23 -58
96 29 -32
96 32 -89
96 37 -86
96 38 -30
96 41 73
96 42 -82
96 47 -36
96 48 69
96 58 -13
96 62 -7
96 63 94
96 66 60
96 67 -24
96 68 86
96 75 -42
96 76 51
96 80 -71
96 89 55
96 92 84
96 93 -55
96 95 -63
96 96 -90
96 100 -57
96 116 8
96 117 -41
96 119 -92
96 121 -33
96 123 16
96 125 88
96 126 -1
96 127 -80
96 129 7
96 131 -56
96 133 60
96 135 -12
96 139 69
96 143 75
96 145 -80
96 148 52
97 1 -13
97 4 59
97 14 -54
97 15 -64
97 17 -77
97 18 -38
97 21 -91
97 24 -95
97 29 -15
97 30 -54
97 49 30
97 51 -32
97 62 -67
97 63 -90
97 64 67
97 65 -39
97 67 41
97 70 -79
97 72 79
97 75 52
97 78 -71
97 79 29
97 80 -8
97 82 79
97 90 57
97 94 -15
97 97 -32
97 98 -91
97 99 -71
97 101 5
97 106 -62
97 107 -72
97 109 47
97 111 45
97 114 62
97 116 -45
97 117 40
97 118 45
97 120 -83
97 121 6
97 124 -71
97 132 40
97 133 -77
97 135 35
97 136 -11
97 144 -96
97 149 69
98 1 2
98 6 -45
98 9 12
98 10 16
98 11 -20
98 12 -46
98 26 86
98 27 -79
98 39 95
98 41 37
98 45 36
98 46 -19
98 57 98
98 61 -99
98 67 96
98 69 1
98 72 51
98 73 47
98 75 59
98 78 -36
98 84 57
98 87 -52
98 89 23
98 92 -31
98 93 40
98 102 -78
98 105 -79
98 109 94
98 113 53
98 115 40
98 117 70
98 119 44
98 121 46
98 122 -26
98 124 21
98 126 -55
98 131 97
98 133 32
98 135 -47
98 141 30
98 146 98
98 147 33
99 0 74
99 1 60
99 9 45
99 10 87
99 11 95
99 13 62
99 21 -55
99 22 56
99 27 -99
99 30 -95
99 38 9
99 45 27
99 47 -87
99 49 37
99 50 74
99 51 32
99 52 -75
99 60 -36
99 62 52
99 65 -27
99 67 18
99 68 -32
99 70 -36
99 72 94
99 74 -75
99 75 -23
99 76 52
99 78 75
99 85 59
99 88 -96
99 92 -38
99 94 73
99 96 -34
99 100 69
99 101 -87
99 108 96
99 123 -22
99 133 -49
99 136 55
99 143 -72
99 147 45
100 1 -9
100 3 -76
100 5 -30
100 9 -59
100 11 82
100 14 77
100 15 63
100 16 -17
100 19 -88
100 20 -78
100 34 51
100 37 -18
100 39 51
100 49 -16
100 51 28
100 54 82
100 55 -22
100 56 -75
100 59 -44
100 62 21
100 63 91
100 65 -57
100 66 43
100 72 -47
100 83 -71
100 85 -98
100 88 -86
100 92 30
100 104 -65
100 107 -100
100 114 20
100 115 5
100 129 -100
100 131 -90
100 132 -80
100 136 71
100 137 -68
100 138 -25
100 142 -29
100 144 -30
100 145 98
100 148 72
101 2 -24
101 4 6
101 5 96
101 13 -2
101 14 -25
101 19 -59
101 26 -24
101 27 94
101 31 -65
101 37 33
101 41 -30
101 43 82
101 50 -54
101 51 -30
101 53 66
101 55 88
101 59 -82
101 63 -23
101 67 -45
101 68 74
101 73 79
101 79 27
101 84 100
101 96 -77
101 99 87
101 102 -89
101 103 8
101 108 -6
101 109 -23
101 110 -11
101 114 36
101 116 81
101 117 75
101 118 -47
101 123 56
101 127 72
101 131 -50
101 132 -42
101 133 -17
101 137 4
101 139 47
101 140 35
101 141 -43
101 147 96
101 148 5
101 149 -60
102 3 -79
102 5 -24
102 6 -5
102 12 -24
102 17 -22
102 25 24
102 26 -78
102 28 69
102 30 -82
102 32 -33
102 33 60
102 35 -46
102 42 83
102 48 52
102 51 50
102 53 92
102 59 -13
102 72 -74
102 77 70
102 79 83
102 80 19
102 81 -90
102 83 23
102 87 43
102 90 -63
102 94 3
102 97 96
102 107 94
102 112 -43
102 114 12
102 116 -48
102 119 -77
102 127 9
102 129 9
102 134 -86
102 142 -78
102 143 63
102 145 73
102 146 -92
102 147 71
102 148 31
102 149 -52
103 0 68
103 3 -82
103 8 55
103 14 -59
103 25 58
103 34 84
103 40 65
103 46 -87
103 52 -99
103 53 25
103 56 -16
103 58 -13
103 60 61
103 62 -79
103 65 -29
103 74 86
103 86 74
103 91 -97
103 99 72
103 106 86
103 107 39
103 111 -17
103 116 -11
103 118 -61
103 124 86
103 142 -97
103 144 65
103 146 -1
103 147 -99
103 149 24
104 1 60
104 4 84
104 7 6
104 11 -15
104 21 -64
104 24 94
104 34 -83
104 37 62
104 38 73
104 40 73
104 41 -89
104 45 -92
104 47 -32
104 48 58
104 49 -79
104 50 11
104 64 91
104 66 36
104 69 67
104 73 -92
104 74 37
104 77 -9
104 81 -74
104 84 -20
104 88 75
104 96 -4
104 104 73
104 109 69
104 111 45
104 114 -97
104 118 80
104 119 36
104 123 50
104 125 68
104 127 -93
104 129 -4
104 136 67
104 138 96
104 141 -19
104 143 -69
104 146 -21
104 148 -76
105 5 2
105 7 43
105 8 68
105 10 -93
105 12 7
105 13 -44
105 17 -67
105 21 86
105 25 -21
105 27 55
105 28 -32
105 29 -92
105 32 43
105 33 74
105 34 4
105 38 87
105 49 -94
105 55 87
105 56 -58
105 64 -85
105 68 31
105 70 -54
105 73 -83
105 90 -53
105 96 -60
105 98 66
105 107 30
105 109 -69
105 110 -1
105 113 88
105 115 97
105 119 -14
105 120 -6
105 122 -81
105 125 -68
105 126 -66
105 130 -97
105 133 21
105 137 -41
105 139 40
105 142 12
105 143 -71
105 144 64
105 146 26
105 147 -2
105 148 -52
106 4 33
106 8 -27
106 10 60
106 15 -10
106 16 31
106 17 -19
106 18 -49
106 19 -63
106 22 76
106 26 22
106 27 -98
106 31 -86
106 34 65
106 35 9
106 38 56
106 40 -59
106 41 93
106 42 69
106 43 -97
106 45 -25
106 46 54
106 52 -28
106 61 -27
106 64 65
106 68 -19
106 69 65
106 72 68
106 74 -71
106 78 -12
106 82 -90
106 84 54
106 88 -65
106 105 -72
106 107 35
106 111 -66
106 112 80
106 114 -10
106 116 -79
106 121 9
106 127 17
106 131 88
106 137 -21
106 142 -73
106 144 82
107 7 -88
107 15 -97
107 18 12
107 21 89
107 30 10
107 37 -35
107 39 -90
107 42 -29
107 44 3
107 45 3
107 49 -3
107 52 96
107 61 -95
107 66 45
107 72 -70
107 75 97
107 76 -86
107 80 -46
107 82 49
107 83 -41
107 86 87
107 88 -81
107 91 -34
107 94 -44
107 101 98
107 102 -40
107 105 -31
107 119 -57
107 120 -83
107 122 -10
107 123 68
107 130 -11
107 132 -34
107 139 32
107 149 65
108 1 -26
108 8 -43
108 9 -40
108 10 -45
108 18 14
108 19 92
108 21 -92
108 23 23
108 26 91
108 28 28
108 31 -23
108 37 79
108 38 -66
108 42 15
108 45 9
108 46 -63
108 47 72
108 48 51
108 54 84
108 62 24
108 63 88
108 64 -6
108 74 -13
108 83 44
108 88 47
108 89 -14
108 90 26
108 93 37
108 98 -56
108 101 -34
108 105 78
108 118 76
108 119 -46
108 123 5
108 128 -78
108 130 -38
108 132 -90
108 133 76
108 137 -74
108 138 -92
108 140 -35
108 142 -70
108 144 32
109 12 11
109 13 87
109 16 40
109 25 -96
109 26 -77
109 34 4
109 35 58
109 43 -47
109 45 -53
109 49 -14
109 52 -42
109 54 -70
109 55 -45
109 63 -36
109 66 19
109 67 42
109 73 53
109 76 -58
109 77 39
109 79 20
109 84 -98
109 89 80
109 101 -70
109 103 -59
109 105 32
109 106 -4
109 114 -76
109 120 -87
109 121 -72
109 122 -13
109 126 -92
109 139 28
109 141 -73
109 146 46
110 0 3
110 2 55
110 4 -16
110 9 67
110 14 -27
110 17 -38
110 18 -29
110 21 -66
110 23 -99
110 24 -58
110 34 66
110 39 67
110 41 -5
110 42 -74
110 44 -18
110 50 -18
110 52 -72
110 57 -17
110 59 -61
110 60 -33
110 61 64
110 63 -4
110 66 84
110 68 52
110 71 69
110 74 55
110 77 17
110 85 20
110 88 -64
110 98 -20
110 101 49
110 105 -59
110 107 -86
110 116 -92
110 120 -29
110 127 -12
110 128 -46
110 134 44
110 140 21
110 141 64
110 142 -24
111 0 -74
111 1 -21
111 2 -22
111 9 89
111 10 31
111 12 -27
111 18 41
111 19 -64
111 20 55
111 28 48
111 31 -1
111 32 85
111 43 -77
111 49 -52
111 56 70
111 57 -100
111 59 19
111 74 84
111 75 -20
111 76 11
111 80 -79
111 82 -89
111 83 86
111 85 52
111 86 -78
111 88 -27
111 91 45
111 92 71
111 94 67
111 100 10
111 101 5
111 114 -39
111 121 -84
111 126 -28
111 129 -38
111 137 -34
111 138 86
111 143 1
111 147 11
112 1 -62
112 4 -95
112 9 -67
112 15 26
112 16 6
112 20 91
112 23 -25
112 24 65
112 26 35
112 27 -11
112 32 38
112 33 43
112 38 100
112 40 66
112 41 -86
112 42 75
112 44 -4
112 50 -19
112 54 90
112 56 92
112 58 19
112 59 -60
112 68 14
112 69 -96
112 72 -30
112 73 -99
112 77 46
112 78 -14
112 82 -94
112 83 76
112 87 68
112 94 -59
112 96 9
112 102 -53
112 105 87
112 106 -22
112 109 -43
112 113 87
112 114 68
112 117 34
112 121 92
112 124 20
112 127 -25
112 137 55
112 138 77
112 141 -79
112 142 25
112 144 -76
112 148 -17
113 7 -54
113 8 -57
113 9 58
113 10 -1
113 11 -57
113 14 -57
113 28 -57
113 32 -35
113 34 89
113 46 -39
113 55 -93
113 61 -44
113 62 35
113 63 -73
113 71 -30
113 78 49
113 80 53
113 83 -74
113 85 29
113 88 1
113 90 46
113 94 -11
113 95 -99
113 98 82
113 100 -13
113 103 52
113 108 13
113 110 80
113 113 18
113 114 -49
113 115 27
113 116 -67
113 119 56
113 121 -66
113 130 12
113 131 -9
113 133 91
113 137 -93
113 138 -1
113 147 -17
113 148 35
114 4 -100
114 10 -49
114 16 -61
114 17 -28
114 18 13
114 25 97
114 27 -80
114 28 37
114 34 76
114 35 57
114 37 95
114 40 -75
114 43 -14
114 45 -64
114 47 -11
114 51 -78
114 52 76
114 55 42
114 58 33
114 59 5
114 62 56
114 69 76
114 71 -36
114 73 5
114 74 63
114 83 -85
114 87 -58
114 90 13
114 94 26
114 106 -53
114 111 12
114 116 -55
114 117 -34
114 121 -46
114 122 35
114 124 95
114 133 -16
114 134 80
114 136 -36
114 137 13
114 146 -60
114 148 56
114 149 -35
115 0 19
115 1 1
115 5 73
115 6 39
115 15 13
115 20 50
115 29 -47
115 34 -74
115 41 100
115 42 78
115 51 49
115 54 -53
115 56 -61
115 62 -34
115 65 30
115 67 -47
115 69 -4
115 72 96
115 77 -81
115 80 14
115 81 73
115 83 43
115 88 -22
115 91 79
115 93 39
115 98 50
115 101 -32
115 103 -27
115 109 -37
115 113 17
115 120 -46
115 125 71
115 128 -72
115 136 -3
115 137 -53
115 139 -77
115 141 -91
116 3 97
116 4 -5
116 5 13
116 6 -5
116 12 14
116 13 -21
116 16 -94
116 17 -1
116 23 -93
116 24 2
116 25 -34
116 36 26
116 37 -100
116 45 71
116 53 58
116 56 69
116 57 100
116 63 -85
116 65 10
116 71 63
116 73 8
116 83 47
116 91 -81
116 92 -84
116 94 2
116 96 50
116 111 -70
116 113 21
116 115 88
116 119 7
116 126 -40
116 130 -90
116 131 -18
116 133 80
116 136 6
116 140 77
116 141 -67
116 144 78
117 3 88
117 8 -80
117 14 -13
117 15 87
117 18 -53
117 22 -64
117 28 5
117 30 74
117 33 98
117 38 84
117 39 38
117 43 -42
117 55 57
117 68 -55
117 75 -67
117 76 -26
117 79 20
117 82 99
117 85 -51
117 86 -43
117 89 70
117 91 -89
117 99 83
117 103 97
117 109 -52
117 125 95
117 130 22
117 133 -86
117 139 84
117 146 96
118 5 6
118 10 79
118 15 69
118 16 -73
118 19 -81
118 20 -98
118 21 -40
118 22 72
118 27 18
118 29 96
118 38 -62
118 39 -17
118 40 84
118 41 -10
118 42 74
118 43 -99
118 44 -63
118 45 60
118 51 95
118 52 50
118 55 79
118 56 16
118 61 48
118 64 80
118 67 53
118 69 -83
118 72 25
118 78 -92
118 79 -30
118 81 -20
118 86 -7
118 88 -78
118 95 -78
118 101 -16
118 105 -69
118 107 39
118 108 -98
118 110 -68
118 111 33
118 112 21
118 119 -90
118 120 21
118 122 -20
118 124 20
118 131 -87
118 132 -39
118 138 35
118 139 -60
118 144 67
118 145 -71
118 147 20
119 0 -61
119 3 77
119 10 -87
119 12 -89
119 13 1
119 14 -17
119 17 -14
119 18 63
119 20 -68
119 22 -42
119 24 -62
119 25 99
119 28 -27
119 31 33
119 33 -72
119 39 -40
119 43 -33
119 46 13
119 50 -82
119 51 -87
119 54 -67
119 63 67
119 64 22
119 65 -44
119 66 -97
119 68 74
119 72 29
119 73 -64
119 76 97
119 83 -90
119 86 -26
119 92 -49
119 93 55
119 95 33
119 97 28
119 105 -61
119 107 76
119 109 -42
119 111 -31
119 115 28
119 119 37
119 121 30
119 122 71
119 124 -88
119 125 58
119 129 87
119 130 26
119 132 34
119 136 -71
119 147 -70
120 1 -31
120 8 -88
120 9 65
120 13 -66
120 23 29
120 24 -78
120 25 -80
120 26 -76
120 29 66
120 30 85
120 36 -87
120 37 -89
120 39 -31
120 41 -99
120 42 79
120 49 37
120 52 10
120 53 29
120 54 -2
120 55 36
120 56 -72
120 57 -86
120 58 83
120 60 -36
120 66 -13
120 70 6
120 72 -43
120 80 62
120 88 74
120 90 -56
120 94 -84
120 95 2
120 102 -17
120 107 -7
120 125 79
120 137 -76
120 140 51
120 142 -35
120 147 57
120 148 -53
121 3 -79
121 4 -62
121 8 13
121 10 67
121 13 45
121 14 -88
121 17 80
121 19 99
121 24 -46
121 25 91
121 28 68
121 32 -89
121 36 17
121 43 97
121 45 100
121 53 76
121 55 -63
121 56 57
121 59 -1
121 60 23
121 61 91
121 62 26
121 63 81
121 67 54
121 69 60
121 72 -33
121 86 76
121 87 -96
121 97 41
121 98 -67
121 100 -85
121 102 -87
121 103 78
121 104 65
121 108 -31
121 109 -98
121 126 -70
121 127 41
121 129 82
121 132 23
121 133 -15
121 139 -93
121 140 -14
121 141 71
121 142 -99
121 143 -93
121 144 18
121 147 90
122 2 -87
122 6 75
122 9 80
122 11 89
122 17 63
122 18 -37
122 19 -43
122 20 49
122 23 -84
122 24 -26
122 27 15
122 29 54
122 35 72
122 37 23
122 42 -6
122 47 42
122 48 13
122 50 -63
122 52 -27
122 61 -93
122 63 37
122 65 -21
122 66 -85
122 67 46
122 72 -28
122 74 77
122 76 32
122 88 -13
122 90 -60
122 91 46
122 99 68
122 101 26
122 104 84
122 108 -12
122 111 38
122 112 -55
122 114 68
122 117 100
122 120 37
122 127 -43
122 143 97
123 4 68
123 6 64
123 11 23
123 14 -49
123 15 76
123 17 98
123 27 54
123 31 -86
123 41 -62
123 42 -66
123 52 -95
123 53 28
123 57 -62
123 61 36
123 69 -100
123 74 -22
123 75 -71
123 78 -79
123 80 60
123 91 31
123 100 9
123 104 93
123 110 -91
123 115 17
123 119 78
123 122 2
123 123 -34
123 124 44
123 125 97
123 128 -32
123 132 -66
123 134 61
123 138 -28
123 143 66
123 144 -62
123 146 70
123 147 -50
124 9 99
124 13 -86
124 20 -70
124 24 -45
124 26 -35
124 27 5
124 28 11
124 30 -84
124 35 16
124 43 -88
124 47 -62
124 49 8
124 50 -6
124 51 30
124 53 -81
124 62 -42
124 63 -3
124 64 -53
124 65 45
124 70 -69
124 71 51
124 73 93
124 80 -22
124 82 -11
124 84 97
124 87 54
124 95 -69
124 97 26
124 98 -58
124 100 -16
124 102 10
124 103 -17
124 107 -92
124 109 -50
124 112 -50
124 116 -31
124 118 -4
124 122 95
124 126 -71
124 133 87
124 138 74
124 141 41
124 143 -59
124 144 -91
125 3 -70
125 5 -59
125 7 7
125 8 28
125 13 24
125 14 -52
125 24 33
125 26 -96
125 28 -58
125 32 100
125 34 -35
125 35 38
125 36 92
125 39 56
125 43 -81
125 48 14
125 50 -18
125 53 1
125 55 -92
125 56 -61
125 60 92
125 67 29
125 69 -63
125 71 70
125 76 22
125 81 39
125 91 -16
125 95 60
125 99 51
125 104 -51
125 109 11
125 110 98
125 118 -51
125 119 26
125 125 3
125 127 26
125 128 -24
125 131 3
125 139 82
125 140 -2
125 141 -79
125 143 -93
125 147 93
126 2 -88
126 7 60
126 9 -79
126 12 -60
126 15 49
126 17 -7
126 19 -85
126 20 -36
126 22 -71
126 24 -66
126 29 -77
126 32 -53
126 35 -11
126 37 33
126 39 -61
126 44 -54
126 51 -63
126 52 23
126 62 -94
126 63 44
126 67 3
126 73 42
126 78 -56
126 81 68
126 82 -67
126 83 -39
126 85 72
126 87 -84
126 88 3
126 89 -34
126 90 -90
126 105 45
126 106 5
126 107 62
126 108 50
126 110 -95
126 113 -11
126 114 -93
126 117 -97
126 123 -24
126 125 -88
126 128 54
126 129 70
126 133 -73
126 134 63
126 136 -91
126 137 -23
127 7 64
127 9 -53
127 10 -63
127 12 -88
127 13 -27
127 20 25
127 21 -7
127 23 78
127 29 -34
127 31 47
127 32 36
127 40 -30
127 42 -86
127 44 52
127 46 -73
127 50 -100
127 55 -96
127 58 68
127 62 -73
127 64 98
127 65 48
127 67 -42
127 76 57
127 78 -47
127 79 -45
127 80 -66
127 86 -47
127 87 71
127 89 100
127 93 -11
127 97 -96
127 99 -10
127 106 -9
127 114 63
127 116 -87
127 127 -83
127 129 71
127 131 -76
127 133 16
127 135 45
127 137 -95
127 138 -22
127 139 34
127 149 53
128 0 76
128 2 74
128 6 -85
128 9 66
128 14 65
128 15 -4
128 17 26
128 18 -21
128 20 -73
128 23 -56
128 25 -72
128 29 64
128 30 93
128 31 4
128 39 10
128 41 4
128 44 -12
128 49 32
128 58 15
128 59 53
128 65 -14
128 66 45
128 72 -81
128 77 -28
128 78 42
128 79 -67
128 83 65
128 84 44
128 85 7
128 88 -26
128 92 -24
128 93 -16
128 98 -48
128 99 -50
128 106 -34
128 108 23
128 114 97
128 115 90
128 116 -99
128 118 89
128 124 -60
128 125 98
128 129 -100
128 130 25
128 131 -11
128 134 47
128 139 12
128 140 4
128 142 -13
128 144 -13
128 148 -25
128 149 -21
129 4 -66
129 5 -55
129 7 -62
129 9 60
129 14 18
129 16 -90
129 21 82
129 28 -84
129 32 -53
129 35 -58
129 38 -40
129 40 -65
129 42 -73
129 44 88
129 45 11
129 55 55
129 56 8
129 57 56
129 61 18
129 62 35
129 64 -71
129 65 -68
129 74 47
129 79 -17
129 86 57
129 87 56
129 88 54
129 89 9
129 94 22
129 100 -49
129 105 98
129 109 -30
129 111 -80
129 113 -50
129 119 7
129 120 -83
129 122 12
129 129 -33
129 131 78
129 133 97
129 134 82
129 135 -1
129 140 76
129 148 41
129 149 -43
130 0 41
130 2 -66
130 5 -14
130 6 39
130 8 -48
130 15 16
130 24 -95
130 28 -50
130 30 6
130 31 -70
130 38 -17
130 45 4
130 50 80
130 51 11
130 57 56
130 58 -32
130 59 -42
130 60 35
130 65 -94
130 68 57
130 69 -64
130 70 7
130 71 -95
130 74 -26
130 77 -11
130 82 -65
130 83 19
130 84 44
130 85 22
130 86 -17
130 87 65
130 92 52
130 94 6
130 96 56
130 97 82
130 98 15
130 100 100
130 102 -88
130 103 71
130 104 -16
130 106 -67
130 107 68
130 113 51
130 119 -27
130 141 -41
131 0 66
131 1 -91
131 9 -26
131 22 -59
131 27 82
131 31 -10
131 32 39
131 33 21
131 35 -55
131 46 39
131 50 14
131 65 34
131 67 65
131 69 11
131 73 7
131 74 86
131 77 28
131 79 59
131 84 -79
131 86 55
131 88 -4
131 89 -2
131 90 100
131 92 -9
131 99 -88
131 104 85
131 107 -18
131 111 -13
131 114 -30
131 117 -94
131 126 77
131 127 -63
131 130 28
131 131 1
131 140 -33
131 142 -12
131 144 13
132 1 52
132 5 -100
132 9 -99
132 15 -52
132 16 9
132 18 99
132 22 65
132 26 36
132 33 -41
132 34 36
132 39 -51
132 40 22
132 42 -83
132 43 -83
132 44 -25
132 51 -60
132 52 38
132 55 -46
132 58 -71
132 60 52
132 65 33
132 72 85
132 76 6
132 80 -65
132 81 -45
132 83 5
132 84 90
132 91 14
132 93 -18
132 96 -90
132 97 99
132 106 64
132 108 -10
132 109 -87
132 110 -59
132 112 -50
132 113 -57
132 117 -23
132 120 14
132 121 14
132 122 -62
132 126 96
132 127 86
132 129 -71
132 131 50
132 132 68
132 136 84
132 139 -28
132 141 -93
132 143 -37
132 146 37
132 147 -51
132 148 39
133 3 -40
133 6 84
133 13 -92
133 19 70
133 24 -95
133 32 -42
133 39 99
133 50 -15
133 51 -78
133 53 87
133 54 51
133 59 82
133 75 -39
133 81 -99
133 85 7
133 89 65
133 90 -26
133 93 -11
133 101 -2
133 103 94
133 111 -30
133 117 -67
133 119 -88
133 120 40
133 127 -68
133 128 77
133 131 82
133 134 54
133 139 -39
133 144 -19
133 149 55
134 0 48
134 4 -18
134 18 -59
134 26 -81
134 31 -46
134 33 -83
134 37 66
134 44 -93
134 48 61
134 61 -60
134 62 -9
134 63 -62
134 69 -16
134 71 93
134 74 -60
134 77 -50
134 81 -61
134 95 -88
134 97 58
134 98 4
134 106 22
134 112 100
134 116 63
134 118 29
134 126 94
134 130 -89
134 136 11
134 138 37
134 141 94
134 142 74
135 0 -63
135 4 -39
135 10 47
135 14 91
135 20 64
135 21 -57
135 25 88
135 26 -63
135 29 -93
135 31 96
135 33 -82
135 39 81
135 45 -44
135 48 -50
135 51 -30
135 52 79
135 54 -4
135 55 85
135 56 -36
135 57 -61
135 63 59
135 73 28
135 75 -33
135 77 -29
135 78 40
135 81 -91
135 86 2
135 90 52
135 94 -57
135 98 -94
135 105 48
135 109 -16
135 113 -63
135 117 -62
135 119 -56
135 121 48
135 123 -32
135 125 70
135 126 -96
135 131 -61
135 132 43
135 134 84
135 140 29
135 144 73
136 7 55
136 8 -11
136 9 14
136 12 -15
136 18 -58
136 21 -9
136 27 -14
136 30 89
136 34 -75
136 36 -75
136 38 56
136 44 -42
136 46 -15
136 47 99
136 49 11
136 54 -50
136 55 88
136 57 -24
136 63 -72
136 65 -25
136 67 -57
136 78 -79
136 79 -15
136 88 -93
136 90 -79
136 93 84
136 94 -44
136 95 10
136 98 5
136 102 35
136 105 39
136 108 49
136 119 -63
136 120 -72
136 121 99
136 122 9
136 123 87
136 125 26
136 127 51
136 130 -12
136 133 -65
136 138 37
136 142 -40
137 0 -83
137 1 94
137 2 -75
137 8 77
137 10 -67
137 12 8
137 16 -25
137 17 -58
137 20 -80
137 26 56
137 30 -49
137 32 -12
137 35 3
137 36 -46
137 42 23
137 45 48
137 49 83
137 50 -17
137 54 80
137 56 50
137 58 67
137 59 59
137 60 30
137 62 76
137 64 71
137 66 17
137 76 -9
137 77 48
137 81 77
137 92 -90
137 93 46
137 98 47
137 99 45
137 101 -86
137 109 4
137 110 27
137 115 -86
137 116 -23
137 120 -52
137 123 66
137 125 -77
137 127 70
137 141 18
137 142 -45
137 145 31
137 148 20
138 3 -38
138 9 -12
138 13 85
138 21 9
138 23 -29
138 33 72
138 35 -77
138 37 18
138 42 -41
138 43 -87
138 46 17
138 49 90
138 52 40
138 56 -7
138 58 51
138 62 -63
138 67 5
138 69 93
138 70 -1
138 71 -77
138 77 55
138 85 -55
138 88 -22
138 89 38
138 94 -24
138 102 -20
138 106 41
138 107 38
138 123 35
138 132 -27
138 133 51
138 136 95
138 140 -84
138 141 75
138 142 40
138 146 -17
138 147 -64
138 148 -85
139 1 80
139 3 -10
139 5 -1
139 7 -76
139 10 -57
139 12 -3
139 15 75
139 16 -46
139 17 -55
139 20 -99
139 27 -90
139 29 31
139 30 -4
139 42 -62
139 43 32
139 48 -98
139 61 28
139 63 8
139 64 91
139 65 -68
139 68 -70
139 79 31
139 92 -99
139 95 54
139 96 -32
139 105 37
139 109 -15
139 112 -71
139 113 -3
139 114 69
139 115 -76
139 117 61
139 128 47
139 137 8
139 142 -92
139 148 -22
140 6 94
140 11 3
140 14 16
140 17 -31
140 18 -45
140 26 14
140 27 95
140 29 -81
140 31 38
140 35 -98
140 38 28
140 39 93
140 40 -5
140 42 -17
140 43 19
140 44 -40
140 45 29
140 46 22
140 47 32
140 48 59
140 49 -86
140 52 98
140 57 100
140 59 -24
140 61 -88
140 67 -69
140 71 -47
140 73 69
140 74 -30
140 82 13
140 86 18
140 87 45
140 89 -21
140 90 -2
140 93 71
140 99 68
140 108 -32
140 111 -99
140 112 44
140 115 -64
140 118 -1
140 121 -32
140 122 -97
140 123 -76
140 124 84
140 128 40
140 131 -6
140 132 -62
140 135 -98
140 142 -47
140 145 40
141 8 68
141 13 -52
141 17 -56
141 20 44
141 21 85
141 23 30
141 27 83
141 32 -61
141 33 -49
141 39 21
141 45 -47
141 53 -77
141 55 -8
141 56 71
141 64 -6
141 67 72
141 71 -49
141 77 -3
141 78 35
141 80 27
141 81 15
141 83 57
141 87 -21
141 89 -88
141 92 85
141 94 50
141 101 14
141 102 -98
141 103 -97
141 112 78
141 115 -77
141 119 -46
141 122 77
141 125 79
141 131 -24
141 132 82
141 133 28
141 135 16
141 136 -10
141 141 95
141 145 21
142 0 13
142 3 -15
142 8 -32
142 10 20
142 11 67
142 13 -83
142 16 76
142 21 77
142 26 70
142 29 -29
142 33 77
142 37 32
142 38 -100
142 41 36
142 44 10
142 50 -78
142 51 -76
142 61 -10
142 70 -72
142 85 75
142 93 -59
142 94 76
142 96 -35
142 100 -75
142 108 18
142 112 -29
142 115 80
142 117 -69
142 120 -16
142 127 45
142 129 -56
142 130 -50
142 137 53
142 140 40
142 143 -78
142 145 -86
142 148 69
143 1 -2
143 8 84
143 13 65
143 14 -45
143 15 16
143 17 -6
143 21 -12
143 24 64
143 28 -29
143 30 -64
143 33 43
143 36 33
143 37 30
143 43 -20
143 45 -3
143 47 -68
143 49 99
143 52 -44
143 53 33
143 55 -15
143 59 63
143 61 -91
143 63 11
143 64 -14
143 65 97
143 70 2
143 75 44
143 78 33
143 84 -55
143 85 84
143 91 -80
143 94 28
143 95 88
143 100 21
143 103 32
143 104 52
143 105 -59
143 107 59
143 109 -84
143 113 -91
143 114 34
143 115 -29
143 116 1
143 117 97
143 118 -42
143 122 22
143 124 70
143 126 -51
143 128 28
143 129 75
143 136 -8
143 137 -98
143 139 75
143 141 19
143 143 -18
143 145 -22
144 1 91
144 3 -68
144 4 -90
144 9 44
144 10 62
144 11 50
144 23 67
144 27 14
144 29 -64
144 33 1
144 34 96
144 41 -43
144 43 96
144 45 35
144 47 -93
144 49 -77
144 53 -34
144 57 -40
144 58 40
144 59 40
144 61 92
144 64 30
144 71 78
144 74 -48
144 76 96
144 77 68
144 79 89
144 91 -60
144 92 -90
144 95 21
144 99 65
144 101 -1
144 103 24
144 105 100
144 106 13
144 110 50
144 111 -81
144 116 -31
144 124 -58
144 127 1
144 131 -41
144 134 -29
144 135 -22
144 144 45
144 145 5
144 149 -23
145 3 91
145 5 82
145 6 -29
145 8 -53
145 12 28
145 13 -14
145 16 74
145 17 56
145 18 -82
145 24 -23
145 25 85
145 28 70
145 32 -58
145 34 -78
145 35 -66
145 36 -1
145 40 -57
145 43 81
145 59 -30
145 60 -54
145 61 39
145 66 93
145 68 19
145 70 -68
145 73 21
145 75 -18
145 81 76
145 84 -80
145 85 42
145 92 67
145 99 -11
145 104 -22
145 105 75
145 106 -36
145 109 -9
145 117 -68
145 118 45
145 119 -33
145 120 -72
145 122 -64
145 124 -47
145 125 -14
145 126 -62
145 131 88
145 134 84
145 138 -83
145 139 -9
145 142 7
145 147 -99
145 149 -22
146 1 22
146 3 37
146 7 -60
146 15 -57
146 21 23
146 22 30
146 30 22
146 31 14
146 32 -43
146 42 22
146 43 -42
146 44 42
146 52 -70
146 55 -67
146 58 100
146 66 100
146 67 62
146 68 -51
146 76 51
146 78 19
146 85 -28
146 92 -74
146 95 64
146 96 -81
146 97 -71
146 98 56
146 102 -65
146 104 65
146 107 -91
146 110 -68
146 112 -11
146 114 -50
146 119 -92
146 123 64
146 126 -16
146 128 -1
146 130 -99
146 131 2
146 134 35
146 135 21
146 142 -31
146 147 -50
146 148 -38
146 149 59
147 3 -30
147 9 84
147 10 74
147 13 2
147 18 -81
147 23 12
147 30 92
147 44 50
147 45 28
147 48 32
147 52 -81
147 55 -61
147 61 -76
147 64 -61
147 66 24
147 71 31
147 73 30
147 75 82
147 76 31
147 77 -16
147 84 -21
147 89 35
147 95 -76
147 98 64
147 100 3
147 105 -82
147 108 -64
147 110 -81
147 112 55
147 113 22
147 114 -60
147 120 -50
147 125 1
147 128 92
147 129 23
147 131 60
147 132 -1
147 133 -98
147 137 -22
148 10 -75
148 11 -33
148 12 91
148 13 58
148 14 -64
148 16 23
148 17 27
148 22 -32
148 26 -93
148 33 20
148 34 31
148 37 -78
148 41 -32
148 42 -92
148 43 89
148 54 -46
148 56 -34
148 57 34
148 59 40
148 65 -88
148 68 77
148 71 10
148 72 4
148 73 -91
148 74 88
148 75 33
148 76 -17
148 77 -59
148 80 84
148 82 -67
148 83 -33
148 85 -100
148 94 -19
148 95 -52
148 97 -62
148 98 -89
148 101 -5
148 104 81
148 106 98
148 107 26
148 109 87
148 110 73
148 113 96
148 115 -53
148 122 23
148 133 -93
148 137 -61
148 140 82
148 142 -61
148 143 -11
148 144 -94
148 147 -64
149 1 -81
149 3 92
149 5 63
149 11 -95
149 12 35
149 15 -100
149 18 43
149 24 -62
149 30 -8
149 33 -57
149 36 -36
149 40 88
149 42 44
149 45 -51
149 48 -81
149 49 -92
149 51 75
149 54 10
149 56 -9
149 57 65
149 59 14
149 62 -76
149 74 70
149 76 77
149 78 99
149 80 44
149 81 -31
149 82 -32
149 85 89
149 92 87
149 97 -72
149 101 18
149 102 -46
149 106 -11
149 108 -69
149 111 -20
149 116 -3
149 118 33
149 126 -31
149 135 -91
149 142 -46
149 143 -8