0 0 78
0 1 -37
0 2 23
0 6 -75
0 7 46
0 8 63
0 11 -33
0 12 -78
0 13 3
0 14 89
0 18 -86
0 19 -20
0 20 -10
0 21 75
0 22 -86
0 23 -85
0 25 -61
0 26 -54
0 28 -12
0 29 85
0 31 80
0 32 -84
0 33 19
0 35 -83
0 36 12
0 37 42
0 38 30
0 39 -75
0 40 58
0 41 66
0 42 -59
0 43 -49
0 44 -17
0 46 3
0 48 100
1 0 57
1 1 -31
1 2 -79
1 3 72
1 4 -72
1 5 -97
1 6 -23
1 7 -54
1 8 51
1 9 -43
1 10 84
1 12 63
1 13 -35
1 14 2
1 15 -83
1 16 77
1 18 58
1 19 -6
1 22 36
1 23 -77
1 24 52
1 26 -24
1 28 -49
1 29 69
1 30 -89
1 32 -58
1 34 38
1 36 -25
1 37 93
1 38 -81
1 42 21
1 43 28
1 45 -26
1 46 -38
2 0 -97
2 1 75
2 2 -85
2 3 -18
2 4 -24
2 5 17
2 6 -45
2 8 -96
2 9 -59
2 10 36
2 11 -67
2 12 17
2 13 -42
2 14 -15
2 16 18
2 17 46
2 19 -23
2 20 -15
2 21 20
2 22 -21
2 23 85
2 24 46
2 28 27
2 29 -27
2 31 23
2 33 20
2 34 -30
2 35 -4
2 36 1
2 37 -38
2 38 28
2 39 -65
2 40 -49
2 41 -45
2 42 -92
2 43 36
2 44 61
2 45 -2
2 46 -5
2 47 -46
2 48 93
2 49 5
3 0 90
3 1 17
3 2 90
3 3 2
3 4 2
3 5 79
3 6 -65
3 7 -35
3 9 -33
3 10 37
3 11 86
3 13 94
3 15 -100
3 17 78
3 18 51
3 19 -96
3 21 70
3 22 -39
3 23 61
3 27 7
3 28 88
3 29 -1
3 31 66
3 33 -1
3 34 82
3 35 -77
3 36 26
3 38 81
3 39 -32
3 41 -29
3 43 66
3 44 39
3 46 -36
3 47 -11
3 49 57
4 0 53
4 1 83
4 5 -15
4 6 75
4 10 75
4 11 -13
4 12 -25
4 13 45
4 17 -52
4 19 -73
4 20 -74
4 22 -99
4 25 54
4 26 -95
4 28 67
4 30 31
4 31 -61
4 32 22
4 33 -20
4 35 -27
4 36 59
4 38 -71
4 39 23
4 41 14
4 42 11
4 43 44
4 44 64
4 47 34
5 0 -40
5 1 -10
5 3 25
5 4 -70
5 5 91
5 8 63
5 9 29
5 10 53
5 11 -62
5 13 -38
5 15 17
5 16 -6
5 17 -25
5 19 20
5 21 98
5 24 -6
5 25 74
5 26 21
5 27 -7
5 28 -88
5 30 -34
5 31 72
5 32 -41
5 34 -60
5 37 17
5 38 -40
5 39 -32
5 40 -72
5 42 -85
5 44 -72
5 47 91
5 48 -68
5 49 -11
6 1 -18
6 2 -30
6 5 -35
6 7 50
6 8 -5
6 10 14
6 11 71
6 12 -60
6 13 43
6 15 -77
6 16 -62
6 21 -92
6 22 38
6 23 43
6 25 -75
6 26 99
6 28 9
6 29 11
6 30 -15
6 32 26
6 33 -63
6 34 -45
6 35 15
6 39 -98
6 40 12
6 42 -40
6 43 -16
6 44 27
6 46 -52
6 47 -16
6 49 -36
7 0 26
7 1 53
7 3 -34
7 8 -51
7 9 -47
7 10 -3
7 11 21
7 12 37
7 13 80
7 14 -69
7 15 33
7 17 -26
7 18 -61
7 19 -63
7 20 -73
7 21 -39
7 22 50
7 24 -49
7 25 -77
7 26 -10
7 29 -69
7 31 42
7 32 60
7 34 39
7 35 29
7 36 -20
7 37 -88
7 38 -96
7 40 -13
7 41 -99
7 42 -56
7 43 96
7 44 -31
7 47 -95
7 48 -13
7 49 -77
8 0 41
8 1 30
8 2 29
8 5 74
8 6 44
8 7 -8
8 9 -59
8 10 38
8 11 11
8 12 -81
8 13 -5
8 17 -84
8 18 10
8 23 37
8 24 7
8 25 19
8 26 35
8 27 -56
8 28 33
8 29 83
8 30 -50
8 33 -28
8 34 98
8 35 26
8 38 -1
8 40 -66
8 41 35
8 42 26
8 43 4
8 44 -52
8 45 45
8 46 -47
8 47 93
8 48 38
9 0 61
9 1 -54
9 2 -32
9 3 -93
9 4 -94
9 5 -81
9 7 -17
9 8 78
9 11 6
9 12 50
9 13 -83
9 14 -2
9 16 76
9 18 -17
9 19 -30
9 21 39
9 23 -67
9 24 -11
9 25 -52
9 28 77
9 30 85
9 31 61
9 32 -48
9 33 -28
9 36 -52
9 37 -5
9 39 -64
9 41 -64
9 42 -25
9 43 51
9 44 66
9 46 -3
9 47 44
9 48 -63
9 49 -81
10 0 -8
10 1 60
10 4 21
10 7 -13
10 9 63
10 10 17
10 11 -81
10 12 -38
10 13 -61
10 14 -1
10 15 58
10 16 68
10 18 -39
10 20 -64
10 21 -54
10 22 -24
10 23 -91
10 24 -35
10 25 57
10 27 7
10 28 36
10 29 11
10 30 -49
10 32 -63
10 33 70
10 34 -20
10 35 -65
10 36 -34
10 37 24
10 39 39
10 40 44
10 41 -76
10 42 46
10 43 -100
10 44 2
10 46 -57
10 47 -11
10 48 -5
10 49 52
11 0 22
11 2 -22
11 4 34
11 5 8
11 6 62
11 7 -75
11 9 57
11 11 19
11 12 73
11 13 -76
11 14 -62
11 16 -68
11 17 2
11 18 55
11 20 63
11 21 6
11 22 -66
11 26 82
11 27 36
11 29 -36
11 30 66
11 31 -46
11 32 -74
11 34 -64
11 35 -30
11 36 -19
11 37 -100
11 38 -9
11 39 -68
11 40 78
11 41 71
11 42 -52
11 43 36
11 44 -48
11 45 95
11 46 57
12 0 -69
12 1 -55
12 2 1
12 4 -92
12 7 94
12 8 -28
12 9 -30
12 10 21
12 12 72
12 13 85
12 15 83
12 16 -79
12 17 -98
12 19 -2
12 20 -37
12 21 -48
12 22 -48
12 23 31
12 24 23
12 25 41
12 26 20
12 27 -12
12 28 13
12 30 65
12 31 -66
12 32 79
12 33 25
12 35 14
12 36 30
12 37 80
12 38 94
12 39 -88
12 41 22
12 45 -93
12 46 -77
12 47 -71
12 49 -27
13 0 9
13 1 -38
13 3 71
13 5 -90
13 6 -85
13 7 4
13 8 -49
13 9 -67
13 12 -62
13 13 19
13 14 -61
13 15 -27
13 16 26
13 17 13
13 18 -95
13 19 -97
13 20 -99
13 25 57
13 26 72
13 27 -87
13 28 -52
13 29 -52
13 31 -95
13 32 56
13 35 21
13 37 87
13 39 90
13 40 -5
13 41 -16
13 42 -24
13 43 -42
13 44 63
13 45 41
13 47 -94
13 48 -7
13 49 -33
14 1 70
14 3 -100
14 4 -79
14 6 -92
14 7 -58
14 9 60
14 12 -45
14 13 -91
14 16 -30
14 17 -8
14 18 -14
14 19 6
14 20 -51
14 21 -54
14 22 75
14 24 -79
14 25 77
14 26 -1
14 29 13
14 31 27
14 33 -48
14 35 50
14 36 26
14 37 16
14 39 -88
14 40 -47
14 41 -28
14 42 18
14 44 -35
14 45 1
14 46 6
14 47 -33
14 48 -50
15 5 -42
15 6 73
15 7 -46
15 8 -70
15 9 4
15 13 -58
15 15 58
15 18 15
15 20 57
15 22 78
15 24 56
15 27 -17
15 28 -38
15 30 -95
15 32 -38
15 33 91
15 34 39
15 35 69
15 36 -15
15 37 -10
15 38 96
15 39 -71
15 40 6
15 41 52
15 42 48
15 43 -82
15 46 -42
15 47 -47
15 48 8
15 49 7
16 0 -12
16 1 71
16 2 -73
16 3 35
16 4 -72
16 5 -96
16 6 8
16 8 -49
16 9 -56
16 13 31
16 14 37
16 15 71
16 17 -86
16 18 47
16 19 -21
16 20 65
16 24 20
16 27 78
16 29 90
16 30 -54
16 31 64
16 33 89
16 36 -42
16 37 93
16 39 -81
16 40 83
16 41 37
16 42 75
16 43 -62
16 45 60
16 48 -26
16 49 -75
17 3 -97
17 4 70
17 5 -72
17 7 72
17 8 11
17 9 56
17 10 -66
17 11 87
17 12 -89
17 14 32
17 15 -73
17 16 77
17 17 40
17 18 -24
17 20 -96
17 21 -97
17 22 20
17 23 -23
17 24 76
17 25 94
17 26 41
17 27 100
17 28 22
17 30 81
17 31 67
17 35 34
17 36 75
17 40 -93
17 43 -1
17 44 -97
17 45 -46
17 46 69
17 47 -58
18 0 -44
18 1 86
18 3 57
18 5 20
18 6 -76
18 7 46
18 8 -60
18 10 27
18 12 61
18 13 34
18 14 -11
18 18 -91
18 19 -79
18 21 15
18 22 -17
18 23 18
18 24 -84
18 25 -62
18 26 6
18 27 57
18 28 -41
18 29 19
18 31 93
18 33 -90
18 34 22
18 35 -74
18 36 -18
18 37 64
18 39 43
18 40 -14
18 41 -79
18 42 -95
18 43 98
18 45 47
18 46 9
18 47 49
18 49 2
19 1 16
19 3 -54
19 4 38
19 5 -19
19 6 -72
19 7 76
19 8 -4
19 9 -47
19 10 40
19 11 72
19 14 36
19 15 47
19 16 17
19 17 -86
19 22 45
19 23 -1
19 25 -81
19 26 -35
19 28 86
19 29 -61
19 30 -40
19 31 -4
19 32 76
19 35 76
19 36 -84
19 37 -72
19 38 -87
19 44 15
19 46 -7
20 0 -7
20 1 19
20 2 87
20 4 -38
20 5 12
20 7 49
20 8 66
20 9 97
20 10 -59
20 11 89
20 12 37
20 14 -11
20 16 -2
20 17 89
20 18 -67
20 19 -42
20 20 57
20 22 60
20 24 83
20 25 21
20 26 10
20 27 -43
20 29 -53
20 30 -28
20 32 74
20 34 -86
20 35 88
20 36 40
20 37 27
20 41 -84
20 42 84
20 45 -79
20 49 60
21 0 17
21 2 45
21 3 74
21 4 63
21 6 -22
21 7 -88
21 8 86
21 9 45
21 10 -46
21 12 42
21 15 -70
21 17 -95
21 18 87
21 19 -13
21 20 -66
21 21 -73
21 23 -43
21 24 -10
21 25 29
21 26 72
21 27 70
21 28 92
21 29 19
21 30 -34
21 31 96
21 33 66
21 34 -71
21 35 -33
21 36 33
21 37 -31
21 38 42
21 39 -56
21 40 -37
21 42 -89
21 43 26
21 44 86
21 45 -79
21 46 -59
22 2 7
22 3 -30
22 7 -39
22 8 95
22 11 -45
22 12 31
22 14 -67
22 15 51
22 16 73
22 17 -14
22 18 -75
22 20 27
22 21 -62
22 22 45
22 23 -97
22 24 -75
22 25 -11
22 26 18
22 27 89
22 30 1
22 32 -57
22 34 -85
22 35 -35
22 36 62
22 38 -94
22 40 -94
22 42 58
22 43 -19
22 44 -87
22 46 99
22 47 -60
22 48 65
22 49 64
23 1 56
23 2 -89
23 3 96
23 4 -25
23 5 -76
23 6 16
23 7 29
23 10 -37
23 12 92
23 14 40
23 15 96
23 17 -5
23 19 90
23 20 15
23 22 -63
23 23 -25
23 24 -13
23 25 5
23 29 -98
23 30 -53
23 31 -74
23 34 91
23 35 51
23 36 -65
23 37 84
23 40 63
23 42 -60
23 43 90
23 45 17
23 46 -24
23 47 35
23 48 39
23 49 -40
24 0 80
24 1 -14
24 3 28
24 5 58
24 6 73
24 7 -33
24 8 31
24 9 41
24 10 5
24 11 -34
24 13 -65
24 14 99
24 15 -64
24 16 77
24 17 -40
24 18 -35
24 19 -45
24 20 -15
24 22 96
24 23 -56
24 24 -10
24 26 99
24 28 -49
24 29 71
24 30 76
24 31 -86
24 32 -48
24 34 -28
24 35 17
24 36 41
24 37 73
24 38 -1
24 39 48
24 40 27
24 42 -16
24 43 12
24 46 -92
24 48 58
24 49 19
25 0 -46
25 1 -65
25 3 -72
25 5 -19
25 7 -25
25 10 36
25 11 43
25 12 -87
25 13 43
25 14 2
25 15 -13
25 17 17
25 18 -77
25 19 -38
25 20 52
25 23 34
25 25 -7
25 28 76
25 29 67
25 31 31
25 35 48
25 36 80
25 38 -84
25 40 17
25 42 -84
25 44 27
25 46 41
25 47 -84
25 48 -31
25 49 69
26 0 -96
26 1 68
26 2 41
26 3 -63
26 6 -40
26 7 85
26 9 -19
26 11 80
26 12 7
26 15 93
26 16 87
26 18 -77
26 22 18
26 23 7
26 24 -24
26 25 -61
26 27 -83
26 28 75
26 29 28
26 30 21
26 31 69
26 33 -1
26 37 -14
26 38 -29
26 39 -61
26 41 77
26 42 -7
26 44 -97
26 48 75
26 49 -16
27 0 3
27 1 32
27 3 -10
27 5 83
27 6 99
27 7 28
27 9 -71
27 10 -20
27 11 -18
27 12 36
27 13 -58
27 14 50
27 15 -75
27 19 -35
27 20 84
27 23 -91
27 24 68
27 25 11
27 26 -80
27 27 -5
27 28 -70
27 29 -38
27 30 37
27 32 -87
27 33 -68
27 34 88
27 35 -65
27 36 5
27 37 -14
27 39 84
27 40 37
27 42 82
27 43 73
27 44 -19
27 45 59
27 46 89
27 47 -95
27 48 56
27 49 66
28 0 78
28 1 91
28 3 -60
28 4 100
28 5 96
28 6 -48
28 7 -4
28 8 -45
28 9 88
28 10 11
28 11 -54
28 12 55
28 13 -54
28 14 71
28 15 -79
28 19 -73
28 20 -76
28 21 10
28 22 -98
28 24 -71
28 25 -44
28 26 -76
28 28 80
28 33 -12
28 34 77
28 35 -54
28 36 -5
28 37 -72
28 39 -93
28 44 57
28 45 -48
28 47 26
28 48 49
29 0 -80
29 1 -32
29 2 73
29 4 -62
29 5 -39
29 7 75
29 8 -80
29 9 -50
29 12 18
29 13 -94
29 14 82
29 15 56
29 16 -6
29 17 68
29 20 25
29 21 12
29 23 1
29 25 -3
29 26 -77
29 27 -85
29 30 -81
29 31 37
29 32 6
29 33 -10
29 35 -36
29 36 -32
29 37 12
29 38 -56
29 41 -15
29 42 86
29 45 -61
29 46 40
29 47 -45
29 48 26
29 49 -25
30 0 -75
30 3 -83
30 4 96
30 5 -52
30 6 28
30 7 28
30 8 81
30 9 85
30 12 59
30 13 1
30 14 -66
30 15 -46
30 17 58
30 19 -6
30 20 21
30 22 100
30 23 85
30 24 -3
30 25 -51
30 26 -32
30 27 -60
30 28 -56
30 29 57
30 30 -45
30 31 -92
30 33 63
30 34 44
30 35 11
30 36 44
30 37 -5
30 38 63
30 39 27
30 40 -45
30 42 21
30 43 -30
30 45 -82
30 47 -27
30 49 -71
31 0 -43
31 1 -41
31 2 -89
31 3 64
31 4 -75
31 5 -34
31 7 -50
31 8 83
31 9 -71
31 10 34
31 11 -74
31 12 23
31 15 1
31 16 81
31 17 28
31 19 42
31 20 65
31 21 12
31 23 -28
31 24 29
31 25 -84
31 26 16
31 29 -15
31 30 -76
31 31 3
31 32 -29
31 34 -31
31 35 -70
31 39 -15
31 42 -74
31 43 8
31 44 -75
31 45 4
31 48 -48
31 49 -52
32 0 -61
32 3 -23
32 4 37
32 5 -14
32 7 9
32 8 58
32 9 92
32 11 -57
32 12 -40
32 13 7
32 15 -100
32 16 74
32 17 59
32 18 38
32 19 89
32 20 -7
32 21 -6
32 23 56
32 24 45
32 25 83
32 26 79
32 27 5
32 28 86
32 30 91
32 31 28
32 32 -59
32 33 -44
32 35 75
32 36 -49
32 37 70
32 40 -54
32 41 -5
32 42 23
32 43 89
32 44 76
32 45 52
32 46 -75
32 47 -45
32 49 72
33 1 -35
33 3 100
33 4 -26
33 5 7
33 8 -59
33 9 -53
33 10 57
33 11 68
33 12 -45
33 13 40
33 14 -30
33 15 72
33 16 -79
33 18 4
33 19 6
33 23 -36
33 24 54
33 25 -57
33 26 6
33 27 -68
33 28 -8
33 29 43
33 31 -55
33 32 -7
33 33 79
33 34 6
33 35 -72
33 36 -19
33 37 -48
33 39 87
33 43 72
33 44 -8
33 49 -96
34 0 -71
34 2 33
34 3 -7
34 4 39
34 5 -62
34 6 -92
34 8 44
34 11 37
34 13 -54
34 14 32
34 15 -55
34 16 80
34 17 100
34 18 56
34 19 3
34 20 25
34 24 7
34 26 23
34 27 42
34 28 86
34 29 79
34 30 7
34 32 -56
34 34 79
34 35 76
34 37 40
34 38 11
34 40 99
34 41 61
34 42 44
34 43 -41
34 46 -40
34 48 73
34 49 -87
35 0 -19
35 2 6
35 3 49
35 4 48
35 6 -73
35 7 -55
35 8 -99
35 11 8
35 12 17
35 13 -66
35 14 64
35 15 36
35 16 -86
35 17 -80
35 18 -9
35 19 84
35 20 39
35 22 92
35 23 44
35 24 52
35 25 15
35 26 16
35 27 -4
35 28 -21
35 29 68
35 30 -31
35 31 -26
35 32 86
35 33 14
35 35 25
35 37 -79
35 38 70
35 39 -51
35 40 -10
35 41 55
35 42 56
35 44 26
35 48 -1
35 49 -8
36 0 -1
36 1 42
36 2 -93
36 4 55
36 9 -37
36 10 4
36 12 91
36 13 -53
36 14 24
36 16 -62
36 18 74
36 19 -75
36 21 24
36 23 -11
36 25 32
36 26 -20
36 29 66
36 30 -45
36 31 -10
36 32 -30
36 33 41
36 36 -23
36 37 15
36 38 -90
36 39 83
36 40 -47
36 42 18
36 44 59
36 45 -22
36 46 -61
36 47 -49
36 48 -41
36 49 -9
37 2 -62
37 3 -29
37 4 2
37 5 55
37 6 -12
37 7 87
37 9 -79
37 10 -55
37 11 -6
37 13 -74
37 14 -41
37 15 16
37 16 -43
37 17 10
37 18 -49
37 19 66
37 21 -1
37 22 -74
37 23 -99
37 24 -2
37 26 -25
37 27 53
37 28 -14
37 29 92
37 30 44
37 33 88
37 34 -33
37 35 41
37 36 10
37 37 -98
37 38 78
37 40 32
37 42 20
37 45 -52
37 47 61
38 0 -30
38 1 88
38 2 -30
38 3 71
38 4 -45
38 5 -25
38 6 84
38 8 56
38 9 -69
38 11 8
38 12 -64
38 17 -76
38 19 46
38 20 85
38 21 -39
38 22 -95
38 24 32
38 25 -92
38 26 37
38 27 -76
38 28 56
38 29 1
38 30 32
38 31 90
38 33 -72
38 35 -94
38 36 23
38 37 40
38 38 93
38 39 -2
38 40 -79
38 41 -10
38 43 -71
38 44 73
38 47 -20
38 48 88
38 49 -9
39 0 -68
39 1 18
39 2 97
39 3 13
39 4 43
39 5 -46
39 9 -51
39 10 56
39 14 -91
39 15 73
39 17 62
39 18 50
39 19 58
39 20 -100
39 21 6
39 24 22
39 26 11
39 27 65
39 28 61
39 29 -96
39 31 18
39 33 41
39 34 -9
39 35 -36
39 38 -61
39 39 -23
39 41 35
39 42 38
39 43 -10
39 44 86
39 47 -46
39 48 54
39 49 44
40 0 -84
40 1 73
40 2 79
40 4 -68
40 6 -38
40 7 1
40 8 -98
40 9 6
40 10 -26
40 11 -47
40 12 -28
40 13 -2
40 15 -12
40 16 -62
40 18 24
40 19 -55
40 20 -8
40 22 -66
40 23 -91
40 24 55
40 25 -24
40 26 26
40 27 7
40 28 32
40 29 -99
40 31 85
40 32 70
40 33 -3
40 38 -16
40 39 57
40 40 48
40 41 52
40 42 -49
40 43 -63
40 46 -4
40 47 -89
40 48 -89
41 0 -100
41 1 61
41 3 36
41 5 48
41 6 -80
41 8 84
41 9 -43
41 10 -38
41 11 -72
41 12 77
41 13 -69
41 14 68
41 18 -3
41 19 68
41 20 25
41 21 77
41 22 61
41 23 -45
41 25 50
41 28 -14
41 30 -64
41 31 93
41 34 81
41 36 63
41 37 18
41 38 8
41 39 26
41 41 -6
41 45 -95
41 46 27
41 48 22
41 49 -59
42 0 32
42 2 90
42 3 81
42 4 -13
42 5 25
42 7 -47
42 11 89
42 12 40
42 13 -35
42 14 59
42 16 75
42 17 -74
42 21 19
42 25 -77
42 27 1
42 28 -69
42 30 -42
42 31 -93
42 32 40
42 35 67
42 37 47
42 38 -76
42 39 -64
42 40 80
42 41 26
42 42 49
42 43 -12
42 44 -13
42 45 -24
42 46 -88
42 47 -35
42 48 -73
42 49 88
43 1 85
43 2 -45
43 6 6
43 11 11
43 12 57
43 13 47
43 14 -63
43 15 79
43 16 -4
43 17 72
43 18 -83
43 19 -24
43 20 6
43 21 -22
43 22 -15
43 23 -66
43 24 -16
43 25 -68
43 26 73
43 28 -99
43 32 62
43 33 -2
43 36 23
43 37 -74
43 38 90
43 40 99
43 41 79
43 42 87
43 43 84
43 46 1
43 47 -48
43 48 -73
44 1 78
44 2 -44
44 3 -89
44 5 38
44 6 45
44 7 89
44 8 64
44 11 -41
44 12 -23
44 15 62
44 17 -73
44 18 -34
44 20 60
44 21 -78
44 22 -30
44 23 -9
44 24 -78
44 25 33
44 27 14
44 28 -95
44 30 -62
44 31 30
44 32 57
44 33 15
44 34 56
44 36 30
44 37 72
44 39 13
44 41 -69
44 42 -45
44 44 46
44 48 72
44 49 -6
45 0 -58
45 1 90
45 2 53
45 3 8
45 4 15
45 5 -34
45 6 13
45 7 43
45 8 -20
45 10 -8
45 11 -45
45 12 97
45 14 -51
45 15 91
45 17 27
45 19 11
45 20 -40
45 23 73
45 24 -10
45 25 75
45 26 88
45 27 -4
45 28 -37
45 31 -90
45 36 -99
45 37 20
45 38 7
45 40 38
45 41 -81
45 44 50
45 45 -81
45 46 58
45 48 -55
45 49 87
46 0 32
46 1 -7
46 2 -56
46 3 -23
46 4 40
46 6 12
46 7 -77
46 8 28
46 9 11
46 10 26
46 11 -61
46 12 2
46 13 91
46 14 29
46 15 74
46 16 91
46 18 -70
46 19 -87
46 20 37
46 22 60
46 24 29
46 25 73
46 27 39
46 29 -5
46 30 -64
46 33 57
46 34 46
46 35 -29
46 38 44
46 39 -39
46 40 36
46 41 72
46 42 -40
46 43 46
46 47 -30
46 49 69
47 0 -34
47 1 -73
47 2 -11
47 3 -18
47 6 65
47 8 -52
47 9 -34
47 10 -29
47 11 24
47 12 -23
47 13 50
47 14 63
47 15 -54
47 16 68
47 18 -91
47 19 -54
47 20 63
47 21 51
47 22 6
47 24 -47
47 26 -90
47 27 -97
47 28 38
47 29 -97
47 30 -37
47 31 100
47 32 64
47 33 -23
47 34 -89
47 37 -35
47 38 43
47 39 -90
47 41 -38
47 42 57
47 43 36
47 44 45
47 45 -23
47 46 23
47 48 -67
48 0 30
48 3 -89
48 4 -57
48 5 -78
48 6 78
48 8 -48
48 9 32
48 12 -53
48 13 -11
48 14 27
48 15 7
48 16 97
48 17 -33
48 18 58
48 19 -90
48 22 30
48 25 78
48 26 -85
48 27 23
48 29 45
48 30 97
48 31 -22
48 32 -97
48 33 -80
48 35 82
48 36 -48
48 40 51
48 41 -68
48 42 100
48 43 -3
48 46 44
49 0 -90
49 1 -23
49 2 50
49 3 -65
49 4 -22
49 5 92
49 6 13
49 7 -100
49 8 100
49 9 -80
49 12 -39
49 13 -95
49 14 -38
49 16 -73
49 17 27
49 18 -96
49 20 22
49 22 -12
49 23 -29
49 26 21
49 27 61
49 28 -91
49 30 -94
49 31 72
49 32 -43
49 36 6
49 37 100
49 38 5
49 39 -10
49 40 79
49 41 10
49 42 -35
49 44 -22
49 47 64