0 1 56
0 4 -86
0 5 -36
0 7 48
0 9 84
0 13 97
0 20 7
0 31 62
0 33 -69
0 35 -32
0 36 29
0 42 -74
0 43 33
0 44 76
0 48 -51
0 52 11
0 57 37
0 61 -61
0 63 43
0 65 89
0 69 68
0 70 28
0 71 87
0 72 16
0 74 76
0 79 -11
0 80 -67
0 81 11
0 83 -7
0 86 37
0 90 27
0 91 42
0 92 16
0 97 -65
0 98 19
1 5 -40
1 6 100
1 9 57
1 11 6
1 14 24
1 15 -29
1 17 15
1 18 21
1 22 3
1 25 43
1 41 -8
1 53 3
1 54 -22
1 57 5
1 61 -23
1 62 23
1 63 -1
1 68 -33
1 73 21
1 74 -58
1 83 39
1 91 37
1 92 -46
1 97 72
1 99 83
2 10 36
2 11 62
2 19 43
2 25 26
2 28 7
2 32 65
2 41 20
2 42 -61
2 44 98
2 45 98
2 46 -44
2 48 95
2 52 6
2 55 -25
2 60 71
2 61 64
2 66 6
2 70 -21
2 75 -50
2 77 -15
2 84 -20
2 85 -43
2 89 81
2 98 84
2 99 -65
3 1 -55
3 5 -98
3 7 38
3 10 90
3 15 44
3 17 -80
3 18 -13
3 20 2
3 29 75
3 33 94
3 35 8
3 44 -28
3 48 9
3 51 23
3 59 -50
3 62 29
3 63 94
3 64 -29
3 65 57
3 69 -29
3 81 -63
3 83 38
3 84 79
3 87 -95
3 91 73
3 98 -92
4 2 -41
4 8 63
4 11 38
4 15 12
4 17 11
4 18 -18
4 20 -54
4 21 -90
4 29 5
4 35 66
4 36 -84
4 47 -48
4 49 -77
4 50 -88
4 53 -55
4 60 -27
4 63 -65
4 66 -99
4 67 86
4 68 78
4 69 24
4 76 56
4 79 14
4 82 50
4 83 100
4 89 -13
4 90 -35
4 91 89
4 95 28
4 96 31
4 97 -27
4 98 59
4 99 68
5 4 -60
5 5 -46
5 10 18
5 11 -69
5 15 17
5 18 68
5 19 19
5 22 -43
5 31 2
5 36 64
5 39 -92
5 41 98
5 45 -86
5 48 27
5 51 59
5 68 -86
5 79 58
5 89 -97
5 96 -82
5 97 -6
5 99 -64
6 3 -38
6 4 44
6 6 -41
6 12 39
6 13 -47
6 24 89
6 25 8
6 29 -57
6 30 -86
6 33 -99
6 39 -51
6 40 -58
6 42 -94
6 43 -68
6 46 40
6 50 -65
6 55 60
6 56 97
6 57 -13
6 58 43
6 59 -56
6 64 21
6 67 -39
6 68 82
6 73 65
6 76 -15
6 77 61
6 79 -79
6 80 36
6 81 60
6 82 80
6 86 6
6 88 -63
6 89 -26
6 91 4
6 92 -54
6 94 -22
6 95 3
7 0 -5
7 5 -29
7 12 -65
7 19 51
7 25 -50
7 28 -85
7 31 -28
7 32 86
7 38 -16
7 44 24
7 51 52
7 52 -55
7 53 72
7 68 15
7 69 -32
7 84 -31
7 85 -83
7 91 -88
7 95 57
7 96 -18
8 1 39
8 3 71
8 4 59
8 6 -54
8 8 -98
8 11 -15
8 12 -79
8 20 -22
8 27 72
8 29 100
8 30 86
8 39 33
8 44 -25
8 45 -68
8 47 -88
8 52 33
8 53 89
8 58 -26
8 59 -62
8 65 -27
8 66 2
8 68 12
8 74 7
8 78 -83
8 84 93
8 91 -46
8 95 -39
9 3 -32
9 4 -41
9 8 24
9 12 27
9 13 -86
9 19 59
9 21 -36
9 28 -95
9 38 17
9 39 -28
9 45 -40
9 49 20
9 58 -59
9 62 -40
9 64 87
9 65 -2
9 66 18
9 69 47
9 71 38
9 75 16
9 79 -73
9 80 44
9 81 33
9 82 51
9 98 74
10 2 -84
10 3 -59
10 8 64
10 9 -59
10 10 -23
10 12 93
10 13 -45
10 18 -28
10 21 -82
10 24 35
10 28 -93
10 34 36
10 41 96
10 44 49
10 52 73
10 57 52
10 60 -38
10 77 -2
10 89 -84
11 0 22
11 4 19
11 6 17
11 8 -60
11 15 44
11 17 17
11 18 -11
11 28 79
11 36 54
11 42 -15
11 44 52
11 50 72
11 51 -85
11 55 56
11 56 16
11 57 98
11 67 -38
11 68 11
11 77 93
11 78 31
11 81 -4
11 82 -54
11 92 -64
11 97 -60
12 4 -83
12 7 39
12 8 77
12 12 -65
12 13 87
12 20 -82
12 21 55
12 22 -64
12 27 -43
12 28 100
12 29 -82
12 30 85
12 37 -95
12 39 24
12 42 46
12 44 -24
12 47 -14
12 50 -77
12 54 -84
12 68 58
12 69 -12
12 72 25
12 73 -16
12 83 -90
12 88 -96
12 98 4
13 7 -84
13 15 -8
13 18 81
13 21 17
13 26 -36
13 28 -69
13 33 33
13 40 -94
13 41 91
13 45 88
13 50 62
13 51 14
13 56 33
13 57 74
13 59 97
13 64 89
13 70 64
13 73 -21
13 74 82
13 79 -10
13 81 11
13 82 96
13 86 -43
13 87 39
13 88 -42
13 92 83
13 95 86
13 98 26
14 20 -96
14 21 -5
14 29 9
14 31 -14
14 34 -54
14 38 33
14 40 -1
14 45 -79
14 49 -28
14 50 89
14 51 -97
14 54 -71
14 61 -61
14 66 -73
14 67 -84
14 71 -6
14 74 28
14 76 -78
14 80 -38
14 81 -92
14 82 75
14 83 97
14 95 28
14 97 -77
14 99 -81
15 0 -80
15 2 68
15 14 -8
15 19 -24
15 21 35
15 22 -3
15 24 77
15 28 -82
15 36 79
15 43 58
15 47 -19
15 55 14
15 56 -27
15 58 -10
15 63 38
15 66 -96
15 68 -76
15 71 17
15 72 -9
15 74 -9
15 77 56
15 80 -68
15 91 -86
15 99 -51
16 3 72
16 5 16
16 10 92
16 12 95
16 15 -9
16 16 -47
16 17 -2
16 30 18
16 31 12
16 34 10
16 38 85
16 44 -29
16 58 -89
16 60 85
16 61 38
16 62 -53
16 64 76
16 66 5
16 67 92
16 72 84
16 74 71
16 75 -57
16 78 61
16 81 49
16 82 -74
16 84 -34
16 88 -31
16 90 18
16 92 73
16 93 -33
16 94 -83
16 96 -82
17 1 100
17 2 48
17 6 15
17 22 -41
17 26 39
17 32 -91
17 41 7
17 44 63
17 48 24
17 51 -44
17 53 20
17 54 -90
17 58 57
17 60 16
17 61 -35
17 62 20
17 63 2
17 68 -77
17 74 -7
17 75 -62
17 76 67
17 78 50
17 83 30
17 84 41
17 85 -57
17 88 25
17 95 -86
17 96 8
18 2 -12
18 6 1
18 13 -34
18 18 -71
18 23 -40
18 27 -29
18 30 -59
18 34 -86
18 44 -64
18 49 87
18 50 -87
18 51 30
18 57 22
18 59 96
18 62 6
18 63 23
18 66 61
18 68 74
18 74 -82
18 82 51
18 86 -77
18 93 -95
19 6 13
19 7 -3
19 12 39
19 13 22
19 16 -93
19 17 81
19 18 42
19 20 -94
19 24 -9
19 27 41
19 28 -33
19 29 -28
19 33 -9
19 34 4
19 35 -33
19 37 -31
19 40 -71
19 47 -75
19 49 -90
19 51 -58
19 55 48
19 59 -45
19 71 -52
19 76 12
19 81 -41
19 85 79
19 91 -51
19 94 -2
19 98 -87
20 1 -51
20 2 78
20 3 -89
20 5 -30
20 9 -37
20 12 -74
20 18 -96
20 23 -2
20 26 6
20 28 30
20 29 -22
20 36 -70
20 37 89
20 39 100
20 41 21
20 50 -7
20 53 -15
20 58 -65
20 60 -61
20 70 51
20 71 -77
20 73 4
20 75 47
20 81 2
20 82 81
20 84 69
20 85 7
20 86 -41
20 90 38
20 92 74
20 93 -56
20 99 -34
21 2 -74
21 4 -68
21 6 98
21 14 -59
21 16 -18
21 32 85
21 34 51
21 36 -36
21 41 74
21 51 -57
21 53 -73
21 57 -56
21 62 17
21 73 3
21 74 -71
21 83 100
21 86 -64
21 91 69
21 96 -9
21 99 -55
22 2 2
22 5 -30
22 11 37
22 12 63
22 16 64
22 18 -40
22 29 -91
22 30 -19
22 39 60
22 41 -8
22 45 -99
22 47 82
22 48 -75
22 52 -38
22 53 23
22 58 -79
22 60 67
22 65 -83
22 71 -65
22 72 34
22 77 85
22 79 1
22 86 14
22 87 88
22 91 -17
22 93 -68
22 97 46
22 98 -67
23 3 -50
23 6 -36
23 8 88
23 15 -58
23 16 96
23 17 -44
23 20 31
23 21 73
23 30 -60
23 31 -20
23 33 54
23 37 69
23 39 -40
23 45 -65
23 47 62
23 48 -30
23 49 92
23 51 45
23 53 37
23 55 93
23 57 -59
23 62 -54
23 71 -50
23 75 -39
23 79 -64
23 80 41
23 83 -82
23 84 46
23 87 -100
23 89 -96
23 90 -99
23 93 -13
23 98 97
24 2 11
24 6 -73
24 8 -29
24 18 -8
24 22 -16
24 24 -57
24 31 45
24 34 -34
24 38 75
24 39 -20
24 46 -28
24 48 87
24 51 -24
24 55 81
24 56 94
24 59 -77
24 60 11
24 67 -40
24 69 37
24 71 -89
24 72 19
24 73 -100
24 74 -79
24 75 -28
24 86 26
24 88 25
24 89 22
24 94 46
24 98 63
24 99 83
25 2 -100
25 8 -50
25 10 -48
25 13 30
25 14 7
25 19 73
25 20 50
25 22 -97
25 23 55
25 26 78
25 29 39
25 30 62
25 31 11
25 32 18
25 33 10
25 36 10
25 43 42
25 47 28
25 48 -69
25 49 39
25 53 43
25 56 -82
25 57 53
25 59 -45
25 62 -70
25 63 43
25 64 12
25 68 7
25 76 69
25 84 -11
25 85 49
25 94 18
25 97 25
25 99 93
26 0 -2
26 2 -5
26 3 68
26 5 -66
26 6 96
26 10 -32
26 13 92
26 14 -98
26 16 -13
26 18 79
26 19 -73
26 29 -1
26 30 92
26 37 -47
26 41 91
26 45 32
26 47 65
26 49 -91
26 54 7
26 66 -19
26 74 18
26 75 100
26 80 -40
26 81 -76
26 89 59
26 91 -93
26 94 -70
26 96 96
26 97 11
27 1 -30
27 2 -2
27 3 -3
27 6 1
27 7 43
27 9 -66
27 13 81
27 18 -64
27 26 65
27 27 40
27 32 -41
27 33 48
27 34 -23
27 46 76
27 49 -82
27 51 -29
27 55 -33
27 57 18
27 60 1
27 63 -18
27 68 -4
27 71 -47
27 72 86
27 73 35
27 74 29
27 75 -14
27 77 27
27 78 -75
27 80 30
27 81 26
27 91 -21
27 92 -36
28 4 -25
28 7 83
28 12 -20
28 13 68
28 16 -46
28 23 -81
28 25 55
28 30 -17
28 33 -89
28 36 33
28 39 -11
28 43 -70
28 47 89
28 52 33
28 55 64
28 57 89
28 60 44
28 64 -9
28 65 -14
28 66 6
28 67 10
28 68 -46
28 71 77
28 76 -38
28 79 3
28 80 53
28 85 32
28 88 25
28 96 55
29 1 4
29 3 -75
29 11 19
29 12 -24
29 13 -44
29 14 -79
29 16 30
29 18 40
29 28 -67
29 30 60
29 31 59
29 35 59
29 37 99
29 40 -69
29 43 -61
29 45 -71
29 46 71
29 47 -21
29 49 -30
29 51 -45
29 54 66
29 81 -90
29 82 31
30 2 79
30 3 -39
30 5 37
30 6 -38
30 12 -25
30 15 32
30 18 -100
30 19 -49
30 21 -71
30 27 46
30 33 40
30 41 22
30 45 -80
30 47 -41
30 53 24
30 60 82
30 66 -43
30 67 -52
30 69 -54
30 70 80
30 72 55
30 73 95
30 74 -59
30 79 -50
30 80 -9
30 81 24
30 86 78
30 90 27
30 96 -57
30 98 46
30 99 -61
31 2 8
31 4 -73
31 7 98
31 13 -6
31 15 -57
31 18 98
31 20 69
31 21 -31
31 22 -37
31 23 2
31 24 26
31 29 50
31 30 21
31 33 57
31 35 -6
31 39 -78
31 40 -87
31 45 26
31 46 -24
31 55 5
31 58 -88
31 71 -21
31 75 -70
31 76 5
31 79 -6
31 81 -24
31 89 21
31 90 53
31 91 -16
31 92 -16
31 94 8
31 95 -85
31 96 -14
31 97 -53
31 99 -92
32 0 8
32 1 83
32 10 17
32 12 -45
32 17 -91
32 19 -47
32 22 82
32 26 72
32 29 -88
32 30 95
32 38 22
32 39 -75
32 41 57
32 42 37
32 43 -61
32 44 61
32 45 -68
32 54 -48
32 59 -26
32 60 93
32 61 2
32 63 89
32 69 19
32 70 -43
32 71 35
32 74 -88
32 76 -51
32 77 81
32 79 -30
32 80 91
32 81 -43
32 83 82
32 85 5
32 86 32
32 89 -57
32 92 -60
32 99 43
33 0 -8
33 6 53
33 13 -44
33 20 65
33 22 64
33 24 58
33 28 -76
33 30 8
33 32 -82
33 40 36
33 43 -2
33 48 21
33 50 92
33 51 -13
33 53 -86
33 56 85
33 60 -42
33 65 48
33 72 -42
33 86 56
33 90 -66
33 96 24
33 99 53
34 0 -72
34 1 57
34 2 96
34 5 -39
34 9 -87
34 13 78
34 14 28
34 23 22
34 24 -59
34 26 -40
34 27 16
34 38 18
34 39 37
34 41 58
34 42 -71
34 43 -99
34 48 -36
34 52 14
34 57 -91
34 61 35
34 63 -1
34 65 53
34 69 -23
34 70 -32
34 71 -37
34 83 57
34 85 23
34 93 -90
34 96 20
34 98 25
35 0 -76
35 2 20
35 5 -50
35 6 -82
35 9 44
35 10 -27
35 26 9
35 33 100
35 37 6
35 40 10
35 42 1
35 45 82
35 46 26
35 48 -79
35 53 23
35 54 -53
35 56 49
35 59 5
35 61 -94
35 62 30
35 71 -49
35 81 -75
35 83 -93
35 84 -67
35 86 -37
35 89 -53
35 91 -39
35 94 -81
36 0 -20
36 5 -1
36 11 91
36 12 -91
36 15 25
36 18 84
36 29 -92
36 30 -95
36 31 -95
36 33 28
36 37 82
36 50 47
36 52 -87
36 53 -62
36 55 -37
36 56 -14
36 60 95
36 69 -81
36 78 -37
36 80 -34
36 81 -81
36 85 -96
36 86 -67
36 91 -51
36 92 -30
36 95 -54
37 5 6
37 6 69
37 9 39
37 16 -58
37 17 96
37 18 -28
37 23 46
37 28 11
37 34 12
37 36 -57
37 40 89
37 41 44
37 45 -59
37 49 48
37 52 -74
37 53 -21
37 54 -27
37 58 36
37 59 -10
37 64 12
37 68 29
37 71 7
37 74 58
37 81 -78
37 82 -49
37 91 -81
37 94 -42
37 97 60
38 0 39
38 7 -19
38 12 57
38 15 -2
38 33 -56
38 34 58
38 41 10
38 43 10
38 55 -61
38 62 -10
38 63 -24
38 68 44
38 69 86
38 71 67
38 72 -69
38 73 -8
38 75 25
38 79 -42
38 81 12
38 87 92
38 88 45
38 90 -44
38 91 -68
38 94 86
38 96 84
39 8 -31
39 14 -93
39 16 63
39 27 -57
39 28 -19
39 32 43
39 34 50
39 37 -77
39 42 94
39 44 -89
39 46 -18
39 48 82
39 54 74
39 57 -73
39 59 -9
39 61 -27
39 66 33
39 71 61
39 73 -81
39 76 18
39 78 -53
39 84 -55
39 88 24
39 91 -72
39 92 87
39 94 28
39 98 64
40 1 -30
40 13 65
40 14 -80
40 16 46
40 22 63
40 24 -74
40 25 16
40 31 -71
40 42 39
40 44 90
40 47 22
40 54 -73
40 55 10
40 64 -67
40 67 36
40 68 16
40 69 -32
40 70 30
40 75 -94
40 76 -1
40 77 60
40 78 96
40 79 40
40 80 -62
40 81 15
40 82 32
40 86 -34
41 0 79
41 9 85
41 12 7
41 13 -6
41 14 46
41 23 97
41 25 -30
41 26 95
41 29 -42
41 36 41
41 38 -1
41 42 47
41 46 34
41 47 -47
41 56 27
41 59 -74
41 63 -65
41 69 100
41 71 13
41 72 35
41 73 -18
41 74 -82
41 90 79
41 95 -91
42 1 -70
42 4 -62
42 7 -1
42 18 -97
42 21 -31
42 26 88
42 29 -6
42 30 51
42 31 90
42 33 -88
42 37 16
42 39 -10
42 40 37
42 42 -17
42 43 7
42 46 -6
42 49 -21
42 50 25
42 54 53
42 59 -95
42 64 42
42 67 10
42 71 -99
42 73 8
42 74 39
42 79 20
42 83 -5
42 84 97
42 87 24
42 92 -72
42 96 -41
42 97 86
43 4 -15
43 10 24
43 11 58
43 13 -95
43 16 99
43 17 -79
43 21 -22
43 24 -49
43 26 1
43 28 33
43 29 -59
43 30 69
43 46 -42
43 50 34
43 53 -5
43 56 -11
43 64 89
43 65 -37
43 69 -69
43 74 -57
43 76 -17
43 82 -20
43 83 38
43 86 70
43 93 -74
43 95 -90
44 5 69
44 8 29
44 10 -27
44 13 -22
44 17 -35
44 19 -54
44 26 64
44 35 -38
44 41 -79
44 42 -36
44 43 -64
44 44 -30
44 47 -94
44 52 72
44 53 20
44 57 -54
44 58 86
44 59 -79
44 60 40
44 66 65
44 67 80
44 68 -27
44 76 -69
44 79 -8
44 80 -85
44 84 -31
44 94 -2
44 98 44
44 99 70
45 14 86
45 16 -65
45 17 -85
45 18 -5
45 20 -44
45 23 -97
45 26 -48
45 27 -44
45 33 -74
45 38 -89
45 43 -98
45 48 56
45 50 60
45 58 -61
45 60 66
45 61 77
45 64 -56
45 65 -54
45 67 27
45 70 72
45 71 -86
45 72 94
45 76 67
45 80 -97
45 87 -94
45 88 72
45 95 -50
45 97 18
45 98 98
46 2 -84
46 5 71
46 6 87
46 19 99
46 20 26
46 23 56
46 33 74
46 35 97
46 38 -60
46 39 -63
46 44 57
46 46 -11
46 51 78
46 57 -48
46 61 32
46 65 -78
46 66 -22
46 71 -39
46 72 96
46 77 19
46 78 99
46 81 69
46 90 -25
46 97 -63
47 0 22
47 6 45
47 21 61
47 22 -22
47 23 55
47 31 65
47 34 -18
47 35 -30
47 40 -75
47 41 32
47 45 65
47 47 56
47 53 -43
47 54 72
47 56 -75
47 63 30
47 65 83
47 70 10
47 73 -58
47 82 28
47 83 -98
47 85 -12
47 87 -2
47 93 97
47 95 89
47 97 -56
47 99 -72
48 0 -45
48 4 -66
48 11 59
48 15 -78
48 18 -59
48 21 97
48 28 -93
48 35 -92
48 42 46
48 44 61
48 45 -45
48 46 94
48 48 -42
48 50 -27
48 51 89
48 59 6
48 64 -67
48 77 -8
48 78 9
48 80 -7
48 83 -80
48 85 96
48 88 77
48 90 94
48 91 2
48 95 58
48 97 -59
48 99 -15
49 1 -78
49 6 -61
49 11 -41
49 12 9
49 17 28
49 22 -20
49 27 80
49 28 41
49 29 -56
49 30 86
49 31 -65
49 32 -99
49 36 31
49 43 76
49 47 -20
49 51 92
49 52 -9
49 53 -53
49 57 14
49 61 -12
49 65 31
49 79 -62
49 81 33
49 88 43
49 89 45
49 90 -38
49 91 75
49 94 75
50 1 -100
50 3 -15
50 4 13
50 10 74
50 20 92
50 21 -11
50 22 63
50 24 -1
50 27 -68
50 28 -10
50 32 -75
50 37 84
50 39 90
50 43 -73
50 46 -53
50 47 -64
50 53 -10
50 64 -73
50 74 -27
50 77 -62
50 78 -76
50 81 -7
50 88 -63
51 5 -9
51 8 89
51 9 79
51 10 -69
51 17 -49
51 21 -22
51 22 -71
51 25 35
51 31 -83
51 32 -35
51 34 31
51 38 71
51 47 40
51 48 46
51 52 -27
51 53 74
51 55 -24
51 56 -53
51 57 -66
51 62 76
51 67 -55
51 68 23
51 70 89
51 72 65
51 73 -84
51 74 -69
51 85 52
51 88 80
51 92 -60
51 95 -53
51 97 62
51 98 65
52 1 93
52 4 -58
52 8 52
52 14 74
52 21 -29
52 25 -9
52 28 81
52 30 58
52 31 91
52 38 -79
52 41 -65
52 63 -32
52 68 32
52 71 -12
52 72 -38
52 78 69
52 80 18
52 89 32
52 91 44
52 92 16
52 95 -46
52 99 94
53 4 66
53 9 -14
53 11 -48
53 13 100
53 15 -20
53 18 60
53 26 -82
53 28 82
53 33 88
53 38 -95
53 39 84
53 42 -42
53 43 72
53 44 9
53 47 98
53 59 27
53 61 13
53 63 -73
53 71 77
53 73 -57
53 74 -45
53 77 -64
53 78 -58
53 80 37
53 85 -41
53 89 -61
53 92 78
53 96 -87
53 97 8
53 99 35
54 0 -46
54 2 -69
54 6 63
54 7 4
54 8 72
54 9 -99
54 12 -63
54 13 69
54 14 8
54 16 1
54 19 22
54 23 53
54 24 34
54 25 49
54 28 38
54 30 -55
54 33 35
54 38 80
54 43 91
54 49 12
54 51 -51
54 52 15
54 53 -57
54 55 54
54 56 3
54 57 -36
54 60 -2
54 61 -75
54 65 -48
54 67 91
54 69 65
54 74 -69
54 75 -25
54 84 37
54 85 83
54 86 -37
54 93 -13
54 95 -17
54 98 42
55 0 -68
55 4 2
55 7 -1
55 9 80
55 16 -50
55 18 -34
55 21 78
55 30 87
55 36 -17
55 38 53
55 39 53
55 40 6
55 44 -35
55 51 -68
55 57 -31
55 66 -54
55 72 65
55 78 -83
55 79 -38
55 84 -82
55 95 37
55 98 -46
56 1 -95
56 5 -93
56 6 -77
56 9 -57
56 10 88
56 12 46
56 14 -88
56 17 -90
56 18 45
56 19 29
56 20 35
56 21 -70
56 23 72
56 27 -29
56 30 -66
56 37 -44
56 41 36
56 42 -6
56 47 -96
56 50 -14
56 51 -79
56 59 -81
56 68 83
56 81 67
56 85 86
56 87 -84
56 88 78
57 1 23
57 3 36
57 5 -35
57 8 -82
57 24 -26
57 25 -11
57 26 58
57 32 -15
57 33 95
57 38 -22
57 40 71
57 42 22
57 52 27
57 53 12
57 55 -17
57 56 -41
57 65 -30
57 70 77
57 76 -27
57 80 -69
57 85 -40
57 90 42
57 97 49
58 2 -38
58 3 -24
58 5 15
58 6 -12
58 7 -5
58 13 -61
58 14 -7
58 17 -27
58 18 24
58 19 26
58 27 -91
58 29 30
58 30 -6
58 32 -21
58 36 -49
58 39 -85
58 40 51
58 44 -54
58 45 -76
58 52 19
58 54 37
58 55 -81
58 56 22
58 66 -17
58 68 23
58 71 51
58 72 30
58 74 -5
58 76 -58
58 79 44
58 90 75
58 92 -10
58 93 13
59 4 46
59 5 50
59 8 -26
59 10 -45
59 13 68
59 14 43
59 15 47
59 17 -50
59 19 -32
59 24 -22
59 27 -91
59 45 44
59 47 24
59 49 25
59 55 87
59 59 87
59 62 53
59 69 -36
59 75 -25
59 77 -8
59 85 3
59 91 -26
59 92 -94
59 99 -26
60 2 -58
60 3 -64
60 5 90
60 7 -48
60 10 -58
60 17 91
60 19 -21
60 24 93
60 27 32
60 28 -3
60 31 69
60 35 19
60 37 8
60 38 -13
60 41 50
60 45 -48
60 46 -10
60 53 -26
60 61 51
60 62 -56
60 70 58
60 72 6
60 75 -4
60 79 46
60 82 -53
60 87 -54
60 89 91
61 4 -75
61 7 4
61 9 -73
61 13 -22
61 16 31
61 22 91
61 28 63
61 29 91
61 32 -82
61 34 69
61 44 -33
61 53 -38
61 65 -5
61 67 44
61 68 8
61 71 92
61 73 28
61 75 13
61 76 1
61 80 -32
61 84 -31
61 92 51
61 97 84
61 98 83
61 99 -26
62 3 11
62 8 -52
62 13 -19
62 17 59
62 21 13
62 25 14
62 26 -32
62 32 -19
62 33 21
62 40 -11
62 50 -15
62 51 80
62 52 26
62 55 13
62 62 88
62 63 -4
62 65 -15
62 66 9
62 67 -96
62 68 -20
62 71 39
62 73 -74
62 75 -13
62 85 -59
62 86 -46
62 87 66
62 93 -25
62 98 69
63 0 -44
63 1 5
63 4 18
63 5 -78
63 36 29
63 37 11
63 40 -68
63 41 -19
63 45 -54
63 48 28
63 49 58
63 53 -100
63 55 -48
63 58 61
63 64 -65
63 67 14
63 70 -7
63 71 87
63 74 29
63 77 7
63 79 99
63 80 -11
63 92 19
63 93 18
63 95 2
63 97 37
63 98 -73
63 99 -12
64 7 -68
64 9 -84
64 11 -57
64 12 -55
64 14 -5
64 15 -94
64 17 -52
64 18 28
64 19 42
64 20 -19
64 24 -47
64 33 -74
64 34 17
64 35 55
64 36 89
64 41 46
64 43 27
64 45 39
64 48 35
64 52 34
64 54 27
64 55 34
64 61 99
64 68 23
64 76 88
64 83 -32
64 85 -5
64 87 77
64 88 66
64 89 -55
64 90 -18
64 92 -72
64 94 -79
65 7 12
65 8 89
65 18 -57
65 24 -48
65 28 89
65 30 -67
65 31 90
65 35 -79
65 43 15
65 44 -70
65 46 63
65 51 36
65 53 -69
65 63 26
65 66 45
65 67 -28
65 70 -84
65 71 -88
65 74 -32
65 75 94
65 76 -2
65 84 -86
65 87 -9
65 90 21
65 95 33
65 99 -67
66 0 -80
66 1 -99
66 9 100
66 12 71
66 13 -100
66 20 -17
66 22 79
66 24 -38
66 25 80
66 28 -17
66 29 96
66 32 -89
66 36 25
66 37 87
66 47 39
66 50 59
66 52 -23
66 54 94
66 55 -16
66 57 7
66 61 14
66 62 -56
66 63 -38
66 64 -82
66 65 -24
66 66 -87
66 67 1
66 68 -66
66 79 -84
66 83 64
66 85 -99
66 88 -3
66 98 -49
66 99 -69
67 3 46
67 4 66
67 11 95
67 13 -10
67 22 -4
67 23 -92
67 27 43
67 29 -5
67 32 -82
67 36 81
67 38 -19
67 42 75
67 45 21
67 47 22
67 48 -11
67 51 -65
67 53 35
67 59 10
67 63 24
67 65 -97
67 69 -69
67 70 3
67 72 -32
67 74 9
67 75 51
67 76 -58
67 79 -88
67 81 -75
67 85 -35
67 88 16
67 91 -80
67 96 -5
67 98 37
68 2 100
68 4 56
68 5 -21
68 6 -60
68 7 -4
68 8 64
68 16 -23
68 20 -31
68 22 2
68 24 -51
68 27 -6
68 30 15
68 41 94
68 42 -70
68 43 79
68 44 48
68 49 -5
68 54 -37
68 56 -2
68 60 -54
68 62 -64
68 66 36
68 69 -53
68 70 7
68 71 -21
68 73 91
68 79 54
68 83 -37
68 84 66
68 85 92
68 92 -43
68 96 -73
69 2 -43
69 17 41
69 21 -7
69 22 21
69 26 -22
69 27 11
69 29 75
69 37 100
69 38 27
69 45 57
69 49 41
69 52 -10
69 58 -50
69 61 75
69 63 -73
69 67 96
69 74 30
69 76 -41
69 77 74
69 78 -78
69 80 6
69 86 42
69 90 -76
69 91 -58
69 92 -62
69 94 70
69 97 74
69 98 -58
70 2 24
70 4 -26
70 8 16
70 10 44
70 15 -69
70 18 86
70 23 -26
70 28 -40
70 30 62
70 31 13
70 33 -63
70 34 -2
70 36 59
70 39 -30
70 40 84
70 41 91
70 42 -95
70 43 -58
70 44 98
70 58 22
70 59 15
70 64 -53
70 65 51
70 80 -21
70 82 68
70 85 -19
70 90 58
70 91 90
70 92 -64
70 96 80
71 4 -27
71 6 -85
71 9 56
71 10 -77
71 15 -36
71 16 -60
71 17 -30
71 22 -23
71 25 4
71 27 -17
71 31 51
71 32 -49
71 43 -59
71 64 -53
71 67 -32
71 68 2
71 69 30
71 73 95
71 75 -19
71 76 -90
71 81 -45
71 84 31
71 88 -49
71 89 -95
71 94 47
71 97 -37
72 0 -51
72 1 78
72 2 -73
72 3 -17
72 6 27
72 7 60
72 19 38
72 20 72
72 27 35
72 32 -56
72 35 -30
72 37 -42
72 39 -82
72 41 -18
72 46 42
72 47 35
72 53 71
72 57 49
72 58 -12
72 64 91
72 69 -46
72 76 25
72 78 23
72 84 -12
72 86 -35
72 87 -14
72 98 -20
73 3 68
73 5 57
73 6 46
73 11 62
73 13 54
73 17 37
73 23 59
73 24 89
73 25 16
73 26 -88
73 28 93
73 35 -81
73 38 83
73 39 -62
73 43 -31
73 44 28
73 46 87
73 47 -84
73 48 -15
73 49 -9
73 50 58
73 53 -38
73 55 42
73 61 75
73 64 68
73 68 71
73 70 -28
73 71 93
73 75 -74
73 84 26
73 85 -18
73 89 77
73 96 -46
74 3 -1
74 5 -9
74 6 36
74 12 -5
74 13 34
74 16 -28
74 25 -46
74 27 -100
74 28 62
74 29 -92
74 31 -33
74 33 3
74 37 -31
74 41 -28
74 50 -59
74 51 -42
74 52 83
74 54 95
74 59 -52
74 60 -16
74 61 30
74 63 14
74 64 16
74 65 -1
74 67 30
74 69 42
74 72 78
74 79 -17
74 83 23
74 86 -98
74 96 97
74 97 43
74 98 18
75 0 -38
75 1 17
75 5 14
75 6 -90
75 7 89
75 11 -84
75 30 -71
75 37 69
75 43 -45
75 44 -49
75 45 50
75 46 -35
75 50 -89
75 53 60
75 54 -38
75 56 99
75 60 52
75 62 -82
75 63 94
75 67 -23
75 68 3
75 73 -99
75 74 -78
75 77 26
75 81 -78
75 89 -19
75 93 25
75 94 89
75 96 -57
75 97 -98
75 98 1
76 2 54
76 3 33
76 11 49
76 25 7
76 36 43
76 56 -11
76 59 45
76 61 -53
76 73 -85
76 74 -43
76 83 19
76 84 -72
76 86 -58
76 87 78
76 88 -49
76 92 100
76 93 -21
76 94 24
76 99 99
77 0 -85
77 16 -94
77 19 17
77 20 -51
77 22 88
77 25 5
77 30 -70
77 35 -71
77 43 -49
77 51 42
77 52 -74
77 53 96
77 55 21
77 56 -9
77 57 -52
77 58 -79
77 63 14
77 64 -43
77 70 -63
77 72 17
77 76 -12
77 78 -3
77 79 49
77 80 92
77 84 -87
77 85 28
77 91 -22
77 92 -33
77 96 99
77 97 65
78 0 -62
78 4 -64
78 5 4
78 11 74
78 23 -7
78 25 45
78 26 -53
78 27 94
78 28 -79
78 31 79
78 32 -76
78 36 -82
78 38 -17
78 39 -64
78 40 92
78 42 -17
78 46 -58
78 47 -13
78 52 -15
78 68 -14
78 69 -70
78 70 -62
78 71 -71
78 77 -5
78 79 -35
78 87 21
78 88 8
78 89 16
78 95 20
78 96 -86
79 0 -87
79 2 84
79 5 -1
79 10 19
79 18 -49
79 20 -86
79 22 -63
79 29 17
79 32 -8
79 33 -89
79 40 60
79 48 81
79 50 69
79 54 17
79 56 -37
79 62 -85
79 63 91
79 64 -30
79 65 12
79 68 -25
79 73 13
79 78 54
79 79 80
79 80 -77
79 83 -57
79 87 -18
79 88 57
79 89 70
79 91 -31
80 0 51
80 1 61
80 2 -6
80 7 -72
80 9 -66
80 11 -84
80 13 -76
80 14 100
80 17 2
80 18 -81
80 21 56
80 22 51
80 25 59
80 28 -45
80 30 -95
80 32 92
80 38 78
80 40 20
80 41 40
80 53 -61
80 54 -92
80 58 -20
80 60 -79
80 64 18
80 66 -88
80 69 4
80 77 70
80 78 72
80 80 51
80 91 -42
81 1 -77
81 5 17
81 10 -77
81 18 -86
81 26 -42
81 27 18
81 28 73
81 32 37
81 35 -46
81 38 -13
81 39 -75
81 41 -41
81 43 91
81 52 -87
81 57 -89
81 62 -6
81 63 50
81 67 -4
81 69 -17
81 76 23
81 77 -2
81 80 50
81 83 -34
81 85 -86
81 86 82
81 88 -35
82 2 -29
82 3 6
82 12 42
82 15 55
82 16 50
82 20 -39
82 24 -52
82 30 30
82 32 -70
82 38 -78
82 40 28
82 43 -48
82 45 94
82 47 -22
82 48 -7
82 51 16
82 52 15
82 54 10
82 56 -2
82 72 64
82 77 30
82 80 100
82 83 57
82 89 -70
82 92 100
82 97 9
82 98 98
83 2 77
83 5 32
83 8 -59
83 9 -15
83 12 -58
83 17 -38
83 19 16
83 27 -9
83 28 -69
83 30 -60
83 36 -61
83 39 -25
83 49 55
83 50 -69
83 51 12
83 58 52
83 61 57
83 68 86
83 72 -96
83 82 85
83 83 98
83 87 -46
83 91 -79
83 98 -23
84 0 27
84 3 51
84 6 -79
84 7 76
84 11 93
84 21 -29
84 23 29
84 27 71
84 30 54
84 31 6
84 32 -63
84 33 19
84 35 25
84 46 -4
84 50 -55
84 51 -35
84 59 62
84 61 84
84 66 -51
84 74 -6
84 76 22
84 81 16
84 82 61
84 83 88
84 84 96
84 86 -19
85 6 14
85 7 -15
85 10 26
85 11 -5
85 17 67
85 24 68
85 31 -46
85 32 -18
85 33 22
85 34 3
85 36 -25
85 37 19
85 38 10
85 45 -20
85 46 5
85 47 -76
85 55 -97
85 63 4
85 67 -75
85 70 -56
85 72 82
85 78 80
85 79 14
85 83 28
85 84 -16
85 86 -100
85 94 -83
85 96 82
85 98 -82
86 1 8
86 14 -81
86 15 39
86 21 5
86 25 -19
86 28 -64
86 34 72
86 38 47
86 41 12
86 45 70
86 61 -39
86 63 77
86 67 87
86 80 -17
86 83 -12
86 87 88
86 89 -45
86 91 -38
86 94 -43
86 97 25
87 0 -50
87 1 -98
87 6 1
87 7 63
87 9 88
87 11 56
87 15 -94
87 16 -77
87 27 9
87 28 -31
87 29 72
87 37 -37
87 41 -35
87 45 53
87 51 -80
87 55 -46
87 57 -23
87 58 -97
87 71 14
87 72 16
87 76 26
87 78 -7
87 81 -74
87 86 -20
87 93 -4
87 99 30
88 2 -46
88 6 -10
88 8 81
88 9 -16
88 10 -30
88 12 -57
88 19 38
88 21 21
88 24 16
88 30 -29
88 38 93
88 42 -25
88 43 10
88 48 22
88 55 92
88 57 35
88 63 97
88 64 -28
88 71 -91
88 76 -64
88 77 -85
88 79 11
88 88 -61
88 91 69
88 92 -25
88 95 29
88 99 87
89 0 -7
89 8 -35
89 12 -53
89 17 94
89 19 83
89 21 -26
89 24 -17
89 25 5
89 35 60
89 36 62
89 59 -10
89 64 -49
89 66 -2
89 67 -35
89 70 6
89 72 62
89 80 73
89 86 -26
89 88 83
89 95 75
90 0 -78
90 2 -64
90 4 -54
90 5 -44
90 6 46
90 8 -82
90 10 14
90 11 79
90 13 95
90 14 -85
90 16 -25
90 18 32
90 22 -65
90 24 -86
90 28 -98
90 35 -56
90 37 37
90 39 31
90 40 64
90 50 35
90 54 -45
90 56 -18
90 59 -83
90 60 20
90 63 17
90 70 4
90 71 -88
90 79 55
90 80 49
90 82 49
90 84 -42
90 86 -39
90 89 -43
90 92 -62
90 93 54
90 97 12
90 99 50
91 0 30
91 3 63
91 6 -16
91 8 42
91 15 100
91 16 -44
91 17 -21
91 28 -29
91 32 -17
91 37 -82
91 40 -96
91 42 -55
91 60 17
91 61 23
91 64 -23
91 66 -3
91 70 -46
91 71 -84
91 74 90
91 75 72
91 77 -78
91 78 90
91 79 46
91 84 -30
91 87 34
91 91 -12
91 92 96
91 94 29
91 95 45
92 0 82
92 2 -5
92 5 41
92 9 19
92 11 32
92 12 -52
92 15 -35
92 23 -77
92 25 19
92 27 -94
92 31 57
92 34 -50
92 37 -49
92 42 74
92 46 41
92 47 33
92 53 -18
92 54 47
92 55 99
92 56 63
92 63 13
92 64 36
92 68 -92
92 75 70
92 77 -68
92 78 53
92 81 -85
92 88 57
92 93 53
92 94 82
93 0 99
93 1 29
93 24 -80
93 28 40
93 29 7
93 36 -26
93 43 8
93 48 -71
93 55 94
93 62 -57
93 64 18
93 65 -56
93 66 23
93 69 94
93 70 -30
93 72 59
93 77 -55
93 78 -95
93 83 -25
93 84 86
93 85 -37
93 90 -67
93 91 83
93 93 71
93 95 -47
93 96 -74
93 97 -80
93 98 -73
94 6 51
94 10 -59
94 14 -38
94 24 56
94 25 -68
94 33 -9
94 34 -5
94 36 50
94 39 85
94 43 24
94 44 -39
94 49 -80
94 51 23
94 53 -96
94 54 11
94 63 -85
94 69 31
94 70 -54
94 71 -21
94 75 99
94 76 -33
94 79 36
94 82 77
94 84 -9
94 85 -58
94 94 -100
94 96 64
95 0 -59
95 4 32
95 8 44
95 11 81
95 12 56
95 16 62
95 22 81
95 25 -35
95 27 62
95 29 26
95 30 -97
95 31 86
95 32 -47
95 37 93
95 38 -50
95 39 11
95 42 -60
95 46 29
95 49 -16
95 51 -79
95 55 -15
95 59 -19
95 61 25
95 64 -25
95 69 72
95 71 67
95 72 -98
95 75 -5
95 79 -22
95 81 -4
95 84 -48
95 87 -38
95 93 -20
96 0 39
96 2 45
96 6 -1
96 13 59
96 20 98
96 22 -75
96 25 -90
96 27 -22
96 28 -90
96 30 -2
96 32 38
96 41 -19
96 44 7
96 47 18
96 49 95
96 50 -44
96 54 42
96 56 65
96 57 -72
96 58 -49
96 59 -3
96 62 -11
96 75 38
96 78 -16
96 86 32
96 90 55
96 91 66
96 94 48
96 95 -89
97 7 64
97 9 38
97 12 -53
97 15 -85
97 18 -50
97 23 64
97 26 -7
97 28 -10
97 32 68
97 36 10
97 37 95
97 40 66
97 42 -64
97 43 48
97 44 96
97 46 1
97 48 81
97 49 -77
97 54 -20
97 56 -47
97 58 80
97 62 90
97 64 -53
97 65 13
97 66 54
97 69 65
97 70 72
97 76 -93
97 77 94
97 82 46
97 90 -57
97 95 -3
97 96 29
97 98 61
98 2 28
98 4 -80
98 6 -60
98 8 52
98 20 33
98 25 -2
98 37 -93
98 41 25
98 44 -62
98 46 -11
98 47 32
98 48 -17
98 51 82
98 56 -19
98 59 34
98 62 71
98 66 -80
98 69 -36
98 76 -1
98 79 -32
98 80 30
98 83 -20
98 88 51
98 89 40
98 94 -77
98 97 61
98 99 -81
99 2 -51
99 8 -66
99 12 -87
99 14 43
99 15 -40
99 18 36
99 25 -87
99 26 54
99 27 -1
99 28 52
99 30 -66
99 33 -6
99 35 -3
99 39 4
99 41 -49
99 47 -31
99 48 76
99 65 -8
99 70 -17
99 73 -68
99 74 -25
99 83 -27
99 85 63
99 88 6
99 90 34
99 91 -54
99 92 -88
99 96 5