0 6 -3
0 7 -98
0 21 -33
0 22 -8
0 25 34
0 26 -21
0 40 83
0 42 40
0 43 96
0 44 -2
0 46 75
0 48 -23
0 49 -50
0 50 70
0 51 20
0 53 -79
0 56 71
0 59 -34
0 68 86
0 69 4
0 73 -89
0 74 91
0 77 -59
0 83 -22
0 87 79
0 90 -42
0 92 -61
0 98 -34
1 1 69
1 16 -16
1 19 -64
1 23 33
1 24 5
1 26 -99
1 27 5
1 30 36
1 31 88
1 32 97
1 35 -46
1 38 -11
1 41 72
1 46 -76
1 48 -99
1 49 -34
1 51 -40
1 56 42
1 61 39
1 69 -80
1 74 -71
1 82 -36
1 96 -27
1 98 -60
1 99 96
2 4 52
2 7 -46
2 13 44
2 19 94
2 23 100
2 30 -75
2 39 69
2 42 -11
2 47 -64
2 54 -27
2 56 45
2 58 -57
2 65 54
2 67 -45
2 72 40
2 95 43
2 96 52
2 97 42
3 3 -51
3 4 -39
3 11 -36
3 15 4
3 19 61
3 20 72
3 50 -54
3 51 70
3 54 81
3 59 -56
3 61 47
3 65 -98
3 68 -1
3 69 13
3 80 -90
3 81 -2
3 84 76
3 99 -31
4 12 -3
4 13 -2
4 40 36
4 41 -74
4 47 82
4 48 -96
4 52 -3
4 54 -96
4 55 -16
4 58 39
4 59 20
4 62 59
4 63 85
4 68 -40
4 77 49
4 80 -18
4 89 28
4 91 -70
4 94 43
5 4 -22
5 7 68
5 15 -20
5 20 -89
5 25 -41
5 30 14
5 31 53
5 36 20
5 40 -38
5 45 -25
5 52 -78
5 53 -25
5 56 -3
5 66 -75
5 70 -72
5 72 33
5 77 1
5 80 -98
5 87 -46
5 88 -85
6 1 43
6 2 -80
6 5 -53
6 19 13
6 36 -100
6 46 -18
6 47 -30
6 57 56
6 60 66
6 64 -95
6 66 -71
6 71 76
6 75 48
6 85 -71
6 91 86
6 94 -32
6 98 22
7 5 60
7 7 -28
7 9 -56
7 12 -62
7 13 -84
7 23 34
7 25 -81
7 37 37
7 38 24
7 40 -64
7 41 -33
7 44 81
7 48 3
7 56 -5
7 60 -15
7 68 91
7 70 54
7 71 -36
7 73 -59
7 81 23
7 84 -97
7 86 -38
7 90 53
7 91 48
8 2 31
8 9 -61
8 11 79
8 16 32
8 25 -3
8 26 43
8 28 -89
8 30 -83
8 39 56
8 42 -29
8 44 -21
8 47 78
8 50 43
8 56 7
8 58 -82
8 63 -20
8 64 32
8 73 -98
8 79 47
8 88 -73
8 96 -95
9 1 21
9 14 -6
9 31 75
9 63 17
9 71 -100
9 89 -64
9 91 58
9 99 33
10 1 61
10 5 -59
10 7 -4
10 21 -72
10 25 -69
10 27 -96
10 47 36
10 50 -80
10 54 -79
10 66 71
10 73 -67
10 76 -93
10 82 70
11 11 -17
11 12 28
11 15 -35
11 18 -100
11 22 -33
11 30 -7
11 32 96
11 46 81
11 54 56
11 62 78
11 64 -51
11 71 -10
11 74 7
11 79 -72
11 84 6
11 87 -40
12 0 -39
12 14 -25
12 15 14
12 20 -85
12 21 -84
12 24 -68
12 26 45
12 33 -98
12 35 13
12 49 42
12 52 -71
12 63 -35
12 72 68
12 81 -92
12 87 -91
12 90 -93
12 93 28
12 99 -77
13 4 -26
13 31 46
13 35 71
13 62 56
13 67 1
13 74 76
13 76 -27
13 81 50
13 82 72
13 83 -90
13 87 -57
13 93 3
13 97 52
14 14 45
14 18 2
14 20 63
14 25 72
14 50 73
14 56 -93
14 57 -48
14 60 8
14 65 -30
14 77 39
14 98 80
14 99 63
15 2 3
15 3 -52
15 5 -39
15 8 78
15 23 69
15 28 62
15 48 -39
15 55 -36
15 60 95
15 67 -89
15 71 29
15 76 -78
15 78 -41
15 87 -89
15 88 98
15 91 65
16 1 76
16 3 -19
16 5 9
16 11 30
16 12 45
16 20 65
16 35 51
16 36 37
16 39 65
16 41 -52
16 43 46
16 46 -72
16 58 -38
16 67 99
16 72 -80
16 79 -84
16 83 -36
16 85 -51
16 91 79
16 98 45
17 3 67
17 12 89
17 13 -83
17 15 -83
17 22 -98
17 24 -85
17 30 89
17 36 99
17 38 -77
17 39 -15
17 41 -57
17 47 -70
17 49 -68
17 55 -98
17 56 -76
17 58 -10
17 65 67
17 73 -8
17 76 53
17 78 45
17 85 94
17 87 -95
17 89 29
17 93 -54
18 1 -8
18 3 24
18 4 78
18 11 -86
18 17 24
18 18 5
18 23 92
18 26 -23
18 33 44
18 39 3
18 45 -41
18 47 84
18 60 -42
18 68 -100
18 70 -26
18 74 -63
18 76 20
18 78 68
18 82 54
18 86 30
18 97 13
19 3 -79
19 13 -99
19 20 9
19 21 -58
19 30 -67
19 32 -17
19 33 -55
19 43 -3
19 46 65
19 54 39
19 61 77
19 62 -62
19 85 -88
19 88 -88
19 89 -18
19 93 70
19 94 68
20 2 -26
20 6 4
20 11 -5
20 14 -40
20 19 15
20 20 92
20 25 69
20 30 35
20 32 85
20 34 20
20 42 79
20 43 86
20 54 79
20 55 -74
20 61 -88
20 62 -88
20 66 27
20 67 -24
20 71 -14
20 73 48
20 74 24
20 87 72
20 88 -8
20 98 -74
21 5 26
21 8 83
21 23 -46
21 26 -45
21 29 -76
21 36 -70
21 44 -65
21 50 -39
21 58 67
21 61 -81
21 66 85
21 70 89
21 75 -20
21 77 24
21 79 -11
21 82 -3
21 84 76
21 88 -52
21 91 -22
21 99 -71
22 2 76
22 15 -1
22 23 97
22 28 69
22 42 30
22 61 -28
22 70 46
22 77 -73
22 82 -51
22 84 73
22 95 50
22 99 27
23 0 -50
23 5 66
23 22 13
23 26 -64
23 29 58
23 31 70
23 37 15
23 38 -64
23 39 90
23 44 44
23 45 96
23 46 -24
23 49 65
23 54 -44
23 58 -57
23 74 -97
23 80 -93
23 89 -9
23 94 -26
23 95 49
23 96 -50
24 2 -42
24 11 40
24 17 47
24 23 -100
24 33 -42
24 46 35
24 47 8
24 52 -24
24 54 59
24 59 -20
24 60 98
24 75 -24
24 78 -4
24 82 -22
24 85 17
24 91 86
24 94 -39
24 97 -57
25 10 70
25 23 -82
25 35 54
25 38 -49
25 44 63
25 45 -64
25 60 -83
25 63 -42
25 67 -26
25 72 3
25 74 81
25 79 -49
25 80 76
25 81 -37
25 86 43
25 89 -88
25 91 -14
26 6 90
26 12 78
26 15 -92
26 16 31
26 20 80
26 21 -45
26 22 -66
26 27 -87
26 29 -93
26 31 80
26 32 11
26 36 22
26 43 29
26 49 -69
26 50 54
26 55 56
26 61 -92
26 73 68
26 74 -96
26 87 -65
26 92 100
26 93 25
26 96 74
26 97 61
26 99 79
27 3 -24
27 10 33
27 16 -42
27 25 -22
27 27 35
27 36 -8
27 38 -33
27 39 20
27 46 9
27 62 24
27 64 70
27 66 41
27 74 -58
27 85 -50
27 87 36
27 92 81
27 97 23
28 2 -31
28 12 4
28 18 64
28 21 50
28 22 -63
28 23 4
28 27 31
28 31 -27
28 32 82
28 33 -69
28 36 -11
28 44 -60
28 50 -6
28 58 14
28 60 66
28 64 47
28 67 84
28 72 -46
28 76 -6
28 81 -30
28 86 76
28 91 -61
29 3 -89
29 4 -84
29 13 26
29 16 -72
29 22 61
29 29 12
29 32 96
29 37 -97
29 49 -29
29 70 -46
29 75 -60
29 79 33
29 82 18
30 5 52
30 7 -62
30 9 -86
30 14 58
30 17 -53
30 26 -5
30 37 84
30 41 88
30 42 78
30 46 88
30 48 50
30 56 -95
30 58 -95
30 67 -42
30 74 -80
30 76 23
30 77 62
30 89 67
30 91 75
31 0 -1
31 5 -83
31 8 -70
31 10 30
31 12 -11
31 15 -23
31 26 63
31 27 1
31 29 72
31 40 76
31 50 -15
31 53 56
31 55 -97
31 56 -57
31 63 -1
31 65 55
31 72 -99
31 84 66
31 93 -70
32 4 56
32 18 -71
32 25 23
32 37 64
32 40 51
32 45 62
32 47 2
32 53 85
32 57 57
32 61 -46
32 66 64
32 71 -84
32 81 32
32 85 46
32 86 83
32 87 -11
32 89 -62
32 96 100
32 98 20
33 8 -77
33 14 -17
33 20 -11
33 32 -12
33 36 94
33 53 -47
33 54 -54
33 57 29
33 59 58
33 61 63
33 62 32
33 66 54
33 67 83
33 72 -73
33 73 -91
33 76 -60
33 79 -22
33 82 -41
34 3 -40
34 6 -35
34 9 -72
34 13 -70
34 30 50
34 47 26
34 58 -83
34 74 -47
34 81 26
34 82 -95
34 84 96
34 94 60
35 1 44
35 10 10
35 26 -64
35 40 -58
35 47 -7
35 52 -70
35 65 -2
35 66 -53
35 69 -10
35 70 -32
35 71 -81
35 74 73
35 76 -49
35 77 -98
35 78 69
35 84 79
35 86 61
35 90 12
35 91 -36
35 97 -58
35 98 4
36 1 -77
36 3 -28
36 5 -50
36 9 -57
36 15 -77
36 29 -48
36 38 4
36 40 54
36 42 4
36 51 77
36 60 40
36 72 -28
36 75 8
36 78 -13
36 82 9
36 89 -30
37 3 97
37 8 71
37 10 17
37 12 -86
37 20 -65
37 21 69
37 35 -42
37 45 16
37 49 12
37 53 -2
37 54 63
37 60 -35
37 61 64
37 70 72
37 76 88
37 81 -6
37 89 -90
37 94 -87
38 0 68
38 5 -79
38 7 83
38 10 -87
38 19 78
38 31 18
38 33 38
38 43 34
38 49 -92
38 54 -58
38 62 -63
38 72 95
38 74 -46
38 76 87
38 79 -4
38 96 -29
39 1 -66
39 5 78
39 9 41
39 10 -81
39 23 13
39 29 -47
39 31 -77
39 33 77
39 37 -54
39 43 -63
39 50 -7
39 53 39
39 54 60
39 57 -56
39 63 -100
39 67 42
39 69 84
39 76 -40
39 78 65
39 80 -68
39 87 58
40 8 52
40 9 -94
40 10 -62
40 11 90
40 14 -87
40 17 -96
40 33 -21
40 43 -51
40 45 58
40 49 -87
40 50 -54
40 57 45
40 71 2
40 74 -43
40 76 89
40 77 45
41 16 -94
41 20 8
41 24 -83
41 26 98
41 33 -55
41 41 -99
41 42 13
41 53 90
41 57 -57
41 67 -16
41 71 21
41 80 -25
41 91 -32
41 97 98
41 99 65
42 8 -60
42 15 -15
42 18 -30
42 19 92
42 24 -10
42 28 -94
42 31 11
42 32 44
42 40 82
42 44 56
42 45 -28
42 49 -41
42 63 81
42 64 -47
42 68 -94
42 70 8
42 79 13
42 82 -95
42 86 -13
42 87 -27
42 88 92
42 93 21
42 95 -18
42 97 -86
42 98 -80
43 2 76
43 3 -85
43 7 55
43 8 -10
43 11 -93
43 14 -27
43 15 -63
43 22 -82
43 32 -52
43 33 15
43 47 -85
43 58 -95
43 61 29
43 62 -87
43 64 11
43 80 -60
43 84 39
43 91 73
43 99 21
44 3 -5
44 6 -11
44 13 5
44 20 -69
44 21 -6
44 37 56
44 40 -83
44 41 46
44 44 40
44 45 8
44 46 -3
44 48 -88
44 50 26
44 59 -59
44 62 31
44 78 6
44 80 64
44 82 -16
44 88 1
44 99 -20
45 0 58
45 2 81
45 3 82
45 11 98
45 12 49
45 14 -46
45 22 -80
45 23 58
45 24 -60
45 27 70
45 32 -34
45 33 -60
45 35 11
45 50 -32
45 61 -68
45 66 -89
45 67 66
45 68 31
45 69 13
45 72 35
45 77 -88
45 80 25
45 83 -62
45 84 44
46 0 -3
46 16 -55
46 30 55
46 33 -73
46 47 99
46 48 -43
46 53 65
46 57 58
46 63 77
46 68 -83
46 77 -45
46 79 -80
46 84 -93
46 90 83
46 93 -30
47 4 56
47 9 39
47 10 45
47 20 -25
47 21 35
47 33 -26
47 36 -40
47 39 32
47 40 -10
47 42 47
47 53 63
47 56 -66
47 58 -5
47 66 -75
47 76 -32
47 85 23
47 97 49
48 2 57
48 8 67
48 10 -21
48 17 -42
48 22 92
48 23 99
48 26 -51
48 33 -6
48 35 36
48 45 77
48 47 2
48 48 27
48 50 -100
48 52 93
48 56 -28
48 58 -41
48 63 -78
48 69 -96
48 75 -92
48 78 -11
48 79 48
48 83 -94
48 87 76
49 1 -91
49 7 77
49 10 71
49 12 52
49 21 63
49 23 -21
49 28 -79
49 29 -90
49 32 -70
49 34 -38
49 44 -77
49 48 79
49 50 60
49 51 -12
49 59 -73
49 71 21
49 82 -43
49 83 -24
49 88 -15
49 94 -65
49 99 -66
50 3 -92
50 16 99
50 17 6
50 18 10
50 30 63
50 31 -66
50 36 -58
50 37 5
50 39 -22
50 59 4
50 65 -98
50 68 -32
50 75 12
50 77 -66
50 88 -62
50 89 33
50 93 28
51 0 -4
51 1 -84
51 7 -59
51 8 96
51 9 -74
51 21 -51
51 24 100
51 32 -16
51 35 -3
51 38 -32
51 41 82
51 51 31
51 54 -16
51 57 -52
51 61 59
51 65 74
51 71 17
51 75 41
51 84 -66
51 86 -27
51 87 79
51 95 27
52 3 -89
52 7 -49
52 19 -27
52 26 -51
52 30 -80
52 33 3
52 35 51
52 52 77
52 53 31
52 60 -90
52 74 -96
52 75 22
52 77 6
52 81 -6
52 88 73
52 89 90
52 92 70
52 94 8
52 96 44
53 1 -18
53 4 -4
53 8 -100
53 9 69
53 19 2
53 22 -87
53 33 -41
53 41 79
53 42 35
53 44 91
53 45 38
53 49 -49
53 52 -36
53 56 -90
53 73 71
53 81 -83
53 83 -10
53 85 83
53 89 -100
54 4 70
54 6 79
54 7 -14
54 14 32
54 33 70
54 34 46
54 49 -43
54 51 50
54 55 54
54 56 12
54 68 -16
54 77 -34
54 82 68
54 83 -64
54 93 -46
54 97 -72
55 6 27
55 8 36
55 17 -75
55 29 2
55 30 73
55 34 -93
55 39 79
55 44 3
55 48 97
55 49 54
55 53 28
55 54 84
55 56 -60
55 65 92
55 66 -9
55 67 -75
55 70 75
55 72 81
55 80 -6
55 86 13
55 90 36
55 96 13
56 2 -86
56 7 -58
56 8 76
56 9 71
56 11 -30
56 12 -83
56 16 -1
56 20 53
56 27 81
56 29 -31
56 33 -100
56 39 -95
56 40 37
56 46 -83
56 49 32
56 51 3
56 52 18
56 53 90
56 56 -82
56 59 7
56 66 24
56 70 -66
56 77 33
56 79 -42
56 82 11
56 91 -95
56 92 -64
57 1 32
57 5 19
57 9 82
57 14 -95
57 35 84
57 37 85
57 40 50
57 42 54
57 45 62
57 47 80
57 54 33
57 57 74
57 58 23
57 59 79
57 61 -62
57 62 -52
57 72 71
57 86 85
57 87 58
57 89 7
57 95 59
58 11 65
58 23 -91
58 26 -11
58 28 -42
58 36 77
58 46 -11
58 49 64
58 55 25
58 56 12
58 67 -50
58 68 14
58 79 -21
58 81 -80
58 85 -63
58 87 -25
58 89 59
58 92 -40
58 93 -37
59 2 68
59 10 -80
59 13 -31
59 14 67
59 26 9
59 29 -29
59 31 -4
59 34 92
59 36 -5
59 37 75
59 38 67
59 67 -59
59 70 37
59 75 79
59 80 -94
59 93 -24
60 3 -1
60 9 -51
60 11 60
60 12 67
60 25 82
60 27 35
60 28 -88
60 38 76
60 39 29
60 48 -39
60 49 43
60 51 2
60 54 82
60 55 66
60 60 -49
60 61 -55
60 66 35
60 67 -27
60 71 63
60 76 68
60 85 -62
60 86 -93
60 93 -75
60 94 56
60 97 65
61 5 68
61 15 23
61 17 -36
61 18 45
61 19 17
61 20 79
61 21 -78
61 29 76
61 30 90
61 31 67
61 34 -55
61 39 76
61 43 -19
61 63 95
61 65 -95
61 67 -32
61 86 -12
61 89 -89
61 97 -54
62 1 -1
62 2 57
62 9 69
62 20 64
62 22 42
62 23 -48
62 25 -34
62 28 78
62 37 31
62 45 76
62 48 42
62 51 -77
62 52 95
62 70 -8
62 72 72
62 75 73
62 76 35
62 77 1
62 78 6
62 80 -86
62 86 14
62 89 39
62 90 74
62 96 -97
63 15 -75
63 20 -84
63 25 -80
63 52 72
63 64 66
63 69 -30
63 74 42
63 82 -45
63 87 66
63 88 37
64 0 -35
64 8 57
64 9 22
64 17 97
64 25 -87
64 29 80
64 31 -34
64 34 84
64 37 15
64 44 -19
64 52 -95
64 54 5
64 58 -21
64 69 55
64 74 -52
64 76 -54
64 89 98
64 92 -37
64 96 -27
64 97 43
65 3 -35
65 9 -41
65 17 80
65 22 -27
65 23 -50
65 25 88
65 27 49
65 30 -63
65 31 -70
65 32 -44
65 33 35
65 38 -29
65 39 68
65 44 -44
65 54 -23
65 56 5
65 57 77
65 62 -13
65 73 -71
65 74 79
65 83 73
65 87 -77
65 92 -53
65 99 55
66 7 -31
66 16 30
66 26 -14
66 29 -13
66 38 -80
66 41 -32
66 44 -68
66 53 -49
66 66 38
66 76 -65
66 78 -35
66 80 -3
66 81 -89
66 82 -51
66 83 -49
66 87 76
66 90 -70
66 92 97
67 12 -58
67 17 -72
67 23 56
67 41 39
67 44 56
67 50 68
67 72 79
67 78 83
67 79 92
67 86 -68
67 88 -71
68 2 -92
68 3 -59
68 4 3
68 5 -88
68 7 -77
68 15 -58
68 28 59
68 37 -56
68 38 85
68 42 -34
68 48 -84
68 50 54
68 61 -98
68 63 -52
68 67 68
68 68 -71
68 77 -33
68 86 14
68 97 32
69 9 12
69 17 -94
69 21 59
69 29 61
69 33 60
69 35 -55
69 37 99
69 38 16
69 43 -12
69 44 19
69 50 81
69 57 -39
69 63 -13
69 64 -82
69 65 -51
69 66 65
69 73 -42
69 78 -4
69 80 20
69 82 -44
69 84 91
69 87 -56
69 96 -98
70 5 -36
70 6 22
70 14 84
70 28 40
70 33 71
70 38 -94
70 46 57
70 61 -99
70 73 39
70 75 93
70 81 74
70 83 -11
70 84 -40
70 96 -76
71 7 36
71 12 8
71 16 -50
71 18 39
71 19 -51
71 28 76
71 29 -37
71 34 -42
71 44 -28
71 47 -12
71 54 -86
71 55 61
71 64 -8
71 66 -79
71 68 -62
71 69 4
71 76 97
71 77 54
71 82 -76
71 83 65
71 85 -72
71 86 -20
71 96 6
71 98 -1
72 1 -88
72 12 75
72 19 -77
72 26 -29
72 27 -43
72 31 71
72 40 75
72 57 20
72 68 -11
72 72 10
72 78 -76
72 79 -27
72 85 87
72 87 -90
72 96 -99
72 98 -84
73 7 38
73 10 33
73 12 36
73 16 -67
73 31 28
73 32 98
73 34 73
73 36 79
73 40 -7
73 57 92
73 58 -100
73 65 -82
73 67 -90
73 69 -82
73 70 -25
73 79 -23
73 83 -20
73 87 -8
73 88 -24
73 89 -5
73 90 -96
73 92 17
73 96 -56
73 98 88
74 5 13
74 7 59
74 9 67
74 10 -96
74 25 78
74 27 46
74 37 -27
74 46 -59
74 56 85
74 58 -78
74 60 9
74 71 71
74 75 -51
74 81 -37
74 82 89
74 91 6
74 92 -84
75 1 47
75 22 -34
75 23 -93
75 34 23
75 36 87
75 38 -69
75 41 -92
75 52 -35
75 58 -67
75 59 89
75 65 40
75 70 77
75 73 65
75 74 -81
75 75 -30
75 76 -63
75 80 -92
75 84 -17
75 90 -21
75 95 19
76 3 73
76 10 14
76 11 -11
76 17 81
76 18 -92
76 19 80
76 25 -2
76 26 -28
76 46 -18
76 52 -71
76 53 -99
76 64 -60
76 66 68
76 69 -92
76 74 25
76 78 -92
76 80 100
76 85 -36
76 87 -50
76 89 -50
76 92 63
77 1 -43
77 4 -42
77 5 -67
77 6 82
77 12 12
77 14 -68
77 20 -5
77 29 -69
77 48 51
77 51 41
77 54 59
77 57 45
77 60 23
77 64 -67
77 65 -59
77 68 -69
77 72 -90
77 74 -1
77 75 54
77 78 -22
77 79 -21
77 80 -84
77 90 25
78 1 -95
78 4 -82
78 15 -75
78 21 26
78 24 -94
78 37 -47
78 39 70
78 42 33
78 44 41
78 58 -31
78 69 -44
78 77 -75
78 78 11
78 79 -98
78 81 -12
78 84 81
78 91 -29
78 92 64
78 93 35
78 94 -75
78 99 78
79 3 -35
79 5 4
79 6 70
79 9 15
79 21 -21
79 24 -18
79 25 24
79 26 35
79 30 58
79 34 98
79 41 89
79 45 -22
79 46 -55
79 47 -96
79 49 -23
79 50 100
79 68 6
79 72 -33
79 76 -19
79 79 87
79 81 92
79 87 -93
79 90 36
80 1 -16
80 7 81
80 11 93
80 12 82
80 21 29
80 28 83
80 43 17
80 51 33
80 61 -7
80 63 85
80 67 56
80 68 -25
80 69 -77
80 70 -26
80 72 31
80 79 -92
80 83 -23
80 88 -58
80 93 76
80 95 70
80 98 85
81 0 87
81 10 72
81 12 14
81 15 18
81 17 45
81 20 35
81 22 94
81 28 -71
81 31 -43
81 39 -4
81 42 -46
81 43 100
81 47 43
81 54 38
81 55 52
81 65 72
81 68 57
81 76 17
81 80 100
81 87 55
81 90 1
81 91 14
81 93 27
81 98 27
81 99 -75
82 0 64
82 4 -60
82 5 51
82 10 59
82 14 38
82 15 86
82 20 65
82 25 -77
82 33 59
82 35 82
82 44 7
82 49 -7
82 55 33
82 56 79
82 67 85
82 74 58
82 89 -26
82 90 -62
82 97 46
83 7 -33
83 9 -93
83 12 -50
83 15 -52
83 23 9
83 30 16
83 39 -83
83 40 -51
83 41 -52
83 42 -77
83 43 -87
83 44 16
83 58 -20
83 59 98
83 68 -36
83 80 -57
83 82 -17
83 83 -33
83 93 16
83 97 45
84 7 6
84 8 89
84 12 -45
84 14 74
84 39 -33
84 41 80
84 42 -82
84 47 26
84 48 17
84 50 -67
84 57 62
84 60 -33
84 62 -92
84 67 -31
84 69 61
84 72 80
84 96 -1
85 13 5
85 14 -5
85 16 -100
85 22 -70
85 24 -78
85 26 -16
85 29 50
85 32 23
85 43 -80
85 45 -16
85 49 56
85 53 17
85 63 -100
85 64 65
85 65 65
85 66 -12
85 83 4
85 84 -66
85 97 74
85 99 68
86 8 -22
86 26 26
86 29 -49
86 46 -73
86 55 -92
86 61 26
86 66 65
86 67 -77
86 72 -12
86 79 -50
86 88 77
86 90 95
86 96 94
87 1 -33
87 4 36
87 5 -54
87 10 10
87 19 44
87 25 47
87 33 -10
87 36 86
87 43 31
87 53 -79
87 56 48
87 64 -75
87 68 55
87 77 -2
87 78 79
87 81 38
87 84 -87
87 87 65
88 11 4
88 24 -50
88 26 -52
88 30 55
88 31 97
88 36 14
88 37 -16
88 56 74
88 57 76
88 65 5
88 71 13
88 73 -25
88 77 -2
88 81 -58
88 82 -29
88 91 -97
88 92 45
88 96 -71
89 2 2
89 3 -99
89 7 -59
89 21 -81
89 24 89
89 33 -27
89 38 -87
89 43 -2
89 51 71
89 56 -81
89 59 -92
89 62 66
89 65 73
89 69 -56
89 70 -61
89 74 53
89 83 -47
89 87 -7
89 93 -49
90 11 -17
90 12 77
90 18 -24
90 24 8
90 37 95
90 38 63
90 51 -40
90 68 -39
90 70 -17
90 73 -11
90 74 43
90 86 17
90 89 81
91 6 6
91 21 -43
91 22 48
91 34 49
91 35 78
91 50 -91
91 59 24
91 63 3
91 77 -18
91 84 70
91 89 -35
91 98 78
92 9 -95
92 11 94
92 13 -85
92 14 -27
92 15 -36
92 24 -36
92 27 -44
92 38 89
92 49 -81
92 58 49
92 65 13
92 67 -67
92 71 -1
92 72 19
92 77 71
92 79 -99
92 90 89
92 92 93
92 94 -82
93 2 81
93 4 -26
93 9 82
93 11 -92
93 13 49
93 18 8
93 25 -57
93 27 -82
93 28 53
93 33 3
93 34 4
93 40 -42
93 51 -76
93 54 -11
93 61 -37
93 63 -73
93 67 20
93 72 73
93 75 89
93 81 -74
93 86 35
94 4 -18
94 12 -64
94 15 90
94 19 -21
94 21 -19
94 25 96
94 28 -39
94 34 33
94 35 44
94 47 61
94 48 77
94 50 75
94 53 -63
94 57 -59
94 61 6
94 72 53
94 73 23
94 75 -62
94 81 -73
95 1 30
95 6 -60
95 11 -15
95 20 68
95 28 20
95 33 -97
95 35 -10
95 37 -78
95 39 100
95 48 37
95 49 32
95 52 56
95 77 -85
95 78 25
95 89 29
95 94 -58
95 97 -61
96 1 -96
96 2 24
96 6 -1
96 17 -72
96 32 60
96 34 33
96 35 35
96 47 10
96 50 -99
96 52 38
96 55 80
96 64 -60
96 66 -75
96 70 -92
96 71 91
96 72 -76
96 73 26
96 88 -72
96 90 27
96 92 -93
96 95 85
96 99 81
97 20 -45
97 21 -95
97 27 1
97 38 -40
97 43 -23
97 53 92
97 57 86
97 58 31
97 62 81
97 65 92
97 66 82
97 68 38
97 69 -99
97 83 -42
97 85 79
97 86 -14
97 87 56
97 91 -75
97 94 -67
97 96 -52
98 4 -39
98 9 -26
98 12 -86
98 15 9
98 17 23
98 20 -57
98 22 26
98 24 -17
98 33 -65
98 34 22
98 39 -98
98 44 73
98 45 64
98 47 -22
98 54 47
98 60 -67
98 63 -83
98 70 25
98 79 -1
98 80 -73
98 85 -34
98 88 28
98 91 57
98 94 69
98 95 -29
98 98 -4
99 2 -42
99 3 13
99 6 89
99 9 92
99 15 -81
99 21 92
99 22 57
99 28 43
99 36 -5
99 43 53
99 53 46
99 54 -12
99 77 57
99 79 -6
99 88 -68
99 93 19
99 99 63