0 3 -59
0 7 55
0 9 -15
0 11 18
0 12 -18
0 20 12
0 23 84
0 27 -43
0 30 61
0 32 92
0 35 -29
0 37 -32
0 43 -72
0 50 25
0 58 -28
0 59 25
0 73 -43
0 75 75
0 78 53
0 81 -31
0 83 51
0 86 -85
0 87 -84
0 89 -13
0 92 26
0 94 49
0 97 88
1 0 -77
1 5 -47
1 7 -52
1 11 47
1 19 -98
1 21 -31
1 23 31
1 24 -40
1 26 38
1 31 2
1 35 79
1 46 10
1 47 -35
1 48 -81
1 49 -3
1 50 -3
1 54 -10
1 58 9
1 61 45
1 62 17
1 66 40
1 69 -11
1 75 28
1 79 -43
1 81 -62
1 83 22
1 86 -78
1 90 -15
1 92 -81
1 93 -84
1 94 56
1 95 6
1 97 3
1 99 -58
2 2 18
2 7 -40
2 15 94
2 17 -74
2 18 -4
2 20 -93
2 22 12
2 24 10
2 25 -100
2 27 46
2 30 44
2 34 33
2 36 -84
2 38 -73
2 39 11
2 46 98
2 51 -2
2 57 -17
2 58 17
2 59 -100
2 65 31
2 68 82
2 70 30
2 71 -50
2 74 -48
2 76 -48
2 80 -42
2 83 -51
2 84 -52
2 88 -44
2 93 85
2 97 -47
3 1 15
3 2 -51
3 3 79
3 6 -66
3 7 63
3 10 35
3 11 -17
3 14 -40
3 15 -13
3 16 51
3 17 32
3 20 81
3 23 96
3 27 -36
3 28 59
3 30 -11
3 31 -50
3 37 -52
3 42 -100
3 47 3
3 49 20
3 56 68
3 58 61
3 62 -39
3 65 96
3 67 19
3 71 -45
3 74 84
3 77 71
3 79 -47
3 87 43
3 91 -85
3 94 -40
3 95 26
4 1 -92
4 2 -33
4 5 -2
4 6 -81
4 9 7
4 10 -3
4 14 -41
4 16 -68
4 19 -100
4 20 -83
4 22 97
4 24 -14
4 26 48
4 27 -94
4 29 -84
4 31 -11
4 32 -61
4 33 80
4 37 75
4 43 -20
4 47 -64
4 50 1
4 53 31
4 56 32
4 57 55
4 65 -30
4 66 -17
4 68 81
4 69 -21
4 70 16
4 71 4
4 72 55
4 78 8
4 79 65
4 81 54
4 82 -48
4 86 -10
4 91 -46
4 97 14
5 4 61
5 7 15
5 9 -69
5 10 -3
5 13 50
5 14 79
5 17 -32
5 19 78
5 20 12
5 24 -69
5 28 95
5 30 -45
5 31 -45
5 33 -99
5 37 50
5 47 99
5 49 -2
5 50 36
5 52 -17
5 61 75
5 63 100
5 66 -48
5 68 -76
5 72 36
5 73 75
5 74 -79
5 75 40
5 76 84
5 77 20
5 78 91
5 79 99
5 85 -17
5 86 -37
5 87 -48
5 92 90
5 95 -49
6 4 48
6 10 28
6 11 1
6 12 50
6 23 -47
6 24 15
6 29 -49
6 32 -89
6 34 21
6 37 14
6 38 -62
6 44 52
6 45 44
6 51 -27
6 55 -55
6 56 -21
6 59 13
6 60 25
6 61 48
6 64 -6
6 65 -53
6 66 75
6 68 -22
6 69 -84
6 74 -43
6 84 23
6 85 59
6 86 -44
6 88 25
6 90 91
6 94 -25
7 3 -13
7 4 -61
7 8 19
7 10 10
7 16 42
7 17 43
7 20 91
7 23 21
7 25 48
7 26 59
7 28 98
7 31 71
7 35 47
7 36 45
7 37 -11
7 38 -65
7 39 43
7 43 -67
7 45 19
7 48 -97
7 49 -84
7 55 -7
7 56 -94
7 57 73
7 59 -20
7 62 65
7 67 -34
7 74 32
7 76 -14
7 77 -16
7 79 -72
7 80 50
7 83 7
7 92 -33
8 2 97
8 3 4
8 4 30
8 5 -27
8 6 -62
8 10 -73
8 21 36
8 24 -61
8 31 54
8 33 91
8 35 -11
8 36 -20
8 38 -56
8 39 -78
8 41 74
8 42 -29
8 45 -76
8 49 -2
8 52 -4
8 55 -70
8 56 53
8 58 19
8 59 -55
8 60 71
8 61 33
8 63 24
8 67 32
8 68 -2
8 71 94
8 80 82
8 90 -28
8 91 -63
8 93 39
8 94 63
8 97 92
8 99 -78
9 0 5
9 1 -43
9 6 94
9 7 -90
9 8 -88
9 11 -59
9 14 95
9 21 -17
9 28 -80
9 29 28
9 30 1
9 32 9
9 33 -31
9 39 -16
9 43 51
9 44 16
9 50 69
9 59 52
9 62 16
9 67 -47
9 68 72
9 69 14
9 76 78
9 80 -63
9 82 -75
9 83 -79
9 84 -40
9 92 88
9 93 -25
9 99 98
10 1 61
10 3 -83
10 6 -10
10 11 -8
10 16 -85
10 23 52
10 25 -99
10 27 -49
10 29 62
10 30 -14
10 31 -71
10 33 -81
10 34 39
10 37 82
10 41 15
10 43 -48
10 44 -82
10 47 -39
10 51 80
10 56 -68
10 59 98
10 62 -52
10 67 64
10 72 53
10 73 -7
10 76 -84
10 83 16
10 90 43
10 92 18
10 95 -56
10 98 -42
11 5 -92
11 6 43
11 9 3
11 11 42
11 13 -76
11 14 -54
11 16 54
11 17 83
11 18 -99
11 27 -99
11 30 -4
11 31 67
11 33 79
11 34 70
11 44 -63
11 45 -4
11 46 -51
11 50 18
11 51 15
11 54 29
11 56 17
11 57 -5
11 59 -26
11 60 -68
11 69 89
11 73 53
11 78 26
11 82 -69
11 88 87
11 89 -10
11 93 -54
11 94 -31
11 97 42
12 3 -19
12 5 3
12 8 -36
12 9 -3
12 13 -54
12 14 62
12 17 -55
12 19 -53
12 20 23
12 21 31
12 27 -76
12 28 6
12 29 -17
12 37 -83
12 38 17
12 42 -27
12 45 -30
12 49 -27
12 56 89
12 58 -46
12 61 48
12 62 68
12 63 -1
12 66 60
12 72 -3
12 74 81
12 75 -4
12 76 -2
12 78 69
12 94 56
12 95 -80
12 99 -64
13 9 -8
13 12 -28
13 13 39
13 15 -47
13 22 28
13 29 43
13 33 63
13 37 89
13 38 -43
13 42 -3
13 45 46
13 51 -9
13 53 88
13 55 -5
13 57 75
13 58 50
13 60 87
13 65 -80
13 67 -19
13 68 -97
13 72 70
13 75 -31
13 78 23
13 79 -28
13 80 45
13 81 50
13 82 -39
13 87 1
13 97 49
14 20 -87
14 23 70
14 24 -31
14 28 -27
14 29 -85
14 30 80
14 32 -96
14 35 83
14 37 -95
14 40 78
14 41 -71
14 44 33
14 45 -48
14 46 36
14 52 -99
14 53 -7
14 58 -10
14 60 42
14 63 63
14 71 -80
14 74 -13
14 76 97
14 77 -31
14 84 -45
14 88 -96
14 89 63
14 90 32
14 96 37
15 1 47
15 5 -78
15 6 -34
15 12 24
15 19 55
15 20 4
15 29 5
15 31 -48
15 35 11
15 37 -55
15 38 83
15 39 28
15 41 -57
15 49 15
15 53 -57
15 60 94
15 63 98
15 64 72
15 66 24
15 69 -64
15 70 -21
15 74 74
15 75 48
15 80 98
15 84 -32
15 90 -97
15 91 -83
15 94 88
16 0 95
16 4 -21
16 8 88
16 14 -85
16 18 91
16 23 -99
16 28 -16
16 30 43
16 39 -75
16 41 -59
16 42 -74
16 44 86
16 45 -98
16 47 -5
16 50 -80
16 51 -47
16 58 -30
16 59 -8
16 61 67
16 65 -38
16 72 20
16 77 52
16 78 10
16 79 37
16 80 -26
16 88 82
16 89 6
16 93 31
16 94 -60
16 98 31
17 1 -70
17 2 -42
17 5 -5
17 11 100
17 15 34
17 20 83
17 25 -99
17 36 41
17 37 -53
17 40 -59
17 45 53
17 49 44
17 51 -12
17 55 -4
17 56 -58
17 57 10
17 58 7
17 60 -85
17 62 -100
17 63 -90
17 64 -32
17 67 97
17 70 -3
17 77 72
17 79 -60
17 80 62
17 82 37
17 83 -80
17 86 -27
17 89 37
17 90 -4
18 0 -77
18 1 69
18 6 -67
18 8 50
18 9 2
18 17 -67
18 20 -50
18 23 63
18 24 -20
18 25 90
18 28 -39
18 38 -100
18 40 -20
18 48 -8
18 50 98
18 55 97
18 56 94
18 57 21
18 58 -72
18 59 13
18 64 81
18 67 -4
18 68 -6
18 69 14
18 70 -33
18 71 -10
18 75 -24
18 76 82
18 79 -76
18 82 16
18 86 59
18 93 29
18 94 49
18 99 -38
19 0 -49
19 4 38
19 6 3
19 10 -60
19 11 96
19 12 87
19 18 -47
19 22 72
19 24 27
19 25 -61
19 30 -69
19 36 -18
19 37 -16
19 38 -12
19 42 45
19 45 61
19 47 89
19 48 -43
19 52 -66
19 59 99
19 61 -9
19 62 -61
19 65 37
19 66 -50
19 68 1
19 70 55
19 73 -5
19 75 -83
19 79 23
19 80 98
19 82 78
19 84 -82
19 91 -20
19 99 100
20 4 -39
20 10 -37
20 12 -31
20 14 44
20 15 14
20 18 95
20 20 98
20 22 -18
20 24 -84
20 27 82
20 29 45
20 30 88
20 32 -18
20 36 43
20 38 -85
20 43 52
20 45 10
20 48 44
20 52 -88
20 56 -48
20 58 -16
20 59 82
20 67 -64
20 68 45
20 72 62
20 77 -19
20 83 97
20 85 -89
20 88 86
20 89 82
20 91 -50
20 92 5
20 97 91
21 0 -30
21 1 65
21 3 -33
21 4 56
21 7 -20
21 9 33
21 14 -83
21 15 -23
21 16 38
21 20 76
21 21 8
21 22 48
21 23 -50
21 31 18
21 36 -74
21 38 20
21 40 25
21 41 -72
21 42 -44
21 46 -29
21 48 98
21 53 -33
21 58 -67
21 60 -53
21 62 12
21 64 -12
21 76 35
21 77 -82
21 78 -71
21 79 88
21 83 30
21 87 78
21 89 6
21 92 -57
21 95 69
21 97 22
21 99 -74
22 3 -88
22 11 -77
22 15 39
22 18 92
22 20 -66
22 23 31
22 24 36
22 26 -20
22 27 -54
22 29 35
22 33 -43
22 34 16
22 36 -35
22 37 -83
22 44 29
22 46 -80
22 47 60
22 51 55
22 56 -54
22 59 -41
22 61 -59
22 62 -64
22 64 -71
22 68 54
22 70 -63
22 74 24
22 77 70
22 82 7
22 91 -79
22 95 1
22 96 77
22 98 89
23 8 -45
23 9 73
23 12 97
23 14 -99
23 15 32
23 16 67
23 20 23
23 24 -84
23 26 33
23 37 -22
23 38 -13
23 39 58
23 42 82
23 44 -65
23 49 -53
23 54 4
23 55 -10
23 58 90
23 61 -4
23 64 92
23 67 7
23 69 -29
23 74 37
23 75 34
23 89 -36
23 95 92
23 97 39
24 4 -65
24 6 76
24 11 70
24 12 35
24 13 16
24 14 50
24 15 13
24 17 -100
24 21 90
24 25 -66
24 37 -73
24 40 14
24 41 -49
24 43 72
24 46 43
24 50 -68
24 51 16
24 54 -43
24 57 -63
24 59 2
24 60 3
24 62 2
24 63 100
24 64 -7
24 65 56
24 68 -84
24 73 -83
24 76 -30
24 78 67
24 79 48
24 82 99
24 88 43
24 89 -81
24 90 58
24 91 -44
24 96 93
24 97 -98
24 98 -49
25 3 17
25 7 100
25 8 2
25 11 78
25 18 -70
25 19 -44
25 22 -86
25 28 46
25 33 72
25 39 15
25 40 -46
25 47 -33
25 53 57
25 55 -14
25 56 9
25 59 53
25 65 100
25 68 4
25 72 63
25 76 21
25 79 14
25 84 -1
25 85 7
25 90 -98
25 94 98
25 95 -65
25 97 -70
25 98 -18
26 1 32
26 4 98
26 5 100
26 6 -98
26 17 69
26 18 -100
26 24 4
26 29 -94
26 32 -4
26 33 -50
26 34 -33
26 36 83
26 39 42
26 42 34
26 44 -52
26 45 38
26 51 2
26 53 -4
26 54 9
26 58 -46
26 60 -96
26 66 11
26 71 -90
26 74 10
26 77 64
26 79 -18
26 87 8
26 90 27
26 92 -12
27 1 -73
27 2 60
27 5 45
27 7 -16
27 11 97
27 14 -62
27 15 -10
27 17 -95
27 21 -16
27 23 -28
27 25 72
27 27 53
27 28 55
27 30 54
27 36 58
27 37 9
27 45 82
27 46 93
27 47 -5
27 48 54
27 49 -68
27 50 3
27 56 38
27 57 -91
27 59 16
27 60 -95
27 62 62
27 64 32
27 65 -5
27 75 25
27 79 -66
27 80 2
27 82 76
27 84 -78
27 85 -15
27 87 -20
27 89 67
27 98 -7
28 4 -77
28 7 -69
28 9 92
28 13 29
28 17 54
28 19 -47
28 20 -9
28 25 -56
28 26 67
28 28 5
28 29 27
28 30 -74
28 33 -77
28 34 -73
28 35 -88
28 40 -23
28 42 66
28 44 47
28 57 29
28 59 54
28 64 -26
28 65 21
28 70 98
28 72 28
28 74 -29
28 86 -86
28 87 71
28 88 78
28 89 68
28 92 -44
28 94 63
28 95 83
29 3 -2
29 4 34
29 11 90
29 12 -49
29 15 -9
29 26 -84
29 27 -34
29 32 55
29 34 82
29 49 25
29 51 -8
29 53 69
29 56 77
29 58 71
29 64 36
29 66 -11
29 68 30
29 70 76
29 73 -8
29 78 91
29 80 -22
29 81 -60
29 83 -62
29 84 72
29 86 18
29 88 95
29 89 19
29 93 -58
29 94 -12
29 97 -2
29 99 -83
30 1 29
30 5 -80
30 15 93
30 30 -9
30 34 82
30 35 69
30 38 57
30 44 8
30 47 -47
30 48 -71
30 50 72
30 55 82
30 59 13
30 60 85
30 62 -80
30 63 -74
30 66 -33
30 69 42
30 73 52
30 91 63
30 93 -66
30 99 -76
31 0 60
31 7 57
31 11 33
31 12 -6
31 14 -62
31 17 21
31 18 -30
31 21 -66
31 22 7
31 25 -50
31 28 89
31 33 -85
31 34 57
31 35 52
31 40 63
31 46 -3
31 49 -47
31 56 22
31 63 18
31 64 1
31 66 -37
31 69 76
31 72 -95
31 74 -16
31 77 -5
31 78 41
31 82 -100
31 83 76
31 84 95
31 85 -65
31 89 -69
31 90 73
31 96 -73
31 97 15
32 0 65
32 2 21
32 3 -69
32 5 29
32 7 4
32 9 13
32 10 59
32 14 98
32 17 -30
32 18 -13
32 21 54
32 23 75
32 24 -49
32 29 -63
32 30 -28
32 33 13
32 35 -84
32 37 80
32 51 87
32 53 -55
32 54 83
32 55 -45
32 59 13
32 61 -81
32 63 -37
32 65 -32
32 70 37
32 75 -61
32 78 92
32 80 -17
32 85 3
32 87 65
32 88 44
32 89 78
32 90 58
32 95 -33
32 98 -73
33 2 -75
33 6 -61
33 7 -96
33 8 73
33 9 -3
33 15 57
33 18 64
33 23 29
33 25 72
33 28 9
33 31 -20
33 32 -21
33 35 53
33 37 49
33 40 -81
33 43 28
33 45 52
33 48 67
33 49 68
33 51 21
33 61 -42
33 62 -47
33 64 36
33 69 -15
33 71 53
33 72 22
33 76 -44
33 77 59
33 83 -27
33 86 -98
33 88 95
33 94 34
33 98 -47
34 0 -65
34 6 84
34 9 52
34 10 -80
34 11 94
34 13 23
34 16 -11
34 17 -83
34 25 -57
34 27 -79
34 33 61
34 37 32
34 43 48
34 45 30
34 46 51
34 57 -86
34 59 28
34 63 -78
34 64 94
34 68 -92
34 72 88
34 75 36
34 77 27
34 79 -4
34 81 42
34 82 -96
34 83 98
34 85 -26
34 87 -51
34 88 -30
34 92 98
34 95 10
35 2 38
35 3 20
35 10 -43
35 12 22
35 14 -56
35 18 -73
35 19 83
35 26 -69
35 30 40
35 36 -96
35 39 -74
35 43 -36
35 44 28
35 50 54
35 58 -50
35 61 77
35 67 53
35 70 -63
35 75 62
35 76 -36
35 79 73
35 80 -66
35 81 -74
35 84 62
35 87 11
35 90 -38
35 91 -13
35 96 25
35 98 16
36 1 -96
36 2 -100
36 5 47
36 6 100
36 7 26
36 14 97
36 15 -47
36 21 -13
36 26 100
36 27 -56
36 29 -54
36 31 -32
36 32 -7
36 34 59
36 36 -20
36 44 90
36 55 100
36 60 38
36 65 -60
36 66 10
36 68 -67
36 80 30
36 83 74
36 86 -45
36 87 30
36 89 97
36 90 5
36 91 -91
36 99 9
37 1 -52
37 4 4
37 9 56
37 10 86
37 12 -59
37 13 -81
37 14 35
37 15 59
37 16 -50
37 17 3
37 23 59
37 24 66
37 27 -79
37 31 63
37 32 -52
37 33 -70
37 34 91
37 35 -54
37 42 -14
37 43 -28
37 46 89
37 47 40
37 49 81
37 50 49
37 58 74
37 62 -67
37 66 70
37 68 48
37 69 73
37 72 -90
37 73 35
37 78 -88
37 81 -76
37 86 44
37 87 -80
37 88 -71
37 92 22
37 95 -76
37 96 95
37 99 90
38 3 70
38 5 -76
38 6 29
38 10 -40
38 13 75
38 15 84
38 19 63
38 22 88
38 24 -61
38 34 -34
38 36 85
38 37 -38
38 41 63
38 50 -2
38 51 -38
38 55 33
38 58 -93
38 61 -75
38 63 -89
38 65 32
38 70 -43
38 76 11
38 83 22
38 86 68
38 96 97
38 97 -57
38 98 75
39 5 100
39 10 -20
39 13 24
39 14 94
39 15 71
39 21 -22
39 26 -64
39 27 -18
39 31 -57
39 35 -99
39 42 -44
39 43 98
39 49 39
39 57 8
39 58 71
39 59 -48
39 64 93
39 66 -28
39 70 9
39 75 57
39 81 54
39 83 70
39 86 56
39 94 20
39 95 90
40 0 60
40 2 82
40 7 -44
40 9 58
40 11 10
40 14 51
40 21 -17
40 28 82
40 31 -50
40 35 80
40 41 -32
40 45 -6
40 54 -84
40 64 78
40 65 -45
40 67 70
40 68 79
40 70 22
40 71 -1
40 74 17
40 79 39
40 82 -88
40 84 -84
40 87 -26
40 88 -51
40 91 -2
40 96 -91
40 98 -58
41 7 24
41 9 16
41 11 28
41 13 -45
41 15 21
41 16 45
41 19 14
41 25 18
41 28 -39
41 31 -13
41 32 44
41 33 100
41 41 38
41 42 -82
41 48 83
41 55 22
41 58 -60
41 59 -38
41 61 -62
41 62 93
41 67 -95
41 68 -21
41 69 -4
41 70 -79
41 73 67
41 77 2
41 80 5
41 81 -67
41 83 69
41 84 -58
41 87 52
41 88 -57
41 89 8
41 91 -34
41 92 71
41 94 19
41 96 71
41 99 -46
42 1 40
42 4 -87
42 5 16
42 6 -92
42 9 -23
42 11 52
42 14 60
42 19 1
42 25 -42
42 27 35
42 30 -8
42 31 94
42 32 36
42 33 -9
42 34 100
42 36 39
42 39 -48
42 40 -18
42 51 1
42 56 48
42 57 81
42 61 48
42 64 -97
42 65 -53
42 69 3
42 70 -39
42 71 -47
42 75 -44
42 79 7
42 81 34
42 82 -15
42 84 93
42 85 26
42 86 -4
42 87 -70
42 90 41
42 96 -35
43 4 -3
43 9 -82
43 12 -72
43 16 81
43 21 69
43 25 92
43 27 -45
43 28 51
43 33 49
43 39 52
43 41 -53
43 43 -90
43 44 -71
43 49 98
43 50 -30
43 51 -86
43 54 -1
43 55 -12
43 64 74
43 65 -4
43 68 33
43 70 77
43 72 53
43 74 56
43 76 65
43 78 29
43 82 -98
43 87 -57
43 91 -36
43 92 43
43 95 -70
43 97 76
43 99 -82
44 0 76
44 8 -84
44 9 -38
44 10 -57
44 11 -97
44 13 93
44 16 88
44 17 50
44 19 7
44 21 -13
44 23 -89
44 26 74
44 28 -85
44 34 -65
44 36 99
44 37 70
44 38 37
44 41 14
44 44 -75
44 45 -41
44 60 58
44 66 -90
44 71 62
44 73 -79
44 74 -45
44 78 -35
44 80 53
44 81 -17
44 86 64
44 92 75
44 93 -51
44 94 70
44 96 -49
44 97 -30
44 98 -97
44 99 -11
45 0 -62
45 2 -53
45 3 -96
45 5 20
45 6 7
45 7 -62
45 13 98
45 19 -11
45 21 -15
45 24 87
45 26 98
45 29 15
45 31 -17
45 32 -97
45 34 52
45 35 -83
45 39 -30
45 43 -42
45 46 -81
45 49 32
45 51 -74
45 53 80
45 57 22
45 62 -25
45 63 60
45 64 81
45 65 66
45 70 47
45 79 -75
45 84 -42
45 86 -19
45 88 28
45 92 -97
45 93 -23
45 98 -8
46 6 35
46 7 -54
46 10 27
46 11 24
46 14 -71
46 15 79
46 19 92
46 25 40
46 31 -49
46 33 46
46 36 -77
46 42 -38
46 51 58
46 61 63
46 62 -80
46 63 -62
46 66 50
46 75 6
46 80 -74
46 81 86
46 82 79
46 83 11
46 84 -28
46 88 99
46 89 17
46 90 8
46 94 47
46 97 -36
47 1 5
47 5 -13
47 11 -94
47 12 24
47 13 29
47 18 83
47 28 -35
47 31 -4
47 32 -16
47 33 41
47 37 45
47 42 -66
47 43 6
47 46 -7
47 47 68
47 50 68
47 53 -99
47 58 -44
47 59 -11
47 61 99
47 63 -71
47 64 17
47 67 -15
47 69 -61
47 71 5
47 73 60
47 75 -31
47 81 -97
47 90 86
47 96 29
47 97 54
47 98 -78
48 1 -54
48 2 51
48 4 -25
48 5 12
48 10 -8
48 12 -58
48 14 40
48 16 -56
48 17 -58
48 20 -36
48 21 12
48 24 -4
48 26 -39
48 29 21
48 30 -59
48 36 20
48 41 -69
48 48 -35
48 50 56
48 51 20
48 53 36
48 55 15
48 59 22
48 63 -74
48 70 -28
48 72 80
48 73 -85
48 80 7
48 83 98
48 85 39
48 87 -9
48 89 -49
48 90 -6
48 92 57
48 95 -99
48 97 39
49 4 41
49 8 99
49 9 -46
49 12 -71
49 17 26
49 20 -67
49 31 9
49 33 29
49 37 49
49 42 -11
49 49 -74
49 50 78
49 59 84
49 65 72
49 72 81
49 76 87
49 78 41
49 81 4
49 88 -52
49 91 87
49 98 47
50 1 86
50 4 -40
50 7 17
50 14 18
50 23 -59
50 34 -89
50 36 94
50 42 12
50 47 -55
50 56 89
50 57 57
50 61 -41
50 64 -90
50 66 -89
50 67 7
50 75 -48
50 76 72
50 81 -29
50 83 -64
50 85 53
50 93 50
50 96 -96
50 99 17
51 2 -45
51 4 -90
51 5 -23
51 6 51
51 8 90
51 10 87
51 15 -7
51 18 -8
51 21 -74
51 24 -1
51 31 4
51 32 -33
51 34 60
51 35 -49
51 36 -99
51 37 38
51 40 -11
51 44 -67
51 45 -26
51 48 40
51 49 77
51 54 -81
51 56 -71
51 61 -42
51 65 -91
51 68 -47
51 69 100
51 72 -81
51 76 -75
51 77 85
51 78 59
51 80 -55
51 82 50
51 83 -9
51 84 -12
51 86 -15
51 88 -47
51 93 -97
51 96 2
51 97 -50
52 0 69
52 2 -76
52 3 -93
52 4 59
52 7 -61
52 18 -83
52 21 8
52 22 17
52 25 76
52 27 -89
52 33 22
52 34 -33
52 35 95
52 36 94
52 39 98
52 40 92
52 43 -27
52 45 83
52 46 -37
52 47 -93
52 49 -10
52 53 14
52 55 66
52 62 93
52 72 -68
52 75 -18
52 90 -43
53 3 66
53 7 -46
53 8 -61
53 9 -16
53 10 -1
53 12 24
53 21 62
53 24 -57
53 25 -52
53 27 87
53 29 11
53 31 85
53 32 -29
53 34 -29
53 35 97
53 36 59
53 38 -58
53 42 48
53 44 13
53 45 81
53 47 -13
53 48 -63
53 50 97
53 52 3
53 55 -80
53 57 96
53 58 87
53 60 84
53 61 -88
53 64 -32
53 65 26
53 67 -85
53 68 54
53 74 -69
53 75 37
53 77 -37
53 81 38
53 82 -48
53 86 29
53 87 58
53 88 83
53 90 -81
53 93 10
53 98 40
54 0 -47
54 6 78
54 8 21
54 9 -87
54 12 -35
54 14 -24
54 22 16
54 23 48
54 24 -90
54 28 94
54 30 -45
54 33 -34
54 37 -81
54 40 -24
54 41 48
54 42 19
54 46 -58
54 47 64
54 52 -36
54 53 85
54 54 98
54 59 -11
54 63 94
54 64 63
54 65 -48
54 71 -58
54 72 46
54 73 75
54 81 50
54 84 47
54 88 63
54 89 -82
54 93 13
54 94 -48
54 95 44
55 2 -15
55 3 -2
55 6 -50
55 11 16
55 12 67
55 13 83
55 14 -3
55 16 43
55 18 -24
55 19 97
55 20 90
55 22 -47
55 23 48
55 24 8
55 27 36
55 29 55
55 33 6
55 34 75
55 35 -74
55 36 86
55 38 56
55 40 -20
55 42 -41
55 43 -41
55 46 99
55 47 -45
55 48 -15
55 49 -92
55 52 -53
55 54 -13
55 57 81
55 64 -32
55 72 -61
55 73 -81
55 80 88
55 84 83
55 85 1
55 86 80
55 87 95
55 89 -15
55 91 -69
55 96 -20
56 2 53
56 5 -66
56 9 47
56 15 -80
56 16 59
56 17 33
56 23 -79
56 26 -39
56 28 79
56 30 18
56 34 11
56 35 38
56 37 26
56 39 100
56 40 -54
56 49 59
56 50 -74
56 51 -99
56 59 -6
56 61 -37
56 65 -99
56 67 -69
56 74 46
56 75 84
56 77 -31
56 78 -52
56 84 55
56 85 -54
56 88 89
57 5 -14
57 7 -17
57 8 53
57 9 91
57 10 -32
57 21 88
57 23 57
57 25 -21
57 27 24
57 32 -62
57 35 -38
57 38 7
57 40 54
57 47 -85
57 48 -73
57 49 22
57 51 -14
57 57 25
57 61 38
57 66 73
57 68 40
57 69 71
57 70 -94
57 88 -10
57 94 92
57 96 64
57 97 -100
57 99 -68
58 0 -43
58 2 1
58 4 -5
58 5 -20
58 8 92
58 9 -62
58 10 5
58 11 -62
58 12 -96
58 14 14
58 15 95
58 19 -1
58 20 33
58 22 93
58 24 -79
58 25 -96
58 28 31
58 34 83
58 37 -15
58 39 31
58 40 -17
58 41 8
58 43 -44
58 46 -57
58 48 44
58 49 -94
58 50 8
58 53 -8
58 54 90
58 55 87
58 57 45
58 58 95
58 61 -19
58 64 -65
58 67 -78
58 68 64
58 70 -79
58 73 -72
58 74 -63
58 76 -39
58 78 28
58 80 6
58 82 32
58 83 -81
58 85 -9
58 88 86
58 91 -45
58 94 22
58 95 -14
58 96 -53
58 98 38
58 99 63
59 1 92
59 5 11
59 8 42
59 17 57
59 20 44
59 27 19
59 29 -57
59 31 12
59 39 -31
59 41 25
59 47 48
59 49 -76
59 53 -30
59 54 -42
59 57 -44
59 58 19
59 62 -62
59 67 -75
59 74 -80
59 75 -38
59 76 18
59 77 51
59 78 26
59 80 -31
59 81 -56
59 82 -94
59 84 71
59 87 -13
59 88 -85
59 95 -15
59 97 27
59 99 13
60 1 -87
60 3 -32
60 4 31
60 6 40
60 11 1
60 12 59
60 13 16
60 18 -8
60 19 -100
60 20 -37
60 22 66
60 23 58
60 24 71
60 28 27
60 29 94
60 31 28
60 32 62
60 33 89
60 34 71
60 37 -71
60 40 -23
60 41 29
60 42 75
60 43 -20
60 46 27
60 49 26
60 50 -88
60 56 2
60 63 25
60 69 32
60 73 99
60 76 83
60 80 -67
60 84 63
60 87 -52
60 90 -30
60 95 -17
60 97 77
60 98 20
60 99 42
61 1 90
61 2 -75
61 6 -74
61 12 -56
61 15 89
61 16 -9
61 19 -1
61 20 86
61 22 -13
61 27 -25
61 28 86
61 30 11
61 36 -94
61 37 -54
61 38 78
61 40 -84
61 41 -9
61 42 59
61 44 -32
61 46 92
61 48 -20
61 54 -90
61 59 92
61 63 -57
61 67 6
61 69 94
61 70 -70
61 71 -17
61 76 86
61 78 47
61 80 36
61 84 -94
61 85 -18
61 88 5
61 89 36
61 90 -49
61 93 -2
62 0 85
62 2 -40
62 4 -68
62 7 74
62 9 -17
62 10 -99
62 11 -95
62 13 -74
62 16 -16
62 18 -17
62 23 -63
62 25 10
62 28 64
62 31 39
62 34 -44
62 39 67
62 42 24
62 43 28
62 47 -40
62 52 -51
62 60 -83
62 65 -48
62 66 16
62 68 66
62 72 64
62 73 -54
62 74 82
62 78 -96
62 81 -35
62 82 71
62 83 -62
62 84 15
62 88 -12
62 95 -25
62 96 80
63 0 87
63 4 64
63 5 66
63 13 4
63 19 24
63 20 22
63 21 18
63 23 23
63 25 34
63 26 48
63 28 -27
63 32 -61
63 36 13
63 41 74
63 43 56
63 45 -13
63 46 -83
63 47 -15
63 50 36
63 51 -83
63 57 78
63 61 -30
63 66 -35
63 69 56
63 71 -70
63 72 -20
63 75 43
63 77 -62
63 85 16
63 89 -13
63 90 22
63 93 -8
63 96 27
63 97 -66
64 1 -29
64 4 -25
64 6 -43
64 9 -87
64 20 -79
64 22 -39
64 27 54
64 38 68
64 40 49
64 43 11
64 44 49
64 45 4
64 46 89
64 52 26
64 54 -75
64 59 33
64 62 -69
64 68 -99
64 81 27
64 83 -88
64 85 -54
64 86 39
64 90 -22
64 92 56
64 94 -95
64 95 -20
64 99 -5
65 3 38
65 6 -90
65 12 -95
65 18 -45
65 21 31
65 23 -85
65 24 -75
65 26 -45
65 34 28
65 36 35
65 37 -48
65 39 61
65 40 -66
65 43 57
65 44 -62
65 46 70
65 48 4
65 54 2
65 56 37
65 58 -92
65 59 2
65 67 -82
65 69 -52
65 70 10
65 71 -17
65 72 -47
65 75 -26
65 81 27
65 83 -34
65 86 -48
65 93 -72
66 0 -91
66 2 -13
66 8 -20
66 12 70
66 14 78
66 16 -43
66 19 17
66 22 37
66 25 71
66 27 -72
66 28 5
66 31 90
66 34 12
66 36 6
66 37 16
66 38 1
66 40 -11
66 41 90
66 42 -78
66 43 8
66 44 -38
66 47 -48
66 49 -83
66 51 30
66 52 25
66 56 61
66 61 -33
66 68 -26
66 70 29
66 74 71
66 81 -74
66 83 35
66 87 22
66 88 -84
66 91 -98
66 92 -54
66 94 61
66 96 -69
66 97 -72
67 3 -8
67 4 43
67 5 58
67 6 69
67 8 61
67 9 81
67 10 27
67 14 69
67 16 -77
67 17 40
67 18 -52
67 25 10
67 27 64
67 29 -3
67 30 14
67 31 62
67 33 59
67 35 45
67 36 -5
67 37 -91
67 38 97
67 40 -24
67 43 32
67 44 -90
67 48 -5
67 51 71
67 57 -45
67 58 -32
67 60 85
67 61 -49
67 62 -91
67 64 73
67 66 67
67 67 96
67 70 -63
67 71 38
67 73 47
67 74 -12
67 75 26
67 77 57
67 78 9
67 85 20
67 88 -58
67 89 22
67 93 28
67 94 1
68 1 14
68 12 55
68 14 -30
68 15 83
68 16 -56
68 19 60
68 26 -7
68 28 -12
68 30 -100
68 46 -75
68 56 54
68 57 -61
68 71 -37
68 73 69
68 76 23
68 79 85
68 83 -6
68 84 -90
68 88 -51
68 92 53
68 99 62
69 2 -55
69 5 -56
69 7 26
69 8 41
69 11 -87
69 12 -22
69 13 59
69 15 -95
69 17 -40
69 18 8
69 20 -73
69 22 -12
69 31 -79
69 36 -4
69 39 66
69 48 -65
69 50 -25
69 53 62
69 54 1
69 55 -93
69 59 44
69 65 29
69 72 9
69 73 -63
69 75 18
69 78 54
69 85 -60
69 88 67
69 90 17
69 92 47
69 93 36
69 99 -63
70 5 -86
70 7 -47
70 15 -29
70 17 -66
70 20 -42
70 24 87
70 28 94
70 34 -2
70 35 98
70 37 7
70 39 70
70 41 -17
70 51 66
70 55 15
70 65 -87
70 74 -82
70 76 20
70 78 11
70 83 22
70 86 -24
70 93 45
70 98 58
71 0 -2
71 4 -45
71 5 -75
71 7 -1
71 8 -31
71 12 -20
71 17 14
71 18 -98
71 29 -27
71 33 -82
71 38 -18
71 39 -40
71 40 93
71 41 -41
71 42 20
71 50 -99
71 56 -40
71 57 -65
71 63 -33
71 66 85
71 69 98
71 70 -41
71 75 7
71 76 -28
71 78 -84
71 80 61
71 84 -3
71 86 62
71 87 48
71 90 60
71 91 56
71 92 18
72 4 -72
72 6 97
72 12 -43
72 13 -80
72 14 -59
72 21 34
72 28 -21
72 30 41
72 32 7
72 33 71
72 36 96
72 42 89
72 43 75
72 51 3
72 58 -72
72 59 9
72 62 -96
72 63 -8
72 64 -49
72 70 -54
72 71 -62
72 72 16
72 73 95
72 79 39
72 90 34
72 96 -64
73 1 -47
73 2 -5
73 3 -61
73 4 -40
73 9 6
73 10 -52
73 14 -96
73 17 -75
73 19 -69
73 24 74
73 29 60
73 31 31
73 33 -84
73 46 63
73 47 -21
73 48 53
73 49 98
73 52 -100
73 54 87
73 56 -95
73 57 80
73 59 67
73 62 87
73 66 42
73 71 99
73 78 49
73 84 -36
73 93 96
73 99 30
74 0 49
74 3 -42
74 6 -74
74 8 57
74 14 -44
74 15 21
74 22 92
74 24 27
74 25 71
74 28 -87
74 29 -14
74 34 96
74 39 -39
74 41 80
74 44 -86
74 47 -94
74 48 58
74 53 -15
74 57 84
74 58 -49
74 61 85
74 66 18
74 72 -62
74 73 92
74 74 65
74 76 -54
74 80 56
74 83 -51
74 84 -25
74 89 -80
74 90 -45
74 92 -61
74 94 48
74 95 40
74 99 92
75 3 -42
75 6 -44
75 8 -46
75 10 34
75 15 55
75 23 35
75 24 -74
75 25 71
75 26 3
75 27 62
75 28 10
75 36 -12
75 37 30
75 39 46
75 41 -90
75 46 42
75 47 -61
75 48 5
75 51 -99
75 52 -55
75 53 -58
75 55 -36
75 57 -56
75 59 91
75 61 -90
75 67 48
75 71 -69
75 86 -10
75 87 92
75 88 32
75 96 73
75 99 -3
76 0 -56
76 2 -68
76 4 85
76 6 32
76 9 -67
76 12 -77
76 14 -52
76 17 47
76 18 -68
76 25 -46
76 26 1
76 30 34
76 32 26
76 33 -31
76 36 12
76 38 66
76 42 -11
76 43 -79
76 47 64
76 59 16
76 61 46
76 62 -64
76 67 76
76 70 -62
76 75 -28
76 76 -24
76 79 89
76 80 -71
76 81 66
76 84 93
76 85 -48
76 88 -14
76 92 -78
76 95 -13
76 96 -57
76 97 -13
77 5 -32
77 20 1
77 27 -31
77 31 -89
77 34 -42
77 35 -62
77 36 61
77 37 -7
77 43 -47
77 46 -35
77 55 60
77 56 -51
77 59 15
77 65 -47
77 70 -19
77 74 8
77 79 25
77 80 4
77 84 32
77 85 99
77 87 -73
77 89 -88
77 95 33
78 3 42
78 17 80
78 22 33
78 24 -8
78 26 68
78 33 -39
78 43 -31
78 44 46
78 45 70
78 48 -16
78 49 -8
78 51 22
78 53 10
78 60 -67
78 61 48
78 63 73
78 74 60
78 75 -74
78 77 83
78 79 25
78 80 -8
78 84 82
78 95 -18
78 96 -90
78 98 -87
79 0 -17
79 7 28
79 9 -26
79 11 12
79 14 -53
79 16 85
79 17 -63
79 19 -78
79 22 -79
79 23 -4
79 24 28
79 25 -18
79 30 -75
79 32 84
79 33 9
79 37 -98
79 40 71
79 42 16
79 44 7
79 47 -28
79 48 25
79 49 -11
79 50 27
79 51 39
79 54 -18
79 56 61
79 60 -43
79 62 37
79 66 -84
79 69 74
79 71 -8
79 78 49
79 80 3
79 88 -88
79 90 -81
79 94 77
79 95 -22
79 96 70
79 97 -83
80 0 7
80 1 -66
80 5 85
80 6 16
80 14 -58
80 18 -6
80 25 94
80 28 -1
80 30 -2
80 36 46
80 40 -56
80 47 -63
80 53 -15
80 54 -31
80 55 62
80 64 33
80 66 -15
80 67 14
80 69 85
80 75 68
80 80 2
80 81 -82
80 87 -34
80 88 -33
80 90 -27
80 91 54
80 92 61
80 93 84
80 97 8
80 98 90
80 99 -21
81 3 -48
81 4 -39
81 6 -31
81 9 9
81 12 6
81 24 -12
81 28 -97
81 29 -30
81 33 -12
81 38 -65
81 40 -93
81 43 -72
81 44 1
81 45 -84
81 51 -42
81 54 94
81 59 -93
81 66 -15
81 72 -42
81 78 10
81 79 -65
81 81 47
81 88 45
81 90 -7
81 92 -59
81 96 27
81 98 59
82 1 -23
82 8 -45
82 9 -35
82 11 40
82 13 -36
82 14 65
82 22 -49
82 28 78
82 30 17
82 31 80
82 36 26
82 47 24
82 52 -81
82 58 -18
82 59 -63
82 61 39
82 63 -23
82 64 55
82 65 37
82 67 -53
82 73 49
82 75 4
82 76 71
82 79 77
82 80 19
82 82 -92
82 84 39
82 90 -38
82 96 23
82 98 35
82 99 8
83 2 -78
83 3 69
83 6 -35
83 7 -56
83 11 -96
83 16 -21
83 20 57
83 22 -88
83 26 -35
83 27 -61
83 28 -33
83 30 87
83 32 -75
83 35 7
83 43 94
83 49 -9
83 50 98
83 59 -55
83 61 -95
83 67 24
83 71 73
83 72 -35
83 73 -10
83 74 -14
83 81 2
83 84 68
83 96 68
83 97 88
84 0 74
84 2 -17
84 5 -72
84 7 36
84 12 -94
84 16 -85
84 18 14
84 22 5
84 23 60
84 25 -9
84 30 -71
84 34 68
84 35 53
84 36 71
84 37 -26
84 44 -84
84 62 94
84 64 72
84 69 8
84 77 28
84 79 21
84 85 3
84 86 93
84 87 -90
84 88 95
85 8 54
85 12 -9
85 13 77
85 14 7
85 20 -22
85 29 -89
85 32 16
85 33 -46
85 34 -12
85 38 -2
85 41 -29
85 42 -6
85 45 36
85 49 3
85 53 62
85 56 16
85 63 32
85 66 13
85 70 12
85 74 -69
85 76 24
85 79 -77
85 81 66
85 82 -22
85 86 15
85 90 -45
86 1 80
86 3 28
86 6 56
86 7 -13
86 8 -11
86 10 -65
86 14 -21
86 23 35
86 28 100
86 33 -28
86 40 52
86 42 -19
86 46 72
86 50 -96
86 57 -28
86 61 -40
86 64 33
86 68 16
86 76 26
86 84 -64
86 85 -99
86 89 -98
86 98 18
86 99 -34
87 2 77
87 4 59
87 6 -50
87 13 -75
87 15 -70
87 17 -63
87 20 -90
87 24 -80
87 25 22
87 29 4
87 30 -19
87 33 -64
87 34 46
87 39 38
87 42 -86
87 48 -74
87 50 -47
87 52 -21
87 53 -87
87 58 47
87 61 -97
87 62 -29
87 64 5
87 70 -62
87 72 88
87 74 18
87 75 -25
87 78 -74
87 84 72
87 97 -4
88 0 -98
88 1 61
88 2 92
88 3 -94
88 4 -50
88 6 -40
88 7 45
88 11 -59
88 12 77
88 13 -2
88 18 -20
88 19 55
88 20 -84
88 22 -89
88 24 60
88 28 -32
88 36 45
88 38 -88
88 39 -69
88 40 70
88 45 34
88 46 84
88 50 -3
88 53 75
88 54 -51
88 55 -47
88 57 70
88 59 -51
88 61 35
88 62 -75
88 64 -3
88 70 -71
88 73 -76
88 75 -96
88 79 61
88 86 96
88 87 -74
88 88 35
88 92 18
88 94 -5
88 99 17
89 2 -98
89 4 38
89 8 86
89 12 82
89 13 -66
89 15 35
89 17 -30
89 20 44
89 22 -83
89 23 65
89 25 -48
89 30 -51
89 32 -33
89 34 -15
89 35 -99
89 36 68
89 37 -23
89 38 39
89 51 63
89 52 43
89 55 -71
89 61 1
89 62 -1
89 64 -52
89 66 -63
89 67 -23
89 71 -81
89 72 53
89 79 40
89 84 -68
89 85 -82
89 87 94
89 89 -43
89 91 -49
89 97 56
89 98 45
90 3 95
90 4 -92
90 11 -65
90 12 79
90 13 35
90 14 16
90 15 97
90 17 -18
90 20 -71
90 21 -53
90 22 98
90 25 52
90 34 -98
90 37 94
90 38 60
90 41 74
90 42 -75
90 46 89
90 49 -77
90 54 49
90 59 -69
90 61 2
90 64 -17
90 65 87
90 76 26
90 77 14
90 78 -39
90 79 56
90 81 51
90 84 96
90 86 13
90 87 94
90 88 -74
90 89 54
90 91 -52
90 93 69
90 96 -23
90 98 -74
91 2 36
91 5 -76
91 12 -62
91 14 2
91 20 20
91 22 38
91 23 -58
91 28 77
91 30 -5
91 37 -50
91 40 35
91 45 27
91 47 -18
91 50 41
91 51 40
91 52 17
91 54 58
91 58 68
91 59 -66
91 61 61
91 63 24
91 64 81
91 68 -54
91 74 6
91 79 -64
91 80 75
91 81 -58
91 84 61
91 90 97
91 95 25
92 2 9
92 7 62
92 8 -95
92 11 -100
92 12 86
92 13 91
92 16 -76
92 24 42
92 31 44
92 32 71
92 33 97
92 35 3
92 38 93
92 43 44
92 45 62
92 47 -64
92 48 22
92 56 -62
92 57 87
92 63 43
92 69 96
92 70 17
92 72 -3
92 76 98
92 79 3
92 80 70
92 84 -51
92 86 -22
92 87 -91
92 94 84
92 96 -9
92 99 15
93 1 -98
93 3 -17
93 9 10
93 19 -45
93 20 37
93 31 -63
93 34 -24
93 41 -35
93 44 5
93 47 -45
93 48 -31
93 51 -75
93 52 62
93 54 -2
93 56 36
93 57 93
93 58 30
93 76 43
93 77 74
93 82 -60
93 83 -25
93 85 88
93 87 92
93 90 -30
93 94 -21
94 0 -51
94 2 -93
94 3 86
94 8 -62
94 9 -2
94 20 69
94 22 -83
94 24 -43
94 30 28
94 31 -58
94 32 -17
94 38 83
94 39 27
94 40 55
94 42 38
94 46 -32
94 47 -84
94 50 78
94 59 -75
94 60 29
94 67 -57
94 72 -65
94 73 -72
94 75 84
94 77 31
94 79 -57
94 80 -3
94 82 -91
94 85 70
94 87 47
94 88 26
95 2 89
95 3 27
95 5 71
95 6 38
95 8 26
95 9 34
95 10 -4
95 12 18
95 17 -94
95 22 -89
95 24 -72
95 26 50
95 30 -79
95 34 -37
95 37 30
95 39 23
95 40 -49
95 43 80
95 44 -38
95 48 32
95 50 72
95 51 13
95 52 -16
95 57 36
95 58 57
95 62 32
95 63 -2
95 69 33
95 71 -86
95 74 31
95 77 15
95 82 -35
95 89 58
95 96 -99
96 1 -100
96 7 38
96 9 28
96 11 -29
96 18 -69
96 21 -16
96 23 -31
96 26 5
96 28 47
96 31 -18
96 32 -58
96 33 30
96 39 93
96 42 10
96 44 -75
96 50 60
96 53 69
96 54 19
96 56 -95
96 57 95
96 59 -36
96 61 68
96 62 -72
96 64 26
96 65 -93
96 71 -55
96 72 12
96 75 -2
96 81 3
96 84 7
96 86 -71
96 88 -66
96 90 70
96 91 -34
96 92 7
96 93 -71
96 96 5
97 0 -17
97 3 -14
97 6 -53
97 10 -46
97 11 47
97 13 85
97 22 -64
97 24 -42
97 26 95
97 30 67
97 31 5
97 33 -12
97 37 -95
97 39 -67
97 43 3
97 44 14
97 46 -33
97 47 78
97 49 -13
97 50 89
97 55 -86
97 58 -69
97 62 -34
97 64 67
97 67 86
97 72 82
97 78 89
97 80 52
97 81 82
97 82 -15
97 84 -92
97 87 74
97 93 -27
97 96 -72
97 98 72
98 0 -77
98 3 52
98 5 79
98 12 57
98 14 6
98 15 -22
98 19 -52
98 22 6
98 25 34
98 30 30
98 32 50
98 37 91
98 39 -58
98 41 -35
98 42 36
98 43 -55
98 44 -50
98 53 -100
98 64 -77
98 68 -93
98 83 -48
98 93 -82
98 96 50
99 5 -43
99 6 6
99 13 74
99 18 3
99 26 -25
99 29 -27
99 33 -24
99 44 -85
99 46 -39
99 50 54
99 54 40
99 55 -7
99 56 -91
99 62 -7
99 66 -75
99 70 61
99 77 -46
99 81 8
99 85 53
99 87 82
99 90 48
99 94 -28
99 98 -19