0 30 38
0 60 87
1 70 6
4 54 -58
4 76 56
6 45 18
7 22 -32
7 59 38
8 4 -70
9 93 -47
10 69 -89
14 26 100
14 46 -90
14 75 99
15 6 -74
18 40 -52
18 59 -24
19 33 97
21 57 68
23 16 52
23 43 -1
24 18 40
27 5 -67
27 48 -29
31 62 -42
31 97 72
35 10 43
35 22 -54
39 39 -5
39 71 -6
40 89 -82
42 9 -17
42 59 -73
44 3 88
44 25 -81
45 8 75
46 17 45
46 37 33
46 39 51
49 6 -74
49 78 -1
50 33 -8
52 19 33
52 34 -65
52 83 69
52 85 -83
52 88 -72
53 86 -48
54 13 -70
55 7 -17
56 9 -80
57 30 53
58 0 50
60 25 17
60 85 -18
64 86 -64
65 22 73
65 93 -77
66 13 22
67 90 66
68 10 24
69 27 -44
71 35 -20
71 76 50
72 69 -65
73 69 -66
76 55 -97
76 84 22
77 14 82
77 47 76
78 99 75
79 79 -24
80 49 20
81 52 -38
81 73 15
82 60 -32
83 31 -57
83 46 -88
85 22 -70
85 68 96
86 4 80
87 67 -9
88 24 -9
88 53 16
88 89 -13
89 51 -36
90 2 -74
91 10 97
91 25 89
91 48 87
91 87 -89
92 10 68
92 83 -8
94 35 -97
96 27 -20
96 73 -100
96 82 -49
97 22 -39
97 80 -59
98 24 82