0 9 15
0 13 91
0 27 -79
0 39 33
0 61 11
0 76 16
0 89 84
0 93 56
0 116 -44
0 127 4
1 40 -97
1 46 -12
1 119 63
2 18 -64
2 22 2
2 25 -47
2 54 42
2 105 -8
2 113 -19
2 116 96
2 139 100
3 32 -78
3 36 75
3 39 -75
3 47 43
3 55 17
3 88 95
3 91 96
3 141 -28
3 149 67
4 27 -63
4 36 37
4 70 -91
4 72 16
4 82 53
4 111 25
4 126 95
5 11 63
5 33 64
5 40 92
5 70 30
5 90 -95
6 17 -55
6 20 -74
6 52 46
6 55 -40
6 71 -67
6 84 96
6 103 78
7 9 14
7 19 25
7 71 80
7 75 69
7 83 -25
8 53 -49
8 110 -47
8 123 -88
8 129 -89
8 144 -8
9 17 -23
9 25 78
9 76 55
9 88 -50
9 96 -21
9 113 -58
9 121 78
10 16 44
10 42 -2
10 45 -19
10 61 85
10 72 -37
10 97 -53
10 104 51
10 130 90
10 135 -75
10 143 -56
11 25 17
11 33 -82
11 41 33
11 77 -99
11 115 31
11 133 74
11 136 13
11 147 -48
12 49 73
12 63 95
12 74 -16
12 119 85
13 18 6
13 25 -69
13 29 -61
13 31 74
13 77 89
13 93 -79
13 101 18
13 105 16
13 110 -96
13 127 -38
14 0 27
14 4 72
14 13 -27
14 62 -55
14 111 39
14 142 29
15 18 20
15 43 -50
15 50 72
15 55 75
15 84 2
15 85 31
15 86 -8
15 90 -32
15 108 68
15 132 49
16 16 42
16 26 32
16 44 18
16 52 -99
16 106 -89
16 111 -83
16 148 -65
17 44 16
17 140 4
17 149 49
18 9 24
18 85 98
18 88 -32
18 92 -82
18 93 -20
18 148 -5
19 14 -77
19 55 -81
19 63 72
19 113 -24
19 138 -15
20 4 -4
20 76 56
20 80 40
20 90 -25
20 103 -8
21 10 -84
21 32 10
21 38 -12
21 54 -13
21 71 76
21 81 7
21 83 93
21 95 49
21 104 -44
21 113 -100
21 117 89
21 148 19
22 84 2
22 98 -56
22 115 1
23 54 30
23 55 -89
23 78 95
23 79 95
23 81 85
23 87 -94
23 88 -36
23 100 -71
23 123 -56
23 124 -70
23 129 6
23 142 -90
24 15 49
24 49 -85
24 65 85
24 72 -91
24 94 -25
24 98 69
24 140 -90
24 148 -19
25 9 -89
26 21 -16
26 26 -58
26 65 22
26 66 81
26 95 -71
26 104 -76
26 132 58
26 136 -32
26 144 -18
27 6 -91
27 16 -17
27 37 -37
27 63 89
27 64 -53
27 66 -48
27 71 -8
27 113 -47
27 147 29
28 0 -24
28 3 -23
28 12 -23
28 51 -12
28 75 2
28 120 -28
29 12 47
29 14 12
29 53 14
29 115 34
29 116 -67
29 122 10
29 123 42
29 143 -12
30 6 82
30 24 83
30 37 -28
30 39 -97
30 46 -8
30 90 -49
30 104 34
30 130 -77
30 134 -95
30 141 -62
30 147 -72
31 10 -32
31 18 -18
31 32 15
31 48 -27
31 73 1
31 74 -58
31 82 -98
31 83 -65
31 88 -52
31 98 81
31 112 -61
31 132 -83
31 148 -28
32 5 35
32 33 73
32 79 -95
32 83 -59
32 85 -80
32 87 98
32 128 -99
32 134 44
33 4 -94
33 13 51
33 35 52
33 64 -70
33 99 10
33 121 84
33 143 99
33 144 -79
34 8 95
34 10 -39
34 15 81
34 42 84
34 58 44
34 61 22
34 70 -48
34 73 -51
34 75 7
34 88 -67
34 108 -28
34 112 -77
34 119 13
34 149 -1
35 7 33
35 28 55
35 62 23
35 98 56
35 108 -7
35 114 -61
35 122 -56
35 135 -85
36 2 -12
36 14 50
36 58 83
36 149 -44
37 37 87
37 42 77
37 44 90
37 73 85
37 105 20
37 120 -48
37 130 -36
37 131 72
37 132 58
37 136 -27
37 147 -94
38 34 97
38 59 -66
38 76 68
38 78 -58
38 89 5
39 18 -84
39 35 14
39 67 -12
39 68 -14
39 77 77
39 78 -46
39 117 -58
39 123 -37
39 124 64
39 128 -64
39 131 93
40 9 52
40 36 56
40 42 94
40 45 99
40 72 -13
40 77 -100
40 80 -64
40 82 54
40 89 84
40 93 -32
40 102 -27
40 116 -90
40 136 22
40 144 87
40 145 -75
41 17 -49
41 25 21
41 63 -9
41 73 43
41 89 -85
41 92 -60
41 102 73
41 109 75
41 136 -18
41 140 -49
42 0 -9
42 10 68
42 36 96
42 50 69
42 84 68
42 86 26
42 102 -53
42 116 -84
42 135 -96
42 136 38
42 143 77
42 148 96
43 4 -45
43 31 -14
43 35 -43
43 41 -51
43 57 -90
43 92 -37
43 100 13
44 16 -24
44 22 -80
44 36 7
44 67 46
44 72 -91
44 74 13
44 83 -58
44 114 -71
44 128 25
44 136 8
44 142 -63
45 52 70
45 64 -77
45 65 15
45 66 -90
45 86 -77
45 92 64
45 114 14
46 20 -100
46 37 74
46 58 93
46 78 58
46 143 -56
47 53 -62
47 68 -100
47 69 -29
47 72 -62
47 79 64
47 86 -9
47 117 39
48 2 73
48 20 -33
48 23 98
48 45 74
48 72 99
48 117 -18
48 118 33
48 125 -38
49 42 16
49 53 -72
49 62 -39
49 80 78
49 115 -83
49 124 74
49 140 99
49 149 -36
50 35 61
50 49 92
50 75 -88
50 97 -15
50 109 -26
50 118 -94
50 119 -78
50 142 29
51 92 74
51 100 4
51 120 -26
51 124 22
52 30 -42
52 37 -32
52 61 63
52 80 44
52 96 -94
52 103 -69
52 105 29
52 124 -84
52 131 44
52 135 15
53 1 10
53 9 94
53 34 -42
53 77 13
53 96 68
53 119 -66
53 120 3
53 126 45
54 6 -76
54 27 24
54 45 96
54 60 79
54 108 -29
54 114 -99
54 121 58
54 131 -42
54 139 57
55 41 93
55 69 -39
55 123 5
55 143 88
55 148 57
56 12 -17
56 19 9
56 34 66
56 48 50
56 57 56
56 72 13
56 134 99
56 144 -60
57 26 23
57 42 -42
57 106 9
57 124 -96
57 126 46
57 137 -82
57 144 -52
58 2 -95
58 23 43
58 40 -96
58 56 -41
58 61 -46
58 69 -46
58 79 -96
58 90 43
58 112 -41
58 140 2
59 27 -41
59 43 47
59 47 -16
59 63 -30
59 119 82
59 146 98
60 3 -66
60 19 -57
60 34 -95
60 91 -21
60 113 66
60 119 5
60 121 -61
61 7 -19
61 15 76
61 45 86
61 48 -71
61 49 35
61 50 40
61 52 97
61 69 -89
61 88 -88
62 41 -20
62 51 -19
62 53 -43
62 89 66
62 112 -68
62 121 -2
62 137 -99
62 138 48
63 2 71
63 3 80
63 34 -54
63 38 74
63 52 96
63 145 43
64 2 67
64 35 -45
64 80 96
64 81 62
64 129 -12
65 2 -16
65 20 -76
65 25 -69
65 35 -19
65 76 -71
65 82 -24
65 103 -67
65 128 -87
65 142 21
66 18 35
66 24 19
66 33 4
66 41 27
66 63 -2
66 110 16
66 131 74
67 4 -15
67 12 -15
67 20 50
67 41 -14
67 100 -79
67 108 93
67 140 40
68 21 26
68 48 38
68 49 68
68 62 77
68 91 -65
69 7 16
69 19 -94
69 20 -13
69 55 20
69 60 45
69 61 -98
69 88 50
69 143 72
70 10 -75
70 32 55
70 34 -44
70 73 -77
70 80 80
70 83 -54
70 105 -4
70 117 17
70 119 56
70 123 29
70 143 -44
71 2 34
71 9 54
71 25 -88
71 30 65
71 89 58
71 98 -21
72 2 -23
72 21 89
72 41 -83
72 59 66
72 83 -79
72 100 32
72 114 -80
72 120 -34
73 9 -23
73 23 -42
73 24 99
73 27 13
73 35 -98
73 69 -64
73 79 -11
73 82 48
73 90 -90
73 97 -46
73 100 -36
73 132 14
73 141 -19
74 4 -92
74 5 20
74 48 -6
74 64 -27
74 76 100
74 98 67
74 139 60
74 141 25
74 145 -68
75 23 32
75 25 -99
75 35 -15
75 56 65
75 66 45
75 116 -32
76 1 25
76 18 -24
76 31 -9
76 48 53
76 61 -49
76 134 77
76 136 -75
76 140 10
76 142 -17
76 146 -83
77 0 -26
77 44 -39
77 73 -51
77 76 -36
77 84 -27
77 120 -47
77 128 -60
77 136 -48
77 145 -20
78 11 -78
78 16 13
78 88 14
78 100 -71
78 125 63
78 146 -40
79 13 -62
79 17 -39
79 23 -97
79 36 83
79 43 -90
79 65 77
79 84 -4
79 100 -31
79 109 86
79 122 10
79 123 -8
79 134 -4
79 135 -24
80 40 67
80 41 47
80 94 98
80 146 -29
81 14 -53
81 23 13
81 30 -22
81 40 74
81 65 79
81 73 -57
81 100 75
81 102 40
81 141 59
82 0 -63
82 4 -37
82 24 -4
82 38 -23
82 52 39
82 84 80
82 97 -25
82 109 -97
82 130 -70
83 7 -81
83 12 -52
83 21 66
83 39 -87
83 46 97
83 68 -93
83 84 5
83 96 -40
83 110 -5
83 111 61
84 12 -29
84 13 -27
84 21 -76
84 47 6
84 58 35
84 95 25
84 142 -71
85 17 -89
85 31 86
85 37 68
85 52 15
85 54 87
85 74 -99
86 10 -70
86 42 41
86 65 15
86 93 18
86 110 20
87 7 33
87 14 91
87 23 12
87 39 77
87 102 -88
88 29 24
88 40 92
88 47 -21
88 51 20
88 77 38
88 85 -17
88 134 -21
89 65 85
89 70 -80
89 106 80
89 108 -25
89 114 23
89 123 -65
90 27 -56
90 35 -68
90 37 -14
90 76 84
90 88 -88
90 96 -70
90 144 -39
91 33 25
91 34 85
91 44 -46
91 55 43
91 58 19
91 69 -89
91 128 -73
91 133 -11
91 142 -28
91 143 -21
92 3 -36
92 16 70
92 17 -57
92 85 48
92 103 68
92 108 60
92 140 -25
93 1 32
93 23 -78
93 46 44
93 78 35
93 83 -50
93 84 -88
93 85 -1
93 129 23
94 24 -61
94 110 -7
94 121 -98
94 125 -49
94 127 49
95 3 16
95 6 -16
95 8 -87
95 36 81
95 56 -57
95 71 -4
95 77 -51
95 99 -74
95 113 -4
95 132 -15
96 25 27
96 33 11
96 54 87
96 56 -5
96 67 58
96 69 -88
96 84 -57
96 123 80
96 125 -34
96 126 -28
96 127 -19
96 149 37
97 79 -58
97 92 94
97 101 57
97 102 -77
97 145 67
97 146 23
98 79 75
98 83 -24
98 103 48
98 127 62
98 129 97
99 4 91
99 14 -77
99 58 -20
99 90 -95
99 116 2
99 148 -51
100 0 20
100 8 -52
100 12 61
100 16 -46
100 29 -46
100 37 -39
100 44 57
100 48 43
100 93 -55
100 101 -25
100 112 41
100 124 10
100 126 48
100 138 23
100 140 -37
100 147 47
101 42 50
101 106 12
101 109 -31
101 126 -66
102 3 -55
102 17 -99
102 74 -15
102 88 -9
102 96 40
102 107 20
102 123 -65
102 142 79
103 18 99
103 36 -88
103 49 93
103 68 -91
103 100 34
103 137 70
104 15 -85
104 128 99
104 131 -33
105 5 -16
105 28 25
105 40 17
105 67 -25
105 98 88
106 8 -64
106 57 -50
106 66 -62
106 78 5
106 81 79
106 136 26
106 149 100
107 13 42
107 58 -22
107 67 -89
107 85 8
107 94 55
107 115 -82
108 1 93
108 74 -52
108 87 -39
108 115 76
108 130 -40
108 138 -100
108 143 -59
109 35 26
109 59 34
109 102 -36
109 114 -75
109 133 -43
110 7 17
110 11 93
110 18 38
110 30 -23
110 39 -11
110 49 -39
110 53 -44
110 136 -1
111 38 58
111 52 -90
111 80 32
111 86 -85
111 115 8
111 122 11
111 131 94
112 100 96
112 104 -55
113 19 91
113 24 -47
113 25 -69
113 30 -27
113 48 38
113 108 77
113 124 87
114 4 18
114 14 12
114 17 2
114 18 92
114 29 -21
114 48 34
114 62 -97
115 1 -12
115 4 80
115 5 -59
115 28 81
115 32 -73
115 34 59
115 36 -63
115 63 52
115 81 -57
115 125 100
115 132 -99
115 138 40
115 147 -27
116 21 28
116 52 -71
116 75 -70
116 91 -2
116 108 -12
116 119 90
116 137 49
117 18 98
117 22 -33
117 24 48
117 36 -83
117 94 12
117 115 -53
117 130 -66
117 141 -84
117 142 72
117 149 -71
118 15 49
118 35 -54
118 56 -63
118 70 67
118 96 -63
118 103 14
118 112 8
118 129 -61
119 7 -32
119 15 52
119 21 49
119 23 -71
119 29 4
119 33 38
119 35 43
119 97 -93
119 103 79
119 113 89
119 126 65
119 133 -4
119 141 86
120 61 35
120 71 42
120 73 87
120 75 55
120 84 -71
120 93 -90
120 139 -31
120 145 -33
121 1 -46
121 8 -11
121 14 20
121 40 -90
121 46 -91
121 47 45
121 66 71
121 97 -66
121 121 -66
121 142 42
122 62 -65
122 79 17
122 123 -83
122 132 85
122 134 -85
123 58 86
123 77 11
124 47 -36
124 117 84
124 123 24
125 35 3
125 43 50
125 87 96
125 93 -20
125 95 -7
125 138 57
125 145 84
126 13 -53
126 26 -97
126 27 100
126 71 39
126 82 65
126 90 -86
126 103 -11
127 28 56
127 34 -43
127 67 23
127 76 87
127 90 71
127 94 -80
127 99 -3
127 102 -96
127 112 -78
127 113 31
127 135 -52
128 9 -30
128 18 61
128 63 89
128 72 -47
128 96 -61
128 98 -49
128 105 -79
128 148 30
129 42 81
129 59 78
129 93 63
129 101 -39
130 8 -26
130 21 -97
130 47 52
130 53 11
130 61 -34
130 63 -81
130 74 89
130 79 54
130 88 -35
130 138 -72
131 0 -21
131 3 -34
131 56 -45
131 75 -86
131 88 57
131 134 80
132 0 -32
132 15 81
132 19 31
132 32 96
132 95 49
132 104 56
132 111 53
132 112 40
133 8 4
133 10 43
133 23 -57
133 40 68
133 55 7
133 60 -66
133 90 -61
133 121 48
133 139 -53
134 11 15
134 18 -33
134 26 5
134 36 -26
134 71 -80
134 91 26
134 105 -28
134 146 41
135 76 -10
135 77 85
135 87 10
135 88 -76
135 90 -64
135 92 -51
136 62 19
136 88 26
136 100 68
136 140 -29
137 15 2
137 35 -13
137 77 -11
137 83 53
137 90 -60
137 114 -55
137 122 51
137 144 -72
138 62 -70
138 67 59
138 123 -37
139 4 55
139 21 -27
139 45 23
139 48 -82
139 60 86
139 85 50
139 92 -96
139 98 -2
140 21 79
140 55 67
140 73 -59
140 81 -98
140 118 45
140 119 46
140 127 -89
140 136 -94
140 148 -60
141 15 -78
141 28 60
141 34 79
141 64 80
141 87 -29
141 96 -32
141 101 -21
141 106 59
141 148 3
142 22 -68
142 23 89
142 35 -34
142 44 93
142 57 93
142 68 -72
142 86 -66
142 123 33
143 3 65
143 4 51
143 29 49
143 54 -1
143 96 -44
144 54 -90
144 60 18
144 62 14
144 80 55
144 104 86
144 122 -70
144 131 46
144 136 74
145 17 68
145 26 -45
145 57 -80
145 88 -94
145 119 92
145 120 9
145 126 8
145 133 10
145 141 -98
146 19 57
146 62 -41
146 64 18
146 107 -34
146 116 -55
146 117 5
146 142 -95
147 27 -26
147 47 76
147 66 -43
147 121 -96
147 133 64
147 139 71
148 7 -84
148 66 35
148 71 30
148 141 72
148 142 -50
149 5 33
149 51 63
149 57 82