0 4 -50
0 32 67
1 11 -68
1 12 100
1 14 30
1 29 85
1 48 41
2 48 18
3 17 -92
3 31 3
4 15 -69
4 18 -44
4 42 -76
6 46 -50
6 48 33
6 49 -33
9 41 34
10 0 67
12 36 16
12 40 93
13 4 -6
13 24 -83
13 32 7
14 48 -13
15 38 26
16 44 -59
17 39 -67
17 48 33
18 18 -10
19 11 -39
19 18 2
19 22 -95
20 35 76
20 40 -99
21 3 -21
21 44 -5
22 0 75
22 6 -22
23 7 32
24 2 -84
24 8 64
24 15 -57
25 26 -14
25 34 49
26 9 80
26 11 -7
27 35 -11
27 43 -64
29 8 44
29 47 11
32 31 68
33 10 -2
33 20 -13
34 3 82
37 9 92
38 4 77
38 48 4
39 46 16
40 26 -36
42 4 16
42 24 -76
42 40 -4
42 41 79
43 27 -12
44 4 -51
44 45 73
45 37 36
45 49 -48
46 1 88
46 2 8
48 16 20
48 26 -56
48 37 53
48 46 -7
49 43 -50