0 0 4
0 1 33
0 2 3
0 4 -25
0 5 23
0 7 8
0 8 -48
0 9 -21
0 10 42
0 11 24
0 13 -17
0 14 -57
0 15 27
0 16 -97
0 17 -78
0 18 -78
0 19 100
0 20 -23
0 25 -5
0 26 -10
0 27 74
0 28 -81
0 30 87
0 31 15
0 32 10
0 33 -86
0 34 -53
0 35 39
0 36 -30
0 37 57
0 38 -44
0 39 21
0 40 89
0 41 -91
0 42 -79
0 43 36
0 44 -95
0 45 95
0 46 -68
0 47 44
0 48 -20
0 49 99
0 50 -18
0 51 89
0 52 29
0 53 87
0 54 7
0 55 -50
0 57 90
0 58 8
0 59 8
0 60 89
0 61 35
0 62 -69
0 63 -19
0 64 31
0 65 32
0 66 65
0 67 29
0 68 -82
0 69 -63
0 70 -87
0 71 51
0 72 73
0 73 -8
0 74 4
0 75 79
0 76 75
0 77 66
0 78 -99
0 79 -17
0 80 62
0 81 58
0 82 75
0 83 65
0 84 99
0 85 -29
0 86 -84
0 89 71
0 90 21
0 91 29
0 93 6
0 94 53
0 95 23
0 96 80
0 97 -29
0 98 52
0 99 -50
1 0 7
1 1 41
1 2 4
1 3 -70
1 4 -93
1 5 -11
1 6 69
1 7 -55
1 8 -93
1 9 99
1 10 15
1 11 -39
1 12 34
1 13 19
1 14 19
1 15 46
1 16 45
1 17 66
1 18 -83
1 19 -87
1 20 -26
1 21 -39
1 22 -56
1 23 -52
1 25 -87
1 26 -89
1 27 29
1 28 10
1 29 12
1 30 -69
1 31 4
1 32 17
1 33 -73
1 34 -28
1 35 -89
1 36 -23
1 37 -25
1 38 -53
1 39 75
1 40 39
1 41 82
1 42 13
1 43 49
1 47 38
1 49 94
1 50 -97
1 51 91
1 52 -22
1 54 -73
1 55 -43
1 56 75
1 57 -40
1 58 -54
1 59 -95
1 60 -91
1 61 -84
1 62 -24
1 63 -17
1 64 -55
1 65 -82
1 66 -70
1 67 11
1 68 64
1 70 -13
1 71 61
1 72 69
1 73 77
1 75 -27
1 77 -74
1 78 59
1 80 41
1 81 45
1 83 -32
1 85 -82
1 86 58
1 87 -21
1 88 57
1 89 -75
1 90 67
1 91 26
1 92 78
1 93 -45
1 94 52
1 95 14
1 96 53
1 97 58
1 99 33
2 0 -85
2 1 -27
2 2 -71
2 3 9
2 4 19
2 5 15
2 6 98
2 7 -92
2 9 35
2 10 -29
2 11 93
2 12 -62
2 13 34
2 14 47
2 15 -76
2 16 14
2 17 91
2 18 -98
2 19 -23
2 20 4
2 21 -6
2 22 -30
2 23 9
2 24 85
2 25 49
2 26 10
2 27 -64
2 28 -82
2 29 -43
2 30 56
2 32 -78
2 33 -97
2 34 -84
2 35 17
2 36 2
2 37 -40
2 38 72
2 39 -37
2 40 -48
2 41 -77
2 42 -92
2 44 11
2 45 -17
2 46 -62
2 47 -89
2 48 -39
2 49 90
2 50 87
2 51 -89
2 52 -68
2 53 -70
2 55 -82
2 56 -52
2 57 -8
2 59 -20
2 60 -74
2 61 -29
2 62 5
2 63 14
2 64 87
2 65 -86
2 66 -58
2 67 66
2 68 -52
2 69 1
2 70 -91
2 71 1
2 72 45
2 73 89
2 74 80
2 75 -93
2 76 -83
2 77 32
2 79 -4
2 80 -64
2 81 84
2 82 -49
2 83 16
2 84 64
2 85 34
2 86 -20
2 87 41
2 88 11
2 89 -3
2 90 8
2 91 -48
2 92 98
2 95 28
2 96 74
2 97 87
2 98 98
2 99 -75
3 0 59
3 1 -41
3 2 7
3 5 -51
3 6 -30
3 7 44
3 8 92
3 9 87
3 10 -21
3 11 -8
3 12 -69
3 13 1
3 14 64
3 15 -23
3 16 63
3 17 9
3 19 55
3 21 -12
3 22 37
3 23 -80
3 24 -8
3 25 -86
3 26 -15
3 27 -58
3 28 -24
3 29 -64
3 30 43
3 31 -55
3 33 -55
3 34 -46
3 36 -79
3 37 36
3 38 14
3 42 -79
3 44 -9
3 45 -63
3 47 -88
3 48 -61
3 49 46
3 51 -4
3 52 89
3 53 -74
3 55 80
3 56 -16
3 57 35
3 58 -90
3 59 -46
3 60 -32
3 61 32
3 62 -65
3 63 80
3 64 50
3 66 -17
3 67 -4
3 68 1
3 69 74
3 70 -71
3 71 92
3 72 57
3 73 97
3 74 -59
3 75 80
3 76 -96
3 77 -72
3 78 -50
3 79 -76
3 80 -33
3 81 -26
3 82 -91
3 83 -15
3 84 88
3 85 -28
3 86 -60
3 87 -36
3 88 100
3 89 31
3 91 -36
3 92 -3
3 93 -54
3 94 35
3 95 -27
3 96 44
3 97 -61
3 98 -17
3 99 88
4 0 -98
4 1 -38
4 2 10
4 4 80
4 5 -94
4 6 -38
4 7 61
4 9 27
4 10 -98
4 11 -86
4 12 -46
4 13 -78
4 14 -9
4 15 -63
4 16 87
4 17 -53
4 18 34
4 19 95
4 20 86
4 21 -80
4 22 47
4 23 32
4 25 60
4 26 92
4 28 -77
4 29 62
4 30 62
4 31 64
4 32 -8
4 33 -96
4 34 -80
4 35 -90
4 36 45
4 37 -96
4 38 44
4 39 -99
4 40 2
4 41 -24
4 42 27
4 43 -45
4 45 91
4 46 -56
4 47 -62
4 48 -18
4 49 -38
4 50 -23
4 51 25
4 52 49
4 54 95
4 55 -10
4 56 -76
4 57 -21
4 58 36
4 59 -66
4 60 -28
4 61 35
4 63 -67
4 64 -60
4 65 24
4 66 -30
4 67 7
4 68 -5
4 69 -99
4 70 -38
4 71 23
4 72 -70
4 73 -38
4 74 79
4 75 15
4 76 -57
4 77 18
4 78 39
4 79 -60
4 81 9
4 82 -88
4 83 -52
4 84 32
4 85 34
4 86 81
4 87 -17
4 88 -13
4 89 89
4 91 -75
4 92 -36
4 93 33
4 94 -88
4 95 -14
4 96 -65
4 97 -45
4 99 37
5 0 52
5 1 -19
5 2 -80
5 3 -14
5 4 -93
5 5 -56
5 6 100
5 8 56
5 9 28
5 10 42
5 11 -79
5 12 47
5 14 -88
5 15 60
5 16 -21
5 17 70
5 18 4
5 20 37
5 21 -44
5 22 77
5 23 55
5 24 75
5 25 57
5 26 60
5 27 -22
5 28 -7
5 31 -97
5 32 -49
5 33 95
5 34 -1
5 36 -64
5 37 38
5 38 -10
5 39 47
5 40 36
5 41 21
5 42 -97
5 43 41
5 44 -72
5 45 92
5 46 13
5 47 67
5 48 -62
5 49 -32
5 50 88
5 51 -39
5 52 23
5 53 -63
5 54 90
5 55 -40
5 56 7
5 57 -98
5 59 -72
5 61 60
5 62 64
5 63 -43
5 64 -26
5 65 -8
5 66 82
5 67 -88
5 68 65
5 69 83
5 70 -6
5 71 72
5 73 -60
5 75 95
5 76 -93
5 77 29
5 78 -84
5 81 88
5 82 57
5 83 -24
5 85 77
5 86 54
5 87 20
5 88 81
5 89 -68
5 90 -65
5 92 -6
5 93 -16
5 94 9
5 95 -35
5 96 39
5 97 -21
5 98 42
5 99 -80
6 0 -45
6 1 70
6 3 -17
6 6 19
6 7 -42
6 9 -82
6 10 20
6 11 -14
6 12 -15
6 13 -82
6 15 -3
6 16 -43
6 17 45
6 18 69
6 19 70
6 20 84
6 22 -82
6 23 100
6 24 -33
6 25 45
6 26 -49
6 27 -73
6 29 -95
6 30 91
6 31 59
6 32 3
6 33 18
6 34 93
6 35 54
6 36 -62
6 38 98
6 39 -9
6 40 68
6 41 -98
6 42 -34
6 43 5
6 44 -71
6 45 -53
6 46 29
6 47 99
6 48 37
6 49 -13
6 50 76
6 51 21
6 52 -3
6 53 -99
6 54 56
6 55 -10
6 56 -75
6 57 40
6 58 -25
6 59 -82
6 60 -7
6 61 90
6 62 90
6 63 69
6 64 -94
6 65 -31
6 66 -89
6 67 80
6 68 58
6 69 27
6 70 96
6 71 -83
6 72 -86
6 73 -13
6 74 58
6 75 -48
6 76 -43
6 77 85
6 78 -7
6 79 70
6 81 2
6 82 -6
6 83 -37
6 84 -58
6 85 9
6 86 -63
6 87 -87
6 88 44
6 89 57
6 90 12
6 92 -79
6 93 -33
6 94 -39
6 95 74
6 96 80
6 97 -27
6 98 32
6 99 13
7 0 -93
7 1 -71
7 2 33
7 3 -64
7 4 17
7 6 -24
7 7 -9
7 8 -6
7 9 36
7 10 -65
7 11 -33
7 13 -86
7 14 -2
7 15 -47
7 16 -85
7 17 -97
7 18 69
7 19 73
7 20 -46
7 21 49
7 22 -28
7 23 26
7 24 -41
7 25 -74
7 26 49
7 27 4
7 28 -52
7 29 29
7 30 -43
7 31 28
7 32 63
7 33 11
7 34 55
7 35 -92
7 36 35
7 37 57
7 38 -27
7 40 57
7 41 3
7 44 -30
7 45 -80
7 46 65
7 47 26
7 48 67
7 49 53
7 50 20
7 51 22
7 52 -85
7 53 -2
7 54 59
7 55 91
7 56 -50
7 57 -24
7 58 41
7 59 -16
7 60 -43
7 61 75
7 62 73
7 63 -86
7 64 80
7 66 40
7 67 -23
7 68 -63
7 69 -91
7 70 -91
7 71 3
7 72 -31
7 74 -20
7 75 -40
7 76 -87
7 77 -52
7 78 28
7 79 -49
7 80 1
7 81 6
7 82 87
7 83 32
7 84 -27
7 85 52
7 87 -14
7 88 28
7 89 -64
7 90 35
7 91 -82
7 92 -97
7 93 69
7 94 -35
7 95 55
7 96 28
7 97 -8
7 99 -51
8 0 63
8 1 -23
8 2 3
8 3 -85
8 4 42
8 5 -20
8 6 82
8 7 2
8 8 56
8 9 62
8 10 4
8 12 3
8 13 -59
8 14 43
8 15 68
8 16 -44
8 17 24
8 18 -65
8 19 -11
8 21 -8
8 22 73
8 26 -40
8 27 -85
8 28 -34
8 29 26
8 30 35
8 31 -39
8 32 24
8 33 15
8 34 76
8 35 26
8 36 -75
8 37 -49
8 38 17
8 39 23
8 40 -42
8 41 65
8 42 63
8 43 46
8 44 35
8 45 -74
8 46 -65
8 47 8
8 48 -82
8 49 12
8 50 84
8 51 38
8 52 -93
8 53 79
8 54 -60
8 55 92
8 56 14
8 58 -31
8 59 64
8 60 76
8 61 100
8 62 56
8 63 49
8 64 36
8 65 -45
8 66 -90
8 67 39
8 70 -60
8 71 -53
8 72 -15
8 73 61
8 75 71
8 76 -5
8 77 15
8 79 -83
8 80 -96
8 81 84
8 82 -81
8 83 -72
8 84 22
8 85 -74
8 86 -95
8 87 -99
8 88 91
8 89 -29
8 90 85
8 91 3
8 92 -44
8 93 82
8 94 -68
8 95 55
8 96 -29
8 97 -76
8 98 99
8 99 -42
9 0 14
9 1 91
9 2 38
9 3 -26
9 5 10
9 6 -77
9 8 -18
9 9 -84
9 10 -96
9 11 79
9 12 66
9 13 -21
9 15 -2
9 17 43
9 18 -53
9 20 -62
9 21 74
9 22 -26
9 23 25
9 24 40
9 25 60
9 27 15
9 28 -90
9 29 -69
9 30 -69
9 31 -33
9 32 -21
9 33 45
9 34 -46
9 36 59
9 37 75
9 38 -6
9 39 -83
9 40 91
9 41 -96
9 42 -72
9 43 22
9 44 -16
9 45 63
9 46 -78
9 47 -65
9 48 48
9 49 14
9 50 55
9 51 -32
9 53 -8
9 54 23
9 55 -12
9 56 -38
9 57 -99
9 59 -77
9 60 -41
9 61 41
9 62 52
9 63 -4
9 64 45
9 65 -88
9 66 48
9 67 19
9 68 -52
9 70 -18
9 72 -67
9 73 29
9 74 9
9 75 -21
9 76 -62
9 77 68
9 78 -57
9 80 -53
9 81 -30
9 82 -13
9 83 14
9 84 -61
9 85 -88
9 86 -91
9 87 60
9 88 96
9 90 -60
9 91 78
9 92 -76
9 93 3
9 95 4
9 96 -81
9 97 71
9 98 43
9 99 -69
10 0 76
10 2 -72
10 3 -24
10 4 -52
10 5 9
10 8 65
10 9 17
10 10 35
10 13 -69
10 14 -81
10 15 56
10 16 50
10 18 38
10 19 78
10 20 50
10 21 55
10 23 93
10 25 -15
10 26 22
10 27 -23
10 28 73
10 29 -94
10 30 -83
10 31 4
10 32 53
10 33 38
10 34 93
10 35 -7
10 36 -65
10 37 -82
10 38 14
10 39 9
10 40 -80
10 41 -77
10 42 38
10 43 45
10 44 10
10 45 50
10 47 -81
10 48 12
10 49 -39
10 50 3
10 51 -76
10 52 6
10 53 72
10 54 -15
10 55 91
10 57 -59
10 58 -99
10 59 -4
10 60 -84
10 62 12
10 63 -90
10 64 92
10 66 61
10 67 32
10 69 -11
10 70 87
10 72 80
10 73 -19
10 74 31
10 75 97
10 77 -82
10 78 16
10 79 -82
10 80 -54
10 81 33
10 82 -88
10 83 -72
10 84 -45
10 85 11
10 86 -93
10 87 32
10 88 18
10 89 -88
10 90 -66
10 91 -81
10 92 17
10 93 39
10 94 -32
10 95 -16
10 96 -32
10 97 92
10 98 83
10 99 77
11 0 10
11 1 6
11 2 -21
11 3 -9
11 4 -70
11 5 -18
11 8 -97
11 9 50
11 10 76
11 11 -1
11 12 -76
11 13 -26
11 14 -78
11 15 30
11 16 64
11 17 76
11 18 94
11 19 16
11 20 -42
11 21 25
11 22 -97
11 23 -87
11 24 -90
11 26 39
11 27 -99
11 28 24
11 29 -11
11 30 45
11 31 -21
11 32 75
11 35 76
11 36 -79
11 37 61
11 38 -45
11 39 37
11 40 6
11 41 -38
11 42 -22
11 43 44
11 44 67
11 45 -82
11 46 -3
11 47 19
11 48 78
11 49 60
11 50 -99
11 51 29
11 52 12
11 53 61
11 54 -39
11 55 73
11 57 35
11 58 6
11 59 71
11 60 -66
11 61 -6
11 62 52
11 63 -48
11 66 -13
11 67 97
11 68 5
11 70 -30
11 71 89
11 72 97
11 73 66
11 74 -89
11 75 32
11 76 -80
11 77 -4
11 78 -88
11 79 -18
11 80 79
11 81 79
11 82 -55
11 83 17
11 84 -47
11 85 79
11 86 4
11 87 -47
11 88 23
11 89 -20
11 90 73
11 91 4
11 92 -28
11 93 -44
11 95 -38
11 96 36
11 99 72
12 1 47
12 2 -32
12 3 7
12 4 -77
12 5 -71
12 6 3
12 7 -1
12 8 83
12 9 32
12 10 -44
12 11 94
12 12 -73
12 14 -36
12 15 84
12 16 -29
12 17 82
12 18 -1
12 19 -83
12 20 -97
12 22 61
12 23 -56
12 24 -98
12 25 100
12 26 28
12 27 15
12 29 41
12 30 -8
12 31 14
12 32 -54
12 33 71
12 34 62
12 35 53
12 36 -65
12 37 3
12 38 72
12 39 -34
12 40 -83
12 41 -98
12 43 11
12 44 42
12 47 -29
12 49 -54
12 51 -16
12 52 -28
12 53 -47
12 55 45
12 57 -48
12 58 71
12 59 -19
12 60 -46
12 61 -61
12 62 -68
12 63 35
12 65 -77
12 66 23
12 67 33
12 68 20
12 69 -100
12 71 -97
12 73 15
12 74 -74
12 75 -43
12 76 73
12 77 95
12 78 39
12 79 -27
12 80 -38
12 81 38
12 82 47
12 83 -45
12 84 -26
12 85 -33
12 86 -57
12 87 78
12 88 42
12 89 -32
12 90 16
12 91 54
12 92 -65
12 93 -92
12 94 6
12 95 -16
12 96 -60
12 98 98
12 99 75
13 0 -84
13 1 38
13 2 -24
13 3 -73
13 4 -19
13 5 36
13 6 -66
13 7 40
13 8 84
13 9 -75
13 10 -73
13 11 -32
13 12 68
13 13 37
13 14 71
13 15 -53
13 16 -98
13 17 -34
13 18 99
13 19 -5
13 20 16
13 21 77
13 22 -85
13 23 -10
13 24 4
13 25 -74
13 26 -4
13 27 10
13 28 33
13 29 92
13 30 -13
13 31 -39
13 32 67
13 33 13
13 34 -57
13 35 45
13 36 24
13 37 -29
13 38 60
13 39 30
13 40 -44
13 41 -67
13 42 10
13 43 -81
13 45 -18
13 46 48
13 48 70
13 51 -35
13 52 45
13 53 96
13 54 93
13 56 -39
13 57 -26
13 58 -54
13 59 -9
13 60 93
13 61 -94
13 62 40
13 63 80
13 64 -25
13 65 53
13 66 50
13 67 8
13 68 -56
13 70 -54
13 71 94
13 72 25
13 74 15
13 75 75
13 76 27
13 77 -44
13 78 69
13 79 -98
13 80 -86
13 81 22
13 82 89
13 83 -22
13 84 -11
13 85 -90
13 86 77
13 87 68
13 88 -81
13 89 -67
13 90 -10
13 91 -16
13 92 73
13 93 -32
13 94 -30
13 95 71
13 96 19
13 97 -79
13 98 -18
13 99 -84
14 0 -85
14 2 -59
14 3 63
14 4 -36
14 5 -49
14 6 46
14 7 -76
14 8 -84
14 9 77
14 10 28
14 11 -77
14 13 89
14 14 -51
14 15 47
14 16 -75
14 17 -46
14 19 86
14 20 -82
14 21 -39
14 22 -15
14 24 38
14 25 47
14 26 7
14 27 -63
14 28 -84
14 29 67
14 31 -12
14 32 -82
14 34 3
14 36 24
14 37 16
14 38 61
14 39 -86
14 40 -48
14 41 88
14 43 -83
14 44 28
14 45 97
14 46 3
14 47 29
14 48 34
14 49 -58
14 50 -60
14 51 82
14 54 -87
14 55 25
14 56 -54
14 58 -58
14 59 58
14 60 53
14 62 -71
14 64 52
14 65 -72
14 66 44
14 67 98
14 68 -96
14 69 15
14 70 -78
14 71 -77
14 73 79
14 74 -56
14 75 100
14 76 17
14 77 56
14 78 -95
14 79 -24
14 80 51
14 82 27
14 83 -7
14 84 84
14 85 -91
14 86 96
14 87 -8
14 88 -58
14 89 -71
14 90 52
14 91 -68
14 92 -87
14 93 -91
14 94 97
14 95 -89
14 96 53
14 97 1
14 98 95
14 99 56
15 0 -80
15 1 13
15 2 36
15 3 -76
15 4 3
15 5 45
15 6 56
15 7 -77
15 8 -83
15 9 -55
15 10 -73
15 11 28
15 12 1
15 13 53
15 14 96
15 15 88
15 16 -85
15 18 65
15 19 32
15 20 50
15 21 44
15 22 -53
15 23 -94
15 24 -19
15 25 66
15 26 -88
15 27 -30
15 28 -32
15 29 30
15 30 3
15 31 36
15 32 42
15 33 -93
15 34 -67
15 35 -82
15 37 12
15 38 95
15 39 12
15 40 95
15 41 35
15 42 85
15 43 -64
15 44 73
15 45 -8
15 47 36
15 48 -74
15 50 -80
15 52 -37
15 53 -63
15 55 -98
15 56 3
15 57 75
15 58 19
15 59 -82
15 60 13
15 61 -5
15 62 -23
15 63 31
15 64 49
15 65 -22
15 66 -90
15 67 -90
15 69 6
15 70 -80
15 71 -24
15 72 -43
15 73 -49
15 74 10
15 75 18
15 76 -85
15 77 46
15 78 -36
15 79 32
15 80 -9
15 81 -72
15 82 46
15 83 -33
15 84 -98
15 86 -88
15 88 -28
15 89 87
15 90 72
15 91 -51
15 92 57
15 93 -97
15 94 84
15 95 -9
15 96 66
15 98 74
15 99 -12
16 0 -42
16 1 20
16 2 28
16 3 -64
16 4 62
16 5 26
16 6 -37
16 7 59
16 8 -70
16 9 -92
16 10 80
16 11 79
16 14 -15
16 15 -95
16 16 30
16 17 21
16 18 -46
16 19 -79
16 20 -29
16 21 88
16 22 39
16 23 64
16 24 -35
16 25 -44
16 26 75
16 27 -76
16 28 -82
16 29 -3
16 31 15
16 32 -42
16 33 67
16 34 31
16 35 76
16 37 -59
16 38 -90
16 39 39
16 40 6
16 41 -45
16 43 67
16 44 13
16 45 64
16 46 41
16 47 83
16 48 84
16 50 -87
16 51 8
16 52 73
16 53 5
16 55 10
16 57 -11
16 58 61
16 59 64
16 60 -31
16 61 -97
16 62 -18
16 63 74
16 64 -4
16 65 -94
16 66 -83
16 67 89
16 68 29
16 69 -35
16 70 98
16 71 73
16 72 90
16 73 67
16 74 -28
16 75 -75
16 78 28
16 79 52
16 80 -23
16 83 64
16 84 -43
16 85 99
16 86 -76
16 87 43
16 89 36
16 90 -52
16 91 46
16 92 86
16 93 32
16 94 36
16 95 -31
16 96 42
16 97 64
16 99 -53
17 1 60
17 2 97
17 4 -55
17 5 -68
17 6 -63
17 7 -49
17 8 -16
17 9 37
17 10 11
17 11 -22
17 12 50
17 13 36
17 14 -89
17 15 -63
17 16 17
17 17 -75
17 18 -51
17 19 42
17 20 52
17 21 -42
17 22 75
17 23 -53
17 24 -77
17 25 -86
17 26 -28
17 27 -11
17 28 19
17 29 -50
17 30 -80
17 31 94
17 32 -84
17 33 51
17 34 26
17 35 8
17 36 -86
17 37 60
17 38 -62
17 40 96
17 41 41
17 42 -57
17 44 34
17 46 1
17 47 21
17 48 9
17 49 61
17 50 -67
17 51 86
17 52 -94
17 53 -30
17 54 -31
17 55 6
17 56 -47
17 57 59
17 58 99
17 59 81
17 61 38
17 64 40
17 65 -69
17 66 -73
17 67 -10
17 68 -19
17 70 71
17 71 17
17 72 16
17 73 12
17 74 45
17 75 70
17 76 83
17 77 -10
17 78 -19
17 79 60
17 80 55
17 81 94
17 82 72
17 83 -69
17 84 -45
17 85 94
17 86 -48
17 87 86
17 88 -85
17 89 58
17 90 -4
17 91 -52
17 92 92
17 93 62
17 94 92
17 95 14
17 96 -57
17 98 96
18 0 -38
18 1 88
18 2 71
18 3 15
18 4 36
18 5 -87
18 6 -81
18 7 -33
18 8 10
18 9 5
18 10 -62
18 11 -47
18 12 -14
18 13 51
18 14 15
18 15 -3
18 16 29
18 18 28
18 19 -100
18 20 -64
18 21 -50
18 22 38
18 23 16
18 24 32
18 25 -61
18 26 -59
18 27 -75
18 28 -54
18 29 71
18 31 49
18 32 84
18 33 77
18 34 -90
18 35 -75
18 37 97
18 38 67
18 39 56
18 40 -45
18 41 -39
18 42 10
18 43 11
18 44 69
18 45 69
18 46 10
18 47 44
18 48 -63
18 49 -96
18 50 40
18 52 61
18 53 5
18 55 74
18 56 75
18 57 -97
18 58 -39
18 59 -74
18 60 -98
18 61 46
18 62 84
18 63 93
18 64 24
18 65 -57
18 66 12
18 68 -92
18 69 -47
18 70 -40
18 71 -29
18 72 -97
18 74 -4
18 75 16
18 76 -54
18 77 -85
18 78 -35
18 79 -12
18 80 48
18 81 -22
18 82 -67
18 83 81
18 84 -86
18 85 32
18 86 -63
18 87 65
18 88 -100
18 90 57
18 91 -37
18 92 -21
18 93 -61
18 95 43
18 96 30
18 97 -34
18 98 45
18 99 -54
19 1 90
19 2 -9
19 3 -55
19 4 -82
19 5 -44
19 6 -49
19 7 90
19 8 52
19 9 -53
19 12 33
19 13 48
19 14 -19
19 15 -39
19 16 57
19 17 95
19 18 -29
19 19 -2
19 20 62
19 21 49
19 22 100
19 23 -38
19 24 44
19 25 14
19 26 68
19 27 29
19 28 -29
19 29 -41
19 30 -57
19 31 19
19 32 18
19 33 -86
19 35 -18
19 36 40
19 37 70
19 38 -19
19 39 -98
19 41 77
19 42 30
19 44 -10
19 45 88
19 46 11
19 47 -7
19 48 -40
19 49 -12
19 50 -73
19 51 -68
19 53 -35
19 54 -88
19 55 73
19 56 -10
19 57 4
19 58 -1
19 59 -37
19 60 61
19 61 64
19 62 15
19 63 -98
19 64 35
19 65 -9
19 66 87
19 67 -44
19 70 -38
19 71 -38
19 72 -16
19 73 -98
19 74 15
19 75 100
19 76 -77
19 77 -17
19 78 -70
19 79 -51
19 80 -66
19 81 -9
19 82 71
19 83 -15
19 84 58
19 85 69
19 86 -58
19 87 1
19 88 69
19 89 -91
19 91 -53
19 92 -50
19 94 48
19 95 -95
19 96 65
19 98 -5
19 99 63
20 0 -19
20 1 8
20 2 75
20 5 71
20 6 24
20 7 60
20 8 -64
20 9 85
20 10 18
20 11 45
20 12 -98
20 15 65
20 16 -33
20 17 -91
20 18 -6
20 19 41
20 20 90
20 21 -91
20 22 -53
20 23 89
20 24 -99
20 25 -96
20 26 2
20 27 -91
20 28 -72
20 30 -89
20 32 -37
20 33 -59
20 35 5
20 36 -70
20 37 -26
20 38 -32
20 39 35
20 41 -42
20 42 23
20 43 -48
20 44 -20
20 46 -84
20 47 -38
20 48 67
20 49 -46
20 50 -60
20 51 30
20 52 -88
20 53 2
20 54 -53
20 56 70
20 57 63
20 58 -32
20 59 -78
20 60 89
20 61 -32
20 62 87
20 63 35
20 64 31
20 66 -85
20 68 80
20 69 73
20 70 40
20 71 65
20 72 70
20 73 62
20 74 52
20 75 86
20 76 51
20 78 -55
20 79 -27
20 80 -72
20 81 32
20 82 -45
20 83 -78
20 84 67
20 85 -48
20 86 -1
20 88 -32
20 89 44
20 90 1
20 91 87
20 92 62
20 93 84
20 94 -91
20 95 -6
20 96 -11
20 97 55
20 99 -2
21 0 -94
21 1 -8
21 2 45
21 3 -51
21 4 -94
21 5 -99
21 6 -3
21 7 69
21 8 -63
21 10 78
21 11 -52
21 13 35
21 14 96
21 15 -15
21 16 -81
21 17 63
21 18 -61
21 19 -38
21 20 -2
21 21 -92
21 22 15
21 23 81
21 24 -73
21 25 -98
21 26 -29
21 27 -18
21 28 82
21 29 38
21 30 28
21 31 45
21 32 -50
21 33 -17
21 34 -14
21 35 -35
21 36 -35
21 37 12
21 38 42
21 39 -4
21 40 -61
21 41 -14
21 42 92
21 44 -65
21 46 -61
21 47 13
21 48 -34
21 49 -90
21 50 -35
21 51 7
21 52 -75
21 53 -87
21 54 -59
21 55 -10
21 57 53
21 60 1
21 61 53
21 62 -99
21 63 90
21 64 -62
21 65 -71
21 66 96
21 68 -60
21 69 26
21 70 -26
21 71 -79
21 72 -27
21 73 -6
21 74 39
21 76 71
21 77 86
21 78 16
21 79 27
21 80 -30
21 81 -21
21 82 48
21 83 23
21 84 -24
21 85 61
21 87 -70
21 88 -67
21 90 -2
21 91 99
21 92 -51
21 93 14
21 94 94
21 95 74
21 96 -68
21 97 86
21 99 -9
22 0 34
22 2 23
22 3 11
22 4 -37
22 5 2
22 6 85
22 7 -52
22 8 17
22 9 24
22 10 -29
22 12 -76
22 13 -96
22 14 4
22 15 6
22 16 -67
22 17 51
22 18 -29
22 19 12
22 20 1
22 21 -87
22 22 -74
22 23 47
22 24 11
22 25 -17
22 27 -52
22 28 -35
22 29 -98
22 30 -72
22 31 52
22 32 -41
22 33 -89
22 34 64
22 35 -48
22 36 49
22 37 -62
22 38 -81
22 39 76
22 40 -38
22 41 54
22 42 83
22 43 43
22 44 54
22 45 -83
22 46 -60
22 47 97
22 48 61
22 49 97
22 50 98
22 51 6
22 52 -31
22 53 43
22 54 -56
22 55 -55
22 56 -51
22 57 -60
22 58 -16
22 59 22
22 60 -29
22 61 24
22 63 52
22 64 -2
22 66 -9
22 68 -74
22 69 1
22 70 -11
22 71 41
22 72 -52
22 73 97
22 74 -64
22 75 -60
22 76 46
22 77 28
22 79 -100
22 80 -64
22 82 -35
22 83 -33
22 84 28
22 85 16
22 86 -46
22 87 7
22 88 78
22 89 -91
22 90 -71
22 91 100
22 92 90
22 93 -7
22 94 -58
22 95 -68
22 96 -11
22 97 -97
22 98 35
22 99 49
23 1 -21
23 2 22
23 4 37
23 6 -58
23 7 -43
23 8 84
23 9 67
23 10 -93
23 11 -83
23 12 100
23 14 62
23 15 56
23 16 35
23 17 46
23 18 92
23 19 -41
23 20 -11
23 21 -81
23 23 -11
23 24 77
23 25 11
23 26 52
23 29 -34
23 31 74
23 32 27
23 33 -69
23 34 -53
23 35 61
23 37 73
23 38 -44
23 39 -96
23 40 74
23 42 -67
23 43 76
23 44 -7
23 45 98
23 46 -49
23 47 -2
23 49 96
23 50 60
23 51 69
23 52 46
23 53 79
23 54 79
23 55 90
23 56 73
23 57 -33
23 58 41
23 59 71
23 60 -35
23 61 -45
23 62 -74
23 63 24
23 64 -34
23 65 -43
23 66 -25
23 67 51
23 68 -51
23 69 47
23 70 89
23 71 74
23 72 40
23 73 -11
23 75 72
23 76 88
23 77 17
23 78 -7
23 79 89
23 82 86
23 83 -50
23 84 -44
23 85 -47
23 86 -62
23 87 -16
23 88 -63
23 89 -2
23 91 -16
23 92 63
23 93 71
23 94 -71
23 95 19
23 96 69
23 98 -91
23 99 42
24 0 21
24 1 33
24 2 40
24 3 -93
24 5 37
24 6 85
24 8 64
24 9 -18
24 10 77
24 11 -29
24 12 -6
24 13 -18
24 14 99
24 15 28
24 16 13
24 17 -6
24 18 66
24 19 74
24 20 -49
24 21 76
24 23 -21
24 24 -80
24 25 -33
24 26 39
24 27 100
24 28 -1
24 29 52
24 31 17
24 32 54
24 33 -18
24 34 27
24 35 -65
24 36 -57
24 37 -51
24 38 13
24 39 66
24 40 32
24 41 8
24 42 -15
24 43 -1
24 44 50
24 45 -90
24 46 57
24 47 74
24 48 -25
24 49 -80
24 50 -85
24 52 -76
24 53 25
24 54 -36
24 55 -95
24 57 -64
24 58 -20
24 60 -79
24 61 73
24 62 -35
24 63 78
24 64 -30
24 65 80
24 66 -24
24 68 73
24 69 71
24 70 -77
24 71 60
24 72 69
24 75 -68
24 76 -42
24 78 41
24 79 92
24 80 -28
24 81 61
24 83 -79
24 84 50
24 85 15
24 86 63
24 87 35
24 89 -95
24 90 90
24 91 -65
24 92 15
24 93 -69
24 94 -20
24 95 -54
24 96 -41
24 97 -5
24 98 15
25 0 -27
25 1 91
25 2 -91
25 3 -74
25 4 -31
25 5 59
25 7 -3
25 8 -91
25 9 -35
25 10 6
25 11 -89
25 12 40
25 13 -55
25 14 100
25 16 51
25 17 -79
25 18 12
25 19 -46
25 20 38
25 21 21
25 22 47
25 23 90
25 24 4
25 26 -74
25 28 -29
25 29 51
25 30 92
25 31 43
25 32 -8
25 33 95
25 34 6
25 35 58
25 36 28
25 38 95
25 39 -60
25 40 55
25 41 34
25 42 -76
25 43 60
25 44 32
25 45 83
25 46 53
25 47 -6
25 48 -27
25 49 2
25 50 27
25 51 -69
25 52 78
25 53 -76
25 54 63
25 55 99
25 56 -45
25 57 5
25 58 -88
25 59 -79
25 60 79
25 61 -24
25 63 57
25 65 -76
25 66 67
25 67 90
25 68 56
25 70 28
25 72 28
25 73 -12
25 74 50
25 76 -44
25 78 27
25 79 93
25 80 88
25 81 100
25 82 74
25 83 68
25 84 -90
25 86 78
25 87 86
25 88 -58
25 92 83
25 93 62
25 94 1
25 95 -28
25 96 -61
25 97 20
25 98 -61
25 99 -88
26 0 -92
26 1 84
26 2 -63
26 3 -24
26 4 15
26 5 27
26 6 16
26 7 19
26 8 15
26 9 50
26 10 44
26 11 -49
26 12 7
26 13 -16
26 14 24
26 15 -11
26 16 1
26 17 28
26 18 -21
26 20 24
26 21 -44
26 22 -2
26 23 84
26 24 98
26 25 -44
26 27 -5
26 28 -96
26 29 -71
26 31 -98
26 32 51
26 33 -100
26 34 -40
26 35 25
26 36 -75
26 37 38
26 38 14
26 39 -72
26 40 -66
26 41 -49
26 42 43
26 44 35
26 45 -95
26 46 -64
26 47 79
26 49 58
26 50 50
26 51 -4
26 53 83
26 54 -79
26 55 100
26 56 70
26 58 -95
26 59 -34
26 61 89
26 62 2
26 63 -7
26 64 -93
26 65 8
26 66 12
26 67 14
26 68 88
26 69 82
26 70 -19
26 71 13
26 72 31
26 73 -31
26 74 -60
26 75 4
26 76 -11
26 77 75
26 78 94
26 79 -88
26 80 -6
26 81 92
26 82 -76
26 84 49
26 85 -55
26 87 -95
26 88 -89
26 89 41
26 90 39
26 91 74
26 92 -44
26 93 38
26 94 -12
26 95 88
26 96 -21
26 97 -51
26 98 -61
26 99 -33
27 0 65
27 1 15
27 2 7
27 3 38
27 4 -50
27 5 91
27 6 77
27 7 -29
27 8 38
27 9 -25
27 10 80
27 11 100
27 12 33
27 13 -2
27 14 -5
27 15 -12
27 16 -42
27 17 81
27 18 37
27 19 -12
27 21 -99
27 22 -20
27 23 27
27 24 89
27 26 -66
27 27 -11
27 28 3
27 31 2
27 32 -89
27 34 74
27 35 6
27 36 -96
27 37 -89
27 38 97
27 39 78
27 40 69
27 41 27
27 42 -86
27 44 8
27 45 71
27 46 -28
27 47 -89
27 49 33
27 50 76
27 51 -22
27 52 -32
27 53 -54
27 54 64
27 57 -14
27 58 -94
27 59 -83
27 60 19
27 61 -21
27 62 85
27 64 93
27 65 39
27 66 -62
27 67 -25
27 68 -62
27 69 36
27 70 69
27 71 -60
27 72 4
27 73 49
27 74 -4
27 75 -99
27 76 89
27 77 49
27 78 49
27 79 74
27 80 -72
27 81 29
27 82 -66
27 83 100
27 84 -76
27 85 29
27 86 -62
27 87 -33
27 88 -96
27 89 -70
27 90 -20
27 91 20
27 92 -81
27 93 -57
27 95 -57
27 96 73
27 98 70
27 99 -53
28 0 -71
28 1 -66
28 2 49
28 3 56
28 4 70
28 5 -7
28 6 99
28 7 30
28 8 26
28 9 15
28 10 55
28 11 -33
28 12 -28
28 14 -61
28 15 -77
28 16 46
28 17 57
28 18 31
28 19 72
28 20 31
28 21 98
28 22 -20
28 23 -35
28 24 -24
28 25 1
28 27 -72
28 28 -97
28 29 -54
28 31 54
28 32 100
28 33 56
28 34 66
28 35 75
28 36 -32
28 38 -71
28 39 28
28 40 63
28 41 -80
28 43 -26
28 45 74
28 46 -61
28 47 -22
28 48 35
28 49 79
28 50 47
28 51 85
28 52 -24
28 54 43
28 55 12
28 56 14
28 57 69
28 58 -88
28 59 -92
28 60 -32
28 61 -30
28 62 -16
28 64 14
28 65 21
28 66 53
28 67 10
28 68 90
28 69 2
28 70 13
28 71 25
28 73 -42
28 74 -9
28 75 -56
28 76 74
28 77 38
28 78 19
28 79 -73
28 81 -52
28 82 81
28 84 19
28 85 4
28 87 56
28 88 36
28 89 -4
28 90 67
28 91 62
28 92 5
28 93 33
28 94 61
28 95 33
28 96 -48
28 97 41
28 98 -87
28 99 -63
29 0 -43
29 1 -2
29 2 43
29 3 21
29 4 -49
29 5 6
29 6 -67
29 7 81
29 8 -14
29 10 -93
29 11 -84
29 12 -75
29 13 65
29 14 -38
29 15 -68
29 16 85
29 17 32
29 18 -61
29 19 80
29 20 -87
29 21 87
29 22 38
29 23 -18
29 24 65
29 25 18
29 26 -24
29 28 76
29 29 30
29 30 5
29 32 42
29 33 7
29 34 -4
29 35 -44
29 36 46
29 37 77
29 39 -37
29 41 -2
29 42 -32
29 43 -82
29 44 81
29 45 91
29 46 1
29 47 -1
29 48 76
29 49 38
29 50 -21
29 51 7
29 53 44
29 54 70
29 55 35
29 56 -16
29 57 -44
29 58 100
29 59 -99
29 60 -85
29 61 2
29 62 55
29 63 -99
29 64 -83
29 65 -23
29 66 52
29 67 10
29 68 71
29 69 -93
29 70 -6
29 71 33
29 72 -9
29 75 -35
29 76 70
29 78 8
29 79 -62
29 80 18
29 81 -34
29 82 5
29 83 -39
29 84 -65
29 85 17
29 86 -76
29 87 11
29 88 27
29 89 61
29 90 51
29 91 -100
29 92 -22
29 93 -62
29 94 97
29 95 13
29 96 74
29 97 -79
29 98 -81
29 99 -10
30 0 70
30 1 -43
30 2 -99
30 3 -67
30 4 -80
30 6 -55
30 7 -72
30 8 -78
30 9 1
30 10 -35
30 11 -51
30 12 55
30 13 42
30 14 -39
30 15 -72
30 16 67
30 17 77
30 18 -74
30 19 70
30 20 -67
30 21 -3
30 22 -88
30 23 -64
30 24 -50
30 25 70
30 27 -54
30 28 -7
30 29 88
30 30 46
30 31 -41
30 32 -32
30 33 46
30 35 -43
30 36 -81
30 37 59
30 38 100
30 39 -14
30 40 67
30 41 -51
30 43 -30
30 44 -2
30 45 -67
30 46 -45
30 47 -60
30 48 15
30 49 95
30 50 49
30 51 -37
30 52 21
30 54 -100
30 55 90
30 56 -57
30 57 -47
30 58 79
30 59 69
30 61 -5
30 62 -29
30 64 62
30 65 -28
30 67 -20
30 68 -22
30 69 -84
30 71 -16
30 72 -30
30 73 74
30 74 -10
30 75 66
30 76 -18
30 77 -81
30 78 -37
30 79 2
30 80 -96
30 81 57
30 82 27
30 83 86
30 84 -39
30 86 -56
30 87 -59
30 88 -44
30 89 -83
30 90 -58
30 91 15
30 92 -84
30 93 -90
30 94 -74
30 95 91
30 96 -39
30 97 -22
30 98 -95
30 99 -58
31 0 -36
31 2 38
31 3 97
31 4 96
31 5 -13
31 6 58
31 7 21
31 8 82
31 9 -92
31 12 -68
31 14 -71
31 15 60
31 16 -16
31 17 27
31 18 76
31 19 -75
31 20 32
31 21 -91
31 22 76
31 23 -63
31 25 67
31 26 -36
31 28 55
31 29 21
31 30 19
31 32 -6
31 33 35
31 34 16
31 35 -67
31 36 -33
31 37 17
31 38 24
31 39 60
31 40 73
31 41 25
31 42 97
31 43 14
31 44 -41
31 46 -31
31 47 -10
31 48 -90
31 49 -17
31 50 6
31 51 -52
31 52 -45
31 53 -21
31 54 4
31 55 62
31 56 -25
31 57 40
31 58 41
31 59 64
31 61 52
31 62 -26
31 63 2
31 64 71
31 65 88
31 66 30
31 67 -76
31 68 82
31 69 -100
31 71 -12
31 72 -95
31 73 23
31 74 -69
31 75 -36
31 76 5
31 77 -76
31 79 -83
31 80 33
31 82 -30
31 83 35
31 85 84
31 86 58
31 87 -43
31 88 -75
31 89 -9
31 90 82
31 91 15
31 92 -26
31 94 -17
31 95 77
31 96 85
31 97 -38
31 98 49
32 0 16
32 1 73
32 2 39
32 3 41
32 4 -78
32 5 71
32 6 -48
32 7 60
32 8 -48
32 9 -1
32 10 94
32 11 59
32 13 -62
32 14 -53
32 15 14
32 16 -92
32 17 86
32 18 -75
32 19 -13
32 21 18
32 22 -75
32 23 84
32 24 22
32 25 -52
32 26 73
32 27 72
32 28 86
32 29 51
32 30 54
32 31 -97
32 34 26
32 35 -69
32 36 2
32 37 33
32 38 22
32 39 36
32 40 95
32 41 32
32 43 62
32 44 -21
32 45 -49
32 46 47
32 47 51
32 49 42
32 50 44
32 51 79
32 52 40
32 53 30
32 55 51
32 57 80
32 58 -38
32 59 -77
32 60 73
32 61 -5
32 62 98
32 63 -52
32 64 1
32 65 11
32 67 -15
32 68 -40
32 70 54
32 71 -60
32 72 61
32 73 96
32 74 94
32 76 -42
32 77 83
32 78 57
32 79 63
32 80 -28
32 81 36
32 83 -58
32 84 -40
32 85 28
32 86 -82
32 87 100
32 88 -30
32 89 -6
32 90 85
32 91 -72
32 92 -32
32 94 2
32 95 93
32 96 91
32 97 67
32 98 68
32 99 44
33 0 -78
33 1 -24
33 2 -97
33 3 -58
33 4 88
33 5 63
33 6 -12
33 7 11
33 8 37
33 9 42
33 10 -95
33 11 33
33 12 -79
33 13 47
33 14 -90
33 15 -19
33 16 -22
33 17 65
33 18 -82
33 19 -60
33 20 -36
33 21 -29
33 22 -30
33 23 -91
33 24 -8
33 25 9
33 26 96
33 27 37
33 28 5
33 31 38
33 32 -84
33 33 37
33 34 -87
33 35 1
33 36 -68
33 37 54
33 38 -13
33 39 63
33 40 100
33 42 -50
33 43 -95
33 44 -82
33 45 -3
33 46 -51
33 47 -42
33 48 -19
33 49 -22
33 50 23
33 51 86
33 52 -40
33 53 52
33 54 45
33 55 90
33 56 42
33 57 55
33 58 68
33 59 62
33 61 -15
33 62 92
33 63 72
33 64 78
33 65 25
33 66 31
33 67 4
33 69 48
33 70 -9
33 71 -2
33 72 -74
33 73 55
33 74 15
33 75 21
33 76 90
33 77 49
33 78 93
33 79 -58
33 80 71
33 82 -37
33 83 61
33 84 -64
33 85 -4
33 86 -10
33 88 96
33 89 23
33 90 81
33 91 -58
33 92 -90
33 94 -29
33 95 -91
33 96 -97
33 97 87
33 98 45
33 99 -31
34 0 -76
34 1 4
34 2 -88
34 3 10
34 4 -69
34 5 -15
34 6 -41
34 8 -22
34 9 46
34 10 -14
34 12 -67
34 13 80
34 14 -14
34 15 -23
34 16 -5
34 17 26
34 18 -83
34 19 58
34 21 53
34 22 -87
34 23 73
34 24 78
34 25 -15
34 26 -59
34 27 91
34 28 18
34 29 71
34 31 -46
34 32 -47
34 33 24
34 34 -65
34 35 -7
34 36 -20
34 37 74
34 38 41
34 39 -83
34 41 38
34 42 84
34 43 -75
34 44 -95
34 46 33
34 47 39
34 48 62
34 49 60
34 50 3
34 51 23
34 52 91
34 53 99
34 54 48
34 55 40
34 56 87
34 57 -44
34 59 33
34 63 3
34 64 -62
34 65 -72
34 67 -55
34 68 -38
34 69 41
34 70 8
34 72 -77
34 73 -55
34 74 39
34 76 -83
34 77 -9
34 78 -72
34 79 45
34 82 55
34 84 -32
34 85 -66
34 86 1
34 87 -80
34 88 40
34 89 51
34 90 -80
34 91 -35
34 92 45
34 93 43
34 94 59
34 95 -76
34 96 -19
34 97 26
34 98 37
34 99 -90
35 0 38
35 1 86
35 2 -52
35 3 40
35 6 -49
35 7 73
35 8 61
35 9 55
35 10 2
35 11 -43
35 12 -42
35 14 -4
35 15 -99
35 16 -29
35 17 68
35 18 1
35 19 43
35 21 -26
35 22 -19
35 23 -66
35 24 -54
35 25 -47
35 26 28
35 27 -60
35 28 -25
35 29 -94
35 31 -77
35 32 -21
35 33 -32
35 34 69
35 35 27
35 36 -71
35 37 59
35 38 88
35 39 -66
35 40 61
35 41 79
35 42 29
35 43 -44
35 44 -99
35 45 -74
35 46 -10
35 47 98
35 48 -19
35 49 -52
35 50 86
35 51 53
35 52 -50
35 53 -48
35 54 -68
35 55 -25
35 56 -1
35 58 30
35 59 -61
35 60 94
35 61 -99
35 63 -95
35 64 -2
35 66 18
35 67 -6
35 68 -77
35 69 -28
35 70 87
35 71 -13
35 72 54
35 73 12
35 74 -99
35 75 -60
35 76 22
35 78 66
35 79 -64
35 80 75
35 81 -29
35 82 -24
35 83 7
35 84 -65
35 85 54
35 86 -10
35 87 62
35 89 67
35 90 47
35 91 52
35 92 63
35 93 86
35 94 -62
35 95 -63
35 96 -72
35 97 -40
35 98 74
36 0 24
36 1 -17
36 2 18
36 3 73
36 4 8
36 5 -5
36 6 -75
36 8 61
36 9 -31
36 10 98
36 11 5
36 13 44
36 14 22
36 15 -9
36 16 -29
36 18 -95
36 19 -14
36 20 51
36 21 -95
36 22 -28
36 23 59
36 24 86
36 25 44
36 26 55
36 27 -56
36 28 15
36 29 -43
36 30 -82
36 31 -53
36 32 -49
36 33 6
36 35 -49
36 36 91
36 37 -30
36 38 -30
36 39 81
36 41 68
36 42 70
36 43 86
36 44 28
36 45 -66
36 47 25
36 48 -48
36 49 -100
36 51 -75
36 52 15
36 53 33
36 54 7
36 55 44
36 56 38
36 57 6
36 58 26
36 59 61
36 61 -96
36 62 -81
36 63 -36
36 64 -72
36 66 -97
36 67 -74
36 68 74
36 69 71
36 70 69
36 71 -56
36 72 -32
36 73 -94
36 75 -35
36 76 12
36 77 59
36 80 31
36 81 72
36 82 -79
36 83 56
36 84 -69
36 85 58
36 86 -76
36 87 36
36 88 68
36 89 -40
36 91 -49
36 93 -49
36 94 72
36 95 73
36 96 -84
36 97 54
36 99 -87
37 0 -72
37 1 25
37 2 25
37 3 -60
37 4 -15
37 5 53
37 7 74
37 8 -5
37 9 16
37 10 29
37 11 73
37 12 99
37 13 45
37 14 94
37 16 57
37 17 10
37 18 -42
37 19 77
37 20 -14
37 21 -89
37 22 -71
37 23 -22
37 24 39
37 25 32
37 26 35
37 27 3
37 29 23
37 30 34
37 31 -5
37 32 -99
37 33 29
37 34 92
37 35 -54
37 36 -32
37 37 56
37 38 -22
37 39 -14
37 40 -97
37 41 -75
37 42 34
37 43 -37
37 44 -26
37 45 -28
37 46 53
37 47 97
37 48 -75
37 49 -48
37 50 -21
37 51 76
37 52 -71
37 53 76
37 54 48
37 55 -43
37 56 -53
37 58 43
37 59 -20
37 60 -89
37 61 -17
37 62 98
37 63 -38
37 64 94
37 65 -75
37 66 -87
37 67 -48
37 68 96
37 69 67
37 70 -44
37 71 14
37 73 -3
37 74 39
37 77 86
37 78 82
37 79 87
37 80 -45
37 81 -80
37 82 -18
37 83 14
37 84 3
37 85 17
37 87 94
37 88 -63
37 89 55
37 90 -39
37 91 -87
37 92 45
37 93 -55
37 94 32
37 95 66
37 96 -1
37 98 -73
37 99 -49
38 0 62
38 1 42
38 2 71
38 3 73
38 4 73
38 5 89
38 6 22
38 7 32
38 8 -8
38 9 90
38 10 8
38 11 -76
38 12 33
38 13 38
38 14 -2
38 15 90
38 16 75
38 17 -70
38 18 -59
38 20 96
38 21 82
38 22 100
38 23 -64
38 24 12
38 25 10
38 26 94
38 27 63
38 28 -99
38 29 76
38 31 -40
38 32 4
38 33 13
38 34 9
38 35 82
38 36 13
38 37 49
38 38 72
38 39 -21
38 40 29
38 41 -100
38 42 75
38 43 76
38 44 58
38 45 78
38 46 -59
38 47 61
38 48 6
38 50 -8
38 51 58
38 52 61
38 53 70
38 54 -57
38 55 41
38 56 95
38 57 33
38 58 78
38 59 74
38 61 -31
38 62 3
38 63 5
38 64 83
38 65 -99
38 66 52
38 67 18
38 68 -47
38 69 31
38 71 92
38 72 -87
38 73 39
38 74 36
38 75 87
38 76 97
38 77 70
38 78 -4
38 79 -95
38 81 -51
38 82 89
38 83 66
38 84 -59
38 85 38
38 86 91
38 87 48
38 88 60
38 89 53
38 90 -80
38 91 63
38 92 -35
38 93 85
38 94 -30
38 95 -39
38 96 -21
38 97 13
38 98 87
38 99 40
39 0 76
39 3 36
39 4 28
39 5 25
39 6 -49
39 7 65
39 8 47
39 9 -74
39 10 -13
39 11 16
39 12 -20
39 13 -98
39 14 -42
39 15 70
39 16 70
39 17 -83
39 19 -98
39 20 -16
39 21 31
39 22 -68
39 23 -50
39 26 -72
39 27 -48
39 28 41
39 29 10
39 30 75
39 31 39
39 32 6
39 34 9
39 35 90
39 36 -97
39 37 -8
39 38 -7
39 40 26
39 41 66
39 42 -2
39 43 95
39 44 -41
39 45 26
39 46 -19
39 47 -4
39 48 2
39 49 -55
39 50 -8
39 52 43
39 54 -28
39 55 43
39 56 83
39 57 65
39 58 -47
39 59 93
39 60 -75
39 61 -68
39 62 -70
39 63 -2
39 64 -60
39 65 -93
39 66 -3
39 67 -58
39 68 28
39 69 -63
39 70 -72
39 71 23
39 72 -81
39 73 24
39 74 -62
39 77 91
39 78 70
39 79 -11
39 80 -100
39 81 43
39 82 -25
39 83 -97
39 84 -70
39 85 -67
39 86 32
39 87 -20
39 88 33
39 89 -1
39 90 80
39 91 -16
39 92 59
39 95 18
39 96 -76
39 97 -35
39 98 -51
39 99 20
40 0 -62
40 1 11
40 2 -95
40 3 -78
40 4 -51
40 5 -40
40 6 -47
40 7 52
40 8 -20
40 9 91
40 10 -1
40 11 38
40 12 -48
40 13 19
40 15 82
40 16 -99
40 17 54
40 18 55
40 19 -80
40 20 22
40 21 90
40 22 -32
40 23 -24
40 24 56
40 25 -82
40 26 91
40 27 14
40 28 -3
40 29 -58
40 30 -8
40 31 97
40 32 89
40 33 -50
40 34 72
40 35 69
40 36 -16
40 37 -100
40 38 -51
40 39 30
40 40 78
40 41 -86
40 42 32
40 43 -63
40 44 6
40 45 71
40 46 19
40 47 68
40 48 86
40 49 -80
40 50 64
40 51 -73
40 52 -24
40 54 87
40 55 76
40 56 -54
40 57 51
40 58 -68
40 59 66
40 60 12
40 61 98
40 62 -56
40 63 71
40 64 -48
40 65 99
40 66 74
40 67 -92
40 68 65
40 69 -74
40 70 63
40 71 -97
40 72 71
40 73 96
40 74 -93
40 75 46
40 76 -17
40 77 61
40 78 25
40 79 24
40 80 -52
40 81 59
40 82 38
40 83 73
40 84 -76
40 85 29
40 87 5
40 88 25
40 89 -93
40 90 -84
40 91 -77
40 92 -53
40 93 7
40 95 7
40 96 88
40 97 -11
40 98 -87
40 99 -84
41 1 -61
41 2 47
41 3 35
41 4 -37
41 5 -83
41 6 -64
41 7 -74
41 8 -73
41 9 -1
41 10 39
41 11 56
41 12 74
41 14 -40
41 15 -30
41 16 -17
41 17 19
41 18 -72
41 19 -14
41 20 80
41 21 -44
41 22 -89
41 23 53
41 24 82
41 25 -40
41 26 -27
41 27 -95
41 28 -72
41 29 46
41 30 62
41 31 7
41 32 30
41 33 56
41 34 -23
41 35 69
41 36 54
41 37 -94
41 38 -6
41 39 -97
41 41 -68
41 42 -10
41 43 63
41 44 7
41 45 -50
41 46 19
41 47 6
41 48 -21
41 49 36
41 50 -96
41 51 -19
41 52 -12
41 53 -6
41 54 86
41 55 83
41 56 -73
41 57 -43
41 58 -93
41 60 -99
41 61 -91
41 62 -85
41 63 -73
41 64 89
41 65 -53
41 66 78
41 67 67
41 68 14
41 69 -72
41 70 94
41 71 -18
41 72 -84
41 75 -78
41 76 2
41 78 90
41 79 -67
41 80 -44
41 81 3
41 83 64
41 85 -34
41 86 -62
41 87 88
41 88 40
41 89 -35
41 90 -24
41 91 44
41 92 -73
41 93 58
41 94 78
41 95 85
41 96 -38
41 97 19
41 98 74
41 99 -99
42 0 47
42 1 15
42 2 65
42 3 100
42 4 34
42 5 -45
42 6 -81
42 7 -1
42 9 89
42 10 26
42 11 35
42 12 -100
42 13 -62
42 14 -90
42 15 -66
42 16 45
42 17 47
42 19 85
42 20 3
42 21 -52
42 22 -99
42 23 -58
42 24 -36
42 26 -95
42 27 -47
42 28 11
42 29 87
42 30 -66
42 31 37
42 32 -17
42 33 -1
42 34 -32
42 35 -57
42 36 -32
42 37 -39
42 39 -35
42 40 -55
42 41 -20
42 42 39
42 44 93
42 45 30
42 46 -95
42 47 -32
42 48 -34
42 50 12
42 51 -11
42 52 -97
42 53 10
42 54 -13
42 55 64
42 56 -88
42 57 -46
42 58 -98
42 59 -84
42 60 59
42 61 -30
42 62 -45
42 63 20
42 64 88
42 65 -11
42 66 -68
42 67 37
42 68 -97
42 69 73
42 70 -79
42 71 21
42 72 16
42 73 -99
42 75 -23
42 76 55
42 77 -99
42 78 -66
42 79 -26
42 80 81
42 81 48
42 82 75
42 83 16
42 85 26
42 86 92
42 87 -65
42 88 -19
42 89 -69
42 90 88
42 91 -100
42 92 -96
42 93 -14
42 94 46
42 95 -8
42 96 -50
42 97 -92
42 98 -11
42 99 80
43 1 -58
43 3 -48
43 4 5
43 5 -48
43 6 -4
43 7 -85
43 8 50
43 9 -40
43 10 31
43 11 43
43 13 -52
43 14 9
43 15 -54
43 16 -65
43 17 -12
43 18 34
43 20 -35
43 21 80
43 22 3
43 23 67
43 25 -42
43 26 33
43 27 61
43 28 43
43 29 -98
43 30 -9
43 31 59
43 32 78
43 33 80
43 34 85
43 35 17
43 36 30
43 37 76
43 38 -16
43 39 31
43 40 68
43 41 74
43 42 -60
43 45 -25
43 46 -46
43 47 -76
43 48 55
43 49 22
43 50 -55
43 51 57
43 52 -25
43 53 9
43 54 -60
43 55 -5
43 56 17
43 57 -44
43 58 -34
43 59 -54
43 61 96
43 62 -8
43 63 -8
43 64 -17
43 65 88
43 66 36
43 68 28
43 69 -22
43 70 22
43 71 -30
43 72 85
43 74 61
43 75 -34
43 76 43
43 77 3
43 78 39
43 79 62
43 80 55
43 81 -8
43 82 52
43 83 89
43 84 -35
43 85 -71
43 86 97
43 87 -26
43 88 51
43 89 81
43 90 83
43 91 -1
43 92 -96
43 93 57
43 94 66
43 95 -60
43 96 -84
43 97 79
43 98 -62
43 99 19
44 0 -98
44 1 2
44 2 -90
44 3 55
44 4 -23
44 5 79
44 6 -56
44 7 61
44 8 -30
44 9 -95
44 10 -60
44 11 16
44 12 34
44 13 -38
44 14 -84
44 15 -23
44 16 -41
44 17 96
44 18 -60
44 19 -67
44 20 -50
44 21 -44
44 22 32
44 24 -39
44 25 -80
44 26 -86
44 27 43
44 28 91
44 30 -88
44 31 -12
44 32 -36
44 33 55
44 34 53
44 35 -71
44 36 -55
44 37 -6
44 38 -81
44 40 -90
44 41 -76
44 42 -70
44 43 48
44 47 100
44 48 -28
44 49 -5
44 51 -24
44 53 64
44 55 -72
44 56 32
44 57 -4
44 59 13
44 60 -34
44 61 -60
44 62 -91
44 63 66
44 64 64
44 65 -2
44 66 -50
44 68 -26
44 70 64
44 71 43
44 72 -23
44 73 -5
44 74 86
44 76 73
44 77 62
44 78 33
44 79 -64
44 81 -39
44 82 -51
44 83 -27
44 84 -63
44 85 30
44 86 -93
44 88 -96
44 89 96
44 90 -100
44 92 79
44 93 85
44 94 5
44 95 88
44 96 -37
44 97 48
44 98 -40
44 99 -66
45 0 65
45 1 5
45 2 50
45 3 -40
45 4 -55
45 5 12
45 7 12
45 8 86
45 9 -48
45 10 -17
45 11 30
45 12 58
45 13 33
45 14 80
45 15 -34
45 16 13
45 17 -56
45 18 -84
45 19 48
45 20 41
45 21 29
45 22 -53
45 23 -100
45 24 32
45 25 -85
45 26 -64
45 27 83
45 28 85
45 29 -64
45 30 29
45 31 -43
45 32 -25
45 33 74
45 34 -23
45 35 -29
45 36 62
45 37 8
45 38 23
45 39 -41
45 40 51
45 41 15
45 43 64
45 44 -5
45 45 96
45 46 83
45 47 81
45 48 77
45 49 39
45 50 -90
45 53 -32
45 54 -33
45 55 55
45 56 84
45 57 -4
45 58 -96
45 59 50
45 60 77
45 61 -6
45 63 -17
45 64 46
45 65 -88
45 66 -14
45 67 32
45 68 78
45 69 30
45 71 42
45 72 25
45 73 -79
45 74 81
45 75 10
45 76 94
45 77 73
45 78 -59
45 79 30
45 80 14
45 81 100
45 82 72
45 83 -28
45 84 -51
45 86 -7
45 87 5
45 88 64
45 89 86
45 90 -16
45 91 17
45 92 -26
45 93 -88
45 95 -43
45 96 -31
45 97 -78
45 98 59
45 99 61
46 0 48
46 1 78
46 2 -78
46 3 5
46 4 -89
46 5 49
46 6 6
46 7 20
46 8 -29
46 9 72
46 10 -33
46 12 -19
46 13 -48
46 14 -17
46 15 -65
46 17 98
46 18 10
46 19 -7
46 20 83
46 22 -69
46 23 38
46 24 2
46 25 -33
46 26 -11
46 27 -89
46 28 43
46 29 83
46 30 -79
46 31 29
46 33 -71
46 34 85
46 35 64
46 36 74
46 37 72
46 38 95
46 39 -38
46 40 -24
46 41 64
46 42 72
46 43 -46
46 44 18
46 45 -100
46 46 96
46 48 16
46 49 -26
46 50 -58
46 51 40
46 52 40
46 53 -82
46 54 90
46 57 -15
46 58 39
46 59 -7
46 61 -49
46 62 -19
46 63 37
46 64 -54
46 65 -8
46 66 -28
46 67 -7
46 68 13
46 69 35
46 71 -56
46 72 -76
46 73 52
46 74 76
46 76 78
46 77 -87
46 78 47
46 79 -80
46 80 87
46 81 61
46 82 40
46 83 13
46 84 88
46 86 -51
46 87 34
46 89 -31
46 91 94
46 92 76
46 94 -17
46 96 -71
46 97 66
46 99 -99
47 0 5
47 1 18
47 2 -4
47 3 -51
47 4 24
47 5 95
47 6 45
47 7 -99
47 9 97
47 11 -97
47 12 -36
47 13 40
47 14 -51
47 15 36
47 16 60
47 17 18
47 18 -71
47 19 -10
47 21 -72
47 22 -3
47 23 -10
47 24 84
47 25 82
47 26 -84
47 27 3
47 28 7
47 30 40
47 31 26
47 32 -49
47 34 97
47 35 79
47 36 58
47 37 71
47 38 -68
47 39 -56
47 40 -4
47 41 18
47 42 -97
47 44 -58
47 45 54
47 46 -48
47 49 95
47 50 -22
47 51 46
47 52 -98
47 53 15
47 54 86
47 55 13
47 56 48
47 57 29
47 59 -20
47 60 74
47 61 76
47 63 42
47 64 76
47 65 62
47 66 35
47 67 -39
47 68 64
47 70 -61
47 71 -57
47 72 -16
47 73 -23
47 74 -42
47 76 -16
47 77 2
47 78 -6
47 79 75
47 80 -69
47 81 -6
47 82 95
47 83 15
47 85 -87
47 86 -27
47 88 -77
47 89 52
47 92 -19
47 93 98
47 94 51
47 95 86
47 96 13
47 97 56
47 98 -42
47 99 -60
48 0 42
48 1 -35
48 2 -27
48 3 -80
48 4 -64
48 5 -18
48 6 96
48 7 -99
48 9 -24
48 12 -82
48 13 -94
48 14 -28
48 17 -2
48 18 -74
48 19 41
48 20 90
48 21 52
48 22 22
48 23 -59
48 24 22
48 25 -39
48 27 -6
48 29 -39
48 30 9
48 31 -32
48 32 -55
48 34 59
48 35 -35
48 37 -43
48 38 -19
48 39 -53
48 40 66
48 41 -12
48 42 36
48 44 -39
48 45 85
48 46 -83
48 47 -13
48 48 -82
48 50 80
48 51 28
48 52 -80
48 53 93
48 54 -95
48 55 -78
48 56 58
48 57 45
48 59 -40
48 60 -5
48 61 83
48 62 54
48 63 -8
48 64 -86
48 65 -42
48 66 -78
48 67 83
48 68 -12
48 69 51
48 70 32
48 71 52
48 72 -23
48 73 -37
48 74 -67
48 75 66
48 76 80
48 77 96
48 78 -96
48 79 -14
48 80 19
48 82 37
48 83 -33
48 84 -10
48 87 -29
48 89 -39
48 90 -36
48 91 3
48 92 58
48 93 93
48 94 30
48 96 -37
48 97 96
48 98 27
48 99 -85
49 0 67
49 1 36
49 2 37
49 4 89
49 5 27
49 6 100
49 7 97
49 8 2
49 9 -81
49 10 -28
49 11 90
49 12 52
49 13 13
49 14 54
49 15 -17
49 16 79
49 17 40
49 18 84
49 19 -54
49 20 -42
49 21 72
49 22 31
49 23 95
49 24 -93
49 25 20
49 26 -97
49 27 52
49 28 47
49 29 -37
49 30 -48
49 31 -20
49 33 82
49 34 39
49 35 -100
49 36 -29
49 37 73
49 38 57
49 39 -19
49 40 -65
49 42 52
49 43 -34
49 44 -2
49 45 -72
49 46 51
49 47 21
49 48 -18
49 49 -49
49 50 82
49 51 -23
49 52 -88
49 53 -37
49 54 -66
49 55 -2
49 56 19
49 57 27
49 58 7
49 59 -90
49 60 -68
49 61 21
49 62 -10
49 63 54
49 64 -14
49 65 6
49 66 -39
49 67 -45
49 68 -48
49 69 4
49 70 75
49 73 -22
49 74 -51
49 75 7
49 76 -66
49 77 -81
49 78 90
49 79 24
49 80 -67
49 81 -13
49 82 -89
49 83 59
49 84 -51
49 85 -67
49 86 -68
49 87 -73
49 88 1
49 89 87
49 90 -65
49 92 -56
49 93 -97
49 94 -27
49 95 -32
49 96 21
49 97 35
49 99 -12
50 0 45
50 1 76
50 2 35
50 3 -75
50 4 -17
50 5 30
50 6 99
50 7 69
50 8 72
50 10 -93
50 12 -78
50 14 98
50 15 -85
50 16 -59
50 17 41
50 18 34
50 20 -13
50 21 -66
50 22 10
50 23 42
50 24 34
50 25 -99
50 26 50
50 27 -54
50 28 4
50 29 -97
50 30 -99
50 31 -32
50 32 -84
50 33 43
50 34 -82
50 35 -71
50 36 40
50 37 -81
50 38 -11
50 41 90
50 42 -76
50 43 -90
50 45 34
50 46 86
50 47 73
50 48 -1
50 49 -66
50 50 -27
50 51 21
50 52 -73
50 53 22
50 54 52
50 56 35
50 57 -56
50 59 85
50 60 -51
50 61 -60
50 62 -60
50 63 -58
50 64 79
50 65 3
50 66 -83
50 67 -41
50 68 -28
50 69 -21
50 70 -90
50 71 -66
50 72 -10
50 73 69
50 74 -7
50 75 87
50 76 18
50 77 -25
50 78 94
50 79 10
50 80 3
50 81 18
50 82 -13
50 83 -35
50 84 -5
50 85 18
50 86 -68
50 87 -32
50 88 61
50 89 -46
50 90 -1
50 91 1
50 92 -94
50 93 -90
50 96 -85
50 97 2
50 98 -14
51 0 -42
51 1 2
51 2 38
51 3 67
51 4 18
51 5 39
51 6 -100
51 7 32
51 8 -34
51 9 94
51 11 80
51 12 -81
51 13 -61
51 14 57
51 15 -82
51 16 56
51 17 36
51 18 -86
51 19 10
51 20 21
51 21 23
51 22 -100
51 23 12
51 24 -19
51 25 43
51 26 -74
51 27 90
51 28 -84
51 31 94
51 32 -28
51 33 42
51 34 8
51 37 38
51 38 -28
51 39 10
51 40 -8
51 42 -84
51 44 96
51 45 -93
51 47 95
51 48 51
51 49 -82
51 50 19
51 51 -75
51 52 -34
51 53 30
51 54 -66
51 55 22
51 56 63
51 57 83
51 58 -6
51 60 44
51 61 45
51 62 -61
51 63 37
51 65 -35
51 66 -73
51 67 25
51 68 31
51 69 -9
51 70 40
51 71 65
51 72 48
51 73 72
51 74 89
51 75 -62
51 76 48
51 77 94
51 78 52
51 79 33
51 80 17
51 81 -23
51 82 28
51 83 68
51 84 36
51 85 -74
51 86 39
51 87 25
51 88 -40
51 89 7
51 90 -58
51 91 -54
51 92 32
51 93 52
51 94 69
51 95 95
51 96 -86
51 97 -40
51 98 82
51 99 77
52 0 -96
52 1 63
52 2 67
52 3 -86
52 4 -94
52 5 -70
52 6 66
52 7 86
52 8 99
52 9 47
52 10 37
52 11 -25
52 12 -80
52 13 -75
52 14 1
52 15 -47
52 16 7
52 17 40
52 18 45
52 19 40
52 20 -46
52 21 -96
52 22 6
52 23 -42
52 24 11
52 26 44
52 27 -42
52 29 50
52 30 3
52 31 -69
52 32 84
52 33 21
52 35 -45
52 36 11
52 38 83
52 39 43
52 40 93
52 41 73
52 42 -62
52 43 -72
52 44 -53
52 45 -84
52 46 21
52 48 -60
52 49 5
52 50 -79
52 52 96
52 53 20
52 54 -100
52 55 70
52 56 -20
52 57 57
52 59 77
52 60 -75
52 61 38
52 62 73
52 63 -52
52 66 -15
52 67 62
52 68 92
52 69 14
52 72 -39
52 73 54
52 74 10
52 75 -95
52 76 73
52 78 75
52 79 -34
52 80 -69
52 81 -25
52 82 66
52 83 43
52 84 79
52 85 44
52 86 12
52 88 80
52 89 -93
52 90 -19
52 91 57
52 92 -36
52 93 80
52 94 27
52 95 8
52 96 91
52 97 53
52 98 -70
52 99 -99
53 0 68
53 1 33
53 2 31
53 3 91
53 4 54
53 6 -56
53 7 5
53 8 -54
53 10 96
53 11 -86
53 12 -7
53 13 -46
53 14 77
53 15 -12
53 16 -4
53 17 -89
53 18 -18
53 19 -95
53 20 -13
53 21 100
53 22 -41
53 23 -47
53 24 79
53 25 -2
53 26 -19
53 27 -93
53 28 83
53 29 -86
53 30 -48
53 31 -76
53 32 43
53 33 -66
53 34 98
53 35 -5
53 36 -59
53 37 -55
53 38 55
53 39 4
53 40 92
53 42 48
53 44 -48
53 45 85
53 47 -17
53 48 -37
53 49 -21
53 50 -23
53 51 -95
53 52 85
53 53 16
53 54 -60
53 56 -9
53 57 49
53 59 -81
53 60 41
53 61 33
53 62 -68
53 63 5
53 64 -69
53 65 1
53 66 39
53 67 2
53 69 70
53 70 -95
53 71 -44
53 72 79
53 73 35
53 74 55
53 75 9
53 76 87
53 77 11
53 78 89
53 79 -26
53 80 52
53 81 -1
53 82 -93
53 83 75
53 84 36
53 85 -85
53 86 -42
53 87 75
53 88 -47
53 89 58
53 90 -51
53 91 55
53 92 40
53 93 24
53 94 99
53 95 87
53 96 54
53 97 98
53 99 64
54 0 -95
54 3 25
54 5 82
54 6 95
54 7 85
54 8 -96
54 9 13
54 10 89
54 12 -94
54 13 100
54 15 49
54 16 -24
54 18 24
54 19 89
54 20 -5
54 21 8
54 22 -42
54 24 30
54 25 -98
54 26 -45
54 27 -13
54 28 -61
54 29 -13
54 30 -49
54 31 53
54 32 12
54 33 55
54 34 78
54 35 -86
54 37 -11
54 39 -81
54 40 6
54 41 6
54 43 -74
54 44 79
54 45 29
54 46 -61
54 47 43
54 49 18
54 50 -54
54 51 53
54 52 75
54 53 -93
54 54 87
54 55 -96
54 56 88
54 57 -89
54 58 26
54 59 -35
54 60 86
54 61 29
54 62 34
54 63 26
54 64 50
54 65 85
54 67 -42
54 68 85
54 69 64
54 70 35
54 71 -82
54 72 -24
54 75 63
54 76 82
54 77 66
54 78 2
54 79 97
54 80 66
54 81 -98
54 82 -57
54 83 1
54 84 -73
54 85 -47
54 86 37
54 88 -45
54 89 72
54 90 -17
54 91 78
54 92 31
54 93 76
54 94 38
54 95 85
54 97 -40
54 98 4
54 99 11
55 0 84
55 1 42
55 3 34
55 5 -19
55 6 68
55 7 -71
55 8 78
55 9 -20
55 12 -99
55 13 99
55 14 3
55 15 55
55 17 -44
55 18 -53
55 19 67
55 20 -46
55 21 -89
55 22 51
55 23 -36
55 25 -53
55 26 -71
55 27 -97
55 28 -39
55 29 -42
55 30 17
55 31 -46
55 32 47
55 33 39
55 34 -67
55 35 -27
55 36 -13
55 37 -39
55 38 -91
55 39 -16
55 40 98
55 41 37
55 42 18
55 43 -82
55 44 67
55 45 9
55 46 -78
55 47 -40
55 48 39
55 49 55
55 51 -31
55 52 7
55 53 32
55 54 97
55 55 -1
55 56 85
55 58 -89
55 59 17
55 60 -61
55 61 4
55 62 -71
55 65 70
55 66 58
55 67 48
55 68 -50
55 71 6
55 73 -53
55 74 26
55 75 20
55 76 4
55 77 -21
55 78 -89
55 79 -12
55 80 8
55 82 92
55 83 63
55 84 100
55 85 -13
55 86 -89
55 88 29
55 89 -49
55 90 -60
55 91 23
55 93 2
55 94 -6
55 95 -17
55 96 -2
55 98 -52
55 99 -23
56 0 -70
56 1 -79
56 3 -32
56 4 83
56 5 86
56 6 -46
56 7 -9
56 8 -17
56 9 -52
56 10 -8
56 11 -33
56 12 20
56 13 -17
56 14 22
56 15 53
56 17 -38
56 18 74
56 19 -10
56 20 31
56 21 63
56 22 9
56 23 -46
56 24 -62
56 25 -61
56 26 80
56 27 -77
56 28 54
56 29 49
56 30 27
56 31 22
56 32 -6
56 33 16
56 34 -5
56 35 7
56 36 61
56 37 -84
56 38 -95
56 39 83
56 40 82
56 41 19
56 42 27
56 43 10
56 44 40
56 46 36
56 47 -54
56 48 70
56 49 66
56 50 38
56 52 -50
56 53 -29
56 54 -67
56 55 -1
56 56 79
56 57 -5
56 58 -86
56 60 -10
56 61 32
56 62 56
56 63 -67
56 64 18
56 65 25
56 67 -81
56 68 -34
56 69 -77
56 70 -32
56 71 -48
56 73 51
56 74 -80
56 75 57
56 76 -36
56 77 40
56 79 90
56 80 -42
56 82 -97
56 84 -76
56 85 31
56 86 40
56 87 32
56 88 -91
56 89 -32
56 90 -6
56 93 -32
56 94 100
56 95 -76
56 96 87
56 97 -100
56 98 -44
56 99 88
57 0 9
57 1 37
57 2 89
57 3 9
57 4 -8
57 5 -45
57 6 47
57 7 -83
57 8 -100
57 9 -24
57 10 20
57 11 61
57 12 100
57 13 9
57 15 -88
57 17 74
57 18 -87
57 19 -8
57 20 71
57 21 -84
57 22 69
57 23 14
57 24 -91
57 25 80
57 27 37
57 28 14
57 29 -90
57 30 -17
57 31 77
57 32 -79
57 33 8
57 34 -49
57 35 -65
57 36 -23
57 37 25
57 38 -53
57 39 -20
57 40 8
57 41 -84
57 42 -46
57 43 -32
57 44 -17
57 45 90
57 46 31
57 47 45
57 48 51
57 50 28
57 51 17
57 52 -90
57 53 75
57 54 -12
57 55 -5
57 56 -86
57 57 -28
57 58 78
57 59 -65
57 60 92
57 61 -56
57 62 -93
57 63 40
57 64 -22
57 65 -100
57 66 18
57 67 29
57 69 -27
57 70 -63
57 71 -60
57 73 61
57 75 -60
57 76 52
57 77 -66
57 78 -4
57 79 -38
57 80 45
57 82 45
57 83 -89
57 84 -56
57 85 6
57 86 44
57 87 -15
57 88 -34
57 89 -49
57 90 31
57 91 -5
57 92 39
57 93 66
57 94 100
57 95 -85
57 96 -67
57 97 -5
57 98 44
57 99 4
58 0 -83
58 1 -52
58 2 44
58 3 -69
58 4 80
58 5 -87
58 6 -27
58 7 -92
58 8 -8
58 10 29
58 11 -52
58 12 77
58 13 23
58 14 64
58 15 42
58 16 -100
58 17 65
58 18 47
58 20 -72
58 21 -81
58 23 93
58 25 -82
58 26 32
58 27 20
58 28 -56
58 29 -21
58 30 44
58 31 73
58 32 -41
58 33 14
58 34 28
58 35 94
58 36 98
58 37 -94
58 38 55
58 39 96
58 41 1
58 42 14
58 43 85
58 45 45
58 46 22
58 47 34
58 48 49
58 49 -28
58 50 65
58 51 26
58 52 -26
58 53 54
58 55 -36
58 56 91
58 57 38
58 58 97
58 59 20
58 60 73
58 62 -100
58 63 -32
58 65 -45
58 66 -37
58 67 -16
58 68 58
58 69 93
58 70 91
58 71 -27
58 73 3
58 74 28
58 75 -72
58 76 12
58 77 -66
58 78 -19
58 79 63
58 80 33
58 81 68
58 82 -90
58 83 6
58 84 51
58 85 50
58 86 63
58 88 -26
58 89 -83
58 90 56
58 91 -19
58 92 -37
58 93 -75
58 94 53
58 95 -19
58 96 -3
58 97 99
58 98 -58
58 99 51
59 0 -98
59 1 -82
59 2 -96
59 3 -82
59 4 88
59 5 -14
59 6 -48
59 7 -39
59 8 35
59 13 -78
59 14 -98
59 15 100
59 16 69
59 17 7
59 18 -41
59 19 14
59 20 32
59 21 35
59 22 52
59 23 9
59 24 -33
59 25 -2
59 26 53
59 27 -98
59 28 42
59 29 87
59 30 90
59 31 -81
59 32 90
59 33 -25
59 34 71
59 35 24
59 36 -13
59 38 47
59 39 -44
59 40 42
59 41 7
59 42 -36
59 43 -83
59 44 -55
59 45 38
59 46 -30
59 47 53
59 48 20
59 49 -61
59 50 68
59 51 34
59 52 72
59 55 34
59 56 -56
59 59 -98
59 61 58
59 63 44
59 64 -31
59 65 81
59 66 -56
59 67 -41
59 68 -58
59 69 -13
59 70 27
59 71 12
59 72 96
59 73 -26
59 74 59
59 75 -55
59 76 -42
59 77 97
59 78 -88
59 79 -90
59 80 37
59 81 65
59 82 -50
59 83 -5
59 84 100
59 85 -50
59 87 35
59 88 -40
59 89 71
59 90 14
59 91 -8
59 92 79
59 93 -77
59 94 18
59 95 -41
59 96 -80
59 98 40
59 99 85
60 0 87
60 1 44
60 2 54
60 3 55
60 5 72
60 6 -32
60 7 3
60 9 -86
60 10 46
60 11 62
60 12 -28
60 13 -1
60 14 4
60 15 34
60 17 67
60 18 63
60 19 40
60 20 -31
60 21 -61
60 22 36
60 23 -14
60 24 -81
60 25 -48
60 27 7
60 28 45
60 29 -49
60 30 45
60 31 -21
60 32 78
60 33 75
60 34 63
60 36 29
60 37 -11
60 38 89
60 39 -51
60 40 43
60 41 -67
60 42 -46
60 43 31
60 44 -22
60 46 -99
60 47 49
60 48 15
60 49 -33
60 50 74
60 51 34
60 52 -80
60 53 18
60 55 -59
60 56 4
60 57 -52
60 58 -49
60 59 88
60 60 66
60 61 78
60 62 -86
60 63 63
60 64 -14
60 66 25
60 67 20
60 68 -67
60 69 -83
60 70 -11
60 71 50
60 73 -56
60 74 25
60 75 -53
60 77 61
60 78 -64
60 79 -93
60 82 23
60 83 -89
60 84 60
60 85 -80
60 86 -79
60 88 45
60 89 62
60 90 27
60 91 95
60 92 86
60 93 45
60 94 -32
60 95 18
60 96 -64
60 97 28
60 98 18
60 99 -12
61 0 48
61 1 -22
61 3 -51
61 4 64
61 7 -91
61 8 -60
61 9 71
61 10 90
61 11 -54
61 12 -32
61 14 -84
61 15 -35
61 17 78
61 18 72
61 19 -37
61 20 -32
61 21 -23
61 22 62
61 23 -52
61 25 43
61 26 -72
61 27 26
61 29 -67
61 30 97
61 31 -35
61 32 9
61 33 -34
61 34 -81
61 35 50
61 36 57
61 37 -1
61 38 -69
61 40 -84
61 41 -96
61 42 70
61 43 39
61 45 10
61 47 -90
61 49 55
61 51 33
61 52 -93
61 53 -41
61 54 22
61 55 77
61 56 58
61 57 -29
61 58 85
61 59 69
61 60 68
61 61 37
61 62 -7
61 63 -69
61 64 30
61 65 1
61 66 -45
61 67 -15
61 68 22
61 69 -74
61 71 53
61 72 62
61 73 -80
61 74 74
61 75 52
61 78 39
61 79 -46
61 80 21
61 81 -31
61 82 25
61 83 81
61 84 65
61 85 -55
61 87 -48
61 88 -97
61 89 34
61 90 -66
61 91 -60
61 92 -14
61 93 3
61 94 9
61 96 -1
61 97 55
61 98 76
61 99 47
62 0 25
62 2 1
62 3 -98
62 4 -88
62 5 -25
62 6 -18
62 7 -32
62 8 20
62 9 83
62 10 -8
62 11 -83
62 12 -8
62 13 76
62 14 -47
62 15 89
62 16 -59
62 17 53
62 18 5
62 19 62
62 20 68
62 21 48
62 22 4
62 23 8
62 25 -83
62 26 -34
62 27 -3
62 28 25
62 30 -85
62 32 -89
62 33 -97
62 34 20
62 35 -59
62 36 -60
62 37 -79
62 38 -17
62 39 -33
62 40 86
62 41 15
62 42 93
62 44 11
62 45 -15
62 46 -45
62 48 93
62 49 57
62 50 83
62 51 79
62 52 38
62 53 27
62 54 -61
62 55 20
62 56 -55
62 58 41
62 59 88
62 60 -99
62 61 -12
62 62 -84
62 63 -11
62 64 -98
62 65 -72
62 66 -5
62 67 -9
62 68 37
62 69 28
62 70 -94
62 71 -21
62 72 1
62 73 -67
62 75 -81
62 76 -98
62 77 -7
62 78 -56
62 79 -13
62 80 58
62 81 -31
62 82 -22
62 83 -69
62 84 -75
62 85 16
62 88 8
62 89 -69
62 90 51
62 91 38
62 92 -27
62 93 23
62 94 -88
62 95 -8
62 96 -14
62 97 -86
62 98 2
62 99 -49
63 0 78
63 1 11
63 2 5
63 3 1
63 5 19
63 6 -52
63 7 -58
63 8 65
63 10 -79
63 11 -19
63 12 25
63 14 -63
63 15 53
63 16 32
63 17 97
63 18 -99
63 19 -61
63 20 35
63 21 -33
63 22 -25
63 24 -23
63 25 59
63 26 -9
63 27 76
63 28 -12
63 29 -84
63 30 40
63 31 -16
63 32 -58
63 33 -1
63 34 -43
63 35 -11
63 36 81
63 37 62
63 38 -13
63 39 14
63 40 -3
63 41 -77
63 43 -14
63 44 11
63 45 -79
63 47 -97
63 48 38
63 49 -26
63 50 57
63 52 -23
63 53 -4
63 54 60
63 55 -3
63 56 31
63 57 51
63 58 93
63 59 -20
63 60 -73
63 62 -2
63 63 100
63 64 91
63 65 82
63 66 -55
63 67 66
63 68 20
63 69 -47
63 70 -40
63 72 -83
63 73 54
63 74 71
63 76 3
63 77 5
63 78 -83
63 79 24
63 80 59
63 81 -87
63 82 -44
63 83 -6
63 84 -18
63 86 -13
63 87 18
63 88 82
63 89 92
63 90 2
63 91 27
63 92 62
63 93 -83
63 94 -31
63 95 28
63 96 -23
63 97 -27
63 98 61
63 99 -36
64 0 -45
64 1 73
64 2 -85
64 4 7
64 5 -28
64 6 10
64 7 -61
64 8 -77
64 9 13
64 10 -93
64 11 75
64 12 -36
64 13 -66
64 14 -6
64 15 86
64 16 -67
64 17 68
64 18 100
64 20 -60
64 21 90
64 22 12
64 23 15
64 24 4
64 25 56
64 26 4
64 27 -78
64 28 -90
64 30 3
64 31 -52
64 32 -74
64 33 32
64 35 -2
64 36 -99
64 37 56
64 38 -68
64 39 -7
64 40 -64
64 41 -96
64 42 16
64 43 -61
64 44 39
64 45 -13
64 47 97
64 48 7
64 49 27
64 50 -73
64 51 -85
64 53 19
64 54 75
64 55 5
64 56 89
64 57 97
64 58 -53
64 59 74
64 60 76
64 61 18
64 62 20
64 64 34
64 65 20
64 66 -66
64 67 56
64 68 -83
64 69 -69
64 70 98
64 71 53
64 72 63
64 73 -81
64 74 -29
64 76 44
64 77 -92
64 78 98
64 79 54
64 80 32
64 81 -18
64 82 -89
64 83 -37
64 84 -6
64 85 -40
64 86 -8
64 87 80
64 88 50
64 89 -80
64 91 41
64 92 -86
64 93 5
64 94 43
64 95 97
64 96 4
64 97 -47
64 98 -69
64 99 88
65 1 -11
65 2 -36
65 3 -93
65 4 69
65 5 -10
65 6 -11
65 7 -63
65 8 -37
65 9 47
65 11 -66
65 12 49
65 13 49
65 14 12
65 15 41
65 16 91
65 17 -44
65 18 37
65 19 100
65 20 52
65 21 -76
65 22 85
65 23 21
65 24 17
65 25 79
65 26 -49
65 27 -91
65 29 -27
65 30 -20
65 31 61
65 32 -38
65 33 -78
65 34 -50
65 36 -35
65 37 41
65 39 -8
65 40 33
65 41 -1
65 42 -77
65 43 -60
65 44 26
65 46 15
65 49 69
65 50 19
65 51 -8
65 52 -98
65 53 79
65 54 -16
65 55 -18
65 56 -30
65 57 69
65 58 -94
65 59 99
65 60 1
65 61 96
65 62 62
65 63 54
65 65 -47
65 66 -66
65 67 92
65 68 -74
65 69 49
65 70 -76
65 71 66
65 72 -45
65 73 14
65 74 -77
65 75 75
65 76 -50
65 77 -9
65 78 84
65 79 47
65 80 -95
65 81 74
65 82 -90
65 83 -10
65 84 -39
65 85 -42
65 86 30
65 87 -46
65 88 57
65 90 4
65 91 78
65 92 95
65 93 29
65 94 50
65 95 51
65 99 -44
66 1 -23
66 2 92
66 3 -2
66 4 30
66 5 -88
66 6 -10
66 7 -70
66 8 9
66 9 -12
66 10 44
66 11 -44
66 12 -77
66 13 -83
66 14 61
66 15 -11
66 16 54
66 17 30
66 18 -61
66 19 22
66 20 75
66 21 -63
66 22 65
66 23 -25
66 25 21
66 26 11
66 27 98
66 28 -42
66 29 70
66 30 -44
66 31 69
66 32 33
66 33 -58
66 34 4
66 35 -17
66 36 62
66 37 16
66 38 48
66 39 -57
66 40 20
66 41 79
66 42 35
66 43 96
66 44 -26
66 45 91
66 46 31
66 47 -67
66 49 -35
66 50 66
66 52 -22
66 53 -23
66 54 33
66 55 17
66 56 68
66 57 -64
66 58 -1
66 59 39
66 60 -15
66 61 -21
66 62 -15
66 63 55
66 64 -36
66 65 71
66 66 -68
66 67 38
66 68 -20
66 69 -68
66 70 77
66 71 91
66 72 20
66 73 45
66 74 15
66 75 -2
66 77 -71
66 78 76
66 79 2
66 81 -14
66 82 -86
66 83 49
66 84 -3
66 87 35
66 88 -44
66 89 -12
66 90 -80
66 91 82
66 92 -6
66 93 -91
66 94 46
66 95 -22
66 96 -86
66 97 71
66 98 49
66 99 -68
67 0 -14
67 2 -49
67 3 69
67 4 39
67 5 -99
67 7 57
67 8 32
67 9 34
67 10 46
67 11 70
67 12 81
67 13 -82
67 14 37
67 15 -16
67 16 -28
67 17 61
67 18 -18
67 19 -41
67 20 -16
67 21 -12
67 22 9
67 23 -37
67 24 -57
67 25 -7
67 26 -27
67 29 -59
67 30 -19
67 32 69
67 33 1
67 35 -12
67 36 40
67 37 -94
67 38 48
67 39 -25
67 40 -67
67 41 79
67 42 -14
67 43 -11
67 45 -3
67 46 53
67 47 -47
67 48 2
67 49 73
67 50 -84
67 51 -3
67 52 72
67 53 71
67 54 59
67 55 50
67 56 -16
67 57 34
67 58 83
67 59 30
67 60 -18
67 61 31
67 62 50
67 63 -68
67 64 -56
67 65 58
67 66 46
67 67 97
67 68 -67
67 69 -31
67 70 4
67 71 -33
67 72 -20
67 73 -77
67 74 2
67 76 -3
67 77 -26
67 78 -80
67 79 20
67 80 9
67 81 70
67 82 -53
67 83 -79
67 84 -15
67 85 16
67 86 -31
67 87 -81
67 88 -38
67 89 41
67 90 -58
67 91 77
67 92 -36
67 93 -31
67 94 -94
67 95 -70
67 96 46
67 97 89
67 99 -27
68 0 84
68 2 73
68 3 25
68 5 28
68 6 -16
68 7 51
68 8 31
68 9 -86
68 10 -37
68 11 -14
68 12 44
68 13 48
68 14 -24
68 17 -1
68 18 -19
68 19 -58
68 20 13
68 21 -80
68 23 -39
68 25 -80
68 26 -78
68 27 -37
68 29 -88
68 30 -63
68 31 61
68 32 62
68 33 -96
68 36 20
68 37 100
68 38 48
68 39 -81
68 41 -56
68 42 -96
68 44 -100
68 45 -45
68 47 16
68 48 -60
68 49 -66
68 50 37
68 51 68
68 52 -25
68 53 -82
68 54 -41
68 55 59
68 56 7
68 57 38
68 58 -14
68 59 -55
68 60 -74
68 61 24
68 62 -15
68 63 18
68 64 -2
68 65 -42
68 66 -64
68 67 42
68 68 99
68 70 2
68 71 -51
68 72 -70
68 73 19
68 74 84
68 75 -51
68 76 -80
68 77 -88
68 78 73
68 79 12
68 80 -15
68 81 26
68 82 -14
68 83 -7
68 85 -82
68 86 -62
68 87 84
68 89 -11
68 90 58
68 91 -15
68 92 49
68 93 15
68 94 19
68 95 61
68 97 -30
68 98 28
68 99 -40
69 0 34
69 1 -60
69 2 -43
69 3 -14
69 4 -83
69 5 -32
69 6 53
69 7 20
69 8 8
69 9 -45
69 10 87
69 11 20
69 12 -68
69 13 95
69 14 -93
69 15 -71
69 16 -83
69 17 -5
69 18 -53
69 19 -56
69 20 39
69 21 49
69 22 -89
69 23 8
69 24 38
69 25 -68
69 27 43
69 28 49
69 29 -87
69 30 -94
69 33 48
69 34 78
69 35 -96
69 36 -23
69 37 54
69 38 -50
69 39 40
69 40 -51
69 41 59
69 42 58
69 43 -80
69 44 17
69 45 -43
69 46 -18
69 47 43
69 48 74
69 49 96
69 50 25
69 51 45
69 52 74
69 53 90
69 55 -20
69 56 -47
69 57 41
69 58 -16
69 59 -8
69 60 -52
69 61 -51
69 62 -41
69 64 80
69 65 68
69 66 8
69 67 48
69 68 -89
69 69 20
69 71 -6
69 72 -53
69 73 33
69 74 33
69 76 25
69 77 89
69 78 -48
69 79 -78
69 80 43
69 82 18
69 83 65
69 86 77
69 87 -37
69 88 -18
69 89 44
69 91 -98
69 92 57
69 93 38
69 94 -3
69 95 -78
69 96 8
69 97 -81
69 98 -93
69 99 44
70 1 13
70 2 63
70 3 91
70 5 -60
70 6 98
70 7 24
70 8 67
70 9 67
70 10 -26
70 11 -59
70 13 12
70 14 -26
70 15 -82
70 16 89
70 17 -48
70 19 35
70 20 99
70 21 56
70 23 -25
70 24 45
70 25 -32
70 26 -9
70 27 79
70 28 49
70 29 84
70 30 25
70 31 26
70 32 97
70 33 -14
70 34 -17
70 35 98
70 36 78
70 37 -81
70 38 -59
70 39 4
70 40 68
70 41 13
70 42 75
70 43 -48
70 44 -80
70 45 90
70 46 22
70 49 1
70 50 82
70 51 4
70 52 -2
70 53 73
70 54 36
70 55 -44
70 58 -46
70 59 83
70 60 96
70 61 -40
70 62 -6
70 63 62
70 64 -15
70 65 -40
70 66 -72
70 67 25
70 68 86
70 69 63
70 70 -13
70 71 -95
70 72 50
70 73 13
70 74 76
70 75 30
70 76 -79
70 77 33
70 78 -8
70 79 2
70 80 -95
70 81 9
70 82 3
70 84 -67
70 85 48
70 86 58
70 87 43
70 88 23
70 89 -82
70 91 -54
70 92 30
70 94 -79
70 95 -61
70 96 -49
70 99 5
71 0 -11
71 1 -22
71 2 85
71 3 -31
71 4 53
71 5 -72
71 6 -23
71 8 -23
71 9 -38
71 10 -15
71 11 -51
71 12 60
71 13 -86
71 14 65
71 15 -94
71 16 15
71 17 20
71 20 -88
71 22 16
71 23 -29
71 24 -28
71 25 -13
71 26 64
71 27 -97
71 29 -50
71 30 40
71 31 7
71 32 -91
71 33 -5
71 34 77
71 35 -78
71 37 77
71 38 47
71 39 -49
71 40 28
71 41 -86
71 42 -77
71 43 42
71 44 -90
71 45 76
71 46 -67
71 47 59
71 48 36
71 49 -77
71 50 47
71 52 -49
71 53 89
71 54 70
71 55 -58
71 56 -13
71 57 100
71 58 -42
71 59 -65
71 60 -85
71 61 -55
71 62 41
71 63 75
71 64 -55
71 65 -85
71 66 44
71 67 48
71 68 91
71 69 84
71 70 -28
71 71 -11
71 72 -3
71 73 -7
71 74 22
71 75 27
71 77 -2
71 78 29
71 79 5
71 82 7
71 83 20
71 84 -72
71 86 -100
71 88 52
71 89 -37
71 90 -92
71 91 56
71 92 -87
71 93 40
71 94 -26
71 95 81
71 96 -83
71 97 -94
71 98 16
72 0 -11
72 1 33
72 2 90
72 3 -6
72 4 80
72 5 -78
72 6 53
72 7 73
72 8 -33
72 10 -81
72 12 47
72 14 70
72 15 -66
72 16 -90
72 17 -58
72 18 59
72 19 36
72 20 -2
72 21 58
72 22 11
72 23 58
72 24 -60
72 25 -24
72 26 -16
72 27 -79
72 28 57
72 29 -20
72 30 -94
72 31 89
72 33 19
72 34 25
72 35 -48
72 36 93
72 37 97
72 38 -72
72 39 85
72 41 -69
72 42 -16
72 43 58
72 44 -89
72 45 -60
72 47 43
72 48 -47
72 49 85
72 50 -4
72 51 76
72 52 7
72 53 13
72 54 40
72 55 -60
72 56 89
72 57 -45
72 58 29
72 59 -56
72 60 55
72 61 -51
72 62 -32
72 63 -47
72 64 -27
72 65 -60
72 66 -100
72 68 -76
72 69 47
72 70 18
72 71 -64
72 72 -100
72 73 14
72 75 67
72 76 48
72 77 58
72 78 60
72 79 16
72 81 -82
72 82 93
72 83 -88
72 84 85
72 85 -90
72 86 69
72 87 72
72 88 74
72 89 6
72 90 75
72 91 17
72 92 91
72 93 16
72 94 13
72 95 46
72 96 97
72 97 -27
72 98 32
72 99 11
73 0 64
73 1 -8
73 2 -8
73 3 62
73 4 -67
73 6 2
73 7 25
73 9 97
73 10 -15
73 11 72
73 12 94
73 13 80
73 14 -32
73 15 58
73 16 48
73 17 7
73 19 55
73 20 40
73 21 -69
73 22 -35
73 23 -95
73 25 95
73 26 32
73 27 6
73 28 10
73 29 -77
73 30 84
73 33 -62
73 34 -73
73 35 -90
73 36 -81
73 38 -52
73 39 -100
73 40 75
73 41 69
73 42 -14
73 43 24
73 44 17
73 45 16
73 46 -56
73 47 74
73 48 -90
73 49 10
73 50 19
73 51 -43
73 52 24
73 53 -73
73 54 100
73 55 13
73 56 -23
73 57 11
73 58 -16
73 59 83
73 60 32
73 61 26
73 62 -76
73 63 -28
73 64 99
73 65 -15
73 66 50
73 67 22
73 68 82
73 69 6
73 70 -50
73 72 -92
73 73 63
73 74 -81
73 75 25
73 76 85
73 77 15
73 78 -63
73 79 8
73 80 -95
73 81 83
73 82 9
73 83 29
73 85 13
73 86 -88
73 87 -4
73 88 98
73 89 -57
73 90 35
73 91 -78
73 92 -25
73 94 -35
73 95 65
73 97 51
73 98 87
73 99 -100
74 1 -77
74 3 62
74 4 -28
74 5 -63
74 6 49
74 7 -39
74 8 7
74 10 -86
74 11 10
74 12 75
74 13 45
74 14 73
74 15 -21
74 16 78
74 18 -5
74 19 83
74 20 8
74 21 -67
74 22 5
74 23 -40
74 24 -15
74 25 -2
74 26 19
74 27 -73
74 28 -36
74 29 62
74 32 -43
74 33 -93
74 34 23
74 35 -12
74 36 98
74 37 -73
74 38 48
74 39 -89
74 40 -24
74 41 -34
74 42 58
74 44 79
74 45 31
74 46 43
74 47 -77
74 48 41
74 49 -32
74 50 -83
74 51 58
74 52 -72
74 53 -94
74 54 25
74 55 -79
74 56 27
74 57 -28
74 58 83
74 59 75
74 60 46
74 61 25
74 62 41
74 63 -16
74 64 -97
74 65 -34
74 66 4
74 67 62
74 68 -50
74 69 94
74 70 -44
74 72 -64
74 73 -59
74 74 97
74 75 -88
74 76 20
74 78 52
74 79 -93
74 80 -74
74 81 76
74 82 6
74 84 -17
74 85 -60
74 86 21
74 87 -23
74 88 35
74 89 31
74 90 10
74 91 -86
74 92 81
74 93 82
74 94 46
74 95 38
74 96 -67
74 97 -75
74 98 -97
74 99 -99
75 0 99
75 1 -33
75 2 11
75 3 -5
75 4 79
75 5 85
75 6 89
75 7 29
75 8 -36
75 9 89
75 10 95
75 11 -80
75 12 28
75 13 -82
75 15 -92
75 17 -37
75 18 84
75 20 90
75 22 49
75 23 -92
75 24 -65
75 25 64
75 28 -70
75 29 -27
75 30 -99
75 31 -13
75 32 -79
75 33 -100
75 34 98
75 37 43
75 38 54
75 39 -81
75 40 3
75 41 -49
75 42 15
75 44 44
75 46 -68
75 47 -51
75 48 -46
75 49 52
75 50 89
75 51 44
75 52 13
75 53 -84
75 54 -24
75 55 -47
75 57 -61
75 60 -57
75 61 -78
75 62 -96
75 63 10
75 64 -94
75 67 2
75 68 -95
75 69 35
75 70 92
75 71 -53
75 72 -89
75 73 66
75 74 -33
75 75 -58
75 76 -13
75 77 42
75 78 83
75 79 -40
75 80 42
75 81 10
75 82 18
75 83 72
75 84 -38
75 85 -57
75 86 56
75 87 -38
75 89 41
75 90 72
75 91 28
75 92 -33
75 93 77
75 94 -5
75 95 39
75 96 -18
75 97 -14
75 98 -41
76 0 -16
76 1 -90
76 3 -72
76 4 -69
76 5 -94
76 6 74
76 7 -53
76 8 -12
76 9 61
76 10 -8
76 11 16
76 12 -34
76 13 12
76 14 31
76 15 49
76 16 -21
76 18 98
76 19 -55
76 20 -89
76 21 74
76 22 44
76 23 47
76 24 -58
76 25 15
76 27 -76
76 28 -38
76 29 -71
76 30 1
76 31 38
76 32 62
76 33 76
76 34 43
76 35 -11
76 36 -47
76 38 21
76 39 -94
76 40 -80
76 41 -11
76 42 47
76 44 66
76 45 67
76 46 15
76 47 -88
76 48 89
76 49 -79
76 50 -60
76 51 17
76 52 14
76 53 -8
76 55 -69
76 56 17
76 57 -88
76 58 79
76 59 -100
76 60 -90
76 62 -50
76 63 -37
76 64 1
76 65 81
76 67 -36
76 68 -99
76 69 100
76 70 -70
76 72 -32
76 73 64
76 74 -65
76 76 -8
76 77 -71
76 78 -2
76 79 35
76 80 -76
76 81 -34
76 82 -52
76 83 -73
76 84 -67
76 85 60
76 86 -18
76 87 -21
76 88 -27
76 89 85
76 90 23
76 91 56
76 92 -11
76 93 63
76 94 -90
76 95 56
76 96 -68
76 97 -95
76 98 45
77 1 57
77 2 73
77 3 20
77 4 27
77 5 -45
77 6 -71
77 8 -44
77 9 -69
77 10 63
77 11 -14
77 12 51
77 13 99
77 14 -75
77 17 58
77 18 27
77 19 26
77 20 -25
77 21 53
77 22 -37
77 23 -31
77 25 25
77 27 -78
77 29 -67
77 30 71
77 31 -10
77 32 62
77 33 32
77 34 3
77 35 -11
77 36 46
77 37 -2
77 38 19
77 39 -29
77 40 -84
77 41 -41
77 43 -10
77 44 8
77 45 11
77 46 18
77 48 37
77 50 23
77 51 75
77 52 -20
77 53 -16
77 54 -43
77 55 7
77 56 -23
77 57 97
77 58 -27
77 59 -98
77 60 -79
77 61 -83
77 62 50
77 63 27
77 65 -30
77 66 -64
77 67 -34
77 68 -12
77 69 7
77 70 97
77 71 20
77 72 72
77 73 23
77 74 8
77 75 -23
77 76 -39
77 77 -46
77 78 -69
77 79 -64
77 81 -54
77 82 -29
77 83 -36
77 84 41
77 85 89
77 86 15
77 87 19
77 89 -89
77 90 43
77 91 44
77 92 -36
77 93 -48
77 94 -74
77 95 -24
77 96 79
77 97 -82
77 98 -14
77 99 41
78 0 -68
78 1 67
78 2 -25
78 3 -97
78 5 -88
78 6 50
78 7 -39
78 9 42
78 10 -27
78 11 30
78 12 59
78 13 68
78 14 -46
78 16 82
78 17 6
78 18 -53
78 19 39
78 21 -17
78 22 -1
78 26 -80
78 28 -13
78 29 56
78 30 4
78 31 -70
78 32 66
78 33 44
78 34 78
78 35 -35
78 36 93
78 37 17
78 38 50
78 39 -43
78 40 37
78 42 11
78 43 -32
78 44 15
78 45 -18
78 46 -35
78 47 51
78 48 37
78 49 51
78 50 -100
78 51 -72
78 52 26
78 53 10
78 54 84
78 55 39
78 56 95
78 57 43
78 58 6
78 59 -45
78 60 -13
78 61 46
78 62 47
78 63 56
78 64 96
78 65 90
78 67 -77
78 68 -29
78 69 -93
78 70 90
78 71 60
78 73 -30
78 74 55
78 75 11
78 76 -44
78 77 -39
78 78 37
78 81 86
78 82 -86
78 83 -49
78 84 -84
78 85 -31
78 86 -10
78 89 -43
78 90 -87
78 91 61
78 92 1
78 93 39
78 94 3
78 96 -91
78 97 -34
78 98 49
78 99 35
79 0 -56
79 1 -30
79 4 -100
79 5 97
79 6 85
79 7 34
79 8 84
79 9 42
79 10 40
79 11 -85
79 12 -85
79 13 91
79 14 -76
79 15 -25
79 16 37
79 17 -79
79 18 -68
79 20 29
79 22 39
79 23 22
79 24 -35
79 26 -16
79 27 35
79 28 -13
79 29 -66
79 30 73
79 31 -91
79 32 -100
79 33 -63
79 34 76
79 35 -25
79 36 79
79 37 62
79 38 42
79 40 -2
79 41 6
79 42 -61
79 43 60
79 44 85
79 45 -26
79 46 -37
79 47 -68
79 48 56
79 49 59
79 51 -98
79 52 2
79 55 -72
79 56 -77
79 57 -65
79 58 -20
79 59 50
79 60 -33
79 61 70
79 63 -86
79 64 15
79 65 -82
79 66 -8
79 67 40
79 68 21
79 69 -16
79 70 51
79 71 -33
79 72 -63
79 73 -20
79 74 90
79 75 -44
79 76 39
79 78 27
79 79 -69
79 80 62
79 81 21
79 82 86
79 83 -60
79 85 43
79 86 -12
79 87 69
79 88 83
79 89 -7
79 90 89
79 91 93
79 92 2
79 94 84
79 95 -3
79 96 -52
79 97 82
79 98 72
79 99 25
80 1 33
80 2 -53
80 3 81
80 4 28
80 5 -54
80 6 9
80 7 83
80 8 -51
80 9 27
80 10 -78
80 11 -34
80 12 -14
80 13 -47
80 14 63
80 16 -88
80 18 -88
80 19 -58
80 20 -73
80 21 -71
80 22 -17
80 23 -11
80 24 -72
80 25 72
80 26 -56
80 27 -25
80 28 -94
80 29 -71
80 30 -8
80 31 -98
80 32 -38
80 33 45
80 34 -45
80 35 73
80 36 46
80 37 -10
80 38 17
80 39 6
80 40 12
80 41 -69
80 42 -10
80 43 23
80 45 -33
80 46 -29
80 48 -86
80 49 10
80 50 -78
80 53 -64
80 54 18
80 55 77
80 56 28
80 57 -8
80 58 -99
80 59 16
80 60 -83
80 61 64
80 63 -53
80 64 -92
80 65 83
80 66 -24
80 67 97
80 68 -30
80 69 -44
80 70 -29
80 71 -20
80 73 34
80 74 23
80 75 23
80 76 78
80 77 12
80 78 65
80 79 -86
80 80 -15
80 82 -65
80 83 -87
80 84 79
80 85 78
80 86 50
80 88 -57
80 89 -10
80 90 -92
80 91 37
80 92 36
80 93 -32
80 94 -10
80 95 -94
80 96 -15
80 97 -17
80 98 -19
80 99 100
81 0 55
81 1 -2
81 2 -73
81 3 -52
81 4 -97
81 5 83
81 6 -69
81 7 98
81 8 -27
81 9 -100
81 10 -87
81 11 82
81 12 -50
81 13 -11
81 14 98
81 15 5
81 16 27
81 17 44
81 18 -10
81 19 79
81 20 -78
81 21 27
81 22 -13
81 23 36
81 24 -78
81 25 88
81 26 -41
81 28 24
81 29 -13
81 30 -28
81 31 -35
81 32 -44
81 33 -24
81 34 17
81 35 -51
81 36 24
81 37 61
81 39 -80
81 40 -88
81 41 53
81 42 -72
81 43 -50
81 44 37
81 45 -93
81 46 -69
81 47 77
81 48 9
81 49 -9
81 50 -26
81 51 -31
81 52 74
81 53 -35
81 55 -9
81 56 53
81 57 -90
81 58 -45
81 59 -66
81 60 -3
81 61 -81
81 62 79
81 63 -42
81 64 -63
81 66 -70
81 67 -50
81 68 -27
81 69 -46
81 70 43
81 71 13
81 72 39
81 73 -27
81 74 53
81 75 91
81 77 13
81 78 73
81 79 89
81 80 43
81 81 -12
81 82 -93
81 83 -42
81 84 -97
81 85 10
81 86 -67
81 87 88
81 88 6
81 89 -83
81 91 -31
81 92 10
81 93 22
81 94 -65
81 95 6
81 97 -97
81 98 59
81 99 -19
82 1 44
82 2 13
82 3 -39
82 4 -68
82 5 -51
82 6 -37
82 7 -16
82 8 5
82 9 -28
82 10 -60
82 11 -54
82 12 -41
82 13 13
82 14 63
82 15 98
82 16 49
82 17 -90
82 18 54
82 19 77
82 20 -85
82 21 -61
82 22 -72
82 23 56
82 24 -36
82 25 76
82 26 41
82 28 3
82 29 -96
82 30 37
82 31 17
82 32 14
82 33 76
82 35 -43
82 36 -2
82 38 -94
82 39 -66
82 40 5
82 41 -37
82 42 8
82 43 -20
82 44 49
82 45 -20
82 46 26
82 47 17
82 48 -39
82 50 3
82 52 76
82 53 65
82 54 61
82 55 -7
82 57 -54
82 58 26
82 59 69
82 60 23
82 61 -96
82 62 -61
82 64 -39
82 66 97
82 68 100
82 69 -88
82 70 23
82 71 -63
82 72 -80
82 73 -61
82 74 -4
82 75 -5
82 76 -86
82 77 -92
82 78 74
82 79 13
82 80 -92
82 82 -95
82 83 16
82 85 -57
82 86 20
82 87 -21
82 88 -64
82 90 55
82 92 -90
82 93 3
82 94 -14
82 95 -8
82 96 1
82 97 94
82 98 -45
82 99 -62
83 0 90
83 3 -86
83 4 -39
83 5 -82
83 7 29
83 8 12
83 10 -40
83 11 -50
83 12 -70
83 13 91
83 14 30
83 15 -26
83 16 22
83 17 -38
83 18 8
83 19 52
83 20 59
83 22 -1
83 23 92
83 24 30
83 25 -30
83 26 26
83 27 34
83 28 60
83 29 48
83 30 88
83 31 -52
83 32 -52
83 33 98
83 34 63
83 35 -7
83 36 -41
83 37 -96
83 38 56
83 40 19
83 42 -21
83 43 -14
83 45 -79
83 46 -60
83 47 -18
83 48 -17
83 49 -25
83 51 -50
83 53 -31
83 54 -33
83 55 59
83 56 -1
83 57 46
83 58 93
83 59 -13
83 60 42
83 61 -48
83 62 -38
83 63 59
83 64 14
83 65 48
83 66 -22
83 67 68
83 68 14
83 70 38
83 71 -11
83 72 -39
83 73 60
83 74 21
83 75 2
83 76 -66
83 77 -88
83 78 -17
83 79 50
83 80 -10
83 81 11
83 83 -58
83 85 -16
83 86 -84
83 87 -57
83 89 75
83 90 33
83 91 -7
83 92 88
83 94 71
83 95 21
83 97 -26
83 98 88
83 99 -17
84 0 -6
84 1 -34
84 2 -43
84 3 6
84 4 -59
84 5 -17
84 6 -78
84 7 17
84 8 -49
84 10 61
84 11 91
84 12 -87
84 14 95
84 15 60
84 16 26
84 17 7
84 18 24
84 19 13
84 20 -83
84 21 -18
84 22 45
84 25 12
84 26 99
84 27 70
84 29 31
84 30 2
84 31 -79
84 32 91
84 33 -2
84 34 60
84 35 -33
84 36 -58
84 37 19
84 38 -34
84 39 -73
84 40 55
84 43 -64
84 45 -19
84 46 -40
84 47 -23
84 48 -26
84 49 32
84 51 -17
84 52 17
84 53 -82
84 54 79
84 56 -66
84 57 91
84 58 -29
84 59 -70
84 60 81
84 62 -79
84 63 36
84 64 95
84 65 16
84 67 62
84 69 84
84 70 74
84 71 50
84 72 10
84 75 53
84 76 33
84 77 -86
84 78 -81
84 79 53
84 80 52
84 81 55
84 82 27
84 83 56
84 84 43
84 85 -23
84 86 -56
84 87 67
84 89 -97
84 90 31
84 91 44
84 93 -60
84 94 88
84 95 -2
84 96 -73
84 97 13
84 98 -14
85 0 -97
85 1 78
85 3 -45
85 4 -48
85 5 -50
85 6 -98
85 7 -84
85 9 -98
85 10 79
85 11 -56
85 12 90
85 13 -92
85 14 35
85 15 -40
85 16 67
85 17 -85
85 18 -99
85 19 14
85 20 -60
85 21 -16
85 22 -45
85 23 -92
85 24 -38
85 25 -3
85 26 -70
85 27 53
85 29 -44
85 30 -63
85 31 -2
85 32 -89
85 33 63
85 34 -45
85 35 -17
85 36 -57
85 37 -3
85 38 -59
85 39 47
85 40 -81
85 41 47
85 43 -73
85 44 3
85 45 -89
85 46 -19
85 47 -26
85 48 -85
85 49 -21
85 50 -81
85 52 39
85 53 -11
85 55 52
85 57 76
85 58 49
85 59 1
85 60 8
85 61 -89
85 62 75
85 63 46
85 64 81
85 65 -8
85 66 -19
85 67 16
85 69 -92
85 70 -32
85 71 -93
85 72 83
85 73 91
85 74 69
85 79 -1
85 80 98
85 81 -19
85 82 98
85 83 -82
85 84 78
85 85 -42
85 86 58
85 87 79
85 88 -77
85 89 86
85 90 88
85 91 -13
85 92 28
85 93 31
85 94 13
85 95 -5
85 96 2
85 97 83
85 98 -62
85 99 14
86 1 -97
86 2 54
86 3 -79
86 4 60
86 5 -45
86 6 -43
86 7 2
86 8 51
86 9 39
86 11 87
86 12 37
86 13 -10
86 14 -73
86 15 -32
86 16 27
86 17 19
86 18 61
86 20 -75
86 21 -47
86 22 4
86 23 -92
86 24 90
86 25 -83
86 26 -70
86 27 -95
86 28 6
86 29 41
86 30 -32
86 31 -87
86 32 -93
86 35 30
86 36 -27
86 37 6
86 39 -43
86 40 -88
86 41 70
86 42 4
86 43 18
86 44 72
86 45 -88
86 46 33
86 47 63
86 48 -11
86 50 36
86 51 92
86 52 87
86 53 -2
86 54 50
86 55 -3
86 56 -12
86 57 -22
86 58 -46
86 59 8
86 60 -11
86 62 65
86 63 11
86 64 57
86 65 6
86 66 24
86 67 -45
86 68 -63
86 69 30
86 70 26
86 71 40
86 72 16
86 73 34
86 74 -84
86 75 18
86 76 2
86 77 19
86 78 -76
86 79 -18
86 80 -19
86 81 61
86 82 -64
86 83 -10
86 84 57
86 85 -39
86 87 94
86 89 58
86 90 76
86 91 65
86 92 -4
86 93 -76
86 94 29
86 95 -33
86 96 -83
86 98 52
86 99 -62
87 0 -68
87 1 58
87 2 21
87 3 -44
87 4 86
87 5 -32
87 6 -85
87 7 36
87 8 78
87 10 -89
87 11 -36
87 12 93
87 13 -27
87 14 13
87 15 31
87 16 61
87 17 -56
87 19 -59
87 20 -52
87 22 10
87 24 -44
87 25 96
87 26 24
87 27 -14
87 28 -24
87 30 -71
87 31 5
87 33 55
87 34 100
87 35 16
87 36 -24
87 37 -68
87 39 -1
87 40 59
87 41 74
87 42 -32
87 43 17
87 44 -15
87 45 72
87 46 -33
87 47 -28
87 48 49
87 50 33
87 52 61
87 53 3
87 54 -71
87 55 -100
87 56 -98
87 57 -26
87 58 -40
87 59 84
87 60 -68
87 61 -93
87 62 94
87 63 -86
87 64 88
87 65 -64
87 66 -14
87 67 72
87 68 4
87 69 -21
87 70 -39
87 72 -68
87 73 -11
87 74 56
87 75 -33
87 76 33
87 77 76
87 78 -41
87 79 -33
87 80 -100
87 81 -40
87 82 45
87 83 -45
87 84 53
87 85 -22
87 87 -19
87 88 -97
87 89 -41
87 90 46
87 91 -73
87 92 -74
87 93 -56
87 94 99
87 96 53
87 97 -46
87 98 15
87 99 69
88 0 -51
88 1 -14
88 2 -84
88 3 41
88 4 35
88 5 41
88 7 -35
88 8 -13
88 9 83
88 11 69
88 12 14
88 13 10
88 14 15
88 15 8
88 16 2
88 17 -9
88 18 35
88 19 -89
88 20 35
88 21 2
88 22 -11
88 24 19
88 25 31
88 27 -97
88 28 -45
88 29 60
88 31 66
88 32 72
88 33 -33
88 34 -71
88 35 -81
88 36 60
88 37 50
88 38 26
88 39 -30
88 40 -99
88 41 -12
88 42 -26
88 45 -22
88 46 63
88 47 67
88 48 -56
88 49 -4
88 50 94
88 51 22
88 52 -56
88 53 -85
88 55 -93
88 57 54
88 58 43
88 59 41
88 60 73
88 61 -70
88 62 43
88 63 12
88 64 36
88 65 70
88 66 26
88 67 14
88 68 -52
88 69 -67
88 71 -37
88 72 -81
88 73 7
88 74 41
88 75 6
88 76 72
88 77 -85
88 78 -69
88 79 -84
88 80 -27
88 81 43
88 82 76
88 83 69
88 84 52
88 85 -54
88 86 15
88 87 -21
88 89 9
88 91 69
88 92 -38
88 93 94
88 94 -82
88 95 68
88 96 54
88 97 91
88 98 41
88 99 -74
89 0 -78
89 2 -66
89 3 63
89 4 -11
89 5 61
89 6 -71
89 7 -44
89 8 80
89 9 35
89 10 -64
89 11 -8
89 12 29
89 13 -30
89 14 -35
89 16 -16
89 17 -30
89 19 73
89 21 65
89 22 -24
89 23 -61
89 26 -76
89 27 25
89 28 -66
89 30 -99
89 31 32
89 32 -19
89 33 -30
89 35 -92
89 36 -91
89 37 73
89 38 -37
89 39 41
89 40 82
89 41 -36
89 42 -78
89 45 -23
89 46 66
89 47 -37
89 48 -4
89 49 77
89 50 -36
89 51 -34
89 52 -4
89 53 -6
89 54 28
89 55 -42
89 56 96
89 57 -71
89 58 65
89 59 57
89 60 51
89 61 97
89 62 55
89 63 -40
89 65 70
89 66 -29
89 67 -78
89 68 -86
89 69 50
89 70 -15
89 71 12
89 72 12
89 73 -55
89 75 -94
89 76 65
89 77 -25
89 78 -84
89 79 -48
89 80 -47
89 81 -21
89 83 73
89 84 -67
89 85 92
89 86 -54
89 87 42
89 88 39
89 89 43
89 90 1
89 92 54
89 93 64
89 94 53
89 95 -85
89 96 99
89 97 -58
89 98 -40
89 99 -80
90 0 75
90 1 -71
90 2 56
90 3 41
90 4 -58
90 6 -12
90 7 -1
90 8 -29
90 9 -52
90 10 -43
90 13 -47
90 15 -33
90 16 -28
90 18 56
90 20 -55
90 21 -66
90 22 -17
90 23 -51
90 24 -50
90 25 -100
90 26 64
90 27 16
90 28 -56
90 29 -69
90 30 64
90 31 79
90 32 -2
90 33 -36
90 34 -30
90 36 99
90 37 -10
90 38 31
90 39 -34
90 40 93
90 41 5
90 42 47
90 43 42
90 44 4
90 45 -25
90 46 86
90 47 8
90 49 -6
90 50 40
90 52 75
90 53 -12
90 54 98
90 55 -62
90 56 -91
90 57 -81
90 58 36
90 59 -32
90 60 68
90 61 70
90 63 15
90 64 -72
90 65 -12
90 66 51
90 67 -29
90 68 -42
90 69 -72
90 70 6
90 71 97
90 72 35
90 74 -90
90 75 83
90 77 -11
90 78 -80
90 79 70
90 80 -23
90 81 71
90 82 -42
90 83 41
90 84 -65
90 85 -90
90 86 -33
90 87 28
90 88 39
90 89 89
90 90 -90
90 91 -91
90 92 -26
90 93 51
90 94 96
90 96 89
90 97 -16
90 98 97
90 99 84
91 0 47
91 1 -62
91 2 -18
91 3 -98
91 4 48
91 6 3
91 7 -69
91 8 89
91 9 -24
91 10 2
91 11 43
91 12 98
91 13 42
91 15 48
91 16 48
91 18 41
91 20 -19
91 21 -92
91 23 -15
91 24 72
91 25 52
91 27 10
91 28 -3
91 29 -70
91 30 -46
91 31 82
91 33 20
91 34 4
91 35 76
91 36 -64
91 37 -96
91 38 -31
91 39 -88
91 40 -57
91 41 -39
91 42 -45
91 43 -36
91 45 -57
91 46 31
91 47 -2
91 48 87
91 49 -46
91 50 -3
91 51 -97
91 52 86
91 53 -96
91 54 -51
91 55 40
91 56 82
91 57 31
91 58 -43
91 59 -96
91 60 -52
91 61 -42
91 63 60
91 64 -3
91 65 60
91 66 -48
91 67 4
91 68 19
91 69 -10
91 70 57
91 71 -63
91 72 39
91 73 -93
91 74 -66
91 75 -39
91 76 -9
91 77 -47
91 78 -80
91 79 -87
91 81 50
91 82 -21
91 83 -50
91 85 -4
91 86 -13
91 87 -95
91 88 -72
91 89 27
91 90 -95
91 91 -32
91 92 95
91 93 20
91 94 72
91 95 12
91 96 -83
91 97 62
91 98 29
91 99 25
92 0 65
92 2 60
92 3 -84
92 4 -65
92 5 59
92 7 73
92 8 -19
92 9 -9
92 10 59
92 11 -8
92 12 -59
92 13 -7
92 14 32
92 15 12
92 16 26
92 17 82
92 18 -9
92 19 -64
92 20 15
92 21 60
92 22 81
92 23 -71
92 24 -44
92 26 -79
92 27 37
92 28 76
92 29 58
92 30 44
92 31 -100
92 32 77
92 33 87
92 34 39
92 35 62
92 36 67
92 37 -2
92 38 58
92 39 46
92 40 -27
92 41 62
92 42 -49
92 44 -12
92 45 -59
92 47 -46
92 48 -100
92 49 -50
92 51 9
92 52 -31
92 53 66
92 54 20
92 55 86
92 57 14
92 58 -77
92 59 73
92 60 86
92 61 64
92 62 -78
92 63 -5
92 64 -4
92 65 -54
92 67 50
92 69 95
92 70 -37
92 71 45
92 72 -95
92 73 85
92 74 -21
92 75 -58
92 76 -8
92 77 -57
92 78 58
92 79 -65
92 80 71
92 81 49
92 82 9
92 83 49
92 84 35
92 85 -93
92 87 2
92 88 59
92 89 60
92 90 67
92 91 -15
92 94 -18
92 95 17
92 96 -84
92 98 -12
92 99 75
93 0 50
93 1 -37
93 2 100
93 3 -34
93 4 8
93 5 45
93 6 48
93 8 52
93 9 71
93 10 33
93 11 -10
93 12 -76
93 13 77
93 14 -27
93 15 35
93 16 80
93 18 52
93 19 -16
93 20 -97
93 21 20
93 22 -52
93 23 47
93 24 72
93 26 38
93 27 80
93 28 -91
93 29 -15
93 31 -89
93 32 -32
93 33 35
93 34 -6
93 36 65
93 37 98
93 38 87
93 39 -88
93 40 98
93 41 -33
93 43 -28
93 44 -12
93 45 -88
93 48 98
93 50 -98
93 51 86
93 52 -4
93 53 -67
93 54 -77
93 55 -10
93 56 54
93 57 15
93 58 83
93 59 -8
93 60 -15
93 61 5
93 62 -11
93 63 76
93 65 28
93 66 66
93 68 -70
93 69 -29
93 70 61
93 71 -22
93 72 -38
93 73 -52
93 74 14
93 75 53
93 76 5
93 77 -23
93 78 28
93 79 79
93 80 -85
93 81 -1
93 82 47
93 83 29
93 84 -84
93 85 -98
93 87 98
93 88 -57
93 89 55
93 90 -16
93 91 -35
93 92 99
93 93 99
93 94 -95
93 95 -26
93 96 -64
93 97 -61
93 98 -37
93 99 -16
94 0 -24
94 1 92
94 2 83
94 4 95
94 5 36
94 6 63
94 8 -94
94 9 -33
94 11 -21
94 12 -21
94 13 31
94 14 39
94 15 60
94 16 -81
94 17 99
94 18 -94
94 19 -8
94 20 -40
94 21 -41
94 22 15
94 23 -55
94 25 -77
94 26 -45
94 27 50
94 28 65
94 29 -34
94 30 -57
94 32 -34
94 33 28
94 34 21
94 35 -99
94 36 48
94 37 16
94 38 92
94 39 52
94 40 -33
94 41 69
94 42 -77
94 43 40
94 44 -88
94 45 84
94 46 -16
94 47 6
94 48 -17
94 49 81
94 51 -55
94 52 36
94 53 81
94 54 -22
94 56 -100
94 57 89
94 58 54
94 59 -97
94 60 68
94 61 1
94 62 -74
94 63 2
94 64 49
94 65 -61
94 66 -97
94 67 87
94 68 58
94 69 43
94 70 48
94 71 -7
94 72 28
94 73 60
94 74 16
94 75 -89
94 76 24
94 77 -85
94 78 -63
94 79 -78
94 80 28
94 82 93
94 83 -49
94 85 46
94 86 19
94 87 -33
94 88 49
94 89 18
94 90 84
94 91 -86
94 92 85
94 93 47
94 94 39
94 95 -65
94 98 -92
94 99 89
95 0 -36
95 1 87
95 3 -45
95 4 85
95 5 44
95 6 -78
95 9 -49
95 10 -69
95 11 80
95 13 66
95 14 -43
95 15 -94
95 16 -30
95 17 49
95 18 -43
95 19 2
95 20 79
95 21 -52
95 22 -65
95 23 80
95 25 -10
95 26 63
95 27 -27
95 28 -66
95 29 -49
95 30 82
95 31 -47
95 32 -54
95 33 -42
95 34 60
95 35 -55
95 36 58
95 37 -78
95 38 -8
95 39 73
95 40 5
95 41 -55
95 42 -2
95 43 -53
95 44 -88
95 46 76
95 48 97
95 49 -9
95 50 87
95 51 -14
95 52 14
95 54 -62
95 55 -42
95 56 -24
95 57 9
95 59 -33
95 60 1
95 61 39
95 62 77
95 64 92
95 66 35
95 67 -57
95 68 -7
95 69 26
95 70 -73
95 73 23
95 75 78
95 76 90
95 77 13
95 78 88
95 79 -59
95 80 -26
95 81 -71
95 82 -88
95 83 98
95 84 -15
95 85 40
95 86 24
95 87 8
95 89 19
95 90 -44
95 91 -48
95 92 23
95 94 -49
95 95 -31
95 97 95
95 98 -43
95 99 -17
96 0 14
96 1 -95
96 2 -38
96 3 -69
96 4 -86
96 5 -50
96 6 23
96 7 25
96 8 66
96 9 -66
96 10 -15
96 11 -83
96 12 46
96 13 -96
96 14 42
96 15 -34
96 16 -31
96 17 13
96 18 34
96 19 20
96 20 43
96 21 -42
96 22 -93
96 23 -47
96 24 -75
96 25 77
96 26 29
96 27 64
96 28 -57
96 30 81
96 31 72
96 33 -76
96 34 49
96 35 -4
96 36 -15
96 37 71
96 38 50
96 39 -27
96 40 73
96 41 30
96 42 -82
96 43 28
96 44 -100
96 45 -7
96 46 63
96 47 -65
96 48 50
96 49 -79
96 50 27
96 52 -50
96 54 -3
96 56 86
96 58 -93
96 59 -48
96 60 90
96 61 22
96 62 -55
96 63 47
96 65 -78
96 66 -28
96 67 5
96 68 10
96 69 16
96 71 -10
96 72 57
96 73 -60
96 74 98
96 75 -82
96 76 38
96 77 29
96 78 -77
96 80 -17
96 81 65
96 82 21
96 83 57
96 84 -57
96 85 11
96 86 5
96 88 48
96 89 72
96 90 -94
96 91 -80
96 92 66
96 93 95
96 94 37
96 95 17
96 96 -52
96 97 69
96 98 -74
96 99 -74
97 0 -8
97 1 -4
97 2 -19
97 3 -10
97 4 73
97 5 32
97 6 -100
97 7 17
97 8 -25
97 9 56
97 11 -83
97 12 11
97 13 68
97 14 -49
97 15 20
97 16 -96
97 17 -22
97 18 57
97 19 -86
97 20 -56
97 21 91
97 22 -64
97 23 -27
97 25 -95
97 26 1
97 27 -42
97 28 16
97 29 41
97 30 -90
97 31 50
97 33 10
97 34 -55
97 35 -58
97 37 43
97 38 -33
97 39 -92
97 40 -9
97 41 16
97 42 -18
97 43 38
97 44 49
97 45 -48
97 46 56
97 47 -64
97 48 74
97 49 -47
97 50 -40
97 52 56
97 54 4
97 55 -30
97 56 -4
97 57 -95
97 58 -26
97 59 -8
97 60 40
97 61 -48
97 62 37
97 63 -52
97 64 71
97 65 -100
97 66 -34
97 67 -8
97 68 21
97 70 41
97 71 15
97 72 56
97 73 62
97 74 -16
97 75 10
97 76 -9
97 77 29
97 79 33
97 80 25
97 81 -47
97 82 -87
97 83 4
97 84 -93
97 85 42
97 86 55
97 87 -15
97 88 45
97 89 -23
97 90 -62
97 91 -14
97 92 -85
97 93 -27
97 94 -87
97 95 34
97 97 77
97 98 87
97 99 79
98 0 -4
98 1 91
98 2 77
98 3 -79
98 4 -15
98 5 -13
98 6 78
98 7 28
98 8 -9
98 9 11
98 10 8
98 11 -12
98 13 -1
98 14 -36
98 15 -64
98 16 2
98 17 -31
98 18 38
98 19 -77
98 20 -64
98 21 -85
98 23 12
98 24 79
98 25 15
98 26 5
98 27 -38
98 28 -12
98 29 -21
98 30 64
98 32 -14
98 33 -37
98 34 92
98 35 92
98 36 -5
98 37 31
98 38 -28
98 39 81
98 40 -65
98 41 30
98 42 54
98 43 61
98 44 -47
98 45 -14
98 47 32
98 48 -10
98 49 86
98 50 -21
98 51 -45
98 52 18
98 53 32
98 54 68
98 55 63
98 57 -47
98 58 4
98 59 -54
98 60 -97
98 61 72
98 62 -3
98 63 -54
98 64 56
98 65 75
98 66 -27
98 67 31
98 68 -51
98 70 99
98 71 76
98 72 -4
98 73 73
98 74 11
98 75 42
98 76 28
98 77 23
98 78 77
98 79 -54
98 80 24
98 82 -2
98 85 -35
98 86 52
98 88 -60
98 91 -36
98 92 12
98 93 -12
98 94 50
98 96 -89
98 97 1
98 98 -12
98 99 24
99 1 6
99 2 -5
99 3 -31
99 5 -77
99 6 4
99 7 -98
99 8 93
99 9 -69
99 10 42
99 11 82
99 12 87
99 13 -49
99 14 -83
99 15 62
99 16 -95
99 17 61
99 19 96
99 20 18
99 21 -100
99 22 62
99 23 -31
99 24 7
99 25 55
99 26 49
99 27 10
99 29 -88
99 31 -53
99 32 -16
99 33 83
99 34 -57
99 35 49
99 36 -91
99 37 47
99 38 -83
99 41 88
99 42 11
99 44 -4
99 45 27
99 46 -61
99 47 -30
99 48 -54
99 49 -52
99 50 -98
99 51 -17
99 52 27
99 53 -61
99 54 -27
99 56 2
99 57 -98
99 58 58
99 59 90
99 60 -57
99 61 -66
99 62 75
99 63 -65
99 65 -19
99 66 -65
99 67 86
99 69 -44
99 70 -48
99 71 38
99 72 -73
99 73 69
99 74 -68
99 75 59
99 76 -23
99 77 24
99 78 53
99 79 58
99 80 90
99 81 -74
99 82 91
99 83 100
99 84 76
99 86 67
99 87 74
99 88 -76
99 90 57
99 91 45
99 92 43
99 93 -12
99 95 75
99 96 -37
99 97 82
99 98 93
99 99 42