0 1 51
0 2 -89
0 3 -14
0 4 74
0 6 49
0 7 19
0 8 54
0 9 68
0 11 72
0 14 54
0 18 5
0 21 -13
0 22 -56
0 24 -93
0 25 37
0 26 96
0 27 18
0 28 -60
0 29 -20
0 30 14
0 31 -85
0 34 -83
0 35 78
0 36 44
0 37 -37
0 38 -4
0 39 -39
0 40 -63
0 41 13
0 42 -97
0 43 -42
0 44 -39
0 45 -10
0 46 -89
0 47 -88
0 48 97
1 0 70
1 2 -12
1 3 -4
1 5 -7
1 6 -49
1 7 -8
1 8 10
1 10 -14
1 11 83
1 14 73
1 15 -95
1 16 -6
1 17 -76
1 18 66
1 19 79
1 22 -55
1 23 72
1 25 -22
1 26 35
1 27 -11
1 28 -96
1 29 8
1 33 50
1 34 -34
1 35 -99
1 36 45
1 37 99
1 38 45
1 39 -27
1 40 28
1 41 -73
1 42 -50
1 43 -19
1 44 -7
1 47 18
2 0 -46
2 1 -59
2 2 73
2 3 24
2 5 -35
2 6 -78
2 7 -65
2 8 45
2 9 78
2 10 -100
2 11 -54
2 12 75
2 13 -41
2 14 -23
2 15 -15
2 16 16
2 17 -34
2 18 50
2 19 29
2 20 1
2 21 42
2 22 2
2 24 98
2 25 -51
2 26 -32
2 27 19
2 29 91
2 30 52
2 31 -49
2 32 -95
2 33 13
2 34 -73
2 35 5
2 38 39
2 39 -59
2 40 76
2 41 60
2 42 70
2 43 39
2 44 -47
2 45 -88
2 46 6
2 47 18
2 48 93
2 49 90
3 0 25
3 2 6
3 5 82
3 7 -88
3 8 -84
3 9 -90
3 10 -2
3 11 -6
3 12 53
3 13 -81
3 14 54
3 17 39
3 19 -92
3 20 -53
3 21 60
3 22 92
3 24 36
3 25 15
3 26 -53
3 27 -74
3 28 -58
3 29 59
3 30 -86
3 31 84
3 32 -5
3 34 67
3 36 -86
3 37 -79
3 38 -38
3 39 -87
3 42 38
3 45 98
3 47 42
3 48 32
4 0 59
4 1 99
4 2 -41
4 3 68
4 4 -80
4 5 49
4 6 -40
4 8 43
4 10 -26
4 12 -54
4 13 -11
4 14 -98
4 16 50
4 17 -46
4 18 10
4 19 -54
4 20 -93
4 21 16
4 22 -61
4 24 -87
4 26 46
4 27 48
4 28 28
4 29 -28
4 30 -43
4 31 -47
4 33 -67
4 34 -86
4 36 67
4 37 97
4 38 -100
4 39 95
4 40 -29
4 41 69
4 42 -18
4 44 -19
4 45 -88
4 47 12
4 48 -57
4 49 89
5 0 -3
5 1 -28
5 2 49
5 3 -27
5 4 97
5 6 -90
5 8 79
5 9 -98
5 12 -37
5 14 89
5 15 -26
5 17 -89
5 18 -18
5 21 2
5 22 -70
5 24 -90
5 25 -69
5 27 -85
5 29 -11
5 31 -40
5 32 -38
5 33 -88
5 34 70
5 35 90
5 36 -94
5 37 55
5 38 -12
5 39 -2
5 40 -18
5 41 75
5 44 -69
5 45 -32
5 46 47
5 47 31
5 49 45
6 0 43
6 1 43
6 2 83
6 4 74
6 5 -60
6 6 -32
6 7 -57
6 8 -18
6 11 -40
6 12 25
6 13 -45
6 14 -78
6 15 -24
6 16 38
6 17 -64
6 18 61
6 21 -58
6 22 5
6 23 84
6 24 29
6 26 45
6 28 68
6 29 -38
6 31 49
6 32 65
6 35 23
6 36 41
6 37 82
6 38 -51
6 39 -26
6 42 -13
6 43 -25
6 44 36
6 45 25
6 46 33
6 47 -24
6 48 -52
6 49 5
7 0 -65
7 1 63
7 2 80
7 3 68
7 4 89
7 5 -24
7 6 41
7 7 -89
7 9 -30
7 10 -99
7 13 -41
7 15 84
7 16 42
7 19 -39
7 20 39
7 21 62
7 23 -27
7 24 71
7 25 -84
7 26 -36
7 30 48
7 31 66
7 32 21
7 33 -50
7 36 7
7 37 27
7 38 -55
7 39 -23
7 41 14
7 43 99
7 44 4
7 45 11
7 46 -25
7 47 -77
7 48 -82
7 49 70
8 0 10
8 1 54
8 2 87
8 3 99
8 4 95
8 5 67
8 6 20
8 7 69
8 8 -81
8 9 4
8 10 6
8 11 -25
8 12 -8
8 13 -69
8 16 -28
8 17 57
8 19 8
8 21 18
8 22 -91
8 23 77
8 24 5
8 25 -98
8 27 37
8 28 95
8 29 92
8 32 77
8 33 97
8 35 97
8 36 63
8 37 31
8 38 71
8 39 -96
8 41 79
8 42 85
8 43 8
8 45 98
8 47 49
8 48 -90
8 49 -57
9 0 -63
9 2 -24
9 3 -32
9 4 89
9 5 -72
9 6 -86
9 7 -68
9 8 66
9 9 -89
9 10 50
9 11 -34
9 13 -31
9 15 -81
9 17 17
9 18 -2
9 19 21
9 20 3
9 23 -53
9 24 40
9 25 50
9 26 -69
9 27 -1
9 28 12
9 29 -15
9 31 -76
9 32 61
9 33 57
9 35 89
9 36 -74
9 37 22
9 38 -88
9 39 1
9 40 -2
9 41 -3
9 44 100
9 46 19
9 47 -41
9 48 -7
9 49 -47
10 0 -26
10 1 -19
10 2 67
10 5 -94
10 6 7
10 7 -34
10 8 2
10 9 -45
10 10 80
10 11 54
10 14 74
10 15 -57
10 17 -59
10 19 -61
10 23 13
10 24 -20
10 25 98
10 28 79
10 31 16
10 32 4
10 33 -74
10 34 -67
10 36 72
10 38 -5
10 39 53
10 40 19
10 41 -15
10 42 -65
10 43 78
10 44 22
10 45 48
10 46 -18
10 47 -38
10 49 56
11 0 98
11 2 78
11 3 -21
11 5 94
11 7 -25
11 8 -52
11 9 -66
11 11 -32
11 12 43
11 13 -93
11 15 -96
11 16 -70
11 17 35
11 18 94
11 19 12
11 20 -21
11 21 -36
11 23 -84
11 25 -36
11 30 89
11 31 84
11 36 83
11 37 -33
11 38 -80
11 40 -4
11 41 93
11 42 65
11 44 75
11 45 -77
11 46 -4
11 47 -21
11 49 83
12 0 -21
12 1 -65
12 2 74
12 3 -16
12 4 -65
12 5 -9
12 6 -93
12 7 78
12 8 -20
12 9 25
12 11 -12
12 14 -31
12 15 60
12 16 61
12 17 38
12 19 -23
12 20 61
12 21 -92
12 22 -24
12 23 -56
12 24 69
12 25 8
12 26 44
12 27 33
12 28 -43
12 29 -63
12 30 44
12 33 -55
12 34 -72
12 35 -4
12 36 -78
12 38 -2
12 42 64
12 43 36
12 44 -54
12 45 20
12 46 -100
12 47 2
12 48 48
12 49 -44
13 0 -52
13 1 -83
13 4 84
13 6 -53
13 7 67
13 8 -95
13 11 59
13 12 15
13 13 -10
13 14 68
13 15 -8
13 16 -10
13 17 -35
13 18 73
13 21 53
13 24 -68
13 25 66
13 29 -13
13 31 88
13 34 -20
13 35 92
13 36 -81
13 37 -74
13 38 -97
13 39 -68
13 41 37
13 43 -35
13 45 40
13 46 23
13 48 -1
13 49 12
14 0 54
14 2 -45
14 4 9
14 5 -41
14 6 -47
14 7 10
14 8 95
14 10 4
14 11 62
14 12 11
14 13 -51
14 14 -12
14 15 31
14 16 -20
14 17 54
14 18 90
14 19 -64
14 21 -65
14 24 -43
14 25 -97
14 27 18
14 28 65
14 30 -37
14 31 -20
14 32 -7
14 33 -64
14 34 -27
14 36 -45
14 37 -54
14 39 21
14 40 -4
14 41 -43
14 43 -34
14 44 -6
14 45 -25
14 46 -18
14 47 86
14 48 -10
14 49 -38
15 1 80
15 2 -73
15 4 -62
15 6 -53
15 7 -18
15 8 56
15 10 99
15 11 -47
15 12 44
15 13 93
15 14 -32
15 15 94
15 16 -95
15 17 -12
15 18 -43
15 19 -62
15 22 -24
15 23 12
15 25 67
15 27 40
15 28 27
15 29 -99
15 30 92
15 31 91
15 32 51
15 33 -50
15 34 45
15 35 4
15 36 -7
15 39 29
15 40 23
15 41 85
15 43 -85
15 44 2
15 45 -54
15 46 -78
15 47 87
16 0 -65
16 1 87
16 3 -19
16 4 20
16 8 64
16 9 23
16 10 -56
16 14 84
16 15 37
16 16 53
16 17 80
16 19 -36
16 21 96
16 22 76
16 23 44
16 24 26
16 27 11
16 28 -55
16 29 -84
16 31 99
16 32 -17
16 35 27
16 36 40
16 37 -69
16 38 -31
16 39 13
16 40 60
16 41 98
16 43 3
16 44 24
16 46 -80
16 48 26
17 0 -83
17 1 -74
17 2 79
17 3 -27
17 6 -27
17 7 -38
17 8 -37
17 9 11
17 10 31
17 11 -86
17 12 -21
17 13 7
17 15 -28
17 17 56
17 18 -57
17 19 -76
17 22 13
17 23 -11
17 24 62
17 27 26
17 29 69
17 30 -78
17 31 -67
17 33 7
17 34 74
17 36 85
17 37 -90
17 39 -18
17 40 27
17 41 51
17 42 99
17 43 27
17 44 -80
17 45 -35
17 46 13
17 47 -1
17 48 -42
17 49 88
18 1 30
18 2 -70
18 3 -26
18 4 -64
18 6 -85
18 7 -26
18 8 100
18 9 -81
18 10 6
18 11 -79
18 13 10
18 14 -29
18 15 48
18 16 64
18 17 8
18 18 -82
18 19 36
18 20 46
18 21 95
18 26 -78
18 27 54
18 28 35
18 30 -80
18 31 46
18 34 -100
18 35 97
18 36 -32
18 38 59
18 40 73
18 41 7
18 42 42
18 43 -13
18 44 -20
18 45 21
18 46 -10
18 48 -23
19 0 91
19 1 -80
19 2 5
19 3 -51
19 4 53
19 5 -7
19 6 -82
19 8 -71
19 9 1
19 10 -47
19 11 -28
19 12 -22
19 15 -49
19 16 59
19 17 93
19 18 -53
19 19 -77
19 20 -79
19 21 69
19 22 10
19 23 71
19 24 -46
19 25 69
19 27 -46
19 29 -63
19 30 -13
19 31 -50
19 32 -60
19 33 3
19 34 -43
19 36 -79
19 39 46
19 40 -23
19 41 -92
19 42 -33
19 43 3
19 46 97
19 48 -80
19 49 27
20 1 26
20 2 -20
20 3 11
20 4 16
20 5 -58
20 6 54
20 7 37
20 8 59
20 13 -98
20 14 3
20 16 55
20 17 -24
20 18 -71
20 19 51
20 20 -18
20 21 54
20 22 86
20 23 -31
20 24 94
20 25 58
20 26 -28
20 27 -7
20 29 -59
20 31 97
20 34 -46
20 35 92
20 37 25
20 38 92
20 39 -29
20 41 91
20 42 78
20 43 -27
20 44 93
20 45 8
20 46 -90
20 47 -81
20 48 74
20 49 32
21 0 -27
21 1 -52
21 2 -7
21 3 -14
21 4 9
21 6 -87
21 8 24
21 9 -37
21 10 -97
21 13 22
21 14 -98
21 16 -18
21 17 -51
21 18 -10
21 20 73
21 23 -83
21 26 92
21 27 53
21 28 50
21 30 21
21 31 47
21 34 38
21 35 72
21 36 -98
21 39 37
21 40 59
21 44 -63
21 46 87
21 47 16
21 48 -59
22 0 42
22 1 -83
22 3 72
22 4 -66
22 5 -85
22 6 -12
22 7 32
22 10 57
22 11 92
22 12 27
22 13 96
22 14 40
22 15 -51
22 17 -99
22 19 98
22 20 -38
22 21 -16
22 22 -75
22 24 -41
22 25 -44
22 26 -5
22 29 47
22 30 71
22 31 75
22 33 -86
22 34 -49
22 35 -97
22 37 38
22 38 -52
22 39 -27
22 40 -87
22 41 -67
22 42 -48
22 43 41
22 44 95
22 46 86
22 47 -32
22 48 -54
22 49 86
23 0 -88
23 2 -74
23 3 21
23 4 -10
23 5 39
23 7 88
23 9 -1
23 10 8
23 11 -52
23 13 2
23 15 -16
23 16 54
23 17 -29
23 18 82
23 19 -26
23 21 6
23 22 -22
23 23 -50
23 25 96
23 26 61
23 28 58
23 29 62
23 30 -40
23 31 -56
23 32 100
23 33 95
23 34 76
23 36 -19
23 37 -4
23 38 -85
23 39 20
23 40 -78
23 41 85
23 42 37
23 45 31
23 46 -84
23 47 -9
23 48 76
24 0 24
24 1 -70
24 2 4
24 3 -36
24 4 45
24 5 69
24 6 84
24 7 -16
24 8 20
24 9 64
24 10 86
24 12 -64
24 13 32
24 14 -92
24 15 -77
24 16 -82
24 17 5
24 19 -94
24 20 57
24 24 -19
24 25 76
24 26 96
24 27 -59
24 28 -9
24 29 -49
24 31 88
24 32 12
24 33 67
24 34 4
24 38 35
24 39 -38
24 40 10
24 41 16
24 43 51
24 45 52
24 47 -81
24 48 96
24 49 -85
25 1 -44
25 2 -6
25 3 25
25 4 92
25 5 -95
25 6 23
25 8 -94
25 10 69
25 12 -95
25 13 69
25 15 -26
25 17 -10
25 18 4
25 19 -48
25 20 -4
25 21 40
25 23 58
25 24 -86
25 25 -52
25 27 -32
25 28 -87
25 29 -22
25 30 26
25 32 -99
25 33 29
25 34 1
25 35 17
25 36 30
25 37 -6
25 40 99
25 41 -10
25 43 4
25 46 -31
25 47 60
25 48 55
25 49 -99
26 0 31
26 1 -90
26 2 -60
26 4 89
26 5 92
26 9 9
26 11 -66
26 13 55
26 14 -93
26 15 -19
26 17 99
26 18 -14
26 19 -97
26 20 26
26 21 31
26 22 -1
26 23 -42
26 25 20
26 27 91
26 28 -81
26 29 40
26 30 -59
26 31 98
26 32 -30
26 33 69
26 34 -8
26 36 -94
26 38 -31
26 39 85
26 40 91
26 41 -54
26 42 -67
26 43 -80
26 45 48
26 48 30
27 2 -13
27 3 73
27 5 -97
27 6 -20
27 7 -26
27 8 63
27 13 -19
27 15 -41
27 17 -16
27 18 35
27 19 8
27 20 -36
27 21 49
27 24 34
27 26 -80
27 28 -41
27 29 -32
27 32 -84
27 33 -93
27 36 -41
27 37 50
27 38 -29
27 39 99
27 40 52
27 42 30
27 46 25
27 47 20
27 49 25
28 0 37
28 1 27
28 2 -76
28 4 11
28 5 -63
28 6 -65
28 8 -58
28 9 -9
28 10 22
28 11 -75
28 12 -32
28 13 86
28 15 27
28 17 89
28 18 95
28 20 12
28 21 54
28 24 -75
28 26 57
28 27 -91
28 28 -93
28 30 -67
28 32 93
28 33 -44
28 34 -91
28 36 -13
28 37 72
28 38 100
28 39 -100
28 40 -68
28 41 69
28 44 35
28 45 55
28 47 47
28 48 -22
28 49 -47
29 0 82
29 1 50
29 2 -46
29 3 37
29 4 82
29 5 -35
29 6 -67
29 9 -6
29 12 -42
29 13 8
29 14 53
29 15 -57
29 16 -97
29 17 43
29 21 -99
29 22 -22
29 28 11
29 33 -56
29 34 -22
29 36 -39
29 37 -89
29 38 28
29 39 7
29 41 49
29 42 33
29 44 95
29 45 55
29 46 -8
29 47 -59
29 48 -67
30 1 -100
30 3 -74
30 5 -32
30 6 -60
30 7 -56
30 8 87
30 9 83
30 11 -31
30 12 61
30 13 6
30 14 63
30 15 12
30 16 -75
30 18 -70
30 19 87
30 20 49
30 21 -63
30 22 66
30 23 63
30 24 78
30 26 -84
30 27 75
30 28 28
30 30 88
30 32 -50
30 33 39
30 34 74
30 35 -92
30 36 83
30 37 99
30 38 67
30 39 -61
30 40 -17
30 42 -53
30 45 -27
30 46 56
30 47 89
30 49 -68
31 0 22
31 1 63
31 3 -48
31 4 -2
31 5 14
31 6 36
31 7 4
31 8 -82
31 10 -3
31 11 -23
31 12 45
31 14 -66
31 16 61
31 17 13
31 18 26
31 19 -2
31 20 -86
31 21 51
31 22 -25
31 23 -86
31 24 -74
31 25 -20
31 32 21
31 33 -2
31 34 8
31 35 95
31 36 100
31 37 -35
31 40 -3
31 41 -23
31 42 -16
31 43 93
31 45 -15
31 46 -6
31 47 57
31 48 91
31 49 64
32 0 -19
32 2 16
32 3 24
32 4 34
32 6 -77
32 7 -83
32 9 -41
32 10 25
32 11 -36
32 15 53
32 16 -29
32 17 -99
32 18 54
32 19 -99
32 21 89
32 22 -35
32 23 -69
32 24 57
32 27 27
32 28 -57
32 29 15
32 30 -96
32 31 26
32 32 -77
32 33 3
32 34 -17
32 35 -76
32 38 97
32 40 35
32 41 -78
32 42 -55
32 43 -66
32 44 -28
32 45 27
32 46 97
32 47 -94
32 48 2
33 0 -69
33 1 22
33 2 -84
33 4 77
33 6 -49
33 8 -25
33 9 -49
33 10 98
33 11 -72
33 14 43
33 15 83
33 16 27
33 17 -92
33 18 88
33 20 -97
33 21 25
33 22 24
33 24 -47
33 26 -92
33 28 -100
33 29 90
33 31 -20
33 32 -89
33 34 -90
33 35 -19
33 37 -52
33 38 -74
33 39 -92
33 42 65
33 43 85
33 44 -36
33 45 -61
33 46 -72
33 48 80
33 49 7
34 0 -11
34 1 -46
34 2 -13
34 3 36
34 4 31
34 5 62
34 6 25
34 7 38
34 8 -30
34 9 33
34 14 -75
34 16 -77
34 17 82
34 21 66
34 22 50
34 23 41
34 25 -39
34 26 82
34 27 -31
34 29 82
34 30 -24
34 31 89
34 33 -68
34 34 97
34 35 -60
34 36 83
34 37 12
34 38 -98
34 42 8
34 43 57
34 44 -64
34 46 -53
34 47 35
34 49 -96
35 1 50
35 2 12
35 3 -8
35 4 17
35 5 -27
35 7 74
35 8 -31
35 10 -62
35 14 11
35 15 -57
35 16 -10
35 17 75
35 18 32
35 19 70
35 20 31
35 21 -64
35 22 34
35 24 30
35 25 -100
35 26 -50
35 28 97
35 30 42
35 32 20
35 33 -82
35 34 -38
35 37 39
35 39 51
35 46 24
35 47 60
35 48 4
36 0 90
36 1 64
36 2 34
36 3 13
36 4 35
36 5 41
36 7 -37
36 9 11
36 10 -33
36 14 -32
36 15 63
36 16 44
36 17 -83
36 18 4
36 19 100
36 20 97
36 22 86
36 25 -29
36 27 100
36 28 88
36 30 -87
36 31 55
36 33 -64
36 37 -65
36 38 -65
36 39 -100
36 40 -75
36 41 54
36 42 -78
36 43 100
36 44 91
36 45 -74
36 46 99
36 47 18
36 48 78
36 49 -24
37 0 -41
37 1 -71
37 2 -12
37 3 9
37 4 90
37 5 53
37 6 -32
37 8 17
37 9 95
37 10 7
37 11 -96
37 12 6
37 13 -80
37 14 -12
37 15 96
37 17 -10
37 18 21
37 19 -30
37 20 89
37 21 -19
37 23 66
37 26 16
37 30 -85
37 31 -73
37 34 11
37 35 86
37 36 -77
37 37 -14
37 39 19
37 40 14
37 41 18
37 42 -3
37 43 100
37 44 93
37 45 -15
37 46 2
37 47 71
37 48 -26
37 49 12
38 0 -26
38 1 56
38 2 -81
38 3 -33
38 6 52
38 7 -95
38 8 28
38 10 100
38 11 -83
38 12 -100
38 13 92
38 14 2
38 15 -95
38 17 35
38 19 47
38 20 70
38 21 27
38 25 -91
38 27 98
38 28 6
38 29 -57
38 30 -34
38 31 -69
38 32 77
38 36 -24
38 39 96
38 40 -49
38 41 -28
38 43 20
38 45 -42
38 46 77
38 48 -41
38 49 -40
39 0 -4
39 1 53
39 2 -80
39 3 3
39 5 -59
39 6 -25
39 7 99
39 8 -23
39 10 69
39 11 -52
39 12 90
39 13 19
39 15 78
39 16 -75
39 20 32
39 21 79
39 22 -91
39 23 54
39 24 48
39 26 -14
39 27 51
39 29 -70
39 32 -31
39 34 59
39 36 62
39 37 13
39 38 46
39 39 32
39 40 -38
39 42 31
39 43 78
39 44 98
39 45 -57
39 46 -65
39 47 5
39 49 50
40 0 -85
40 1 -52
40 2 -14
40 3 -4
40 4 -27
40 6 -74
40 7 1
40 8 -78
40 9 58
40 10 12
40 11 67
40 13 76
40 16 51
40 18 89
40 19 75
40 20 27
40 21 -2
40 22 8
40 23 66
40 24 37
40 25 5
40 26 -38
40 28 -24
40 30 53
40 31 -94
40 32 31
40 33 46
40 34 70
40 36 96
40 40 7
40 44 55
40 45 89
40 46 95
40 47 98
40 48 70
40 49 -63
41 0 5
41 1 5
41 2 34
41 3 31
41 4 40
41 5 -86
41 7 65
41 9 -89
41 10 100
41 12 88
41 13 -64
41 15 28
41 16 -55
41 17 -37
41 20 94
41 21 69
41 22 88
41 24 11
41 25 95
41 26 -21
41 27 -21
41 28 42
41 29 95
41 31 16
41 32 -10
41 33 -14
41 34 -51
41 35 -47
41 36 11
41 38 82
41 40 36
41 41 -82
41 42 -98
41 43 -60
41 44 89
41 45 -62
41 46 -66
41 47 45
41 48 -88
42 0 65
42 1 -99
42 3 -58
42 4 94
42 6 -43
42 7 46
42 8 55
42 10 84
42 11 -28
42 12 -92
42 13 17
42 14 -8
42 15 33
42 16 -62
42 17 -26
42 18 100
42 20 63
42 21 -46
42 22 29
42 23 14
42 24 15
42 25 -52
42 26 93
42 27 -65
42 28 -40
42 29 46
42 30 -20
42 31 -39
42 33 38
42 35 66
42 36 99
42 37 71
42 38 90
42 39 80
42 43 -68
42 44 -96
42 45 -1
42 46 -44
42 47 60
42 48 -36
42 49 -68
43 4 -90
43 6 86
43 8 60
43 10 -43
43 13 -97
43 14 -67
43 15 48
43 17 -35
43 18 9
43 19 -66
43 20 89
43 22 35
43 25 90
43 26 -60
43 28 -84
43 29 4
43 33 -41
43 34 85
43 35 -92
43 36 -85
43 37 -51
43 39 -73
43 40 -95
43 46 53
43 47 -23
43 48 -14
43 49 66
44 0 -25
44 1 71
44 3 52
44 4 47
44 5 70
44 6 -34
44 7 38
44 8 32
44 9 -93
44 10 84
44 12 -10
44 14 -6
44 15 -48
44 16 -66
44 17 38
44 18 -44
44 19 10
44 20 82
44 21 65
44 22 -46
44 23 -84
44 24 -73
44 26 -66
44 27 24
44 29 -70
44 30 69
44 31 90
44 32 94
44 33 41
44 34 -69
44 35 87
44 37 46
44 39 -35
44 42 -2
44 43 84
44 45 38
44 46 40
44 47 -96
44 48 21
44 49 93
45 0 42
45 2 -22
45 3 -36
45 4 -9
45 6 21
45 7 82
45 8 57
45 9 80
45 10 13
45 11 56
45 12 -45
45 13 -6
45 14 10
45 15 -95
45 17 16
45 18 -9
45 22 -67
45 23 71
45 24 -75
45 25 49
45 26 73
45 27 21
45 28 96
45 32 48
45 34 62
45 35 -55
45 37 -93
45 39 -14
45 40 -92
45 41 95
45 43 -33
45 44 -59
45 45 97
45 47 24
45 48 -90
45 49 10
46 0 63
46 1 -9
46 3 -62
46 4 88
46 5 46
46 6 37
46 7 52
46 8 -35
46 9 36
46 10 20
46 12 -36
46 13 -96
46 14 -73
46 15 -86
46 16 16
46 17 53
46 18 -31
46 19 -54
46 20 -57
46 24 -20
46 27 -60
46 28 18
46 29 -55
46 30 98
46 32 95
46 33 11
46 35 -37
46 36 -22
46 37 49
46 38 13
46 40 -43
46 43 -14
46 45 39
46 47 31
46 48 -72
46 49 -75
47 0 76
47 1 -16
47 3 41
47 4 -70
47 6 2
47 7 69
47 9 97
47 12 -57
47 15 -85
47 16 -98
47 17 60
47 18 -36
47 19 -78
47 20 -17
47 21 -37
47 24 43
47 25 -78
47 27 80
47 29 -62
47 32 32
47 34 56
47 35 34
47 36 84
47 37 -26
47 39 -46
47 41 -16
47 43 -70
47 44 -6
47 46 -77
47 47 -33
47 49 45
48 0 -36
48 1 89
48 3 -3
48 4 14
48 5 34
48 7 -8
48 9 -66
48 10 38
48 11 13
48 12 17
48 14 -18
48 15 -8
48 16 -61
48 17 50
48 19 45
48 20 -68
48 21 2
48 22 -77
48 23 -68
48 24 -4
48 25 -91
48 26 95
48 27 57
48 29 -17
48 30 -36
48 31 89
48 32 -1
48 33 -46
48 34 -4
48 35 -89
48 36 46
48 39 52
48 40 56
48 43 -2
48 45 51
48 46 60
48 47 -14
48 48 17
48 49 55
49 1 -22
49 2 1
49 3 -80
49 4 -13
49 7 48
49 8 54
49 9 23
49 11 76
49 12 49
49 14 80
49 15 -90
49 16 -30
49 18 -87
49 19 60
49 20 39
49 21 6
49 22 -8
49 23 58
49 24 -26
49 25 94
49 26 -57
49 27 60
49 28 9
49 29 -33
49 31 96
49 33 80
49 34 85
49 35 -20
49 36 -23
49 39 -81
49 40 44
49 42 -15
49 43 -24
49 44 85
49 45 82
49 46 -49
49 48 -96