0 0 26
0 1 -60
0 3 86
0 9 -86
0 10 -2
0 12 -31
0 17 73
0 18 45
0 21 58
0 23 25
0 25 -37
0 26 19
0 32 60
0 33 -35
0 39 70
0 40 16
0 43 39
0 47 69
1 3 -74
1 4 93
1 8 -22
1 13 -30
1 19 -52
1 24 6
1 27 -87
1 30 -64
1 31 -70
1 32 -40
1 33 -67
1 34 -19
1 35 60
1 36 49
1 40 -56
1 41 1
1 42 -40
1 44 -97
1 45 17
1 47 -44
1 48 65
1 49 79
2 0 21
2 1 94
2 4 3
2 5 -26
2 6 87
2 8 35
2 10 -66
2 13 -8
2 14 8
2 17 37
2 22 -47
2 23 -44
2 24 -63
2 26 -5
2 28 58
2 30 59
2 33 36
2 34 83
2 39 12
2 41 -47
2 42 -83
2 44 -30
2 46 42
2 49 8
3 0 10
3 1 -6
3 2 -79
3 4 -38
3 7 53
3 9 14
3 11 -77
3 17 -70
3 18 5
3 20 -8
3 23 100
3 25 54
3 27 62
3 28 -77
3 31 52
3 33 50
3 37 -50
3 39 -52
3 40 -37
3 44 -10
3 47 3
3 49 -7
4 5 -35
4 6 6
4 12 59
4 13 -65
4 15 6
4 16 -55
4 17 -86
4 20 31
4 21 46
4 24 8
4 29 23
4 31 31
4 32 25
4 37 47
4 43 7
4 47 -57
4 48 68
5 1 -47
5 6 69
5 8 -24
5 13 7
5 17 51
5 21 -47
5 23 -21
5 26 60
5 27 70
5 29 20
5 30 -19
5 33 74
5 35 -23
5 37 -86
5 39 14
5 40 71
5 45 -92
5 46 99
6 0 3
6 3 -9
6 4 -63
6 5 -44
6 14 -65
6 15 -1
6 16 -67
6 22 -96
6 23 53
6 24 -8
6 26 -38
6 31 -20
6 32 -55
6 33 56
6 38 100
6 45 -93
6 48 -91
6 49 -1
7 1 -21
7 3 76
7 5 -11
7 7 -33
7 8 30
7 9 40
7 10 -8
7 12 -11
7 15 -23
7 16 75
7 17 -15
7 18 -14
7 20 -38
7 21 -92
7 23 13
7 26 78
7 27 68
7 28 37
7 33 59
7 35 19
7 36 -63
7 40 12
7 41 -28
7 43 1
7 44 60
7 45 64
7 46 -29
7 47 6
8 0 48
8 5 77
8 7 30
8 10 68
8 17 -50
8 18 -98
8 19 18
8 21 -41
8 22 -52
8 23 3
8 26 91
8 28 -96
8 29 -79
8 31 -2
8 34 -16
8 35 -88
8 37 25
8 38 -52
8 40 88
8 41 -94
8 43 -46
8 46 54
9 5 -60
9 6 -10
9 11 -22
9 17 50
9 18 -35
9 21 -14
9 22 -90
9 24 5
9 30 4
9 36 -57
9 38 -31
9 42 85
9 48 -37
9 49 -41
10 0 52
10 1 91
10 4 -100
10 6 18
10 9 45
10 10 -84
10 11 -26
10 12 -82
10 13 -29
10 15 25
10 16 -6
10 17 66
10 18 64
10 20 57
10 23 -89
10 27 -43
10 29 -65
10 30 8
10 33 -16
10 35 -90
10 37 96
10 39 17
10 42 -63
10 44 -64
10 47 59
11 1 -63
11 5 -50
11 6 30
11 11 -14
11 14 -14
11 15 23
11 16 17
11 18 -42
11 19 92
11 21 84
11 24 -88
11 25 22
11 27 -47
11 29 60
11 30 43
11 31 91
11 35 88
11 37 43
11 39 68
11 41 -15
11 47 99
11 49 33
12 1 14
12 5 -63
12 9 -95
12 10 -95
12 12 -64
12 15 -69
12 17 -19
12 18 78
12 25 -62
12 28 83
12 29 32
12 30 -6
12 35 -69
12 37 -42
12 40 93
12 44 97
13 2 46
13 4 51
13 10 -96
13 11 70
13 12 88
13 14 -60
13 15 57
13 16 -56
13 18 9
13 19 71
13 21 -52
13 22 23
13 25 96
13 26 -56
13 27 95
13 29 40
13 34 22
13 39 86
13 41 -58
13 45 30
13 46 93
13 49 23
14 0 34
14 1 -3
14 3 -69
14 5 -70
14 7 52
14 9 88
14 11 -27
14 19 -55
14 20 -37
14 22 -45
14 26 23
14 28 26
14 29 76
14 33 55
14 35 -43
14 37 8
14 39 85
14 44 -54
14 48 -10
15 3 28
15 5 -6
15 6 -50
15 7 -73
15 8 -30
15 9 70
15 10 -61
15 16 -57
15 17 67
15 18 23
15 19 25
15 22 -63
15 26 -57
15 28 -20
15 35 94
15 36 66
15 38 71
15 40 8
15 42 15
15 44 -39
15 45 94
15 47 -95
15 49 2
16 0 48
16 1 -10
16 2 15
16 3 -95
16 6 89
16 7 -74
16 8 47
16 11 31
16 12 -58
16 14 -84
16 17 -42
16 19 38
16 21 -38
16 22 92
16 26 34
16 27 9
16 28 -22
16 30 -37
16 31 56
16 33 5
16 34 -40
16 35 42
16 40 21
16 41 26
16 42 5
16 43 -20
16 45 4
16 46 42
16 47 41
16 48 21
17 0 -5
17 1 -75
17 3 -24
17 6 -52
17 7 76
17 8 -81
17 9 29
17 11 -25
17 12 -19
17 14 72
17 17 -25
17 18 65
17 19 63
17 20 -90
17 23 57
17 24 -77
17 25 -17
17 26 -88
17 29 54
17 30 78
17 35 8
17 38 -66
17 39 83
17 40 -13
17 41 80
17 43 96
17 44 38
17 47 -95
18 0 81
18 3 27
18 4 -6
18 7 25
18 8 12
18 9 -93
18 13 -78
18 15 -60
18 18 -12
18 19 -5
18 20 78
18 22 21
18 23 82
18 25 50
18 26 70
18 27 39
18 30 40
18 31 93
18 35 58
18 38 74
18 39 88
18 40 97
18 41 65
18 42 62
18 44 57
18 45 -43
18 46 -52
18 47 -82
18 49 -21
19 0 25
19 2 -47
19 3 21
19 4 -19
19 5 46
19 6 26
19 8 7
19 9 -88
19 13 -100
19 17 20
19 18 -60
19 19 -8
19 22 -60
19 24 -56
19 25 64
19 26 -88
19 27 90
19 29 -23
19 30 -15
19 32 79
19 35 -46
19 38 -97
19 39 -7
19 40 -29
19 41 64
19 42 33
19 48 58
20 2 19
20 5 -16
20 7 15
20 8 -57
20 10 24
20 14 -90
20 16 96
20 18 90
20 22 79
20 24 11
20 26 -47
20 28 62
20 29 89
20 31 -93
20 33 -27
20 37 44
20 40 -24
20 43 -33
20 44 -38
20 45 19
20 47 8
20 48 37
21 3 -37
21 5 -32
21 6 -46
21 9 -41
21 10 -73
21 11 -77
21 15 -51
21 18 -89
21 20 61
21 21 -96
21 22 -46
21 26 75
21 28 -72
21 30 58
21 31 -59
21 33 27
21 34 69
21 38 -67
21 45 -64
21 46 47
21 47 -96
21 48 96
21 49 -89
22 1 -71
22 4 63
22 5 19
22 6 -20
22 10 -50
22 12 -58
22 13 59
22 14 -41
22 15 89
22 16 -24
22 17 65
22 20 3
22 23 -38
22 27 63
22 30 -43
22 33 -85
22 38 49
22 40 51
22 42 3
22 46 19
22 48 90
22 49 22
23 0 -65
23 3 93
23 4 81
23 6 -27
23 7 -96
23 9 97
23 10 80
23 16 4
23 18 -2
23 20 -65
23 24 78
23 26 -17
23 29 69
23 31 -9
23 32 -55
23 36 77
23 39 -20
23 41 -41
23 43 23
23 46 -67
23 47 -83
24 6 -26
24 8 -94
24 13 86
24 14 81
24 15 -4
24 16 43
24 23 -95
24 26 71
24 27 -31
24 28 -74
24 31 -56
24 32 33
24 36 -38
24 37 -10
24 39 -51
24 42 -44
24 45 97
25 0 1
25 5 26
25 7 24
25 11 54
25 12 -6
25 14 -39
25 20 -55
25 22 -15
25 25 19
25 26 8
25 28 -61
25 29 -5
25 37 -4
25 38 -43
25 39 -60
25 42 37
25 44 -18
25 49 -72
26 6 -66
26 10 -2
26 13 76
26 15 17
26 17 -65
26 19 18
26 21 37
26 22 8
26 24 -70
26 26 21
26 27 -73
26 28 62
26 31 -88
26 33 26
26 36 24
26 39 33
26 40 66
26 41 -34
26 44 -83
26 45 -25
26 49 20
27 0 76
27 1 -99
27 2 66
27 4 87
27 9 -17
27 11 -76
27 13 -92
27 14 54
27 16 -15
27 20 93
27 21 12
27 22 28
27 23 77
27 26 44
27 27 -76
27 28 65
27 32 49
27 36 -61
27 37 -42
27 41 -5
27 43 -98
27 47 -93
27 48 63
28 2 -37
28 9 63
28 10 -39
28 11 -72
28 12 36
28 13 -13
28 15 11
28 16 -34
28 18 6
28 23 71
28 24 -62
28 25 7
28 26 -74
28 27 85
28 28 -95
28 36 81
28 38 66
28 42 -16
28 43 -13
28 45 -22
28 46 -38
28 47 86
28 48 71
29 0 -30
29 3 -15
29 10 -69
29 11 65
29 12 26
29 16 -43
29 24 100
29 26 -91
29 27 -92
29 28 62
29 30 20
29 32 81
29 34 -31
29 36 83
29 37 91
29 38 66
29 41 -37
29 43 -91
29 44 -53
29 45 -73
29 48 2
30 1 -35
30 4 50
30 7 79
30 8 26
30 9 -95
30 10 -36
30 13 -36
30 19 -67
30 22 -51
30 24 -80
30 25 -58
30 26 -13
30 27 17
30 28 -13
30 29 92
30 32 42
30 35 -37
30 41 8
30 42 16
30 48 -26
30 49 -62
31 0 -28
31 1 53
31 2 20
31 4 -71
31 5 -89
31 13 42
31 14 -45
31 15 -21
31 16 67
31 18 97
31 22 -2
31 29 66
31 30 4
31 34 -24
31 35 82
31 39 25
31 42 59
31 43 41
31 48 23
31 49 12
32 2 -14
32 3 71
32 8 -88
32 9 -41
32 10 -51
32 13 49
32 14 -58
32 22 -12
32 29 -56
32 30 -1
32 36 -62
32 43 -37
32 45 59
32 46 -58
32 47 99
32 49 -76
33 0 -59
33 1 -89
33 2 -33
33 6 91
33 7 -23
33 9 -23
33 11 -43
33 14 -44
33 16 9
33 17 -46
33 22 43
33 24 6
33 25 -32
33 28 75
33 30 58
33 34 -5
33 36 89
33 37 -19
33 38 -72
33 40 88
33 41 89
33 43 43
33 47 -44
34 1 2
34 5 -17
34 6 -3
34 10 -98
34 11 -6
34 13 61
34 17 -40
34 18 6
34 19 78
34 22 40
34 23 85
34 33 -45
34 37 -65
34 38 -43
34 40 -54
34 43 -71
34 48 98
34 49 -74
35 1 -14
35 2 45
35 3 21
35 4 57
35 7 82
35 8 -11
35 9 -61
35 10 -49
35 11 100
35 12 -12
35 18 -59
35 19 74
35 20 -51
35 21 -59
35 24 -7
35 25 -99
35 29 62
35 30 -89
35 31 -44
35 39 -64
35 43 28
35 44 -2
35 45 -8
35 46 89
35 47 -24
35 49 74
36 0 18
36 1 86
36 2 -99
36 8 -74
36 9 5
36 15 91
36 17 -82
36 23 -13
36 27 63
36 30 -15
36 33 -5
36 34 8
36 36 90
36 39 -95
36 41 -16
36 44 91
36 47 41
37 0 -31
37 3 41
37 4 73
37 5 -6
37 6 -74
37 7 -74
37 9 -32
37 13 48
37 15 94
37 16 87
37 17 97
37 18 3
37 19 -2
37 20 53
37 22 5
37 24 11
37 25 96
37 28 -9
37 30 -34
37 31 37
37 33 1
37 36 -94
37 37 39
37 39 43
37 40 41
37 41 19
37 42 71
37 43 -75
37 45 -88
37 46 -84
37 49 6
38 0 72
38 2 76
38 3 -55
38 6 -51
38 7 -48
38 8 -41
38 10 -31
38 11 36
38 12 18
38 14 79
38 20 56
38 23 -78
38 24 36
38 36 -54
38 37 -67
38 42 11
38 43 74
39 5 92
39 6 3
39 7 -27
39 9 -11
39 10 -11
39 15 59
39 17 53
39 18 48
39 22 -17
39 23 -32
39 25 80
39 28 60
39 34 -22
39 35 -23
39 36 -16
39 37 -59
39 38 -71
39 39 -44
39 40 -28
39 41 61
39 46 25
39 47 92
39 48 -22
39 49 50
40 0 69
40 2 98
40 3 55
40 5 -34
40 6 -48
40 14 31
40 15 -58
40 20 56
40 23 28
40 27 -62
40 28 -68
40 30 -90
40 33 15
40 35 96
40 36 -95
40 38 58
40 39 94
40 40 66
40 41 14
40 46 -30
40 48 -90
41 1 54
41 2 -22
41 3 11
41 5 -71
41 6 4
41 8 88
41 9 -99
41 10 -17
41 12 96
41 15 -77
41 16 25
41 17 29
41 18 90
41 20 -67
41 21 59
41 23 -22
41 27 -60
41 30 6
41 32 96
41 33 -82
41 35 -7
41 36 -38
41 41 -69
41 45 46
41 48 -58
41 49 46
42 4 -38
42 5 -23
42 6 4
42 8 -97
42 15 69
42 17 29
42 19 50
42 20 -72
42 21 63
42 23 -28
42 24 -26
42 27 -56
42 28 -18
42 29 9
42 34 50
42 36 76
42 41 -85
42 42 12
42 44 86
42 46 -59
42 48 80
42 49 81
43 0 27
43 1 -6
43 3 -88
43 5 77
43 7 -50
43 10 -58
43 11 -43
43 12 -17
43 16 68
43 18 31
43 19 -69
43 20 -67
43 21 56
43 23 77
43 26 6
43 28 -50
43 31 -49
43 33 -91
43 34 -42
43 36 27
43 39 -35
43 46 -81
44 3 -19
44 5 -66
44 6 11
44 11 90
44 12 -39
44 13 -46
44 15 45
44 17 -54
44 20 -68
44 21 -89
44 23 -1
44 24 46
44 26 -39
44 27 -93
44 28 23
44 30 -36
44 31 -50
44 32 92
44 34 40
44 35 49
44 37 -46
44 38 -75
44 41 -83
44 43 -31
44 45 69
44 48 49
45 1 55
45 2 4
45 4 -42
45 5 -28
45 7 36
45 8 -79
45 9 -32
45 11 -77
45 17 -54
45 18 -31
45 21 -13
45 23 38
45 24 -79
45 25 45
45 28 11
45 30 7
45 34 -82
45 38 42
45 41 -7
46 3 5
46 6 -76
46 11 26
46 13 45
46 15 -71
46 16 84
46 19 55
46 22 14
46 24 -14
46 25 16
46 30 34
46 31 -69
46 32 91
46 33 95
46 34 72
46 35 71
46 36 66
46 40 4
46 41 17
46 45 -35
46 47 96
46 49 -99
47 0 -32
47 1 -70
47 4 39
47 5 -92
47 6 -93
47 7 96
47 12 78
47 13 42
47 15 40
47 17 93
47 18 20
47 19 -9
47 20 23
47 21 -17
47 22 -20
47 23 -14
47 25 -47
47 28 -8
47 33 -95
47 36 12
47 38 19
47 39 64
47 40 -96
47 42 98
47 43 -34
47 44 11
47 47 40
48 2 -48
48 3 59
48 5 38
48 8 42
48 9 64
48 10 -44
48 11 88
48 15 81
48 16 -28
48 18 -25
48 20 -19
48 21 -82
48 22 71
48 24 50
48 26 44
48 27 -77
48 28 98
48 29 -28
48 30 -15
48 32 49
48 35 37
48 36 33
48 37 17
48 39 -9
48 43 -90
48 44 -17
48 47 53
49 3 60
49 4 30
49 6 -25
49 7 -100
49 8 75
49 11 6
49 14 30
49 16 -35
49 21 -55
49 25 -19
49 29 4
49 31 88
49 33 -80
49 35 -47
49 37 -61
49 39 95
49 41 61
49 42 -33
49 47 64
49 48 -15