0 0 66
0 1 -81
0 2 -90
0 3 64
0 5 92
0 7 22
0 9 -67
1 0 -91
1 2 14
1 3 80
1 4 -43
1 6 -55
1 7 -20
2 0 -80
2 1 -19
2 3 -50
2 4 80
2 5 -40
2 6 -80
2 7 29
2 9 -9
3 0 -78
3 1 -59
3 2 15
3 3 -43
3 5 44
3 6 81
3 7 57
3 8 -48
3 9 54
4 0 -34
4 3 32
4 4 -5
4 5 -81
4 6 -22
4 7 90
4 8 13
4 9 23
5 0 50
5 2 -88
5 5 -65
5 6 62
5 9 -59
6 0 84
6 1 95
6 2 -14
6 3 69
6 6 -94
6 7 -65
6 8 31
7 0 51
7 2 77
7 3 12
7 4 45
7 5 64
7 6 1
7 7 55
8 2 14
8 5 -73
8 6 27
8 7 -46
8 8 -39
9 1 -71
9 4 -80
9 5 40
9 6 31
9 7 -24
9 8 -58
9 9 95