0 0 69
0 1 -65
0 3 83
0 11 19
0 19 71
0 24 31
0 26 -41
0 28 -18
0 31 86
0 32 84
0 33 31
0 36 -15
0 42 10
0 44 8
0 46 -42
0 48 44
0 49 -50
1 2 29
1 4 8
1 5 -93
1 7 92
1 10 -51
1 12 -23
1 15 60
1 17 25
1 19 -51
1 21 -62
1 28 80
1 29 68
1 30 30
1 32 76
1 34 50
1 36 -13
1 37 -33
1 38 14
1 39 -41
1 44 -97
1 45 33
2 0 22
2 2 -59
2 6 -44
2 9 -55
2 11 82
2 21 -35
2 22 27
2 24 -35
2 25 -61
2 26 1
2 28 87
2 29 -76
2 30 -67
2 31 -99
2 32 -15
2 39 -23
2 46 46
3 5 -71
3 6 45
3 11 13
3 16 49
3 18 23
3 23 53
3 27 -34
3 39 80
3 43 -44
3 49 -35
4 3 -75
4 16 -62
4 20 -40
4 22 -93
4 23 -14
4 24 -49
4 28 -16
4 29 100
4 35 29
4 36 100
4 41 91
4 46 -26
5 2 47
5 3 53
5 5 -46
5 6 90
5 11 59
5 12 83
5 14 -54
5 22 90
5 23 -38
5 30 -70
5 35 -30
5 40 -89
5 44 74
6 5 26
6 13 -3
6 15 10
6 17 66
6 21 -88
6 23 75
6 24 -40
6 25 25
6 28 73
6 32 -24
6 43 6
6 46 75
6 48 -34
6 49 -51
7 0 16
7 5 5
7 6 71
7 8 38
7 10 -43
7 11 65
7 12 91
7 14 84
7 15 78
7 18 -78
7 20 83
7 23 45
7 25 -77
7 27 68
7 28 -83
7 29 -49
7 30 44
7 31 -11
7 34 10
7 36 -62
7 37 36
7 38 -93
7 41 35
7 45 22
7 47 -57
7 48 64
8 2 -2
8 3 -16
8 8 -76
8 25 -5
8 27 68
8 32 46
8 39 4
8 45 -72
8 48 26
9 0 -9
9 2 -58
9 3 16
9 4 -18
9 6 58
9 7 29
9 14 -54
9 15 -46
9 16 58
9 22 95
9 25 -33
9 27 -49
9 28 28
9 29 30
9 32 -81
9 35 69
9 39 42
9 46 38
10 0 2
10 4 84
10 9 56
10 10 -47
10 13 46
10 20 72
10 23 -54
10 29 57
10 31 -11
10 32 81
10 33 4
10 36 -5
10 37 -1
10 38 -20
10 40 89
10 44 -46
10 47 89
10 48 -52
11 0 -37
11 4 13
11 9 68
11 14 82
11 15 -30
11 16 14
11 17 -2
11 20 5
11 31 31
11 35 55
11 36 -20
11 37 -1
11 38 24
11 41 -95
11 44 -94
11 48 -8
12 2 22
12 6 13
12 7 -22
12 11 83
12 14 -18
12 17 -73
12 23 32
12 25 -46
12 32 95
12 35 66
12 39 42
12 43 23
12 44 -26
12 45 2
12 46 -63
13 0 44
13 2 8
13 4 77
13 8 4
13 9 -71
13 12 -46
13 14 -63
13 16 67
13 18 77
13 21 -24
13 23 17
13 25 -76
13 27 -8
13 28 -33
13 31 86
13 33 -73
13 34 41
13 36 15
13 40 36
13 47 54
14 5 -68
14 6 -32
14 7 -95
14 10 -33
14 13 94
14 14 75
14 17 92
14 22 -5
14 25 41
14 29 -1
14 30 90
14 32 51
14 45 10
14 48 62
15 0 -58
15 4 -68
15 10 33
15 11 35
15 16 39
15 22 -61
15 23 -50
15 30 -76
15 38 -72
15 39 31
15 40 -62
15 41 15
15 42 41
16 3 -62
16 7 -56
16 9 40
16 10 76
16 12 58
16 15 22
16 16 -58
16 20 73
16 21 -14
16 27 -6
16 28 -3
16 30 69
16 31 82
16 32 67
16 35 38
16 38 -99
16 43 16
16 45 -61
16 47 -65
16 48 -6
17 0 -96
17 1 96
17 2 -18
17 8 -24
17 9 46
17 14 17
17 15 -95
17 16 18
17 25 53
17 29 13
17 30 -34
17 34 69
17 42 77
17 45 42
17 48 89
18 0 -33
18 2 -92
18 6 -69
18 7 -28
18 13 78
18 19 -92
18 20 45
18 22 25
18 27 62
18 32 97
18 36 43
18 46 12
18 47 -41
18 48 45
19 4 62
19 9 -90
19 10 38
19 14 -5
19 18 70
19 21 -82
19 22 -39
19 29 -96
19 31 -57
19 41 -94
19 42 19
19 48 30
20 2 -52
20 4 -80
20 8 -87
20 9 -61
20 15 -99
20 18 31
20 19 -61
20 23 -93
20 24 1
20 25 93
20 27 75
20 30 -78
20 36 79
20 41 -51
21 2 -22
21 5 43
21 6 43
21 8 24
21 9 -79
21 13 28
21 15 -78
21 16 78
21 17 -94
21 20 48
21 25 -89
21 37 28
21 40 -96
21 44 -66
22 4 6
22 9 -37
22 11 31
22 13 78
22 14 -43
22 23 -1
22 27 41
22 34 38
22 35 75
22 36 2
22 40 -13
22 44 -24
22 49 22
23 0 -70
23 1 -37
23 5 -35
23 10 -43
23 11 -38
23 16 -95
23 29 10
23 33 30
23 36 28
23 37 -24
23 39 47
23 42 75
23 43 -50
23 46 -11
23 47 37
24 0 -100
24 1 -3
24 5 -81
24 6 -13
24 10 2
24 13 -54
24 15 59
24 18 17
24 25 2
24 26 -47
24 29 31
24 30 30
24 31 80
24 32 99
24 33 24
24 36 -39
24 38 -50
24 39 62
24 42 55
24 45 12
24 48 92
25 2 36
25 7 -24
25 8 -67
25 11 -97
25 13 15
25 14 -6
25 17 62
25 18 -12
25 21 53
25 24 51
25 35 35
25 36 -63
25 38 -43
25 39 -63
25 40 -92
25 44 -40
25 49 41
26 0 -66
26 2 15
26 14 20
26 15 60
26 21 -51
26 26 -10
26 30 76
26 31 94
26 45 -81
26 46 -77
27 0 59
27 1 47
27 2 10
27 17 -2
27 19 -32
27 20 -50
27 24 -94
27 29 92
27 30 -61
27 32 88
27 37 19
28 0 89
28 8 -16
28 12 67
28 17 -61
28 18 -38
28 20 -74
28 23 -78
28 24 24
28 26 -78
28 28 38
28 34 -7
28 35 98
28 42 37
28 44 23
28 47 -77
29 4 25
29 6 -68
29 16 55
29 21 48
29 22 -8
29 23 33
29 25 66
29 27 63
29 30 9
29 32 -100
29 33 32
29 36 82
29 40 -73
29 41 1
29 43 -76
30 1 -7
30 4 -8
30 14 -67
30 17 -42
30 20 5
30 22 -76
30 23 22
30 25 30
30 27 42
30 28 -73
30 40 4
30 46 -70
30 48 -88
31 0 13
31 4 -51
31 5 -95
31 10 19
31 12 -62
31 18 7
31 21 -36
31 22 -18
31 23 30
31 25 -31
31 26 40
31 28 -89
31 29 -96
31 33 58
31 34 -40
31 35 -71
31 36 -10
31 45 6
31 49 75
32 2 56
32 5 73
32 9 17
32 16 59
32 17 -32
32 22 25
32 24 -18
32 25 -85
32 26 97
32 30 -66
32 32 -56
32 33 -87
32 40 84
32 45 -42
32 46 -25
32 47 1
33 1 82
33 4 -47
33 7 35
33 10 26
33 11 -100
33 13 -87
33 14 -2
33 18 -30
33 21 -1
33 28 -63
33 29 -7
33 30 4
33 34 93
33 35 53
33 46 61
33 48 -22
34 0 -32
34 1 -54
34 14 -24
34 15 90
34 16 -2
34 18 8
34 22 -95
34 25 -13
34 26 94
34 29 -60
34 33 -77
34 35 -43
34 36 93
34 37 -16
34 46 34
35 6 -7
35 8 76
35 12 31
35 19 51
35 23 74
35 28 -25
35 33 57
35 34 78
35 40 43
35 49 33
36 4 -52
36 10 -47
36 11 96
36 14 25
36 18 97
36 21 -17
36 22 30
36 25 -72
36 29 3
36 30 40
36 33 2
36 40 26
36 44 94
36 46 23
36 48 -6
37 0 -16
37 4 -15
37 6 -74
37 11 -33
37 17 -41
37 19 -3
37 20 -43
37 25 24
37 29 -35
37 30 6
37 31 -97
37 32 -97
37 35 -68
37 42 -54
37 46 -38
37 48 47
38 2 -94
38 4 -95
38 5 -64
38 7 44
38 11 -20
38 16 12
38 17 -21
38 20 8
38 23 -98
38 29 -48
38 40 17
39 2 44
39 4 100
39 10 -32
39 12 -90
39 13 35
39 14 -47
39 15 -95
39 16 -96
39 21 -89
39 24 -89
39 27 62
39 28 -72
39 37 40
39 47 97
40 1 -69
40 3 79
40 10 -34
40 13 -25
40 15 86
40 16 24
40 18 10
40 22 -1
40 28 53
40 30 36
40 40 4
40 42 81
40 44 80
40 46 38
40 47 -81
40 49 -35
41 5 46
41 7 -60
41 8 -17
41 10 5
41 11 -87
41 12 93
41 13 -10
41 19 45
41 23 91
41 25 -70
41 27 -62
41 28 -62
41 29 -75
41 30 23
41 32 82
41 34 -81
41 35 -79
41 38 93
41 39 13
41 40 5
41 41 -75
41 42 -86
41 46 -11
41 48 -67
42 5 -36
42 7 97
42 9 -22
42 10 73
42 13 -24
42 18 19
42 22 -63
42 29 45
42 31 54
42 32 -41
42 36 11
42 39 49
42 40 44
42 42 -50
42 43 57
42 46 -71
42 48 -58
43 5 55
43 6 39
43 9 -26
43 14 40
43 16 65
43 17 -36
43 22 -70
43 24 -87
43 27 9
43 31 10
43 37 40
43 42 17
44 5 -96
44 11 -5
44 12 81
44 15 73
44 16 -63
44 17 4
44 20 29
44 21 -64
44 22 -30
44 24 -83
44 25 94
44 26 93
44 31 -38
44 32 -53
44 35 92
44 39 15
44 40 86
44 42 15
44 43 -53
44 45 -40
44 48 56
45 2 -98
45 3 6
45 13 70
45 16 -83
45 17 92
45 18 -64
45 19 -32
45 22 -41
45 24 10
45 26 -60
45 28 98
45 37 90
45 38 -77
45 40 -3
45 47 67
45 49 -28
46 1 56
46 2 -77
46 4 -60
46 6 -90
46 10 -57
46 11 52
46 15 -62
46 19 -54
46 21 -14
46 25 -51
46 26 -85
46 30 -13
46 35 -14
46 37 23
46 38 56
46 43 -28
46 44 -84
46 49 -77
47 2 -41
47 12 -29
47 14 -20
47 17 -92
47 18 86
47 19 -63
47 28 17
47 32 50
47 33 -4
47 36 -97
47 38 -75
47 39 92
47 41 -15
47 45 21
47 46 17
47 48 -92
48 0 99
48 4 -69
48 6 -67
48 9 87
48 10 -99
48 17 37
48 20 20
48 21 -40
48 24 51
48 27 10
48 28 -17
48 31 29
48 36 -100
48 37 -67
48 38 -8
48 43 47
48 44 -40
48 46 -43
49 1 18
49 2 -59
49 3 4
49 4 -48
49 11 -67
49 14 -62
49 21 26
49 22 44
49 23 -76
49 31 -39
49 38 65
49 43 -56
49 49 -65