0 0 -25
0 1 30
0 4 -90
0 8 35
0 9 -82
0 13 -75
0 15 71
0 17 -56
0 21 22
0 22 16
0 24 -6
0 25 37
0 26 -80
0 27 79
0 29 -73
0 31 -62
0 34 -37
0 35 93
0 41 90
0 42 -78
0 43 -89
0 44 22
0 47 22
0 48 -88
1 0 96
1 1 -91
1 2 -56
1 3 28
1 8 -12
1 9 -49
1 12 -76
1 13 96
1 15 15
1 17 36
1 19 91
1 21 99
1 29 55
1 32 16
1 33 27
1 34 -23
1 35 -99
1 42 60
1 43 -85
1 44 -66
1 45 -31
2 1 -78
2 3 -65
2 4 -63
2 5 -100
2 11 -80
2 12 82
2 13 66
2 14 7
2 15 68
2 18 85
2 20 28
2 22 97
2 26 -20
2 29 81
2 31 91
2 33 -96
2 35 91
2 36 -25
2 37 1
2 42 -34
2 43 -56
2 49 -11
3 0 -76
3 4 -3
3 6 -30
3 7 49
3 9 -73
3 11 12
3 19 42
3 21 40
3 22 86
3 24 -41
3 30 -30
3 32 36
3 33 34
3 36 -45
3 37 4
3 39 4
3 41 27
3 42 -97
3 43 -36
3 44 -17
3 45 19
3 46 90
3 48 81
3 49 -16
4 1 -44
4 3 -27
4 5 49
4 11 -10
4 12 99
4 14 -59
4 17 -42
4 19 -93
4 20 -28
4 21 20
4 25 -96
4 26 -4
4 27 -94
4 29 -11
4 31 -14
4 37 53
4 38 -30
4 42 18
4 43 -69
4 45 -94
4 46 -88
4 47 -96
4 48 -89
4 49 5
5 0 -15
5 3 -42
5 6 64
5 8 -59
5 15 10
5 17 -95
5 18 -68
5 20 99
5 21 31
5 22 -11
5 23 7
5 25 87
5 26 49
5 27 83
5 28 -10
5 29 -79
5 31 19
5 36 29
5 38 -45
5 39 -15
5 40 -71
5 41 38
5 48 78
6 0 84
6 1 -86
6 2 93
6 5 92
6 6 -16
6 7 -100
6 11 -37
6 12 34
6 14 18
6 22 -14
6 25 -38
6 28 18
6 31 -77
6 32 54
6 33 -3
6 36 26
6 44 -14
6 45 -36
6 47 13
6 49 38
7 0 -25
7 1 94
7 2 59
7 4 59
7 6 -94
7 10 -78
7 11 -5
7 15 28
7 19 19
7 20 8
7 25 25
7 28 82
7 30 68
7 32 -78
7 34 85
7 35 -24
7 36 85
7 45 78
7 46 -20
7 47 42
7 49 63
8 0 68
8 1 -34
8 3 -70
8 4 -56
8 6 -32
8 9 -66
8 10 24
8 13 69
8 14 -97
8 16 -47
8 18 66
8 20 7
8 22 -91
8 24 -91
8 25 13
8 26 27
8 31 -19
8 32 1
8 33 33
8 39 99
8 44 34
8 46 94
8 49 1
9 2 92
9 4 -32
9 5 -91
9 6 92
9 14 -45
9 15 78
9 20 -30
9 27 -34
9 28 81
9 31 98
9 34 64
9 38 -85
9 39 -80
9 43 -61
9 44 -31
9 48 -36
9 49 70
10 1 49
10 2 39
10 3 95
10 4 -5
10 5 30
10 7 -4
10 8 -16
10 9 93
10 12 41
10 18 76
10 26 82
10 30 -5
10 36 98
10 39 78
10 43 -30
10 44 -2
10 46 -2
10 48 23
11 2 -20
11 3 67
11 6 -96
11 8 -35
11 12 -67
11 16 1
11 19 1
11 20 -84
11 21 -42
11 24 33
11 26 -88
11 30 -41
11 31 70
11 32 -22
11 33 27
11 34 -64
11 35 -63
11 37 38
11 41 21
11 43 -28
11 45 30
11 46 -40
11 47 -85
11 49 50
12 0 -85
12 5 -93
12 6 -76
12 7 33
12 9 -55
12 13 65
12 26 -77
12 28 -94
12 29 -90
12 31 -16
12 34 -99
12 36 -68
12 39 -62
12 40 90
12 43 73
12 44 7
12 46 8
13 1 90
13 2 -26
13 3 10
13 5 -48
13 6 22
13 7 -36
13 11 1
13 12 13
13 13 -88
13 16 49
13 17 98
13 19 57
13 20 2
13 22 -44
13 28 -56
13 31 -46
13 34 62
13 35 -26
13 39 -37
13 40 84
13 42 41
13 46 4
13 48 -91
14 0 75
14 1 -36
14 3 -56
14 5 42
14 6 -31
14 7 15
14 9 -81
14 10 -13
14 15 60
14 16 -29
14 20 14
14 24 -8
14 25 -97
14 36 19
14 39 -21
14 43 -99
14 44 -82
14 46 -3
15 2 -72
15 3 43
15 4 64
15 8 -59
15 10 -9
15 19 3
15 20 -23
15 22 -7
15 24 -57
15 25 73
15 26 76
15 28 -25
15 29 36
15 32 -18
15 38 -15
15 39 95
15 42 -73
15 49 -53
16 2 -30
16 12 -97
16 17 -83
16 18 79
16 24 65
16 25 -76
16 30 3
16 34 52
16 36 -75
16 38 -63
16 39 10
16 40 6
16 43 8
16 44 -64
16 45 16
16 46 5
16 48 43
16 49 -77
17 0 -92
17 1 -100
17 4 -2
17 7 -98
17 9 97
17 11 52
17 16 2
17 17 -48
17 20 78
17 22 -87
17 23 38
17 25 -41
17 26 -96
17 37 90
17 39 86
17 41 -59
17 43 -63
17 44 -9
17 45 52
17 47 60
17 49 88
18 2 3
18 3 -46
18 8 39
18 9 73
18 10 -97
18 11 -66
18 13 5
18 16 -80
18 17 -77
18 21 -22
18 22 -74
18 24 -21
18 26 31
18 30 7
18 31 2
18 38 38
18 43 12
18 46 -91
18 48 78
19 3 -13
19 9 77
19 12 -71
19 13 42
19 14 55
19 18 43
19 20 -81
19 28 62
19 29 30
19 32 -65
19 34 50
19 35 22
19 38 76
19 39 -99
19 41 -55
19 45 68
19 46 14
19 48 -34
20 1 -90
20 5 -100
20 6 69
20 7 6
20 9 63
20 12 -78
20 15 -70
20 16 -58
20 20 37
20 21 -56
20 22 -29
20 23 74
20 26 46
20 32 -60
20 33 -15
20 34 -63
20 36 -66
20 37 -92
20 39 -57
20 40 -91
20 44 -71
20 46 -14
20 47 11
21 1 -93
21 2 -28
21 3 -47
21 4 -90
21 5 -2
21 9 -50
21 13 -21
21 17 -79
21 18 26
21 21 -15
21 23 2
21 27 -98
21 35 90
21 42 -3
21 43 -12
21 44 10
21 45 25
21 46 13
21 48 16
21 49 7
22 0 -18
22 1 -81
22 2 -66
22 4 18
22 5 36
22 7 14
22 8 57
22 9 43
22 10 25
22 12 53
22 13 51
22 14 -69
22 18 -52
22 25 -98
22 28 5
22 31 -89
22 36 45
22 37 -34
22 38 6
22 39 -41
22 42 68
22 43 35
22 44 22
22 45 35
22 47 -59
23 0 -64
23 1 50
23 3 -93
23 5 -44
23 7 -37
23 10 -70
23 11 -62
23 12 -78
23 15 5
23 16 51
23 17 -65
23 24 -68
23 25 -51
23 27 4
23 31 48
23 32 64
23 39 54
23 41 52
23 44 15
23 48 6
23 49 -72
24 2 31
24 3 -57
24 4 -65
24 7 -95
24 8 -8
24 11 43
24 12 90
24 13 46
24 18 40
24 19 -13
24 20 51
24 23 86
24 31 -79
24 37 -10
24 40 -45
24 44 -47
24 45 -58
24 46 44
24 47 -8
24 48 39
24 49 -44
25 0 -50
25 1 68
25 3 30
25 4 -42
25 5 6
25 8 -83
25 9 -100
25 11 15
25 15 -15
25 16 -77
25 20 -99
25 23 -75
25 30 -14
25 33 -7
25 34 -96
25 35 35
25 37 25
25 41 -49
25 46 61
25 47 39
25 48 65
26 0 -64
26 1 91
26 2 99
26 3 -6
26 6 36
26 7 -86
26 12 33
26 14 30
26 15 -25
26 16 -41
26 17 27
26 18 -96
26 19 27
26 26 49
26 34 -4
26 35 100
26 37 -16
26 39 54
26 40 -89
26 43 -47
26 44 68
27 0 61
27 1 -38
27 2 -95
27 9 -38
27 10 51
27 18 -81
27 24 10
27 25 68
27 26 -3
27 31 -45
27 32 45
27 33 72
27 35 89
27 37 61
27 39 -72
27 40 -24
27 41 -44
28 0 -78
28 4 21
28 6 20
28 7 -74
28 11 -31
28 12 -23
28 18 76
28 19 23
28 21 65
28 25 80
28 26 -12
28 27 37
28 30 -36
28 37 92
28 38 -35
28 42 65
28 43 -69
29 3 -5
29 4 -38
29 6 -12
29 12 83
29 15 -58
29 18 47
29 24 -33
29 26 85
29 27 -99
29 36 -63
29 37 74
29 39 -4
29 42 -44
29 44 25
30 1 73
30 4 -7
30 5 14
30 6 17
30 7 8
30 11 17
30 14 -48
30 15 82
30 19 92
30 21 -88
30 23 27
30 25 64
30 28 -18
30 30 46
30 31 -19
30 32 51
30 40 94
30 41 -30
30 42 -80
30 45 -7
30 46 15
30 48 79
31 1 84
31 2 -36
31 7 -10
31 13 -34
31 15 -9
31 17 -29
31 18 -59
31 20 3
31 30 -88
31 31 -89
31 34 -28
31 37 -11
31 39 -24
31 40 28
31 41 -31
31 42 -27
31 44 13
31 45 -16
32 4 -2
32 6 68
32 10 1
32 11 11
32 12 97
32 15 5
32 18 -9
32 19 33
32 24 -70
32 25 -30
32 32 -38
32 33 -81
32 37 6
32 39 18
32 40 62
32 42 78
32 45 -95
32 47 20
32 48 49
32 49 85
33 0 13
33 2 68
33 3 1
33 9 58
33 11 -43
33 13 40
33 15 -88
33 16 -9
33 19 -63
33 20 -29
33 22 -44
33 23 3
33 27 -71
33 29 -16
33 31 -10
33 33 40
33 35 29
33 36 -24
33 37 -38
33 39 85
33 43 25
33 47 -45
33 48 5
33 49 10
34 1 35
34 4 70
34 5 85
34 6 37
34 13 22
34 15 -13
34 18 76
34 20 -13
34 23 6
34 24 -83
34 25 56
34 26 8
34 27 32
34 29 -95
34 30 70
34 31 26
34 32 79
34 33 64
34 36 -22
34 41 -38
34 43 19
34 44 38
34 45 31
34 49 -76
35 0 29
35 1 72
35 2 51
35 4 -46
35 11 21
35 14 -88
35 15 -41
35 21 43
35 22 -24
35 23 -15
35 24 -5
35 25 8
35 30 -47
35 31 -51
35 32 -96
35 34 -59
35 41 47
35 43 67
35 47 -11
35 48 -86
36 2 -78
36 5 34
36 10 -14
36 12 48
36 14 17
36 15 -97
36 16 9
36 18 -89
36 19 46
36 22 -32
36 24 95
36 28 21
36 33 -35
36 34 -3
36 35 -71
36 36 72
36 37 -47
36 42 -65
36 44 -2
36 46 -80
36 48 53
37 0 -19
37 1 -39
37 3 50
37 7 -7
37 8 -26
37 9 8
37 13 -12
37 16 -13
37 17 76
37 19 -44
37 23 18
37 29 -6
37 31 72
37 33 -49
37 34 59
37 35 -18
37 37 59
37 39 -69
37 40 -47
37 42 -29
37 45 -78
37 46 -74
38 0 95
38 3 51
38 4 38
38 5 -51
38 6 36
38 8 1
38 11 -26
38 13 43
38 16 80
38 17 89
38 22 -91
38 25 -62
38 27 -30
38 34 69
38 37 8
38 41 -11
38 45 -20
38 49 8
39 3 36
39 6 -73
39 9 -3
39 10 67
39 14 -20
39 16 41
39 18 -94
39 22 59
39 24 56
39 26 -25
39 28 93
39 30 -6
39 32 -29
39 34 -48
39 37 18
39 39 46
39 40 87
39 46 -88
39 48 -45
40 0 78
40 1 86
40 3 90
40 4 -96
40 9 -38
40 10 75
40 12 15
40 14 25
40 15 81
40 18 14
40 19 100
40 20 5
40 21 -84
40 24 -93
40 28 -58
40 29 -55
40 30 62
40 38 -15
40 39 -68
40 40 12
40 41 75
40 44 -88
41 0 17
41 5 65
41 7 89
41 10 -48
41 11 43
41 12 -27
41 14 72
41 15 -18
41 16 14
41 18 9
41 19 3
41 21 57
41 22 97
41 25 -34
41 26 59
41 28 -70
41 32 96
41 33 -20
41 36 96
41 41 -70
41 47 -44
41 48 -28
42 1 -76
42 3 -60
42 7 -45
42 9 4
42 10 -88
42 13 88
42 14 -17
42 16 49
42 18 -70
42 25 -11
42 26 -49
42 28 -23
42 32 25
42 34 84
42 35 42
42 38 -86
42 40 -56
42 42 -63
42 43 -37
42 45 -11
42 46 -30
43 0 -81
43 2 -1
43 5 -86
43 6 -13
43 7 -73
43 10 -99
43 11 -27
43 12 4
43 18 -14
43 21 81
43 23 -47
43 24 12
43 28 -62
43 33 -52
43 34 100
43 42 14
43 45 -61
43 47 7
44 0 13
44 1 -45
44 2 36
44 9 -4
44 10 -27
44 11 60
44 12 29
44 18 72
44 19 -98
44 21 44
44 22 -72
44 27 98
44 29 -100
44 30 -82
44 33 -19
44 34 89
44 35 39
44 36 -74
44 40 55
44 41 -3
44 42 12
44 45 85
44 47 25
44 49 16
45 0 28
45 1 -53
45 4 4
45 5 -69
45 7 -57
45 8 30
45 10 73
45 16 -40
45 19 -48
45 20 5
45 21 52
45 22 43
45 29 -86
45 31 -9
45 34 -94
45 36 55
45 37 88
45 38 47
45 39 56
45 41 -29
45 42 67
45 43 -64
45 44 -72
45 47 92
46 0 92
46 5 48
46 6 -28
46 7 -15
46 9 14
46 15 64
46 17 -14
46 19 73
46 21 -31
46 22 54
46 23 -50
46 24 54
46 26 -50
46 28 66
46 31 -66
46 38 13
46 42 -74
46 43 -64
47 0 -25
47 1 91
47 2 -73
47 7 -12
47 8 -12
47 9 -12
47 11 97
47 16 -93
47 17 -80
47 19 -82
47 20 70
47 21 42
47 22 23
47 23 -31
47 24 85
47 31 85
47 37 15
47 39 9
47 40 -51
47 45 65
47 47 91
48 8 33
48 11 14
48 12 67
48 13 -82
48 14 -93
48 15 70
48 16 22
48 17 -92
48 18 -72
48 22 -30
48 24 16
48 26 44
48 28 36
48 29 85
48 34 -3
48 35 65
48 38 24
48 39 6
48 40 -27
48 41 52
48 49 67
49 0 31
49 3 -92
49 17 -43
49 19 99
49 21 79
49 24 80
49 30 50
49 31 54
49 32 11
49 35 71
49 39 -6
49 40 -39
49 42 1