0 0 -27
0 1 87
0 2 -91
0 5 -100
0 6 -8
0 7 -45
0 8 -88
0 10 46
0 11 -10
0 15 -74
0 16 -52
0 17 -77
0 18 28
0 20 83
0 21 -17
0 22 -8
0 26 76
0 27 -4
0 28 -39
0 30 -53
0 31 -66
0 32 54
0 33 47
0 34 -2
0 35 -47
0 37 -65
0 39 -91
0 43 66
0 44 -29
0 46 14
0 47 -91
0 48 61
0 49 -90
1 0 -37
1 1 16
1 2 -1
1 3 71
1 4 -86
1 6 -76
1 7 61
1 8 34
1 11 98
1 13 -50
1 14 76
1 16 80
1 17 -15
1 20 -37
1 23 2
1 27 -65
1 28 -7
1 29 -71
1 32 72
1 34 -31
1 35 93
1 36 6
1 39 -27
1 43 56
1 44 -87
1 46 87
1 47 42
2 1 -39
2 2 34
2 3 2
2 5 79
2 7 -3
2 8 38
2 9 8
2 10 -51
2 11 18
2 13 -28
2 15 100
2 18 -63
2 20 100
2 21 -74
2 22 -25
2 25 14
2 26 -34
2 27 53
2 28 -20
2 29 -5
2 31 10
2 32 -93
2 33 -40
2 35 46
2 37 -76
2 38 43
2 39 -15
2 41 -92
2 43 -6
2 44 20
2 46 12
2 47 -15
2 48 79
2 49 11
3 0 4
3 1 -11
3 2 37
3 3 56
3 4 -56
3 5 65
3 6 6
3 7 -9
3 8 -21
3 9 -91
3 10 -44
3 11 55
3 13 99
3 14 10
3 15 -72
3 17 -51
3 20 -27
3 21 95
3 22 -28
3 24 -9
3 26 -2
3 27 -97
3 29 -41
3 30 -87
3 33 36
3 35 -42
3 37 -76
3 39 25
3 40 32
3 42 19
3 44 -19
3 46 -12
3 47 26
3 48 58
3 49 20
4 2 23
4 3 35
4 4 98
4 6 -67
4 7 -81
4 9 66
4 10 61
4 13 -87
4 14 -74
4 15 -31
4 17 86
4 18 -56
4 22 -99
4 23 88
4 24 85
4 26 -78
4 28 -99
4 30 -32
4 32 20
4 33 36
4 34 -55
4 35 71
4 36 -21
4 38 74
4 39 36
4 40 -26
4 41 -19
4 43 -35
4 44 -57
4 45 -88
4 47 -87
4 48 36
4 49 99
5 0 3
5 1 -41
5 2 15
5 3 98
5 4 14
5 5 60
5 6 47
5 9 12
5 11 -74
5 12 -94
5 13 74
5 14 -54
5 15 -80
5 16 -22
5 17 -25
5 20 -60
5 21 -51
5 24 -92
5 25 -35
5 26 50
5 27 71
5 28 25
5 29 81
5 32 63
5 34 -35
5 35 46
5 36 -29
5 39 50
5 41 -33
5 42 80
5 43 1
5 44 -3
5 45 -10
5 48 70
6 0 -77
6 2 -74
6 3 27
6 8 -52
6 11 -41
6 12 -9
6 13 84
6 15 85
6 16 -67
6 18 -67
6 19 -41
6 20 -67
6 21 -78
6 23 -33
6 24 -69
6 25 -90
6 26 -71
6 27 79
6 29 56
6 32 81
6 33 6
6 34 80
6 35 -63
6 37 -78
6 39 -88
6 41 57
6 43 99
6 46 20
6 48 69
6 49 -36
7 2 4
7 3 69
7 5 -28
7 7 -41
7 8 -40
7 10 60
7 11 39
7 12 44
7 13 12
7 14 -22
7 16 -72
7 18 -65
7 19 32
7 20 -55
7 22 41
7 23 31
7 26 -98
7 27 -45
7 28 -30
7 30 3
7 31 11
7 32 16
7 33 17
7 34 62
7 37 -21
7 39 -48
7 40 74
7 41 96
7 46 99
7 47 -85
8 1 -6
8 2 53
8 4 65
8 5 78
8 6 -51
8 7 -99
8 9 27
8 11 -14
8 12 -66
8 13 -52
8 15 38
8 16 -25
8 17 -45
8 18 30
8 19 -59
8 20 -21
8 22 93
8 25 -91
8 26 39
8 27 79
8 29 62
8 30 93
8 31 -71
8 32 60
8 33 95
8 34 67
8 35 -28
8 36 50
8 38 87
8 39 -85
8 40 49
8 41 6
8 42 -20
8 43 3
8 44 -4
8 45 79
8 48 -52
8 49 59
9 0 7
9 1 49
9 2 75
9 3 -75
9 4 -27
9 5 28
9 6 60
9 7 -15
9 10 -96
9 11 -45
9 13 83
9 14 69
9 18 5
9 20 -76
9 21 28
9 22 18
9 23 76
9 24 29
9 26 64
9 27 7
9 28 2
9 30 -41
9 31 -15
9 33 12
9 34 -55
9 35 58
9 36 12
9 37 -68
9 38 17
9 39 4
9 40 84
9 41 -10
9 42 79
9 44 87
9 46 31
9 47 77
9 48 83
9 49 -62
10 1 -18
10 3 71
10 4 -20
10 5 -7
10 6 59
10 10 -13
10 12 -69
10 13 33
10 14 -7
10 17 -36
10 19 -8
10 21 -75
10 22 92
10 24 -3
10 26 67
10 28 32
10 29 13
10 30 7
10 31 -87
10 34 95
10 36 -81
10 37 -77
10 38 -27
10 39 52
10 40 52
10 41 -10
10 42 80
10 44 -7
10 45 77
10 46 21
11 0 57
11 2 58
11 3 -12
11 4 -69
11 6 -4
11 7 -27
11 8 -80
11 12 -15
11 13 75
11 14 90
11 15 -73
11 16 73
11 17 80
11 18 99
11 19 -38
11 20 -15
11 22 81
11 23 -56
11 25 -85
11 26 -45
11 27 -91
11 29 12
11 31 23
11 37 25
11 40 95
11 41 -19
11 42 -59
11 43 -39
11 44 13
11 46 12
11 47 55
12 0 51
12 2 57
12 4 45
12 5 -26
12 6 33
12 7 -39
12 9 90
12 10 -49
12 12 64
12 13 47
12 15 -86
12 16 -79
12 18 -62
12 19 -13
12 20 -38
12 22 46
12 23 32
12 24 96
12 25 -79
12 26 41
12 27 -9
12 28 55
12 29 -71
12 31 -1
12 32 -81
12 33 -61
12 34 9
12 35 -83
12 36 75
12 38 83
12 39 -54
12 41 -18
12 42 -65
12 43 6
12 44 91
12 46 79
12 47 -71
12 49 -32
13 2 -40
13 5 -78
13 6 72
13 7 37
13 8 46
13 10 64
13 11 100
13 13 -5
13 14 -60
13 17 -51
13 19 86
13 20 100
13 21 -31
13 22 -88
13 23 74
13 24 96
13 26 50
13 27 48
13 28 8
13 29 -1
13 30 -52
13 31 90
13 32 99
13 35 -32
13 36 75
13 38 30
13 39 61
13 40 -69
13 41 -85
13 45 -81
13 48 80
14 1 -61
14 2 84
14 4 -51
14 7 41
14 8 -27
14 9 67
14 10 -33
14 11 38
14 12 4
14 13 -2
14 14 -50
14 15 -21
14 16 -99
14 17 -89
14 18 -58
14 21 77
14 22 -80
14 23 17
14 24 84
14 27 -37
14 28 7
14 29 75
14 30 81
14 31 53
14 32 12
14 33 59
14 35 97
14 36 -35
14 37 75
14 39 16
14 40 70
14 41 26
14 43 -38
14 45 61
14 46 -71
14 47 -6
14 48 17
15 1 95
15 2 -25
15 3 -36
15 4 85
15 6 -80
15 7 -96
15 8 -9
15 9 90
15 10 54
15 11 -11
15 17 83
15 18 -42
15 19 48
15 24 75
15 26 -6
15 27 -34
15 28 75
15 29 72
15 30 -23
15 31 -1
15 34 63
15 36 -74
15 38 28
15 40 26
15 43 -87
15 44 40
15 46 84
15 47 99
15 48 54
15 49 -62
16 0 -57
16 1 -78
16 3 3
16 6 -48
16 8 93
16 9 71
16 10 -42
16 11 -30
16 13 79
16 14 86
16 15 -75
16 16 -80
16 17 99
16 19 76
16 21 97
16 23 87
16 24 -29
16 28 -23
16 30 -65
16 31 -51
16 32 43
16 33 -35
16 34 -56
16 35 -3
16 37 93
16 38 -12
16 39 46
16 40 20
16 42 -29
16 43 -41
16 45 -50
16 46 16
16 48 -87
17 0 62
17 1 -72
17 2 98
17 3 66
17 4 4
17 5 -91
17 8 63
17 9 -37
17 10 24
17 11 35
17 14 44
17 15 94
17 17 -70
17 18 -75
17 19 93
17 22 -26
17 23 -68
17 24 12
17 25 -16
17 26 9
17 27 35
17 28 87
17 32 -45
17 33 24
17 34 -19
17 35 -2
17 36 40
17 38 -74
17 39 34
17 40 -70
17 42 -64
17 44 96
17 45 -47
17 46 -10
17 47 -98
17 48 21
17 49 92
18 1 -57
18 2 -54
18 4 40
18 6 -87
18 7 42
18 8 -6
18 10 -63
18 11 92
18 12 39
18 13 -86
18 14 91
18 16 71
18 18 3
18 19 3
18 21 -39
18 22 -31
18 23 -38
18 31 -62
18 32 55
18 34 -46
18 35 15
18 37 54
18 38 38
18 39 60
18 40 -91
18 43 -37
18 45 -42
18 46 61
18 47 64
19 1 -37
19 5 77
19 6 73
19 7 89
19 8 -32
19 11 11
19 14 -14
19 15 39
19 16 -2
19 17 -27
19 18 -94
19 19 82
19 21 76
19 22 -70
19 23 -86
19 24 -11
19 26 -62
19 28 50
19 29 48
19 30 -62
19 31 67
19 32 -86
19 33 -79
19 34 4
19 38 79
19 39 -76
19 40 -12
19 41 -19
19 42 57
19 43 -49
19 44 -84
19 45 47
19 46 -37
19 48 -57
19 49 -39
20 0 -15
20 5 -65
20 6 -66
20 8 92
20 9 76
20 10 -20
20 11 100
20 12 -86
20 13 61
20 16 -25
20 18 -92
20 19 -66
20 20 -41
20 21 -8
20 22 -56
20 23 83
20 24 -25
20 27 67
20 28 -40
20 29 86
20 30 79
20 32 -52
20 34 54
20 36 8
20 37 44
20 38 28
20 39 9
20 40 94
20 41 16
20 42 -55
20 45 -82
20 46 92
20 49 45
21 0 83
21 1 -99
21 2 -27
21 3 -15
21 5 -17
21 7 73
21 8 79
21 9 63
21 10 -86
21 11 99
21 14 -91
21 15 57
21 16 33
21 18 99
21 20 -48
21 21 92
21 22 -39
21 23 38
21 24 22
21 25 24
21 26 -85
21 27 49
21 28 -83
21 30 18
21 33 20
21 34 -53
21 35 18
21 36 79
21 37 100
21 38 61
21 40 -17
21 41 -7
21 42 -67
21 43 47
21 44 65
21 45 34
21 47 50
21 49 -41
22 1 -39
22 2 63
22 4 -39
22 6 -67
22 7 3
22 8 -61
22 9 29
22 10 73
22 11 66
22 12 -28
22 14 -8
22 15 -78
22 16 80
22 17 38
22 18 37
22 19 82
22 20 -60
22 21 97
22 22 38
22 24 82
22 26 33
22 27 78
22 30 41
22 31 59
22 32 45
22 33 7
22 34 -59
22 35 -65
22 36 -41
22 37 1
22 39 -41
22 40 -93
22 42 -64
22 43 28
22 44 69
22 45 -57
22 46 -4
22 47 73
22 48 75
22 49 -13
23 0 30
23 2 -24
23 5 -88
23 6 16
23 7 6
23 9 58
23 10 -83
23 11 48
23 13 73
23 15 24
23 17 -38
23 19 -58
23 20 -80
23 22 -56
23 23 -28
23 24 -48
23 26 -35
23 27 5
23 28 -1
23 29 -69
23 31 64
23 36 24
23 37 60
23 39 -76
23 40 -21
23 42 38
23 43 -71
23 44 -13
23 47 -52
23 49 34
24 0 55
24 2 -46
24 3 50
24 4 -70
24 5 31
24 6 8
24 7 78
24 8 95
24 9 55
24 11 -99
24 13 9
24 14 -82
24 15 -15
24 17 -74
24 18 -16
24 19 70
24 21 28
24 22 -85
24 24 96
24 25 -69
24 26 93
24 27 -70
24 28 -53
24 29 -75
24 31 -41
24 32 -36
24 33 80
24 34 -2
24 35 92
24 36 46
24 37 -97
24 38 -55
24 40 82
24 43 73
24 44 84
24 45 -4
25 0 52
25 2 -85
25 3 -99
25 4 42
25 7 -49
25 10 36
25 11 -60
25 13 -100
25 15 -27
25 16 70
25 17 42
25 18 -26
25 19 82
25 20 -58
25 21 1
25 24 -88
25 25 -17
25 27 -52
25 30 51
25 35 22
25 37 -73
25 38 62
25 40 40
25 41 -25
25 42 15
25 45 52
25 47 -74
25 48 47
25 49 -21
26 3 -88
26 4 39
26 5 88
26 6 -21
26 8 84
26 9 -1
26 10 80
26 11 83
26 12 6
26 13 -39
26 14 61
26 16 50
26 17 -94
26 19 26
26 20 -67
26 22 61
26 23 -97
26 24 75
26 25 87
26 26 -48
26 27 -60
26 28 -88
26 29 1
26 30 -20
26 34 -78
26 37 28
26 38 -94
26 39 97
26 40 -36
26 42 33
26 44 81
26 45 -61
26 47 41
26 48 64
27 1 -1
27 2 97
27 4 63
27 8 5
27 9 16
27 10 -21
27 12 59
27 13 55
27 14 -23
27 15 -100
27 16 33
27 17 -93
27 18 11
27 19 -22
27 20 -99
27 22 -66
27 25 58
27 29 -63
27 30 45
27 32 82
27 34 -50
27 35 72
27 36 31
27 37 -45
27 39 -46
27 40 -73
27 41 49
27 42 92
27 44 -58
27 45 -4
27 46 1
27 47 94
27 48 75
28 0 22
28 2 -2
28 3 3
28 5 7
28 6 49
28 7 -36
28 8 -60
28 9 80
28 11 88
28 12 87
28 13 25
28 14 20
28 15 9
28 16 60
28 17 -93
28 19 -62
28 21 -43
28 22 -67
28 24 59
28 25 -40
28 26 71
28 27 -31
28 29 -48
28 30 79
28 31 16
28 32 69
28 33 95
28 34 84
28 35 91
28 38 -33
28 39 -92
28 40 -42
28 41 -49
28 42 10
28 44 27
28 49 5
29 0 -18
29 2 96
29 3 -61
29 5 -20
29 7 77
29 8 -71
29 10 -64
29 11 -58
29 12 25
29 13 97
29 14 -10
29 15 -33
29 16 90
29 18 10
29 20 31
29 21 -32
29 22 -95
29 23 26
29 24 91
29 25 36
29 26 -92
29 27 56
29 28 87
29 29 -3
29 30 -97
29 31 7
29 32 84
29 33 32
29 34 -29
29 36 28
29 37 37
29 38 87
29 40 55
29 41 -9
29 42 26
29 43 34
29 44 -46
29 46 -70
29 47 -69
29 49 -73
30 0 -57
30 1 -29
30 2 -21
30 3 -94
30 4 -4
30 6 -51
30 7 88
30 8 -1
30 9 -75
30 12 15
30 14 -2
30 15 8
30 16 -10
30 17 -74
30 18 63
30 19 10
30 21 64
30 23 -83
30 24 -85
30 25 -8
30 26 57
30 29 60
30 30 9
30 31 78
30 33 -80
30 34 -43
30 36 34
30 37 61
30 38 69
30 40 -87
30 41 82
30 42 95
30 43 75
30 45 63
30 46 -18
30 47 90
30 48 65
31 0 51
31 1 43
31 2 -57
31 3 -12
31 5 35
31 6 -29
31 7 -30
31 8 42
31 10 -31
31 11 8
31 12 -41
31 13 45
31 16 -27
31 17 -40
31 18 -84
31 21 84
31 24 -86
31 27 -20
31 28 -79
31 29 -94
31 32 4
31 33 36
31 36 71
31 38 -100
31 39 -28
31 40 34
31 41 12
31 42 -58
31 43 57
31 44 -83
31 45 83
31 47 57
31 48 43
32 1 -72
32 2 70
32 3 32
32 4 -79
32 5 2
32 6 93
32 7 -75
32 8 66
32 11 39
32 12 -80
32 13 89
32 14 -2
32 15 -86
32 16 31
32 17 -75
32 19 7
32 20 -85
32 22 -89
32 23 -64
32 24 -85
32 27 -69
32 29 -34
32 30 -80
32 31 98
32 33 -25
32 34 92
32 35 40
32 36 87
32 37 -91
32 38 53
32 39 44
32 40 -35
32 41 -15
32 42 -87
32 43 8
32 44 100
32 45 96
32 46 89
32 47 17
32 48 73
32 49 -35
33 1 22
33 4 21
33 7 -79
33 9 12
33 11 47
33 12 -47
33 13 51
33 15 -20
33 17 -88
33 18 -97
33 19 47
33 21 -5
33 22 22
33 23 -52
33 24 75
33 25 -70
33 26 -45
33 28 43
33 30 -24
33 31 -21
33 32 -81
33 33 20
33 34 -27
33 35 84
33 37 89
33 38 -31
33 39 40
33 40 -76
33 42 -84
33 43 48
33 44 -75
33 46 50
33 47 -38
33 48 -56
33 49 5
34 0 -82
34 1 95
34 2 -81
34 3 -97
34 4 -64
34 5 -67
34 7 -59
34 9 80
34 10 73
34 13 -50
34 14 74
34 17 -13
34 18 73
34 20 30
34 29 86
34 30 24
34 32 -8
34 33 -54
34 34 -28
34 36 20
34 37 -61
34 38 22
34 39 -13
34 41 29
34 43 -34
34 45 -65
34 48 -21
34 49 99
35 2 68
35 3 -78
35 5 58
35 6 -57
35 7 -80
35 8 -72
35 9 56
35 12 27
35 13 75
35 14 -43
35 15 -67
35 16 -56
35 17 -18
35 18 55
35 19 62
35 21 62
35 22 46
35 23 39
35 24 -43
35 25 -62
35 26 61
35 28 51
35 29 14
35 30 43
35 31 99
35 32 -20
35 34 -6
35 35 -59
35 36 -2
35 37 -45
35 38 81
35 40 86
35 41 -16
35 45 54
35 48 82
35 49 -69
36 0 2
36 1 21
36 3 -74
36 4 -61
36 5 -12
36 7 -20
36 8 -85
36 10 46
36 12 9
36 14 -41
36 15 73
36 17 72
36 19 3
36 20 88
36 21 -93
36 22 -66
36 23 -31
36 26 -31
36 28 -50
36 29 23
36 30 32
36 32 33
36 33 73
36 34 -30
36 36 -23
36 37 -68
36 39 -13
36 42 -54
36 43 -62
36 44 78
36 47 32
36 48 -91
36 49 35
37 1 96
37 2 -9
37 3 68
37 4 54
37 5 -88
37 6 3
37 8 67
37 9 3
37 11 -46
37 14 -54
37 15 28
37 16 1
37 18 36
37 19 6
37 20 -82
37 21 72
37 22 44
37 23 -30
37 24 42
37 25 -41
37 27 -25
37 29 92
37 30 52
37 32 -10
37 33 -5
37 36 62
37 39 -58
37 40 21
37 41 38
37 42 -37
37 43 -35
37 44 42
37 45 31
38 0 -47
38 4 -95
38 5 66
38 7 -7
38 10 1
38 12 -31
38 14 -24
38 16 93
38 17 54
38 18 -37
38 19 49
38 21 2
38 22 -77
38 25 -37
38 26 46
38 27 -81
38 28 -78
38 30 -2
38 32 23
38 33 95
38 35 -63
38 36 42
38 37 -2
38 38 -54
38 39 -17
38 40 -74
38 41 -95
38 43 -15
38 45 -12
38 46 -52
38 49 15
39 1 4
39 2 56
39 3 11
39 4 45
39 5 -81
39 6 24
39 7 16
39 8 20
39 9 -91
39 10 5
39 11 92
39 12 49
39 13 91
39 14 -40
39 15 -53
39 17 67
39 19 10
39 21 24
39 23 22
39 24 64
39 25 94
39 26 -39
39 27 42
39 28 5
39 29 -44
39 30 -91
39 32 3
39 33 24
39 34 73
39 35 -6
39 37 -43
39 38 -50
39 39 -85
39 40 83
39 41 -88
39 45 75
39 46 -31
39 47 -46
39 49 74
40 0 23
40 1 -28
40 2 71
40 4 52
40 6 -7
40 7 73
40 8 88
40 9 46
40 12 -2
40 13 -14
40 15 82
40 16 90
40 19 -54
40 20 -46
40 21 92
40 24 -94
40 25 -2
40 26 30
40 27 -41
40 28 -48
40 33 100
40 34 -55
40 38 5
40 39 -47
40 40 -25
40 41 -23
40 42 47
40 46 16
40 47 61
40 48 -29
40 49 58
41 0 57
41 2 48
41 3 28
41 4 8
41 5 -47
41 6 78
41 7 -54
41 8 -25
41 10 -49
41 11 8
41 18 -17
41 19 4
41 22 80
41 24 61
41 25 -65
41 26 50
41 27 61
41 28 -81
41 29 91
41 31 -12
41 33 82
41 34 -36
41 37 -2
41 39 -48
41 40 -97
41 41 87
41 42 -8
41 44 -7
41 45 96
41 46 99
41 47 -87
41 48 91
41 49 -45
42 0 65
42 1 63
42 2 -2
42 3 -92
42 4 91
42 5 60
42 6 -81
42 7 16
42 8 98
42 9 35
42 10 -28
42 12 -1
42 15 73
42 16 -32
42 17 -14
42 20 -2
42 22 33
42 23 -80
42 25 -92
42 27 -41
42 28 -60
42 29 81
42 30 59
42 32 -33
42 33 -3
42 34 -53
42 37 99
42 39 71
42 40 -56
42 41 -89
42 44 80
42 45 38
42 46 62
42 48 69
43 0 66
43 1 66
43 2 46
43 5 3
43 6 10
43 7 63
43 8 -60
43 10 35
43 11 13
43 14 96
43 18 1
43 19 -52
43 21 -82
43 22 -84
43 23 -52
43 24 94
43 25 -100
43 26 93
43 27 97
43 29 13
43 30 68
43 31 37
43 33 81
43 34 -95
43 35 -73
43 36 -75
43 37 -17
43 38 -59
43 40 -4
43 41 -61
43 42 32
43 43 -38
43 47 -24
43 48 -11
43 49 2
44 0 40
44 1 -5
44 2 26
44 3 -28
44 5 2
44 6 -96
44 7 17
44 8 -86
44 9 -64
44 12 96
44 14 23
44 15 58
44 16 -31
44 17 -80
44 18 -93
44 20 32
44 21 92
44 24 -25
44 26 -54
44 27 9
44 28 -63
44 29 -78
44 30 -74
44 31 -95
44 32 -97
44 34 -87
44 35 3
44 36 5
44 37 60
44 39 39
44 41 -63
44 42 22
44 43 34
44 45 48
44 47 -42
44 48 -62
44 49 38
45 0 -24
45 2 75
45 3 70
45 4 58
45 5 -57
45 8 -29
45 11 82
45 12 16
45 13 -40
45 14 33
45 15 44
45 16 -51
45 18 19
45 19 20
45 20 -42
45 21 59
45 22 -67
45 24 -46
45 26 88
45 27 8
45 28 -30
45 29 -21
45 34 20
45 36 -77
45 38 -47
45 41 -28
45 44 20
45 48 86
45 49 96
46 1 39
46 2 62
46 4 11
46 5 -91
46 6 2
46 7 -77
46 8 98
46 9 3
46 10 28
46 11 -75
46 12 -82
46 14 26
46 15 87
46 16 -16
46 17 76
46 19 -35
46 22 -50
46 23 88
46 24 8
46 25 -20
46 27 64
46 28 -46
46 33 11
46 34 61
46 35 -14
46 37 28
46 38 24
46 39 -97
46 40 -86
46 42 19
46 43 49
46 44 22
46 46 98
46 47 -32
46 48 80
46 49 -100
47 1 83
47 2 38
47 3 -67
47 4 26
47 5 -29
47 6 -89
47 7 72
47 8 -81
47 9 -7
47 10 46
47 12 35
47 13 53
47 14 -3
47 15 -56
47 16 44
47 19 59
47 20 -75
47 21 48
47 22 -74
47 24 94
47 25 -49
47 26 22
47 27 99
47 28 -71
47 29 43
47 31 -62
47 32 -75
47 33 -82
47 34 -68
47 35 19
47 36 82
47 37 61
47 39 -53
47 40 -72
47 41 -34
47 43 55
47 44 -15
47 48 -27
47 49 -67
48 0 1
48 2 17
48 4 77
48 5 23
48 6 -88
48 7 -27
48 8 1
48 9 31
48 10 88
48 11 -93
48 12 -40
48 13 -98
48 14 17
48 15 -80
48 18 -4
48 19 -14
48 21 6
48 23 -64
48 27 -21
48 31 62
48 32 -49
48 33 31
48 35 -8
48 36 91
48 38 -55
48 39 65
48 40 80
48 42 -3
48 44 94
48 45 -39
48 46 1
48 47 -18
48 48 31
48 49 -54
49 0 -79
49 3 70
49 5 -96
49 6 8
49 7 -45
49 8 -75
49 9 -68
49 10 88
49 11 25
49 14 28
49 15 -84
49 16 40
49 17 -49
49 18 2
49 21 16
49 22 -88
49 23 38
49 25 -76
49 26 2
49 27 29
49 29 5
49 30 -13
49 31 24
49 34 28
49 35 71
49 38 -58
49 40 70
49 41 55
49 42 3
49 43 13
49 45 -96
49 46 -67
49 47 -85
49 48 92