0 0 -46
0 1 -79
0 2 24
0 3 10
0 4 45
0 7 50
0 8 -84
0 9 -96
1 0 55
1 2 -6
1 3 87
1 4 -80
1 6 -24
1 7 -53
1 8 45
1 9 37
2 0 -1
2 1 16
2 3 46
3 1 -80
3 2 -49
3 3 19
3 5 100
3 6 -40
3 7 19
3 8 -55
4 0 -92
4 1 87
4 3 33
4 4 -14
4 5 96
4 6 97
4 7 74
4 8 53
4 9 -10
5 0 50
5 1 48
5 2 55
5 3 -29
5 4 -25
5 5 -46
5 6 70
5 7 -63
5 8 92
5 9 82
6 0 -68
6 1 -12
6 3 -52
6 6 -10
6 8 62
6 9 -46
7 0 83
7 1 -29
7 2 15
7 5 -5
7 7 -35
7 9 30
8 0 85
8 1 6
8 2 -91
8 3 -83
8 4 -32
8 5 84
8 7 -55
8 8 -40
8 9 17
9 0 84
9 1 62
9 2 32
9 3 -63
9 4 -7
9 6 -55
9 8 7
9 9 99