1 6 -18
1 9 92
1 30 82
1 37 -52
1 38 -81
3 10 53
3 40 -24
4 20 -74
4 24 64
4 32 36
5 12 64
5 22 80
5 41 86
6 10 -72
8 5 91
9 3 31
9 8 -22
9 12 -50
9 26 67
9 34 -57
9 41 5
10 1 59
10 19 -67
10 33 31
10 48 -14
11 7 55
11 26 -99
11 49 54
12 17 -82
13 30 -78
13 41 12
14 12 -82
14 38 73
15 3 58
15 16 -58
16 44 26
17 11 55
20 5 46
20 34 -2
22 1 -65
22 43 -79
23 0 -20
23 9 71
23 18 24
23 23 25
23 24 -19
24 1 52
24 11 -47
25 17 -33
25 48 -26
26 24 84
26 32 -6
26 35 -60
26 37 26
27 15 14
27 16 40
27 42 -76
29 38 46
29 40 -14
31 7 -60
31 19 -100
32 40 -54
33 46 -1
34 8 28
34 12 -56
34 24 22
35 1 -93
35 14 94
35 19 -36
35 36 61
35 42 24
35 49 -75
36 16 1
37 11 -68
37 16 -86
37 23 33
38 4 -67
38 24 -6
38 44 50
39 8 82
39 29 -61
39 38 -17
40 22 96
41 0 -65
41 41 -31
42 6 73
43 10 -76
43 27 -57
43 29 80
46 6 -85
46 15 4
46 47 82
47 20 -32
47 22 26
48 8 73
48 11 81
48 44 -80
49 19 -3
49 30 -83
49 43 -64