0 6 86
0 9 74
0 12 -75
0 14 77
0 17 -7
0 27 -89
0 29 -94
0 30 50
0 32 90
0 33 -6
0 36 42
0 38 -83
0 41 79
0 43 -80
0 47 -64
0 49 61
1 0 -19
1 5 49
1 7 -74
1 8 86
1 9 -78
1 10 -76
1 11 79
1 12 -4
1 15 -2
1 16 -85
1 18 76
1 19 -16
1 20 -67
1 22 -11
1 23 47
1 24 73
1 25 50
1 26 20
1 27 60
1 29 -11
1 30 -46
1 32 27
1 33 58
1 38 26
1 41 -62
1 48 -79
1 49 29
2 0 52
2 2 33
2 6 49
2 8 44
2 9 -9
2 13 -42
2 16 -27
2 19 -6
2 21 2
2 28 -46
2 31 -57
2 34 78
2 35 -66
2 36 -38
2 42 65
2 44 86
2 45 -34
3 2 54
3 5 -31
3 7 84
3 10 -90
3 14 -8
3 19 29
3 21 43
3 25 -41
3 32 56
3 33 -9
3 37 -45
3 39 -50
3 44 -13
3 48 8
4 5 -69
4 7 -35
4 13 28
4 14 -47
4 18 -94
4 19 46
4 21 -31
4 26 96
4 27 53
4 29 81
4 32 45
4 35 -21
4 36 68
4 40 23
4 43 59
4 46 -35
4 47 -64
4 48 34
5 2 88
5 6 23
5 7 -84
5 9 -17
5 13 35
5 14 87
5 19 -58
5 22 -17
5 32 -92
5 33 -57
5 34 32
5 35 51
5 37 -8
5 39 23
5 40 85
5 45 -67
5 48 -42
6 0 -38
6 1 9
6 5 86
6 6 -5
6 8 79
6 9 -77
6 11 4
6 14 -31
6 17 92
6 19 17
6 22 -41
6 25 -58
6 34 -39
6 37 50
6 38 -37
6 39 -84
6 40 89
6 43 -41
6 46 -61
6 47 -55
7 1 10
7 3 -89
7 5 91
7 7 -52
7 10 61
7 13 -97
7 14 -26
7 20 95
7 21 -91
7 22 -42
7 25 -39
7 26 64
7 29 16
7 30 -2
7 31 -91
7 37 -28
7 38 2
7 40 -34
7 46 -71
7 47 28
7 48 18
7 49 68
8 3 -18
8 4 55
8 7 80
8 13 -86
8 17 56
8 19 59
8 25 -96
8 26 2
8 31 -50
8 32 6
8 34 -19
8 35 -93
8 36 -38
8 37 -4
8 38 92
8 41 -44
8 43 86
8 49 22
9 0 93
9 1 9
9 2 45
9 4 76
9 11 -11
9 14 -17
9 15 38
9 21 65
9 22 40
9 23 -86
9 24 20
9 26 -82
9 29 -97
9 30 -92
9 33 -80
9 36 13
9 43 -98
9 44 -64
9 45 27
9 47 17
9 48 -7
9 49 -54
10 0 94
10 6 64
10 7 7
10 8 -50
10 9 46
10 11 30
10 12 66
10 17 -80
10 22 -81
10 25 41
10 26 39
10 31 9
10 32 28
10 34 37
10 36 22
10 37 16
10 44 -55
10 46 15
10 48 -76
11 1 -100
11 5 40
11 6 10
11 8 -92
11 10 72
11 11 -55
11 13 -80
11 14 15
11 15 31
11 20 84
11 21 -74
11 22 64
11 28 75
11 30 -70
11 34 -1
11 37 -13
11 39 -10
11 41 -57
11 44 -83
11 47 69
12 6 -43
12 7 69
12 10 90
12 11 -20
12 18 -22
12 20 -9
12 21 -98
12 24 -45
12 26 7
12 27 -86
12 29 30
12 34 12
12 36 38
12 37 43
12 38 74
12 42 -44
12 43 -91
12 44 -59
12 46 -55
13 0 95
13 6 97
13 9 -29
13 10 54
13 13 75
13 17 60
13 18 -88
13 23 53
13 24 74
13 27 46
13 32 96
13 33 -90
13 36 74
13 43 -94
13 45 -41
13 48 79
13 49 78
14 0 24
14 1 16
14 2 -46
14 5 -55
14 6 -25
14 11 58
14 12 -38
14 15 66
14 18 -35
14 20 48
14 22 6
14 28 -24
14 29 67
14 30 72
14 31 51
14 35 31
14 36 -97
14 37 63
14 38 63
14 39 -17
14 41 93
14 48 13
15 0 56
15 6 41
15 7 28
15 8 37
15 12 -68
15 14 83
15 17 -79
15 21 -44
15 23 89
15 25 86
15 31 -5
15 33 -32
15 37 37
15 40 -78
15 43 7
15 44 -48
15 45 -26
15 47 -66
15 48 -91
16 1 74
16 2 -22
16 3 35
16 8 -33
16 11 -56
16 12 -4
16 14 -48
16 15 27
16 16 54
16 17 91
16 26 78
16 31 -95
16 32 -100
16 37 38
16 43 67
16 44 -55
17 5 -66
17 6 13
17 9 -66
17 11 17
17 12 -7
17 14 -13
17 20 -52
17 23 -15
17 25 19
17 27 -36
17 30 -39
17 35 90
17 39 97
17 43 93
17 47 4
17 49 68
18 0 73
18 4 -5
18 8 78
18 9 14
18 13 -73
18 14 43
18 15 11
18 17 -60
18 18 62
18 19 -8
18 20 -66
18 23 10
18 26 63
18 32 91
18 37 -44
18 41 89
18 42 47
18 46 82
19 2 54
19 3 -77
19 4 82
19 7 -81
19 8 66
19 11 -3
19 15 -27
19 16 -32
19 18 87
19 19 -28
19 20 47
19 21 -79
19 24 -10
19 25 87
19 26 -46
19 28 59
19 31 -30
19 34 -20
19 35 3
19 43 -20
19 45 -33
19 46 -67
19 48 62
20 4 -77
20 6 -45
20 7 -93
20 8 -40
20 9 -83
20 11 98
20 20 66
20 26 8
20 27 -98
20 28 17
20 37 21
20 42 38
20 45 80
20 47 65
20 48 42
20 49 -20
21 1 41
21 2 -75
21 3 6
21 5 67
21 6 -49
21 9 -98
21 13 -2
21 16 23
21 17 76
21 18 -95
21 19 31
21 21 -68
21 25 63
21 26 -79
21 28 71
21 30 55
21 33 47
21 37 9
21 41 -55
21 46 -71
21 47 -69
22 1 -2
22 3 42
22 4 9
22 13 87
22 20 -3
22 23 -87
22 25 -10
22 26 16
22 27 34
22 31 71
22 35 59
22 38 -60
22 40 -29
22 42 -31
22 43 -79
22 46 -76
22 48 -41
23 0 -8
23 9 13
23 12 -27
23 13 -4
23 14 -47
23 17 44
23 18 2
23 20 -57
23 21 -73
23 22 -63
23 23 3
23 31 34
23 32 -78
23 33 -51
23 36 31
23 42 -38
23 43 57
23 44 50
23 47 27
24 0 72
24 2 28
24 5 55
24 10 1
24 11 77
24 13 -85
24 14 4
24 20 38
24 21 -35
24 23 33
24 24 20
24 32 -44
24 37 11
24 42 -7
24 45 84
24 47 -82
24 48 -1
25 1 -54
25 3 -17
25 4 -31
25 5 -7
25 6 -28
25 8 -74
25 11 72
25 15 -81
25 16 60
25 17 40
25 18 -10
25 20 -36
25 21 -77
25 22 -24
25 26 -40
25 27 90
25 29 75
25 30 58
25 31 58
25 36 -71
25 37 48
25 43 -6
25 44 21
25 46 -40
26 0 27
26 2 -94
26 4 -58
26 9 20
26 10 -26
26 14 -62
26 16 -92
26 18 -74
26 20 4
26 25 18
26 27 86
26 28 82
26 30 28
26 34 34
26 37 -30
26 40 -30
26 43 4
26 45 -72
26 49 43
27 0 77
27 6 -87
27 21 36
27 25 -33
27 27 19
27 28 55
27 29 -56
27 30 2
27 31 35
27 36 10
27 37 -66
27 38 41
27 42 -95
27 44 78
28 0 -39
28 2 90
28 3 64
28 4 -77
28 8 -89
28 9 46
28 12 -43
28 13 -24
28 18 19
28 21 -62
28 22 60
28 24 86
28 25 84
28 27 83
28 30 -73
28 31 35
28 38 -1
28 40 -36
28 41 85
28 43 -64
28 44 -23
28 45 -25
28 46 -79
28 48 -69
29 1 32
29 2 28
29 7 -31
29 12 -27
29 17 9
29 20 -47
29 21 67
29 23 18
29 28 20
29 30 100
29 31 58
29 32 28
29 34 -58
29 35 -14
29 40 36
29 41 15
29 42 -58
29 44 54
29 48 -81
30 2 97
30 5 -90
30 8 5
30 11 95
30 12 93
30 14 95
30 16 -41
30 20 -69
30 23 -24
30 24 36
30 32 -98
30 38 -84
30 42 98
30 44 -86
30 47 -71
30 49 11
31 4 -10
31 11 -12
31 16 -58
31 19 -17
31 21 20
31 23 42
31 25 89
31 28 -17
31 30 36
31 37 -88
31 38 -13
31 39 -95
31 40 43
31 41 -61
32 2 -54
32 6 70
32 7 -75
32 8 47
32 14 -4
32 17 -12
32 19 11
32 20 -52
32 25 97
32 29 67
32 30 -8
32 33 45
32 34 93
32 39 45
32 46 42
33 0 -73
33 1 21
33 3 -81
33 4 10
33 5 -55
33 6 49
33 8 -24
33 9 -20
33 12 -11
33 18 -35
33 22 21
33 24 68
33 25 -29
33 26 -29
33 29 8
33 33 91
33 37 47
33 44 62
33 46 -7
34 0 -79
34 3 23
34 6 -10
34 7 -11
34 8 -63
34 9 57
34 11 -56
34 12 -77
34 13 48
34 14 72
34 17 42
34 18 -89
34 19 -48
34 22 51
34 23 -74
34 26 59
34 27 -37
34 31 -93
34 32 9
34 34 -80
34 35 54
34 39 -9
34 48 71
35 3 51
35 7 51
35 8 86
35 13 14
35 18 -42
35 22 -10
35 23 69
35 27 98
35 30 29
35 32 52
35 35 -37
35 37 52
35 39 -80
35 40 -33
35 42 -32
35 46 72
35 47 72
35 48 77
36 0 -87
36 4 -17
36 5 22
36 6 7
36 7 66
36 15 -14
36 16 -27
36 19 -67
36 24 40
36 26 95
36 29 -19
36 30 79
36 31 52
36 32 69
36 34 -39
36 36 39
36 37 79
36 38 -78
36 41 -74
36 43 28
36 47 -40
36 48 100
37 0 85
37 2 -99
37 3 46
37 4 -33
37 6 46
37 8 61
37 10 95
37 12 36
37 15 55
37 16 74
37 18 -5
37 19 -58
37 24 70
37 27 -70
37 28 78
37 35 -75
37 38 33
37 39 -92
37 40 -2
37 41 -56
37 42 62
37 44 -5
37 46 -77
38 0 50
38 5 -34
38 6 21
38 8 -50
38 9 80
38 11 -10
38 13 -70
38 14 40
38 15 -3
38 26 -9
38 29 -58
38 30 14
38 31 -70
38 36 18
38 42 83
39 1 -21
39 2 9
39 5 15
39 6 -5
39 7 3
39 9 49
39 10 56
39 15 -63
39 16 51
39 19 51
39 24 -1
39 25 62
39 29 85
39 30 -20
39 32 -75
39 33 19
39 34 -62
39 36 -26
39 38 -19
39 40 11
39 43 -8
39 45 -28
39 46 -98
40 8 28
40 9 81
40 11 -67
40 12 -14
40 15 -25
40 18 -97
40 21 -29
40 22 28
40 25 100
40 26 -46
40 30 19
40 31 86
40 32 -36
40 34 -64
40 37 2
40 40 35
40 44 -65
41 2 -26
41 3 -57
41 4 -94
41 5 -79
41 12 27
41 13 -61
41 14 -72
41 15 94
41 16 -98
41 20 -77
41 24 -40
41 29 -38
41 30 93
41 32 -43
41 39 83
41 41 23
41 42 8
41 47 92
42 6 -47
42 9 -29
42 11 -6
42 13 45
42 14 10
42 15 -40
42 16 6
42 20 -63
42 24 5
42 25 90
42 26 52
42 35 -76
42 39 97
42 40 -70
42 42 91
42 43 -98
42 45 81
42 46 -59
42 48 -62
43 0 -87
43 1 -2
43 2 41
43 3 -8
43 5 -52
43 6 29
43 8 -13
43 11 73
43 12 72
43 15 -40
43 16 44
43 17 -89
43 18 3
43 20 -76
43 25 -48
43 40 -56
43 45 -66
43 46 -37
43 48 91
44 1 -99
44 2 -98
44 5 64
44 6 -82
44 7 -20
44 10 52
44 11 26
44 12 -99
44 13 28
44 17 -5
44 20 16
44 22 -3
44 23 60
44 28 53
44 34 -68
44 35 23
44 36 50
44 37 47
44 41 -39
44 47 28
44 49 94
45 0 15
45 1 -75
45 2 -32
45 4 -74
45 7 94
45 8 -87
45 11 -82
45 16 -10
45 17 -73
45 20 -20
45 24 -81
45 25 92
45 29 24
45 30 -72
45 31 34
45 32 83
45 41 58
45 46 -78
46 0 -62
46 2 77
46 4 98
46 5 69
46 8 -20
46 13 -95
46 14 -75
46 19 90
46 20 69
46 21 -21
46 25 -35
46 27 34
46 28 -98
46 29 -36
46 34 -18
46 36 23
46 39 94
46 43 54
46 44 -79
46 47 57
46 49 3
47 5 -48
47 9 -23
47 12 -29
47 18 -48
47 20 -14
47 22 -92
47 25 73
47 29 47
47 30 24
47 31 3
47 35 -52
47 36 -60
47 38 22
47 39 -70
47 40 76
47 41 -56
47 43 -41
47 44 74
47 46 22
47 47 83
47 49 -83
48 5 -4
48 7 -82
48 12 49
48 14 3
48 21 -73
48 22 93
48 23 78
48 24 63
48 26 -90
48 29 -86
48 31 73
48 33 69
48 36 -73
48 37 -38
48 38 56
48 39 54
48 40 30
48 42 68
48 48 41
49 0 88
49 1 -37
49 4 -28
49 5 -53
49 6 -51
49 8 -49
49 12 49
49 19 -38
49 26 65
49 27 4
49 28 -44
49 29 34
49 31 -95
49 34 -81
49 35 -91
49 37 69
49 39 -85
49 41 -47
49 48 33