0 0 42
0 3 -66
0 7 -75
0 8 -5
0 9 92
0 13 70
0 18 -87
0 20 -37
0 24 -68
0 28 -87
0 31 46
0 32 -71
0 33 -18
0 35 59
0 36 84
0 37 77
0 38 -84
0 41 -27
0 42 31
0 43 -41
0 45 74
0 48 65
1 0 64
1 3 38
1 4 -40
1 6 86
1 7 74
1 12 98
1 14 74
1 15 -94
1 16 -77
1 17 -18
1 18 -9
1 20 -11
1 21 -10
1 22 -83
1 24 -36
1 26 -81
1 29 -52
1 30 -56
1 31 -98
1 32 -93
1 35 -17
1 39 -98
1 40 -64
1 42 -54
1 44 -58
1 45 -35
1 46 -76
1 47 75
1 48 10
1 49 76
2 1 36
2 2 100
2 4 -6
2 6 -80
2 10 49
2 13 -84
2 19 -6
2 20 51
2 24 -95
2 27 47
2 28 -92
2 30 -50
2 34 -43
2 36 -72
2 40 -8
2 43 -22
2 44 81
2 45 -64
2 47 -54
2 49 59
3 1 -98
3 3 56
3 6 72
3 7 66
3 8 64
3 9 -67
3 13 68
3 14 -85
3 15 -50
3 18 -56
3 20 27
3 22 -77
3 24 -50
3 25 98
3 26 69
3 27 -1
3 28 49
3 29 -26
3 30 61
3 31 30
3 33 -94
3 35 87
3 38 -6
3 39 -74
3 40 -49
3 41 2
3 42 39
3 43 -5
3 46 99
3 49 -13
4 0 -20
4 2 92
4 5 -37
4 6 -34
4 8 -33
4 11 -26
4 12 76
4 15 42
4 18 -41
4 20 -15
4 21 -13
4 22 18
4 27 -70
4 30 80
4 31 30
4 32 -98
4 33 -78
4 35 -11
4 37 39
4 38 -78
4 42 25
4 44 -82
4 48 -34
4 49 -24
5 0 77
5 3 -8
5 5 -25
5 8 35
5 10 -90
5 12 74
5 18 58
5 21 100
5 24 66
5 25 3
5 27 -80
5 30 -32
5 31 26
5 32 -19
5 33 90
5 34 -79
5 36 77
5 37 -72
5 39 -17
5 42 -62
5 43 87
5 44 23
5 45 40
5 47 85
5 48 58
6 1 55
6 3 -8
6 5 34
6 6 41
6 7 -87
6 9 81
6 11 -81
6 15 -29
6 16 36
6 19 44
6 20 -20
6 23 62
6 24 67
6 25 4
6 27 69
6 28 -100
6 29 75
6 31 11
6 32 -81
6 34 -95
6 35 39
6 37 60
6 39 -57
6 41 -17
6 44 15
6 47 76
6 48 84
6 49 64
7 2 -83
7 4 30
7 5 -46
7 9 41
7 10 -12
7 12 -73
7 15 93
7 17 63
7 19 -46
7 20 -53
7 22 -26
7 23 -67
7 25 18
7 28 39
7 29 98
7 33 55
7 35 -42
7 37 -30
7 39 91
7 40 -70
7 42 -39
7 44 -77
7 46 70
7 47 -34
8 0 -9
8 1 63
8 2 86
8 7 -65
8 8 90
8 9 12
8 11 -98
8 15 5
8 16 -93
8 18 -67
8 20 36
8 24 -13
8 26 -79
8 28 -52
8 29 -9
8 32 -17
8 36 34
8 37 84
8 38 86
8 43 -10
8 45 6
8 48 5
9 0 98
9 2 32
9 5 -30
9 7 -36
9 10 -72
9 12 81
9 15 66
9 16 -55
9 22 95
9 24 24
9 26 2
9 27 -8
9 28 14
9 29 -95
9 32 -12
9 34 89
9 36 43
9 40 -43
9 41 57
9 43 -68
9 44 -44
9 46 79
9 49 59
10 0 82
10 4 -66
10 5 -42
10 6 75
10 7 -10
10 9 -45
10 14 90
10 16 -46
10 19 37
10 21 97
10 22 80
10 25 -7
10 26 -76
10 30 -44
10 31 -37
10 33 -93
10 36 -9
10 38 75
10 40 33
10 42 -80
10 43 -89
10 46 -37
11 0 -28
11 2 -96
11 4 -7
11 5 -100
11 7 -82
11 14 98
11 17 -50
11 18 -60
11 23 -12
11 24 -74
11 26 21
11 27 -86
11 35 -97
11 37 89
11 44 41
12 0 -91
12 1 -91
12 2 -47
12 3 1
12 9 34
12 10 -27
12 11 -96
12 13 -38
12 14 96
12 18 17
12 22 100
12 24 33
12 26 99
12 28 37
12 29 -12
12 33 81
12 34 -87
12 35 20
12 37 -77
12 39 -74
12 40 41
12 41 -16
12 42 -57
12 49 21
13 2 -69
13 4 79
13 6 -69
13 7 45
13 9 84
13 11 100
13 12 -23
13 14 14
13 20 55
13 21 -47
13 23 -77
13 28 -60
13 29 -25
13 30 -46
13 36 -46
13 38 72
13 39 -36
13 40 81
13 41 -62
13 42 -2
13 45 38
13 48 -28
14 1 -100
14 6 -21
14 7 -16
14 8 -14
14 10 62
14 14 -27
14 15 1
14 20 71
14 22 -22
14 23 -89
14 25 7
14 29 -86
14 30 64
14 31 34
14 32 -89
14 36 84
14 38 -46
14 39 77
14 40 1
14 42 -37
14 43 -23
14 44 -71
14 45 30
14 46 2
14 48 2
14 49 94
15 0 36
15 3 17
15 6 -4
15 8 -79
15 11 16
15 17 -11
15 19 -98
15 22 -31
15 23 100
15 24 -48
15 25 44
15 30 -72
15 33 86
15 34 -81
15 40 -69
15 41 -81
15 46 -67
15 48 -35
16 0 -82
16 2 27
16 3 -57
16 4 -19
16 7 -70
16 11 -77
16 13 2
16 15 8
16 16 -8
16 18 63
16 19 93
16 21 -33
16 22 66
16 24 -95
16 25 -42
16 26 -58
16 27 -15
16 30 -89
16 33 -73
16 36 21
16 38 -55
16 42 77
16 45 9
16 47 37
17 0 61
17 1 -50
17 2 -18
17 3 47
17 6 18
17 13 -71
17 15 -14
17 16 -53
17 18 55
17 19 59
17 24 -64
17 26 -22
17 28 42
17 30 88
17 31 71
17 32 2
17 34 22
17 36 67
17 38 -93
17 39 53
17 40 -65
17 44 85
17 45 60
17 48 -26
17 49 28
18 1 54
18 2 52
18 6 63
18 9 19
18 10 33
18 11 -13
18 13 -80
18 14 -64
18 15 21
18 17 -17
18 18 -34
18 19 9
18 22 41
18 23 -68
18 28 -2
18 29 51
18 32 -95
18 36 -92
18 39 68
18 40 -15
18 43 -83
18 49 86
19 1 51
19 2 18
19 3 -1
19 5 -21
19 8 -13
19 11 59
19 12 23
19 14 -59
19 15 -82
19 17 86
19 23 8
19 25 -93
19 26 -83
19 28 -64
19 29 66
19 30 70
19 31 -7
19 36 35
19 38 -65
19 40 -8
19 41 58
19 42 9
19 43 -22
19 44 -21
19 47 93
20 0 15
20 1 -27
20 2 61
20 3 -35
20 4 97
20 9 39
20 10 -68
20 11 68
20 12 19
20 14 -43
20 24 -36
20 27 78
20 32 -49
20 34 -42
20 35 -32
20 37 36
20 41 -83
20 44 47
20 46 -23
20 49 34
21 4 -94
21 5 -85
21 7 -63
21 13 -76
21 14 -34
21 16 -19
21 17 23
21 19 26
21 22 87
21 23 12
21 24 5
21 25 35
21 27 -58
21 28 11
21 29 -30
21 30 76
21 32 -77
21 33 -43
21 34 77
21 35 37
21 36 -20
21 39 -8
21 43 34
21 45 7
21 47 -97
21 48 -61
21 49 85
22 7 87
22 9 -27
22 10 -2
22 14 5
22 17 91
22 18 95
22 19 7
22 21 11
22 26 74
22 27 51
22 29 -2
22 30 -42
22 31 71
22 34 -88
22 35 -16
22 41 94
22 43 -49
22 44 -64
22 48 16
22 49 -23
23 0 14
23 1 12
23 2 73
23 5 11
23 8 18
23 13 93
23 14 -53
23 15 25
23 18 44
23 19 -27
23 20 -76
23 21 94
23 22 27
23 24 12
23 26 -91
23 27 92
23 29 57
23 31 -50
23 33 76
23 34 34
23 36 44
23 37 -100
23 39 79
23 42 42
23 43 -43
23 44 20
23 45 -80
23 47 81
23 48 87
24 1 -50
24 4 67
24 5 -30
24 8 -11
24 9 -28
24 10 -95
24 11 85
24 14 -3
24 15 88
24 16 52
24 22 -35
24 23 -23
24 24 -31
24 25 52
24 27 -75
24 30 -13
24 31 83
24 33 93
24 35 -76
24 37 -25
24 38 43
24 39 13
24 40 19
24 41 3
24 42 -49
24 48 -74
24 49 -33
25 0 28
25 1 -33
25 5 56
25 7 93
25 8 2
25 11 -60
25 12 -91
25 15 55
25 16 -81
25 17 72
25 20 76
25 21 -52
25 24 -94
25 25 63
25 28 -42
25 29 62
25 31 -80
25 32 50
25 34 -81
25 38 89
25 41 -21
25 43 44
25 44 -59
25 47 69
25 48 -99
26 0 -69
26 3 61
26 5 12
26 7 9
26 10 88
26 11 97
26 13 -44
26 14 -76
26 15 80
26 16 -76
26 20 -16
26 21 31
26 24 62
26 26 -30
26 28 -64
26 29 -18
26 33 99
26 36 -66
26 37 34
26 39 89
26 40 -65
26 41 94
26 48 75
27 3 -83
27 4 5
27 10 -5
27 12 -31
27 15 97
27 16 -16
27 19 -29
27 20 -57
27 21 -6
27 23 -74
27 25 29
27 27 -93
27 28 96
27 31 8
27 32 -8
27 33 -7
27 35 -99
27 37 65
27 38 -65
27 39 -33
27 45 27
27 46 -100
28 1 84
28 2 -82
28 3 31
28 7 -52
28 13 78
28 16 -72
28 22 -7
28 23 -56
28 26 43
28 29 -72
28 31 54
28 33 39
28 35 -95
28 36 -77
28 39 -22
28 43 -17
28 44 62
28 48 87
28 49 -29
29 1 -97
29 2 -5
29 4 70
29 5 -28
29 6 15
29 8 -8
29 9 -91
29 10 -85
29 14 78
29 20 10
29 25 70
29 30 48
29 32 68
29 34 56
29 35 44
29 36 -58
29 38 -3
29 39 90
29 40 -86
29 43 49
29 44 86
30 0 30
30 5 -17
30 7 41
30 9 -13
30 11 -85
30 14 94
30 15 14
30 16 -89
30 18 -98
30 21 100
30 27 14
30 28 20
30 29 30
30 30 -30
30 32 55
30 40 -14
30 41 33
30 45 -25
30 47 15
31 0 59
31 8 -46
31 11 78
31 13 -1
31 15 99
31 17 -58
31 18 23
31 22 75
31 24 -97
31 25 97
31 26 -19
31 27 45
31 28 72
31 36 45
31 37 63
31 41 46
31 42 -25
31 44 79
31 45 -77
31 47 72
32 1 -70
32 2 -23
32 6 -99
32 8 51
32 9 32
32 13 68
32 16 -72
32 19 72
32 20 -76
32 21 -29
32 23 -36
32 30 -90
32 31 -40
32 32 99
32 33 -7
32 34 48
32 36 16
32 37 -17
32 39 90
32 40 54
32 44 -50
32 48 36
33 1 -50
33 2 77
33 3 86
33 4 3
33 9 3
33 10 15
33 11 65
33 18 13
33 19 -12
33 20 93
33 21 84
33 25 -70
33 26 11
33 27 -64
33 28 -81
33 29 22
33 35 24
33 36 60
33 37 -65
33 39 -12
33 40 -84
33 41 21
33 42 -70
33 43 11
33 44 73
33 46 -70
33 47 -59
33 48 90
33 49 12
34 3 -42
34 4 95
34 5 -49
34 7 -96
34 9 -45
34 10 -96
34 15 -13
34 16 46
34 18 -11
34 25 41
34 26 74
34 27 45
34 29 -1
34 30 -92
34 31 63
34 34 -2
34 36 -25
34 38 -42
34 39 -17
34 40 -75
34 42 15
34 43 15
35 0 60
35 1 -13
35 2 -89
35 7 -52
35 8 -66
35 9 24
35 12 13
35 13 -80
35 14 -85
35 16 68
35 18 19
35 19 100
35 21 50
35 23 -45
35 24 -92
35 25 -81
35 26 -52
35 27 31
35 28 -84
35 31 -17
35 32 36
35 36 24
35 37 -10
35 41 -99
35 42 91
35 45 29
35 49 -61
36 2 75
36 4 -39
36 6 33
36 10 56
36 11 -80
36 13 88
36 14 -40
36 15 33
36 17 -30
36 18 -56
36 19 32
36 22 57
36 23 -79
36 25 -23
36 29 -60
36 30 73
36 32 74
36 33 74
36 34 -11
36 45 100
36 48 21
37 1 -45
37 2 -78
37 3 -55
37 4 41
37 6 -70
37 10 -59
37 13 -55
37 16 64
37 17 44
37 21 -2
37 23 -46
37 24 57
37 25 -7
37 27 100
37 29 -86
37 31 11
37 33 -99
37 37 21
37 41 67
37 45 -64
37 48 53
38 0 -69
38 1 -98
38 3 33
38 7 -13
38 8 -73
38 10 -4
38 12 -2
38 13 71
38 15 -32
38 16 62
38 19 -36
38 20 -99
38 23 -66
38 26 29
38 27 -21
38 30 26
38 32 84
38 35 2
38 38 -51
38 39 22
38 41 28
38 43 49
38 44 66
38 45 -24
38 46 60
38 47 -54
38 48 -20
38 49 -37
39 0 -18
39 2 -61
39 5 33
39 7 61
39 10 -85
39 11 -59
39 13 58
39 14 -36
39 15 -98
39 16 33
39 19 85
39 21 38
39 22 22
39 24 -78
39 25 29
39 27 3
39 31 50
39 32 29
39 36 -84
39 39 -74
39 40 86
39 44 -77
39 45 -31
39 49 -56
40 1 -69
40 3 -83
40 5 91
40 7 25
40 8 72
40 9 9
40 11 -49
40 12 58
40 13 -72
40 16 -51
40 18 60
40 19 -91
40 22 -21
40 23 68
40 24 -49
40 27 61
40 30 -20
40 32 10
40 34 -13
40 35 -30
40 37 -50
40 38 82
40 39 -3
40 40 -65
40 41 47
40 42 -3
40 44 73
40 45 93
40 49 75
41 3 -63
41 5 -40
41 7 -67
41 8 34
41 9 26
41 11 34
41 18 33
41 19 -78
41 22 -64
41 25 74
41 26 -44
41 31 -77
41 32 70
41 36 -52
41 37 -79
41 38 -90
41 39 38
41 43 94
41 45 97
41 47 89
41 48 -44
42 1 -36
42 2 -73
42 6 -47
42 8 -95
42 10 23
42 11 -44
42 12 53
42 14 -36
42 15 90
42 16 18
42 17 -61
42 18 -25
42 19 -38
42 20 -3
42 24 -80
42 25 -67
42 26 -70
42 30 23
42 31 -97
42 33 -14
42 37 3
42 38 12
42 40 -96
42 41 -77
42 42 80
42 49 28
43 0 -2
43 1 27
43 3 16
43 7 -37
43 10 -84
43 11 49
43 12 42
43 14 58
43 15 -15
43 16 -7
43 17 22
43 18 26
43 19 -21
43 22 37
43 23 58
43 26 -50
43 27 -33
43 29 16
43 30 -96
43 32 -21
43 33 -91
43 34 26
43 35 28
43 39 -50
43 42 54
43 44 4
43 49 53
44 0 49
44 1 -72
44 4 -86
44 5 44
44 6 44
44 7 39
44 8 94
44 9 -79
44 11 -79
44 12 -81
44 14 -45
44 16 69
44 18 -19
44 19 -52
44 20 -91
44 22 -76
44 23 -48
44 24 42
44 25 -39
44 27 -78
44 31 79
44 35 11
44 38 -43
44 39 44
44 42 79
44 43 -19
44 49 -82
45 0 -13
45 2 24
45 3 -94
45 4 -74
45 6 29
45 8 -45
45 9 -81
45 10 -13
45 12 -91
45 13 -67
45 14 -92
45 15 14
45 16 54
45 18 -53
45 20 52
45 21 25
45 24 53
45 32 43
45 33 -66
45 35 -16
45 36 -6
45 37 -5
45 38 23
45 39 33
45 42 -61
45 44 8
45 45 -38
45 46 -63
45 47 84
46 1 51
46 2 10
46 4 -100
46 7 -13
46 9 98
46 12 -81
46 13 -43
46 17 67
46 19 50
46 25 5
46 28 44
46 31 -79
46 33 -61
46 35 -26
46 36 -79
46 39 -17
46 40 -30
46 42 -74
46 43 -41
46 45 -37
46 47 58
47 0 -27
47 1 -18
47 4 -99
47 8 52
47 10 32
47 11 4
47 12 -79
47 13 -95
47 14 -18
47 15 -70
47 16 -69
47 19 92
47 20 -10
47 21 17
47 23 -24
47 25 -57
47 26 -73
47 27 -37
47 28 -95
47 31 18
47 32 42
47 33 -24
47 34 82
47 38 -86
47 39 -42
47 40 18
47 42 -80
47 45 -5
47 46 -38
47 47 -4
48 2 38
48 5 53
48 10 -76
48 14 -78
48 16 -33
48 18 -16
48 19 34
48 20 93
48 22 -40
48 23 57
48 24 -35
48 25 14
48 26 99
48 29 61
48 34 -37
48 35 -23
48 36 -82
48 40 -66
48 41 79
48 42 -100
48 43 -16
48 46 30
48 47 20
48 48 -25
48 49 -60
49 1 94
49 8 -46
49 9 -86
49 10 24
49 12 32
49 14 24
49 17 -56
49 18 96
49 19 58
49 20 81
49 21 -13
49 22 -22
49 24 42
49 26 56
49 29 -49
49 30 20
49 31 -43
49 32 44
49 33 61
49 34 -45
49 35 -35
49 36 -64
49 39 -98
49 40 3
49 41 -95
49 43 61
49 44 -53
49 49 -31