0 0 -20
0 2 -71
0 3 -8
0 6 -33
0 8 45
0 9 16
0 16 -71
0 17 -79
0 19 22
0 22 44
0 26 -63
0 27 84
0 32 -78
0 45 -86
0 46 -28
0 48 -23
0 55 20
0 56 -13
0 58 -44
0 67 90
0 72 63
0 73 75
0 74 -72
0 78 -81
0 81 -31
0 85 -72
0 89 80
0 91 -78
0 94 69
0 95 -44
0 96 41
0 99 89
0 100 -51
0 106 -78
0 108 -28
0 110 -25
0 113 43
0 126 61
0 130 -86
0 131 26
0 134 -42
0 140 61
0 142 -62
0 144 -12
0 147 66
0 148 42
0 149 -79
1 2 -99
1 8 -58
1 10 -92
1 11 84
1 14 90
1 17 23
1 22 -96
1 25 -72
1 28 71
1 30 9
1 37 -99
1 39 -45
1 41 -14
1 62 66
1 65 -2
1 66 -57
1 71 12
1 79 48
1 82 -19
1 83 -26
1 84 -87
1 89 36
1 92 78
1 95 99
1 105 43
1 111 -62
1 114 30
1 118 82
1 119 96
1 128 65
1 129 81
1 130 -84
1 131 -80
1 132 99
1 145 62
1 146 5
1 147 10
1 149 -17
2 0 91
2 2 56
2 7 71
2 13 98
2 19 26
2 22 -16
2 23 79
2 24 7
2 25 -51
2 26 42
2 30 65
2 36 -35
2 41 51
2 43 96
2 44 -38
2 45 67
2 47 -33
2 57 -16
2 58 88
2 62 1
2 64 40
2 75 93
2 79 -16
2 84 -67
2 92 34
2 99 -32
2 100 100
2 101 -89
2 103 -66
2 104 -16
2 105 91
2 106 8
2 110 -78
2 119 7
2 120 -26
2 121 16
2 123 57
2 132 32
2 135 67
2 136 -48
2 138 17
2 140 -40
2 141 -46
2 142 -10
2 143 17
2 144 -58
2 145 -83
3 2 77
3 3 -9
3 8 95
3 9 -25
3 10 99
3 14 98
3 16 48
3 18 50
3 20 -3
3 27 -77
3 30 32
3 31 62
3 34 43
3 35 -5
3 46 55
3 48 25
3 49 13
3 56 -18
3 59 71
3 62 97
3 67 -87
3 72 -73
3 74 -89
3 76 -3
3 77 -9
3 78 -46
3 82 -78
3 83 27
3 86 -67
3 88 93
3 89 -62
3 91 6
3 102 86
3 108 -38
3 109 77
3 111 100
3 112 32
3 115 -11
3 116 30
3 119 46
3 122 66
3 124 31
3 126 -41
3 131 -51
3 133 -14
3 137 18
4 4 25
4 8 56
4 9 62
4 11 -97
4 13 65
4 20 -65
4 21 -30
4 22 52
4 27 97
4 31 14
4 32 -18
4 33 24
4 36 -53
4 39 71
4 44 -92
4 45 53
4 46 55
4 50 42
4 53 87
4 58 -88
4 69 -13
4 70 -73
4 74 -62
4 75 20
4 77 64
4 78 -14
4 79 51
4 82 -9
4 84 64
4 85 -85
4 89 -32
4 100 -72
4 107 -83
4 111 98
4 113 -40
4 116 -76
4 118 -39
4 119 -46
4 121 -87
4 124 12
4 129 78
4 130 -78
4 132 56
4 134 -62
4 138 73
4 139 53
5 1 43
5 4 78
5 9 15
5 12 -57
5 14 -78
5 16 -20
5 18 29
5 23 -93
5 26 -70
5 27 69
5 35 34
5 36 -10
5 40 -10
5 44 89
5 45 -71
5 48 -49
5 49 80
5 61 14
5 62 86
5 67 -63
5 68 -43
5 69 78
5 75 -47
5 82 -75
5 86 98
5 89 -2
5 93 11
5 97 34
5 98 -74
5 100 20
5 102 70
5 104 -19
5 107 34
5 109 -72
5 110 19
5 114 51
5 115 -89
5 122 -88
5 125 -42
5 126 -34
5 127 -2
5 131 -92
5 134 48
5 135 5
5 138 -73
5 142 -2
5 143 -49
5 144 -29
5 149 30
6 0 2
6 3 -5
6 4 -81
6 7 23
6 14 -38
6 16 -54
6 18 53
6 21 -63
6 24 -91
6 25 73
6 31 -97
6 41 -82
6 44 -80
6 57 -56
6 58 -66
6 64 -19
6 66 -15
6 68 34
6 70 70
6 76 -5
6 77 -89
6 87 88
6 98 95
6 102 84
6 109 -10
6 115 -64
6 119 -5
6 123 -27
6 124 98
6 128 -10
6 129 -88
6 130 16
6 132 -75
6 135 56
6 139 -29
6 147 -83
7 2 85
7 3 -63
7 10 -16
7 12 95
7 20 -77
7 21 -42
7 29 5
7 32 -98
7 34 80
7 38 -68
7 43 16
7 44 84
7 54 -41
7 59 -21
7 61 98
7 62 11
7 65 53
7 66 91
7 69 -98
7 74 32
7 93 -58
7 94 -85
7 96 5
7 97 13
7 101 -38
7 104 36
7 106 76
7 107 81
7 108 98
7 112 -28
7 113 -59
7 115 -48
7 119 98
7 122 20
7 130 -70
7 131 -85
7 132 -61
7 133 78
7 137 -97
7 143 -2
7 147 -21
8 2 -93
8 9 -67
8 13 -91
8 18 42
8 19 7
8 21 92
8 26 -7
8 27 -23
8 38 65
8 41 15
8 43 -95
8 50 -66
8 51 3
8 56 -50
8 60 -26
8 66 98
8 69 -1
8 70 -18
8 71 16
8 72 -42
8 73 8
8 77 3
8 79 -9
8 82 68
8 83 14
8 84 -73
8 85 60
8 86 -45
8 87 18
8 88 87
8 92 55
8 93 82
8 94 -47
8 97 -50
8 98 69
8 106 -15
8 116 -26
8 119 32
8 120 -41
8 121 80
8 124 97
8 127 31
8 128 45
8 129 -95
8 138 -36
8 146 24
9 4 -23
9 5 -47
9 7 -57
9 12 4
9 14 73
9 16 -66
9 22 -100
9 28 43
9 29 -25
9 36 40
9 40 39
9 43 68
9 45 -90
9 47 20
9 48 -30
9 50 -72
9 51 -93
9 52 -35
9 53 61
9 58 -13
9 61 51
9 62 36
9 74 -62
9 75 42
9 76 -46
9 77 -25
9 82 8
9 86 -8
9 88 -87
9 89 43
9 91 36
9 93 -84
9 98 69
9 111 -58
9 112 21
9 115 -76
9 118 65
9 122 -93
9 126 -4
9 128 -59
9 131 -93
9 135 41
9 145 14
9 148 -23
10 1 79
10 8 1
10 10 -80
10 11 -76
10 14 -52
10 15 -68
10 19 15
10 20 -82
10 21 67
10 23 -35
10 24 100
10 26 20
10 31 -83
10 32 -26
10 36 -64
10 40 -33
10 41 9
10 49 -84
10 55 -71
10 57 -99
10 58 94
10 72 -22
10 78 -4
10 81 9
10 82 72
10 83 91
10 90 -62
10 105 -97
10 108 37
10 112 26
10 113 -8
10 114 -10
10 119 28
10 120 65
10 122 -62
10 125 -4
10 127 -6
10 130 -39
10 132 69
10 133 64
10 134 50
10 136 -71
10 144 -17
10 145 60
10 146 -98
11 0 21
11 3 64
11 4 86
11 5 63
11 7 -26
11 11 -66
11 13 76
11 17 -17
11 18 22
11 19 -28
11 29 30
11 37 -94
11 41 -66
11 48 54
11 51 71
11 56 3
11 62 -79
11 63 50
11 64 -69
11 68 81
11 69 -87
11 70 51
11 82 -88
11 85 92
11 86 24
11 88 87
11 91 30
11 93 84
11 94 -62
11 98 69
11 100 -75
11 103 -92
11 109 -54
11 110 69
11 112 38
11 114 54
11 115 -93
11 121 -84
11 123 -31
11 127 81
11 132 17
11 136 -20
11 137 92
11 139 99
11 141 44
11 142 -33
11 144 90
11 146 -40
11 148 -6
12 0 73
12 1 40
12 3 -82
12 7 -90
12 16 -8
12 28 42
12 30 22
12 31 -15
12 34 -20
12 35 -20
12 36 88
12 43 -16
12 47 -72
12 51 -99
12 52 -69
12 53 -81
12 54 -6
12 56 45
12 57 12
12 58 50
12 60 -62
12 78 72
12 82 54
12 84 -32
12 86 -6
12 87 -51
12 92 -80
12 94 -17
12 95 16
12 101 -13
12 113 -51
12 115 13
12 118 -73
12 121 86
12 123 49
12 128 -9
12 131 -65
12 133 62
12 137 -21
12 138 -63
12 145 12
12 149 -28
13 2 26
13 4 41
13 8 -41
13 9 -14
13 17 -25
13 19 -64
13 23 68
13 24 -69
13 34 -26
13 35 71
13 38 11
13 39 21
13 41 -31
13 44 -50
13 46 68
13 47 -83
13 54 -43
13 57 -24
13 63 17
13 66 25
13 72 -24
13 80 -32
13 84 74
13 85 -75
13 97 20
13 100 -19
13 104 53
13 109 65
13 113 40
13 118 30
13 122 19
13 130 63
13 135 38
13 137 20
13 139 -44
13 140 64
13 144 -47
14 0 50
14 4 -1
14 5 -28
14 10 -29
14 12 51
14 15 -75
14 18 -5
14 32 35
14 33 78
14 36 -16
14 40 -84
14 43 -2
14 45 -5
14 46 -62
14 47 81
14 55 -20
14 60 -25
14 64 78
14 65 80
14 68 29
14 78 80
14 86 -84
14 91 72
14 95 42
14 97 -15
14 98 34
14 100 -24
14 102 -94
14 103 -42
14 109 -52
14 110 -37
14 111 -10
14 113 99
14 116 26
14 125 8
14 127 -100
14 128 -55
14 131 -10
14 132 -78
14 135 -51
14 138 -81
14 140 -5
14 141 -14
14 143 -84
14 146 18
15 0 -6
15 2 -6
15 3 81
15 4 -19
15 5 1
15 8 -33
15 9 -24
15 12 -49
15 15 16
15 27 -75
15 34 -1
15 37 -59
15 39 34
15 42 -99
15 54 17
15 56 -43
15 58 -69
15 60 3
15 68 -17
15 74 -64
15 78 18
15 81 -29
15 82 86
15 95 9
15 97 4
15 98 -18
15 102 -40
15 103 -38
15 104 -16
15 107 52
15 108 -23
15 116 9
15 124 -97
15 125 87
15 126 -66
15 135 44
15 136 4
15 139 55
15 145 -75
15 146 50
16 0 39
16 2 -31
16 7 41
16 10 23
16 13 -7
16 17 91
16 19 78
16 22 53
16 23 3
16 25 87
16 27 -52
16 31 -7
16 35 12
16 36 -56
16 38 5
16 40 -20
16 43 35
16 49 -75
16 50 -14
16 55 -19
16 59 -80
16 61 -25
16 68 94
16 69 66
16 72 -13
16 76 32
16 79 -96
16 84 21
16 86 95
16 87 -97
16 99 -29
16 100 -15
16 105 -43
16 108 22
16 109 -28
16 110 40
16 113 18
16 115 59
16 117 -92
16 118 -29
16 121 -76
16 125 87
16 126 -35
16 130 34
16 133 77
16 134 -44
16 144 78
16 147 84
17 1 -66
17 3 -56
17 5 -100
17 7 -26
17 8 97
17 9 34
17 18 -64
17 19 -45
17 21 -19
17 22 98
17 24 -38
17 26 -18
17 27 -46
17 29 92
17 30 90
17 32 81
17 33 61
17 36 26
17 37 -14
17 39 -47
17 47 -17
17 50 -33
17 54 -1
17 56 -95
17 59 54
17 60 84
17 62 -35
17 67 -67
17 71 19
17 77 13
17 80 51
17 84 -99
17 85 -93
17 93 6
17 95 53
17 99 -58
17 102 24
17 103 -28
17 106 -25
17 113 35
17 118 -13
17 126 -92
17 127 56
17 128 -60
17 129 6
17 130 -83
17 132 -17
17 134 6
17 135 70
17 137 -57
17 142 -26
17 144 -12
17 145 -37
17 146 -96
17 147 -11
18 0 25
18 8 49
18 10 93
18 11 -87
18 14 27
18 16 -52
18 19 56
18 20 -15
18 27 100
18 29 -77
18 31 99
18 33 99
18 39 42
18 40 7
18 41 37
18 42 90
18 43 18
18 46 3
18 48 24
18 54 99
18 55 -94
18 58 56
18 60 27
18 61 -60
18 63 -48
18 66 72
18 67 -87
18 71 94
18 72 50
18 76 -16
18 77 84
18 80 -32
18 83 -78
18 85 85
18 86 -78
18 90 21
18 92 87
18 94 7
18 98 18
18 102 -96
18 105 74
18 108 -66
18 111 53
18 112 88
18 116 -89
18 124 99
18 127 -63
18 128 22
18 132 8
18 133 -58
18 134 67
18 137 92
18 138 86
18 141 -71
18 146 -25
19 3 16
19 12 53
19 15 -72
19 20 -62
19 26 37
19 27 -100
19 28 56
19 30 -41
19 33 -2
19 40 -48
19 41 25
19 42 -13
19 46 45
19 47 -52
19 53 -8
19 54 -3
19 56 11
19 58 -87
19 60 -59
19 62 4
19 74 49
19 81 -21
19 83 -67
19 89 28
19 92 -59
19 94 67
19 95 -21
19 96 -19
19 99 39
19 100 -26
19 105 -67
19 106 94
19 110 -100
19 114 35
19 115 68
19 120 93
19 121 -34
19 123 -18
19 126 -86
19 129 53
19 130 -30
19 134 -23
19 137 -94
19 138 -65
19 141 -64
19 147 26
19 148 -52
20 0 72
20 4 -16
20 9 81
20 16 96
20 18 86
20 19 -59
20 20 23
20 25 19
20 27 52
20 29 -65
20 32 -22
20 33 -90
20 35 -27
20 36 -30
20 38 49
20 43 -90
20 45 -18
20 46 -25
20 47 -39
20 49 1
20 50 -55
20 54 77
20 58 -78
20 59 -70
20 63 58
20 64 53
20 70 -85
20 71 -52
20 77 73
20 80 -100
20 84 -27
20 86 81
20 89 11
20 91 48
20 92 44
20 98 -93
20 99 60
20 101 68
20 102 78
20 104 35
20 106 -37
20 110 -82
20 113 -21
20 114 55
20 121 -84
20 128 -60
20 129 56
20 137 60
20 138 -14
20 142 81
20 143 -50
21 1 -88
21 3 -49
21 4 -11
21 6 -97
21 12 76
21 14 -72
21 17 99
21 19 -37
21 25 87
21 28 61
21 29 28
21 40 15
21 42 85
21 43 89
21 44 22
21 45 -21
21 49 -5
21 62 -26
21 66 22
21 75 -97
21 78 41
21 84 -20
21 90 41
21 92 88
21 93 -89
21 95 -28
21 100 -14
21 101 -57
21 103 -58
21 107 62
21 109 -33
21 110 36
21 122 -36
21 125 -33
21 126 85
21 127 44
21 132 21
21 134 -71
21 135 13
21 136 74
21 139 75
21 145 -21
21 147 -20
22 3 -85
22 4 87
22 5 -28
22 7 21
22 18 -30
22 20 10
22 21 45
22 26 -25
22 30 -98
22 31 42
22 37 -10
22 38 3
22 40 -95
22 42 -66
22 48 37
22 50 69
22 51 -63
22 52 -12
22 53 52
22 54 42
22 57 48
22 65 -98
22 66 79
22 69 87
22 71 73
22 72 88
22 73 -49
22 85 7
22 88 38
22 89 -82
22 95 39
22 96 4
22 98 -10
22 99 -17
22 102 56
22 104 -94
22 116 -64
22 119 -53
22 121 20
22 136 -22
22 137 50
22 141 97
22 143 -94
22 149 -4
23 1 -51
23 6 18
23 15 -37
23 22 -97
23 23 -60
23 26 49
23 28 76
23 39 -80
23 43 -49
23 44 59
23 46 -84
23 49 -77
23 50 34
23 52 -60
23 55 -76
23 56 65
23 67 37
23 71 -19
23 73 -24
23 80 32
23 81 -38
23 84 -18
23 89 72
23 91 86
23 92 -11
23 93 92
23 95 -50
23 96 25
23 103 8
23 106 4
23 109 -26
23 111 31
23 113 75
23 115 5
23 118 -10
23 119 -85
23 124 36
23 126 -38
23 132 -18
23 134 95
23 138 67
23 139 -30
23 142 91
23 143 -16
23 146 31
24 3 -50
24 4 31
24 5 91
24 9 -33
24 10 -24
24 12 -88
24 14 21
24 16 -85
24 23 25
24 26 49
24 32 -98
24 33 13
24 35 -28
24 40 -92
24 41 -67
24 44 90
24 45 -42
24 48 31
24 51 35
24 53 -11
24 57 61
24 63 28
24 65 59
24 81 -79
24 82 -14
24 85 68
24 87 -73
24 89 87
24 90 -65
24 91 23
24 95 -24
24 98 -24
24 99 -44
24 101 90
24 103 86
24 107 -55
24 108 32
24 113 70
24 116 -100
24 117 19
24 119 58
24 120 30
24 122 -19
24 129 -87
24 130 -99
24 134 91
24 135 96
24 137 -26
24 138 73
24 140 85
25 8 85
25 15 -40
25 16 22
25 20 -96
25 23 -54
25 29 -35
25 47 84
25 49 50
25 53 66
25 54 -8
25 60 33
25 61 -58
25 63 84
25 65 -87
25 67 -68
25 69 -5
25 71 -40
25 74 77
25 76 -3
25 83 64
25 86 36
25 92 -72
25 95 -78
25 96 44
25 97 -40
25 98 23
25 99 61
25 100 62
25 107 45
25 109 -79
25 114 3
25 122 60
25 125 56
25 130 -8
25 134 -5
25 138 57
25 142 -53
25 147 -73
26 4 -66
26 7 -64
26 8 -14
26 9 -26
26 10 40
26 14 38
26 15 -9
26 16 -48
26 22 41
26 25 -7
26 35 -45
26 36 -71
26 48 27
26 51 -95
26 57 64
26 58 32
26 61 45
26 68 29
26 72 -73
26 75 6
26 86 -31
26 87 -29
26 92 75
26 93 15
26 106 -40
26 107 -95
26 109 70
26 110 -82
26 114 10
26 115 91
26 118 78
26 119 -100
26 121 -71
26 125 51
26 126 65
26 127 -80
26 134 -56
26 137 -76
26 138 12
26 140 -11
26 143 100
26 146 12
26 147 -79
27 2 74
27 5 -42
27 6 83
27 7 46
27 13 -77
27 15 -50
27 24 -58
27 31 -8
27 34 -70
27 35 -15
27 41 -47
27 42 58
27 43 1
27 44 19
27 46 99
27 50 31
27 52 -20
27 56 -42
27 57 41
27 59 60
27 61 -41
27 63 64
27 68 -25
27 69 -42
27 70 41
27 73 -58
27 74 -71
27 85 41
27 86 95
27 87 16
27 95 17
27 98 1
27 100 -80
27 103 16
27 104 68
27 107 -83
27 109 59
27 110 35
27 111 82
27 112 -63
27 117 -35
27 124 -44
27 128 -83
27 130 -59
27 132 55
27 133 -83
27 135 30
27 136 86
27 138 68
27 145 -9
28 5 73
28 7 49
28 8 49
28 9 -2
28 11 70
28 12 33
28 14 74
28 16 100
28 17 -69
28 21 -44
28 28 13
28 30 -85
28 32 32
28 33 -83
28 38 -83
28 39 -94
28 42 34
28 43 60
28 47 -32
28 57 1
28 59 7
28 65 -98
28 82 79
28 87 -17
28 98 75
28 100 4
28 102 81
28 110 63
28 112 75
28 115 -29
28 117 -54
28 122 -36
28 126 -7
28 128 6
28 132 2
28 138 -96
28 143 28
28 145 -29
28 147 -71
28 149 -37
29 0 -38
29 1 -32
29 5 -68
29 6 62
29 7 -49
29 25 -5
29 38 -47
29 39 -84
29 43 -2
29 44 4
29 47 -86
29 48 -62
29 51 19
29 52 5
29 63 36
29 69 -51
29 70 -78
29 71 -96
29 72 5
29 75 -85
29 79 3
29 80 -33
29 94 78
29 95 70
29 96 -39
29 97 -79
29 98 -46
29 108 91
29 111 46
29 113 4
29 120 -63
29 121 21
29 126 56
29 129 21
29 136 -95
29 138 -35
29 142 11
29 143 68
29 146 -67
30 0 -32
30 2 52
30 3 -2
30 6 95
30 11 -25
30 13 48
30 18 65
30 19 85
30 20 61
30 26 95
30 28 -27
30 29 76
30 30 79
30 31 -75
30 32 -40
30 33 -92
30 37 -29
30 39 -48
30 46 -92
30 58 26
30 63 -94
30 65 99
30 66 61
30 67 -53
30 68 13
30 72 33
30 73 -76
30 75 42
30 76 -75
30 83 79
30 86 20
30 87 3
30 95 70
30 96 -43
30 97 -88
30 98 -51
30 99 92
30 100 -2
30 108 -50
30 111 2
30 115 23
30 116 85
30 118 1
30 120 23
30 127 -63
30 129 -7
30 140 -6
30 142 15
30 143 93
30 146 74
30 149 -8
31 2 -70
31 6 99
31 7 -34
31 8 100
31 20 72
31 21 41
31 24 57
31 25 -11
31 29 -19
31 30 63
31 31 36
31 33 81
31 41 -79
31 44 51
31 45 -72
31 48 33
31 51 22
31 52 83
31 57 5
31 59 24
31 62 64
31 63 34
31 64 -58
31 66 -61
31 75 19
31 76 -55
31 78 91
31 82 29
31 87 -99
31 93 -45
31 102 16
31 104 -47
31 106 -97
31 107 -24
31 108 -11
31 111 9
31 112 -12
31 113 5
31 122 -7
31 126 56
31 137 -71
31 138 19
31 141 -88
32 2 -32
32 12 82
32 17 71
32 20 -54
32 22 89
32 26 -18
32 30 -21
32 40 -24
32 41 -77
32 43 60
32 45 -62
32 50 92
32 51 -69
32 53 -6
32 55 -94
32 59 77
32 61 94
32 64 42
32 66 76
32 77 46
32 78 -90
32 80 82
32 81 67
32 83 96
32 84 -54
32 88 -80
32 91 87
32 92 -24
32 93 35
32 99 -71
32 103 40
32 108 33
32 109 -100
32 114 -6
32 116 -81
32 119 -35
32 123 -15
32 125 -64
32 128 -41
32 132 100
32 134 46
32 140 91
32 141 98
32 145 28
32 146 3
33 5 -70
33 10 26
33 13 -63
33 18 81
33 21 -40
33 22 73
33 23 -69
33 24 47
33 25 35
33 26 91
33 37 8
33 38 -13
33 42 42
33 44 -39
33 46 11
33 49 -58
33 51 18
33 52 -74
33 53 -82
33 54 -95
33 56 19
33 62 -93
33 72 95
33 79 -17
33 80 -40
33 82 -69
33 84 -97
33 91 -33
33 94 26
33 95 48
33 97 79
33 102 -60
33 106 -85
33 108 97
33 110 63
33 111 -82
33 112 -97
33 113 99
33 115 33
33 117 -75
33 119 38
33 121 -54
33 123 25
33 124 -75
33 125 68
33 128 -50
33 133 71
33 136 -46
33 139 23
33 142 33
33 146 10
33 149 -66
34 1 -63
34 7 -46
34 9 67
34 12 53
34 14 3
34 15 11
34 17 -33
34 26 1
34 33 45
34 38 50
34 40 -33
34 41 35
34 50 72
34 52 -8
34 54 3
34 55 96
34 57 -79
34 65 -89
34 66 15
34 68 -23
34 77 35
34 82 -9
34 84 -78
34 87 -38
34 91 86
34 92 -20
34 94 43
34 96 78
34 98 62
34 107 -58
34 113 51
34 114 96
34 115 -56
34 116 -100
34 117 41
34 119 76
34 124 26
34 129 90
34 132 -83
34 136 41
34 141 60
34 146 -95
34 148 -61
35 1 92
35 5 -36
35 6 80
35 9 -21
35 11 11
35 14 63
35 17 -53
35 19 26
35 23 25
35 28 66
35 29 -82
35 32 5
35 34 71
35 36 -95
35 40 2
35 44 30
35 45 6
35 55 -62
35 58 -5
35 61 -41
35 62 5
35 65 -46
35 77 80
35 80 -8
35 81 -69
35 83 -16
35 85 56
35 87 92
35 91 -49
35 94 -91
35 95 89
35 96 73
35 104 5
35 105 -62
35 112 48
35 116 -86
35 117 4
35 121 -70
35 122 26
35 126 -59
35 127 18
35 144 31
35 145 -76
36 1 20
36 6 44
36 11 90
36 14 -81
36 21 -32
36 27 -18
36 38 12
36 39 46
36 43 -17
36 46 17
36 47 19
36 64 84
36 67 -85
36 75 -75
36 77 -63
36 79 -82
36 81 18
36 83 89
36 91 -65
36 93 3
36 96 21
36 99 -1
36 100 -35
36 101 -90
36 102 -21
36 103 41
36 110 -38
36 112 3
36 113 17
36 120 30
36 122 43
36 123 -42
36 127 52
36 134 -86
36 136 -91
36 142 -62
36 146 -50
36 148 -46
36 149 -22
37 0 -35
37 7 -61
37 9 43
37 16 47
37 23 36
37 25 -61
37 26 -87
37 27 -70
37 30 28
37 33 -31
37 34 -37
37 42 70
37 46 53
37 47 -29
37 50 17
37 55 -36
37 60 61
37 63 -2
37 64 -15
37 68 -87
37 73 22
37 74 -77
37 79 100
37 84 79
37 87 60
37 93 38
37 94 -98
37 99 56
37 103 -69
37 104 -84
37 105 -5
37 106 83
37 107 38
37 109 4
37 110 -1
37 114 53
37 115 81
37 117 19
37 118 -4
37 124 -15
37 127 98
37 133 10
37 142 71
37 145 -50
37 146 68
37 148 -48
37 149 35
38 7 -26
38 8 -99
38 11 14
38 12 -86
38 14 -83
38 16 29
38 18 38
38 19 -12
38 21 -56
38 26 79
38 28 -21
38 31 -37
38 35 28
38 38 67
38 42 -18
38 47 57
38 65 61
38 66 81
38 68 5
38 73 -54
38 75 30
38 78 -43
38 79 -83
38 82 -75
38 83 95
38 84 73
38 89 66
38 92 71
38 95 53
38 97 -41
38 99 43
38 100 87
38 101 -42
38 107 -84
38 109 -22
38 113 95
38 119 17
38 123 63
38 124 91
38 129 -79
38 132 -72
38 134 -82
38 149 71
39 7 77
39 10 -36
39 11 95
39 12 81
39 14 79
39 19 1
39 21 -100
39 26 98
39 27 71
39 30 -2
39 34 96
39 42 -95
39 43 48
39 45 -87
39 48 26
39 49 -43
39 52 99
39 53 -73
39 55 -91
39 56 100
39 58 27
39 59 80
39 67 76
39 68 -59
39 71 35
39 73 -11
39 74 -53
39 75 -49
39 79 -35
39 80 82
39 89 -49
39 100 -55
39 102 -13
39 106 -71
39 108 86
39 113 98
39 119 83
39 120 -44
39 122 72
39 124 -24
39 126 18
39 132 -21
39 134 -53
39 140 62
39 141 47
39 143 -57
39 146 63
39 147 -74
39 148 18
40 1 77
40 6 -77
40 9 -87
40 14 -8
40 19 84
40 23 85
40 24 -20
40 25 14
40 27 -97
40 32 90
40 33 -9
40 34 -65
40 36 -51
40 41 -77
40 43 55
40 45 29
40 47 62
40 50 -88
40 51 65
40 53 69
40 56 -34
40 58 53
40 62 73
40 63 -14
40 65 45
40 67 40
40 73 -70
40 74 -99
40 76 -57
40 77 -72
40 78 -64
40 80 -12
40 85 86
40 88 -83
40 91 5
40 93 86
40 95 84
40 99 -79
40 100 -42
40 104 -28
40 107 -6
40 109 -28
40 114 37
40 125 -69
40 126 -35
40 127 53
40 132 -30
40 142 -87
40 144 -20
41 0 68
41 3 -89
41 22 20
41 23 -48
41 24 80
41 31 15
41 43 75
41 47 2
41 51 86
41 52 66
41 57 -9
41 58 88
41 62 -92
41 68 -44
41 72 46
41 77 -60
41 81 21
41 82 -52
41 87 -79
41 88 62
41 92 -75
41 94 -80
41 100 -54
41 107 -35
41 110 -36
41 112 33
41 115 -12
41 117 1
41 118 44
41 123 -57
41 124 -98
41 129 -58
41 131 67
41 132 41
41 133 -8
41 136 -90
41 139 -46
41 141 45
41 142 -44
42 3 -43
42 7 -87
42 10 -16
42 12 72
42 15 -53
42 17 -23
42 20 68
42 23 21
42 25 9
42 27 28
42 30 60
42 31 28
42 32 5
42 38 88
42 41 53
42 46 34
42 53 -51
42 54 40
42 56 32
42 58 -20
42 62 -88
42 66 1
42 69 -72
42 70 -92
42 71 -62
42 73 2
42 79 -25
42 83 65
42 84 80
42 88 -83
42 89 37
42 92 20
42 93 -46
42 96 51
42 99 -41
42 101 37
42 103 9
42 104 32
42 110 32
42 115 -98
42 117 -18
42 119 93
42 121 54
42 125 -41
42 128 4
42 131 -18
42 135 -87
42 144 -15
42 147 4
43 1 49
43 3 30
43 8 -7
43 10 -27
43 14 18
43 17 62
43 19 91
43 24 -75
43 25 -50
43 34 -48
43 48 -6
43 52 -22
43 53 -95
43 60 -77
43 69 17
43 75 -11
43 78 -3
43 79 -96
43 83 72
43 85 2
43 89 -81
43 90 -46
43 94 -43
43 96 -15
43 97 -46
43 104 -6
43 105 45
43 108 58
43 112 61
43 113 -41
43 121 51
43 130 90
43 132 -73
43 133 -23
43 136 -75
43 142 -49
43 143 45
43 147 22
44 0 14
44 1 55
44 4 83
44 6 11
44 8 61
44 16 -17
44 17 43
44 18 -65
44 19 -91
44 21 -82
44 22 -77
44 27 -84
44 28 47
44 43 54
44 48 -27
44 50 1
44 55 -2
44 56 -34
44 57 18
44 60 -1
44 61 -33
44 65 25
44 68 -56
44 69 86
44 72 47
44 73 75
44 80 -3
44 82 12
44 86 68
44 97 -44
44 99 75
44 101 83
44 102 99
44 107 -21
44 113 60
44 117 38
44 122 10
44 129 70
44 133 -21
44 135 -42
44 143 -100
44 147 -30
44 149 82
45 5 -24
45 7 34
45 12 68
45 15 71
45 17 -24
45 19 32
45 24 97
45 29 -75
45 31 -26
45 35 -30
45 36 27
45 37 30
45 42 -29
45 43 -34
45 44 -25
45 47 67
45 49 -96
45 52 71
45 53 26
45 60 61
45 62 72
45 63 -63
45 66 -32
45 67 -40
45 69 41
45 70 74
45 74 -12
45 76 -74
45 78 -37
45 82 40
45 89 -52
45 99 4
45 104 6
45 105 -17
45 112 -88
45 118 24
45 122 92
45 128 3
45 135 -100
45 137 -80
45 139 19
45 141 34
45 142 20
45 145 67
45 148 -85
46 1 -11
46 2 26
46 4 72
46 5 -83
46 7 -7
46 10 53
46 11 15
46 15 -82
46 17 1
46 18 97
46 23 24
46 24 28
46 25 -70
46 27 -64
46 28 -44
46 33 -19
46 38 -35
46 42 -1
46 44 15
46 46 -9
46 49 -99
46 53 20
46 56 -100
46 59 -53
46 78 -91
46 80 19
46 82 53
46 83 25
46 86 4
46 87 27
46 88 -10
46 90 32
46 92 92
46 94 -93
46 98 -47
46 101 -53
46 105 5
46 107 61
46 116 -14
46 121 -6
46 124 -16
46 125 5
46 126 -2
46 127 80
46 138 57
46 144 11
46 145 4
46 146 -64
47 0 -98
47 3 67
47 5 43
47 6 5
47 7 -92
47 10 94
47 12 93
47 14 78
47 16 -95
47 17 -49
47 21 -98
47 25 67
47 28 -60
47 29 -98
47 35 -83
47 36 54
47 37 29
47 43 -50
47 50 81
47 51 62
47 58 -8
47 61 64
47 64 -62
47 67 18
47 69 -33
47 76 -57
47 78 71
47 79 -7
47 83 41
47 85 29
47 88 -81
47 94 70
47 96 -46
47 103 -2
47 104 84
47 105 -62
47 106 -76
47 107 51
47 108 57
47 115 77
47 116 38
47 119 -50
47 121 82
47 123 49
47 125 52
47 126 90
47 128 -32
47 132 -52
47 135 25
47 136 -68
47 139 -65
47 143 -9
48 3 -6
48 4 29
48 5 -61
48 6 -84
48 9 -96
48 10 49
48 11 18
48 19 -25
48 24 -44
48 25 -17
48 28 93
48 31 -43
48 32 -11
48 41 -80
48 46 -23
48 52 85
48 53 -3
48 58 14
48 60 -14
48 61 -42
48 62 94
48 68 -49
48 72 -85
48 79 35
48 83 83
48 84 51
48 85 -5
48 87 -65
48 91 89
48 92 -57
48 95 -5
48 99 36
48 104 23
48 107 -17
48 109 -9
48 110 91
48 114 -70
48 118 -93
48 122 60
48 126 88
48 128 -37
48 130 -77
48 131 -71
48 132 -92
48 136 34
48 139 -80
48 140 -32
48 143 -58
48 144 -45
48 145 68
48 148 21
49 3 -26
49 4 -28
49 8 -51
49 9 -90
49 12 32
49 13 63
49 15 88
49 16 -87
49 17 -85
49 19 -94
49 24 42
49 28 82
49 29 -85
49 30 -17
49 33 5
49 37 -42
49 38 -98
49 49 -22
49 50 1
49 51 51
49 53 -69
49 57 -54
49 58 9
49 63 -45
49 66 83
49 67 74
49 73 19
49 83 8
49 85 33
49 88 -74
49 89 -73
49 90 -74
49 95 72
49 96 23
49 97 -73
49 104 96
49 106 99
49 107 17
49 110 -22
49 111 47
49 113 72
49 115 53
49 116 -43
49 118 7
49 121 -38
49 123 -29
49 124 -61
49 125 55
49 126 56
49 127 -48
49 133 -38
49 136 -94
49 137 -38
49 138 69
49 140 -23
49 141 -99
49 142 93
49 143 73
49 146 99
49 147 -95
49 149 29
50 2 11
50 5 -91
50 9 -22
50 11 54
50 17 91
50 22 -49
50 25 -75
50 28 -54
50 33 36
50 37 12
50 38 44
50 41 -34
50 46 61
50 49 -99
50 52 -1
50 53 -71
50 58 55
50 59 65
50 61 -4
50 62 -76
50 63 -3
50 65 -61
50 68 -71
50 69 -11
50 74 -24
50 83 92
50 86 24
50 93 -28
50 94 27
50 95 90
50 98 32
50 101 -50
50 102 22
50 103 -64
50 104 -7
50 108 45
50 115 -76
50 118 -24
50 121 -26
50 122 100
50 127 -65
50 128 -35
50 132 39
50 135 -89
50 138 -77
50 139 -1
50 144 -2
50 148 -77
51 4 -24
51 8 -58
51 11 -20
51 16 -59
51 22 -53
51 32 -38
51 33 -26
51 43 -53
51 45 -53
51 49 -76
51 55 89
51 59 11
51 60 89
51 62 1
51 63 95
51 69 -30
51 70 -56
51 71 95
51 75 34
51 80 31
51 81 -37
51 85 21
51 87 -79
51 95 -48
51 101 47
51 109 20
51 115 32
51 120 54
51 121 35
51 124 58
51 126 -14
51 127 -91
51 128 14
51 129 31
51 139 -99
51 142 49
51 143 -38
51 146 58
52 0 -47
52 2 -20
52 5 -14
52 9 -56
52 12 -2
52 13 86
52 18 -8
52 23 95
52 26 -17
52 33 50
52 35 26
52 37 -43
52 38 17
52 44 -86
52 45 29
52 47 74
52 50 -94
52 51 97
52 56 87
52 59 21
52 63 -17
52 64 -96
52 67 -19
52 68 -76
52 74 73
52 80 -50
52 81 31
52 82 -68
52 83 -79
52 87 93
52 88 -61
52 93 11
52 94 77
52 99 50
52 105 98
52 107 71
52 111 -17
52 112 -30
52 114 66
52 119 57
52 128 -61
52 129 -66
52 133 -94
52 134 -6
52 135 -77
52 136 70
52 138 71
52 139 97
52 140 -70
52 141 -46
52 142 87
52 143 -87
52 145 -30
52 146 -2
53 0 -81
53 1 -95
53 3 -21
53 11 92
53 13 27
53 15 34
53 16 -86
53 18 -66
53 27 -57
53 32 -25
53 36 55
53 40 -20
53 44 -23
53 45 18
53 46 -59
53 49 90
53 56 -35
53 57 -96
53 63 50
53 66 -6
53 72 44
53 77 -22
53 78 76
53 80 -65
53 83 -58
53 92 92
53 96 95
53 98 -44
53 104 -1
53 107 -67
53 110 -95
53 111 -97
53 112 7
53 115 37
53 116 -10
53 117 -3
53 119 -17
53 122 83
53 124 -7
53 125 -55
53 126 84
53 127 21
53 130 -43
53 133 -93
53 134 31
53 139 -94
53 148 -43
54 0 -99
54 2 32
54 4 89
54 8 50
54 14 48
54 24 81
54 29 -10
54 30 92
54 32 27
54 33 28
54 35 42
54 45 18
54 58 35
54 61 -68
54 68 40
54 69 29
54 70 -76
54 80 -15
54 81 82
54 83 26
54 84 52
54 85 -86
54 88 67
54 89 -73
54 93 -91
54 97 -20
54 98 35
54 103 87
54 105 75
54 106 20
54 113 95
54 115 -49
54 123 -92
54 124 -32
54 133 -78
54 139 63
54 143 -59
55 6 -5
55 8 20
55 9 -1
55 16 -8
55 18 10
55 19 -31
55 20 2
55 26 -9
55 30 -32
55 32 -96
55 33 12
55 34 14
55 37 12
55 38 -31
55 50 26
55 51 -24
55 56 -60
55 57 -14
55 59 20
55 60 26
55 64 19
55 71 62
55 72 -55
55 75 32
55 78 7
55 79 -64
55 81 -94
55 82 -47
55 87 40
55 89 71
55 90 -13
55 95 -38
55 96 65
55 101 80
55 104 -8
55 106 26
55 110 -9
55 111 -80
55 112 -17
55 113 11
55 117 77
55 125 54
55 126 -39
55 134 -66
55 137 -91
56 5 -92
56 7 -20
56 10 -23
56 11 -82
56 13 -65
56 15 -56
56 16 87
56 20 16
56 22 -26
56 29 -38
56 32 65
56 35 -57
56 43 -31
56 44 74
56 45 -28
56 46 -3
56 47 97
56 49 -73
56 54 66
56 60 -50
56 64 -26
56 66 30
56 68 81
56 72 75
56 75 22
56 76 -20
56 79 42
56 80 -89
56 95 -77
56 96 -21
56 101 -79
56 103 -88
56 104 -45
56 105 -97
56 107 66
56 110 81
56 113 -18
56 117 88
56 121 -89
56 122 21
56 134 -99
56 135 72
56 143 -90
56 147 71
56 148 -38
57 4 48
57 7 -92
57 11 -95
57 12 80
57 13 -16
57 14 -19
57 16 79
57 22 -18
57 28 -94
57 30 36
57 34 -25
57 35 -14
57 38 -82
57 42 53
57 50 -49
57 54 73
57 58 19
57 64 21
57 69 -72
57 75 -98
57 84 49
57 85 56
57 86 -10
57 87 -83
57 88 -55
57 95 98
57 98 47
57 99 32
57 102 -26
57 105 43
57 106 -12
57 108 -94
57 109 -44
57 111 -75
57 113 -23
57 114 68
57 130 -60
57 132 23
57 134 65
57 138 32
57 141 -57
57 149 24
58 3 40
58 4 -10
58 6 85
58 10 39
58 13 51
58 20 35
58 38 69
58 41 98
58 48 -49
58 52 75
58 54 68
58 58 91
58 60 76
58 61 -94
58 62 8
58 64 75
58 65 74
58 68 -63
58 70 -71
58 72 92
58 73 54
58 74 -50
58 75 -2
58 81 -18
58 87 -18
58 88 25
58 90 18
58 93 59
58 97 99
58 102 69
58 106 -24
58 108 37
58 112 -47
58 114 21
58 115 -31
58 118 96
58 119 -60
58 120 72
58 128 55
58 131 79
58 132 63
58 133 24
58 134 52
58 135 67
58 136 39
58 143 13
58 145 -75
58 146 8
59 2 18
59 11 -61
59 16 -3
59 17 -21
59 18 -33
59 21 -7
59 28 -89
59 30 4
59 34 53
59 38 9
59 40 -88
59 53 -54
59 54 98
59 55 -8
59 59 -65
59 61 -85
59 62 -19
59 66 -64
59 67 74
59 68 -36
59 71 -23
59 72 -94
59 74 -12
59 77 -16
59 86 14
59 87 -11
59 88 -98
59 90 -20
59 94 -31
59 96 -83
59 98 36
59 99 71
59 103 -52
59 110 23
59 115 -57
59 116 -99
59 119 34
59 126 6
59 131 -69
59 133 3
59 135 -93
59 138 74
59 141 37
59 145 73
59 146 -47
59 149 27
60 1 -26
60 11 -78
60 13 -9
60 14 96
60 15 -36
60 18 36
60 21 1
60 24 64
60 26 -80
60 28 -67
60 29 -62
60 30 -31
60 31 41
60 36 -86
60 44 -21
60 46 49
60 49 67
60 51 50
60 52 -35
60 59 -99
60 61 20
60 63 73
60 66 85
60 68 16
60 72 -79
60 81 17
60 87 99
60 90 100
60 91 -81
60 97 -2
60 103 -64
60 105 -93
60 106 28
60 112 95
60 114 -12
60 115 -60
60 116 41
60 118 -93
60 119 84
60 120 75
60 121 -96
60 128 12
60 130 -84
60 131 -91
60 135 -13
60 147 -66
61 0 84
61 4 -44
61 5 12
61 9 -11
61 15 -85
61 26 -62
61 29 -73
61 32 69
61 34 -38
61 35 -5
61 36 10
61 38 -5
61 39 -43
61 40 50
61 41 -74
61 44 -2
61 45 28
61 48 -92
61 57 62
61 62 71
61 66 -54
61 73 52
61 74 95
61 75 75
61 79 82
61 82 -4
61 85 96
61 88 -76
61 93 -9
61 95 58
61 108 32
61 120 -86
61 123 54
61 133 -9
61 134 37
61 136 60
61 137 -53
61 138 28
61 142 16
61 143 84
61 146 15
61 148 51
62 7 -30
62 16 -24
62 17 -75
62 18 -61
62 20 -46
62 22 36
62 26 16
62 32 84
62 33 18
62 39 -8
62 40 -66
62 42 -87
62 45 -65
62 49 -74
62 52 -77
62 54 40
62 55 16
62 58 -33
62 64 11
62 65 95
62 68 49
62 69 39
62 72 -22
62 75 31
62 76 -2
62 77 12
62 79 -2
62 81 -92
62 84 -26
62 90 55
62 91 9
62 94 -12
62 95 -96
62 96 33
62 102 18
62 104 49
62 107 -53
62 111 -37
62 121 -63
62 123 -87
62 124 -9
62 126 -23
62 133 -55
62 135 44
62 136 -42
62 137 -77
62 141 -38
62 149 100
63 0 61
63 2 48
63 10 -61
63 11 94
63 22 -75
63 25 7
63 26 -9
63 31 80
63 32 51
63 33 28
63 34 89
63 35 37
63 44 -55
63 45 -42
63 46 -52
63 47 -49
63 52 81
63 53 76
63 58 -92
63 64 -28
63 66 -82
63 72 -51
63 73 -45
63 77 81
63 86 63
63 89 43
63 91 17
63 92 -56
63 96 -74
63 105 -14
63 107 16
63 108 46
63 112 40
63 114 -7
63 116 1
63 119 -5
63 120 76
63 122 92
63 123 -63
63 131 86
63 132 34
63 134 -44
63 138 -40
63 141 -14
63 145 -7
64 1 -91
64 3 -46
64 6 69
64 10 -76
64 13 -6
64 14 80
64 17 -93
64 19 95
64 22 -50
64 23 -59
64 25 30
64 28 -4
64 35 85
64 38 42
64 42 -77
64 43 95
64 45 -19
64 57 42
64 58 46
64 59 35
64 62 -85
64 63 -10
64 68 -12
64 75 25
64 76 65
64 83 -52
64 87 -78
64 89 66
64 92 78
64 94 91
64 96 89
64 99 -93
64 103 46
64 104 10
64 107 -32
64 108 -26
64 110 58
64 111 8
64 116 8
64 118 52
64 123 -86
64 124 90
64 125 3
64 129 75
64 136 50
64 139 9
64 143 29
64 148 -89
64 149 58
65 1 -71
65 5 76
65 10 -96
65 11 -76
65 16 16
65 17 33
65 22 -32
65 30 8
65 34 -38
65 37 -6
65 40 69
65 41 66
65 42 -23
65 46 60
65 47 -91
65 51 -100
65 54 -15
65 55 70
65 56 86
65 60 90
65 67 50
65 69 58
65 71 -12
65 72 -20
65 75 41
65 77 81
65 78 67
65 80 -94
65 86 88
65 87 34
65 88 -77
65 90 -18
65 93 85
65 96 -72
65 101 66
65 106 85
65 108 -36
65 111 -92
65 113 -29
65 114 -52
65 119 24
65 121 -53
65 123 2
65 132 11
65 139 -57
65 146 78
65 149 47
66 1 16
66 2 67
66 4 -48
66 10 23
66 12 -47
66 14 42
66 16 -89
66 21 36
66 22 -35
66 24 -90
66 25 39
66 28 -94
66 35 -95
66 36 -100
66 38 88
66 39 25
66 60 -52
66 67 -36
66 70 60
66 71 97
66 77 -18
66 78 -50
66 80 93
66 97 13
66 98 85
66 100 66
66 101 23
66 109 -90
66 112 -77
66 116 72
66 120 -31
66 124 -59
66 126 75
66 133 54
66 136 -29
66 137 5
66 139 -72
66 141 28
66 142 39
66 144 -51
66 145 -3
66 149 66
67 0 -5
67 2 3
67 11 88
67 12 34
67 15 -79
67 16 -2
67 22 -15
67 28 -41
67 45 -63
67 48 -31
67 50 67
67 53 64
67 62 38
67 63 29
67 65 -15
67 69 95
67 72 -59
67 73 92
67 80 -35
67 91 99
67 93 -59
67 97 -80
67 110 20
67 112 28
67 115 94
67 118 47
67 121 31
67 125 -52
67 127 -74
67 131 -63
67 134 -26
67 135 -16
67 140 -23
67 141 76
67 142 -88
67 148 -31
68 4 -39
68 9 57
68 10 -85
68 13 -51
68 14 -74
68 18 53
68 19 70
68 21 -85
68 28 -73
68 37 37
68 43 5
68 45 35
68 49 -68
68 50 2
68 58 -90
68 61 -98
68 65 -47
68 66 14
68 67 91
68 68 53
68 69 31
68 78 45
68 81 -84
68 87 29
68 90 88
68 93 5
68 99 -62
68 102 -33
68 107 -4
68 108 -6
68 113 16
68 114 -85
68 116 -18
68 118 89
68 119 -30
68 129 60
68 130 37
68 133 -30
68 137 12
68 138 -95
68 143 -81
69 4 -2
69 7 -82
69 12 -64
69 16 -64
69 18 -33
69 20 -75
69 21 8
69 23 18
69 25 -39
69 26 -64
69 28 -69
69 32 40
69 33 74
69 34 -92
69 36 -62
69 41 -8
69 42 70
69 44 78
69 48 3
69 56 -34
69 61 -55
69 63 -25
69 66 84
69 67 3
69 68 -80
69 73 -17
69 74 -73
69 77 -44
69 80 -23
69 81 76
69 96 -66
69 99 26
69 100 -45
69 102 25
69 105 25
69 106 87
69 108 99
69 110 17
69 114 59
69 117 96
69 122 58
69 126 11
69 128 63
69 129 -17
69 130 30
69 133 83
69 135 -47
69 141 -49
69 142 50
69 143 -27
69 144 27
69 149 -64
70 0 32
70 1 14
70 2 7
70 8 99
70 10 -19
70 13 -4
70 17 85
70 20 86
70 26 -95
70 28 -57
70 34 -48
70 35 -46
70 36 -40
70 42 -20
70 46 -43
70 48 8
70 49 32
70 54 -2
70 55 -19
70 68 9
70 69 20
70 71 -87
70 78 -82
70 79 18
70 82 -100
70 83 -36
70 88 26
70 90 32
70 94 -7
70 96 27
70 101 77
70 103 26
70 104 51
70 105 -54
70 107 64
70 109 -31
70 112 -7
70 118 82
70 119 -5
70 122 100
70 137 99
70 140 -66
70 145 66
70 146 -40
70 147 10
70 148 35
71 0 54
71 4 85
71 6 81
71 9 -33
71 11 63
71 17 33
71 19 -78
71 20 -18
71 24 38
71 25 -48
71 27 -95
71 33 45
71 34 82
71 57 48
71 64 6
71 67 42
71 71 -8
71 78 -44
71 79 -12
71 88 -13
71 90 42
71 91 85
71 99 -70
71 100 -90
71 101 45
71 103 -46
71 104 91
71 105 -31
71 107 31
71 113 7
71 114 90
71 115 47
71 116 -87
71 121 -46
71 125 -25
71 127 -45
71 130 -90
71 138 38
71 141 95
71 142 -55
71 144 -87
71 147 71
72 0 -61
72 2 2
72 6 -50
72 7 46
72 11 80
72 12 -94
72 14 49
72 16 -76
72 20 72
72 23 -56
72 28 -49
72 29 -59
72 31 40
72 33 23
72 36 -59
72 39 -11
72 41 82
72 48 -46
72 51 27
72 55 1
72 56 63
72 58 90
72 70 78
72 72 -40
72 78 14
72 79 89
72 83 23
72 84 40
72 88 -5
72 91 -83
72 104 -52
72 105 -96
72 108 22
72 112 -69
72 113 -51
72 115 -84
72 118 -99
72 119 -70
72 124 3
72 127 9
72 128 -53
72 132 44
72 134 35
72 137 -50
72 138 -50
72 140 -87
72 141 46
72 143 -53
72 144 -24
72 148 -83
73 3 -70
73 15 77
73 19 68
73 20 41
73 27 -90
73 28 -65
73 29 -81
73 30 -15
73 37 81
73 41 78
73 42 17
73 47 85
73 50 -82
73 51 -46
73 54 -73
73 55 -32
73 57 32
73 60 -97
73 61 -80
73 63 11
73 67 74
73 74 -20
73 75 -99
73 81 -54
73 83 41
73 89 -22
73 91 -16
73 94 -71
73 98 42
73 100 -69
73 104 74
73 107 4
73 112 5
73 113 16
73 114 85
73 121 -86
73 122 67
73 126 37
73 129 30
73 130 51
73 131 -17
73 133 -93
73 138 -32
73 140 98
73 143 60
73 145 10
74 2 -64
74 8 -51
74 11 -99
74 12 75
74 16 -62
74 20 71
74 24 -27
74 26 -97
74 31 77
74 34 32
74 35 20
74 36 2
74 42 -8
74 44 -67
74 47 24
74 58 15
74 62 94
74 64 -81
74 66 73
74 78 -22
74 79 28
74 88 -84
74 90 19
74 92 91
74 93 82
74 94 -86
74 95 80
74 97 88
74 103 60
74 104 -41
74 114 -88
74 116 16
74 118 91
74 123 -45
74 127 -92
74 130 48
74 133 -43
74 136 -34
74 141 -90
74 143 -74
74 144 59
74 145 19
74 148 -19
75 3 69
75 5 -95
75 7 54
75 9 70
75 12 42
75 17 70
75 19 71
75 21 -23
75 27 83
75 30 -48
75 40 30
75 42 38
75 44 -44
75 48 89
75 50 76
75 53 -27
75 59 67
75 60 52
75 68 8
75 70 51
75 71 57
75 75 -22
75 81 -96
75 85 -21
75 86 21
75 88 98
75 93 69
75 96 -72
75 97 -3
75 105 5
75 106 12
75 108 73
75 109 -80
75 110 39
75 112 -54
75 113 47
75 114 -98
75 117 -18
75 125 -93
75 128 -24
75 129 1
75 132 65
75 133 83
75 134 31
75 136 58
75 141 -54
75 143 -19
75 148 66
76 1 -27
76 9 -28
76 11 1
76 12 80
76 13 -52
76 14 -99
76 20 100
76 25 -30
76 27 12
76 28 39
76 30 -84
76 31 -43
76 33 16
76 34 76
76 38 27
76 39 46
76 40 61
76 41 61
76 42 -99
76 44 -21
76 48 -71
76 49 -9
76 53 16
76 56 71
76 57 -75
76 59 41
76 60 21
76 64 -63
76 72 -99
76 73 95
76 75 -78
76 81 -87
76 82 -7
76 83 6
76 84 80
76 89 3
76 94 -31
76 95 -33
76 101 -21
76 104 -2
76 105 -19
76 107 100
76 109 73
76 115 43
76 126 -32
76 128 95
76 129 -39
76 134 74
76 136 -3
76 137 -48
77 5 94
77 7 3
77 13 16
77 14 50
77 19 -65
77 24 70
77 30 85
77 31 -20
77 34 -15
77 40 -44
77 43 87
77 45 92
77 52 -19
77 57 -21
77 58 -51
77 59 87
77 65 -59
77 67 23
77 71 -26
77 72 -39
77 76 39
77 77 -49
77 93 64
77 96 -86
77 99 49
77 101 68
77 102 76
77 103 87
77 107 -50
77 113 -15
77 114 -36
77 115 -70
77 120 3
77 121 -72
77 122 -3
77 126 36
77 137 68
77 143 -89
77 144 35
78 1 -87
78 6 35
78 10 89
78 12 14
78 13 -78
78 21 -26
78 29 -45
78 32 -65
78 33 -69
78 39 -29
78 42 -16
78 43 -91
78 45 84
78 50 46
78 52 22
78 53 -62
78 62 -71
78 71 -8
78 73 -59
78 82 -96
78 85 -95
78 86 -52
78 89 44
78 91 87
78 101 -69
78 103 87
78 106 -37
78 115 -66
78 124 -6
78 127 28
78 138 -55
78 139 89
78 142 88
78 145 23
79 0 -81
79 1 23
79 5 78
79 6 -52
79 8 -86
79 10 -24
79 11 -45
79 13 60
79 15 -35
79 17 29
79 18 -8
79 19 10
79 22 29
79 23 -77
79 31 73
79 32 -51
79 44 -1
79 47 23
79 51 54
79 52 40
79 54 -49
79 58 54
79 59 -94
79 62 3
79 63 -97
79 68 64
79 70 -97
79 72 23
79 74 33
79 75 -30
79 78 45
79 80 56
79 84 -88
79 85 5
79 86 86
79 89 -61
79 91 -82
79 92 -36
79 93 -80
79 94 80
79 98 8
79 100 64
79 101 7
79 107 -60
79 112 -61
79 113 65
79 117 34
79 123 -96
79 124 -99
79 128 -81
79 132 48
79 134 83
79 136 -21
79 137 42
79 138 41
79 141 27
79 142 -80
79 143 -90
79 148 -25
79 149 -66
80 1 17
80 5 -95
80 17 88
80 20 34
80 22 9
80 26 99
80 27 -58
80 28 71
80 32 58
80 33 -81
80 36 -47
80 42 24
80 51 15
80 53 6
80 56 91
80 57 -82
80 61 -16
80 62 -80
80 63 -75
80 69 4
80 70 -5
80 77 85
80 82 36
80 85 -66
80 94 24
80 110 49
80 114 80
80 118 70
80 123 -61
80 124 57
80 142 73
80 143 -63
80 146 88
81 1 -68
81 3 -98
81 6 -14
81 12 -51
81 18 17
81 20 92
81 31 -30
81 40 -16
81 41 65
81 43 -79
81 44 -26
81 46 49
81 51 -67
81 54 -98
81 55 34
81 56 -90
81 64 -20
81 65 -21
81 68 71
81 70 85
81 82 14
81 83 58
81 84 90
81 86 -95
81 87 -38
81 90 83
81 92 -73
81 95 -16
81 100 -90
81 101 14
81 110 28
81 111 71
81 112 -31
81 114 -91
81 118 -95
81 121 -94
81 122 -94
81 130 -42
81 132 2
81 139 -17
81 140 78
81 142 81
81 143 -8
81 144 13
81 145 87
81 147 -46
82 2 -56
82 17 -83
82 18 -21
82 19 88
82 21 92
82 23 -47
82 28 49
82 32 -94
82 34 -48
82 36 46
82 37 54
82 39 -17
82 45 41
82 46 -52
82 47 -89
82 49 29
82 51 57
82 54 61
82 57 -54
82 59 -12
82 61 11
82 62 -78
82 63 -93
82 65 62
82 69 -42
82 70 -33
82 76 42
82 82 10
82 86 -83
82 91 -32
82 92 96
82 104 -27
82 105 -40
82 108 2
82 112 72
82 115 23
82 119 51
82 121 -40
82 122 -33
82 123 48
82 127 -42
82 128 79
82 130 -95
82 132 -24
82 135 -70
82 139 73
82 140 64
82 142 67
82 143 -8
82 148 -72
83 0 -87
83 4 93
83 7 81
83 10 -45
83 11 -54
83 12 21
83 15 -10
83 22 -27
83 28 -24
83 30 91
83 31 88
83 32 -9
83 34 -75
83 36 -33
83 45 86
83 46 90
83 47 64
83 51 -18
83 53 83
83 55 42
83 57 -63
83 76 -49
83 77 29
83 78 -46
83 85 -88
83 89 -73
83 94 -67
83 95 35
83 97 -78
83 101 -95
83 106 3
83 107 -100
83 117 15
83 119 -60
83 120 -2
83 123 -7
83 124 -10
83 125 36
83 126 93
83 128 -83
83 135 90
83 138 57
83 142 -3
83 148 -27
84 6 -44
84 7 84
84 8 95
84 9 -99
84 10 40
84 14 98
84 16 -39
84 17 -44
84 19 -33
84 22 72
84 23 93
84 26 -18
84 31 -15
84 34 47
84 36 67
84 38 -61
84 39 -79
84 41 -33
84 45 -17
84 47 -62
84 54 100
84 58 -17
84 59 -74
84 62 -9
84 64 -31
84 65 76
84 67 95
84 69 81
84 70 67
84 72 -64
84 78 43
84 81 55
84 82 40
84 86 18
84 88 -39
84 90 47
84 91 7
84 94 -57
84 96 -33
84 103 1
84 106 -9
84 110 -17
84 112 8
84 113 -87
84 121 81
84 122 90
84 125 80
84 126 49
84 144 -81
84 148 -9
84 149 -56
85 0 70
85 3 80
85 4 65
85 7 -70
85 9 85
85 11 20
85 12 20
85 21 43
85 24 89
85 25 38
85 27 -98
85 32 -87
85 37 -82
85 41 76
85 43 -40
85 44 -40
85 48 -86
85 55 98
85 63 -27
85 77 79
85 84 -35
85 88 73
85 89 43
85 93 57
85 95 -74
85 99 -35
85 101 -81
85 126 -81
85 129 -63
85 139 -8
85 143 68
85 144 -97
86 6 44
86 11 14
86 12 47
86 13 98
86 16 -70
86 20 46
86 21 85
86 22 57
86 23 -17
86 27 53
86 29 -45
86 33 98
86 34 81
86 37 -81
86 38 -22
86 40 79
86 41 7
86 42 26
86 45 55
86 53 -1
86 57 -81
86 63 -100
86 64 61
86 70 -28
86 80 19
86 85 -91
86 86 93
86 96 -69
86 98 -6
86 107 -95
86 109 79
86 110 84
86 112 87
86 116 70
86 118 18
86 119 22
86 128 4
86 130 -15
86 131 -56
86 132 10
86 137 -12
86 141 -65
86 143 -33
86 148 -63
87 6 19
87 9 -30
87 13 -59
87 16 29
87 18 14
87 23 -4
87 24 -87
87 26 22
87 33 12
87 35 -59
87 38 -71
87 46 -39
87 48 -7
87 52 -90
87 57 94
87 58 -49
87 63 34
87 64 -83
87 67 68
87 69 -21
87 70 2
87 78 -72
87 80 -89
87 81 38
87 84 -95
87 85 81
87 86 -80
87 90 -4
87 95 20
87 100 67
87 103 86
87 104 -46
87 108 -58
87 109 20
87 112 -74
87 122 13
87 126 -97
87 128 -96
87 136 56
87 138 67
87 146 78
87 149 50
88 0 66
88 2 -88
88 3 2
88 4 -65
88 5 -93
88 8 71
88 9 -7
88 10 -93
88 19 -31
88 28 83
88 34 92
88 37 85
88 41 69
88 42 -91
88 44 20
88 51 52
88 52 -88
88 55 84
88 64 -62
88 66 38
88 67 48
88 79 -49
88 81 -47
88 83 11
88 84 -51
88 90 -1
88 93 -72
88 97 -63
88 98 28
88 104 -81
88 111 46
88 121 -27
88 125 41
88 134 61
88 141 -74
88 144 -36
88 146 -93
88 148 -70
89 3 -93
89 4 67
89 7 1
89 15 98
89 17 -36
89 18 -51
89 22 46
89 23 30
89 24 71
89 30 -57
89 31 -43
89 33 98
89 42 -83
89 46 -15
89 48 5
89 53 -50
89 54 39
89 55 -3
89 59 -38
89 61 -55
89 64 -86
89 66 -88
89 70 -62
89 71 -12
89 74 -31
89 75 92
89 78 -74
89 80 54
89 81 99
89 82 -39
89 84 -51
89 87 72
89 88 86
89 89 23
89 90 -51
89 91 -24
89 96 -83
89 101 23
89 107 -87
89 110 25
89 111 -1
89 117 -68
89 118 -49
89 119 91
89 128 -28
89 130 56
89 131 -48
89 134 80
89 140 13
89 145 47
89 149 -61
90 8 83
90 9 94
90 12 22
90 16 -16
90 17 -82
90 18 -24
90 20 -51
90 30 -69
90 33 -48
90 35 78
90 42 7
90 43 29
90 44 -43
90 45 -53
90 49 28
90 51 -88
90 55 -7
90 60 31
90 65 77
90 69 -1
90 79 32
90 82 -93
90 85 73
90 92 47
90 96 79
90 98 -77
90 100 19
90 104 52
90 117 -8
90 120 65
90 122 -95
90 125 20
90 126 46
90 127 -36
90 129 -95
90 134 20
90 146 -19
90 149 22
91 3 -51
91 4 64
91 8 -2
91 9 54
91 10 -79
91 11 94
91 15 40
91 22 54
91 24 -39
91 27 61
91 28 20
91 29 -61
91 34 -1
91 36 25
91 37 -75
91 39 -9
91 41 -24
91 42 -75
91 45 -67
91 53 -37
91 54 76
91 55 15
91 57 -78
91 58 -76
91 61 -15
91 67 16
91 69 -63
91 70 21
91 77 74
91 83 95
91 89 62
91 92 68
91 96 55
91 98 11
91 106 -78
91 107 26
91 110 98
91 111 -98
91 116 -46
91 117 -3
91 121 77
91 127 -79
91 128 -61
91 133 61
91 135 23
91 136 -2
91 138 -82
91 139 22
91 141 -50
91 142 -22
91 143 26
91 144 15
91 149 63
92 1 12
92 5 54
92 7 40
92 10 10
92 12 19
92 17 -99
92 19 -19
92 20 31
92 21 -79
92 26 -44
92 28 31
92 33 -93
92 42 33
92 45 61
92 52 22
92 53 70
92 54 -87
92 56 26
92 58 73
92 59 -82
92 64 -15
92 65 99
92 66 3
92 68 24
92 73 -75
92 74 73
92 75 -69
92 77 17
92 80 -75
92 81 73
92 91 -11
92 92 4
92 93 -89
92 96 -27
92 97 -29
92 99 30
92 100 -79
92 106 10
92 108 -14
92 110 -7
92 116 77
92 119 -47
92 120 86
92 121 58
92 125 3
92 129 17
92 134 -32
92 142 -38
93 7 -56
93 23 -96
93 32 73
93 38 76
93 40 -56
93 42 -15
93 46 -51
93 47 -70
93 53 -9
93 62 -7
93 63 -69
93 68 47
93 69 -89
93 70 -90
93 71 6
93 72 -95
93 74 -80
93 75 -13
93 76 -80
93 77 -57
93 82 -70
93 83 -96
93 95 -7
93 97 -98
93 101 -55
93 103 -76
93 106 30
93 108 -13
93 109 -45
93 118 61
93 123 84
93 126 59
93 127 1
93 129 48
93 132 -84
93 137 -41
93 146 -85
94 2 -81
94 8 -34
94 12 93
94 23 -91
94 25 -9
94 27 -30
94 35 97
94 38 -88
94 46 10
94 47 -80
94 48 96
94 64 74
94 66 90
94 67 38
94 69 -37
94 72 -68
94 78 66
94 79 39
94 82 -54
94 83 -70
94 84 -77
94 93 67
94 95 -18
94 97 65
94 102 69
94 104 -29
94 110 -33
94 118 86
94 125 -41
94 126 -90
94 129 31
94 130 14
94 135 23
94 140 -86
94 141 -5
94 148 63
95 3 45
95 6 69
95 8 -98
95 9 62
95 10 -11
95 13 8
95 14 92
95 18 -9
95 27 -84
95 32 -38
95 33 4
95 39 33
95 43 36
95 47 68
95 48 19
95 49 -67
95 51 1
95 53 6
95 54 35
95 57 66
95 58 -72
95 60 7
95 61 -13
95 63 -9
95 72 -82
95 76 96
95 80 29
95 82 -38
95 85 61
95 87 13
95 88 62
95 90 -26
95 92 29
95 95 -92
95 96 -12
95 97 2
95 98 65
95 105 76
95 107 -68
95 111 -13
95 113 -67
95 116 -37
95 117 -40
95 118 75
95 121 -72
95 122 18
95 129 95
95 131 23
95 134 -20
95 136 -77
95 137 -100
95 141 57
95 142 53
95 145 39
96 3 -54
96 4 24
96 6 -39
96 7 -14
96 9 36
96 14 44
96 15 -53
96 25 17
96 26 -19
96 27 26
96 29 14
96 33 -91
96 34 71
96 37 30
96 39 -68
96 50 -94
96 51 -26
96 56 -57
96 57 -100
96 60 -34
96 64 -48
96 66 -26
96 69 -98
96 70 81
96 73 84
96 75 -97
96 77 -75
96 80 28
96 84 75
96 92 -47
96 98 -46
96 101 32
96 106 -4
96 107 71
96 108 -70
96 110 -32
96 120 10
96 132 26
96 137 44
96 138 -57
96 139 -83
96 140 35
96 143 93
96 144 -42
96 148 76
97 1 -79
97 6 -13
97 15 -81
97 26 30
97 27 -89
97 32 -19
97 39 -68
97 49 46
97 51 -66
97 53 -84
97 56 -68
97 57 18
97 59 -98
97 65 -31
97 67 -26
97 71 25
97 75 -45
97 78 -71
97 80 -23
97 81 -52
97 82 -43
97 85 -82
97 88 68
97 90 60
97 91 64
97 95 23
97 102 -90
97 103 -98
97 105 -46
97 107 5
97 110 -97
97 111 28
97 115 -79
97 117 15
97 118 -69
97 119 -27
97 126 -72
97 127 -11
97 130 55
97 133 61
97 136 -9
97 139 85
97 140 15
97 143 -87
97 146 -12
98 2 68
98 8 16
98 9 65
98 10 -96
98 11 68
98 15 88
98 17 -48
98 20 -75
98 28 9
98 31 96
98 32 41
98 34 -90
98 42 -18
98 44 -26
98 60 -70
98 65 48
98 66 89
98 67 -33
98 68 70
98 69 -50
98 71 -97
98 72 68
98 73 81
98 77 -36
98 87 75
98 88 11
98 95 -85
98 103 33
98 107 76
98 110 -36
98 112 80
98 116 -34
98 117 20
98 119 29
98 124 21
98 127 32
98 130 -4
98 133 63
98 135 11
98 136 -37
98 138 -13
98 140 -55
98 143 -43
98 145 -57
99 1 18
99 2 -43
99 3 100
99 6 54
99 13 74
99 14 -99
99 15 -43
99 18 50
99 19 -25
99 23 -73
99 26 43
99 30 100
99 34 52
99 36 -92
99 38 51
99 43 71
99 50 62
99 51 97
99 55 -63
99 59 49
99 61 40
99 62 36
99 66 89
99 67 -55
99 68 13
99 69 65
99 72 -12
99 78 17
99 79 80
99 80 -33
99 85 55
99 86 -23
99 90 -24
99 91 68
99 92 11
99 93 -79
99 99 3
99 117 -1
99 118 -69
99 122 76
99 125 -10
99 129 -33
99 134 21
99 136 -23
99 138 74
99 144 97
99 147 -57
100 14 -96
100 16 40
100 19 -1
100 20 -61
100 30 -99
100 36 -92
100 42 -75
100 50 -83
100 51 31
100 60 81
100 61 17
100 65 -23
100 66 -58
100 68 72
100 69 -20
100 73 -70
100 74 57
100 75 -4
100 77 53
100 81 -25
100 85 30
100 90 64
100 91 1
100 95 14
100 96 73
100 101 -84
100 105 21
100 113 73
100 114 -31
100 115 -53
100 116 75
100 119 -86
100 124 -57
100 127 66
100 131 -45
100 133 -72
100 134 20
100 135 29
100 138 11
100 140 -7
100 142 83
100 148 44
101 0 77
101 5 -21
101 7 85
101 13 -76
101 20 -76
101 21 -21
101 22 -34
101 23 74
101 26 -84
101 33 -26
101 36 82
101 37 -13
101 38 99
101 41 31
101 46 49
101 50 34
101 58 71
101 68 58
101 72 11
101 78 88
101 84 -80
101 87 36
101 93 -85
101 94 56
101 97 -33
101 99 33
101 100 42
101 101 -84
101 102 4
101 105 -97
101 107 8
101 111 -74
101 113 -4
101 114 32
101 119 13
101 124 -21
101 126 2
101 127 4
101 136 -14
101 137 -60
101 138 65
101 139 -15
101 140 -55
101 144 99
101 148 -19
102 4 74
102 5 -46
102 6 81
102 10 28
102 11 -71
102 18 -44
102 22 44
102 26 32
102 27 44
102 29 -37
102 36 9
102 37 45
102 42 38
102 45 35
102 49 2
102 52 66
102 54 -42
102 56 -63
102 64 10
102 68 81
102 69 35
102 70 -86
102 75 -13
102 84 -54
102 87 97
102 94 -28
102 96 24
102 107 69
102 111 90
102 112 -35
102 115 -34
102 118 -28
102 122 12
102 126 -12
102 130 13
102 133 53
102 134 83
102 135 -8
102 138 -57
102 139 72
102 146 -1
103 0 -67
103 2 74
103 8 -96
103 9 -77
103 13 2
103 16 -5
103 17 16
103 21 45
103 22 -56
103 28 -98
103 30 82
103 31 -19
103 33 14
103 44 43
103 50 70
103 55 -35
103 56 -92
103 58 82
103 59 79
103 62 -33
103 67 -52
103 70 -22
103 76 -90
103 77 90
103 78 58
103 79 -72
103 81 52
103 82 62
103 89 -33
103 90 -37
103 91 43
103 93 -31
103 94 -6
103 95 -99
103 98 -60
103 99 94
103 101 68
103 107 29
103 108 -5
103 109 88
103 111 98
103 112 57
103 118 -56
103 120 26
103 122 4
103 123 67
103 126 -92
103 128 -38
103 129 -49
103 130 -48
103 131 29
103 133 -25
103 139 -21
103 147 15
103 149 89
104 2 5
104 4 -41
104 7 -99
104 10 9
104 19 -41
104 22 7
104 24 96
104 25 97
104 27 -31
104 28 -56
104 31 -75
104 40 -14
104 44 32
104 47 -53
104 49 -24
104 55 -2
104 57 68
104 59 25
104 63 -25
104 67 82
104 74 -93
104 78 -43
104 85 -67
104 86 -11
104 87 -74
104 89 -87
104 94 75
104 96 30
104 98 -13
104 99 93
104 100 -3
104 102 16
104 107 -94
104 108 -82
104 117 -19
104 118 94
104 119 61
104 120 -43
104 121 -80
104 122 59
104 128 59
104 130 -28
104 133 -78
104 134 -86
104 139 -24
104 143 92
104 146 25
104 147 79
104 148 7
105 1 -72
105 2 -13
105 17 81
105 23 100
105 25 28
105 32 35
105 33 19
105 36 13
105 38 -49
105 39 -36
105 40 97
105 42 75
105 46 69
105 50 -8
105 55 52
105 56 -30
105 62 44
105 63 -75
105 72 74
105 75 -86
105 83 61
105 85 -65
105 86 76
105 88 2
105 89 75
105 93 -39
105 96 -12
105 105 11
105 106 -37
105 109 45
105 110 -41
105 114 93
105 127 -71
105 135 -59
105 136 70
105 138 94
105 146 24
105 147 -60
106 6 -30
106 7 34
106 12 7
106 14 68
106 15 18
106 18 70
106 21 47
106 23 76
106 33 81
106 46 45
106 54 -20
106 55 78
106 57 23
106 61 -21
106 64 -36
106 67 65
106 68 -27
106 71 6
106 77 -24
106 79 -37
106 83 -67
106 87 -40
106 89 40
106 90 56
106 94 -33
106 97 35
106 98 -36
106 99 -27
106 106 75
106 112 36
106 117 -28
106 118 49
106 123 82
106 124 3
106 128 12
106 130 -54
106 131 39
106 137 -46
106 147 -28
106 149 68
107 2 42
107 6 88
107 8 71
107 9 -79
107 10 90
107 13 -58
107 22 -100
107 25 81
107 28 -86
107 32 -61
107 35 71
107 36 -12
107 38 -81
107 40 -88
107 43 -19
107 45 -39
107 49 21
107 50 -81
107 52 21
107 53 37
107 57 93
107 63 -90
107 64 18
107 65 49
107 68 74
107 78 -85
107 85 -31
107 86 -39
107 90 54
107 95 13
107 96 -88
107 99 -22
107 104 40
107 106 22
107 109 21
107 110 -83
107 111 -91
107 112 -33
107 113 58
107 114 -30
107 117 -74
107 119 92
107 121 54
107 127 -69
107 131 -72
107 134 13
107 135 11
107 136 -72
107 141 -13
107 143 -41
107 144 47
107 146 13
108 2 54
108 3 -14
108 11 -99
108 13 82
108 18 80
108 19 -76
108 20 40
108 21 97
108 22 -82
108 24 72
108 30 15
108 31 41
108 33 16
108 36 -57
108 37 -99
108 38 44
108 39 -60
108 42 1
108 59 -6
108 61 -85
108 64 -80
108 66 64
108 68 -51
108 69 21
108 72 94
108 80 -16
108 81 -13
108 82 7
108 84 8
108 87 24
108 92 -33
108 93 -63
108 94 62
108 99 83
108 105 25
108 112 -36
108 115 -18
108 116 -87
108 118 8
108 126 -34
108 132 -44
108 136 -67
108 140 6
108 143 -83
108 146 96
108 148 -71
109 5 35
109 7 -64
109 8 59
109 9 82
109 14 38
109 19 38
109 23 55
109 26 81
109 27 63
109 30 -87
109 35 -54
109 43 15
109 47 -24
109 48 -90
109 54 -78
109 59 16
109 60 -53
109 68 9
109 69 -65
109 72 26
109 73 -52
109 74 -29
109 78 44
109 84 -18
109 87 85
109 88 18
109 89 15
109 93 8
109 94 60
109 98 27
109 99 -65
109 100 66
109 104 -2
109 105 -72
109 107 -46
109 108 15
109 111 5
109 115 83
109 117 -44
109 119 -82
109 121 36
109 128 40
109 133 -11
109 136 36
109 145 65
109 149 -8
110 10 -73
110 11 -57
110 13 37
110 18 87
110 22 16
110 24 70
110 28 -22
110 30 67
110 31 19
110 39 66
110 47 93
110 49 -59
110 51 -81
110 55 23
110 57 -56
110 61 -19
110 65 -49
110 67 -96
110 73 -46
110 75 -44
110 78 -80
110 81 31
110 86 9
110 96 -31
110 102 -18
110 109 73
110 111 -62
110 115 14
110 119 -50
110 120 76
110 125 12
110 131 -93
110 132 11
110 133 29
110 137 61
110 140 -8
110 146 -35
110 148 -11
111 3 -50
111 8 26
111 9 -77
111 13 31
111 14 70
111 23 41
111 24 73
111 34 -34
111 38 -20
111 46 -33
111 47 -35
111 49 -55
111 57 -29
111 60 -54
111 61 -97
111 62 -85
111 63 82
111 65 -62
111 66 -36
111 77 14
111 79 46
111 81 -81
111 82 52
111 83 98
111 86 69
111 89 -41
111 90 31
111 94 27
111 96 17
111 98 41
111 100 62
111 101 60
111 107 -8
111 110 72
111 112 1
111 113 5
111 114 12
111 117 -28
111 119 -24
111 121 37
111 134 -88
111 136 -79
111 137 40
111 138 57
111 142 -43
111 144 -83
111 146 -10
111 148 -7
112 1 29
112 6 -75
112 9 -14
112 10 17
112 11 33
112 12 4
112 13 -96
112 15 53
112 19 73
112 23 20
112 24 51
112 27 14
112 29 -79
112 31 -89
112 48 98
112 52 57
112 57 32
112 60 -58
112 62 66
112 67 -12
112 72 45
112 79 70
112 81 -9
112 82 -11
112 86 -87
112 89 -82
112 95 -73
112 96 49
112 101 99
112 102 42
112 103 -49
112 114 3
112 117 -9
112 126 -83
112 134 43
112 135 -100
112 137 -4
112 144 -40
112 147 36
112 148 81
112 149 68
113 0 -79
113 8 -10
113 9 -46
113 13 41
113 18 -78
113 22 87
113 23 -94
113 35 50
113 39 28
113 45 67
113 46 49
113 47 -44
113 48 -74
113 51 -21
113 53 15
113 55 -28
113 56 97
113 58 -62
113 61 -50
113 65 3
113 66 37
113 73 52
113 74 -44
113 87 6
113 90 96
113 91 52
113 92 52
113 93 -68
113 98 -72
113 103 -80
113 104 -54
113 106 -57
113 111 -19
113 112 -7
113 113 -43
113 117 40
113 120 5
113 122 36
113 124 -72
113 125 1
113 128 -65
113 131 39
113 134 -88
113 135 5
113 137 -100
113 139 34
114 0 -80
114 1 -86
114 2 -35
114 3 -44
114 9 95
114 10 -30
114 15 -44
114 17 75
114 19 -87
114 24 34
114 26 -1
114 27 99
114 28 -84
114 35 2
114 36 -31
114 37 -92
114 40 88
114 43 30
114 47 -82
114 51 7
114 52 36
114 56 -4
114 57 -13
114 73 9
114 76 -22
114 77 26
114 81 -21
114 86 -93
114 91 71
114 93 65
114 94 65
114 98 -90
114 102 -80
114 123 -50
114 126 -2
114 136 -95
114 145 99
114 146 -82
115 5 6
115 9 -12
115 12 76
115 13 8
115 18 -55
115 21 36
115 22 -85
115 23 -61
115 24 22
115 32 -74
115 36 -10
115 42 -77
115 45 -68
115 47 79
115 49 80
115 52 94
115 54 20
115 55 64
115 58 -79
115 59 -81
115 64 -12
115 70 34
115 76 98
115 78 72
115 81 -10
115 84 -93
115 95 18
115 100 17
115 103 -97
115 110 2
115 112 -15
115 113 -56
115 117 81
115 126 -39
115 128 -92
115 130 -19
115 138 79
115 139 70
115 140 43
115 141 -21
115 143 98
115 145 18
115 146 10
115 149 82
116 15 58
116 17 -16
116 19 86
116 20 -67
116 21 94
116 22 60
116 27 91
116 30 53
116 40 -92
116 41 -100
116 44 41
116 48 -19
116 51 72
116 60 -88
116 64 -37
116 70 83
116 73 12
116 76 -74
116 82 -60
116 85 74
116 87 37
116 88 93
116 91 42
116 93 71
116 95 -7
116 107 -36
116 109 72
116 110 -28
116 112 -10
116 116 -70
116 121 -63
116 123 -70
116 125 -76
116 126 92
116 127 100
116 141 -60
117 0 -81
117 1 7
117 4 -4
117 12 -82
117 13 27
117 14 30
117 15 74
117 16 64
117 19 99
117 20 -34
117 22 -37
117 28 -44
117 29 89
117 37 -52
117 38 77
117 39 55
117 42 -67
117 44 18
117 48 22
117 50 11
117 51 -54
117 54 76
117 56 -43
117 57 -2
117 60 88
117 63 1
117 73 98
117 76 52
117 82 -68
117 86 -16
117 90 -40
117 93 55
117 101 38
117 103 -100
117 105 -26
117 112 -34
117 119 -35
117 124 -77
117 125 -59
117 136 -16
117 138 27
117 142 66
117 143 77
117 145 4
117 149 57
118 3 55
118 8 -38
118 16 -13
118 19 -89
118 24 -21
118 27 12
118 28 -17
118 34 -64
118 36 38
118 46 -91
118 48 -76
118 52 11
118 62 69
118 67 27
118 70 -33
118 74 51
118 79 8
118 82 -12
118 84 43
118 90 82
118 96 -95
118 102 -27
118 109 -45
118 110 -20
118 117 2
118 118 31
118 119 -25
118 121 62
118 122 -22
118 123 97
118 130 -65
118 137 89
118 141 -97
118 143 -13
119 6 -65
119 8 59
119 14 -74
119 15 90
119 24 50
119 25 44
119 27 -47
119 28 -46
119 31 63
119 41 18
119 46 33
119 47 -80
119 54 -75
119 55 -76
119 58 -65
119 66 -64
119 68 -71
119 69 69
119 70 79
119 72 41
119 82 4
119 83 23
119 87 -39
119 96 20
119 98 45
119 100 56
119 108 84
119 111 41
119 115 -45
119 118 -93
119 130 -80
119 132 4
119 136 -41
119 140 24
119 141 58
119 142 -94
120 6 21
120 8 -69
120 12 -66
120 21 -28
120 22 -82
120 24 -80
120 25 23
120 27 -74
120 30 -87
120 33 68
120 34 -91
120 38 -77
120 44 5
120 45 -57
120 49 -28
120 60 -97
120 62 -95
120 67 44
120 68 82
120 77 -15
120 78 27
120 82 -16
120 83 44
120 84 95
120 89 65
120 90 69
120 92 57
120 93 89
120 100 -35
120 102 -76
120 103 -99
120 104 -1
120 106 -88
120 109 -95
120 113 68
120 117 40
120 118 95
120 124 -80
120 125 -72
120 126 -98
120 129 99
120 133 -74
120 136 69
120 141 -41
120 142 88
120 143 -90
120 146 -61
120 147 90
121 1 -94
121 12 11
121 15 -74
121 21 -19
121 22 36
121 25 -54
121 27 -13
121 28 71
121 30 -46
121 31 50
121 32 -37
121 33 -53
121 39 -4
121 50 5
121 52 -3
121 54 -36
121 63 66
121 65 77
121 66 90
121 70 -29
121 74 -99
121 75 21
121 78 3
121 86 -83
121 87 -64
121 90 -35
121 93 16
121 99 57
121 105 -51
121 106 -16
121 113 76
121 115 -46
121 125 -84
121 127 18
121 130 -68
121 132 73
121 133 -99
121 135 47
121 136 13
121 137 97
121 141 79
121 143 -74
121 145 -11
121 146 -70
121 149 -69
122 0 4
122 8 -38
122 11 9
122 15 76
122 16 17
122 20 -49
122 23 -90
122 26 -83
122 27 73
122 29 41
122 37 -7
122 43 -4
122 47 -72
122 51 -64
122 53 78
122 55 57
122 60 -25
122 61 -30
122 62 -82
122 64 -87
122 67 18
122 68 40
122 71 -86
122 72 -57
122 74 51
122 75 -97
122 77 -94
122 80 -76
122 89 53
122 94 60
122 100 -18
122 105 63
122 107 88
122 116 68
122 117 -14
122 118 84
122 125 3
122 126 -2
122 133 29
122 135 -70
122 137 -25
122 138 80
122 140 -96
122 141 84
122 142 87
122 144 -79
122 147 54
122 148 -67
123 0 28
123 2 -29
123 4 -60
123 8 58
123 15 -95
123 16 61
123 26 89
123 27 -12
123 31 57
123 38 -40
123 39 96
123 40 -35
123 41 7
123 43 -31
123 47 47
123 51 -25
123 56 99
123 57 82
123 58 -42
123 61 -57
123 64 -51
123 66 -1
123 73 34
123 75 67
123 79 -33
123 82 74
123 83 -42
123 86 16
123 89 36
123 91 -12
123 93 -88
123 97 -12
123 98 14
123 101 9
123 103 -19
123 106 65
123 109 -91
123 110 -3
123 119 -49
123 126 97
123 133 29
123 136 68
123 141 62
123 149 -97
124 1 99
124 6 22
124 7 -76
124 8 40
124 10 96
124 13 -99
124 15 -86
124 16 62
124 18 52
124 20 85
124 26 76
124 28 81
124 33 -80
124 38 62
124 40 -74
124 41 -31
124 51 7
124 52 -7
124 57 -78
124 59 13
124 63 37
124 65 65
124 73 -61
124 79 -100
124 83 7
124 87 77
124 90 36
124 91 25
124 93 91
124 94 -71
124 97 -51
124 101 -58
124 108 -51
124 117 42
124 126 91
124 127 -31
124 129 87
124 131 -13
124 134 82
124 141 -13
124 145 50
124 146 61
125 7 39
125 9 -10
125 10 -87
125 14 -22
125 15 -86
125 18 -37
125 20 -84
125 21 -6
125 23 96
125 26 24
125 28 91
125 35 25
125 43 -20
125 44 71
125 45 89
125 49 47
125 50 -72
125 56 -22
125 57 73
125 58 -2
125 59 -62
125 62 -18
125 69 -85
125 71 11
125 76 -6
125 80 21
125 83 23
125 92 -62
125 93 -19
125 94 -14
125 99 -87
125 100 51
125 102 42
125 110 46
125 112 -11
125 117 70
125 119 -46
125 127 -16
125 129 -7
125 131 2
125 137 -65
125 139 88
125 140 3
125 143 55
125 144 10
125 145 -52
125 147 -9
125 148 -15
126 5 43
126 8 26
126 18 66
126 23 -50
126 24 17
126 25 -93
126 26 -13
126 27 53
126 29 -35
126 30 -74
126 31 -41
126 38 57
126 41 32
126 43 -5
126 49 -66
126 52 -1
126 57 -18
126 63 58
126 71 -63
126 76 54
126 81 -86
126 86 -30
126 95 -96
126 98 94
126 99 -77
126 101 -98
126 105 79
126 107 -62
126 110 -58
126 117 96
126 127 -76
126 135 -22
126 136 -15
126 142 -17
126 149 -43
127 1 -33
127 4 -60
127 14 33
127 17 -78
127 19 66
127 26 77
127 27 7
127 28 3
127 33 -71
127 34 14
127 35 -59
127 52 -99
127 55 -56
127 58 -51
127 60 82
127 66 -80
127 68 69
127 75 27
127 78 35
127 81 92
127 82 29
127 83 71
127 88 63
127 89 46
127 92 86
127 96 -50
127 99 75
127 103 -29
127 104 -39
127 105 70
127 107 -16
127 108 41
127 113 24
127 115 -18
127 117 -67
127 121 -48
127 124 85
127 125 15
127 129 -83
127 135 -66
127 136 6
127 138 -80
127 140 34
127 141 75
127 143 45
127 144 -11
128 1 87
128 2 -37
128 4 -15
128 10 58
128 15 -72
128 19 27
128 24 -17
128 26 -33
128 33 -85
128 37 42
128 38 93
128 40 -13
128 42 -66
128 44 -31
128 46 -52
128 53 2
128 54 -81
128 55 -71
128 60 -22
128 68 35
128 69 -68
128 70 89
128 71 -3
128 75 62
128 77 97
128 86 -48
128 97 -96
128 102 30
128 105 43
128 114 90
128 116 75
128 124 -63
128 130 -42
128 133 -7
128 147 -59
129 0 63
129 1 -56
129 4 3
129 5 28
129 11 21
129 16 -74
129 28 -16
129 30 10
129 35 -58
129 36 -22
129 38 -56
129 39 -39
129 40 99
129 44 74
129 50 -3
129 51 -78
129 52 76
129 55 -75
129 57 -69
129 59 -83
129 62 -35
129 63 -35
129 65 7
129 66 -54
129 69 -15
129 75 -64
129 78 -50
129 81 -47
129 82 -76
129 85 -47
129 88 2
129 90 62
129 93 74
129 97 82
129 98 -18
129 101 1
129 105 8
129 108 49
129 110 -86
129 111 26
129 112 99
129 113 12
129 117 67
129 118 10
129 119 38
129 123 72
129 124 42
129 128 -85
129 139 52
129 143 -41
129 146 -98
129 147 -12
130 3 3
130 12 -43
130 14 -7
130 15 -70
130 18 -12
130 19 -4
130 21 -91
130 22 68
130 26 -89
130 31 -89
130 32 92
130 37 -95
130 40 19
130 43 72
130 46 -57
130 47 -100
130 48 50
130 55 78
130 56 -56
130 57 -49
130 61 2
130 63 98
130 68 35
130 74 37
130 75 -55
130 77 -23
130 80 76
130 81 94
130 84 -58
130 86 7
130 89 72
130 91 30
130 92 16
130 94 25
130 95 44
130 97 -43
130 105 90
130 116 31
130 119 33
130 122 -100
130 130 -18
130 132 -3
130 137 -58
130 141 2
130 142 -2
130 143 48
130 148 -35
131 5 35
131 6 2
131 9 20
131 11 -45
131 15 -55
131 24 47
131 27 50
131 32 52
131 37 -87
131 38 -33
131 39 -39
131 42 -57
131 45 95
131 50 100
131 51 -88
131 53 34
131 55 -65
131 56 96
131 57 -96
131 60 -24
131 61 -78
131 70 30
131 71 -94
131 73 -91
131 82 -80
131 84 -88
131 89 -36
131 91 53
131 93 -62
131 94 24
131 98 -7
131 100 -48
131 102 89
131 103 81
131 105 50
131 108 59
131 109 -4
131 111 -57
131 112 -75
131 113 28
131 117 -32
131 119 -92
131 126 6
131 129 22
131 130 -18
131 131 62
131 132 42
131 133 -33
131 136 -36
131 147 -40
132 0 9
132 8 -40
132 12 -35
132 17 -66
132 20 -23
132 21 -88
132 23 -3
132 33 -95
132 38 -87
132 41 -97
132 42 -84
132 43 99
132 48 -50
132 49 -53
132 52 -7
132 55 80
132 60 72
132 61 -54
132 62 18
132 64 26
132 65 65
132 66 -36
132 68 23
132 72 32
132 74 -10
132 75 31
132 92 -86
132 93 56
132 102 -86
132 104 -52
132 107 -82
132 108 64
132 109 23
132 116 -48
132 120 25
132 123 -21
132 126 74
132 131 -41
132 135 -96
132 139 -21
132 140 40
132 146 -2
133 1 59
133 4 94
133 5 -44
133 6 -47
133 7 -88
133 10 -57
133 13 -43
133 15 64
133 16 54
133 19 -59
133 25 40
133 26 -36
133 27 -30
133 33 -58
133 35 -35
133 37 95
133 38 -39
133 39 54
133 40 -89
133 44 -45
133 48 2
133 50 -44
133 55 -84
133 56 90
133 57 -95
133 58 -25
133 60 28
133 63 -13
133 69 -84
133 71 -10
133 74 72
133 75 39
133 77 64
133 79 -4
133 80 -82
133 87 44
133 90 49
133 95 -34
133 99 22
133 108 -47
133 109 -15
133 111 -23
133 112 -54
133 116 -27
133 119 86
133 120 -20
133 121 12
133 122 -27
133 126 67
133 129 -44
133 135 -17
133 138 -50
133 139 59
133 142 70
133 145 -39
133 147 91
133 149 -30
134 0 9
134 5 -43
134 9 100
134 11 -48
134 13 -63
134 15 18
134 16 -63
134 17 -43
134 21 -66
134 22 -14
134 25 -86
134 27 -13
134 28 51
134 30 -48
134 31 -9
134 36 65
134 37 -51
134 38 26
134 40 -10
134 46 8
134 48 -80
134 51 12
134 54 50
134 58 16
134 60 -84
134 67 60
134 68 25
134 70 68
134 72 -95
134 73 -66
134 74 -67
134 77 70
134 81 -100
134 82 83
134 85 70
134 90 9
134 93 -63
134 94 -71
134 96 -4
134 101 -72
134 102 8
134 105 84
134 108 -42
134 113 -11
134 115 14
134 122 97
134 125 -51
134 128 -60
134 131 -41
134 136 -91
134 137 -69
134 142 80
134 143 74
135 13 -55
135 14 -16
135 17 -51
135 23 32
135 26 22
135 32 38
135 33 -49
135 34 19
135 36 98
135 37 -14
135 39 89
135 43 10
135 46 13
135 47 -41
135 48 -54
135 50 -39
135 53 -59
135 55 68
135 56 32
135 58 -52
135 59 40
135 61 30
135 64 -65
135 65 48
135 67 -31
135 74 26
135 76 -48
135 78 -6
135 80 -63
135 86 -45
135 87 -12
135 93 68
135 96 -32
135 100 63
135 104 37
135 105 68
135 109 36
135 110 -4
135 114 -30
135 119 19
135 124 -78
135 128 -36
135 129 -65
135 130 61
135 134 77
135 137 -55
135 138 88
135 139 -84
135 144 -22
136 3 -14
136 8 -60
136 17 36
136 20 10
136 23 77
136 25 -91
136 27 -30
136 34 77
136 38 36
136 45 -71
136 48 29
136 49 -31
136 50 -22
136 51 -97
136 54 -78
136 63 81
136 64 60
136 65 51
136 67 -69
136 68 92
136 70 3
136 72 61
136 73 -95
136 82 9
136 88 -88
136 90 96
136 93 -52
136 95 46
136 100 76
136 101 10
136 102 75
136 112 22
136 116 33
136 118 -80
136 127 -27
136 130 35
136 138 3
136 139 -16
136 142 13
136 147 46
136 149 22
137 2 -11
137 7 77
137 9 54
137 14 -17
137 16 15
137 19 -28
137 23 60
137 24 48
137 27 -59
137 32 -7
137 41 -79
137 44 80
137 45 -84
137 46 3
137 47 -51
137 49 94
137 50 56
137 54 -10
137 66 -85
137 75 -25
137 76 78
137 82 -83
137 83 36
137 84 -81
137 85 -45
137 87 -65
137 92 -83
137 93 -53
137 95 -61
137 96 -53
137 102 -8
137 104 81
137 105 61
137 110 54
137 112 -4
137 113 63
137 114 78
137 117 41
137 122 -30
137 123 59
137 126 45
137 128 82
137 133 39
137 137 13
137 139 -51
137 140 -84
137 142 54
137 144 8
137 146 -58
137 148 73
138 1 -61
138 3 -28
138 6 92
138 8 -79
138 10 53
138 11 18
138 12 -52
138 14 -2
138 15 91
138 27 -55
138 28 -86
138 29 17
138 32 75
138 33 38
138 38 -43
138 40 -50
138 45 -70
138 57 77
138 64 83
138 67 -54
138 69 -27
138 73 55
138 74 -43
138 76 -24
138 80 -41
138 83 -23
138 86 93
138 87 49
138 89 -18
138 93 -83
138 94 95
138 100 -89
138 101 96
138 102 82
138 108 -20
138 110 -21
138 114 -17
138 116 -57
138 117 94
138 118 -99
138 119 -22
138 120 -78
138 122 -36
138 125 -31
138 126 10
138 127 48
138 131 -24
138 133 65
138 137 9
138 140 -81
138 143 -30
138 144 72
138 145 99
138 148 -41
138 149 -50
139 0 91
139 2 1
139 8 55
139 12 -79
139 17 -89
139 26 -48
139 28 28
139 33 9
139 34 -4
139 35 -31
139 38 -43
139 39 36
139 40 -22
139 44 -83
139 45 -11
139 51 96
139 59 -71
139 60 -12
139 61 21
139 64 -21
139 67 76
139 68 -21
139 71 -82
139 74 -79
139 77 68
139 78 30
139 80 -65
139 86 -74
139 88 -62
139 90 41
139 93 7
139 100 -89
139 102 86
139 103 -41
139 107 -99
139 111 -39
139 112 -73
139 113 -20
139 115 27
139 120 -7
139 123 -49
139 133 -68
139 139 49
139 143 -18
139 144 14
139 146 -49
139 148 -45
140 1 61
140 7 -21
140 13 -75
140 15 -13
140 17 -97
140 21 100
140 27 -99
140 29 18
140 37 -71
140 39 -72
140 52 36
140 57 -3
140 64 -89
140 70 -29
140 73 99
140 87 -51
140 89 -13
140 93 72
140 94 -18
140 96 -97
140 98 14
140 99 -3
140 108 57
140 111 -78
140 112 -64
140 114 -29
140 116 -27
140 117 80
140 120 54
140 122 -79
140 134 -96
140 135 72
140 137 51
140 138 -27
140 139 94
140 141 -66
140 142 -62
140 143 -60
140 144 96
141 1 3
141 13 -20
141 16 -69
141 19 93
141 20 94
141 21 -49
141 28 83
141 30 -72
141 31 73
141 34 -32
141 35 -2
141 37 -35
141 45 -15
141 47 -48
141 50 -10
141 52 -5
141 55 4
141 56 -3
141 58 22
141 61 -62
141 63 79
141 67 18
141 68 68
141 71 35
141 72 35
141 79 88
141 81 -84
141 87 90
141 91 52
141 97 57
141 98 88
141 102 -92
141 104 27
141 111 95
141 113 -6
141 114 77
141 117 84
141 119 48
141 120 -84
141 127 17
141 131 -73
141 137 36
141 139 10
141 141 -8
141 146 -100
141 148 22
141 149 76
142 1 92
142 3 -94
142 9 -51
142 10 22
142 12 19
142 26 49
142 28 24
142 33 -16
142 37 23
142 45 23
142 52 -54
142 53 35
142 55 -59
142 56 48
142 59 -15
142 60 -29
142 66 -37
142 67 67
142 70 -48
142 72 7
142 74 49
142 75 -79
142 79 74
142 81 -33
142 82 38
142 84 -82
142 88 76
142 92 23
142 96 -41
142 97 -94
142 98 -82
142 102 63
142 103 80
142 109 -97
142 111 -91
142 112 -71
142 114 -63
142 116 -47
142 118 -42
142 119 -26
142 126 -13
142 128 34
142 130 94
142 131 -30
142 137 -37
142 140 29
142 146 62
142 147 -17
143 0 11
143 1 50
143 9 -15
143 10 59
143 17 56
143 18 85
143 19 -80
143 21 11
143 27 47
143 28 -69
143 29 -15
143 30 35
143 34 5
143 35 80
143 37 -79
143 40 -50
143 41 -62
143 47 47
143 49 66
143 50 -31
143 52 -10
143 59 -40
143 65 -90
143 79 -84
143 80 17
143 91 -1
143 93 -92
143 97 77
143 99 88
143 110 -62
143 111 -93
143 113 18
143 116 -69
143 120 -47
143 121 27
143 122 70
143 125 -80
143 126 -74
143 128 -97
143 131 -33
143 133 -70
143 138 -11
143 139 -23
143 142 83
143 145 -12
144 1 39
144 5 -38
144 6 35
144 8 82
144 21 13
144 25 68
144 34 58
144 35 7
144 40 93
144 51 -93
144 54 -14
144 57 10
144 59 -38
144 67 -44
144 69 -86
144 70 74
144 72 -94
144 74 14
144 76 64
144 77 7
144 78 -22
144 84 -55
144 90 -99
144 103 77
144 104 -37
144 112 -44
144 118 1
144 119 42
144 120 91
144 122 -15
144 124 83
144 128 27
144 130 64
144 132 -30
144 136 -3
144 144 8
144 147 -68
145 0 38
145 2 20
145 6 3
145 7 -24
145 10 51
145 11 60
145 12 -48
145 16 69
145 17 43
145 18 -95
145 21 48
145 22 -28
145 23 91
145 25 -76
145 29 -86
145 32 31
145 34 54
145 36 -39
145 44 41
145 50 75
145 53 91
145 59 37
145 61 93
145 62 29
145 69 -70
145 70 -30
145 73 18
145 75 -62
145 79 87
145 81 50
145 82 -62
145 83 -41
145 87 -26
145 89 -88
145 92 89
145 93 28
145 100 74
145 107 -79
145 121 -7
145 122 10
145 124 -60
145 125 -98
145 128 41
145 136 7
145 147 41
145 148 -99
146 1 -10
146 3 -55
146 13 70
146 21 -24
146 22 -9
146 23 75
146 25 16
146 31 57
146 34 54
146 35 19
146 36 96
146 40 -54
146 41 56
146 43 -64
146 45 -46
146 47 -46
146 50 79
146 52 29
146 55 15
146 60 -51
146 61 -7
146 66 38
146 68 -44
146 72 -16
146 74 64
146 85 4
146 99 65
146 104 -69
146 108 48
146 110 -36
146 112 68
146 114 -30
146 115 91
146 120 2
146 122 -27
146 124 64
146 125 -38
146 126 -29
146 127 -61
146 129 98
146 133 -11
146 134 -39
146 137 45
146 144 -19
147 7 1
147 9 -31
147 23 -6
147 24 22
147 26 97
147 27 7
147 33 -29
147 35 100
147 38 -84
147 39 -99
147 41 43
147 46 31
147 47 -12
147 48 93
147 50 -21
147 55 65
147 59 59
147 62 49
147 64 -18
147 65 -61
147 67 81
147 68 42
147 71 -80
147 75 -1
147 77 -1
147 84 -70
147 86 62
147 87 -64
147 88 33
147 94 73
147 95 -25
147 97 99
147 98 72
147 104 -52
147 113 24
147 114 2
147 119 -39
147 120 1
147 122 12
147 126 96
147 130 -99
147 131 1
147 142 33
147 144 -15
147 145 -84
148 2 66
148 4 -54
148 6 22
148 8 4
148 9 -10
148 10 13
148 14 48
148 22 43
148 23 19
148 33 -54
148 34 -25
148 36 -29
148 37 81
148 41 -15
148 44 79
148 47 -93
148 49 -30
148 51 -3
148 56 67
148 58 12
148 65 -51
148 66 -35
148 67 -21
148 70 -69
148 84 -88
148 87 -67
148 91 -70
148 95 -22
148 101 31
148 103 86
148 106 93
148 107 3
148 111 -5
148 113 -11
148 115 86
148 120 -17
148 121 -99
148 123 7
148 127 67
148 129 67
148 130 -3
148 132 87
148 134 -11
148 138 -86
148 139 -56
148 142 4
148 145 1
148 146 -1
148 148 -60
148 149 56
149 0 30
149 4 42
149 6 -79
149 7 25
149 21 49
149 22 17
149 24 -90
149 30 98
149 34 -93
149 37 68
149 38 17
149 45 69
149 49 38
149 59 -66
149 61 93
149 64 92
149 65 11
149 66 -86
149 69 -5
149 70 -32
149 78 32
149 80 56
149 81 -91
149 85 -78
149 87 -81
149 91 8
149 93 -65
149 98 -53
149 102 42
149 103 66
149 104 41
149 110 -91
149 112 62
149 113 46
149 116 47
149 117 12
149 120 -96
149 122 58
149 123 45
149 126 13
149 130 -21
149 131 96
149 140 -42
149 143 -75
149 145 -30