0 1 2
0 5 -99
0 6 -43
0 9 38
0 17 28
0 18 72
0 21 -70
0 22 -31
0 24 45
0 27 -17
0 28 -14
0 32 -27
0 33 49
0 37 95
0 43 -71
0 46 -58
0 50 14
0 52 86
0 57 33
0 59 -82
0 62 -8
0 63 -49
0 64 -24
0 65 84
0 67 43
0 69 -2
0 72 -61
0 74 -69
0 79 -38
0 80 -92
0 86 8
0 88 41
0 89 32
0 90 84
0 91 -41
0 96 16
0 98 -17
1 1 -48
1 4 86
1 5 10
1 7 -62
1 10 24
1 14 -43
1 18 90
1 19 -63
1 20 49
1 33 -44
1 34 74
1 37 -58
1 43 80
1 46 -29
1 49 28
1 50 36
1 54 98
1 55 -94
1 57 10
1 60 -51
1 66 76
1 68 -35
1 78 12
1 79 92
1 83 56
1 87 -73
1 88 26
1 90 51
1 92 58
1 94 -17
1 95 36
1 96 -66
2 0 33
2 1 -16
2 7 40
2 10 -39
2 13 53
2 14 -10
2 18 31
2 19 70
2 21 93
2 23 -29
2 24 78
2 26 -6
2 37 -7
2 39 12
2 44 -73
2 45 89
2 48 -74
2 53 69
2 58 -15
2 59 14
2 61 34
2 62 -87
2 64 52
2 66 -18
2 68 12
2 69 -80
2 72 62
2 73 14
2 78 2
2 87 -90
2 88 -43
2 91 12
2 92 26
2 93 -72
2 95 -21
2 97 83
2 98 70
3 2 -46
3 5 -68
3 13 -14
3 16 82
3 18 -25
3 19 -95
3 27 -37
3 30 54
3 40 -8
3 42 -18
3 43 47
3 46 83
3 47 -19
3 54 19
3 56 -6
3 57 -40
3 63 -53
3 64 -52
3 66 84
3 72 42
3 77 37
3 78 46
3 80 -92
3 82 68
3 84 -28
3 85 -69
3 87 -30
3 90 49
3 91 83
3 94 49
4 0 -83
4 1 11
4 3 14
4 5 26
4 7 10
4 8 -19
4 10 -87
4 12 -5
4 15 71
4 17 68
4 20 -53
4 22 -84
4 23 15
4 26 32
4 30 93
4 36 59
4 37 94
4 41 -36
4 46 11
4 49 79
4 50 -81
4 54 -37
4 55 -69
4 60 38
4 61 36
4 62 -66
4 64 -23
4 72 -50
4 74 99
4 75 -11
4 82 100
4 84 12
4 94 -11
4 96 -63
4 98 -91
5 0 -94
5 2 20
5 7 58
5 8 -85
5 10 -94
5 12 4
5 14 -45
5 17 -26
5 18 -78
5 19 -1
5 22 -27
5 24 -92
5 26 -37
5 27 58
5 28 -96
5 30 36
5 31 58
5 32 51
5 37 -42
5 39 16
5 42 -97
5 49 -42
5 50 -50
5 52 -83
5 56 -53
5 64 19
5 68 -38
5 69 -3
5 74 26
5 77 79
5 78 -25
5 79 -8
5 80 90
5 81 78
5 83 73
5 85 -76
5 88 39
5 90 9
5 95 36
5 97 14
5 98 -43
6 7 -76
6 9 -49
6 11 52
6 15 -60
6 16 86
6 21 60
6 28 -97
6 40 -52
6 41 42
6 42 -48
6 43 28
6 44 76
6 45 -71
6 46 -60
6 49 -91
6 50 -13
6 52 91
6 56 -29
6 65 -85
6 66 -85
6 67 1
6 69 10
6 71 77
6 83 -43
6 86 -51
6 87 38
6 88 69
6 89 67
6 90 -83
6 92 65
6 94 -76
7 2 -14
7 4 71
7 6 72
7 8 69
7 9 67
7 10 1
7 12 -26
7 16 94
7 18 -58
7 20 76
7 21 -89
7 24 -43
7 25 71
7 26 94
7 28 36
7 34 56
7 38 90
7 42 -24
7 43 -46
7 44 -57
7 48 84
7 53 -18
7 55 -94
7 57 -5
7 61 -70
7 62 -2
7 63 -83
7 65 49
7 66 65
7 69 -79
7 72 42
7 73 -46
7 74 84
7 77 -75
7 79 89
7 83 4
7 86 96
7 91 -51
7 95 -64
7 97 87
8 0 43
8 4 73
8 8 28
8 10 -3
8 11 -57
8 15 -42
8 17 -91
8 18 -22
8 21 -25
8 22 82
8 23 -5
8 26 53
8 32 -88
8 39 53
8 42 39
8 48 -82
8 51 -38
8 54 -90
8 55 -48
8 63 46
8 64 39
8 65 -94
8 69 -90
8 71 8
8 75 -10
8 76 90
8 77 -6
8 78 50
8 79 70
8 84 -6
8 85 -78
8 90 33
8 93 -27
8 94 -60
8 97 -6
9 1 -4
9 5 80
9 7 -44
9 8 44
9 10 -29
9 13 -98
9 14 38
9 15 -68
9 16 -100
9 17 -95
9 19 79
9 23 5
9 29 -53
9 31 11
9 34 -33
9 38 76
9 41 -50
9 48 38
9 49 -84
9 50 12
9 55 -70
9 57 -70
9 59 -48
9 63 71
9 71 77
9 74 79
9 75 -91
9 81 -36
9 82 63
9 85 1
9 86 36
9 88 -60
9 92 -77
9 95 -89
9 96 -37
9 99 87
10 0 10
10 2 75
10 9 -75
10 12 88
10 13 -53
10 14 -48
10 20 65
10 21 100
10 27 -77
10 32 -78
10 34 -89
10 44 -70
10 48 9
10 60 76
10 61 10
10 62 17
10 64 -13
10 65 29
10 66 99
10 67 -77
10 76 -96
10 77 50
10 79 -31
10 82 20
10 85 -62
10 88 60
10 92 89
10 95 60
11 4 41
11 6 -10
11 12 62
11 13 -42
11 17 20
11 19 70
11 22 -2
11 26 -94
11 29 -77
11 32 -41
11 33 75
11 34 89
11 39 -24
11 41 89
11 53 61
11 55 -75
11 58 29
11 59 46
11 60 -88
11 63 -42
11 65 -27
11 66 -23
11 69 -50
11 75 -88
11 82 77
11 87 -94
11 88 52
11 89 -63
11 90 -28
11 93 44
11 94 -23
12 0 74
12 1 -29
12 6 25
12 7 51
12 10 6
12 11 59
12 13 -53
12 15 73
12 20 -72
12 23 7
12 25 74
12 26 -22
12 28 89
12 29 -29
12 30 53
12 35 -99
12 38 -20
12 46 -42
12 48 54
12 53 -56
12 54 -98
12 56 72
12 57 49
12 58 46
12 59 78
12 60 79
12 64 -92
12 65 -69
12 68 -87
12 83 62
12 84 -89
12 92 97
13 0 -14
13 3 -42
13 4 -49
13 5 -71
13 7 14
13 8 -59
13 9 -12
13 13 96
13 19 81
13 22 -21
13 24 49
13 26 83
13 34 -39
13 36 -47
13 43 42
13 44 -92
13 45 -28
13 46 -76
13 51 -54
13 59 -81
13 64 -50
13 69 -73
13 72 -91
13 73 -99
13 75 -69
13 78 -81
13 84 -75
13 96 -62
14 1 95
14 5 31
14 8 60
14 13 21
14 15 76
14 17 -55
14 19 -28
14 23 61
14 26 -63
14 34 52
14 36 91
14 38 -6
14 43 -49
14 44 93
14 46 -57
14 47 86
14 50 56
14 52 -66
14 54 4
14 55 -18
14 60 18
14 65 -98
14 66 22
14 67 91
14 70 33
14 72 -97
14 75 26
14 81 17
14 82 -18
14 83 63
14 84 89
14 90 -74
14 93 -23
14 96 -55
14 99 66
15 1 36
15 3 19
15 6 86
15 7 -15
15 8 36
15 9 12
15 19 50
15 20 64
15 22 70
15 23 99
15 24 -73
15 31 -39
15 33 -89
15 34 -37
15 39 -95
15 43 -86
15 44 35
15 48 50
15 49 -75
15 52 94
15 53 22
15 55 -80
15 56 -7
15 60 34
15 61 -11
15 68 46
15 81 -99
15 87 -93
15 88 75
15 90 17
15 93 -58
15 95 -24
15 96 58
16 0 -34
16 6 51
16 9 -82
16 11 -18
16 13 -73
16 19 15
16 20 39
16 23 5
16 27 -51
16 36 -11
16 37 -86
16 39 14
16 40 -42
16 41 14
16 53 -61
16 54 22
16 55 -67
16 57 -71
16 64 8
16 65 -59
16 66 84
16 69 -92
16 71 79
16 74 -59
16 75 29
16 77 83
16 78 -31
16 80 14
16 85 44
16 86 -46
16 90 41
16 94 92
16 97 -82
17 3 -34
17 7 -77
17 12 -56
17 24 99
17 28 -4
17 31 -62
17 33 -64
17 37 49
17 38 -88
17 39 91
17 44 40
17 47 55
17 51 85
17 52 -2
17 54 -95
17 55 11
17 64 64
17 65 45
17 70 99
17 71 -61
17 73 72
17 74 95
17 75 69
17 78 -63
17 81 -100
17 83 -8
17 84 -34
17 88 34
17 89 -2
17 91 -70
17 92 -83
17 93 -8
17 95 -54
17 98 66
18 1 -4
18 8 -20
18 9 98
18 10 -20
18 12 29
18 15 77
18 23 39
18 34 15
18 35 -80
18 37 18
18 39 -19
18 40 -15
18 42 -14
18 50 6
18 51 19
18 52 -46
18 54 87
18 56 57
18 61 -2
18 63 -99
18 68 84
18 73 -98
18 74 -56
18 75 68
18 76 60
18 78 63
18 79 31
18 83 -11
18 90 -20
18 93 45
18 94 -27
18 98 58
18 99 90
19 9 -16
19 11 99
19 13 45
19 18 67
19 20 -7
19 29 47
19 30 19
19 38 -26
19 39 -78
19 40 -99
19 42 75
19 43 -76
19 45 46
19 47 83
19 51 -18
19 57 16
19 61 -97
19 65 62
19 70 -52
19 74 15
19 78 4
19 81 31
19 83 50
19 85 -76
19 88 -68
19 95 -98
19 97 70
20 1 40
20 4 68
20 8 -41
20 12 -94
20 13 -69
20 18 -46
20 21 67
20 25 86
20 27 -67
20 28 -54
20 33 -72
20 35 31
20 38 3
20 42 -79
20 43 -44
20 44 42
20 46 60
20 48 95
20 50 -15
20 52 -87
20 68 86
20 69 -71
20 73 19
20 76 -12
20 78 86
20 79 13
20 82 6
20 83 26
20 84 -78
20 85 -79
20 88 54
20 91 30
20 92 -55
20 94 46
20 95 59
20 98 66
20 99 -100
21 0 -34
21 3 9
21 10 -93
21 11 -26
21 18 20
21 19 16
21 24 15
21 26 29
21 29 1
21 32 -19
21 36 -93
21 39 -53
21 41 -78
21 51 33
21 55 -37
21 56 76
21 58 74
21 59 -38
21 63 1
21 69 -25
21 75 98
21 78 60
21 81 -3
21 84 -84
21 91 10
21 94 -59
21 97 52
21 99 -13
22 1 -5
22 2 49
22 4 -89
22 6 43
22 14 -40
22 18 6
22 20 57
22 22 87
22 23 -1
22 26 12
22 28 88
22 32 81
22 37 -25
22 38 -47
22 40 -1
22 41 -77
22 42 16
22 43 -88
22 45 -7
22 50 -73
22 51 53
22 56 -5
22 58 27
22 62 -83
22 63 14
22 65 -81
22 70 -10
22 72 -60
22 73 48
22 74 75
22 76 34
22 81 61
22 86 91
22 90 -93
22 91 -15
22 92 -39
23 1 -77
23 5 -86
23 8 -33
23 18 51
23 20 -10
23 22 69
23 30 -66
23 32 72
23 33 -55
23 34 -16
23 38 -69
23 42 72
23 43 -42
23 44 -21
23 45 -31
23 50 -60
23 51 65
23 52 -99
23 53 -95
23 54 76
23 55 49
23 56 -88
23 61 -36
23 62 -80
23 63 -63
23 66 -18
23 67 49
23 76 -24
23 79 -65
23 84 35
23 85 49
23 87 -40
23 90 -12
23 91 5
23 93 -31
23 94 39
23 95 -13
23 96 54
23 98 -20
24 0 -89
24 6 -84
24 8 14
24 10 -52
24 11 53
24 12 -95
24 16 -42
24 19 80
24 20 -86
24 23 -98
24 25 37
24 28 -20
24 32 48
24 34 -16
24 36 -53
24 38 17
24 41 5
24 55 67
24 58 -23
24 60 91
24 61 -98
24 64 -23
24 66 52
24 69 -53
24 71 1
24 77 -75
24 88 -30
24 93 67
24 94 34
25 0 28
25 3 -68
25 6 -47
25 10 -83
25 12 21
25 13 69
25 14 83
25 15 -27
25 18 -48
25 32 74
25 38 16
25 43 -10
25 44 -90
25 46 87
25 47 11
25 48 -90
25 50 33
25 54 62
25 55 -66
25 57 -69
25 58 -97
25 60 49
25 65 10
25 68 -99
25 70 81
25 71 -68
25 72 24
25 73 -24
25 74 96
25 81 71
25 87 -56
25 92 60
26 3 -40
26 6 57
26 8 16
26 11 -34
26 12 15
26 14 -71
26 15 72
26 16 61
26 18 83
26 27 -39
26 28 73
26 34 -93
26 40 -63
26 48 -82
26 49 68
26 50 -83
26 51 -43
26 52 5
26 55 80
26 58 -90
26 66 75
26 68 -25
26 69 -61
26 72 43
26 75 31
26 77 -36
26 78 91
26 83 -33
26 84 -18
26 88 88
26 94 46
26 97 -88
26 98 1
26 99 36
27 1 22
27 2 20
27 3 -45
27 5 96
27 10 -74
27 11 81
27 18 -34
27 21 3
27 24 70
27 27 -17
27 29 -58
27 30 -100
27 31 -16
27 32 43
27 35 -30
27 36 -27
27 39 64
27 46 -70
27 50 12
27 64 -94
27 65 -65
27 66 -52
27 67 67
27 68 -40
27 73 -7
27 74 -21
27 76 -34
27 79 74
27 80 3
27 94 -79
27 95 78
27 97 16
27 99 -9
28 3 -13
28 6 -88
28 7 82
28 8 -70
28 9 69
28 13 86
28 18 -71
28 20 4
28 33 47
28 39 69
28 41 38
28 46 -56
28 47 50
28 48 -4
28 50 64
28 51 -11
28 53 70
28 59 -87
28 61 -84
28 62 -71
28 72 -32
28 80 -42
28 84 -7
28 87 -56
28 89 -26
28 93 51
28 95 -30
29 3 91
29 7 29
29 11 79
29 18 12
29 26 -1
29 27 1
29 30 97
29 32 -38
29 33 12
29 37 -89
29 38 -97
29 39 -62
29 43 -47
29 44 -47
29 46 62
29 47 59
29 48 -89
29 51 34
29 56 -9
29 57 -65
29 58 21
29 61 65
29 63 60
29 68 71
29 69 -32
29 74 -13
29 75 3
29 93 53
29 94 -52
29 97 66
29 98 26
29 99 -91
30 1 -93
30 2 -48
30 3 -24
30 11 -83
30 13 42
30 14 -15
30 15 -40
30 23 -18
30 24 62
30 26 3
30 27 6
30 30 -8
30 40 22
30 43 -94
30 44 17
30 46 -77
30 50 93
30 54 -76
30 55 -50
30 58 20
30 59 -20
30 66 61
30 67 -7
30 68 -46
30 70 -87
30 73 34
30 75 11
30 77 7
30 80 8
30 85 -87
30 87 -42
30 89 -30
30 93 -19
30 94 42
30 98 46
31 0 -7
31 2 87
31 7 99
31 10 -49
31 11 57
31 13 79
31 18 -79
31 19 -95
31 21 -49
31 22 61
31 25 -81
31 26 98
31 27 62
31 33 -90
31 40 -6
31 41 34
31 44 65
31 49 -75
31 50 26
31 61 -84
31 64 11
31 65 -95
31 69 -79
31 76 -2
31 77 38
31 80 55
31 81 -60
31 83 -59
31 86 -88
31 90 100
31 93 30
31 95 89
31 98 33
32 7 46
32 9 36
32 11 -33
32 12 17
32 13 -35
32 14 18
32 16 -8
32 18 -84
32 19 18
32 21 11
32 24 -47
32 27 62
32 29 8
32 30 28
32 31 48
32 34 -49
32 40 -27
32 42 33
32 44 20
32 45 -50
32 46 -52
32 48 40
32 52 -3
32 56 -93
32 61 -83
32 62 -22
32 63 -13
32 65 -19
32 66 19
32 69 -20
32 78 70
32 79 -100
32 83 75
32 87 -4
32 88 -45
32 89 4
32 90 -49
32 91 -72
32 92 65
32 93 50
32 95 -15
32 99 6
33 7 87
33 9 -35
33 10 -60
33 15 97
33 16 -52
33 17 -68
33 22 58
33 23 91
33 24 99
33 25 -74
33 26 63
33 32 -19
33 36 30
33 37 -86
33 45 -75
33 52 65
33 56 -15
33 59 -40
33 60 -27
33 62 -61
33 63 15
33 66 -16
33 70 -58
33 71 20
33 76 61
33 85 -65
33 86 -88
33 87 -37
33 88 92
33 90 -58
33 91 37
33 93 24
33 94 -60
33 99 87
34 5 -67
34 6 85
34 13 65
34 14 -4
34 16 -81
34 17 49
34 18 -100
34 20 77
34 21 -92
34 22 16
34 25 -17
34 28 71
34 29 86
34 31 6
34 39 83
34 45 -58
34 46 -23
34 49 66
34 58 80
34 60 -48
34 62 -77
34 63 53
34 64 -76
34 66 3
34 69 -90
34 72 32
34 74 27
34 75 56
34 78 -92
34 79 -21
34 80 50
34 83 -65
34 84 -65
34 85 23
34 87 -23
34 95 45
34 96 69
35 1 9
35 3 -70
35 4 1
35 7 1
35 8 33
35 10 -53
35 11 -33
35 13 57
35 17 33
35 19 -27
35 21 -47
35 22 62
35 23 9
35 29 51
35 31 77
35 32 -54
35 34 -76
35 35 89
35 36 79
35 37 -57
35 38 98
35 39 60
35 45 -80
35 46 -6
35 48 -61
35 50 80
35 54 -53
35 56 41
35 59 52
35 60 83
35 64 54
35 72 54
35 79 -90
35 82 -65
35 84 -100
35 93 90
35 94 -45
35 95 5
35 96 5
35 99 82
36 0 -44
36 2 -78
36 7 11
36 22 90
36 24 -39
36 31 -30
36 33 -11
36 34 -24
36 35 -58
36 36 92
36 38 -68
36 52 -57
36 53 -53
36 55 31
36 64 -43
36 65 29
36 67 58
36 73 66
36 74 -90
36 81 -13
36 82 -18
36 83 -54
36 87 -24
36 89 -87
36 91 -13
36 94 -59
36 95 -69
36 98 60
36 99 58
37 1 87
37 4 -64
37 5 92
37 8 -80
37 12 -18
37 17 36
37 22 -27
37 25 42
37 26 71
37 28 -62
37 30 -47
37 33 -94
37 34 -37
37 41 -9
37 43 -6
37 44 -35
37 50 -35
37 51 97
37 52 63
37 53 7
37 55 -17
37 58 69
37 62 -49
37 63 48
37 65 98
37 68 -94
37 69 45
37 73 92
37 77 81
37 79 -84
37 80 -45
37 84 -84
37 89 53
37 90 -47
37 91 -35
37 93 28
37 94 -13
37 96 87
38 4 -45
38 8 -60
38 10 66
38 14 69
38 16 29
38 19 -29
38 21 61
38 24 -60
38 25 -50
38 27 26
38 28 31
38 30 -60
38 32 97
38 35 -70
38 36 -57
38 37 60
38 39 -53
38 41 56
38 43 -90
38 48 -32
38 49 -9
38 55 -7
38 58 -12
38 59 -84
38 62 5
38 64 -51
38 66 -51
38 67 25
38 69 -28
38 70 -93
38 72 -74
38 78 54
38 83 68
38 84 -60
38 90 -26
38 92 -98
38 93 70
38 98 -4
39 1 85
39 5 -10
39 11 -39
39 13 -23
39 15 -79
39 23 -59
39 25 -77
39 28 32
39 33 33
39 35 57
39 36 -39
39 39 2
39 41 -61
39 43 88
39 47 -38
39 50 -87
39 54 100
39 56 86
39 59 -80
39 62 -2
39 63 97
39 64 -59
39 65 94
39 68 66
39 70 61
39 71 -57
39 72 -100
39 73 81
39 74 -7
39 75 15
39 76 -95
39 80 30
39 81 64
39 83 16
39 84 -28
39 89 47
39 93 31
39 94 92
39 96 17
39 99 5
40 1 -76
40 4 -90
40 9 7
40 12 -71
40 19 -35
40 20 33
40 26 -21
40 28 -71
40 30 33
40 31 -15
40 33 85
40 34 36
40 37 24
40 43 40
40 47 -24
40 51 -74
40 52 70
40 56 86
40 58 -41
40 62 74
40 64 -73
40 66 -75
40 72 8
40 77 91
41 0 -3
41 1 -42
41 8 32
41 10 -98
41 18 52
41 21 40
41 23 -62
41 29 48
41 32 -25
41 38 76
41 40 62
41 42 -38
41 43 61
41 44 26
41 45 -19
41 51 88
41 54 -64
41 59 35
41 63 84
41 70 5
41 75 -2
41 82 -87
41 85 -34
41 87 17
41 94 -21
41 95 -65
41 96 38
42 0 -62
42 2 -72
42 5 -33
42 12 -82
42 22 87
42 25 53
42 26 18
42 28 22
42 30 80
42 36 -67
42 37 -16
42 42 19
42 47 77
42 49 77
42 51 38
42 55 -38
42 59 -96
42 65 -18
42 67 43
42 69 16
42 75 -93
42 77 2
42 80 86
42 82 -97
42 83 -74
42 86 -5
42 87 -68
42 90 -71
42 92 24
42 98 -72
43 1 96
43 3 -17
43 4 34
43 14 -3
43 16 -23
43 18 -25
43 19 -59
43 21 79
43 29 6
43 30 -13
43 32 76
43 37 26
43 42 -18
43 46 -47
43 47 15
43 49 56
43 50 -15
43 54 2
43 56 38
43 62 -20
43 66 -20
43 67 -71
43 74 33
43 82 -11
43 86 72
43 95 16
43 99 38
44 0 49
44 3 -58
44 5 -92
44 9 92
44 14 91
44 15 94
44 20 37
44 21 -48
44 26 -25
44 28 -21
44 30 63
44 32 -64
44 38 96
44 41 42
44 44 -47
44 46 -40
44 47 -76
44 50 -98
44 52 -35
44 56 75
44 59 74
44 64 -2
44 67 100
44 68 -51
44 70 -12
44 72 -90
44 74 49
44 76 26
44 77 -25
44 82 41
44 85 -21
44 86 92
44 88 70
44 89 16
44 93 34
44 94 -100
44 96 -99
44 98 -90
45 1 99
45 4 -83
45 7 -41
45 8 -92
45 13 13
45 15 78
45 17 -37
45 19 46
45 22 7
45 23 -78
45 24 -76
45 26 43
45 29 4
45 30 -3
45 33 19
45 34 12
45 35 -34
45 39 33
45 40 -20
45 41 -72
45 43 -14
45 49 80
45 54 -91
45 59 -68
45 62 78
45 66 15
45 68 -11
45 71 5
45 72 31
45 78 94
45 79 51
45 86 -64
45 87 47
45 88 63
45 89 -18
45 93 91
45 94 -4
45 97 34
45 99 90
46 1 -74
46 6 55
46 9 8
46 16 31
46 18 -23
46 20 -62
46 21 -63
46 22 96
46 23 61
46 24 -92
46 25 -68
46 29 97
46 32 -96
46 35 15
46 38 69
46 41 37
46 48 -10
46 49 -2
46 55 -15
46 56 29
46 64 -75
46 71 9
46 78 49
46 82 36
46 87 -18
46 88 -90
46 89 95
46 90 -46
46 95 67
46 96 -56
47 0 -15
47 1 30
47 2 36
47 5 68
47 7 12
47 8 -82
47 13 -44
47 14 38
47 16 -59
47 20 6
47 26 71
47 27 91
47 31 -50
47 36 50
47 37 -73
47 40 36
47 42 -83
47 51 81
47 62 33
47 63 35
47 68 -94
47 71 -14
47 76 77
47 82 -41
47 83 -78
47 88 -80
47 89 52
47 94 -2
47 98 -50
47 99 -37
48 1 97
48 7 99
48 8 77
48 11 44
48 14 37
48 16 77
48 19 -21
48 20 52
48 21 -61
48 24 -38
48 25 33
48 26 90
48 32 -95
48 33 39
48 39 68
48 41 -25
48 44 3
48 47 82
48 49 -16
48 57 3
48 58 -28
48 60 11
48 63 -34
48 64 97
48 71 35
48 72 27
48 87 -28
48 92 -1
48 93 77
48 95 48
48 96 -2
48 97 39
49 0 -52
49 2 -49
49 11 -56
49 14 -4
49 16 -73
49 19 81
49 22 90
49 23 95
49 25 45
49 27 -71
49 31 14
49 32 81
49 33 90
49 35 -48
49 36 -81
49 43 49
49 46 37
49 47 -1
49 49 -100
49 50 84
49 52 2
49 57 -22
49 60 63
49 62 87
49 65 64
49 71 71
49 73 10
49 76 15
49 77 -16
49 79 100
49 80 31
49 83 -94
49 86 -85
49 95 -6
49 96 -35
49 98 28
50 0 -37
50 1 -4
50 3 -44
50 5 72
50 6 -95
50 7 -30
50 8 90
50 9 -96
50 11 68
50 17 -48
50 24 -53
50 32 10
50 34 -26
50 37 92
50 39 27
50 40 84
50 41 3
50 47 -53
50 51 39
50 52 -65
50 60 -15
50 65 59
50 70 75
50 71 -74
50 74 39
50 75 35
50 76 7
50 78 -48
50 79 -26
50 86 -19
50 87 -34
50 90 95
50 99 15
51 0 38
51 10 -24
51 14 10
51 16 89
51 23 -67
51 24 -46
51 25 -89
51 28 34
51 37 -58
51 38 80
51 40 -83
51 41 1
51 43 32
51 44 -97
51 45 72
51 50 -44
51 51 -77
51 54 -90
51 55 63
51 57 -59
51 60 -92
51 62 27
51 66 86
51 70 -42
51 75 90
51 76 -80
51 77 -78
51 78 84
51 79 92
51 81 -53
51 83 -73
51 87 -62
51 89 -99
51 93 23
51 94 -14
51 96 69
51 97 13
51 99 -26
52 1 17
52 6 -19
52 9 -83
52 11 29
52 16 -1
52 17 29
52 19 -64
52 20 34
52 21 -54
52 30 96
52 33 47
52 36 37
52 37 -5
52 39 19
52 47 -22
52 52 87
52 54 -78
52 60 85
52 64 62
52 66 58
52 67 40
52 74 -92
52 75 -27
52 76 53
52 78 39
52 80 -10
52 83 100
52 85 79
52 86 37
52 92 -8
52 96 -8
52 97 11
53 2 88
53 4 -66
53 5 -63
53 8 39
53 9 11
53 12 74
53 15 -16
53 24 -61
53 26 79
53 31 59
53 32 50
53 33 14
53 36 76
53 37 22
53 41 -14
53 51 -48
53 54 -89
53 55 92
53 62 1
53 66 4
53 67 -33
53 69 -31
53 72 73
53 78 50
53 80 39
53 83 -40
53 87 42
53 90 8
53 92 -13
53 94 83
53 96 27
54 1 -9
54 2 -98
54 7 16
54 13 -43
54 15 41
54 17 -1
54 18 30
54 26 -82
54 29 -68
54 32 -24
54 33 21
54 36 66
54 37 -6
54 43 76
54 44 -19
54 51 -40
54 52 56
54 59 30
54 66 -81
54 67 -94
54 70 -24
54 72 -19
54 73 93
54 74 63
54 82 -56
54 85 85
54 86 96
54 87 45
54 89 -35
54 91 24
54 92 26
54 96 -24
54 97 -22
54 98 -81
55 4 6
55 5 -84
55 19 -73
55 22 69
55 31 71
55 37 -4
55 38 36
55 39 88
55 40 23
55 42 -58
55 45 -48
55 47 -36
55 48 -83
55 49 -76
55 50 -39
55 53 65
55 54 -43
55 58 96
55 67 64
55 74 21
55 76 -27
55 78 63
55 80 -35
55 83 52
55 85 -70
55 86 -62
55 88 31
55 89 49
55 92 4
55 96 -55
56 0 -63
56 3 -84
56 4 -77
56 6 24
56 9 -5
56 15 -61
56 18 77
56 32 -52
56 44 -25
56 46 68
56 47 -90
56 50 43
56 51 -2
56 52 -23
56 53 -47
56 56 -11
56 58 20
56 60 -54
56 62 6
56 64 -33
56 65 2
56 67 59
56 68 100
56 75 10
56 76 -46
56 80 61
56 81 40
56 82 26
56 86 9
56 87 -4
56 88 50
56 91 -73
56 92 -73
56 93 70
56 98 18
57 1 17
57 3 89
57 4 3
57 5 17
57 11 88
57 13 -54
57 15 15
57 20 -72
57 27 82
57 28 8
57 33 -39
57 34 66
57 35 -27
57 36 85
57 37 45
57 38 96
57 39 -19
57 40 -19
57 44 -68
57 51 -2
57 54 -39
57 55 -88
57 57 -43
57 59 8
57 63 -8
57 65 -23
57 72 10
57 73 96
57 75 61
57 76 25
57 87 -30
57 88 -5
57 99 -91
58 0 90
58 1 -9
58 2 54
58 5 -22
58 6 84
58 9 28
58 21 -95
58 24 34
58 25 -20
58 26 -94
58 27 -99
58 32 66
58 33 -48
58 34 -75
58 36 62
58 37 -50
58 38 -31
58 42 -88
58 45 -52
58 49 24
58 50 -90
58 51 -67
58 54 -76
58 58 -41
58 59 8
58 70 47
58 77 -84
58 80 -33
58 84 -25
58 86 31
58 91 86
58 92 -71
58 95 50
58 96 -27
58 97 36
59 7 -77
59 10 -90
59 12 -14
59 13 -10
59 17 -70
59 21 34
59 24 13
59 27 99
59 30 60
59 31 64
59 32 -2
59 41 77
59 47 -66
59 48 -4
59 57 52
59 58 88
59 63 4
59 64 14
59 69 -23
59 77 -29
59 78 -99
59 79 36
59 86 -55
59 94 41
60 0 33
60 2 96
60 3 41
60 5 -23
60 9 98
60 13 -69
60 16 -30
60 22 1
60 25 -5
60 30 -55
60 42 37
60 51 42
60 53 21
60 58 85
60 60 -2
60 66 8
60 79 37
60 80 -99
60 87 -22
60 89 -40
60 94 -68
60 95 -14
60 96 75
60 99 -37
61 2 -98
61 5 -57
61 7 -58
61 8 -34
61 15 -58
61 17 -52
61 19 -44
61 28 56
61 32 35
61 35 -34
61 37 17
61 42 10
61 47 72
61 49 88
61 51 -74
61 54 -49
61 56 27
61 58 2
61 59 -43
61 60 -51
61 64 77
61 74 100
61 77 -50
61 80 -79
61 88 -95
61 91 -78
61 92 -21
61 94 -24
61 95 -92
61 96 -66
61 98 75
61 99 42
62 2 10
62 3 20
62 6 36
62 9 -55
62 10 44
62 12 83
62 13 48
62 14 -9
62 16 56
62 18 75
62 21 91
62 26 43
62 27 58
62 34 -40
62 37 -33
62 39 -93
62 45 -16
62 47 -27
62 50 100
62 54 -98
62 58 -52
62 60 -65
62 61 47
62 63 25
62 65 63
62 66 21
62 69 28
62 75 -20
62 77 63
62 79 52
62 82 41
62 84 34
62 89 -60
62 97 84
62 99 -73
63 5 -21
63 7 -59
63 9 28
63 11 -56
63 18 -36
63 20 88
63 22 -9
63 24 73
63 25 98
63 29 -67
63 30 -42
63 32 -71
63 33 23
63 34 -93
63 36 -60
63 37 23
63 50 -55
63 51 40
63 52 -31
63 54 -1
63 56 46
63 60 -72
63 61 88
63 68 29
63 71 52
63 75 23
63 80 91
63 81 -60
63 83 -97
63 96 -81
64 1 -64
64 11 -46
64 21 46
64 27 33
64 31 18
64 34 10
64 40 76
64 42 23
64 44 -93
64 46 27
64 50 14
64 52 55
64 55 -79
64 57 81
64 63 -40
64 67 74
64 68 25
64 69 80
64 70 35
64 72 -52
64 75 -72
64 78 28
64 85 41
64 87 -28
64 90 -8
64 94 -1
64 97 -58
65 3 -16
65 11 -16
65 15 4
65 16 54
65 23 46
65 27 73
65 28 -29
65 30 39
65 35 40
65 41 -22
65 43 26
65 44 -98
65 45 51
65 52 -62
65 53 -27
65 54 32
65 56 58
65 57 -84
65 61 88
65 62 60
65 80 70
65 86 -37
65 87 16
65 88 -9
65 93 -57
65 98 86
66 0 33
66 7 -18
66 8 34
66 11 88
66 12 7
66 13 -15
66 20 51
66 21 -90
66 22 75
66 24 38
66 27 -16
66 34 95
66 36 -3
66 37 -15
66 38 -4
66 40 60
66 42 -7
66 44 71
66 46 -48
66 48 -2
66 53 -9
66 56 74
66 57 -20
66 59 -35
66 62 -11
66 63 22
66 72 -27
66 75 16
66 76 -21
66 77 93
66 80 -34
66 83 38
66 85 40
66 91 -92
66 93 -76
66 99 59
67 1 18
67 2 48
67 3 62
67 4 44
67 7 -41
67 9 -53
67 14 11
67 19 38
67 21 48
67 24 72
67 26 -31
67 27 52
67 28 6
67 31 72
67 34 91
67 38 67
67 41 50
67 47 81
67 49 8
67 53 -36
67 55 23
67 56 -40
67 59 -29
67 61 76
67 64 -55
67 66 10
67 69 29
67 72 -92
67 75 99
67 78 -39
67 79 -41
67 85 -27
67 87 45
67 94 -82
67 96 -15
68 10 10
68 12 71
68 14 19
68 18 100
68 21 99
68 25 75
68 29 -8
68 30 65
68 32 21
68 35 23
68 43 -67
68 45 -26
68 56 18
68 57 -61
68 60 -19
68 65 47
68 69 -45
68 70 -57
68 74 -22
68 78 -36
68 80 -51
68 86 47
68 88 62
68 90 -21
68 92 -46
68 95 -96
68 97 -24
68 98 18
68 99 -69
69 1 14
69 10 90
69 11 -99
69 12 -36
69 15 -93
69 17 -91
69 25 98
69 26 76
69 27 -87
69 28 73
69 33 37
69 35 54
69 42 -33
69 46 -64
69 49 -95
69 50 38
69 51 65
69 55 25
69 56 -78
69 57 -65
69 58 2
69 59 66
69 61 18
69 66 -38
69 71 100
69 72 57
69 77 10
69 79 -40
69 82 4
69 92 2
69 96 23
69 99 -26
70 2 -28
70 5 45
70 7 48
70 11 -14
70 12 81
70 15 -60
70 16 -62
70 20 -38
70 21 67
70 24 71
70 25 23
70 34 -70
70 37 -80
70 38 36
70 39 -37
70 47 -75
70 53 53
70 55 -67
70 56 -44
70 63 21
70 69 87
70 70 -49
70 74 28
70 75 5
70 78 30
70 80 -71
70 81 13
70 83 54
70 87 -55
70 89 -28
70 92 6
70 95 2
71 0 -3
71 1 -51
71 10 -22
71 16 23
71 22 82
71 23 -99
71 28 -31
71 31 26
71 35 81
71 36 76
71 41 -98
71 42 -69
71 48 -43
71 54 51
71 57 79
71 59 -45
71 67 81
71 68 -84
71 72 21
71 74 86
71 76 -48
71 79 81
71 80 48
71 82 99
71 83 27
71 84 -2
71 85 -93
71 88 94
71 91 84
71 94 22
71 95 -59
72 6 -16
72 10 -57
72 11 79
72 13 -84
72 17 86
72 19 -35
72 20 -54
72 21 96
72 22 -84
72 27 61
72 29 91
72 32 51
72 35 -54
72 36 -1
72 38 -9
72 42 51
72 44 45
72 45 57
72 47 -33
72 50 88
72 52 58
72 54 -45
72 58 -43
72 64 81
72 66 76
72 73 66
72 74 -7
72 75 -71
72 77 -63
72 81 -45
72 82 59
72 83 -77
72 85 17
72 87 68
72 88 -84
72 89 -9
72 90 -65
72 92 -27
73 0 -30
73 6 51
73 7 90
73 10 -73
73 12 24
73 13 -100
73 15 -65
73 18 -16
73 21 20
73 28 -64
73 39 -49
73 42 -50
73 46 -79
73 47 4
73 49 57
73 50 -23
73 51 73
73 55 41
73 57 77
73 60 31
73 62 71
73 63 1
73 73 -81
73 82 7
73 85 14
73 88 -48
73 91 -88
73 92 -78
73 93 18
73 94 -26
74 3 19
74 4 27
74 5 54
74 6 -18
74 7 100
74 10 -14
74 12 37
74 19 -79
74 20 44
74 25 -37
74 26 52
74 27 62
74 30 36
74 31 82
74 34 79
74 49 96
74 57 -4
74 58 -62
74 61 -59
74 62 -56
74 63 58
74 65 -80
74 72 69
74 76 -56
74 79 9
74 85 96
74 86 -71
74 96 46
74 98 70
75 2 50
75 12 -49
75 19 78
75 20 -65
75 23 -10
75 24 10
75 25 -56
75 27 -46
75 33 5
75 38 -51
75 44 -91
75 51 99
75 52 -33
75 61 -99
75 62 16
75 63 -80
75 65 54
75 67 -75
75 68 2
75 70 36
75 71 56
75 72 36
75 73 -68
75 75 -22
75 76 -83
75 83 63
75 86 -99
75 92 -28
75 94 -20
75 99 58
76 0 -33
76 3 89
76 4 33
76 5 -45
76 9 -7
76 10 -31
76 12 82
76 16 48
76 18 4
76 25 37
76 28 85
76 29 -94
76 32 46
76 34 -40
76 36 -72
76 38 74
76 50 -10
76 51 29
76 53 55
76 54 -32
76 55 65
76 59 -58
76 60 -83
76 64 -60
76 67 7
76 70 82
76 71 84
76 72 -20
76 74 93
76 78 70
76 79 -57
76 81 -59
76 82 -39
76 83 -3
76 85 -69
76 86 -54
76 87 -77
76 88 7
76 92 -43
76 97 -44
77 1 -2
77 3 67
77 7 30
77 9 -67
77 10 95
77 11 -3
77 18 -57
77 19 -32
77 24 26
77 33 -65
77 39 19
77 40 70
77 41 -25
77 43 -60
77 45 -63
77 46 -16
77 51 16
77 52 -73
77 53 -39
77 58 -66
77 61 -33
77 64 6
77 65 -2
77 71 -91
77 76 61
77 77 35
77 83 -62
77 87 13
77 89 -73
77 94 100
77 98 -59
78 0 7
78 4 -72
78 17 -22
78 20 -75
78 21 -39
78 24 45
78 25 -14
78 27 7
78 29 -70
78 35 3
78 36 14
78 38 88
78 39 -13
78 48 -96
78 49 4
78 53 -23
78 58 3
78 59 -50
78 60 -100
78 63 37
78 65 18
78 66 -64
78 70 -7
78 76 67
78 79 53
78 85 -83
78 91 -8
78 92 87
78 95 -94
78 99 -4
79 7 12
79 8 -54
79 10 74
79 13 43
79 15 92
79 16 60
79 19 -17
79 20 -36
79 21 59
79 22 -31
79 25 -19
79 26 96
79 27 -91
79 30 75
79 31 41
79 34 -86
79 35 -57
79 37 -32
79 39 -59
79 41 28
79 46 66
79 52 -65
79 54 89
79 55 -90
79 60 8
79 63 81
79 65 71
79 71 47
79 72 22
79 74 59
79 80 21
79 81 95
79 82 16
79 83 57
79 87 -44
79 89 9
79 93 -31
79 95 -38
79 99 -10
80 0 -18
80 2 67
80 5 -24
80 6 76
80 9 -28
80 12 -12
80 14 -38
80 15 -16
80 18 -49
80 20 87
80 23 -32
80 24 -71
80 25 78
80 28 54
80 29 -77
80 31 29
80 32 -64
80 35 42
80 38 -26
80 40 100
80 43 -6
80 44 -89
80 45 -51
80 47 97
80 49 -27
80 50 -33
80 60 -39
80 61 70
80 62 42
80 63 17
80 65 80
80 66 -45
80 71 11
80 72 33
80 74 39
80 77 -93
80 86 -32
80 87 -59
80 89 -66
80 93 -57
80 94 10
80 98 7
80 99 38
81 0 87
81 3 -52
81 7 -59
81 12 72
81 20 -12
81 24 -60
81 29 93
81 30 75
81 31 8
81 32 2
81 34 11
81 35 -28
81 36 34
81 39 -9
81 40 -34
81 42 59
81 44 25
81 45 36
81 46 -93
81 47 -55
81 49 78
81 55 -8
81 64 -87
81 65 -3
81 69 -32
81 71 97
81 73 38
81 74 99
81 75 -54
81 78 -23
81 79 57
81 81 -77
81 82 -31
81 84 -4
81 93 58
81 94 -92
81 99 85
82 4 -95
82 9 -48
82 12 -91
82 23 -33
82 25 86
82 29 -25
82 36 -74
82 41 72
82 42 -2
82 49 85
82 52 -48
82 54 39
82 60 -13
82 62 -25
82 64 -90
82 67 72
82 69 -81
82 70 34
82 78 -51
82 79 22
82 81 24
82 86 -98
82 88 -82
82 90 -29
82 91 -97
82 92 89
82 97 -4
82 99 21
83 0 -41
83 7 56
83 9 31
83 10 7
83 14 -83
83 17 -2
83 19 65
83 21 -92
83 23 59
83 24 48
83 26 -82
83 30 -88
83 34 19
83 48 -1
83 49 57
83 54 -30
83 55 84
83 62 12
83 63 33
83 65 10
83 69 77
83 74 36
83 80 -91
83 82 58
83 87 87
83 88 93
83 89 48
83 90 32
83 96 100
83 98 17
84 0 -36
84 1 -6
84 9 81
84 18 61
84 22 29
84 29 -87
84 31 -6
84 37 -38
84 38 -11
84 39 45
84 44 72
84 49 -71
84 50 33
84 52 29
84 53 32
84 58 29
84 60 -5
84 62 28
84 63 -52
84 68 -41
84 70 23
84 76 -26
84 78 -18
84 79 -45
84 84 99
84 85 -38
84 91 45
84 94 -4
84 95 -5
84 96 37
84 99 -5
85 4 -78
85 8 -69
85 18 -32
85 28 63
85 29 51
85 30 78
85 32 -44
85 39 -36
85 41 72
85 43 21
85 46 -83
85 54 96
85 60 -63
85 62 68
85 72 -3
85 73 -78
85 74 -62
85 80 24
85 82 -7
85 83 -32
85 84 61
85 85 -75
85 88 77
85 95 -48
85 96 59
85 98 61
86 3 -78
86 8 28
86 13 -41
86 14 7
86 15 18
86 18 95
86 20 39
86 26 22
86 28 74
86 32 27
86 34 32
86 36 23
86 39 -91
86 40 -35
86 41 -5
86 48 -56
86 49 100
86 56 -62
86 58 -69
86 61 24
86 63 36
86 65 -93
86 66 93
86 70 6
86 71 -45
86 73 65
86 76 10
86 78 -68
86 85 -48
86 86 -90
86 87 -49
86 88 24
86 89 70
86 90 42
86 94 -40
87 13 32
87 16 -28
87 21 -89
87 24 18
87 25 55
87 27 63
87 29 85
87 30 -64
87 32 -26
87 35 -5
87 37 98
87 39 55
87 42 -53
87 43 71
87 44 -21
87 45 -14
87 46 -17
87 48 32
87 51 -80
87 52 75
87 53 -62
87 54 -11
87 58 85
87 60 -84
87 64 -85
87 68 -95
87 78 89
87 81 -39
87 82 -78
87 84 18
87 86 -80
87 87 64
87 90 83
88 2 -98
88 4 -92
88 5 -27
88 7 80
88 8 67
88 9 -84
88 10 86
88 13 -63
88 14 -35
88 17 8
88 18 17
88 29 18
88 31 65
88 38 -39
88 40 84
88 41 64
88 44 -46
88 48 75
88 51 75
88 53 14
88 57 45
88 67 -49
88 73 -99
88 81 -58
88 82 32
88 85 -60
88 88 29
88 91 57
88 93 82
88 98 -94
89 1 7
89 4 -71
89 5 -56
89 6 88
89 11 92
89 18 25
89 19 -69
89 21 72
89 23 -11
89 25 39
89 31 -24
89 32 -82
89 33 66
89 34 -40
89 36 -6
89 38 58
89 43 -11
89 44 -1
89 45 76
89 49 39
89 51 -32
89 54 -39
89 58 66
89 60 59
89 62 8
89 67 22
89 69 31
89 77 32
89 80 -82
89 82 87
89 84 -59
89 89 94
89 90 -20
89 95 -57
89 97 91
90 0 43
90 4 -45
90 5 75
90 11 -51
90 14 92
90 17 -93
90 20 -64
90 21 67
90 22 -59
90 24 -94
90 25 54
90 27 43
90 28 35
90 30 -100
90 37 -18
90 40 -69
90 41 26
90 42 -35
90 51 82
90 56 -86
90 57 -97
90 59 -54
90 65 48
90 66 -96
90 69 -32
90 72 20
90 74 -18
90 75 3
90 80 -37
90 84 62
90 86 -91
90 88 45
90 90 -12
90 92 -96
90 93 71
90 94 -16
90 95 95
90 96 58
90 97 88
91 0 -68
91 1 -83
91 3 93
91 4 -27
91 5 -82
91 6 -61
91 7 -72
91 12 -31
91 18 20
91 19 -4
91 21 -9
91 22 41
91 26 -56
91 28 -6
91 34 -76
91 35 58
91 37 -24
91 40 -19
91 41 -83
91 42 77
91 49 97
91 50 68
91 51 -71
91 58 -60
91 60 -81
91 61 -75
91 64 -64
91 68 -5
91 74 35
91 76 -16
91 77 -62
91 80 71
91 87 -93
91 92 -90
91 97 -76
92 1 64
92 5 80
92 7 52
92 8 -45
92 11 30
92 14 11
92 16 11
92 19 -13
92 20 -55
92 22 -43
92 26 46
92 29 36
92 50 -10
92 62 10
92 63 -55
92 67 17
92 68 70
92 69 -97
92 70 29
92 71 -55
92 75 -49
92 77 -78
92 81 -43
92 82 -9
92 83 -37
92 91 -95
92 97 -4
93 1 -42
93 13 79
93 15 94
93 20 54
93 22 -54
93 27 -52
93 28 100
93 29 63
93 30 -94
93 32 -59
93 41 95
93 48 -100
93 49 -40
93 51 87
93 57 87
93 63 -52
93 64 -66
93 68 70
93 69 -71
93 70 -60
93 71 -31
93 78 -37
93 83 26
93 86 -8
93 94 32
93 95 79
94 0 53
94 1 -65
94 2 -51
94 3 -7
94 10 -76
94 24 -18
94 26 -94
94 28 26
94 31 97
94 39 -39
94 41 25
94 43 53
94 44 100
94 46 43
94 53 -3
94 60 -86
94 68 93
94 71 -91
94 73 -71
94 74 -94
94 80 -79
94 83 18
94 89 -90
94 94 14
94 95 -67
94 96 -99
94 97 90
95 2 -43
95 3 3
95 5 -11
95 7 -15
95 8 -2
95 10 -5
95 12 -88
95 13 -40
95 14 -57
95 26 20
95 31 3
95 33 19
95 35 42
95 37 86
95 38 -59
95 42 -7
95 47 82
95 51 -10
95 55 79
95 60 26
95 63 -47
95 66 -64
95 68 12
95 75 60
95 81 -49
95 87 76
95 88 -94
95 95 -89
95 96 -81
96 1 28
96 3 19
96 5 -30
96 6 -98
96 8 37
96 9 -37
96 10 65
96 14 -53
96 15 -65
96 18 60
96 20 7
96 21 -52
96 24 -82
96 25 44
96 27 -84
96 32 -82
96 36 -70
96 38 63
96 40 30
96 47 -77
96 53 37
96 54 -72
96 56 -88
96 61 -13
96 62 -72
96 63 4
96 69 -15
96 70 -1
96 77 98
96 80 -19
96 81 97
96 82 8
96 85 -63
96 86 18
96 87 64
96 90 26
96 91 -3
96 92 -78
97 0 92
97 1 -85
97 5 99
97 8 95
97 10 25
97 13 97
97 14 57
97 18 -1
97 21 18
97 22 59
97 25 1
97 26 15
97 29 69
97 31 46
97 35 -89
97 36 -61
97 39 -100
97 41 77
97 42 -98
97 43 7
97 48 35
97 53 9
97 55 81
97 56 29
97 61 -96
97 66 74
97 67 5
97 69 77
97 70 -63
97 73 -34
97 75 -42
97 78 -48
97 79 -50
97 80 -63
97 81 61
97 83 -74
97 84 86
97 86 75
97 87 24
97 89 -70
97 92 -94
97 95 85
97 96 29
98 1 -7
98 3 -34
98 5 73
98 7 -96
98 8 68
98 10 -3
98 11 -24
98 17 -64
98 18 -67
98 19 50
98 23 -86
98 24 -44
98 25 -68
98 28 23
98 31 -6
98 34 -94
98 37 -16
98 40 22
98 41 35
98 43 84
98 44 -38
98 45 33
98 46 65
98 49 81
98 51 93
98 56 -28
98 58 42
98 59 -46
98 64 21
98 68 -19
98 69 -91
98 70 39
98 72 67
98 83 96
98 86 55
98 90 43
98 94 75
98 95 38
98 96 -94
99 0 93
99 3 22
99 4 -25
99 8 82
99 9 -49
99 11 83
99 15 97
99 17 66
99 19 -65
99 20 96
99 22 -94
99 24 -1
99 33 10
99 34 -3
99 36 38
99 42 82
99 43 -94
99 44 95
99 46 68
99 47 -23
99 52 -26
99 55 71
99 59 -89
99 62 -14
99 63 -49
99 68 27
99 72 -93
99 83 -57
99 85 59
99 86 75
99 91 -37
99 92 -30
99 95 -33
99 97 73