0 2 -6
0 4 -47
0 5 -35
0 7 -41
0 8 -93
0 10 16
0 11 11
0 13 -87
0 16 79
0 18 -21
0 21 27
0 23 -14
0 24 80
0 25 -78
0 26 -29
0 27 -56
0 29 -32
0 30 -53
0 34 -55
0 36 -43
0 40 32
0 45 23
0 46 -80
0 48 -79
1 0 23
1 4 23
1 5 90
1 6 78
1 9 -10
1 10 -32
1 12 79
1 13 -83
1 15 -28
1 16 -21
1 17 57
1 18 43
1 19 -29
1 22 -26
1 26 20
1 30 46
1 31 76
1 32 74
1 34 -42
1 36 7
1 37 -88
1 40 68
1 41 49
1 42 -52
1 44 -43
1 46 100
2 0 39
2 1 -34
2 2 -50
2 5 53
2 9 -100
2 10 -49
2 11 53
2 14 43
2 18 -18
2 19 63
2 27 16
2 28 -24
2 31 -19
2 35 78
2 38 44
2 41 12
2 43 13
2 44 -73
2 45 -27
2 47 -95
3 2 -98
3 8 59
3 11 73
3 12 17
3 14 74
3 20 -73
3 22 68
3 25 90
3 28 31
3 33 -62
3 36 -4
3 39 -24
3 40 -86
3 43 -28
3 44 88
3 45 -91
3 48 -74
4 3 57
4 5 -60
4 6 60
4 7 -71
4 8 38
4 11 48
4 12 -12
4 13 55
4 14 34
4 15 -20
4 16 -17
4 18 -91
4 19 -89
4 20 -8
4 22 -94
4 25 96
4 27 43
4 28 3
4 29 49
4 31 -1
4 33 31
4 34 39
4 35 63
4 36 -63
4 38 -65
4 39 87
4 42 51
4 46 -67
5 1 -31
5 3 -28
5 6 -41
5 8 38
5 9 -29
5 13 -68
5 14 49
5 18 52
5 20 39
5 26 95
5 28 -4
5 30 -74
5 31 75
5 33 9
5 34 -87
5 35 30
5 36 -91
5 38 45
5 39 81
5 40 -11
5 42 39
5 43 2
5 48 -10
6 2 -24
6 5 88
6 8 45
6 11 -93
6 14 48
6 16 -44
6 17 35
6 20 86
6 24 31
6 25 -11
6 26 -97
6 27 18
6 30 96
6 32 -23
6 35 -4
6 36 29
6 37 71
6 38 -72
6 39 -77
6 40 76
6 46 22
6 49 -88
7 0 52
7 1 -80
7 5 -15
7 6 -92
7 7 -98
7 9 10
7 11 -93
7 15 -36
7 16 -74
7 17 -99
7 19 61
7 20 43
7 22 -49
7 24 -73
7 25 -87
7 28 -4
7 29 -66
7 30 -37
7 33 53
7 39 -14
7 42 88
7 44 -85
7 45 -8
8 5 -31
8 7 27
8 8 16
8 13 -69
8 14 29
8 16 -8
8 17 -32
8 18 61
8 21 20
8 24 28
8 26 20
8 27 76
8 29 67
8 30 -92
8 31 99
8 33 11
8 35 -91
8 37 -3
8 40 26
8 41 36
8 42 13
8 45 -45
8 46 60
8 49 -59
9 2 -80
9 5 -23
9 6 -80
9 8 32
9 10 -24
9 12 -40
9 13 5
9 15 -1
9 16 -75
9 17 -7
9 24 -42
9 25 -37
9 26 41
9 27 -70
9 30 -45
9 32 -16
9 33 -60
9 34 -75
9 38 -30
9 39 72
9 40 -93
9 42 -100
9 43 13
9 46 60
9 47 -94
9 48 -85
9 49 77
10 0 45
10 3 4
10 8 27
10 9 30
10 10 -46
10 12 -8
10 14 -21
10 15 -14
10 20 48
10 21 -32
10 22 -49
10 23 -22
10 25 -30
10 32 56
10 42 99
10 43 33
10 46 41
10 47 99
10 49 -47
11 7 -3
11 10 66
11 13 27
11 17 -10
11 23 -83
11 25 -76
11 26 -84
11 29 22
11 31 -35
11 33 2
11 34 -73
11 37 -39
11 39 63
11 40 46
11 41 -57
11 43 -59
11 47 -24
11 49 28
12 0 -81
12 5 -44
12 6 -33
12 7 -63
12 8 4
12 11 59
12 12 -70
12 14 45
12 15 -35
12 19 84
12 25 -1
12 27 7
12 28 61
12 29 66
12 31 63
12 33 -12
12 34 -44
12 35 -71
12 36 31
12 38 90
12 45 65
12 47 56
13 1 66
13 2 -67
13 3 72
13 6 96
13 7 99
13 11 64
13 12 -56
13 14 43
13 15 -34
13 23 35
13 24 36
13 26 68
13 27 -70
13 30 -83
13 32 59
13 34 -42
13 38 54
13 40 -70
13 43 -46
13 44 29
13 46 9
13 47 -55
13 49 62
14 4 9
14 7 -26
14 10 -93
14 11 90
14 12 16
14 15 -94
14 16 -8
14 17 -18
14 18 -60
14 19 -83
14 21 -72
14 22 -85
14 27 19
14 28 -42
14 31 -8
14 33 50
14 35 -9
14 36 -13
14 38 83
14 40 25
14 42 -81
14 44 -55
14 45 81
14 46 93
14 47 23
15 4 -71
15 5 86
15 7 89
15 10 -83
15 13 -69
15 14 73
15 17 20
15 19 18
15 20 78
15 23 -22
15 24 67
15 34 -78
15 36 68
15 37 -65
15 38 -99
15 44 -55
15 45 -27
15 46 -3
15 47 -49
15 48 -56
15 49 -29
16 5 61
16 7 -42
16 13 10
16 20 66
16 23 19
16 26 -86
16 27 -77
16 28 18
16 31 72
16 35 51
16 36 -95
16 37 -71
16 38 -91
16 40 -80
16 41 48
16 44 -69
17 1 50
17 3 37
17 5 -61
17 9 -44
17 10 48
17 13 -97
17 15 10
17 16 -10
17 17 -29
17 24 -88
17 26 -19
17 28 88
17 29 47
17 30 -25
17 33 58
17 36 82
17 38 8
17 39 42
17 41 44
17 45 17
17 46 17
17 47 78
18 0 66
18 2 -12
18 3 51
18 5 -91
18 7 -91
18 8 69
18 9 3
18 11 -32
18 12 68
18 17 32
18 18 80
18 20 -58
18 21 -13
18 23 -67
18 24 -19
18 25 -88
18 29 -58
18 30 -88
18 31 90
18 38 -90
18 39 5
18 40 -32
18 42 93
18 43 98
18 46 73
18 48 -6
19 4 -4
19 6 -38
19 7 -18
19 9 2
19 12 41
19 16 -88
19 26 -91
19 28 80
19 30 16
19 32 -99
19 33 57
19 40 -93
19 41 -71
19 45 -84
20 3 -3
20 4 -70
20 6 -60
20 7 -51
20 8 -36
20 10 -21
20 13 49
20 14 -73
20 17 3
20 18 -52
20 19 89
20 22 -13
20 23 57
20 24 -97
20 30 56
20 32 -36
20 34 12
20 36 -67
20 38 52
20 47 45
20 48 5
20 49 68
21 1 -80
21 2 -13
21 3 -12
21 4 13
21 6 89
21 8 -33
21 9 5
21 12 15
21 14 19
21 15 -51
21 17 73
21 18 11
21 19 -77
21 20 -99
21 21 11
21 22 33
21 24 -13
21 25 26
21 26 -51
21 27 74
21 29 12
21 30 17
21 31 62
21 35 20
21 37 -63
21 40 37
21 41 19
21 42 43
21 43 -91
21 45 12
21 46 56
21 47 -30
21 49 22
22 0 -15
22 2 7
22 4 95
22 6 -56
22 9 21
22 11 66
22 14 7
22 15 21
22 19 43
22 34 -75
22 35 -87
22 36 -34
22 38 64
22 39 74
22 41 5
22 46 65
22 47 -41
22 49 35
23 0 19
23 6 -72
23 8 -81
23 10 -70
23 11 -80
23 16 18
23 17 90
23 18 76
23 20 -26
23 22 -98
23 24 3
23 26 56
23 29 84
23 30 -68
23 32 -36
23 33 -62
23 35 62
23 36 -33
23 37 62
23 38 -2
23 42 -48
23 45 -79
23 49 -17
24 0 49
24 2 51
24 5 86
24 6 -35
24 7 -54
24 8 -49
24 11 28
24 16 10
24 19 -27
24 22 -25
24 24 64
24 27 -29
24 28 7
24 29 50
24 31 54
24 35 26
24 36 23
24 37 93
24 41 19
24 42 92
24 43 -84
24 45 28
24 49 34
25 3 19
25 5 -76
25 8 -26
25 11 96
25 12 -48
25 16 -72
25 17 -16
25 18 -7
25 19 -16
25 21 -38
25 22 73
25 23 -59
25 24 -20
25 25 -78
25 28 -46
25 30 85
25 32 70
25 33 72
25 35 28
25 36 60
25 38 -30
25 42 42
25 46 -51
25 47 74
25 48 22
26 1 5
26 5 1
26 8 28
26 10 -74
26 11 -21
26 14 57
26 15 96
26 16 93
26 17 -58
26 20 84
26 21 -20
26 28 -6
26 30 -38
26 36 19
26 40 -36
26 47 55
26 49 9
27 1 97
27 4 14
27 7 -86
27 10 -77
27 11 62
27 13 12
27 14 -75
27 15 23
27 16 22
27 18 23
27 20 -63
27 25 -56
27 29 70
27 31 -17
27 34 44
27 37 2
27 38 37
27 39 -93
27 45 14
27 48 40
28 2 19
28 3 -68
28 6 38
28 8 36
28 9 -25
28 10 -93
28 11 20
28 13 -20
28 14 -26
28 15 99
28 17 55
28 20 69
28 21 -34
28 23 -85
28 25 -32
28 26 -84
28 27 61
28 28 78
28 29 16
28 32 28
28 36 -76
28 37 18
28 38 81
28 40 55
28 41 -74
28 43 -77
28 47 -68
29 2 -2
29 4 -10
29 7 -7
29 8 -79
29 9 -10
29 13 99
29 14 -11
29 15 28
29 17 78
29 18 -82
29 19 27
29 23 -43
29 25 95
29 27 -47
29 29 -31
29 35 -45
29 36 -90
29 37 81
29 38 -47
29 41 -45
29 43 -19
29 48 47
29 49 80
30 0 -42
30 1 -57
30 3 -41
30 5 97
30 6 -7
30 7 15
30 8 -68
30 12 90
30 18 70
30 20 27
30 21 37
30 22 -100
30 23 -56
30 24 -36
30 27 86
30 28 34
30 30 -11
30 31 -4
30 32 -53
30 34 -82
30 35 27
30 42 -94
30 43 46
30 45 -7
30 47 -77
30 48 1
31 0 -43
31 3 17
31 4 -89
31 5 -45
31 9 -90
31 10 65
31 11 -10
31 12 66
31 13 61
31 16 -48
31 17 98
31 20 -97
31 21 -10
31 23 87
31 28 59
31 29 -40
31 30 46
31 33 84
31 34 91
31 35 64
31 39 64
31 40 82
31 42 -47
31 43 -96
31 45 94
31 46 -23
31 47 99
31 48 60
32 2 -100
32 3 -59
32 4 -74
32 6 -66
32 7 64
32 9 75
32 11 78
32 14 -63
32 15 -64
32 17 -71
32 20 27
32 21 -28
32 22 -29
32 23 31
32 27 -77
32 28 33
32 30 -23
32 31 5
32 32 -69
32 33 79
32 34 91
32 36 -59
32 37 74
32 38 9
32 44 -31
32 45 66
32 47 -13
32 48 -96
33 2 -84
33 5 -8
33 6 86
33 8 3
33 10 13
33 11 -8
33 16 -26
33 17 53
33 21 -57
33 22 14
33 23 -94
33 25 -22
33 28 -95
33 29 11
33 30 31
33 31 8
33 32 37
33 33 33
33 34 3
33 35 77
33 36 -58
33 38 48
33 43 -86
33 44 -44
34 0 -61
34 4 40
34 5 34
34 10 78
34 12 13
34 13 -61
34 14 -56
34 16 26
34 18 3
34 24 58
34 27 -43
34 33 48
34 34 16
34 35 -56
34 37 -26
34 39 -43
34 41 53
34 42 79
34 43 -67
34 49 -11
35 0 -95
35 2 -12
35 3 82
35 5 -69
35 7 79
35 8 -90
35 9 -22
35 10 -33
35 11 -89
35 15 15
35 16 -30
35 18 -44
35 21 80
35 23 -13
35 24 10
35 25 92
35 26 -45
35 27 19
35 29 -38
35 30 4
35 31 40
35 35 -8
35 36 -10
35 38 39
35 40 34
35 41 73
35 43 -66
35 45 37
35 47 -54
35 49 -51
36 2 90
36 3 -17
36 10 -60
36 12 -45
36 14 -30
36 19 -40
36 20 59
36 21 63
36 24 -31
36 27 61
36 28 -58
36 33 -68
36 36 -81
36 38 87
36 39 51
36 41 25
36 42 -2
36 43 46
37 0 -17
37 3 -80
37 4 -88
37 5 56
37 9 -85
37 10 16
37 13 22
37 15 56
37 16 83
37 19 -57
37 21 -68
37 24 -37
37 25 -42
37 28 -73
37 30 51
37 31 76
37 32 73
37 35 81
37 36 69
37 37 73
37 43 -32
37 44 58
37 45 45
37 49 24
38 2 -33
38 6 17
38 11 -27
38 12 63
38 13 97
38 14 -9
38 15 -22
38 20 -97
38 28 51
38 29 58
38 30 6
38 37 69
38 41 86
38 43 -7
38 44 -74
38 45 80
38 46 -61
39 1 55
39 2 8
39 3 -57
39 6 -51
39 7 98
39 8 70
39 10 -71
39 12 25
39 14 95
39 16 -93
39 18 51
39 19 89
39 20 -3
39 21 55
39 25 -76
39 26 -54
39 28 21
39 29 -39
39 31 -28
39 33 18
39 34 39
39 35 -44
39 36 79
39 37 16
39 38 85
39 39 -33
39 45 11
39 46 -90
39 47 70
39 48 43
40 2 -57
40 4 65
40 7 -85
40 8 4
40 10 4
40 11 -16
40 14 -34
40 16 51
40 20 -61
40 22 -91
40 23 -97
40 26 -39
40 27 -95
40 28 90
40 30 -53
40 31 -59
40 32 68
40 37 -8
40 38 26
40 40 -80
40 42 -11
40 44 -76
40 45 11
40 49 -95
41 1 -15
41 2 37
41 3 -79
41 5 8
41 6 88
41 7 80
41 8 39
41 9 17
41 11 -38
41 12 -4
41 13 -27
41 14 -21
41 16 34
41 17 -18
41 18 -71
41 19 45
41 20 29
41 23 -48
41 25 -53
41 28 -51
41 29 39
41 30 -67
41 34 -8
41 38 72
41 43 -21
41 44 89
41 47 -14
41 49 -89
42 2 -62
42 5 -3
42 6 -12
42 9 -54
42 10 73
42 12 16
42 13 -97
42 16 -59
42 19 -25
42 20 -74
42 21 -75
42 22 96
42 23 -99
42 24 99
42 25 87
42 26 13
42 28 -96
42 29 86
42 30 -36
42 31 43
42 32 -67
42 33 36
42 36 60
42 37 -39
42 42 4
42 43 100
42 45 -88
42 47 -70
42 48 16
42 49 -38
43 0 49
43 4 1
43 6 -10
43 12 -70
43 13 -57
43 14 -93
43 17 87
43 21 -80
43 25 -29
43 31 88
43 35 24
43 38 -61
43 44 -55
43 45 27
43 47 -60
43 48 -65
44 0 40
44 1 57
44 3 -93
44 5 -42
44 8 -77
44 10 97
44 12 -67
44 16 -85
44 18 58
44 19 27
44 21 65
44 26 -92
44 27 -76
44 28 89
44 30 88
44 33 -78
44 35 -17
44 40 47
44 41 -29
44 43 78
44 44 73
44 46 -97
44 47 24
45 4 -30
45 5 -52
45 7 24
45 9 -50
45 10 -61
45 11 18
45 12 -69
45 13 -99
45 17 -40
45 18 -29
45 20 94
45 22 -6
45 23 38
45 24 -49
45 25 4
45 26 68
45 27 -13
45 28 -40
45 29 -58
45 31 -77
45 32 8
45 33 9
45 35 -12
45 37 59
45 38 67
45 40 -10
45 43 99
45 44 5
45 47 46
45 48 41
45 49 29
46 2 -25
46 3 98
46 4 12
46 6 -51
46 7 88
46 8 94
46 11 -29
46 13 -94
46 16 21
46 17 52
46 21 -30
46 28 -41
46 30 -84
46 33 34
46 35 32
46 37 84
46 38 -33
46 40 46
46 41 -33
46 49 -2
47 0 86
47 1 50
47 2 67
47 3 1
47 10 53
47 11 53
47 16 29
47 20 92
47 22 -21
47 23 39
47 26 -43
47 27 -78
47 30 92
47 31 -62
47 32 -63
47 33 5
47 34 17
47 35 74
47 40 -52
47 42 -42
47 48 -59
47 49 68
48 3 20
48 5 -22
48 7 66
48 8 -53
48 13 65
48 15 -94
48 17 -91
48 21 24
48 22 -83
48 23 -65
48 24 62
48 25 50
48 26 -46
48 28 51
48 30 -52
48 32 20
48 34 36
48 35 58
48 37 40
48 39 79
48 43 90
48 48 -75
48 49 -84
49 2 50
49 3 -87
49 4 72
49 9 -53
49 10 -30
49 12 -49
49 13 -6
49 27 75
49 30 -25
49 32 -68
49 33 80
49 35 -90
49 37 -27
49 40 -12
49 42 -16
49 45 14
49 49 40