0 1 71
0 7 38
0 8 -97
0 15 -2
0 16 -35
0 30 -71
0 32 20
0 48 -22
0 62 42
0 64 47
0 66 54
0 80 12
0 91 -39
0 98 -22
0 102 -84
0 114 64
0 116 15
0 149 -7
1 9 -34
1 15 -4
1 16 68
1 18 -71
1 30 35
1 36 31
1 50 22
1 53 60
1 54 4
1 69 -18
1 80 43
1 82 -39
1 90 3
1 98 85
1 108 -41
1 127 -47
1 133 -20
1 138 9
1 140 23
1 143 27
1 145 68
2 16 -65
2 19 -33
2 22 -91
2 23 -35
2 26 20
2 29 -54
2 35 -23
2 37 -28
2 39 39
2 43 -31
2 45 71
2 54 44
2 56 -61
2 65 5
2 67 -32
2 78 -31
2 86 -23
2 104 -19
2 115 31
2 117 -67
2 121 52
2 124 16
2 126 -5
2 130 73
2 143 89
2 146 13
3 0 28
3 6 -86
3 10 93
3 20 -55
3 38 69
3 39 78
3 41 -72
3 76 18
3 80 -79
3 91 -70
3 107 63
3 110 -12
3 113 -63
3 119 88
3 127 -63
3 138 -58
3 140 -75
4 4 -14
4 5 37
4 26 67
4 33 29
4 35 -97
4 37 63
4 51 -79
4 63 -70
4 65 -4
4 76 44
4 92 -98
4 100 15
4 102 79
4 133 -51
4 139 -63
4 141 -22
5 17 98
5 21 -96
5 28 -85
5 45 -90
5 64 81
5 65 13
5 67 62
5 77 -29
5 78 51
5 90 -7
5 92 27
5 94 -92
5 99 77
5 101 12
5 109 -18
5 110 -48
5 112 -76
5 114 74
5 119 41
5 128 95
5 131 8
5 133 -46
5 135 -41
5 138 56
5 140 23
5 146 -80
5 148 29
6 1 -56
6 11 19
6 36 23
6 41 -65
6 56 -51
6 60 1
6 67 62
6 69 58
6 74 49
6 76 12
6 78 63
6 80 -32
6 82 -92
6 83 41
6 85 95
6 88 -35
6 90 46
6 96 72
6 108 77
6 118 97
6 120 44
6 123 72
6 129 -48
6 144 -92
7 10 26
7 39 -48
7 42 -5
7 44 -81
7 48 81
7 51 -89
7 53 -26
7 58 95
7 61 -97
7 74 66
7 76 2
7 87 -42
7 90 -80
7 107 -2
7 115 26
7 127 93
7 128 94
7 132 22
7 134 40
8 18 -46
8 27 93
8 38 -30
8 51 -61
8 72 91
8 78 -75
8 92 -15
8 93 -62
8 99 -90
8 116 -2
8 128 -47
8 135 -22
8 143 -13
8 146 86
8 147 -89
8 148 -87
9 27 62
9 31 -2
9 47 3
9 50 -45
9 53 -13
9 67 74
9 97 -84
9 105 33
9 107 46
9 119 -43
9 122 -96
9 129 -78
9 131 73
9 144 54
10 18 -41
10 28 26
10 37 17
10 40 -69
10 43 91
10 48 -93
10 55 37
10 63 -47
10 73 -42
10 75 -64
10 84 34
10 89 -41
10 100 -14
10 116 23
10 125 22
10 146 -38
11 19 -84
11 22 -24
11 35 83
11 38 -73
11 40 -51
11 41 65
11 42 -57
11 46 -3
11 50 -22
11 53 73
11 55 -49
11 70 -34
11 87 -81
11 90 -47
11 107 -20
11 108 55
11 116 -51
11 117 56
11 119 53
11 127 59
11 129 -94
11 130 -86
11 133 -9
11 136 35
12 9 36
12 21 -90
12 63 39
12 65 60
12 94 -98
12 102 72
12 109 3
12 113 -83
12 147 52
13 1 -60
13 2 69
13 8 97
13 11 37
13 14 -85
13 16 -43
13 20 -89
13 26 49
13 34 -9
13 57 96
13 62 5
13 71 18
13 83 32
13 90 65
13 108 -28
13 112 -100
13 129 94
13 131 2
13 133 34
13 143 23
13 148 -80
14 8 -34
14 16 -59
14 24 49
14 26 -4
14 32 88
14 36 -23
14 40 -20
14 45 -80
14 46 7
14 67 11
14 91 -75
14 94 -100
14 97 -22
14 110 -29
14 119 71
14 132 99
14 139 60
14 140 -46
15 4 -69
15 10 49
15 29 -62
15 35 23
15 41 -47
15 45 -67
15 53 -34
15 54 49
15 55 77
15 57 91
15 73 65
15 80 51
15 85 -82
15 89 16
15 100 76
15 113 -27
15 114 35
15 118 -88
15 121 -37
15 129 65
15 140 74
15 141 32
15 147 -10
16 4 55
16 6 -1
16 16 -81
16 17 64
16 24 -8
16 29 72
16 55 2
16 64 80
16 81 -77
16 83 88
16 86 -34
16 97 6
16 98 -34
16 99 7
16 100 77
16 103 76
16 112 26
16 117 -98
16 132 27
16 133 -3
16 140 -74
16 145 58
16 146 -86
17 13 -60
17 20 -37
17 24 -61
17 39 82
17 40 54
17 53 -43
17 59 -32
17 62 29
17 64 75
17 70 39
17 90 85
17 92 -99
17 98 93
17 129 -69
17 140 64
17 141 37
17 144 -42
18 12 22
18 15 38
18 24 -8
18 33 -98
18 44 -54
18 65 11
18 72 80
18 74 34
18 85 91
18 87 97
18 90 -98
18 93 -69
18 95 35
18 100 24
18 102 23
18 115 16
18 117 34
18 122 -44
18 125 -51
18 131 -43
18 133 -53
18 134 4
18 143 -7
18 147 32
19 3 84
19 4 8
19 9 -65
19 10 74
19 41 -79
19 44 -96
19 45 35
19 59 -71
19 66 63
19 73 15
19 76 -4
19 80 -28
19 95 20
19 100 -8
19 115 50
19 124 -56
19 125 -3
19 129 -42
19 137 1
19 140 -39
19 148 35
20 1 -66
20 7 -1
20 8 76
20 19 34
20 21 -69
20 22 71
20 28 -71
20 45 -94
20 46 79
20 47 89
20 50 -58
20 52 7
20 56 -99
20 61 34
20 63 39
20 70 -98
20 73 30
20 78 -45
20 86 -56
20 104 1
20 111 85
20 115 69
20 116 100
20 117 -71
20 127 -81
20 138 -74
20 139 41
20 143 32
20 145 -38
20 146 35
21 5 -97
21 6 -69
21 7 90
21 27 27
21 32 93
21 34 27
21 44 67
21 51 64
21 52 100
21 55 -28
21 62 -45
21 74 82
21 76 58
21 84 61
21 88 100
21 99 -43
21 102 32
21 119 6
21 126 -30
21 145 -52
21 146 -55
21 148 99
22 5 22
22 15 -42
22 17 63
22 20 -30
22 21 10
22 31 60
22 35 56
22 42 -12
22 52 -58
22 57 52
22 59 -100
22 68 28
22 69 -93
22 71 77
22 92 14
22 111 -48
23 9 95
23 16 -7
23 51 -75
23 62 79
23 68 -86
23 69 -36
23 84 99
23 88 2
23 91 43
23 93 -59
23 99 7
23 110 -74
23 116 7
23 120 100
23 121 -29
23 124 -69
23 129 55
23 140 -98
23 142 43
23 143 -41
23 144 -56
24 1 -95
24 4 100
24 8 -44
24 20 -8
24 23 93
24 25 -88
24 28 -7
24 48 82
24 50 96
24 53 -45
24 71 43
24 76 -19
24 78 -35
24 80 41
24 87 -70
24 88 90
24 94 -8
24 95 16
24 100 72
24 107 20
24 128 87
24 141 -6
24 149 -10
25 0 -54
25 5 16
25 8 -18
25 12 -60
25 13 -81
25 23 -56
25 31 27
25 35 70
25 41 -30
25 53 97
25 54 -69
25 55 -5
25 72 93
25 73 -58
25 78 -91
25 92 -6
25 98 -96
25 103 -47
25 117 1
25 123 31
25 127 -15
25 132 -96
25 142 -21
26 2 -98
26 5 -17
26 9 -27
26 15 -4
26 16 -30
26 25 62
26 27 38
26 34 9
26 35 40
26 36 -60
26 38 -19
26 42 -36
26 49 -73
26 51 -23
26 61 -99
26 81 -59
26 97 58
26 98 -30
26 102 45
26 103 -75
26 112 9
26 113 -90
26 119 75
26 121 -73
26 131 -2
26 141 100
26 146 -78
27 4 -3
27 8 51
27 11 -17
27 20 94
27 43 -17
27 45 -86
27 49 -25
27 51 69
27 52 74
27 56 -92
27 61 48
27 64 18
27 74 21
27 86 14
27 94 -7
27 95 60
27 97 -15
27 108 -57
27 135 -28
28 0 28
28 1 -60
28 18 -74
28 26 -23
28 31 -1
28 46 34
28 52 -58
28 68 -34
28 73 80
28 77 -34
28 82 -46
28 92 26
28 101 -21
28 105 -8
28 110 39
28 123 72
28 124 -22
28 128 48
28 129 -85
28 132 29
28 147 35
29 5 30
29 16 -46
29 33 -6
29 36 96
29 52 7
29 56 58
29 62 -80
29 64 -95
29 71 39
29 76 11
29 80 -95
29 88 15
29 89 20
29 90 26
29 91 -22
29 92 -11
29 93 -38
29 94 7
29 96 -66
29 99 -48
29 101 59
29 102 20
29 111 -54
29 112 -52
29 114 -31
29 119 6
29 125 -100
29 130 98
29 132 21
29 143 87
30 7 37
30 9 39
30 10 -65
30 46 36
30 47 5
30 50 -72
30 53 2
30 54 34
30 62 18
30 65 84
30 68 23
30 73 -66
30 84 -26
30 85 -30
30 102 41
30 118 -47
30 125 -28
30 127 9
30 136 13
30 140 41
31 3 21
31 8 49
31 12 -5
31 14 -83
31 26 93
31 32 19
31 38 -61
31 45 -59
31 47 72
31 53 51
31 55 -16
31 65 -54
31 66 72
31 76 52
31 87 -57
31 93 94
31 96 -27
31 103 3
31 111 29
31 126 54
31 129 26
31 131 -90
31 132 -14
31 133 41
31 145 -26
31 148 -82
32 24 -18
32 30 80
32 31 31
32 32 57
32 41 -15
32 44 -2
32 45 -97
32 49 -65
32 51 -17
32 56 -60
32 60 -39
32 61 76
32 69 33
32 70 -10
32 75 -64
32 80 59
32 88 -30
32 93 -59
32 96 87
32 98 45
32 104 23
32 105 69
32 107 29
32 130 -27
32 140 -6
32 142 -51
32 143 51
33 5 -59
33 9 -51
33 18 -34
33 22 90
33 30 -58
33 32 -97
33 34 94
33 68 99
33 69 13
33 73 38
33 74 -36
33 76 65
33 77 -2
33 80 57
33 81 66
33 85 42
33 90 -47
33 102 -38
33 112 -99
33 145 93
34 7 56
34 14 -14
34 26 16
34 29 -21
34 43 57
34 45 76
34 46 -56
34 50 -42
34 56 75
34 60 -44
34 74 87
34 98 -1
34 106 79
34 110 -40
34 118 100
34 127 -67
34 141 -20
34 142 -71
35 1 78
35 3 93
35 8 -17
35 11 88
35 14 -48
35 18 85
35 19 -41
35 26 -44
35 32 -20
35 40 -29
35 43 -81
35 48 -70
35 61 -74
35 64 65
35 69 51
35 73 -79
35 96 -61
35 106 -56
35 121 88
35 125 97
35 129 5
35 132 -39
35 142 87
35 149 24
36 1 21
36 2 26
36 18 81
36 20 39
36 21 -2
36 24 -82
36 27 77
36 43 70
36 63 87
36 70 -94
36 75 -93
36 76 1
36 83 -30
36 84 -47
36 118 1
36 119 86
36 138 37
36 140 -49
36 147 -10
37 1 38
37 2 -87
37 7 -65
37 25 -21
37 29 90
37 47 41
37 49 -25
37 50 -13
37 53 100
37 65 99
37 80 96
37 89 78
37 105 -5
37 129 75
37 132 59
37 136 81
37 148 87
38 9 25
38 12 44
38 17 -36
38 32 -96
38 36 -60
38 53 -41
38 64 70
38 65 -70
38 72 -64
38 75 59
38 82 -58
38 91 -67
38 112 -2
38 116 -95
38 119 -22
38 123 50
38 128 86
38 131 -43
39 1 4
39 2 95
39 4 97
39 7 -96
39 17 28
39 18 95
39 19 38
39 26 57
39 33 1
39 45 84
39 55 -34
39 57 56
39 63 26
39 65 77
39 66 -57
39 81 -16
39 84 -92
39 114 32
39 117 -49
39 119 -86
39 121 29
39 128 -45
39 136 77
39 144 82
39 146 -60
40 0 -63
40 11 -21
40 13 -26
40 26 66
40 34 83
40 37 -43
40 39 66
40 44 62
40 58 56
40 59 87
40 75 6
40 76 -88
40 81 -16
40 89 -73
40 105 9
40 107 -55
40 118 20
40 129 81
40 130 -53
40 132 65
40 133 -69
40 137 -10
40 142 27
41 1 58
41 6 -29
41 8 80
41 16 18
41 17 45
41 20 -33
41 27 -79
41 33 -88
41 43 20
41 46 95
41 55 -82
41 56 3
41 57 28
41 67 -56
41 68 8
41 83 97
41 87 -85
41 99 -71
41 105 -60
41 138 32
41 140 17
41 142 -54
42 3 75
42 28 -90
42 29 94
42 41 81
42 45 -47
42 50 91
42 65 -59
42 84 -72
42 85 74
42 86 -51
42 87 29
42 104 -19
42 114 9
42 115 -36
42 131 1
43 16 -5
43 18 -72
43 20 -27
43 28 25
43 38 -57
43 44 51
43 70 37
43 76 43
43 78 -55
43 79 -28
43 80 -26
43 83 -15
43 86 85
43 93 86
43 94 57
43 105 -56
43 106 4
43 135 74
43 142 40
43 148 -17
44 10 47
44 12 97
44 29 33
44 39 -84
44 41 18
44 53 -65
44 60 -20
44 64 49
44 77 -12
44 89 -80
44 94 -88
44 106 37
44 127 91
44 133 -26
44 139 -74
44 140 80
44 141 57
44 145 63
44 148 -24
45 5 -33
45 15 -65
45 17 -61
45 22 70
45 33 -13
45 45 80
45 49 -11
45 54 99
45 77 -76
45 79 -64
45 101 6
45 131 -44
45 134 40
46 0 29
46 16 -62
46 22 -37
46 32 -99
46 46 22
46 47 -91
46 49 14
46 72 -100
46 77 75
46 78 12
46 86 -84
46 110 44
46 116 -87
46 137 52
46 149 -81
47 2 -72
47 4 -28
47 8 -73
47 16 61
47 17 -79
47 22 -97
47 27 -72
47 29 92
47 32 -86
47 37 85
47 40 97
47 41 52
47 51 -60
47 69 -39
47 72 -52
47 73 -7
47 74 -64
47 94 60
47 95 46
47 113 -63
47 120 -77
47 127 -53
47 135 41
47 137 -90
47 145 22
47 148 16
47 149 5
48 1 16
48 2 -66
48 7 85
48 8 -73
48 23 83
48 31 -18
48 40 40
48 50 -21
48 56 -22
48 62 -79
48 71 76
48 77 1
48 78 -59
48 80 57
48 89 -30
48 94 53
48 95 -82
48 101 47
48 102 -41
48 104 21
49 2 54
49 32 4
49 39 44
49 40 71
49 46 -83
49 64 86
49 69 3
49 75 96
49 76 60
49 82 -33
49 91 75
49 94 5
49 100 34
49 109 -50
49 114 -33
49 115 34
49 117 -26
49 124 93
49 135 69
49 137 12
50 2 -95
50 3 -75
50 19 -6
50 42 -93
50 45 95
50 54 13
50 55 47
50 56 21
50 62 -36
50 75 -57
50 88 -52
50 93 -100
50 114 63
50 125 16
50 130 11
50 132 19
50 134 -7
50 137 -12
51 0 -93
51 19 82
51 26 -4
51 28 -36
51 34 58
51 45 63
51 48 1
51 77 20
51 88 -66
51 92 35
51 98 84
51 99 -32
51 101 25
51 106 -6
51 108 30
51 115 -51
51 117 25
51 121 18
51 133 -79
51 136 89
51 137 30
51 138 13
52 5 32
52 6 -25
52 18 -34
52 31 80
52 33 73
52 36 -59
52 53 95
52 55 18
52 59 27
52 62 -89
52 69 34
52 78 -66
52 90 -36
52 92 -46
52 97 12
52 105 -64
52 114 14
52 115 -21
52 117 39
52 119 -48
52 123 -74
52 137 -75
52 146 54
52 147 -82
52 149 76
53 6 -39
53 11 -16
53 12 -72
53 14 71
53 38 -75
53 39 14
53 44 -80
53 46 -43
53 49 93
53 65 -26
53 80 -90
53 82 -80
53 84 4
53 86 100
53 87 75
53 96 93
53 98 80
53 99 95
53 105 85
53 107 -51
53 116 28
53 123 56
53 129 -68
54 6 -62
54 12 -51
54 22 -42
54 27 26
54 31 -72
54 39 31
54 43 4
54 47 100
54 53 -1
54 60 88
54 62 36
54 71 -1
54 79 -69
54 95 -54
54 105 -68
54 115 15
54 126 -88
54 128 -40
54 136 34
54 149 19
55 1 -73
55 6 55
55 35 13
55 36 -17
55 44 -23
55 47 89
55 63 -39
55 65 5
55 69 97
55 79 -93
55 91 50
55 98 11
55 123 6
55 126 -10
55 128 70
56 0 -58
56 8 -35
56 12 -4
56 23 61
56 37 11
56 38 25
56 41 -5
56 48 -63
56 56 -35
56 60 -6
56 66 -71
56 67 97
56 74 78
56 75 -10
56 76 63
56 78 -51
56 90 -52
56 95 -68
56 109 -58
56 126 68
56 129 84
56 149 28
57 1 -63
57 26 -86
57 31 21
57 34 55
57 39 -10
57 42 -14
57 52 -57
57 56 7
57 68 46
57 69 48
57 82 -38
57 89 -66
57 92 67
57 102 -18
57 107 58
57 122 45
57 133 -38
57 140 -98
57 143 -80
57 148 -44
58 0 -59
58 5 -8
58 9 -97
58 30 66
58 39 8
58 40 -94
58 43 22
58 49 -14
58 51 -82
58 56 -42
58 63 100
58 64 -86
58 70 -77
58 81 -13
58 82 -24
58 86 35
58 95 -10
58 108 -3
58 113 -39
58 114 -100
58 122 21
58 123 95
58 135 -77
58 136 -37
58 138 15
58 141 86
59 0 -39
59 4 -4
59 14 -6
59 18 90
59 25 -65
59 34 -56
59 39 -40
59 50 83
59 63 -33
59 73 -33
59 84 2
59 87 37
59 88 -99
59 94 -36
59 95 -97
59 99 28
59 104 42
59 105 -74
59 114 -83
59 119 56
59 126 -34
59 127 3
59 142 -32
59 147 -59
60 5 -62
60 6 -95
60 17 -64
60 21 -12
60 30 -65
60 43 30
60 45 75
60 50 -72
60 62 -57
60 68 11
60 70 45
60 72 8
60 81 -86
60 89 -4
60 90 -80
60 95 -24
60 106 84
60 108 73
60 125 -42
60 133 83
60 135 -83
60 148 -10
61 4 -58
61 7 61
61 24 -17
61 34 -43
61 39 -33
61 44 -43
61 54 -28
61 68 -37
61 77 -23
61 101 4
61 108 -75
61 114 68
61 119 -62
61 136 22
61 146 63
62 2 97
62 6 7
62 27 -11
62 32 8
62 38 81
62 40 42
62 47 -48
62 48 -18
62 62 26
62 66 -70
62 85 32
62 87 68
62 93 44
62 97 -85
62 109 28
62 111 -14
62 112 90
62 116 53
62 118 -17
62 134 18
62 138 58
63 5 -32
63 31 2
63 39 72
63 43 -73
63 50 86
63 51 -79
63 53 99
63 55 -21
63 67 37
63 71 -86
63 97 -78
63 105 57
63 106 -70
63 111 68
63 112 -100
63 113 -37
63 118 -14
63 123 55
63 125 -89
63 130 -34
63 138 -35
63 140 54
64 0 13
64 5 -25
64 11 34
64 15 13
64 46 10
64 51 -50
64 54 -42
64 57 91
64 60 -49
64 62 -60
64 64 -93
64 79 -80
64 98 -86
64 99 67
64 109 84
64 111 -77
64 112 -18
64 116 -25
64 129 70
64 134 -21
64 136 44
64 137 41
65 0 -17
65 1 -81
65 9 87
65 10 -47
65 11 50
65 22 45
65 27 44
65 32 42
65 35 94
65 37 43
65 54 8
65 57 79
65 64 3
65 70 51
65 73 76
65 85 -55
65 86 16
65 87 -9
65 88 66
65 89 58
65 97 42
65 102 -25
65 116 40
65 139 -50
65 143 -10
66 22 -11
66 25 -12
66 34 -31
66 53 -7
66 57 42
66 68 58
66 74 44
66 83 -67
66 84 72
66 88 -63
66 114 -27
66 115 53
66 127 -91
66 128 -41
66 132 -40
66 134 -35
66 135 -30
66 142 -78
66 146 20
67 3 100
67 6 50
67 11 10
67 12 -46
67 13 43
67 15 63
67 16 4
67 18 -74
67 19 -23
67 20 -59
67 25 -90
67 28 79
67 42 98
67 71 17
67 79 -96
67 85 97
67 100 30
67 101 -27
67 109 55
67 115 12
67 122 -28
67 132 -95
67 139 -14
68 0 79
68 3 -19
68 5 24
68 8 -48
68 14 74
68 30 -69
68 34 94
68 36 -7
68 42 -81
68 43 -15
68 49 21
68 53 -91
68 69 -18
68 71 -69
68 72 -22
68 78 9
68 85 -68
68 91 -81
68 105 37
68 107 66
68 110 24
68 116 -98
68 118 3
68 130 42
68 137 -59
68 142 39
69 0 -20
69 12 32
69 13 -95
69 24 26
69 26 64
69 35 -97
69 41 50
69 47 -64
69 48 50
69 61 -86
69 64 53
69 69 58
69 75 9
69 76 40
69 78 -41
69 92 -52
69 108 64
69 111 38
69 140 53
69 146 -64
70 6 83
70 8 52
70 14 -54
70 35 -99
70 39 -36
70 65 90
70 68 48
70 73 -72
70 74 15
70 103 -60
70 110 -43
70 114 -43
70 115 36
70 117 66
70 126 25
70 131 -13
70 132 -4
70 134 49
70 135 -46
70 138 64
70 141 -99
71 1 1
71 13 42
71 17 -79
71 18 57
71 20 -43
71 22 -33
71 23 55
71 32 -45
71 40 -69
71 42 -34
71 49 77
71 50 -10
71 64 -63
71 69 -79
71 76 -89
71 83 12
71 91 70
71 93 43
71 95 91
71 98 -56
71 99 -37
71 120 -22
71 124 81
71 125 -14
72 6 -35
72 10 94
72 11 12
72 19 -69
72 23 2
72 26 -67
72 28 -79
72 32 -35
72 34 14
72 46 -45
72 52 96
72 59 -92
72 61 47
72 85 -27
72 86 -22
72 98 85
72 105 -70
72 110 81
72 121 -68
72 123 -54
72 124 -35
72 145 88
72 147 86
72 148 -35
73 0 23
73 9 59
73 16 -25
73 25 -82
73 43 -5
73 46 46
73 57 48
73 69 -88
73 70 -27
73 71 -80
73 74 -13
73 80 -61
73 91 24
73 104 -94
73 129 -20
73 130 -47
73 133 -4
73 148 -94
74 10 -43
74 25 -62
74 29 -9
74 43 -78
74 48 -12
74 56 79
74 59 20
74 60 51
74 71 93
74 79 6
74 84 -26
74 94 36
74 101 81
74 104 -6
74 121 85
74 124 -37
74 136 -18
74 137 73
74 145 87
75 3 54
75 28 19
75 29 -92
75 31 49
75 36 90
75 43 -19
75 50 -86
75 52 -14
75 55 -52
75 56 -53
75 59 62
75 60 -46
75 64 -96
75 66 -39
75 67 -99
75 72 64
75 76 100
75 100 73
75 111 49
75 125 93
75 127 66
75 132 11
75 136 -12
75 137 46
75 142 -43
75 144 64
76 2 10
76 19 -74
76 23 -75
76 24 47
76 29 20
76 32 -16
76 49 39
76 56 -24
76 58 96
76 63 -26
76 65 -61
76 69 -43
76 71 -49
76 73 -96
76 82 45
76 86 63
76 89 -53
76 90 36
76 92 -54
76 98 -75
76 106 -64
76 108 -54
76 123 55
76 140 -35
76 145 14
77 3 9
77 4 -71
77 15 86
77 16 16
77 19 -48
77 31 14
77 35 35
77 61 -90
77 67 23
77 81 80
77 84 -84
77 90 -21
77 114 32
77 120 -89
77 124 -10
77 127 -88
77 131 93
77 146 32
77 148 41
77 149 62
78 3 7
78 18 4
78 36 66
78 46 -39
78 49 22
78 55 5
78 57 -22
78 60 -48
78 65 28
78 70 -48
78 71 -77
78 73 36
78 98 -97
78 105 33
78 112 -80
78 116 -83
79 3 59
79 11 44
79 15 96
79 34 69
79 37 14
79 40 77
79 45 77
79 49 -58
79 50 27
79 66 85
79 70 55
79 72 -69
79 79 -27
79 81 -96
79 93 66
79 95 -21
79 96 28
79 104 -93
79 106 -79
79 119 2
79 133 -43
79 136 -41
79 139 52
80 2 -50
80 3 -63
80 7 -25
80 10 -18
80 13 84
80 15 33
80 27 -11
80 28 7
80 29 21
80 30 12
80 41 -1
80 51 -1
80 54 -6
80 55 34
80 66 -100
80 99 -7
80 102 25
80 110 27
80 113 -62
80 122 10
80 127 1
80 134 -75
80 137 -32
80 140 -54
80 143 25
80 147 52
81 2 100
81 14 48
81 32 -29
81 34 8
81 38 -65
81 39 -100
81 40 47
81 49 -61
81 66 53
81 69 -35
81 74 -72
81 78 34
81 82 -92
81 86 2
81 95 -85
81 96 -65
81 101 9
81 107 38
81 110 -96
81 123 -5
81 132 -70
82 5 -16
82 10 31
82 13 -61
82 22 79
82 30 -16
82 42 24
82 53 88
82 54 -35
82 66 -44
82 67 -20
82 81 48
82 87 35
82 94 -75
82 97 92
82 100 -94
82 112 72
82 113 71
82 115 -21
82 117 4
82 120 76
82 132 16
82 138 74
83 17 70
83 19 -63
83 27 -92
83 33 -35
83 38 95
83 40 73
83 43 40
83 49 -45
83 50 -91
83 64 40
83 67 6
83 76 -27
83 77 -60
83 80 -47
83 81 49
83 88 -75
83 90 -85
83 96 83
83 100 -54
83 102 2
83 109 69
83 114 75
83 117 10
83 119 -36
83 136 -98
83 142 82
83 147 -30
84 14 49
84 16 -68
84 22 63
84 28 -65
84 30 99
84 32 82
84 40 30
84 49 -97
84 62 17
84 65 -24
84 66 -70
84 75 -92
84 77 67
84 84 -86
84 85 -45
84 95 -95
84 100 49
84 109 -34
84 120 59
84 149 93
85 4 1
85 21 -90
85 25 7
85 26 -53
85 40 46
85 71 49
85 93 -39
85 99 -30
85 119 -69
85 120 -10
85 123 -50
85 131 55
85 140 -23
85 143 66
86 4 25
86 14 42
86 17 92
86 19 -16
86 20 38
86 24 15
86 30 -19
86 31 42
86 32 39
86 55 17
86 56 1
86 60 -2
86 65 -3
86 72 6
86 80 96
86 89 -63
86 91 -6
86 99 2
86 117 73
86 126 56
86 128 -88
86 135 -62
86 145 -63
86 146 -55
86 149 57
87 0 -39
87 11 -67
87 14 47
87 15 58
87 18 26
87 24 -3
87 32 12
87 39 82
87 54 -45
87 69 5
87 78 -87
87 81 -43
87 82 94
87 89 -46
87 96 -21
87 103 50
87 105 28
87 107 17
87 117 -56
87 125 -53
87 138 -75
87 148 -96
88 2 -91
88 14 -93
88 15 22
88 21 2
88 28 -83
88 31 -75
88 39 -52
88 40 7
88 45 90
88 54 -40
88 55 7
88 57 -5
88 58 -6
88 60 -3
88 82 -8
88 83 -11
88 87 -43
88 91 50
88 94 -94
88 109 -27
88 119 -45
88 123 -71
88 126 63
88 140 91
88 142 -21
88 143 93
89 11 -60
89 13 -89
89 14 90
89 15 3
89 16 87
89 17 67
89 27 58
89 55 81
89 63 -75
89 64 -84
89 70 67
89 74 -59
89 81 6
89 82 -48
89 84 -88
89 85 3
89 89 3
89 112 33
89 135 68
89 145 -41
90 0 -42
90 5 -29
90 6 -74
90 8 20
90 13 -9
90 19 -74
90 28 -47
90 29 2
90 44 -2
90 45 75
90 65 15
90 66 -18
90 70 42
90 93 -84
90 107 86
90 120 6
90 126 33
90 133 44
90 136 -62
90 137 31
90 138 31
90 147 57
91 0 -94
91 10 -28
91 14 -30
91 16 -48
91 26 52
91 31 -64
91 46 89
91 68 35
91 72 43
91 74 -8
91 75 -65
91 79 34
91 84 41
91 85 -44
91 87 3
91 93 46
91 104 9
91 106 70
91 111 -39
91 124 -8
91 134 -68
91 141 -48
92 17 -27
92 20 -94
92 22 -89
92 31 66
92 48 -29
92 51 -6
92 60 -14
92 63 42
92 66 -89
92 79 15
92 83 40
92 89 -51
92 95 92
92 99 58
92 100 52
92 102 -22
92 114 -8
92 132 56
92 144 91
93 3 -3
93 9 2
93 23 90
93 30 75
93 33 82
93 44 -19
93 54 37
93 57 13
93 88 22
93 90 -64
93 93 -65
93 96 -54
93 102 22
93 103 -22
93 108 -91
93 111 31
93 120 70
93 130 80
93 136 -3
94 0 29
94 1 -60
94 10 -74
94 13 -14
94 46 4
94 50 27
94 57 36
94 62 85
94 66 -2
94 96 -48
94 109 17
94 123 -5
94 141 72
94 143 44
94 148 91
95 3 -69
95 6 100
95 23 30
95 36 -8
95 40 -44
95 48 88
95 52 7
95 56 42
95 82 64
95 87 30
95 90 -23
95 92 -95
95 102 -97
95 103 46
95 105 -9
95 106 -6
95 109 -8
95 110 33
95 112 -20
95 118 -54
95 125 -99
96 4 36
96 6 -100
96 9 34
96 25 20
96 32 -49
96 42 15
96 45 -17
96 55 1
96 68 -27
96 75 75
96 83 -63
96 86 18
96 87 -88
96 98 96
96 100 -12
96 104 -26
96 105 -13
96 117 -74
96 139 18
96 143 84
97 8 53
97 23 71
97 36 -41
97 40 -35
97 45 -49
97 52 83
97 71 51
97 78 24
97 94 30
97 106 -36
97 108 -3
97 124 11
97 130 -32
97 134 -48
97 138 -69
97 142 -46
97 144 88
97 146 26
97 148 -64
98 8 27
98 16 -26
98 20 68
98 22 -44
98 26 29
98 37 -54
98 38 66
98 42 22
98 66 -2
98 71 96
98 73 -74
98 100 6
98 109 -91
98 119 4
98 120 2
98 126 -81
98 127 -53
98 130 60
98 131 -86
98 137 -9
99 2 28
99 3 30
99 25 17
99 27 57
99 40 82
99 42 84
99 49 69
99 54 81
99 59 -97
99 72 16
99 80 -8
99 81 52
99 86 -79
99 91 94
99 92 -53
99 100 -34
99 103 -52
99 108 -4
99 113 -9
99 120 -77
99 124 -73
99 125 -36
99 128 84
99 132 -89
99 133 -77
99 145 77
100 4 -38
100 14 -77
100 16 -95
100 39 35
100 40 -36
100 47 6
100 49 86
100 51 -90
100 53 45
100 58 -17
100 64 -52
100 71 -26
100 75 80
100 79 -39
100 98 -80
100 99 -66
100 130 -55
100 131 -14
100 133 54
101 12 87
101 20 9
101 27 -52
101 35 -59
101 37 -9
101 45 -82
101 48 11
101 55 61
101 56 51
101 60 84
101 71 -19
101 83 82
101 86 -57
101 88 -55
101 91 -24
101 92 -31
101 94 -3
101 96 -95
101 102 -97
101 105 -13
101 107 -4
101 111 75
101 119 54
101 131 49
101 133 -39
102 5 45
102 7 -100
102 11 -24
102 17 -73
102 23 -69
102 39 -77
102 45 -77
102 64 -90
102 68 89
102 73 -43
102 77 -52
102 83 32
102 102 -25
102 109 -31
102 111 42
102 115 86
102 117 28
102 122 -13
102 128 -14
102 134 -55
102 135 72
103 8 63
103 9 -60
103 16 93
103 20 -4
103 21 28
103 24 -94
103 39 -31
103 45 -44
103 63 78
103 82 24
103 99 42
103 100 83
103 122 35
103 125 -61
103 133 63
103 134 -45
103 138 87
103 145 -73
104 8 85
104 11 -41
104 27 -3
104 33 -77
104 46 76
104 52 57
104 56 91
104 61 -50
104 66 -30
104 71 -89
104 80 47
104 85 60
104 89 43
104 93 88
104 96 -55
104 111 17
104 116 -63
104 129 4
104 130 58
104 136 13
104 148 93
105 0 -28
105 16 51
105 21 -97
105 32 -32
105 33 93
105 38 48
105 39 -54
105 41 -96
105 51 -33
105 58 85
105 59 94
105 66 91
105 69 -84
105 94 22
105 97 -9
105 111 -85
105 117 6
105 119 -78
105 120 82
105 129 62
105 131 -89
105 141 -6
105 147 14
106 3 39
106 8 -89
106 37 -30
106 38 -45
106 41 -62
106 43 -89
106 48 -6
106 59 41
106 80 -98
106 81 -22
106 99 -39
106 121 -33
106 124 -70
106 128 -23
107 2 85
107 13 -95
107 27 54
107 29 -43
107 40 -18
107 53 4
107 65 23
107 67 -97
107 70 -82
107 87 -33
107 90 72
107 99 95
107 100 -4
107 103 34
107 115 97
107 116 42
107 119 68
107 128 75
107 130 49
107 143 -66
107 146 5
107 147 -40
108 0 97
108 4 -28
108 6 8
108 14 -49
108 15 5
108 49 -95
108 52 -34
108 56 -58
108 60 12
108 61 -99
108 62 -22
108 63 -27
108 76 59
108 82 45
108 83 32
108 85 -22
108 86 -97
108 88 3
108 100 1
108 103 -55
108 113 -12
108 118 -3
108 125 -89
108 127 76
108 129 -11
109 8 46
109 15 66
109 18 -54
109 27 24
109 30 -70
109 38 69
109 43 36
109 46 28
109 50 -92
109 53 -53
109 62 -12
109 76 -25
109 78 -30
109 87 99
110 8 -50
110 18 39
110 21 55
110 22 73
110 23 96
110 33 52
110 45 10
110 56 -13
110 73 76
110 74 56
110 75 -14
110 76 -30
110 81 -12
110 98 -55
110 101 -40
110 103 86
110 107 17
110 108 -6
110 120 -82
110 125 82
110 144 73
110 149 55
111 1 22
111 11 61
111 12 -42
111 16 89
111 20 -53
111 29 35
111 37 -90
111 40 77
111 41 -25
111 47 46
111 64 44
111 65 17
111 75 -52
111 89 53
111 100 1
111 117 73
111 118 60
111 133 33
111 137 94
111 138 47
111 139 44
111 145 92
111 149 -13
112 1 78
112 4 16
112 13 -70
112 20 44
112 24 -59
112 25 -33
112 29 91
112 34 -34
112 38 -70
112 41 -6
112 43 89
112 45 -18
112 48 87
112 50 12
112 56 -94
112 62 -2
112 63 -88
112 74 36
112 77 -23
112 78 22
112 89 2
112 99 50
112 111 -73
112 119 42
112 123 -59
112 125 85
112 129 -76
112 133 -70
112 138 98
113 4 47
113 5 20
113 12 77
113 37 81
113 38 -66
113 53 -26
113 61 84
113 65 53
113 89 9
113 92 17
113 95 8
113 102 -22
113 110 33
113 112 41
113 122 69
113 142 -14
114 4 -69
114 11 -91
114 13 -91
114 23 -67
114 41 -52
114 56 5
114 61 -63
114 68 -81
114 76 -26
114 88 -1
114 89 -78
114 114 78
114 120 84
114 130 8
114 133 -72
114 138 25
114 144 71
115 0 -34
115 1 -4
115 8 -36
115 9 29
115 10 -88
115 13 79
115 17 -33
115 20 12
115 48 48
115 54 16
115 66 48
115 67 -50
115 69 91
115 71 91
115 89 -98
115 90 72
115 100 -32
115 101 99
115 102 -94
115 121 -29
115 124 -73
115 126 -86
115 131 76
115 135 -80
115 147 5
116 27 -43
116 33 90
116 42 61
116 55 66
116 64 18
116 71 -18
116 75 72
116 84 52
116 87 -74
116 88 -35
116 91 83
116 96 78
116 98 99
116 103 74
116 116 -72
116 119 6
116 120 -30
116 124 -49
116 127 -77
116 132 -78
116 133 36
116 147 -31
116 149 -56
117 2 23
117 6 -35
117 19 85
117 24 60
117 25 -81
117 32 4
117 35 99
117 36 17
117 43 -21
117 54 4
117 55 16
117 62 30
117 64 -100
117 71 -66
117 86 -52
117 87 -48
117 107 6
117 139 28
117 142 -48
117 143 -18
117 144 5
118 11 -84
118 14 -33
118 31 -5
118 39 -56
118 40 -65
118 42 77
118 44 -92
118 46 83
118 51 -34
118 54 -9
118 55 37
118 73 -67
118 75 -16
118 77 -91
118 81 -72
118 88 11
118 90 -3
118 92 -11
118 113 -76
118 121 78
118 124 -84
118 130 -51
118 132 -72
118 133 1
119 7 -57
119 9 -62
119 16 53
119 24 -80
119 31 35
119 32 -9
119 34 -70
119 54 -96
119 72 4
119 75 -94
119 76 47
119 84 -96
119 97 74
119 101 3
119 102 80
119 113 -13
119 130 20
119 143 16
119 146 -50
120 6 47
120 7 79
120 19 -89
120 23 -36
120 29 72
120 34 3
120 36 12
120 40 70
120 41 -55
120 42 78
120 55 -45
120 66 -7
120 83 -61
120 94 -20
120 96 99
120 108 -28
120 134 -95
120 146 -54
121 23 36
121 49 33
121 52 -81
121 56 -23
121 71 -44
121 75 19
121 79 -99
121 81 11
121 97 66
121 118 81
121 124 36
121 126 98
121 136 -100
121 141 44
121 143 -26
122 10 -52
122 11 -42
122 26 64
122 41 -2
122 43 -17
122 51 90
122 56 -54
122 63 8
122 70 -72
122 81 -95
122 100 27
122 101 27
122 119 -28
122 135 13
122 143 88
122 145 75
123 5 46
123 10 -94
123 31 15
123 49 96
123 53 18
123 64 -78
123 65 -76
123 67 -4
123 74 -89
123 77 -20
123 81 -32
123 83 39
123 88 -4
123 95 50
123 99 -1
123 119 21
123 120 4
123 133 43
123 139 94
123 144 86
124 0 -52
124 5 99
124 29 26
124 40 27
124 46 22
124 49 100
124 64 -1
124 67 -27
124 85 -45
124 99 -28
124 118 49
124 134 43
124 140 46
124 146 3
124 148 -36
124 149 -57
125 8 67
125 12 -70
125 21 71
125 23 -4
125 24 35
125 25 2
125 34 -83
125 38 39
125 41 -12
125 44 -2
125 45 2
125 50 -25
125 51 48
125 56 -32
125 68 92
125 78 80
125 88 -32
125 94 20
125 106 -7
125 111 83
125 112 38
125 115 -88
125 118 -28
125 137 11
125 148 71
125 149 60
126 16 70
126 24 4
126 29 19
126 33 -38
126 37 -7
126 57 21
126 76 97
126 83 -84
126 111 -95
126 113 -41
126 120 -39
126 123 21
126 127 53
126 148 -3
127 3 -96
127 4 -49
127 7 -29
127 12 78
127 19 -18
127 23 32
127 25 -71
127 27 10
127 31 86
127 41 -5
127 49 96
127 70 3
127 75 -88
127 88 63
127 99 91
127 104 86
127 110 -94
127 120 -16
127 126 54
127 139 -94
127 149 87
128 2 38
128 27 -26
128 30 39
128 41 78
128 49 6
128 62 3
128 65 30
128 70 99
128 84 71
128 89 20
128 95 42
128 108 -24
128 117 92
128 118 13
128 123 76
128 128 -67
128 137 53
129 33 -87
129 41 92
129 53 -64
129 60 31
129 88 -63
129 103 -2
129 109 45
129 127 56
129 134 94
129 143 -66
130 5 -26
130 10 -16
130 11 -42
130 14 44
130 16 46
130 20 -14
130 29 -31
130 34 14
130 61 42
130 80 70
130 97 7
130 103 4
130 108 -68
130 110 -45
130 111 -79
130 113 -2
130 118 -59
130 127 17
130 129 -78
130 130 1
130 131 90
131 9 -18
131 10 -85
131 43 49
131 51 21
131 65 38
131 76 72
131 77 87
131 80 -77
131 81 -6
131 83 -29
131 94 77
131 102 71
131 118 -79
131 121 -74
131 128 -69
131 130 30
131 135 -33
131 136 -89
131 143 100
131 147 -17
132 1 63
132 7 -43
132 38 29
132 57 49
132 64 -73
132 83 -37
132 84 100
132 86 -22
132 91 20
132 95 65
132 113 82
132 119 -38
132 131 -22
132 134 84
132 138 -18
132 139 23
132 146 -49
132 147 13
132 149 -34
133 7 49
133 13 -13
133 14 82
133 21 97
133 25 -95
133 34 65
133 45 -18
133 49 74
133 57 64
133 70 -33
133 75 17
133 79 -73
133 91 -28
133 93 -23
133 95 -14
133 100 -62
133 123 -31
133 130 18
133 133 -8
133 137 42
133 147 -80
134 0 66
134 1 17
134 14 -12
134 17 -51
134 20 37
134 24 -3
134 63 -20
134 84 -64
134 85 31
134 93 -8
134 95 86
134 96 59
134 101 -95
134 108 -23
134 121 -60
134 124 87
134 132 -12
134 135 -63
134 141 -77
134 144 68
134 149 57
135 8 -55
135 9 -24
135 15 87
135 18 -60
135 24 80
135 26 87
135 37 95
135 43 -14
135 46 -64
135 72 -39
135 79 84
135 81 -76
135 82 40
135 85 25
135 99 63
135 102 91
135 106 -67
135 108 -46
135 109 57
135 115 65
135 116 78
135 126 11
135 136 7
135 140 -88
135 143 28
135 144 25
136 5 -87
136 11 -27
136 21 -90
136 26 20
136 34 90
136 35 -39
136 47 88
136 66 -92
136 71 -7
136 89 19
136 92 89
136 95 24
136 108 -62
136 123 -84
136 127 -34
136 131 94
136 138 51
137 1 -58
137 19 26
137 26 -86
137 31 66
137 36 34
137 57 13
137 58 51
137 63 -24
137 65 -34
137 70 18
137 75 -67
137 78 91
137 102 91
137 126 18
137 134 44
137 138 -36
137 148 62
138 1 -81
138 4 -70
138 8 -10
138 12 1
138 34 -3
138 36 6
138 45 42
138 52 -62
138 71 -48
138 77 39
138 78 4
138 85 46
138 92 -53
138 106 -37
138 107 47
138 115 -43
138 120 -32
138 127 -39
138 130 -2
138 137 40
138 148 -13
139 0 92
139 3 -70
139 15 -65
139 24 -8
139 28 -85
139 30 -60
139 35 45
139 37 39
139 39 -30
139 51 -38
139 60 -65
139 65 84
139 80 -85
139 89 -63
139 106 -76
139 123 -65
139 126 -21
139 128 92
139 131 44
139 132 8
139 138 -82
139 146 31
140 6 12
140 7 71
140 9 57
140 21 62
140 25 28
140 27 -76
140 28 -19
140 32 27
140 35 71
140 52 -23
140 54 92
140 63 73
140 75 -95
140 76 49
140 82 44
140 100 68
140 101 -53
140 114 -40
140 123 -99
140 125 10
140 127 25
140 128 47
140 131 81
140 137 -100
140 140 -33
140 141 24
140 147 34
140 149 -61
141 3 77
141 12 4
141 15 -33
141 18 -85
141 80 29
141 83 74
141 84 -44
141 95 14
141 99 64
141 117 9
141 121 -28
141 127 -29
141 135 -62
141 140 60
141 143 48
141 147 68
142 0 -64
142 35 -53
142 45 12
142 50 -63
142 54 -29
142 58 -38
142 64 97
142 69 -3
142 72 -34
142 75 -9
142 95 -97
142 105 100
142 110 4
142 114 59
142 119 -30
142 132 -1
142 133 13
142 138 -90
142 140 -91
142 142 73
143 0 7
143 9 70
143 15 -74
143 30 -20
143 49 88
143 59 62
143 65 -43
143 68 7
143 78 -53
143 91 54
143 96 -22
143 98 95
143 103 69
143 105 -93
143 114 -10
143 116 3
143 117 84
143 126 43
143 128 -58
143 141 -57
144 1 13
144 4 -12
144 9 61
144 14 -98
144 20 -52
144 25 -24
144 26 8
144 28 -97
144 47 61
144 56 -34
144 63 -38
144 66 -10
144 68 -47
144 84 -22
144 89 -81
144 96 -92
144 101 3
144 104 -15
144 118 70
144 125 91
144 131 35
144 140 -34
144 147 -99
145 8 -9
145 13 -4
145 22 18
145 24 91
145 27 46
145 29 -43
145 37 -45
145 47 -9
145 48 -33
145 66 -24
145 67 33
145 68 -62
145 74 39
145 76 -8
145 88 14
145 100 75
145 104 -2
145 112 -18
145 117 -37
145 120 -65
145 123 73
145 128 -90
145 130 40
145 131 -25
145 133 -33
145 137 43
145 139 93
146 0 3
146 4 63
146 9 -88
146 39 90
146 50 26
146 60 35
146 66 -58
146 73 -6
146 77 16
146 82 -58
146 83 60
146 86 54
146 91 -35
146 98 38
146 99 74
146 107 -92
146 117 -7
146 121 81
146 125 -13
146 126 11
146 132 31
146 136 25
146 140 71
146 146 29
147 6 84
147 8 76
147 9 -86
147 13 8
147 17 40
147 28 -78
147 34 78
147 36 99
147 42 -4
147 53 -56
147 55 62
147 58 -7
147 66 -42
147 73 59
147 86 33
147 87 1
147 88 43
147 89 -34
147 92 10
147 94 -27
147 95 55
147 98 -32
147 106 64
147 107 72
147 113 -8
147 121 97
147 123 -62
147 126 19
147 135 66
147 136 -36
147 141 87
147 145 57
148 2 70
148 4 -85
148 6 -73
148 14 -69
148 18 66
148 21 88
148 25 -77
148 27 -27
148 29 -46
148 30 -84
148 37 -99
148 41 -63
148 42 24
148 44 98
148 50 -59
148 75 56
148 78 92
148 80 -51
148 81 5
148 85 23
148 93 71
148 100 -33
148 101 -67
148 103 -34
148 107 -31
148 112 27
148 125 41
148 127 63
148 132 61
149 10 -15
149 11 -2
149 14 14
149 16 69
149 23 34
149 28 54
149 36 -11
149 44 2
149 50 46
149 54 2
149 74 -29
149 81 -44
149 84 -80
149 85 -19
149 111 40
149 112 93
149 116 98
149 117 19
149 118 20
149 119 3
149 122 89
149 123 86
149 131 -56
149 138 57
149 148 35
149 149 69