0 0 55
0 5 -50
0 6 -92
0 8 -40
0 9 -58
0 10 46
0 21 -100
0 23 82
0 26 -41
0 30 -28
0 32 73
0 34 55
0 35 57
0 36 23
0 38 -42
0 39 -80
0 40 67
0 45 -98
0 47 -77
0 51 96
0 54 51
0 55 99
0 58 -88
0 61 18
0 62 87
0 64 -90
0 66 -51
0 75 -25
0 77 -4
0 86 47
0 87 31
0 90 -87
0 91 20
1 0 47
1 1 -10
1 3 -57
1 6 18
1 16 12
1 19 -80
1 21 63
1 22 -27
1 23 82
1 25 -96
1 27 69
1 28 -100
1 33 -77
1 35 84
1 36 -4
1 37 81
1 38 50
1 39 60
1 41 -56
1 47 -46
1 48 -16
1 50 -11
1 52 17
1 53 42
1 54 -99
1 56 -59
1 57 -5
1 58 -11
1 64 -20
1 67 38
1 71 69
1 72 -69
1 84 32
1 88 74
1 94 15
1 95 54
1 97 23
1 99 31
2 3 -90
2 6 -29
2 9 31
2 10 29
2 13 -36
2 14 -1
2 15 -62
2 16 -40
2 17 18
2 20 -87
2 22 -20
2 26 -6
2 28 58
2 29 19
2 31 53
2 32 77
2 33 76
2 37 65
2 38 10
2 41 -6
2 44 -29
2 53 94
2 62 4
2 64 33
2 67 38
2 68 -60
2 69 15
2 70 54
2 71 -8
2 73 57
2 76 44
2 77 -43
2 79 -63
2 83 -41
2 84 50
2 97 8
2 98 -1
2 99 45
3 0 -70
3 3 -81
3 6 -61
3 11 99
3 16 -41
3 17 44
3 21 94
3 28 -88
3 29 86
3 34 33
3 36 95
3 39 -62
3 40 -83
3 41 26
3 42 70
3 43 84
3 44 54
3 45 -15
3 46 77
3 51 28
3 52 -43
3 56 -16
3 58 -67
3 61 61
3 62 -13
3 67 91
3 68 -72
3 75 82
3 76 28
3 80 -69
3 82 -38
3 83 -65
3 84 47
3 86 28
3 89 92
3 95 -62
3 96 -73
4 1 2
4 3 6
4 4 -82
4 5 -43
4 8 8
4 9 31
4 13 -52
4 14 87
4 15 55
4 16 42
4 18 33
4 19 34
4 20 57
4 21 68
4 24 92
4 27 -40
4 30 54
4 34 72
4 35 6
4 36 30
4 38 -30
4 41 -9
4 44 -14
4 45 98
4 52 -6
4 55 -84
4 56 17
4 59 99
4 61 46
4 63 -100
4 64 -28
4 65 -81
4 70 65
4 76 15
4 80 -6
4 81 -28
4 82 62
4 83 45
4 84 -13
4 86 -72
4 92 19
4 94 95
4 96 -40
5 2 57
5 4 -44
5 5 72
5 8 -73
5 11 -96
5 16 56
5 17 -61
5 23 60
5 25 -43
5 27 -3
5 31 55
5 32 -27
5 33 -37
5 37 -70
5 51 -99
5 52 -89
5 53 -74
5 56 -37
5 57 -53
5 58 -55
5 59 -37
5 64 23
5 68 37
5 69 -14
5 73 5
5 78 -35
5 80 -22
5 83 -68
5 85 96
5 86 -81
5 88 -10
5 89 52
5 91 29
5 95 23
5 96 70
5 97 -53
6 0 -28
6 2 -39
6 5 -56
6 6 -20
6 9 90
6 10 -50
6 11 62
6 15 76
6 17 -71
6 18 65
6 20 -95
6 21 -9
6 26 59
6 28 -100
6 29 -64
6 32 88
6 33 96
6 34 -87
6 35 -15
6 36 -34
6 41 -14
6 42 58
6 43 44
6 45 50
6 46 -61
6 49 92
6 51 23
6 54 80
6 58 -22
6 59 13
6 60 18
6 62 11
6 72 96
6 73 33
6 75 -72
6 80 84
6 85 34
6 90 -39
6 94 7
6 95 -66
6 96 50
6 97 49
7 3 70
7 7 93
7 11 -32
7 12 -33
7 13 18
7 16 26
7 18 14
7 21 -23
7 26 45
7 27 21
7 33 7
7 38 -43
7 42 -35
7 44 -87
7 46 39
7 52 20
7 54 -53
7 58 11
7 60 -37
7 62 86
7 63 -67
7 64 1
7 65 -75
7 67 -30
7 68 71
7 74 -59
7 77 -83
7 79 -12
7 83 -64
7 84 -72
7 95 77
7 98 79
7 99 57
8 0 -19
8 1 -85
8 5 100
8 6 -13
8 9 -31
8 12 -75
8 17 7
8 18 5
8 22 -60
8 23 -12
8 26 55
8 30 98
8 31 43
8 32 48
8 33 -75
8 35 -86
8 38 -69
8 41 18
8 44 11
8 45 -72
8 47 97
8 49 87
8 55 77
8 60 -44
8 61 19
8 62 -47
8 65 -57
8 69 56
8 73 -98
8 76 -21
8 77 -36
8 83 15
8 84 -6
8 91 9
8 94 16
8 95 -18
8 99 69
9 2 22
9 3 31
9 4 -62
9 5 35
9 7 47
9 8 -82
9 10 49
9 17 -94
9 19 -4
9 25 32
9 26 54
9 27 91
9 29 70
9 31 -76
9 34 88
9 36 7
9 39 97
9 40 33
9 46 91
9 47 96
9 48 39
9 51 -80
9 53 91
9 56 -82
9 57 -17
9 60 -14
9 61 39
9 62 -61
9 63 -63
9 65 66
9 67 -85
9 71 68
9 75 30
9 76 -28
9 81 -69
9 82 -97
9 85 -79
9 92 -55
9 93 -32
9 95 13
9 98 -79
10 5 -36
10 6 -52
10 7 64
10 14 61
10 16 -79
10 17 -92
10 19 -82
10 20 36
10 22 24
10 23 -36
10 25 -76
10 28 43
10 31 -64
10 32 -24
10 33 -33
10 36 27
10 38 28
10 49 1
10 50 -40
10 52 -45
10 56 18
10 57 35
10 58 -93
10 60 -42
10 64 -79
10 67 -66
10 76 64
10 78 67
10 83 24
10 84 55
10 85 60
10 88 -16
10 90 91
10 92 -90
10 94 19
10 95 -37
10 97 -2
10 98 68
11 1 93
11 4 -27
11 5 -88
11 12 13
11 13 10
11 16 5
11 17 73
11 18 -26
11 21 -75
11 22 59
11 24 -32
11 26 76
11 28 96
11 32 1
11 34 13
11 36 12
11 41 10
11 43 86
11 44 -79
11 46 31
11 49 -76
11 53 -54
11 58 21
11 59 3
11 60 -69
11 61 27
11 64 70
11 67 -41
11 69 -94
11 72 24
11 76 -22
11 80 62
11 85 98
11 88 72
11 93 -46
11 95 9
11 98 -58
11 99 -10
12 2 -100
12 8 -24
12 9 -100
12 11 40
12 14 45
12 15 94
12 18 54
12 19 -30
12 21 22
12 30 -15
12 33 23
12 35 76
12 36 17
12 38 96
12 39 -56
12 43 25
12 45 -55
12 48 -80
12 49 -87
12 51 13
12 53 -5
12 54 -81
12 55 97
12 57 67
12 59 -18
12 60 -64
12 66 12
12 75 -92
12 76 81
12 77 47
12 79 -51
12 82 -7
12 86 -37
12 87 82
12 88 88
12 95 -27
12 98 -69
13 0 48
13 2 -28
13 7 -17
13 8 35
13 10 71
13 11 77
13 13 -99
13 17 91
13 19 -96
13 23 65
13 28 -8
13 37 27
13 38 -57
13 46 -35
13 48 62
13 54 71
13 55 95
13 57 28
13 58 -92
13 59 -39
13 62 74
13 64 -88
13 68 -44
13 74 95
13 80 85
13 81 35
13 83 -12
13 84 23
13 85 -32
13 86 -28
13 91 -22
13 92 -72
13 94 -40
13 95 44
13 96 -13
13 97 -80
13 98 -38
14 1 91
14 2 -86
14 4 77
14 5 -45
14 6 57
14 7 87
14 10 -13
14 11 59
14 13 -99
14 14 -35
14 15 42
14 16 -29
14 22 -25
14 30 -4
14 32 -88
14 35 51
14 36 -56
14 38 99
14 39 61
14 41 51
14 43 67
14 44 92
14 48 -94
14 49 -41
14 52 -76
14 54 -94
14 57 -48
14 58 7
14 59 12
14 62 -3
14 65 66
14 70 66
14 72 -12
14 73 -4
14 76 61
14 78 83
14 81 -90
14 86 47
14 87 -64
14 94 -84
14 95 -17
14 96 -89
14 98 31
15 0 89
15 11 -17
15 12 -9
15 13 66
15 14 -45
15 15 12
15 18 50
15 19 60
15 20 -45
15 21 87
15 23 48
15 26 -40
15 27 -41
15 28 34
15 30 58
15 31 99
15 32 78
15 33 82
15 34 -34
15 37 -59
15 38 -87
15 42 42
15 43 11
15 44 -33
15 46 -31
15 49 -14
15 50 37
15 51 15
15 53 -99
15 57 -31
15 58 91
15 59 8
15 62 26
15 67 -6
15 68 -97
15 70 35
15 71 -37
15 79 30
15 80 -10
15 81 67
15 83 96
15 89 -83
15 90 6
15 91 17
15 94 86
15 98 -15
16 5 11
16 8 72
16 13 19
16 14 -88
16 15 -67
16 16 13
16 17 16
16 18 48
16 19 -85
16 21 -11
16 25 -83
16 26 33
16 27 89
16 28 -75
16 30 97
16 31 11
16 33 -3
16 34 -91
16 40 -31
16 41 -85
16 42 95
16 43 95
16 45 -18
16 46 9
16 47 -77
16 48 13
16 49 -58
16 50 -53
16 51 45
16 60 -41
16 61 -53
16 62 17
16 66 56
16 67 -13
16 73 -84
16 74 -74
16 78 -81
16 80 -63
16 81 86
16 89 58
16 93 84
16 98 41
17 5 70
17 7 -69
17 8 -76
17 9 70
17 15 30
17 16 -34
17 18 -10
17 22 43
17 25 -81
17 28 -28
17 33 92
17 36 -58
17 40 -51
17 41 -9
17 45 59
17 51 -78
17 53 -45
17 55 58
17 57 86
17 58 78
17 60 -5
17 61 52
17 62 -37
17 63 -7
17 66 80
17 67 -21
17 69 -45
17 71 74
17 72 -36
17 73 -37
17 80 28
17 81 -20
17 82 6
17 84 -44
17 88 -63
17 91 -28
17 92 -33
17 93 56
17 94 68
17 98 50
18 3 29
18 4 -50
18 7 -48
18 10 65
18 12 -90
18 14 -56
18 15 67
18 22 -31
18 26 -70
18 27 54
18 33 -15
18 34 -36
18 40 76
18 43 37
18 44 -52
18 45 57
18 46 62
18 47 -59
18 48 -70
18 52 67
18 53 97
18 54 35
18 55 -96
18 58 -34
18 61 -70
18 72 -75
18 73 -8
18 74 75
18 79 9
18 83 42
18 85 92
18 91 -51
18 94 5
18 96 -88
19 1 -9
19 4 -82
19 7 31
19 11 20
19 15 94
19 19 -51
19 21 -95
19 23 -31
19 25 39
19 27 -73
19 29 -96
19 30 -63
19 32 -18
19 35 -45
19 36 -94
19 37 -70
19 38 -73
19 43 39
19 45 -6
19 49 31
19 51 53
19 52 -68
19 55 -2
19 56 -26
19 57 78
19 61 -55
19 63 -66
19 65 48
19 69 -98
19 71 38
19 75 -73
19 76 -85
19 77 -9
19 78 88
19 79 -14
19 80 -57
19 83 49
19 84 86
19 87 93
19 88 54
19 92 1
19 95 -80
19 96 31
19 97 95
20 3 -85
20 5 -71
20 8 -82
20 17 -67
20 18 -75
20 19 -65
20 27 -64
20 31 2
20 34 -64
20 36 -97
20 39 -73
20 40 72
20 41 49
20 42 -86
20 43 -87
20 53 -33
20 54 3
20 56 2
20 58 -28
20 61 54
20 65 99
20 67 -31
20 69 -1
20 70 -82
20 73 -35
20 74 -38
20 75 -34
20 81 44
20 83 77
20 86 17
20 87 -33
20 89 4
20 91 9
20 92 85
20 94 40
20 98 -69
20 99 4
21 2 16
21 4 -57
21 6 -77
21 7 72
21 8 14
21 12 -21
21 14 -27
21 17 -93
21 18 86
21 20 -56
21 26 15
21 28 -79
21 32 -57
21 34 -28
21 36 -61
21 39 -20
21 42 -83
21 44 -65
21 49 18
21 51 -40
21 52 40
21 54 -32
21 55 63
21 64 24
21 67 -45
21 68 69
21 69 89
21 70 -52
21 75 75
21 76 87
21 77 -14
21 80 48
21 83 -6
21 84 86
21 87 33
21 89 -12
21 90 34
21 91 71
21 92 18
21 99 -95
22 0 -87
22 1 -20
22 6 -31
22 7 -81
22 13 -63
22 15 -23
22 16 47
22 17 -12
22 20 38
22 22 76
22 23 27
22 26 -42
22 28 18
22 29 16
22 30 94
22 31 68
22 32 -27
22 33 53
22 37 -84
22 39 88
22 40 -34
22 41 28
22 43 85
22 45 -98
22 46 -19
22 48 6
22 49 -75
22 57 19
22 59 60
22 60 -92
22 61 49
22 63 69
22 67 50
22 68 14
22 71 19
22 76 -95
22 83 -60
22 84 93
22 86 -99
22 87 13
22 94 -7
22 97 62
23 1 20
23 5 -45
23 6 -90
23 7 -82
23 13 100
23 14 39
23 17 -63
23 21 -63
23 25 -11
23 28 90
23 29 93
23 31 49
23 32 9
23 33 -67
23 40 -33
23 42 20
23 43 82
23 47 3
23 49 -83
23 50 59
23 56 56
23 57 -40
23 58 -65
23 60 -11
23 61 1
23 62 -75
23 63 -34
23 67 85
23 75 21
23 76 79
23 77 -93
23 78 72
23 81 -53
23 84 -40
23 85 32
23 91 60
23 92 -96
23 93 72
23 98 -58
24 5 -53
24 6 28
24 11 -27
24 15 70
24 18 18
24 19 -21
24 20 32
24 24 -93
24 25 -77
24 27 25
24 30 41
24 31 98
24 33 -78
24 38 -18
24 39 12
24 40 21
24 42 -73
24 47 81
24 51 -33
24 53 -92
24 55 12
24 59 33
24 65 -70
24 66 -69
24 71 -38
24 72 49
24 74 58
24 83 52
24 84 43
24 85 54
24 88 78
24 91 96
24 92 -5
24 94 -24
24 95 -96
24 96 52
25 1 89
25 3 22
25 5 14
25 7 14
25 9 54
25 19 -85
25 25 26
25 26 41
25 27 -10
25 31 100
25 33 65
25 34 -58
25 42 -50
25 45 -66
25 46 81
25 48 -95
25 49 -18
25 52 20
25 53 -1
25 54 77
25 57 81
25 58 38
25 59 31
25 60 -35
25 62 -8
25 70 -90
25 72 76
25 75 -53
25 78 -45
25 79 64
25 80 38
25 84 39
25 85 -15
25 86 -28
25 87 12
25 90 -60
25 92 48
25 93 21
26 3 -66
26 4 93
26 6 12
26 10 33
26 12 21
26 17 -94
26 18 -37
26 19 84
26 22 79
26 30 49
26 31 57
26 34 -20
26 36 -51
26 37 91
26 39 -89
26 41 91
26 42 56
26 43 60
26 44 -30
26 45 -26
26 47 -72
26 48 -81
26 49 79
26 52 87
26 53 10
26 54 -11
26 55 11
26 64 46
26 68 84
26 70 -23
26 72 -92
26 75 -49
26 76 90
26 77 -21
26 78 -15
26 79 -34
26 80 -83
26 82 34
26 83 -65
26 84 -43
26 86 88
26 91 27
26 98 -53
27 0 -64
27 3 -55
27 4 29
27 8 21
27 21 59
27 23 78
27 24 -35
27 26 62
27 28 -36
27 31 96
27 32 61
27 34 86
27 35 -31
27 42 -39
27 44 66
27 45 92
27 46 -12
27 47 43
27 51 -13
27 54 7
27 56 10
27 57 92
27 58 -70
27 59 -82
27 64 -24
27 66 -15
27 67 -17
27 69 16
27 70 -68
27 71 38
27 72 -48
27 74 -83
27 75 -94
27 76 -36
27 81 50
27 82 -87
27 85 47
27 86 26
27 92 -57
27 93 35
27 94 62
27 98 -82
28 1 -43
28 2 43
28 3 -46
28 4 26
28 5 -85
28 10 -14
28 11 -1
28 12 -70
28 13 -20
28 14 37
28 17 16
28 24 71
28 25 -40
28 26 10
28 32 -14
28 33 -21
28 36 -19
28 38 26
28 39 84
28 40 -94
28 41 -21
28 43 16
28 44 3
28 54 -65
28 55 93
28 58 -11
28 60 40
28 63 -72
28 64 14
28 70 45
28 72 -6
28 74 -84
28 76 68
28 81 53
28 92 -42
28 93 -49
28 97 38
28 98 43
29 0 -85
29 2 26
29 3 78
29 5 35
29 8 61
29 10 -33
29 12 42
29 13 -11
29 21 -38
29 23 -54
29 27 -100
29 30 -82
29 37 -35
29 41 4
29 46 51
29 47 95
29 50 95
29 52 29
29 53 -51
29 54 15
29 59 50
29 62 26
29 63 -74
29 64 -99
29 75 25
29 76 -96
29 77 -42
29 80 -56
29 81 64
29 82 -96
29 87 -87
29 90 2
29 91 -67
29 93 -83
29 95 -18
29 96 -97
29 97 57
29 99 -68
30 0 14
30 5 -22
30 8 38
30 12 -40
30 15 64
30 16 94
30 21 -15
30 23 -11
30 24 -85
30 28 -5
30 33 66
30 35 -23
30 39 -96
30 40 -54
30 42 -93
30 46 76
30 48 24
30 49 100
30 55 74
30 58 -96
30 59 -95
30 63 37
30 67 10
30 69 -60
30 72 -3
30 77 74
30 81 -52
30 87 43
30 88 16
30 89 -48
30 90 83
31 0 33
31 4 14
31 8 49
31 10 -30
31 11 41
31 13 -35
31 15 19
31 20 52
31 21 -86
31 22 48
31 23 -62
31 29 53
31 30 -62
31 31 36
31 35 35
31 36 -79
31 40 -70
31 41 -49
31 45 40
31 46 -94
31 48 74
31 50 -5
31 51 -78
31 54 80
31 55 44
31 57 26
31 58 -38
31 59 65
31 60 -57
31 61 64
31 62 -89
31 65 -33
31 68 42
31 69 -54
31 70 -98
31 71 93
31 72 21
31 75 -70
31 76 -27
31 77 -87
31 80 26
31 81 -100
31 87 -49
31 88 -15
31 89 99
31 90 13
31 91 -38
31 92 33
31 97 -86
31 99 -63
32 0 -89
32 2 10
32 5 -28
32 6 -22
32 8 -92
32 11 76
32 13 -88
32 14 -96
32 17 36
32 18 13
32 23 89
32 24 -64
32 34 -79
32 36 -28
32 38 90
32 40 -19
32 41 -34
32 42 -15
32 43 9
32 44 -78
32 46 13
32 48 37
32 53 19
32 55 -32
32 61 -17
32 62 -3
32 63 9
32 67 -31
32 68 -60
32 72 -16
32 74 -79
32 76 86
32 81 25
32 84 68
32 86 -58
32 89 33
32 90 77
32 91 -9
32 92 87
32 94 -23
32 96 54
32 98 -83
32 99 11
33 0 -84
33 4 -13
33 5 83
33 8 -38
33 12 -56
33 13 -32
33 18 -67
33 19 -86
33 20 38
33 21 -21
33 24 -99
33 26 46
33 28 -100
33 31 -16
33 33 -37
33 34 97
33 35 -72
33 36 36
33 46 -71
33 47 -58
33 50 -99
33 51 -47
33 53 -81
33 54 27
33 61 -53
33 65 41
33 66 63
33 69 53
33 73 -55
33 78 -85
33 79 78
33 81 -56
33 88 33
33 93 89
33 94 -70
33 95 -9
33 96 58
33 99 32
34 1 57
34 3 -49
34 4 34
34 5 84
34 6 98
34 8 -29
34 9 -34
34 10 45
34 12 -64
34 13 -40
34 15 87
34 16 79
34 17 -35
34 21 33
34 23 -21
34 24 92
34 26 76
34 27 -22
34 28 43
34 29 -34
34 32 -86
34 33 82
34 36 62
34 37 68
34 38 80
34 42 5
34 44 -32
34 45 -5
34 49 -22
34 50 -69
34 51 46
34 53 -23
34 54 99
34 57 -17
34 58 -48
34 59 26
34 60 84
34 63 63
34 64 -12
34 66 -40
34 68 -13
34 69 86
34 70 -1
34 71 57
34 72 -29
34 78 6
34 79 -99
34 82 -78
34 83 64
34 84 -52
34 85 90
34 91 -7
34 92 14
34 94 60
34 96 80
34 97 -41
34 99 25
35 0 90
35 3 -19
35 8 70
35 14 -95
35 17 44
35 19 -31
35 20 53
35 23 61
35 24 -75
35 25 -9
35 26 -70
35 29 75
35 33 -20
35 36 -84
35 41 47
35 43 -97
35 48 -50
35 52 8
35 53 -70
35 57 -29
35 58 64
35 59 30
35 60 -28
35 61 -4
35 62 89
35 64 50
35 65 -23
35 66 72
35 67 4
35 70 70
35 72 -43
35 73 -35
35 75 99
35 76 -68
35 78 61
35 79 -92
35 83 18
35 84 14
35 91 -54
35 92 70
35 93 12
35 94 84
35 96 44
35 98 -41
36 3 100
36 12 -52
36 14 -2
36 16 -88
36 18 -69
36 19 -55
36 24 -49
36 25 -85
36 26 25
36 27 30
36 28 -65
36 33 70
36 34 -54
36 35 73
36 37 -15
36 40 9
36 41 -58
36 51 30
36 55 98
36 59 -86
36 62 94
36 63 -47
36 65 57
36 72 -23
36 73 -45
36 74 21
36 77 -48
36 84 -22
36 85 -52
36 88 69
36 90 -20
36 91 -96
36 92 89
36 96 56
36 97 -43
37 0 -72
37 1 23
37 3 -36
37 4 70
37 10 51
37 11 -13
37 12 7
37 13 9
37 16 12
37 18 -60
37 23 -36
37 24 -75
37 26 -31
37 27 -60
37 30 -39
37 37 35
37 38 -70
37 39 99
37 40 -56
37 42 -88
37 43 20
37 50 92
37 53 -91
37 55 51
37 56 -87
37 59 -55
37 60 34
37 62 -98
37 65 -49
37 67 26
37 72 38
37 73 61
37 78 41
37 80 -25
37 82 -31
37 83 9
37 84 43
37 88 49
37 89 -91
37 90 45
37 94 -16
37 95 -30
37 96 24
37 97 -77
37 98 70
38 2 96
38 4 -3
38 5 -63
38 6 -57
38 8 -24
38 11 -43
38 13 18
38 16 -48
38 18 -53
38 20 -87
38 21 -13
38 22 -7
38 25 -23
38 39 -66
38 40 -79
38 50 21
38 51 87
38 53 42
38 61 -49
38 66 26
38 69 100
38 70 12
38 71 -10
38 72 29
38 75 -39
38 82 -82
38 87 -41
38 91 -32
38 92 -33
38 95 98
38 97 71
38 98 -100
39 1 -81
39 2 -98
39 4 -77
39 7 -23
39 8 -25
39 10 -66
39 17 -37
39 19 50
39 21 -37
39 26 -54
39 27 -50
39 31 84
39 33 28
39 34 51
39 35 63
39 37 14
39 38 -82
39 43 8
39 50 -71
39 51 -2
39 57 46
39 59 62
39 62 45
39 63 51
39 64 64
39 66 62
39 70 99
39 71 14
39 73 2
39 78 -95
39 79 13
39 80 -52
39 84 44
39 88 6
39 96 -62
40 0 70
40 3 9
40 5 -100
40 6 76
40 12 63
40 16 34
40 17 -77
40 19 -54
40 21 11
40 22 14
40 26 10
40 28 71
40 35 -98
40 36 -52
40 38 9
40 39 -37
40 44 65
40 49 -51
40 52 -47
40 53 -98
40 54 -92
40 57 57
40 58 16
40 60 -1
40 61 37
40 63 -52
40 66 -74
40 67 -31
40 70 -28
40 72 -86
40 73 -29
40 74 56
40 75 -35
40 77 -93
40 78 21
40 80 -58
40 86 -73
40 89 36
40 91 -61
40 95 -72
40 98 50
41 0 -92
41 6 11
41 7 48
41 8 71
41 10 -97
41 11 53
41 13 -59
41 15 -74
41 17 -21
41 19 -22
41 21 41
41 25 57
41 29 -58
41 34 -83
41 36 39
41 37 7
41 43 25
41 44 -55
41 47 -25
41 48 1
41 49 -80
41 51 23
41 52 9
41 53 62
41 57 -61
41 59 71
41 60 80
41 62 58
41 67 -55
41 69 -21
41 70 96
41 73 -68
41 74 -44
41 76 42
41 77 15
41 80 -38
41 82 -39
41 83 7
41 85 70
41 90 -1
41 94 -97
41 96 70
41 97 72
41 99 13
42 0 -41
42 2 76
42 5 -90
42 6 -1
42 11 25
42 12 -84
42 17 8
42 19 -51
42 20 -23
42 21 -96
42 22 22
42 25 34
42 26 -81
42 29 49
42 31 74
42 38 59
42 40 -38
42 41 -83
42 43 1
42 48 18
42 50 29
42 53 27
42 59 -60
42 61 -9
42 62 33
42 66 28
42 71 17
42 75 -46
42 76 -68
42 79 -38
42 82 22
42 85 91
42 88 21
42 89 89
42 93 24
42 94 67
42 95 61
42 96 65
42 99 14
43 7 65
43 8 24
43 13 90
43 17 -78
43 21 87
43 24 -4
43 31 23
43 32 -22
43 36 -44
43 40 36
43 45 32
43 49 47
43 53 45
43 58 -66
43 59 7
43 60 2
43 61 27
43 64 -91
43 70 -48
43 72 76
43 77 38
43 79 26
43 81 65
43 84 -6
43 87 4
43 88 84
43 90 96
43 91 -23
43 93 -14
43 94 46
43 95 17
43 98 -84
44 0 -3
44 1 -53
44 6 -98
44 10 -99
44 11 90
44 12 -48
44 14 -47
44 16 -14
44 25 -95
44 26 47
44 27 28
44 29 34
44 32 -96
44 33 -56
44 35 -85
44 37 -54
44 38 13
44 40 -6
44 41 -93
44 43 -44
44 46 -65
44 47 -58
44 48 80
44 55 -63
44 56 53
44 57 55
44 58 -63
44 59 34
44 60 -56
44 61 -49
44 65 -94
44 66 42
44 67 54
44 70 -78
44 73 -41
44 75 -9
44 80 6
44 82 -9
44 87 -23
44 89 -22
44 90 -60
44 91 53
44 93 10
44 97 -32
45 1 49
45 2 76
45 3 32
45 4 -17
45 7 -1
45 9 17
45 15 -90
45 16 22
45 17 -2
45 18 21
45 19 -11
45 22 26
45 26 -52
45 27 -32
45 28 42
45 29 -55
45 30 -5
45 32 94
45 33 -89
45 35 8
45 36 35
45 39 -90
45 40 -26
45 42 39
45 46 -57
45 48 -96
45 51 -53
45 52 22
45 56 59
45 57 -68
45 62 -99
45 65 96
45 66 -47
45 68 58
45 70 -6
45 72 39
45 74 -25
45 78 9
45 83 99
45 84 -64
45 95 65
45 99 18
46 1 26
46 6 90
46 7 -86
46 9 -6
46 10 -52
46 11 -73
46 13 100
46 16 12
46 18 -83
46 23 -21
46 28 83
46 37 -41
46 46 -88
46 53 -73
46 55 -40
46 57 -83
46 59 55
46 62 -32
46 64 36
46 65 -78
46 68 60
46 69 32
46 70 -85
46 74 84
46 75 -23
46 84 92
46 86 -3
46 88 -45
46 89 -54
46 90 42
46 92 -12
46 94 58
46 98 83
47 3 40
47 9 77
47 10 47
47 14 -25
47 15 -24
47 16 -15
47 17 -15
47 22 54
47 26 17
47 28 10
47 29 87
47 30 -65
47 32 41
47 33 60
47 35 40
47 38 -97
47 39 27
47 40 59
47 41 73
47 44 35
47 52 49
47 53 -31
47 54 86
47 55 -74
47 57 -58
47 58 76
47 60 -58
47 61 -93
47 62 -16
47 67 7
47 72 12
47 73 51
47 78 -88
47 79 -95
47 83 99
47 84 -71
47 86 -17
47 87 52
47 88 58
47 92 83
47 93 67
47 99 -8
48 0 74
48 3 65
48 9 -100
48 10 -88
48 15 20
48 18 -14
48 19 -56
48 21 80
48 24 -66
48 25 -42
48 28 -80
48 30 -59
48 34 22
48 35 21
48 36 14
48 37 -72
48 38 -18
48 46 30
48 47 -54
48 49 -3
48 55 30
48 56 -71
48 62 -23
48 64 19
48 73 -47
48 74 44
48 76 -68
48 80 -50
48 81 28
48 82 67
48 83 -65
48 87 -12
48 91 1
48 94 -95
48 96 -31
48 97 -42
48 99 86
49 1 -91
49 2 53
49 7 -32
49 9 18
49 10 12
49 11 -72
49 13 32
49 14 49
49 15 23
49 19 -11
49 23 -18
49 24 -18
49 25 -28
49 29 -34
49 35 41
49 36 -23
49 40 17
49 42 21
49 43 25
49 44 -69
49 45 -83
49 48 77
49 51 41
49 54 12
49 55 -1
49 58 24
49 59 -63
49 66 -34
49 67 69
49 69 53
49 70 -61
49 77 93
49 78 -99
49 80 -59
49 89 -23
49 92 -57
49 93 -1
49 95 -34
49 96 10
50 0 9
50 5 -66
50 6 75
50 7 98
50 8 -98
50 12 -61
50 14 -9
50 21 -76
50 24 75
50 25 -10
50 26 61
50 27 79
50 32 66
50 36 52
50 37 80
50 40 -59
50 43 -35
50 44 -14
50 46 90
50 48 28
50 49 25
50 51 36
50 55 72
50 69 -88
50 70 11
50 75 -33
50 77 -24
50 80 47
50 84 -19
50 89 -44
50 92 -51
50 93 -57
50 95 -54
50 97 -6
50 99 43
51 0 -58
51 1 29
51 2 -36
51 3 11
51 7 56
51 9 -81
51 11 29
51 20 -77
51 21 26
51 23 -68
51 24 -91
51 29 94
51 30 56
51 35 100
51 37 78
51 41 7
51 42 -15
51 46 -48
51 49 -49
51 50 -76
51 51 -3
51 52 -34
51 56 11
51 60 94
51 61 92
51 67 -42
51 68 20
51 69 78
51 71 -28
51 72 -44
51 82 50
51 86 -15
51 90 -25
51 93 91
51 94 49
51 96 21
51 97 -70
51 99 -83
52 0 37
52 1 -64
52 10 -62
52 12 -39
52 15 -99
52 19 26
52 21 -17
52 24 76
52 26 -56
52 30 -16
52 33 6
52 34 3
52 36 63
52 37 -80
52 38 -15
52 39 -14
52 40 -95
52 41 -38
52 52 86
52 53 72
52 61 -99
52 62 14
52 65 -70
52 75 64
52 76 1
52 79 65
52 80 -97
52 81 85
52 82 2
52 89 -77
52 91 46
52 94 89
52 98 -91
53 0 1
53 5 98
53 11 -96
53 14 54
53 17 -76
53 19 79
53 20 45
53 22 -95
53 23 -24
53 27 -95
53 32 -76
53 33 78
53 36 12
53 38 80
53 40 82
53 44 -62
53 46 -14
53 47 -16
53 49 -21
53 53 -45
53 54 70
53 56 -85
53 60 -91
53 62 -34
53 63 33
53 66 29
53 70 89
53 72 76
53 73 62
53 75 29
53 76 -51
53 78 -52
53 83 -62
53 84 76
53 85 -95
53 94 64
54 2 -94
54 3 45
54 8 31
54 12 -46
54 19 86
54 20 -4
54 22 -24
54 26 17
54 28 -63
54 29 -93
54 30 45
54 36 15
54 37 -7
54 39 16
54 40 57
54 42 -40
54 47 -92
54 50 4
54 51 17
54 52 54
54 54 68
54 56 -76
54 65 -12
54 67 -83
54 71 6
54 74 -60
54 75 56
54 76 34
54 83 49
54 87 -50
54 90 -49
54 92 -39
54 95 27
54 96 76
54 99 -90
55 1 49
55 6 -88
55 7 37
55 9 52
55 12 86
55 13 -37
55 14 71
55 22 -89
55 24 -29
55 25 29
55 26 -34
55 27 -31
55 28 -20
55 30 -46
55 31 -44
55 32 -9
55 33 84
55 35 -67
55 39 -100
55 43 -89
55 46 73
55 50 22
55 51 -98
55 64 98
55 66 -38
55 74 88
55 75 -82
55 78 10
55 82 9
55 84 -75
55 86 57
55 89 -36
55 90 -27
55 94 49
55 96 -15
56 0 -69
56 2 87
56 4 32
56 6 41
56 7 -96
56 11 -38
56 12 -29
56 14 58
56 15 33
56 18 82
56 20 -86
56 21 23
56 29 -81
56 31 -73
56 33 72
56 36 65
56 37 98
56 38 -85
56 44 -76
56 48 -91
56 52 64
56 53 35
56 54 61
56 55 39
56 56 60
56 57 61
56 58 -48
56 60 -77
56 65 82
56 66 99
56 71 -50
56 72 92
56 78 73
56 79 38
56 82 15
56 85 -63
56 86 93
56 88 -96
56 91 23
56 93 68
56 95 -49
57 0 76
57 1 68
57 5 58
57 9 -13
57 10 92
57 12 -91
57 13 8
57 14 -59
57 16 58
57 17 55
57 18 -67
57 19 -38
57 25 -44
57 27 49
57 28 -12
57 29 -64
57 30 -38
57 31 34
57 32 81
57 34 19
57 36 -38
57 37 -95
57 38 91
57 41 47
57 44 72
57 48 83
57 50 -48
57 51 -64
57 52 33
57 53 93
57 54 28
57 56 26
57 69 43
57 70 -8
57 73 4
57 74 -13
57 80 -69
57 83 -96
57 85 41
57 86 -5
57 87 -13
57 91 -10
57 93 26
57 94 -53
57 99 -79
58 0 20
58 10 7
58 12 -60
58 14 100
58 16 49
58 24 -42
58 25 80
58 26 -4
58 31 -46
58 32 96
58 35 38
58 37 63
58 40 59
58 43 -17
58 47 -76
58 48 -33
58 50 21
58 51 -45
58 55 16
58 56 -29
58 59 -100
58 63 -92
58 66 2
58 68 51
58 69 -93
58 73 -41
58 76 51
58 77 24
58 79 86
58 80 -77
58 81 -49
58 82 -77
58 83 -42
58 85 34
58 86 96
58 87 -74
58 88 61
58 89 -10
58 90 67
58 91 88
58 95 -35
58 99 -89
59 0 -64
59 1 60
59 2 -18
59 5 -82
59 7 -74
59 11 44
59 13 2
59 14 70
59 18 22
59 22 -91
59 25 62
59 26 69
59 27 -89
59 30 -88
59 31 84
59 32 62
59 34 -48
59 36 -36
59 38 75
59 39 11
59 45 -78
59 46 -20
59 47 -68
59 48 34
59 49 83
59 51 -5
59 52 65
59 53 30
59 55 67
59 57 -30
59 58 87
59 60 93
59 62 31
59 64 -97
59 67 45
59 69 -21
59 70 -74
59 73 83
59 74 -21
59 79 -44
59 84 72
59 86 -23
59 88 32
59 93 -13
59 97 -22
59 98 -15
60 1 -1
60 5 54
60 9 -9
60 10 -31
60 11 -64
60 12 -93
60 13 4
60 18 -91
60 20 14
60 21 13
60 28 53
60 29 62
60 30 23
60 32 54
60 33 80
60 34 -88
60 36 -12
60 37 -29
60 39 -4
60 40 -42
60 41 46
60 44 47
60 45 70
60 47 85
60 49 91
60 51 -65
60 54 -16
60 56 85
60 57 57
60 63 6
60 64 -63
60 65 -79
60 68 96
60 72 -34
60 73 -18
60 74 -74
60 76 22
60 78 17
60 82 -37
60 90 73
60 91 -31
60 92 48
60 97 -76
60 98 17
61 1 -94
61 2 -58
61 3 80
61 7 19
61 9 25
61 12 -34
61 14 -48
61 16 -21
61 17 -40
61 19 37
61 20 26
61 22 70
61 24 -95
61 27 -100
61 28 -36
61 31 39
61 36 71
61 38 75
61 46 67
61 49 43
61 55 -48
61 58 75
61 60 -79
61 61 44
61 65 98
61 67 11
61 72 13
61 73 72
61 76 50
61 78 -31
61 80 -54
61 82 67
61 85 76
61 88 -56
61 93 -88
61 95 27
61 96 15
61 98 -47
61 99 84
62 0 75
62 1 -12
62 8 -70
62 9 -95
62 10 -39
62 12 31
62 14 98
62 15 -47
62 16 -66
62 27 -12
62 29 8
62 31 -7
62 35 -73
62 36 -68
62 38 88
62 41 34
62 43 38
62 44 -8
62 53 -82
62 60 -80
62 61 -80
62 62 -39
62 66 -75
62 70 35
62 73 85
62 74 94
62 76 32
62 78 -19
62 79 94
62 85 -32
62 88 80
62 91 33
62 94 -94
62 95 37
62 96 -58
62 98 -30
63 0 -90
63 1 -31
63 2 -60
63 4 83
63 10 -26
63 11 -76
63 13 46
63 14 56
63 20 52
63 24 73
63 25 -76
63 27 -75
63 31 23
63 32 98
63 36 -100
63 41 -15
63 42 87
63 47 3
63 48 71
63 50 -66
63 56 -16
63 59 85
63 62 66
63 68 80
63 71 -6
63 72 -45
63 74 14
63 78 -15
63 79 -90
63 81 8
63 84 -70
63 85 -23
63 86 -80
63 88 -83
63 90 -55
63 91 -74
63 92 5
63 98 92
64 3 -21
64 4 20
64 6 65
64 7 77
64 8 -24
64 10 98
64 11 -46
64 12 -35
64 13 14
64 17 7
64 18 22
64 20 22
64 21 -14
64 25 -54
64 28 -53
64 30 73
64 33 -8
64 34 87
64 35 -26
64 39 -2
64 48 -35
64 50 53
64 55 18
64 56 -37
64 57 98
64 59 37
64 61 87
64 64 -3
64 65 13
64 68 -99
64 69 -58
64 72 87
64 73 -5
64 74 97
64 77 -69
64 78 -49
64 81 -26
64 82 95
64 86 37
64 90 -3
64 92 81
64 95 71
64 97 -36
65 0 55
65 2 -45
65 6 -12
65 8 70
65 16 26
65 19 100
65 20 -20
65 21 58
65 29 -63
65 31 -63
65 32 -4
65 35 45
65 36 -72
65 38 67
65 39 100
65 46 -17
65 47 82
65 49 -64
65 50 -42
65 52 14
65 55 -43
65 61 -8
65 62 32
65 72 -50
65 74 -84
65 80 -49
65 81 -31
65 82 60
65 83 -48
65 85 -26
65 86 17
65 87 26
65 88 -97
65 90 84
65 96 -94
66 1 100
66 2 -83
66 3 75
66 8 -9
66 12 25
66 14 8
66 15 56
66 22 66
66 26 -71
66 27 -24
66 28 15
66 31 8
66 32 16
66 33 49
66 34 2
66 37 -52
66 39 -79
66 40 -35
66 41 -77
66 45 -89
66 46 43
66 49 37
66 50 100
66 51 54
66 54 -60
66 55 42
66 56 -10
66 58 47
66 59 -84
66 63 67
66 67 -56
66 68 -99
66 69 -72
66 70 93
66 75 53
66 81 73
66 84 -36
66 86 34
66 92 -8
66 94 3
66 98 -48
67 4 9
67 8 31
67 9 -31
67 10 -40
67 13 -100
67 14 -57
67 15 41
67 18 97
67 20 79
67 21 -97
67 23 -52
67 30 -21
67 32 -13
67 36 -68
67 38 44
67 39 -19
67 43 33
67 46 29
67 47 -26
67 50 60
67 58 -99
67 69 24
67 75 67
67 81 -77
67 84 -82
67 87 68
67 88 -82
67 92 75
67 97 -70
67 99 58
68 0 64
68 1 67
68 2 75
68 7 -62
68 10 -79
68 12 25
68 17 -48
68 20 -68
68 21 86
68 23 -46
68 27 82
68 28 26
68 29 69
68 30 24
68 32 3
68 39 -47
68 44 7
68 47 -39
68 48 -43
68 50 -90
68 51 -64
68 54 16
68 58 -70
68 61 -71
68 67 40
68 72 -52
68 73 -72
68 74 -90
68 76 -48
68 82 -50
68 83 -71
68 85 -87
68 86 -95
68 88 -24
68 90 -91
68 94 43
68 97 -22
68 98 16
69 3 94
69 8 -93
69 9 -50
69 11 21
69 12 55
69 13 -21
69 15 -43
69 17 81
69 18 6
69 23 -42
69 28 -31
69 35 66
69 36 -91
69 39 -2
69 42 -47
69 46 72
69 48 78
69 49 21
69 50 -42
69 53 -41
69 55 36
69 56 18
69 60 30
69 61 37
69 63 -17
69 67 -26
69 69 92
69 70 -12
69 74 -82
69 75 -94
69 76 -54
69 78 -40
69 79 -39
69 82 -95
69 83 45
69 84 18
69 87 32
69 89 64
69 93 29
69 94 -35
69 96 -15
69 97 -33
70 0 94
70 2 64
70 7 56
70 11 3
70 20 2
70 21 -33
70 24 4
70 26 3
70 27 -26
70 30 79
70 32 -89
70 34 39
70 35 21
70 37 -27
70 39 24
70 42 -23
70 43 88
70 46 -90
70 47 13
70 48 95
70 51 11
70 54 -15
70 55 -49
70 57 42
70 59 8
70 60 48
70 65 -94
70 66 -68
70 70 65
70 71 -82
70 76 -10
70 77 41
70 78 52
70 86 62
70 89 70
70 91 78
70 93 -33
70 95 -1
70 96 -96
71 0 82
71 2 2
71 3 -19
71 4 11
71 6 92
71 7 -72
71 10 -27
71 11 28
71 14 10
71 17 63
71 25 -93
71 26 -4
71 27 -7
71 28 -23
71 29 77
71 32 6
71 35 -56
71 39 74
71 43 95
71 44 -45
71 46 -83
71 48 -58
71 56 -22
71 58 -21
71 62 -35
71 68 88
71 69 66
71 71 96
71 72 -16
71 77 -30
71 79 -39
71 87 -29
71 89 -92
71 92 -35
71 93 -52
71 94 -79
71 97 17
71 98 13
71 99 -26
72 0 -28
72 1 100
72 4 -29
72 5 -59
72 6 -68
72 8 1
72 9 -73
72 10 97
72 12 67
72 15 9
72 19 74
72 24 -33
72 27 46
72 33 -59
72 44 -61
72 47 31
72 48 18
72 52 -45
72 53 44
72 56 69
72 57 72
72 66 73
72 67 -59
72 70 48
72 80 -2
72 84 66
72 85 -21
72 90 -94
72 95 4
72 97 -60
72 99 28
73 0 -4
73 1 -47
73 4 -26
73 8 -66
73 9 8
73 11 -97
73 17 58
73 19 -3
73 24 33
73 25 -92
73 26 15
73 28 72
73 29 -85
73 30 19
73 41 -55
73 43 -92
73 45 -63
73 47 -20
73 48 -42
73 51 73
73 52 -95
73 54 41
73 62 -75
73 65 -61
73 67 -26
73 68 -94
73 69 -78
73 72 35
73 73 -82
73 77 60
73 80 -13
73 84 59
73 90 38
73 91 -57
73 94 -71
73 96 -70
74 5 -89
74 10 69
74 12 57
74 14 -48
74 15 -15
74 17 -5
74 24 35
74 27 -87
74 31 9
74 38 -63
74 42 -42
74 44 48
74 46 -15
74 53 -18
74 55 -27
74 59 53
74 60 -21
74 63 -12
74 64 -23
74 66 81
74 67 50
74 68 -48
74 73 96
74 75 -72
74 77 -58
74 78 11
74 84 -45
74 86 87
74 89 -19
74 90 -2
74 91 57
74 92 15
74 96 -53
74 97 38
75 1 65
75 2 21
75 7 65
75 10 -20
75 12 -49
75 13 67
75 17 -8
75 19 46
75 22 -35
75 25 32
75 26 81
75 27 -78
75 30 74
75 33 11
75 35 6
75 38 9
75 41 -4
75 42 -52
75 44 94
75 46 26
75 47 -86
75 48 -47
75 50 -45
75 51 95
75 55 -44
75 60 10
75 63 52
75 66 -16
75 68 27
75 70 54
75 73 -100
75 74 80
75 76 41
75 89 -32
75 90 -44
75 92 -45
75 93 -90
75 96 69
75 97 80
75 98 95
75 99 67
76 1 36
76 2 -34
76 9 88
76 11 -56
76 12 -76
76 13 29
76 15 -34
76 16 41
76 20 36
76 24 -4
76 26 -15
76 29 -2
76 30 40
76 36 -6
76 39 37
76 42 -35
76 48 28
76 50 -8
76 51 -53
76 55 -20
76 56 -39
76 58 -4
76 60 -65
76 61 68
76 63 -47
76 67 21
76 70 -46
76 74 -68
76 78 41
76 79 -46
76 81 10
76 82 67
76 83 -83
76 84 -89
76 86 89
76 87 64
76 88 32
76 89 26
76 91 92
76 96 92
77 2 -8
77 4 51
77 7 59
77 15 61
77 16 -37
77 18 64
77 19 -44
77 21 -98
77 22 5
77 24 -55
77 25 71
77 31 -13
77 35 -36
77 36 71
77 40 43
77 42 47
77 46 30
77 47 -95
77 49 35
77 52 -32
77 53 -73
77 56 -97
77 58 -78
77 59 -76
77 63 -50
77 64 50
77 67 17
77 68 -2
77 71 -49
77 72 -39
77 74 27
77 75 37
77 77 -26
77 79 -2
77 80 17
77 81 18
77 84 -43
77 86 59
77 88 -59
77 90 -81
77 91 -71
77 93 2
77 94 -64
77 96 81
78 1 88
78 5 -24
78 6 -3
78 10 -4
78 11 -85
78 12 25
78 13 68
78 15 100
78 20 -91
78 22 -24
78 24 -82
78 25 -22
78 26 -92
78 32 92
78 37 -16
78 38 -3
78 40 -59
78 41 18
78 47 -97
78 48 69
78 54 10
78 55 -8
78 60 -10
78 61 -27
78 62 24
78 63 -94
78 64 -88
78 67 27
78 69 -97
78 71 74
78 76 21
78 79 -7
78 80 -97
78 81 88
78 83 -67
78 85 44
78 87 17
78 91 34
78 92 29
78 94 -31
78 97 -66
78 98 -54
79 4 41
79 6 -3
79 8 78
79 9 -32
79 12 58
79 13 -34
79 15 -36
79 17 35
79 19 -8
79 27 81
79 29 39
79 31 23
79 33 -72
79 34 1
79 35 -34
79 38 -39
79 39 67
79 40 25
79 41 49
79 43 -36
79 45 24
79 46 69
79 48 13
79 51 75
79 53 99
79 58 -57
79 59 -45
79 64 78
79 65 15
79 71 -89
79 75 -47
79 79 86
79 86 66
79 87 72
79 88 23
79 90 60
79 94 70
79 96 -33
79 97 -12
79 99 -69
80 4 -38
80 8 85
80 9 35
80 15 38
80 16 -45
80 17 54
80 18 30
80 19 -14
80 24 -10
80 25 -11
80 26 -60
80 27 71
80 29 12
80 33 -61
80 37 85
80 43 -97
80 44 -64
80 46 88
80 47 40
80 49 -27
80 52 -73
80 58 59
80 61 20
80 62 80
80 66 -70
80 67 80
80 72 -98
80 73 -20
80 74 38
80 77 -97
80 78 60
80 80 72
80 84 85
80 86 34
80 90 94
80 91 -57
80 94 2
80 98 52
80 99 43
81 0 81
81 1 78
81 7 -87
81 8 -71
81 11 -50
81 15 89
81 16 -91
81 20 -48
81 21 -82
81 24 -74
81 28 -59
81 29 -29
81 35 55
81 36 -38
81 39 80
81 43 -26
81 44 -32
81 48 -89
81 49 -32
81 52 68
81 59 65
81 60 -28
81 61 62
81 65 -67
81 68 65
81 69 74
81 70 -37
81 77 23
81 80 -44
81 87 -85
81 92 15
81 93 -51
81 94 67
81 98 63
82 2 -25
82 4 -36
82 7 88
82 9 -2
82 11 -16
82 12 -7
82 13 67
82 14 -20
82 17 -15
82 19 82
82 22 -53
82 27 -21
82 31 30
82 34 -8
82 35 91
82 36 7
82 37 2
82 38 -58
82 39 43
82 43 24
82 44 30
82 45 -41
82 46 96
82 49 -17
82 50 48
82 54 16
82 57 -76
82 64 47
82 65 59
82 66 43
82 68 18
82 71 -59
82 73 -23
82 75 -9
82 76 -62
82 78 -69
82 79 88
82 88 -53
82 93 54
82 95 63
82 98 44
82 99 32
83 2 -71
83 3 90
83 4 34
83 7 99
83 9 20
83 10 59
83 11 71
83 13 -6
83 14 84
83 15 -55
83 18 -61
83 19 14
83 20 -33
83 24 -61
83 27 -51
83 28 91
83 30 -75
83 32 -24
83 36 71
83 37 -38
83 38 30
83 39 55
83 41 -65
83 42 63
83 43 87
83 44 68
83 47 -18
83 49 -31
83 51 -89
83 52 45
83 53 63
83 60 -30
83 61 44
83 63 79
83 65 -74
83 66 -32
83 67 -76
83 68 9
83 69 -52
83 72 -74
83 73 96
83 74 -13
83 75 14
83 76 -49
83 77 72
83 78 -94
83 83 44
83 84 -30
83 88 -69
83 89 -41
83 90 75
83 93 -50
83 97 -8
83 99 31
84 0 18
84 4 6
84 6 73
84 17 -75
84 23 -64
84 24 71
84 25 -23
84 30 -86
84 35 -30
84 36 -67
84 39 50
84 40 71
84 41 -41
84 44 -61
84 46 22
84 53 -51
84 57 16
84 61 25
84 63 56
84 65 -84
84 67 27
84 71 43
84 75 -32
84 76 -56
84 77 -31
84 85 -39
84 86 -51
84 88 76
84 89 -21
84 90 -24
84 91 -4
84 94 -7
84 96 89
85 5 38
85 8 -19
85 11 86
85 15 91
85 16 88
85 17 19
85 18 -65
85 23 22
85 24 96
85 26 37
85 27 -64
85 29 14
85 30 68
85 31 47
85 34 100
85 35 63
85 37 -3
85 38 -41
85 40 39
85 42 -9
85 48 -72
85 57 -44
85 58 -27
85 60 -15
85 61 -74
85 64 4
85 67 -27
85 73 39
85 74 72
85 77 -57
85 81 -58
85 82 13
85 84 -80
85 88 36
85 92 -53
85 96 93
86 2 -69
86 4 95
86 7 70
86 8 33
86 12 95
86 13 -12
86 18 -26
86 19 -88
86 20 -43
86 22 -68
86 23 85
86 24 17
86 26 -29
86 27 71
86 28 -92
86 31 -73
86 38 -95
86 43 -69
86 46 100
86 47 -7
86 54 -77
86 55 -46
86 61 -50
86 63 83
86 67 55
86 68 40
86 71 -91
86 72 -27
86 75 80
86 76 81
86 79 48
86 80 -9
86 81 -46
86 82 52
86 89 -47
86 91 36
86 92 4
86 94 -60
86 95 29
86 96 -18
87 0 -50
87 1 -95
87 2 97
87 3 13
87 4 -79
87 5 97
87 7 -73
87 8 65
87 9 -18
87 10 47
87 11 -45
87 22 -43
87 23 -3
87 27 47
87 34 52
87 35 -33
87 37 -22
87 38 -99
87 40 -37
87 41 97
87 44 -70
87 50 -8
87 54 56
87 55 -37
87 63 -80
87 67 95
87 68 -87
87 71 90
87 77 37
87 78 97
87 79 -19
87 80 36
87 81 77
87 82 -8
87 84 55
87 90 -89
87 91 58
87 97 -6
87 98 -24
88 2 -40
88 3 58
88 8 91
88 12 -49
88 14 -16
88 18 -40
88 19 41
88 22 -82
88 29 -98
88 34 84
88 35 -4
88 37 25
88 38 -51
88 39 58
88 47 13
88 48 26
88 50 17
88 51 83
88 52 -38
88 58 100
88 62 13
88 66 3
88 71 -55
88 74 -32
88 78 65
88 81 36
88 82 58
88 83 86
88 84 78
88 86 82
88 87 50
88 91 -21
88 92 89
88 94 -8
88 98 -17
89 1 -10
89 2 65
89 5 -22
89 7 6
89 12 -39
89 14 -10
89 15 56
89 20 93
89 23 -43
89 25 -12
89 31 21
89 32 -19
89 33 -93
89 34 35
89 36 -90
89 38 44
89 40 51
89 49 63
89 52 73
89 53 -5
89 59 86
89 64 100
89 65 -36
89 67 -84
89 68 -46
89 70 -100
89 73 -86
89 75 67
89 76 -81
89 78 -93
89 79 -28
89 80 78
89 83 -37
89 86 13
89 87 -73
89 91 -58
89 94 34
89 95 30
89 96 -79
90 5 28
90 9 -60
90 10 -16
90 13 62
90 20 99
90 23 11
90 24 -85
90 25 -96
90 26 10
90 29 -55
90 30 14
90 31 61
90 32 56
90 34 -85
90 40 6
90 44 62
90 50 -24
90 52 54
90 57 -19
90 60 67
90 62 -70
90 63 21
90 64 -45
90 65 -69
90 69 51
90 70 -34
90 71 37
90 72 -92
90 77 -92
90 78 24
90 79 -56
90 80 -67
90 82 36
90 84 40
90 86 -63
90 87 99
90 89 -76
90 90 -25
90 92 -73
90 93 72
90 94 -1
90 98 -88
90 99 63
91 0 19
91 2 96
91 6 -21
91 9 55
91 14 -10
91 22 -75
91 23 -23
91 26 84
91 27 14
91 31 -98
91 34 -8
91 36 95
91 37 -53
91 39 -32
91 40 50
91 41 33
91 44 62
91 46 38
91 48 52
91 51 16
91 52 -27
91 53 -96
91 54 -37
91 55 80
91 60 -5
91 62 55
91 65 66
91 66 92
91 71 88
91 73 16
91 74 28
91 82 -73
91 84 -77
91 87 -8
91 93 19
91 94 12
91 96 -24
92 4 -40
92 6 85
92 7 -22
92 8 -39
92 10 10
92 19 -94
92 25 -76
92 27 85
92 30 68
92 32 -64
92 35 -97
92 36 -23
92 38 33
92 39 54
92 40 -73
92 43 -88
92 44 27
92 45 80
92 46 8
92 48 67
92 49 -55
92 52 -30
92 53 -5
92 55 -57
92 57 -94
92 59 -28
92 68 -30
92 69 -90
92 70 -61
92 71 -8
92 72 40
92 73 81
92 74 -43
92 75 39
92 77 77
92 78 33
92 79 -24
92 80 -34
92 81 -15
92 82 31
92 83 -15
92 85 -32
92 86 -58
92 87 77
92 91 -2
92 95 33
92 96 48
92 98 -16
93 4 -21
93 5 89
93 6 29
93 8 -53
93 11 -34
93 12 20
93 14 16
93 15 -34
93 20 21
93 21 -70
93 24 -34
93 28 -3
93 31 51
93 33 -77
93 34 25
93 36 -53
93 38 -60
93 39 64
93 40 -61
93 41 21
93 44 -44
93 46 -13
93 52 40
93 53 74
93 55 -3
93 61 -20
93 63 -17
93 68 68
93 69 -83
93 71 25
93 76 -2
93 77 76
93 84 -66
93 87 65
93 89 -26
93 96 64
93 98 56
94 0 2
94 10 -34
94 16 73
94 19 71
94 21 -91
94 23 -49
94 24 -2
94 30 9
94 32 56
94 34 25
94 39 11
94 40 -29
94 43 44
94 56 86
94 61 -45
94 62 -18
94 64 13
94 68 -7
94 72 48
94 75 42
94 78 57
94 81 -33
94 82 -41
94 83 3
94 84 27
94 85 -13
94 86 55
94 88 -38
94 93 -81
94 95 -95
94 96 44
94 98 3
95 0 -47
95 1 -48
95 2 47
95 3 25
95 7 43
95 10 -7
95 12 72
95 17 -81
95 19 -77
95 20 -65
95 21 -83
95 22 -98
95 27 91
95 28 38
95 30 -36
95 31 -9
95 32 74
95 33 -82
95 34 2
95 38 20
95 42 -94
95 44 -91
95 47 56
95 51 77
95 55 11
95 62 43
95 63 -18
95 68 -7
95 69 79
95 72 -4
95 82 -5
95 83 28
95 84 -50
95 86 -42
95 95 -20
96 1 97
96 4 73
96 9 -65
96 10 -22
96 11 -82
96 14 -99
96 15 -15
96 19 13
96 20 -2
96 25 -26
96 26 -53
96 27 70
96 30 1
96 31 -1
96 32 87
96 33 1
96 39 -64
96 40 -45
96 41 83
96 50 -44
96 51 72
96 53 -88
96 54 52
96 55 84
96 56 32
96 60 95
96 61 17
96 63 -41
96 64 -21
96 66 74
96 67 -47
96 68 -70
96 69 82
96 70 69
96 72 63
96 77 -31
96 78 23
96 84 -56
96 89 -96
96 92 -43
97 0 69
97 4 58
97 9 -54
97 12 -33
97 19 89
97 20 19
97 21 68
97 27 -76
97 29 -5
97 31 -15
97 41 -5
97 45 -64
97 53 38
97 58 -23
97 61 84
97 63 -68
97 65 78
97 66 -31
97 67 96
97 70 71
97 73 -38
97 77 -91
97 80 -91
97 82 -67
97 89 89
97 91 3
97 93 73
97 94 -92
97 98 13
97 99 6
98 1 10
98 3 -62
98 4 -65
98 5 38
98 8 -90
98 10 20
98 12 1
98 13 47
98 15 -50
98 16 82
98 18 -96
98 19 37
98 21 -14
98 25 -3
98 26 90
98 28 -81
98 34 -52
98 36 93
98 39 44
98 40 80
98 42 98
98 43 -48
98 45 36
98 47 81
98 48 73
98 53 -53
98 57 52
98 61 40
98 64 22
98 66 39
98 68 75
98 72 -31
98 73 94
98 82 -24
98 83 11
98 85 -86
98 87 -26
98 88 95
98 91 56
98 92 -45
98 93 -82
98 94 -93
98 95 -42
98 98 -65
98 99 2
99 6 -93
99 13 87
99 20 84
99 21 -66
99 22 6
99 23 57
99 31 86
99 33 38
99 35 54
99 38 55
99 39 -95
99 42 21
99 45 -79
99 47 -28
99 51 85
99 56 -40
99 60 -28
99 62 58
99 64 6
99 71 -46
99 73 17
99 74 43
99 75 -35
99 79 -22
99 83 12
99 84 -20
99 85 -57
99 88 -93
99 91 68
99 96 60
99 99 2