0 0 6
0 1 -42
0 2 -47
0 4 26
0 5 68
0 7 -2
0 9 -38
0 10 27
0 11 -63
0 13 -37
0 14 -17
0 15 34
0 18 71
0 19 -97
0 20 -89
0 21 19
0 22 99
0 23 -4
0 25 -22
0 26 -72
0 27 -48
0 28 -88
0 29 35
0 31 2
0 34 -54
0 35 45
0 36 24
0 38 -46
0 40 88
0 41 16
0 42 60
0 44 -40
0 45 -21
0 47 24
0 49 -16
0 50 6
0 51 44
0 52 67
0 54 -82
0 57 20
0 62 -58
0 64 -23
0 65 58
0 67 86
0 68 91
0 70 -45
0 72 13
0 74 58
0 76 -83
0 79 -2
0 82 44
0 83 -77
0 84 90
0 85 -5
0 86 57
0 88 -79
0 89 -67
0 90 -73
0 91 46
0 92 -70
0 93 -93
0 94 -80
0 95 54
0 96 -13
0 97 -68
0 98 71
0 99 -41
1 1 97
1 2 71
1 3 -7
1 4 20
1 6 -63
1 7 -50
1 8 42
1 10 30
1 11 7
1 12 -94
1 16 8
1 18 78
1 19 38
1 23 -38
1 24 26
1 25 100
1 26 -52
1 27 -89
1 28 -90
1 29 -63
1 35 96
1 37 -3
1 38 -5
1 40 50
1 41 96
1 42 -51
1 43 -95
1 45 -60
1 48 17
1 50 -26
1 52 -47
1 53 -11
1 54 -58
1 55 -57
1 56 -78
1 57 -60
1 58 -60
1 59 7
1 60 -21
1 62 31
1 63 20
1 64 -63
1 65 56
1 66 -54
1 67 73
1 68 -12
1 69 -59
1 70 85
1 71 57
1 73 37
1 76 -15
1 77 -3
1 79 13
1 81 -97
1 82 -90
1 83 -99
1 84 -28
1 85 41
1 86 -90
1 87 77
1 90 69
1 91 49
1 94 -79
1 97 53
1 99 95
2 0 -16
2 1 70
2 2 76
2 3 35
2 5 58
2 6 79
2 7 -88
2 8 -15
2 11 -19
2 12 -37
2 13 -80
2 14 30
2 15 48
2 17 78
2 18 -57
2 19 47
2 20 2
2 21 12
2 22 77
2 23 37
2 25 81
2 29 19
2 30 -84
2 31 38
2 32 89
2 33 -85
2 35 -83
2 36 26
2 37 18
2 38 65
2 39 -56
2 40 -5
2 41 -49
2 43 37
2 44 9
2 45 -3
2 47 -60
2 48 -75
2 49 62
2 50 6
2 51 22
2 53 74
2 54 62
2 56 42
2 57 -36
2 58 32
2 59 -37
2 60 81
2 61 16
2 62 3
2 63 -10
2 64 -81
2 65 -19
2 66 -84
2 68 33
2 70 -14
2 72 46
2 73 -74
2 74 39
2 75 26
2 76 -11
2 77 61
2 78 -48
2 79 99
2 81 35
2 82 15
2 83 95
2 84 -2
2 85 31
2 87 4
2 89 55
2 92 54
2 93 59
2 94 -61
2 95 -64
3 0 52
3 1 -93
3 3 90
3 4 65
3 6 -52
3 8 34
3 9 54
3 11 -54
3 12 -87
3 14 -76
3 15 -60
3 16 69
3 17 -60
3 18 16
3 19 79
3 20 80
3 21 1
3 22 -58
3 23 17
3 24 -78
3 26 62
3 27 -12
3 31 -42
3 32 -75
3 33 -74
3 35 81
3 36 -9
3 37 67
3 38 75
3 39 91
3 40 25
3 41 65
3 43 -45
3 44 -3
3 46 92
3 47 -19
3 48 4
3 49 54
3 51 -19
3 52 85
3 54 -48
3 56 -49
3 58 -90
3 59 37
3 60 45
3 61 -37
3 63 -68
3 64 5
3 65 -59
3 67 -52
3 68 -63
3 69 -16
3 70 19
3 71 -46
3 72 -86
3 74 -100
3 75 35
3 77 94
3 78 -40
3 79 48
3 80 -80
3 81 -17
3 82 2
3 83 -50
3 84 95
3 85 31
3 86 35
3 88 -8
3 89 -97
3 90 -38
3 91 23
3 92 -54
3 93 9
3 94 97
3 95 -45
3 96 -36
3 97 -8
3 98 -20
3 99 98
4 1 31
4 3 72
4 4 32
4 5 75
4 6 11
4 10 -55
4 11 -86
4 13 31
4 14 -38
4 15 -60
4 16 7
4 17 44
4 18 -77
4 19 -44
4 20 56
4 22 46
4 24 66
4 25 51
4 26 79
4 30 -28
4 31 99
4 32 83
4 33 -75
4 34 3
4 35 74
4 37 36
4 38 87
4 42 -50
4 43 81
4 45 -12
4 49 -84
4 50 -17
4 52 -55
4 54 50
4 55 -94
4 56 50
4 57 -21
4 58 -18
4 60 72
4 61 -7
4 62 18
4 63 4
4 65 -1
4 66 -95
4 67 89
4 68 -41
4 69 43
4 72 -26
4 74 55
4 75 -52
4 76 -69
4 77 18
4 78 -81
4 79 -51
4 82 -45
4 83 71
4 84 14
4 85 50
4 86 -47
4 87 -97
4 88 -4
4 92 -9
4 93 49
4 94 -41
4 95 -44
4 97 34
4 98 12
4 99 31
5 0 41
5 1 44
5 2 -69
5 3 27
5 4 -74
5 5 38
5 9 -100
5 12 -41
5 13 62
5 14 70
5 15 14
5 16 -4
5 17 -86
5 21 10
5 22 32
5 23 -27
5 24 -64
5 26 -91
5 27 -54
5 28 64
5 29 38
5 30 11
5 32 -75
5 36 97
5 37 -84
5 39 8
5 41 -59
5 42 50
5 44 91
5 47 -94
5 48 -87
5 49 20
5 50 -61
5 51 -93
5 52 -1
5 54 21
5 56 -34
5 57 -70
5 58 -2
5 59 16
5 60 -37
5 63 -99
5 64 100
5 67 -10
5 68 -14
5 69 -100
5 73 62
5 74 81
5 75 -1
5 76 -61
5 77 -11
5 78 -46
5 79 -50
5 80 -51
5 81 92
5 82 -100
5 83 97
5 84 -100
5 85 22
5 86 -72
5 87 10
5 88 24
5 89 34
5 90 38
5 91 66
5 92 1
5 93 69
5 94 -58
5 96 94
5 97 68
5 98 -72
5 99 -72
6 0 -95
6 1 65
6 5 5
6 6 -54
6 7 -99
6 8 -33
6 9 51
6 11 -92
6 12 -69
6 14 93
6 15 -37
6 16 23
6 18 -72
6 19 10
6 20 -30
6 22 -25
6 23 -77
6 24 -4
6 26 57
6 27 74
6 28 46
6 29 -96
6 30 -32
6 31 43
6 32 88
6 33 -83
6 35 -14
6 37 -67
6 39 -13
6 40 40
6 41 -62
6 43 -52
6 45 -39
6 46 -61
6 49 51
6 50 -72
6 52 91
6 53 83
6 54 23
6 56 -71
6 57 -5
6 58 93
6 59 -72
6 60 -44
6 63 -60
6 65 51
6 67 52
6 69 45
6 70 10
6 71 73
6 72 83
6 73 81
6 74 -87
6 75 91
6 76 -50
6 79 94
6 81 3
6 82 67
6 83 90
6 85 -29
6 86 -72
6 87 80
6 88 -51
6 89 -42
6 92 83
6 93 -72
6 94 60
6 95 37
6 96 -67
6 97 -88
6 98 38
7 1 62
7 2 -14
7 3 -73
7 4 34
7 5 1
7 6 74
7 8 8
7 9 1
7 10 -35
7 11 -39
7 12 66
7 13 65
7 15 59
7 16 -51
7 17 -75
7 18 88
7 19 -9
7 21 -16
7 22 71
7 23 -43
7 24 8
7 26 52
7 27 40
7 28 48
7 30 94
7 32 43
7 34 -32
7 37 54
7 38 98
7 39 6
7 40 77
7 41 47
7 43 -56
7 44 -26
7 45 40
7 46 56
7 49 -6
7 50 -83
7 51 -77
7 52 -32
7 53 31
7 54 54
7 55 58
7 56 -72
7 57 60
7 58 -84
7 60 94
7 61 -26
7 62 -73
7 64 52
7 65 -51
7 66 -19
7 67 36
7 68 81
7 69 53
7 71 -35
7 72 82
7 73 99
7 75 -27
7 76 92
7 77 91
7 78 -43
7 79 -26
7 80 88
7 83 -18
7 84 -9
7 86 -3
7 87 -77
7 89 38
7 91 -12
7 92 -19
7 93 -2
7 94 10
7 95 88
7 96 87
7 97 -73
7 99 21
8 0 63
8 1 -50
8 3 90
8 4 40
8 5 -21
8 6 2
8 7 -21
8 8 73
8 9 -16
8 10 83
8 11 46
8 12 -20
8 13 -63
8 14 26
8 15 -2
8 16 17
8 18 -98
8 19 53
8 22 -17
8 24 -21
8 25 74
8 26 70
8 27 -61
8 28 -91
8 30 -42
8 32 -23
8 33 45
8 34 1
8 35 -46
8 36 58
8 38 87
8 40 -47
8 41 -57
8 42 -71
8 43 -3
8 45 -71
8 46 45
8 48 -45
8 49 -42
8 50 -45
8 51 -90
8 52 55
8 54 84
8 56 -64
8 57 100
8 59 62
8 60 -32
8 64 -92
8 65 -6
8 66 -38
8 67 97
8 70 -94
8 71 95
8 72 -19
8 73 57
8 74 95
8 78 -93
8 79 -59
8 80 17
8 82 -83
8 84 -69
8 85 -77
8 86 14
8 87 65
8 89 86
8 90 37
8 91 -100
8 92 -67
8 93 -81
8 94 22
8 95 -92
8 96 22
8 98 -71
9 0 -34
9 2 -16
9 4 -53
9 5 -53
9 7 -83
9 8 45
9 9 75
9 10 -90
9 12 -81
9 14 15
9 15 -93
9 17 -87
9 18 -48
9 20 38
9 21 -31
9 22 -62
9 23 -76
9 25 77
9 27 -70
9 29 84
9 30 -97
9 31 -3
9 32 -19
9 33 -10
9 34 96
9 35 57
9 36 -71
9 37 28
9 40 -1
9 41 -14
9 44 80
9 46 18
9 47 -52
9 48 -97
9 49 -69
9 50 73
9 51 -43
9 52 12
9 53 -68
9 55 91
9 56 -55
9 57 32
9 58 66
9 59 -50
9 60 67
9 61 -14
9 62 -90
9 63 81
9 64 82
9 65 -54
9 66 -65
9 67 -99
9 68 10
9 69 -52
9 70 -84
9 72 99
9 73 -2
9 74 -86
9 75 -97
9 76 98
9 78 19
9 79 -18
9 80 96
9 82 17
9 85 -56
9 89 64
9 90 19
9 91 -74
9 92 -75
9 93 47
9 94 -88
9 95 -73
9 97 -4
9 98 -3
10 1 6
10 2 -46
10 3 -14
10 6 -58
10 7 72
10 8 45
10 9 -99
10 10 -12
10 11 -3
10 12 -53
10 13 -60
10 15 79
10 16 82
10 18 -36
10 19 38
10 20 58
10 21 71
10 22 23
10 23 -13
10 24 -41
10 26 -41
10 27 60
10 29 -31
10 30 90
10 32 -32
10 33 -18
10 34 55
10 36 -68
10 37 -38
10 38 44
10 40 -77
10 41 85
10 42 -5
10 43 -16
10 44 72
10 45 -51
10 46 82
10 47 60
10 49 -57
10 50 -18
10 51 -81
10 54 27
10 55 37
10 56 5
10 57 67
10 59 -51
10 60 -32
10 61 25
10 64 -82
10 65 -99
10 67 -52
10 68 -14
10 69 29
10 71 -64
10 72 -1
10 73 47
10 74 -38
10 75 1
10 76 -16
10 77 -28
10 78 -45
10 79 -8
10 80 -85
10 81 -88
10 82 35
10 83 95
10 84 100
10 85 -19
10 86 81
10 87 26
10 88 55
10 93 89
10 96 -32
10 97 -98
10 98 -87
11 0 39
11 1 -69
11 2 100
11 4 6
11 5 65
11 6 3
11 7 -8
11 8 89
11 9 -31
11 10 73
11 11 -26
11 12 23
11 13 -51
11 14 -1
11 15 74
11 16 -55
11 17 22
11 18 -18
11 19 84
11 20 16
11 21 -50
11 22 44
11 25 67
11 26 -82
11 28 -63
11 29 72
11 30 -93
11 31 30
11 32 12
11 33 3
11 34 43
11 35 -29
11 36 24
11 37 -30
11 38 -11
11 39 -48
11 40 53
11 41 94
11 42 -68
11 44 99
11 45 -31
11 46 40
11 47 -17
11 49 -97
11 50 -57
11 51 40
11 53 31
11 55 9
11 56 -6
11 57 26
11 60 -42
11 62 -19
11 64 -47
11 65 -1
11 66 31
11 67 -50
11 72 89
11 74 -84
11 75 -79
11 78 -31
11 81 -100
11 83 51
11 84 88
11 85 82
11 87 -81
11 88 79
11 89 45
11 90 46
11 91 98
11 92 -98
11 93 27
11 94 -42
11 95 68
11 98 97
12 0 9
12 3 -3
12 4 -67
12 5 -72
12 8 -45
12 9 -86
12 10 55
12 11 -57
12 13 66
12 14 79
12 15 68
12 16 52
12 17 -65
12 18 36
12 19 88
12 20 -7
12 21 -24
12 22 88
12 23 -61
12 24 -43
12 25 -82
12 26 39
12 27 17
12 28 -32
12 30 37
12 31 -48
12 32 -53
12 34 96
12 35 19
12 36 -89
12 37 -14
12 38 -99
12 39 83
12 42 -5
12 43 19
12 44 67
12 45 52
12 47 -84
12 48 -80
12 49 9
12 50 83
12 51 -24
12 55 50
12 56 27
12 57 -96
12 58 -79
12 59 64
12 62 73
12 65 -76
12 66 -36
12 67 57
12 68 6
12 69 11
12 70 -86
12 71 -96
12 72 57
12 73 -25
12 74 40
12 75 -24
12 76 -93
12 78 -16
12 80 52
12 81 55
12 82 -24
12 83 15
12 84 22
12 86 -13
12 89 -73
12 90 -79
12 91 75
12 93 -73
12 94 -70
12 95 77
12 98 54
12 99 -1
13 1 43
13 2 -19
13 3 -13
13 4 -62
13 5 11
13 7 -71
13 9 31
13 10 -87
13 12 -6
13 14 7
13 15 -62
13 18 -13
13 19 65
13 20 14
13 21 -100
13 23 44
13 24 -56
13 25 -53
13 28 94
13 29 -6
13 30 38
13 31 35
13 35 77
13 37 -59
13 41 48
13 42 -16
13 43 2
13 44 22
13 45 -48
13 46 63
13 47 -93
13 48 -97
13 49 -42
13 51 -57
13 53 25
13 55 -51
13 56 -95
13 57 33
13 58 43
13 59 -5
13 60 -53
13 61 -62
13 62 -35
13 64 20
13 65 -47
13 66 -57
13 67 66
13 68 -9
13 69 -35
13 70 -45
13 71 43
13 72 91
13 73 -62
13 74 -36
13 75 -51
13 76 3
13 77 93
13 80 -89
13 81 -76
13 82 90
13 83 3
13 84 76
13 87 -98
13 88 42
13 91 -63
13 92 56
13 93 33
13 94 94
13 96 -83
13 97 61
13 98 70
13 99 69
14 0 -57
14 2 51
14 4 -75
14 5 64
14 6 -22
14 7 -47
14 8 -63
14 9 -75
14 10 -17
14 11 -70
14 14 50
14 15 -43
14 16 18
14 17 -31
14 18 -97
14 19 -42
14 20 75
14 22 -36
14 24 50
14 25 20
14 26 -32
14 27 -30
14 28 30
14 29 -98
14 30 47
14 31 74
14 33 62
14 34 84
14 35 -17
14 37 97
14 38 -47
14 39 39
14 41 -22
14 44 91
14 49 17
14 50 98
14 53 -19
14 54 87
14 55 83
14 56 36
14 57 -41
14 58 -75
14 61 -51
14 62 49
14 63 99
14 64 -90
14 66 -84
14 68 -94
14 69 26
14 70 -95
14 72 78
14 73 -75
14 74 26
14 77 -2
14 78 99
14 79 -20
14 81 36
14 82 -69
14 83 75
14 84 -65
14 85 3
14 87 39
14 88 -40
14 91 -37
14 92 54
14 93 75
14 94 74
14 95 -89
14 96 87
14 97 -72
14 99 -59
15 0 17
15 1 63
15 2 16
15 4 -70
15 6 -90
15 7 -34
15 8 58
15 9 73
15 10 -98
15 11 -44
15 12 89
15 13 -90
15 15 -67
15 16 37
15 18 -50
15 19 -32
15 20 -23
15 22 -74
15 23 82
15 24 91
15 25 68
15 26 -90
15 27 -48
15 30 -4
15 32 -16
15 33 -83
15 34 -37
15 36 65
15 37 60
15 39 6
15 40 -58
15 41 -51
15 42 22
15 44 30
15 45 -28
15 46 34
15 47 41
15 48 11
15 50 -46
15 51 9
15 52 69
15 53 -3
15 54 56
15 55 36
15 57 53
15 58 58
15 60 94
15 61 -79
15 62 -5
15 63 -74
15 64 27
15 65 30
15 67 83
15 68 62
15 71 1
15 72 53
15 73 -20
15 74 12
15 75 3
15 77 -66
15 78 -100
15 79 -5
15 81 -61
15 82 24
15 83 -38
15 85 11
15 87 -5
15 88 -63
15 91 33
15 94 -97
15 95 -44
15 96 99
15 97 -61
15 98 23
16 0 23
16 1 -24
16 2 -12
16 4 -100
16 5 72
16 7 -62
16 9 14
16 10 -59
16 11 -71
16 13 -31
16 14 19
16 15 23
16 18 -56
16 19 -92
16 20 -49
16 22 8
16 25 70
16 29 32
16 31 57
16 32 -62
16 33 80
16 35 -24
16 36 38
16 37 -66
16 38 -59
16 40 32
16 41 -95
16 43 -10
16 45 82
16 47 89
16 49 60
16 50 -72
16 51 27
16 52 -18
16 54 63
16 55 -76
16 56 16
16 57 48
16 58 74
16 61 79
16 63 87
16 64 15
16 65 10
16 67 13
16 68 57
16 71 -86
16 72 -93
16 73 90
16 74 -50
16 75 77
16 76 96
16 77 -66
16 78 -56
16 79 46
16 80 -72
16 81 21
16 85 30
16 86 -52
16 87 -33
16 90 43
16 91 -67
16 92 -81
16 93 1
16 94 76
16 95 81
16 96 -45
16 97 -40
16 98 3
16 99 44
17 0 12
17 1 -11
17 3 -26
17 4 21
17 5 -56
17 6 66
17 7 -61
17 10 56
17 11 28
17 12 91
17 13 56
17 14 -83
17 15 80
17 16 25
17 17 49
17 18 46
17 19 39
17 20 -29
17 21 -85
17 23 -87
17 24 31
17 25 75
17 26 46
17 27 36
17 28 -30
17 29 -42
17 30 25
17 32 15
17 36 82
17 37 73
17 38 -38
17 41 -76
17 42 -71
17 43 66
17 46 100
17 48 30
17 49 66
17 50 -34
17 51 -19
17 52 -100
17 53 -49
17 56 -74
17 57 -99
17 58 -64
17 59 -44
17 61 -32
17 62 -80
17 63 -85
17 64 -92
17 65 40
17 66 45
17 69 -66
17 70 77
17 71 72
17 73 76
17 74 28
17 75 -80
17 78 -26
17 80 52
17 81 -22
17 83 87
17 84 -61
17 85 -69
17 86 43
17 88 34
17 90 -49
17 94 71
17 95 38
18 0 -100
18 1 -20
18 3 -13
18 6 -11
18 8 69
18 9 24
18 11 47
18 13 -60
18 14 -20
18 17 16
18 18 -4
18 20 -66
18 21 -85
18 22 -33
18 23 35
18 26 -35
18 29 -29
18 30 9
18 31 -62
18 32 9
18 33 65
18 34 -55
18 35 -46
18 36 59
18 37 -6
18 38 -18
18 39 -73
18 42 -30
18 43 99
18 44 -85
18 45 -61
18 46 88
18 47 -37
18 48 59
18 49 53
18 51 -97
18 53 66
18 55 -81
18 56 -14
18 57 -3
18 58 -96
18 59 -31
18 61 -41
18 63 -88
18 70 -57
18 73 -22
18 74 91
18 75 24
18 76 -9
18 77 70
18 78 18
18 79 -81
18 80 60
18 81 70
18 82 -24
18 83 3
18 85 97
18 86 62
18 88 -48
18 89 90
18 90 59
18 91 45
18 92 59
18 94 95
18 95 -40
18 96 83
18 99 51
19 0 21
19 1 39
19 3 -48
19 5 -88
19 7 31
19 9 -57
19 10 9
19 11 87
19 12 63
19 13 39
19 14 -53
19 15 -84
19 16 94
19 17 57
19 19 -90
19 20 36
19 21 -53
19 22 -61
19 25 71
19 27 49
19 28 -14
19 29 6
19 30 -69
19 31 79
19 34 72
19 35 86
19 36 -96
19 38 46
19 39 -85
19 40 6
19 41 -41
19 42 -38
19 43 85
19 44 -52
19 45 75
19 47 -41
19 48 73
19 49 -30
19 50 -68
19 51 -100
19 53 30
19 56 63
19 57 -42
19 58 31
19 59 -94
19 61 -33
19 63 79
19 64 29
19 65 54
19 66 67
19 67 11
19 68 -82
19 69 -26
19 71 51
19 73 26
19 74 -85
19 75 2
19 76 48
19 77 -93
19 78 20
19 79 -70
19 80 92
19 82 73
19 83 -69
19 84 -28
19 85 -64
19 87 -7
19 89 -27
19 90 33
19 91 95
19 92 -70
19 95 14
19 96 25
19 97 21
19 99 52
20 0 79
20 1 73
20 5 83
20 6 53
20 7 66
20 9 -76
20 10 -49
20 11 2
20 12 60
20 13 -42
20 14 -47
20 15 -99
20 19 70
20 22 -23
20 23 77
20 24 -50
20 25 18
20 27 25
20 29 17
20 30 66
20 31 52
20 32 13
20 33 18
20 34 30
20 37 -36
20 41 74
20 42 -56
20 43 -97
20 45 -62
20 47 -36
20 48 -23
20 49 -51
20 50 75
20 51 -85
20 52 -72
20 53 -91
20 54 14
20 57 -69
20 61 -56
20 62 18
20 65 91
20 66 -93
20 68 51
20 71 -25
20 72 26
20 73 49
20 74 -63
20 75 84
20 78 -67
20 79 -55
20 80 1
20 81 -68
20 82 89
20 83 81
20 86 -80
20 88 22
20 90 37
20 94 60
20 96 -34
20 98 33
21 0 40
21 2 -5
21 3 -10
21 5 -40
21 6 -74
21 8 89
21 10 -38
21 11 -49
21 13 -39
21 14 75
21 15 -66
21 17 65
21 18 -3
21 21 5
21 22 -19
21 23 45
21 25 59
21 26 -99
21 27 -43
21 32 82
21 33 -79
21 34 71
21 35 40
21 36 -70
21 37 91
21 38 40
21 39 -60
21 40 -68
21 41 -55
21 43 29
21 46 -68
21 47 -29
21 50 61
21 51 8
21 52 -30
21 55 50
21 56 -44
21 57 85
21 58 -78
21 59 -4
21 61 -72
21 62 73
21 63 -12
21 64 -58
21 65 10
21 66 56
21 68 -50
21 69 -17
21 70 74
21 71 88
21 72 -19
21 73 -51
21 75 17
21 76 17
21 77 -64
21 78 -36
21 80 5
21 81 56
21 82 -12
21 83 86
21 84 11
21 85 73
21 86 -51
21 87 -96
21 88 -100
21 89 91
21 90 92
21 92 66
21 93 17
21 95 -68
21 97 81
21 98 78
21 99 -56
22 0 -82
22 1 -17
22 2 25
22 3 -80
22 5 52
22 6 -42
22 10 52
22 11 -83
22 12 -1
22 14 -64
22 17 -75
22 18 54
22 19 43
22 20 -27
22 22 -77
22 23 -33
22 24 50
22 25 41
22 26 -100
22 27 -90
22 29 57
22 30 93
22 31 -82
22 33 42
22 34 39
22 36 10
22 37 -43
22 38 -6
22 39 34
22 41 82
22 42 -37
22 43 -2
22 46 20
22 48 -1
22 50 -7
22 51 34
22 53 -57
22 56 -7
22 58 86
22 60 -40
22 62 9
22 63 -5
22 64 -1
22 65 -64
22 66 14
22 68 92
22 69 -8
22 70 1
22 71 18
22 73 -90
22 74 -66
22 75 84
22 77 -76
22 78 -49
22 80 55
22 82 20
22 83 12
22 84 33
22 85 47
22 86 -92
22 88 66
22 89 76
22 90 91
22 91 62
22 92 -28
22 93 -73
22 94 57
22 95 -3
22 96 -95
22 99 -10
23 0 55
23 3 39
23 4 84
23 5 -38
23 7 17
23 8 95
23 12 -56
23 13 69
23 15 56
23 17 37
23 19 -18
23 21 -54
23 22 -52
23 23 -10
23 24 88
23 26 -70
23 27 18
23 29 -63
23 30 100
23 31 33
23 32 75
23 33 30
23 34 98
23 35 3
23 36 -100
23 37 8
23 38 -37
23 39 -48
23 41 42
23 43 -24
23 45 62
23 46 -33
23 47 48
23 48 83
23 49 -26
23 50 98
23 51 1
23 52 -32
23 55 11
23 56 80
23 58 18
23 59 -69
23 60 29
23 61 50
23 63 -84
23 64 -76
23 67 -12
23 68 -64
23 70 -48
23 72 -24
23 73 72
23 74 -52
23 75 -71
23 76 -90
23 77 27
23 78 -5
23 79 44
23 80 32
23 81 58
23 82 -83
23 83 61
23 84 72
23 85 71
23 86 -70
23 87 -98
23 88 51
23 89 -27
23 90 -16
23 91 54
23 92 81
23 95 -65
23 97 86
23 98 62
24 0 -70
24 1 -64
24 2 -27
24 3 13
24 5 -83
24 6 45
24 7 15
24 8 84
24 9 97
24 10 -19
24 11 8
24 13 84
24 14 78
24 17 48
24 18 34
24 21 71
24 22 -42
24 23 -67
24 24 -59
24 26 -92
24 28 21
24 29 14
24 31 -64
24 32 -1
24 33 -6
24 34 -91
24 36 37
24 39 33
24 40 23
24 41 7
24 42 23
24 43 53
24 44 25
24 45 -35
24 47 2
24 48 -18
24 49 -85
24 50 33
24 52 -76
24 53 65
24 54 25
24 55 55
24 56 34
24 57 -75
24 58 -100
24 60 43
24 61 -34
24 62 100
24 63 20
24 64 6
24 65 -31
24 66 -22
24 68 -93
24 69 30
24 70 -47
24 71 -100
24 75 13
24 77 -52
24 78 62
24 79 -79
24 80 60
24 81 -99
24 82 -17
24 83 -33
24 84 -73
24 85 -44
24 86 71
24 87 -42
24 88 79
24 89 35
24 90 -82
24 91 -67
24 95 -26
24 96 -46
24 98 88
24 99 -94
25 0 -2
25 2 -22
25 4 38
25 5 -26
25 6 85
25 7 5
25 9 -98
25 10 -9
25 13 99
25 14 -15
25 15 -23
25 16 38
25 17 87
25 18 -56
25 19 37
25 20 46
25 22 -33
25 23 3
25 25 8
25 26 66
25 27 -32
25 30 -77
25 33 -85
25 35 25
25 37 -2
25 39 54
25 41 -93
25 42 -17
25 43 -96
25 44 -9
25 45 16
25 47 -98
25 48 73
25 49 72
25 51 94
25 52 74
25 53 82
25 54 -94
25 55 -60
25 56 100
25 62 45
25 63 18
25 64 25
25 65 76
25 67 -84
25 68 -57
25 70 -10
25 71 36
25 72 -87
25 73 -46
25 74 25
25 75 82
25 77 88
25 78 55
25 80 43
25 81 -3
25 82 63
25 83 92
25 86 45
25 87 -41
25 88 35
25 90 -19
25 92 59
25 94 -38
25 95 -54
25 98 6
26 1 -10
26 2 -1
26 3 78
26 4 58
26 5 -78
26 6 79
26 7 -79
26 8 -22
26 9 -6
26 10 -15
26 11 100
26 13 -40
26 14 82
26 15 9
26 16 23
26 17 9
26 20 -93
26 22 100
26 23 -22
26 25 -69
26 26 78
26 27 24
26 30 -26
26 32 26
26 33 -70
26 34 14
26 35 -68
26 37 -86
26 38 80
26 39 -87
26 40 75
26 41 2
26 43 -76
26 44 41
26 45 -6
26 47 -83
26 48 -73
26 49 -85
26 50 -18
26 53 76
26 54 85
26 56 98
26 58 -85
26 59 -25
26 60 -53
26 61 7
26 62 -99
26 63 93
26 64 -38
26 67 -20
26 68 64
26 69 41
26 70 19
26 71 97
26 72 17
26 73 97
26 75 77
26 77 -5
26 78 -95
26 79 -32
26 81 -42
26 83 -60
26 84 29
26 85 -97
26 86 99
26 87 59
26 88 -88
26 89 -44
26 91 -65
26 92 -32
26 93 -81
26 94 -99
27 0 27
27 1 -82
27 3 52
27 6 41
27 7 3
27 8 71
27 10 -31
27 11 -37
27 12 41
27 13 -13
27 14 89
27 17 -23
27 19 13
27 21 -72
27 22 -87
27 23 -78
27 24 -79
27 25 2
27 28 -72
27 29 -43
27 32 -37
27 33 -5
27 34 -29
27 35 -42
27 36 -46
27 37 12
27 39 61
27 40 -49
27 41 89
27 42 45
27 43 -34
27 47 47
27 49 10
27 51 58
27 52 49
27 53 75
27 54 36
27 55 -77
27 56 82
27 58 35
27 60 88
27 61 -72
27 63 -44
27 64 -96
27 66 95
27 67 26
27 69 25
27 73 -23
27 74 41
27 76 -18
27 78 43
27 79 -77
27 80 -20
27 81 91
27 82 -62
27 85 -80
27 86 -30
27 87 53
27 88 84
27 90 -42
27 91 -21
27 92 64
27 94 -76
27 96 54
27 99 -27
28 0 -25
28 1 100
28 3 67
28 5 -58
28 6 2
28 8 85
28 10 -92
28 11 -85
28 12 1
28 14 -35
28 15 -54
28 18 -42
28 19 79
28 20 -47
28 21 -65
28 22 42
28 24 -5
28 25 41
28 26 28
28 27 -10
28 28 -47
28 29 99
28 32 51
28 36 71
28 37 13
28 43 45
28 45 52
28 46 63
28 47 -31
28 48 59
28 51 67
28 53 -91
28 54 57
28 55 3
28 56 -11
28 57 -79
28 58 -20
28 59 21
28 64 94
28 65 28
28 66 64
28 67 56
28 68 36
28 69 -30
28 70 80
28 71 63
28 75 -95
28 77 -16
28 78 7
28 79 -60
28 83 84
28 84 100
28 85 -63
28 86 72
28 87 17
28 89 20
28 90 54
28 91 -62
28 92 21
28 93 48
28 95 -75
28 97 84
28 98 -97
28 99 89
29 0 67
29 3 -86
29 5 -81
29 6 -94
29 7 10
29 9 -71
29 11 -54
29 12 45
29 13 64
29 14 65
29 15 -49
29 16 93
29 17 19
29 18 -69
29 19 71
29 20 -70
29 21 67
29 22 -54
29 24 29
29 25 59
29 26 27
29 28 44
29 29 -76
29 32 -20
29 35 -33
29 38 39
29 39 -70
29 42 73
29 44 -100
29 45 -32
29 46 -94
29 47 69
29 48 -97
29 49 6
29 50 4
29 52 58
29 54 -37
29 56 -9
29 57 30
29 59 13
29 60 -5
29 61 87
29 62 -70
29 65 25
29 69 -35
29 71 77
29 73 -90
29 74 62
29 78 43
29 79 61
29 80 92
29 81 15
29 83 -26
29 84 -38
29 85 60
29 86 9
29 87 81
29 89 -29
29 91 -39
29 92 25
29 93 10
29 97 15
29 98 80
29 99 67
30 0 35
30 1 -8
30 2 -79
30 3 11
30 4 -13
30 6 15
30 7 38
30 8 -81
30 9 63
30 10 -25
30 13 84
30 15 58
30 16 -81
30 17 22
30 21 59
30 25 93
30 26 -63
30 29 98
30 30 -13
30 31 -51
30 32 26
30 33 93
30 34 29
30 35 -56
30 37 -96
30 38 75
30 39 48
30 40 66
30 42 29
30 43 11
30 44 -9
30 45 -80
30 46 67
30 47 53
30 49 4
30 50 29
30 51 14
30 52 -67
30 53 18
30 54 -83
30 56 34
30 58 -59
30 60 -59
30 61 99
30 62 -58
30 63 14
30 64 82
30 66 62
30 67 -43
30 69 54
30 70 -26
30 71 66
30 72 3
30 73 94
30 78 -65
30 79 94
30 84 57
30 85 86
30 86 -82
30 87 22
30 88 24
30 89 -41
30 90 94
30 91 28
30 93 12
30 95 17
30 96 -7
30 97 -12
30 98 -42
30 99 13
31 0 -8
31 2 -45
31 3 -7
31 4 95
31 5 -58
31 6 88
31 7 -51
31 8 -6
31 9 -37
31 10 58
31 11 -7
31 12 55
31 15 44
31 16 86
31 17 -55
31 20 -73
31 22 75
31 23 -54
31 25 10
31 26 64
31 28 69
31 29 84
31 30 -70
31 31 -60
31 32 -30
31 33 -26
31 34 -86
31 35 66
31 36 -6
31 37 -82
31 39 -19
31 41 -10
31 42 40
31 45 -35
31 46 69
31 47 64
31 48 93
31 49 -16
31 50 -99
31 51 -12
31 52 9
31 53 -35
31 55 -77
31 56 61
31 57 -62
31 58 4
31 60 20
31 61 -80
31 62 58
31 63 -91
31 64 -82
31 65 80
31 68 20
31 69 -23
31 70 75
31 71 -19
31 72 -43
31 73 -84
31 74 95
31 75 62
31 76 -26
31 77 76
31 78 2
31 79 -4
31 80 33
31 81 -28
31 83 -10
31 84 24
31 85 -69
31 86 18
31 87 -7
31 88 56
31 89 -2
31 90 2
31 92 -87
31 93 -27
31 94 -36
31 95 79
31 96 -67
31 97 -40
31 98 -31
31 99 91
32 1 96
32 2 53
32 3 41
32 4 -90
32 6 -1
32 8 -76
32 9 68
32 10 31
32 11 -47
32 14 -99
32 15 -58
32 16 74
32 17 15
32 18 75
32 19 72
32 20 6
32 21 -89
32 22 37
32 23 -31
32 24 31
32 25 76
32 26 90
32 27 85
32 28 -4
32 29 64
32 30 72
32 31 -44
32 32 -21
32 34 -20
32 35 -58
32 36 -54
32 37 52
32 38 -41
32 39 -15
32 41 55
32 43 -16
32 44 -28
32 45 7
32 46 -33
32 48 20
32 49 18
32 52 47
32 54 71
32 55 67
32 56 6
32 57 43
32 58 -57
32 61 -60
32 63 -91
32 64 -30
32 65 -93
32 66 -14
32 67 67
32 68 -26
32 70 -78
32 71 39
32 72 11
32 74 99
32 75 94
32 77 79
32 78 70
32 81 -80
32 83 -34
32 86 68
32 87 -67
32 90 53
32 92 38
32 93 78
32 94 -26
32 95 -38
32 97 -40
32 98 -49
32 99 26
33 1 -99
33 2 13
33 4 -8
33 5 38
33 6 42
33 7 39
33 8 31
33 9 -65
33 10 68
33 11 61
33 13 -5
33 14 -99
33 15 53
33 17 -31
33 18 23
33 19 88
33 22 25
33 26 11
33 27 44
33 28 14
33 29 94
33 30 -8
33 31 80
33 32 75
33 34 -27
33 35 99
33 38 23
33 41 -33
33 42 -10
33 43 -76
33 45 -37
33 46 -99
33 48 57
33 50 60
33 51 -17
33 52 71
33 53 54
33 54 20
33 56 -38
33 58 33
33 59 98
33 60 44
33 61 -95
33 62 -11
33 63 33
33 64 73
33 65 -95
33 66 28
33 67 91
33 68 -62
33 69 -94
33 70 25
33 71 35
33 72 -28
33 73 -1
33 74 64
33 75 58
33 76 25
33 78 -94
33 79 55
33 80 -54
33 81 -5
33 82 -96
33 83 68
33 84 -38
33 85 97
33 86 94
33 87 -19
33 88 39
33 89 -19
33 90 99
33 93 57
33 94 35
33 95 -70
33 98 20
33 99 -2
34 0 42
34 1 -34
34 4 97
34 5 3
34 6 6
34 7 38
34 8 -64
34 10 -72
34 13 26
34 14 7
34 15 42
34 16 30
34 17 66
34 18 42
34 19 -23
34 20 57
34 21 -12
34 22 28
34 23 75
34 26 -60
34 27 30
34 28 48
34 29 5
34 30 -17
34 31 -8
34 33 34
34 34 -99
34 41 46
34 42 84
34 43 -50
34 44 83
34 45 46
34 46 87
34 47 -63
34 48 -18
34 49 85
34 51 -60
34 53 25
34 54 52
34 55 -22
34 57 70
34 58 -53
34 59 -16
34 60 -15
34 61 -14
34 62 88
34 63 -57
34 64 56
34 65 45
34 67 -33
34 68 -44
34 69 -81
34 70 -68
34 72 -29
34 73 -90
34 74 -91
34 77 38
34 79 -47
34 81 70
34 82 14
34 84 31
34 85 -7
34 86 90
34 88 41
34 89 3
34 92 89
34 93 37
34 94 78
34 95 79
34 98 43
34 99 99
35 0 83
35 1 67
35 3 35
35 4 31
35 5 66
35 6 52
35 7 -42
35 8 61
35 9 26
35 10 -95
35 12 -64
35 13 -53
35 15 -79
35 17 58
35 18 66
35 20 -91
35 21 38
35 22 -29
35 23 38
35 24 -9
35 25 -34
35 27 3
35 28 79
35 29 -18
35 30 -80
35 31 -55
35 32 24
35 34 2
35 35 65
35 36 -70
35 37 53
35 39 71
35 41 -12
35 42 -100
35 43 2
35 44 -6
35 45 3
35 46 84
35 47 -70
35 50 -78
35 51 -49
35 52 2
35 53 -66
35 55 53
35 56 -32
35 59 24
35 60 -30
35 62 10
35 63 -36
35 66 -34
35 67 27
35 68 -56
35 69 86
35 70 34
35 71 20
35 72 -91
35 73 -47
35 74 72
35 76 96
35 77 -7
35 79 57
35 80 -100
35 82 78
35 83 36
35 86 77
35 88 -9
35 89 59
35 92 25
35 93 -90
35 94 64
35 95 40
35 96 46
35 99 -12
36 1 12
36 2 -35
36 3 66
36 4 71
36 5 -83
36 6 45
36 7 -27
36 8 50
36 9 -22
36 10 -55
36 11 85
36 13 -53
36 14 -76
36 15 54
36 16 -45
36 17 -55
36 19 -73
36 20 27
36 21 92
36 22 35
36 23 -90
36 24 70
36 25 -7
36 26 -53
36 27 -72
36 28 96
36 29 -29
36 30 -70
36 31 54
36 33 -8
36 34 3
36 37 5
36 38 -23
36 39 16
36 40 -48
36 41 54
36 42 19
36 43 66
36 44 89
36 45 -37
36 47 -13
36 48 -33
36 52 44
36 53 6
36 54 -21
36 55 18
36 57 41
36 59 83
36 60 3
36 61 -92
36 62 -55
36 63 -51
36 64 42
36 65 42
36 67 -31
36 69 28
36 70 -34
36 71 33
36 72 -90
36 73 22
36 74 -7
36 75 -86
36 76 17
36 77 -52
36 78 -96
36 80 41
36 81 -15
36 82 -66
36 83 15
36 84 -15
36 86 -88
36 87 -72
36 88 12
36 89 -50
36 90 29
36 91 -48
36 93 96
36 95 75
36 96 16
37 0 81
37 1 62
37 2 -48
37 5 52
37 6 -4
37 7 41
37 9 -89
37 11 -27
37 12 49
37 13 76
37 14 -90
37 15 82
37 16 52
37 17 98
37 19 -88
37 20 -85
37 21 6
37 22 -71
37 24 32
37 25 88
37 26 -36
37 28 -25
37 29 -86
37 30 -68
37 31 -2
37 32 -49
37 33 -13
37 35 5
37 36 -68
37 37 -5
37 38 -17
37 39 -19
37 40 -8
37 42 -42
37 43 95
37 44 -94
37 45 -67
37 46 -60
37 48 -98
37 49 -5
37 50 -41
37 51 -2
37 52 -39
37 53 6
37 56 32
37 58 -34
37 59 13
37 60 -25
37 61 -61
37 64 -31
37 66 26
37 67 -91
37 68 -52
37 69 86
37 70 -74
37 71 100
37 73 65
37 75 -53
37 76 57
37 77 96
37 78 -13
37 79 -18
37 80 -9
37 83 24
37 84 -22
37 85 -89
37 87 78
37 88 35
37 89 -25
37 90 62
37 91 44
37 92 -7
37 93 8
37 94 -79
37 95 -5
37 97 27
37 98 -89
38 0 15
38 2 78
38 4 -44
38 5 53
38 7 30
38 8 -24
38 9 4
38 10 -90
38 12 94
38 13 100
38 14 34
38 16 -20
38 17 -45
38 18 60
38 19 -35
38 20 -4
38 22 -31
38 23 54
38 25 -23
38 27 -7
38 28 72
38 29 65
38 32 -41
38 33 -77
38 39 -88
38 40 -74
38 41 -62
38 42 44
38 43 -73
38 44 66
38 45 -68
38 46 -25
38 47 19
38 48 54
38 49 24
38 50 -39
38 51 98
38 52 -2
38 53 1
38 55 25
38 56 33
38 57 -47
38 58 76
38 60 -100
38 61 -14
38 63 -87
38 64 -87
38 65 37
38 66 36
38 67 51
38 68 -81
38 69 -28
38 71 -78
38 72 39
38 73 39
38 74 -63
38 76 -85
38 77 61
38 78 -54
38 79 -18
38 80 45
38 82 2
38 83 -37
38 85 52
38 86 87
38 91 49
38 95 -98
38 97 -54
38 98 -96
38 99 33
39 0 -31
39 1 77
39 2 100
39 3 78
39 4 65
39 5 -91
39 6 -36
39 8 76
39 9 -32
39 10 77
39 11 -100
39 12 -81
39 14 -42
39 15 -63
39 18 -69
39 19 -77
39 20 -4
39 21 66
39 22 -50
39 25 92
39 27 -43
39 29 -6
39 30 3
39 31 -31
39 33 37
39 34 55
39 35 98
39 37 -53
39 38 69
39 41 10
39 42 94
39 43 -43
39 44 -19
39 45 27
39 46 8
39 49 -88
39 50 48
39 51 97
39 53 11
39 54 -23
39 55 86
39 56 14
39 58 59
39 59 71
39 61 -36
39 64 -47
39 67 36
39 69 51
39 70 36
39 72 -99
39 73 -14
39 74 62
39 77 -61
39 78 9
39 79 97
39 80 -11
39 81 22
39 82 -29
39 83 66
39 84 -63
39 85 33
39 87 -81
39 88 68
39 89 2
39 90 -3
39 91 -19
39 93 27
39 95 -22
39 98 -53
40 0 -52
40 2 46
40 3 51
40 4 26
40 5 -43
40 6 27
40 7 -86
40 9 26
40 11 10
40 16 -54
40 17 94
40 18 46
40 19 -7
40 20 37
40 21 -23
40 22 -26
40 23 -20
40 25 81
40 27 -46
40 28 27
40 30 90
40 32 21
40 33 66
40 34 -70
40 35 74
40 36 -37
40 38 -57
40 39 -50
40 42 -92
40 43 23
40 45 -64
40 46 -66
40 47 -49
40 49 65
40 50 -4
40 52 65
40 53 41
40 55 -98
40 57 7
40 58 -41
40 59 -12
40 60 -59
40 62 15
40 64 24
40 66 -26
40 67 91
40 68 -6
40 69 95
40 71 33
40 72 -33
40 73 -98
40 74 95
40 75 82
40 78 60
40 79 16
40 80 2
40 82 83
40 83 33
40 85 -23
40 86 -4
40 87 30
40 88 69
40 89 97
40 90 -71
40 91 28
40 92 -75
40 93 58
40 95 81
40 96 -35
40 97 10
40 99 -81
41 1 22
41 4 -37
41 5 21
41 6 -15
41 9 47
41 10 5
41 11 83
41 16 91
41 18 18
41 20 -72
41 22 85
41 24 -89
41 25 -21
41 26 28
41 27 -49
41 28 32
41 29 24
41 31 -57
41 35 47
41 36 68
41 38 -4
41 39 -74
41 40 -4
41 42 -32
41 43 -27
41 44 -20
41 45 30
41 47 40
41 48 20
41 50 -82
41 52 -22
41 54 93
41 56 -8
41 57 -18
41 58 -79
41 59 38
41 60 -87
41 61 63
41 63 -55
41 64 38
41 66 31
41 67 -89
41 72 99
41 73 3
41 75 45
41 76 -40
41 79 -57
41 80 91
41 81 87
41 82 70
41 88 60
41 89 77
41 91 -39
41 92 -26
41 93 85
41 94 32
41 95 22
41 96 -75
41 97 -47
41 98 -79
41 99 -57
42 0 62
42 2 -48
42 3 -76
42 4 78
42 6 -86
42 7 -46
42 8 42
42 10 -65
42 11 75
42 13 -24
42 15 -3
42 16 -35
42 17 32
42 18 13
42 19 -81
42 20 74
42 21 99
42 23 2
42 27 88
42 28 -6
42 29 17
42 31 -55
42 32 37
42 33 9
42 34 -12
42 35 21
42 36 67
42 37 -40
42 39 -13
42 40 -61
42 42 -93
42 43 81
42 44 -96
42 45 63
42 46 1
42 47 -37
42 48 -65
42 49 56
42 50 37
42 51 -21
42 52 -78
42 53 11
42 54 -86
42 55 11
42 56 91
42 57 63
42 58 93
42 59 -43
42 60 89
42 61 -22
42 62 5
42 64 17
42 68 -4
42 69 -29
42 70 -39
42 71 -96
42 72 35
42 74 -52
42 75 -37
42 76 92
42 78 -85
42 81 -40
42 82 17
42 83 31
42 84 46
42 85 -60
42 87 -95
42 89 -47
42 90 74
42 91 -10
42 92 -45
42 94 -78
42 95 -16
42 96 -80
42 97 -16
42 98 80
43 0 16
43 2 -41
43 3 14
43 4 56
43 5 83
43 6 38
43 9 27
43 10 -81
43 11 99
43 12 43
43 13 -23
43 16 -99
43 18 -73
43 19 54
43 20 69
43 21 -35
43 23 -25
43 24 12
43 25 -67
43 26 24
43 27 -52
43 30 53
43 31 51
43 32 92
43 35 38
43 38 -49
43 39 97
43 40 -24
43 42 -83
43 44 -87
43 45 67
43 47 13
43 48 -54
43 49 -33
43 50 61
43 51 -95
43 53 42
43 54 -69
43 55 45
43 56 -10
43 58 -59
43 59 -47
43 61 20
43 62 2
43 63 -60
43 64 -34
43 65 -94
43 68 -61
43 70 92
43 71 45
43 74 8
43 76 4
43 78 71
43 81 -57
43 84 -10
43 86 -39
43 87 -55
43 88 -6
43 89 51
43 90 66
43 92 60
43 93 -87
43 94 -94
43 96 43
43 98 15
43 99 55
44 0 30
44 1 -37
44 2 -24
44 3 12
44 4 39
44 5 -22
44 8 54
44 9 65
44 10 -42
44 11 70
44 12 47
44 14 51
44 15 66
44 16 61
44 17 -67
44 19 95
44 20 32
44 21 27
44 22 -37
44 24 -74
44 25 51
44 29 -66
44 30 -81
44 32 -96
44 33 61
44 34 5
44 36 -23
44 37 -59
44 38 -50
44 39 -29
44 42 53
44 45 84
44 46 51
44 49 -93
44 50 -51
44 52 63
44 53 67
44 54 -71
44 56 -52
44 57 -72
44 60 -64
44 62 -18
44 63 86
44 64 -44
44 66 -96
44 68 50
44 69 24
44 71 -93
44 72 -93
44 73 -5
44 74 -80
44 77 -96
44 78 40
44 79 75
44 80 98
44 81 -20
44 82 -3
44 85 -25
44 87 76
44 91 77
44 93 -70
44 94 88
44 96 94
44 98 26
45 0 16
45 1 39
45 2 -8
45 3 21
45 4 86
45 7 -41
45 8 -71
45 11 -58
45 13 -18
45 15 8
45 16 -71
45 17 89
45 18 17
45 20 40
45 21 -9
45 22 -48
45 23 -82
45 25 77
45 26 -76
45 27 -80
45 28 -31
45 30 -11
45 31 56
45 32 -20
45 36 -65
45 37 -40
45 38 -54
45 39 -41
45 41 74
45 43 5
45 44 -46
45 46 76
45 47 -59
45 49 -56
45 50 20
45 53 -18
45 54 -26
45 55 -47
45 56 63
45 57 10
45 60 79
45 61 69
45 62 18
45 63 -66
45 64 -30
45 66 18
45 68 5
45 69 51
45 70 -25
45 71 55
45 72 68
45 73 -89
45 74 -62
45 75 -48
45 76 -77
45 77 37
45 78 23
45 79 30
45 80 4
45 82 72
45 84 7
45 85 -35
45 87 -23
45 88 56
45 90 -51
45 91 1
45 92 -92
45 94 30
45 95 68
45 96 82
45 99 87
46 1 21
46 3 -36
46 4 84
46 6 -27
46 7 -9
46 9 -47
46 11 3
46 12 -72
46 15 2
46 16 19
46 17 -41
46 20 14
46 21 -93
46 22 50
46 24 65
46 25 -32
46 26 2
46 27 -53
46 28 -22
46 31 -10
46 32 81
46 33 -48
46 34 14
46 36 -57
46 37 -15
46 38 20
46 40 32
46 41 35
46 44 94
46 45 3
46 47 -45
46 48 6
46 49 87
46 50 -13
46 51 60
46 52 65
46 53 -93
46 54 -68
46 55 85
46 56 1
46 57 27
46 59 -61
46 60 97
46 61 -14
46 62 6
46 67 48
46 68 52
46 70 -65
46 71 -100
46 72 -71
46 75 64
46 76 -46
46 77 28
46 81 43
46 82 56
46 83 -4
46 84 -89
46 86 -53
46 87 -98
46 89 -82
46 94 27
46 95 -94
46 97 -90
46 98 -64
46 99 49
47 0 -55
47 1 -69
47 4 93
47 5 -27
47 6 -93
47 8 56
47 9 -6
47 10 -58
47 11 -19
47 12 -55
47 13 -59
47 14 22
47 15 72
47 16 -21
47 18 -46
47 19 10
47 21 100
47 22 -74
47 23 -27
47 24 -54
47 26 47
47 27 -88
47 29 81
47 30 51
47 31 22
47 33 -88
47 35 -65
47 36 -65
47 37 30
47 38 -74
47 39 -32
47 42 43
47 43 16
47 44 77
47 45 1
47 46 28
47 47 -31
47 49 83
47 52 -16
47 53 -51
47 54 -21
47 55 98
47 57 -20
47 58 38
47 61 -21
47 62 13
47 63 63
47 64 -81
47 65 -4
47 67 -74
47 69 -44
47 70 -13
47 75 12
47 76 25
47 77 -43
47 78 34
47 79 47
47 80 -38
47 81 94
47 82 -86
47 83 78
47 85 -30
47 86 -99
47 87 34
47 88 -29
47 89 -44
47 90 8
47 92 -78
47 94 76
47 95 74
47 99 6
48 0 49
48 2 -82
48 3 -59
48 4 56
48 5 36
48 6 63
48 7 -93
48 8 37
48 9 -67
48 10 -12
48 11 41
48 12 -99
48 13 -57
48 14 51
48 15 -77
48 16 42
48 17 -21
48 18 1
48 19 -36
48 20 29
48 21 -73
48 22 53
48 23 -98
48 25 91
48 26 29
48 27 26
48 28 24
48 29 84
48 31 -97
48 32 11
48 33 99
48 34 52
48 35 46
48 36 74
48 37 88
48 38 -6
48 39 -15
48 40 -18
48 41 74
48 45 86
48 46 -8
48 47 41
48 48 -5
48 49 -54
48 50 54
48 52 27
48 53 10
48 54 -19
48 56 76
48 57 47
48 58 -75
48 59 44
48 60 -21
48 61 82
48 63 66
48 65 -16
48 67 15
48 68 -75
48 70 55
48 71 -97
48 72 -90
48 73 44
48 74 63
48 76 -40
48 77 73
48 78 -87
48 79 -39
48 80 -53
48 81 26
48 82 65
48 83 -84
48 85 -27
48 87 -58
48 90 -25
48 92 -19
48 93 -37
48 95 -44
48 96 82
48 97 -74
48 98 55
48 99 -42
49 0 -67
49 2 -67
49 3 13
49 5 -36
49 6 16
49 7 85
49 8 89
49 9 -31
49 10 92
49 12 95
49 14 99
49 16 -72
49 17 51
49 18 -87
49 19 29
49 20 -38
49 22 -60
49 23 54
49 26 -68
49 27 -82
49 28 16
49 29 2
49 31 -77
49 32 97
49 33 -49
49 34 87
49 35 -18
49 37 -82
49 38 20
49 40 -83
49 44 91
49 45 53
49 46 11
49 47 -41
49 48 56
49 49 -8
49 50 -53
49 51 -10
49 52 77
49 53 -15
49 54 38
49 55 9
49 57 93
49 58 100
49 59 -90
49 62 40
49 63 64
49 65 -52
49 66 -13
49 68 80
49 69 -55
49 70 -16
49 71 -76
49 72 -22
49 73 -44
49 74 4
49 75 16
49 76 9
49 77 -3
49 78 -14
49 79 18
49 80 -83
49 81 8
49 83 45
49 84 7
49 85 -53
49 87 -48
49 88 -34
49 91 18
49 92 94
49 93 36
49 94 -50
49 95 -20
49 96 -23
49 97 -76
49 98 -17
49 99 -42
50 0 -54
50 1 55
50 2 -92
50 3 -46
50 5 62
50 7 -60
50 8 2
50 9 -40
50 10 -11
50 11 40
50 12 78
50 13 -52
50 14 -35
50 16 8
50 19 -48
50 20 84
50 21 16
50 22 79
50 23 -4
50 24 -92
50 26 -54
50 28 -48
50 30 -36
50 32 -70
50 35 -48
50 36 -25
50 39 -17
50 41 -94
50 43 7
50 44 -99
50 45 -14
50 47 -16
50 48 33
50 49 23
50 50 -24
50 51 -13
50 52 -97
50 53 67
50 55 -52
50 56 -63
50 57 -8
50 59 85
50 60 2
50 63 77
50 64 97
50 66 75
50 67 63
50 68 20
50 69 61
50 70 84
50 71 -95
50 72 74
50 76 -36
50 77 96
50 78 -6
50 80 -40
50 83 94
50 84 70
50 85 15
50 86 -23
50 87 23
50 88 21
50 89 -67
50 90 45
50 93 39
50 94 42
50 99 99
51 3 -59
51 4 -31
51 5 -13
51 6 -44
51 7 -28
51 11 81
51 12 -75
51 16 90
51 18 45
51 20 27
51 21 69
51 24 -93
51 26 -26
51 27 12
51 28 -91
51 29 -66
51 30 -95
51 32 40
51 33 57
51 35 -89
51 36 -29
51 38 17
51 39 96
51 40 -65
51 41 89
51 42 12
51 43 84
51 44 31
51 48 80
51 49 2
51 50 -17
51 52 69
51 53 -19
51 54 -40
51 55 -29
51 56 25
51 57 34
51 58 -82
51 59 41
51 60 -55
51 62 -63
51 63 94
51 64 -12
51 65 16
51 66 -11
51 68 -71
51 70 -97
51 71 4
51 73 3
51 74 30
51 75 -19
51 76 -57
51 77 -87
51 78 -10
51 81 -25
51 82 85
51 83 -38
51 84 -12
51 88 69
51 89 87
51 90 82
51 92 -74
51 93 -33
51 95 82
51 96 -90
51 97 -73
52 1 -21
52 2 41
52 3 33
52 6 95
52 9 -53
52 10 50
52 12 -46
52 13 46
52 14 39
52 15 -15
52 16 22
52 17 -99
52 18 71
52 19 -91
52 20 -67
52 22 81
52 25 38
52 26 57
52 27 72
52 28 -51
52 29 -22
52 30 -17
52 31 37
52 35 -99
52 38 -19
52 39 71
52 43 -42
52 44 -97
52 45 -50
52 46 -2
52 47 41
52 48 75
52 49 55
52 50 58
52 52 -71
52 54 3
52 56 -27
52 59 -21
52 61 -41
52 62 63
52 63 46
52 64 -18
52 65 96
52 66 6
52 69 -33
52 70 34
52 72 -59
52 73 -6
52 74 -18
52 78 52
52 81 91
52 82 3
52 83 87
52 84 -75
52 85 1
52 86 15
52 87 -31
52 88 -46
52 89 -84
52 90 -75
52 91 -61
52 92 -46
52 93 76
52 94 38
52 95 -92
52 96 -40
52 98 21
52 99 88
53 0 18
53 1 -33
53 4 -31
53 6 -99
53 7 97
53 8 71
53 9 -90
53 10 62
53 11 67
53 12 -33
53 13 -38
53 14 -37
53 15 84
53 16 1
53 17 59
53 18 -97
53 19 75
53 20 -99
53 22 94
53 23 -5
53 24 41
53 25 -5
53 26 30
53 30 60
53 31 26
53 32 -39
53 33 56
53 35 -96
53 36 -73
53 37 -53
53 39 -2
53 41 -77
53 42 20
53 44 89
53 45 13
53 46 -87
53 47 66
53 48 78
53 50 19
53 53 -96
53 54 -10
53 55 96
53 56 -20
53 57 -100
53 59 100
53 60 -6
53 61 86
53 62 -58
53 63 -29
53 64 85
53 65 10
53 66 25
53 68 -55
53 69 -100
53 72 93
53 73 7
53 74 54
53 75 75
53 76 -52
53 77 -70
53 78 50
53 80 40
53 81 58
53 83 91
53 84 -99
53 86 -32
53 87 -91
53 88 -9
53 89 -76
53 90 -17
53 92 67
53 93 -66
53 97 -14
53 98 -35
53 99 53
54 0 42
54 1 50
54 4 21
54 5 99
54 6 69
54 9 9
54 11 -31
54 12 56
54 13 -8
54 14 -87
54 16 -7
54 17 13
54 18 32
54 19 -14
54 21 79
54 22 99
54 23 1
54 24 19
54 25 -68
54 26 41
54 27 27
54 28 70
54 29 -62
54 31 -99
54 34 44
54 37 75
54 38 93
54 41 83
54 42 -42
54 45 -57
54 46 49
54 48 37
54 49 71
54 51 34
54 52 36
54 53 16
54 54 -28
54 56 -15
54 57 49
54 58 -44
54 60 -96
54 62 25
54 64 17
54 65 -58
54 67 77
54 68 60
54 69 -96
54 70 -22
54 71 -30
54 72 60
54 73 -62
54 74 -17
54 75 60
54 76 59
54 77 8
54 78 -89
54 79 44
54 80 -47
54 81 -21
54 82 80
54 83 -71
54 84 1
54 85 -32
54 86 38
54 87 -6
54 88 -79
54 89 34
54 90 -99
54 92 -44
54 93 38
54 94 -5
54 96 -61
54 99 60
55 0 85
55 1 10
55 2 7
55 3 93
55 4 -21
55 5 -42
55 6 -61
55 8 51
55 10 -26
55 11 -29
55 13 -53
55 14 76
55 19 -89
55 20 100
55 21 75
55 23 7
55 25 11
55 27 -51
55 28 77
55 29 65
55 30 1
55 33 -49
55 35 -58
55 37 48
55 39 -45
55 40 -34
55 41 -52
55 42 48
55 43 42
55 45 78
55 47 80
55 48 -40
55 49 8
55 50 76
55 51 46
55 52 -7
55 53 -50
55 54 -40
55 57 -47
55 58 75
55 60 -57
55 61 53
55 62 -13
55 63 89
55 67 5
55 69 -66
55 70 -57
55 72 58
55 73 23
55 75 76
55 77 40
55 79 51
55 81 23
55 82 76
55 85 -7
55 88 63
55 89 -33
55 90 18
55 92 -99
55 93 -35
55 94 96
55 95 -87
55 96 -89
55 97 -70
55 98 11
56 0 -74
56 1 -97
56 2 -13
56 3 39
56 4 -80
56 5 71
56 6 -39
56 7 -41
56 8 -47
56 10 -24
56 11 89
56 12 45
56 13 -24
56 14 -97
56 15 54
56 16 -48
56 17 -94
56 22 63
56 23 -47
56 26 56
56 27 -45
56 28 94
56 30 -55
56 32 48
56 33 -86
56 34 82
56 35 -63
56 36 -43
56 38 68
56 39 82
56 41 -16
56 43 73
56 44 100
56 45 -37
56 47 18
56 48 -36
56 49 10
56 50 66
56 51 -13
56 52 41
56 53 7
56 54 -75
56 55 -17
56 57 -88
56 58 -75
56 62 -43
56 63 -18
56 64 -70
56 65 -22
56 67 -57
56 71 -79
56 72 -79
56 73 -94
56 74 -10
56 76 47
56 77 -42
56 78 65
56 82 94
56 83 16
56 84 -8
56 86 54
56 88 -67
56 90 -12
56 92 62
56 93 -95
56 95 77
56 97 -15
56 98 19
57 0 -98
57 1 -25
57 2 59
57 4 7
57 5 -34
57 6 5
57 8 99
57 10 -20
57 11 93
57 12 -82
57 13 -65
57 15 -44
57 16 55
57 17 -63
57 18 28
57 19 62
57 22 -48
57 24 76
57 25 -31
57 27 -23
57 28 -42
57 29 -46
57 30 -79
57 31 22
57 33 14
57 35 -3
57 36 -84
57 37 -83
57 38 -87
57 39 -19
57 40 -69
57 41 90
57 42 -44
57 43 -42
57 47 20
57 48 -94
57 49 -69
57 51 10
57 52 -83
57 53 63
57 54 51
57 56 44
57 58 -78
57 59 25
57 60 -59
57 61 -58
57 63 89
57 64 51
57 66 5
57 68 -80
57 69 -70
57 70 5
57 71 24
57 72 -40
57 76 -86
57 77 -18
57 79 11
57 81 -32
57 82 -93
57 84 -96
57 87 37
57 91 -19
57 92 21
57 93 55
57 94 2
57 95 51
57 96 -16
57 97 1
57 99 68
58 0 32
58 1 -41
58 2 -87
58 4 -65
58 5 -92
58 8 69
58 9 -73
58 11 20
58 13 100
58 14 -79
58 15 -50
58 16 -56
58 17 -68
58 20 -37
58 21 95
58 22 63
58 23 62
58 24 14
58 25 -47
58 26 -98
58 27 -53
58 28 -2
58 29 98
58 30 49
58 32 32
58 34 63
58 35 -20
58 36 11
58 37 -10
58 38 65
58 40 58
58 43 -97
58 44 63
58 46 -31
58 48 -40
58 49 59
58 50 68
58 52 27
58 53 -34
58 54 24
58 55 -41
58 56 -75
58 58 93
58 59 -31
58 60 15
58 61 -75
58 62 -11
58 63 -61
58 64 -87
58 65 77
58 66 -2
58 69 26
58 71 70
58 72 -68
58 73 -39
58 74 87
58 75 10
58 76 -24
58 77 32
58 78 13
58 81 44
58 82 -55
58 83 -56
58 84 -72
58 88 75
58 89 84
58 91 -46
58 92 -12
58 94 -59
58 95 -71
58 96 94
58 97 -26
58 98 71
58 99 -23
59 0 5
59 1 -70
59 2 44
59 4 -54
59 6 19
59 7 -91
59 8 -33
59 9 37
59 12 100
59 13 60
59 14 2
59 15 -45
59 16 -97
59 17 40
59 18 65
59 19 -60
59 20 82
59 21 4
59 22 -48
59 23 52
59 25 -1
59 26 -3
59 28 42
59 29 -69
59 30 -83
59 31 -10
59 33 84
59 34 55
59 35 44
59 36 57
59 37 -90
59 38 52
59 39 -14
59 40 -29
59 42 32
59 44 51
59 45 -20
59 46 33
59 47 15
59 50 -66
59 51 16
59 53 6
59 54 -9
59 55 -26
59 56 63
59 57 -9
59 59 -62
59 62 -43
59 65 -40
59 66 51
59 67 5
59 70 -51
59 72 31
59 73 -94
59 74 31
59 76 -94
59 77 -31
59 78 -9
59 80 82
59 82 13
59 84 77
59 87 -86
59 90 66
59 92 30
59 94 -45
59 95 -67
59 96 45
59 97 -12
59 99 -82
60 0 17
60 1 -59
60 3 -68
60 5 95
60 6 79
60 7 21
60 11 -73
60 12 -45
60 13 -30
60 16 79
60 17 27
60 18 15
60 19 -31
60 21 96
60 22 36
60 23 32
60 24 -63
60 27 11
60 29 24
60 30 -36
60 32 -93
60 34 -25
60 36 13
60 38 -85
60 39 95
60 40 34
60 41 -93
60 43 33
60 44 -79
60 45 -18
60 47 -23
60 48 -47
60 50 -75
60 52 42
60 55 15
60 56 -3
60 57 -88
60 58 74
60 59 -65
60 60 -98
60 61 -81
60 62 -38
60 64 -83
60 65 -13
60 66 93
60 67 -13
60 69 -86
60 70 78
60 71 -33
60 72 85
60 73 -64
60 74 -95
60 75 -84
60 78 -16
60 80 14
60 81 48
60 82 56
60 83 53
60 84 59
60 85 -26
60 87 -24
60 88 30
60 89 94
60 90 43
60 91 88
60 93 70
60 94 63
60 96 -79
60 97 15
60 98 90
60 99 80
61 0 57
61 2 89
61 5 91
61 7 -49
61 10 10
61 11 -11
61 12 -4
61 13 -92
61 14 -85
61 15 86
61 17 97
61 19 5
61 20 61
61 22 -38
61 23 -28
61 24 -36
61 25 32
61 31 -34
61 32 -60
61 33 -23
61 35 -77
61 37 40
61 38 -94
61 39 -37
61 40 66
61 41 66
61 42 -18
61 43 45
61 44 29
61 45 -84
61 46 -26
61 48 91
61 49 -49
61 51 -75
61 52 -10
61 53 61
61 55 24
61 56 35
61 57 -9
61 58 70
61 62 -27
61 63 42
61 65 -67
61 67 -61
61 68 21
61 69 36
61 70 67
61 72 26
61 76 4
61 78 77
61 79 23
61 81 -99
61 82 -56
61 83 -34
61 84 87
61 85 -93
61 86 100
61 87 17
61 88 93
61 89 -33
61 90 -18
61 91 -21
61 93 15
61 94 19
61 95 59
61 96 -89
62 0 -53
62 1 32
62 2 42
62 3 42
62 4 -16
62 5 -79
62 8 -20
62 9 -23
62 10 6
62 11 53
62 12 -6
62 14 -31
62 15 -76
62 16 10
62 17 12
62 18 -49
62 19 -84
62 20 -96
62 21 89
62 22 -59
62 26 66
62 27 -73
62 29 98
62 30 -15
62 31 82
62 32 -48
62 33 32
62 34 -39
62 35 4
62 36 -17
62 40 -32
62 41 -25
62 42 -48
62 43 24
62 44 -20
62 46 -8
62 47 57
62 49 29
62 50 -14
62 53 88
62 54 64
62 55 66
62 56 8
62 57 77
62 58 8
62 60 -51
62 61 41
62 63 -60
62 64 -83
62 65 -51
62 66 -20
62 67 19
62 68 -88
62 70 21
62 72 93
62 75 -14
62 76 72
62 77 -68
62 78 94
62 79 3
62 81 56
62 83 -56
62 84 62
62 85 37
62 87 10
62 88 -54
62 90 20
62 91 -51
62 92 94
62 93 -91
62 95 -22
62 96 42
62 98 -33
62 99 -21
63 0 -4
63 1 78
63 2 -70
63 3 36
63 4 35
63 5 64
63 6 -56
63 10 81
63 12 -13
63 13 -81
63 14 82
63 16 71
63 17 52
63 18 -77
63 21 14
63 22 -42
63 23 -21
63 24 -29
63 25 96
63 26 -91
63 27 -45
63 29 -76
63 30 56
63 34 42
63 35 -93
63 36 14
63 37 -21
63 38 79
63 39 -80
63 40 40
63 41 -31
63 42 -33
63 44 -21
63 45 56
63 49 -96
63 50 24
63 52 74
63 53 79
63 54 11
63 56 -17
63 57 -83
63 58 -91
63 59 -11
63 60 30
63 61 16
63 63 -67
63 65 17
63 67 8
63 68 43
63 69 -63
63 70 36
63 71 24
63 72 -53
63 73 16
63 74 99
63 76 -47
63 78 -50
63 80 -92
63 81 70
63 82 -47
63 83 15
63 85 -88
63 86 -13
63 87 -58
63 89 -78
63 90 47
63 91 99
63 93 -4
63 94 55
63 95 92
63 96 -42
63 97 31
63 99 -19
64 0 -55
64 1 8
64 2 -23
64 3 13
64 4 -85
64 5 77
64 6 -100
64 7 54
64 8 -54
64 9 48
64 10 -69
64 11 59
64 12 60
64 14 -16
64 16 -48
64 17 -76
64 22 -65
64 24 85
64 25 -76
64 26 -50
64 30 -63
64 31 58
64 33 -100
64 34 -8
64 37 67
64 38 -80
64 39 75
64 41 -46
64 42 70
64 43 85
64 45 -30
64 46 16
64 47 -7
64 49 -89
64 50 -60
64 51 -64
64 52 82
64 54 68
64 55 -59
64 57 -94
64 58 96
64 59 60
64 60 -28
64 61 -21
64 64 -95
64 65 -86
64 66 -83
64 67 22
64 68 -96
64 70 5
64 71 -63
64 72 -56
64 73 -93
64 75 51
64 77 -8
64 78 -7
64 79 99
64 80 -67
64 81 -40
64 82 -22
64 83 -57
64 84 -97
64 86 -7
64 87 -97
64 88 -61
64 89 -16
64 90 91
64 91 -89
64 92 3
64 93 79
64 94 -63
64 95 68
64 96 7
64 98 -5
64 99 79
65 0 -70
65 1 58
65 2 11
65 3 25
65 4 69
65 5 65
65 6 -16
65 8 -37
65 9 41
65 10 98
65 11 -15
65 12 -26
65 13 42
65 15 52
65 16 -48
65 17 -44
65 19 7
65 21 -99
65 22 97
65 23 -41
65 24 45
65 25 89
65 26 -11
65 28 68
65 30 -51
65 31 -57
65 32 -76
65 35 -39
65 37 -11
65 39 6
65 40 -96
65 41 81
65 44 -96
65 46 -30
65 47 -63
65 48 1
65 51 -94
65 52 -76
65 53 64
65 54 32
65 55 26
65 57 -14
65 59 30
65 64 -84
65 65 -47
65 66 -49
65 69 92
65 71 79
65 72 -5
65 73 32
65 74 43
65 76 -92
65 79 -22
65 80 -25
65 84 -43
65 86 8
65 88 12
65 89 -2
65 90 7
65 92 -29
65 95 84
65 96 41
65 98 -34
65 99 54
66 0 59
66 2 -31
66 3 50
66 6 -7
66 7 -8
66 8 -61
66 9 -13
66 12 -16
66 15 57
66 17 85
66 18 76
66 20 87
66 22 94
66 23 58
66 26 -87
66 28 -74
66 31 83
66 34 -41
66 35 89
66 36 1
66 37 71
66 39 39
66 40 -40
66 41 -3
66 42 -39
66 43 17
66 44 21
66 45 -80
66 46 -20
66 47 54
66 48 -82
66 49 -61
66 50 30
66 51 5
66 52 33
66 53 -65
66 54 -5
66 55 38
66 56 -83
66 57 58
66 58 46
66 59 -16
66 60 -82
66 62 93
66 63 -41
66 64 -31
66 68 15
66 70 -86
66 74 -95
66 75 -92
66 76 3
66 77 63
66 79 40
66 80 -65
66 81 -59
66 82 -38
66 83 -55
66 84 -66
66 86 39
66 87 -94
66 88 -99
66 89 -38
66 90 -66
66 91 -22
66 92 -29
66 94 -65
66 96 -26
66 98 47
67 0 16
67 2 49
67 3 4
67 4 7
67 5 7
67 6 -92
67 8 -78
67 9 -55
67 15 -19
67 16 61
67 17 -60
67 18 43
67 20 27
67 21 68
67 22 -89
67 23 -62
67 24 25
67 26 14
67 27 44
67 29 -79
67 30 71
67 31 -96
67 33 -32
67 34 68
67 35 100
67 36 79
67 38 -46
67 39 -29
67 40 -56
67 41 -4
67 42 -100
67 43 -21
67 44 -59
67 45 -7
67 48 -8
67 49 72
67 50 82
67 51 -70
67 53 -8
67 54 -43
67 55 -41
67 56 -67
67 57 -26
67 58 91
67 60 43
67 64 -50
67 65 61
67 66 38
67 67 23
67 70 4
67 71 -89
67 72 79
67 73 -13
67 74 -75
67 77 -77
67 78 -68
67 81 -23
67 82 -48
67 83 -90
67 84 -63
67 85 31
67 86 -51
67 87 91
67 88 -6
67 89 -91
67 90 -100
67 91 -20
67 92 -10
67 93 -34
67 95 -97
67 96 -100
67 97 -49
67 99 -49
68 1 45
68 2 -96
68 4 53
68 5 -98
68 6 51
68 7 38
68 8 -71
68 10 -58
68 11 68
68 14 -46
68 15 55
68 16 -71
68 17 -62
68 18 -82
68 19 43
68 22 -21
68 23 -12
68 24 7
68 25 -85
68 27 8
68 28 -11
68 33 -14
68 35 -41
68 36 -23
68 37 75
68 38 97
68 39 94
68 40 -19
68 41 98
68 43 -23
68 46 -76
68 48 64
68 49 18
68 50 25
68 52 18
68 53 -68
68 55 78
68 56 -97
68 58 20
68 59 79
68 60 -96
68 62 -32
68 65 6
68 66 66
68 67 84
68 68 57
68 69 10
68 70 -49
68 71 -22
68 72 -13
68 74 87
68 79 -72
68 81 27
68 82 15
68 84 53
68 85 100
68 86 21
68 87 -38
68 88 -24
68 89 -3
68 90 88
68 91 85
68 92 15
68 93 89
68 96 34
68 97 -38
68 98 59
68 99 14
69 0 58
69 1 -13
69 2 39
69 3 84
69 4 100
69 5 68
69 6 -18
69 8 -15
69 10 51
69 12 86
69 13 -40
69 14 22
69 16 -46
69 18 -21
69 20 13
69 21 20
69 22 60
69 24 57
69 26 -86
69 27 66
69 28 -95
69 29 -74
69 30 65
69 31 52
69 32 8
69 33 -14
69 35 -57
69 36 62
69 37 12
69 38 11
69 39 -92
69 44 -41
69 45 -87
69 47 44
69 49 -25
69 50 -82
69 51 23
69 52 -84
69 53 -9
69 54 99
69 55 3
69 56 -83
69 57 -27
69 59 -14
69 61 59
69 63 -44
69 66 -66
69 68 -23
69 69 9
69 70 -48
69 71 -4
69 74 48
69 75 19
69 77 37
69 79 -40
69 80 -78
69 81 -100
69 82 -86
69 83 3
69 86 -26
69 87 -14
69 88 -67
69 89 9
69 90 -51
69 92 93
69 95 -19
69 96 -82
69 97 62
70 0 -35
70 1 -64
70 3 -72
70 4 82
70 5 49
70 6 -63
70 7 -42
70 8 53
70 9 -9
70 13 5
70 14 65
70 15 -20
70 16 -7
70 17 -73
70 18 -75
70 19 27
70 20 98
70 21 64
70 23 -68
70 24 78
70 27 -45
70 28 6
70 30 65
70 31 -98
70 32 -55
70 33 1
70 34 -15
70 35 35
70 36 91
70 37 -37
70 38 42
70 39 40
70 45 3
70 46 70
70 48 16
70 49 -47
70 51 -29
70 52 -87
70 53 -76
70 54 34
70 55 -66
70 57 -28
70 58 -98
70 59 -4
70 60 -96
70 61 38
70 62 -21
70 63 -73
70 64 8
70 66 -77
70 68 14
70 69 -100
70 72 8
70 74 -98
70 75 85
70 76 77
70 77 -59
70 78 25
70 80 66
70 81 -57
70 83 -57
70 84 72
70 85 -98
70 86 57
70 88 91
70 89 23
70 92 -4
70 93 -12
70 94 72
70 95 -59
70 96 -76
70 98 75
70 99 -55
71 1 14
71 3 -43
71 4 82
71 5 -19
71 6 72
71 7 -38
71 8 -50
71 11 71
71 12 -90
71 13 86
71 14 54
71 16 41
71 18 41
71 20 67
71 21 33
71 25 -62
71 26 -79
71 29 -23
71 32 -33
71 33 22
71 34 79
71 35 -21
71 38 -94
71 39 63
71 41 80
71 42 71
71 44 -63
71 47 55
71 49 -75
71 50 14
71 51 -69
71 52 8
71 54 -17
71 55 25
71 56 -64
71 58 -74
71 59 -43
71 60 71
71 61 -94
71 62 -72
71 63 -17
71 64 88
71 65 -82
71 66 -43
71 67 -20
71 68 -98
71 69 9
71 71 22
71 72 -12
71 74 -74
71 75 64
71 77 -32
71 79 26
71 83 87
71 84 22
71 85 54
71 87 25
71 88 -75
71 89 81
71 90 25
71 91 -78
71 92 98
71 93 -14
71 94 -57
71 95 88
71 97 88
71 99 -65
72 0 63
72 1 80
72 3 9
72 4 -5
72 5 -4
72 6 49
72 7 -81
72 9 98
72 10 33
72 11 -28
72 12 85
72 14 36
72 15 -95
72 16 -90
72 17 22
72 18 -15
72 20 -98
72 21 36
72 22 -1
72 23 -7
72 24 20
72 25 27
72 26 66
72 28 56
72 29 -45
72 30 -35
72 31 -51
72 34 -81
72 35 -88
72 36 63
72 37 -97
72 38 45
72 40 83
72 43 -48
72 44 18
72 45 -35
72 46 -43
72 47 69
72 48 70
72 51 10
72 52 -48
72 53 55
72 54 -59
72 56 82
72 57 -15
72 59 14
72 60 -27
72 61 -17
72 63 38
72 64 30
72 65 -13
72 66 -56
72 67 99
72 68 40
72 69 89
72 70 -10
72 71 40
72 73 79
72 74 -89
72 75 23
72 78 -51
72 79 31
72 80 -7
72 81 -26
72 82 -36
72 83 70
72 84 99
72 85 -53
72 86 -26
72 87 -70
72 88 1
72 89 -23
72 91 -33
72 92 -22
72 93 -41
72 96 94
72 98 -6
72 99 36
73 1 8
73 2 -87
73 4 33
73 6 13
73 7 23
73 9 -53
73 10 94
73 12 13
73 13 88
73 14 41
73 15 -1
73 16 63
73 19 -67
73 20 -76
73 23 -31
73 24 -56
73 25 -93
73 26 -29
73 29 -14
73 30 72
73 32 -100
73 33 -48
73 35 -31
73 37 48
73 38 47
73 40 37
73 46 80
73 47 -75
73 48 -10
73 49 57
73 53 -98
73 54 -90
73 55 46
73 56 -20
73 57 -18
73 58 -41
73 59 39
73 60 -99
73 62 43
73 63 54
73 64 62
73 65 87
73 66 -80
73 67 92
73 68 25
73 71 -30
73 72 90
73 73 -89
73 74 -98
73 75 66
73 76 7
73 77 20
73 78 -89
73 80 -19
73 81 40
73 82 71
73 85 89
73 86 57
73 87 56
73 88 -77
73 89 -94
73 90 23
73 92 2
73 94 -13
73 95 41
73 96 92
73 97 -87
73 98 -41
74 0 -12
74 3 46
74 5 16
74 6 58
74 8 66
74 9 16
74 10 71
74 13 77
74 15 2
74 16 -3
74 17 -76
74 20 -45
74 21 83
74 22 47
74 23 45
74 24 -100
74 25 -44
74 26 -81
74 27 33
74 30 14
74 31 -25
74 32 -25
74 34 85
74 35 -17
74 37 94
74 38 -47
74 39 45
74 40 -2
74 42 87
74 45 73
74 46 -78
74 48 54
74 49 -86
74 50 -2
74 51 -39
74 53 -76
74 55 19
74 59 -61
74 60 -43
74 61 59
74 62 56
74 64 -3
74 65 32
74 66 -48
74 68 -49
74 69 28
74 70 5
74 72 98
74 73 -37
74 75 88
74 76 49
74 77 -41
74 78 27
74 79 -70
74 80 -30
74 81 -44
74 82 26
74 83 58
74 84 39
74 85 -59
74 86 91
74 87 49
74 89 -77
74 92 -56
74 94 -5
74 95 26
74 96 -83
74 97 17
74 98 -4
74 99 -71
75 0 -75
75 1 55
75 2 -8
75 3 -85
75 5 -12
75 6 -45
75 8 -11
75 11 55
75 13 -77
75 14 83
75 16 -74
75 18 33
75 19 -38
75 20 -22
75 21 -49
75 22 6
75 23 -24
75 24 -19
75 25 90
75 26 9
75 29 91
75 31 93
75 32 -68
75 33 61
75 34 56
75 35 -29
75 36 7
75 37 -52
75 38 -22
75 39 63
75 40 96
75 41 39
75 43 -4
75 47 -29
75 48 56
75 49 22
75 50 -49
75 52 -18
75 53 -5
75 55 -83
75 56 7
75 58 -1
75 60 -80
75 62 6
75 63 64
75 65 -100
75 68 34
75 69 34
75 71 30
75 72 -66
75 73 48
75 74 -90
75 75 71
75 76 6
75 77 -52
75 78 -4
75 80 8
75 82 61
75 83 6
75 85 -47
75 86 -68
75 87 90
75 88 -65
75 89 82
75 90 13
75 91 -76
75 92 -26
75 93 -25
75 94 70
75 95 -14
75 96 -80
75 97 -61
75 98 -56
75 99 26
76 0 -9
76 2 -67
76 3 -59
76 4 -99
76 5 -76
76 6 -74
76 9 37
76 10 38
76 11 -16
76 12 43
76 17 25
76 19 -46
76 20 -52
76 22 76
76 23 -32
76 24 -38
76 25 -54
76 26 11
76 27 92
76 29 -67
76 30 -70
76 35 -9
76 36 27
76 37 12
76 38 43
76 39 -2
76 40 21
76 41 -48
76 42 53
76 43 65
76 44 -78
76 45 44
76 48 36
76 50 -90
76 51 51
76 53 36
76 54 60
76 55 -67
76 57 46
76 59 82
76 60 50
76 63 65
76 64 -29
76 65 -47
76 66 -7
76 67 -85
76 68 9
76 69 -40
76 70 92
76 71 12
76 72 57
76 73 -18
76 74 86
76 76 -71
76 77 -72
76 78 61
76 80 21
76 81 -34
76 82 48
76 83 72
76 85 -79
76 86 -76
76 87 17
76 88 -35
76 89 -100
76 90 43
76 92 74
76 94 48
76 95 99
76 97 -57
76 98 82
76 99 77
77 0 41
77 1 26
77 2 32
77 6 94
77 7 -65
77 8 -15
77 9 -9
77 10 -59
77 11 40
77 12 31
77 13 -7
77 14 -95
77 18 79
77 19 89
77 20 65
77 21 -99
77 23 -25
77 24 -89
77 25 100
77 27 86
77 28 67
77 29 -86
77 30 -97
77 32 33
77 33 96
77 35 -32
77 36 89
77 37 9
77 38 30
77 41 6
77 42 -62
77 43 -57
77 44 55
77 45 -36
77 46 47
77 47 -95
77 48 33
77 52 -30
77 55 -19
77 56 -94
77 57 -62
77 59 2
77 60 -91
77 62 3
77 63 66
77 64 94
77 66 -79
77 67 42
77 69 69
77 70 -96
77 71 -100
77 73 -72
77 74 14
77 75 -67
77 76 -2
77 77 44
77 78 61
77 79 73
77 80 -38
77 81 36
77 85 -82
77 87 -97
77 88 4
77 89 94
77 91 91
77 92 94
77 93 35
77 94 8
77 96 -45
77 99 52
78 0 4
78 2 -13
78 4 -1
78 7 68
78 8 -33
78 9 -89
78 10 58
78 11 -98
78 12 30
78 13 -76
78 17 -32
78 18 -68
78 19 -71
78 20 -15
78 21 -10
78 22 -24
78 23 -71
78 24 43
78 28 -13
78 29 30
78 30 -7
78 31 -18
78 32 -94
78 33 97
78 34 70
78 39 22
78 40 24
78 41 56
78 42 -40
78 43 -12
78 44 -80
78 45 -2
78 46 -78
78 47 -62
78 48 -27
78 49 39
78 51 -61
78 52 -99
78 53 57
78 55 -4
78 56 -49
78 57 37
78 59 -43
78 61 -50
78 62 39
78 63 -61
78 65 -30
78 67 -68
78 68 -1
78 69 -25
78 71 -38
78 72 24
78 74 51
78 75 22
78 77 -11
78 79 -81
78 80 17
78 81 20
78 82 31
78 83 -57
78 84 53
78 85 -85
78 86 -20
78 88 40
78 89 -63
78 90 -100
78 92 78
78 93 5
78 94 -65
78 95 -50
78 96 -97
78 98 -93
78 99 19
79 0 -59
79 1 53
79 2 -71
79 3 -42
79 6 -96
79 7 -57
79 8 39
79 9 18
79 10 61
79 11 57
79 12 77
79 13 -45
79 14 10
79 15 -71
79 17 23
79 18 -24
79 19 18
79 20 -10
79 23 -17
79 26 57
79 27 -59
79 28 -34
79 29 27
79 30 -21
79 31 -81
79 33 -80
79 34 95
79 36 94
79 37 4
79 38 69
79 40 -48
79 41 32
79 43 93
79 44 -3
79 47 -85
79 48 20
79 50 -42
79 52 -47
79 53 -95
79 54 45
79 55 -33
79 57 -18
79 59 95
79 60 -71
79 62 -48
79 63 38
79 65 72
79 67 87
79 68 -24
79 71 -94
79 72 -75
79 73 1
79 75 95
79 76 58
79 77 -83
79 78 -55
79 79 -22
79 80 75
79 81 -47
79 82 59
79 83 -45
79 86 -38
79 87 34
79 88 24
79 89 38
79 90 20
79 91 -94
79 92 18
79 93 -76
79 95 54
79 98 -46
79 99 20
80 0 -52
80 1 -64
80 3 8
80 5 42
80 6 35
80 7 32
80 9 87
80 12 51
80 13 -67
80 14 96
80 15 78
80 16 39
80 17 71
80 18 28
80 19 38
80 20 -31
80 22 -85
80 23 -11
80 24 86
80 26 -77
80 28 29
80 29 28
80 30 25
80 32 -66
80 33 60
80 34 -37
80 35 -93
80 38 3
80 39 3
80 42 46
80 44 -35
80 45 -90
80 46 -86
80 47 34
80 50 -20
80 51 7
80 52 -77
80 53 55
80 54 78
80 55 67
80 56 84
80 57 30
80 58 -91
80 59 22
80 60 -78
80 61 -100
80 63 -18
80 65 -79
80 66 -23
80 67 -93
80 69 85
80 70 55
80 71 50
80 72 5
80 74 36
80 75 -68
80 76 -4
80 78 20
80 79 -96
80 80 -37
80 81 -79
80 83 64
80 84 37
80 86 15
80 87 -3
80 88 -44
80 89 83
80 90 -2
80 92 -9
80 94 64
80 96 3
80 97 98
80 98 98
80 99 21
81 0 85
81 1 -43
81 2 36
81 3 -94
81 4 -99
81 5 49
81 7 94
81 8 78
81 9 47
81 10 54
81 11 -69
81 12 -57
81 13 56
81 16 -52
81 17 55
81 19 -26
81 22 -67
81 24 82
81 25 100
81 26 76
81 27 -91
81 28 -91
81 30 -21
81 31 -74
81 32 25
81 33 -30
81 34 -89
81 35 15
81 36 68
81 37 -65
81 39 77
81 40 26
81 41 63
81 42 -75
81 43 -73
81 45 -62
81 48 68
81 49 36
81 50 74
81 51 54
81 52 73
81 53 -46
81 55 37
81 57 -3
81 58 -37
81 59 -56
81 62 74
81 64 -33
81 66 81
81 67 -97
81 69 72
81 71 -62
81 75 -84
81 76 21
81 77 67
81 78 80
81 79 -61
81 82 60
81 85 -83
81 86 -26
81 88 9
81 89 2
81 90 89
81 92 20
81 93 7
81 94 96
81 95 -60
81 96 -7
81 97 96
81 98 -88
82 1 -27
82 2 -38
82 3 -73
82 5 82
82 7 96
82 9 -95
82 10 55
82 13 -37
82 14 -57
82 15 27
82 17 38
82 18 19
82 19 15
82 20 -17
82 21 -63
82 22 63
82 23 73
82 25 -46
82 26 -100
82 27 26
82 29 87
82 30 83
82 32 -32
82 33 -54
82 34 99
82 35 84
82 36 41
82 38 14
82 39 -71
82 40 22
82 41 -2
82 44 -19
82 45 -64
82 47 26
82 48 15
82 50 -100
82 52 -16
82 53 60
82 56 81
82 57 -78
82 58 46
82 60 -18
82 62 -48
82 63 -68
82 66 52
82 67 53
82 69 91
82 70 23
82 72 70
82 74 -39
82 76 -93
82 77 29
82 78 29
82 79 -95
82 80 33
82 81 -45
82 83 2
82 84 73
82 85 48
82 86 46
82 87 -51
82 88 -16
82 90 -1
82 91 -89
82 93 50
82 94 33
82 95 -36
82 97 54
82 98 -41
83 0 -61
83 3 11
83 4 84
83 5 -91
83 8 28
83 10 -51
83 12 -28
83 15 12
83 18 -99
83 20 96
83 22 -23
83 23 97
83 24 14
83 25 -91
83 26 -48
83 27 51
83 28 73
83 30 -29
83 31 -70
83 34 59
83 36 -14
83 37 -24
83 38 23
83 40 12
83 41 -62
83 42 -82
83 43 -68
83 44 93
83 45 -85
83 47 -26
83 48 -46
83 49 19
83 51 54
83 54 -85
83 55 -28
83 56 53
83 57 26
83 60 -92
83 61 12
83 63 -26
83 64 -68
83 67 41
83 68 38
83 69 -26
83 70 -55
83 71 57
83 72 51
83 73 21
83 74 -48
83 75 -34
83 76 -8
83 77 -41
83 79 11
83 80 68
83 81 8
83 82 -15
83 83 -43
83 84 1
83 85 -88
83 86 13
83 87 -18
83 89 -27
83 91 -80
83 92 6
83 94 -17
83 95 -40
83 97 23
83 98 8
83 99 -32
84 0 64
84 1 65
84 2 -37
84 6 32
84 7 -92
84 8 44
84 11 -29
84 12 97
84 14 29
84 15 85
84 17 79
84 18 -45
84 19 -45
84 20 12
84 21 23
84 22 -97
84 25 78
84 28 -87
84 29 -2
84 30 -64
84 31 -19
84 34 28
84 35 -63
84 36 -90
84 37 -58
84 38 -75
84 40 37
84 41 -92
84 42 53
84 43 68
84 44 -7
84 45 -60
84 46 69
84 47 -34
84 48 13
84 49 65
84 53 -7
84 56 98
84 58 -97
84 61 -37
84 62 -8
84 63 24
84 64 -44
84 66 7
84 67 95
84 68 -90
84 69 38
84 70 54
84 71 68
84 72 -86
84 73 79
84 74 -89
84 75 66
84 76 -23
84 78 100
84 79 -6
84 81 19
84 83 9
84 84 -41
84 85 -46
84 87 78
84 90 -17
84 91 -85
84 92 74
84 94 -67
84 95 -98
84 97 86
84 99 -36
85 0 -99
85 1 37
85 2 -41
85 4 -92
85 5 -69
85 6 48
85 7 -39
85 8 20
85 9 66
85 10 -92
85 11 -44
85 12 -74
85 13 9
85 15 -57
85 16 62
85 17 19
85 19 -4
85 20 93
85 22 29
85 23 52
85 25 -16
85 26 29
85 27 1
85 28 47
85 30 -19
85 31 -94
85 32 1
85 33 80
85 34 12
85 35 -88
85 36 29
85 37 8
85 39 52
85 40 58
85 41 -42
85 45 -5
85 47 -43
85 48 86
85 49 -5
85 50 -52
85 51 -19
85 53 -52
85 56 83
85 57 41
85 58 15
85 59 86
85 61 -95
85 62 53
85 63 70
85 64 -82
85 65 15
85 66 -47
85 67 16
85 68 -23
85 69 13
85 70 -80
85 71 49
85 72 36
85 77 -62
85 78 -11
85 79 -54
85 80 -43
85 81 78
85 82 52
85 83 98
85 84 1
85 85 10
85 86 -26
85 90 83
85 91 100
85 92 -55
85 95 20
85 97 78
85 98 -67
86 0 -77
86 2 21
86 3 -48
86 4 -28
86 6 67
86 8 -4
86 9 -73
86 10 3
86 11 67
86 12 -75
86 13 -17
86 14 30
86 16 48
86 18 79
86 19 82
86 20 17
86 24 -27
86 26 -45
86 27 -48
86 28 64
86 29 68
86 30 95
86 31 -96
86 32 95
86 33 -43
86 34 -41
86 35 -28
86 38 -38
86 39 31
86 40 -58
86 41 11
86 42 -96
86 43 -64
86 45 -16
86 46 -41
86 52 52
86 53 -42
86 54 33
86 55 -77
86 57 55
86 58 85
86 59 86
86 61 -40
86 63 -25
86 64 -61
86 66 10
86 67 -83
86 68 27
86 69 -78
86 70 -70
86 71 91
86 72 -46
86 73 62
86 75 29
86 78 39
86 80 -97
86 81 12
86 82 47
86 84 75
86 85 -70
86 88 77
86 89 -87
86 90 69
86 91 72
86 93 -77
86 95 52
86 96 46
86 97 -45
86 98 49
87 1 28
87 3 -3
87 4 45
87 5 -40
87 6 -62
87 7 -28
87 10 -62
87 11 -20
87 15 42
87 16 58
87 20 34
87 21 -61
87 22 -5
87 23 -45
87 24 -51
87 25 -84
87 26 81
87 27 76
87 31 5
87 33 39
87 35 66
87 36 -6
87 37 100
87 39 -41
87 40 -83
87 41 45
87 42 -10
87 44 -14
87 47 78
87 48 -11
87 49 -74
87 51 -91
87 53 49
87 55 54
87 57 -100
87 59 -99
87 61 -9
87 62 5
87 63 -79
87 64 -47
87 65 67
87 67 34
87 68 72
87 70 -22
87 71 11
87 72 -5
87 76 -7
87 77 23
87 78 22
87 79 58
87 82 34
87 83 -30
87 84 -38
87 85 -71
87 86 43
87 87 -12
87 88 -2
87 89 52
87 90 -76
87 91 80
87 92 11
87 93 -33
87 94 1
87 95 -61
87 96 42
87 97 27
87 98 -52
87 99 -34
88 0 -68
88 2 -100
88 4 33
88 6 -8
88 7 -9
88 8 -60
88 10 88
88 11 -53
88 12 -87
88 13 -78
88 15 -53
88 16 96
88 17 22
88 19 -13
88 22 -33
88 23 -9
88 25 64
88 26 71
88 28 3
88 29 67
88 31 8
88 32 -55
88 33 72
88 34 -14
88 35 95
88 36 -38
88 37 -13
88 38 -68
88 39 -51
88 42 54
88 44 15
88 45 17
88 47 -14
88 48 75
88 49 73
88 50 42
88 51 -26
88 52 -18
88 53 -59
88 54 95
88 55 -66
88 56 -52
88 58 60
88 59 -2
88 60 65
88 61 -34
88 63 70
88 65 -21
88 67 -10
88 69 43
88 70 -2
88 71 -4
88 72 -78
88 73 -86
88 74 -78
88 76 -73
88 78 -99
88 79 23
88 81 -32
88 83 -28
88 84 51
88 85 69
88 90 4
88 91 -41
88 92 77
88 93 48
88 94 17
88 97 79
88 99 -2
89 0 -24
89 2 23
89 5 -75
89 6 -77
89 7 53
89 8 55
89 9 -29
89 10 83
89 11 40
89 12 44
89 13 71
89 14 72
89 15 31
89 17 -62
89 18 -57
89 19 -49
89 21 81
89 24 -27
89 25 -62
89 26 -39
89 27 -55
89 29 89
89 32 78
89 34 -38
89 36 -44
89 38 -62
89 40 24
89 41 51
89 42 -9
89 43 -39
89 44 55
89 45 -51
89 46 15
89 47 97
89 48 31
89 49 82
89 50 25
89 51 -85
89 52 70
89 54 -17
89 56 46
89 57 83
89 59 -78
89 60 -39
89 61 66
89 62 -98
89 63 -51
89 64 15
89 65 -72
89 67 -95
89 69 -7
89 70 -31
89 71 -29
89 72 63
89 73 -99
89 74 24
89 75 -3
89 76 25
89 77 42
89 78 44
89 80 -55
89 81 -33
89 82 -69
89 83 -69
89 84 26
89 85 34
89 86 -81
89 87 -50
89 88 25
89 91 -59
89 92 77
89 94 -62
89 96 88
89 97 -31
89 98 -35
90 0 89
90 1 -44
90 3 44
90 6 74
90 7 52
90 9 38
90 10 66
90 11 -65
90 14 49
90 15 58
90 16 9
90 17 -35
90 18 46
90 20 81
90 22 -82
90 23 91
90 24 -59
90 25 -95
90 27 19
90 28 5
90 29 94
90 30 71
90 31 84
90 33 -56
90 35 41
90 36 75
90 37 70
90 40 96
90 41 30
90 43 48
90 44 99
90 45 -84
90 47 25
90 49 -41
90 50 -92
90 51 -58
90 52 12
90 53 -56
90 54 -62
90 55 74
90 57 -26
90 58 35
90 59 -94
90 60 -21
90 61 46
90 62 53
90 63 67
90 65 85
90 67 -46
90 69 -98
90 71 -19
90 72 -7
90 73 -39
90 74 17
90 75 -24
90 76 41
90 77 -8
90 80 -6
90 82 64
90 83 -59
90 84 87
90 85 -92
90 86 -45
90 87 -16
90 88 49
90 89 -53
90 90 9
90 91 7
90 92 56
90 93 40
90 94 46
90 96 -53
90 98 84
90 99 32
91 0 86
91 1 -34
91 2 25
91 4 -20
91 5 7
91 6 3
91 7 -45
91 8 -75
91 11 -23
91 12 8
91 13 -63
91 14 -10
91 17 29
91 19 40
91 20 56
91 23 -25
91 25 47
91 26 -76
91 30 80
91 31 58
91 32 -80
91 33 26
91 37 -80
91 38 -58
91 41 -99
91 43 -44
91 44 -12
91 45 53
91 46 54
91 47 -88
91 49 -40
91 50 -20
91 51 80
91 52 10
91 53 -42
91 55 -76
91 56 -7
91 57 12
91 58 61
91 59 -78
91 60 -65
91 61 20
91 62 8
91 64 10
91 65 -56
91 66 87
91 68 -34
91 69 -5
91 73 -95
91 74 -74
91 76 83
91 77 71
91 78 -100
91 79 59
91 81 -78
91 82 -80
91 83 -14
91 84 15
91 87 -94
91 90 -12
91 91 33
91 92 -57
91 93 78
91 94 -28
91 95 81
91 96 7
91 97 35
91 98 80
91 99 20
92 0 88
92 2 -3
92 3 69
92 5 -98
92 6 35
92 7 46
92 8 92
92 9 -90
92 12 -61
92 13 35
92 14 4
92 16 22
92 17 -24
92 18 29
92 19 51
92 20 -39
92 21 -33
92 22 -88
92 23 -27
92 24 -87
92 25 80
92 26 -70
92 27 -56
92 28 54
92 30 93
92 31 -71
92 33 35
92 34 -43
92 37 100
92 39 -24
92 40 71
92 41 -58
92 42 -53
92 43 21
92 44 -58
92 45 58
92 46 53
92 49 12
92 51 -70
92 52 2
92 53 -81
92 55 59
92 57 -59
92 58 5
92 59 38
92 61 -74
92 62 18
92 67 61
92 68 -75
92 69 -88
92 72 63
92 73 61
92 74 76
92 75 -79
92 77 -28
92 78 24
92 81 -93
92 82 -6
92 84 -95
92 85 -40
92 86 -86
92 87 -71
92 88 24
92 89 -51
92 91 75
92 92 95
92 93 39
92 94 62
92 95 -22
92 96 99
92 98 4
92 99 -62
93 0 28
93 1 29
93 2 -66
93 3 26
93 4 13
93 7 47
93 8 22
93 9 -45
93 10 -13
93 12 71
93 13 63
93 14 -92
93 15 74
93 17 37
93 18 -48
93 19 63
93 20 30
93 21 92
93 23 -76
93 27 -5
93 28 -33
93 29 -1
93 30 65
93 31 94
93 33 -28
93 36 13
93 37 13
93 38 -63
93 40 57
93 42 -9
93 43 -98
93 44 -33
93 45 25
93 46 -78
93 47 54
93 48 -48
93 49 -93
93 52 46
93 53 96
93 54 -82
93 55 -25
93 57 82
93 58 -58
93 59 -76
93 60 -91
93 61 -77
93 63 -15
93 64 -32
93 65 -46
93 66 6
93 67 66
93 68 10
93 69 37
93 70 76
93 74 -51
93 77 4
93 78 -44
93 79 -80
93 80 -62
93 81 -100
93 82 -54
93 83 -90
93 84 -8
93 86 -3
93 88 -69
93 89 -88
93 90 95
93 91 76
93 92 -90
93 94 26
93 95 90
93 96 91
93 97 92
93 98 -90
93 99 45
94 0 -29
94 1 -69
94 2 -79
94 3 1
94 4 40
94 5 -32
94 6 -31
94 7 20
94 8 19
94 10 -86
94 11 97
94 12 -69
94 13 -19
94 14 68
94 18 -31
94 19 -32
94 20 -27
94 21 -93
94 22 -23
94 23 -97
94 26 -1
94 27 -19
94 35 -12
94 37 75
94 38 72
94 39 91
94 40 60
94 41 75
94 42 -27
94 43 -57
94 44 -75
94 46 100
94 47 21
94 48 66
94 49 68
94 50 92
94 51 -60
94 52 38
94 54 -91
94 55 -1
94 57 41
94 58 69
94 59 97
94 60 -12
94 61 26
94 64 -86
94 65 -62
94 66 55
94 68 14
94 69 -42
94 70 32
94 71 -56
94 72 -4
94 73 72
94 74 85
94 75 -73
94 77 73
94 78 26
94 80 43
94 81 -41
94 82 -7
94 83 37
94 86 37
94 87 26
94 88 -34
94 90 -42
94 91 20
94 92 -9
94 94 -48
94 97 -15
94 99 -40
95 1 42
95 2 83
95 4 -33
95 5 67
95 6 56
95 7 -80
95 8 -23
95 9 68
95 10 -13
95 11 48
95 13 -35
95 14 -64
95 15 73
95 16 -52
95 18 -45
95 19 97
95 23 -24
95 24 -22
95 25 -77
95 26 -86
95 29 -23
95 32 28
95 33 9
95 34 59
95 37 -45
95 40 52
95 41 77
95 42 60
95 43 21
95 45 -3
95 46 84
95 48 -60
95 50 -58
95 51 -21
95 52 -49
95 54 61
95 55 -57
95 58 4
95 59 -98
95 60 -74
95 62 45
95 63 -98
95 66 11
95 67 -68
95 68 -38
95 69 -15
95 70 -37
95 71 30
95 72 45
95 73 -91
95 74 13
95 75 -81
95 76 -10
95 78 29
95 79 -74
95 81 -15
95 82 -77
95 85 87
95 86 -53
95 89 -30
95 90 -41
95 91 39
95 92 95
95 94 10
95 95 83
95 96 52
95 97 35
95 98 -18
95 99 -43
96 0 79
96 1 33
96 2 98
96 3 6
96 5 90
96 6 -12
96 7 -82
96 8 -26
96 9 20
96 12 25
96 13 -42
96 15 28
96 16 -44
96 17 72
96 18 -56
96 20 -58
96 21 -47
96 22 -85
96 24 -41
96 25 30
96 27 73
96 30 34
96 31 1
96 33 17
96 36 33
96 37 73
96 38 46
96 39 91
96 40 77
96 41 -57
96 42 -1
96 43 24
96 44 65
96 46 -43
96 47 -4
96 49 -1
96 50 -94
96 51 96
96 52 39
96 53 29
96 55 -26
96 56 -82
96 57 5
96 59 -12
96 60 77
96 61 77
96 62 77
96 64 -59
96 67 -60
96 68 59
96 69 20
96 70 48
96 72 -55
96 73 -3
96 75 50
96 77 -80
96 78 -77
96 79 -36
96 82 17
96 83 -61
96 84 45
96 85 -27
96 86 72
96 87 -80
96 88 -84
96 89 80
96 90 -50
96 91 -91
96 94 7
96 95 -30
96 96 -7
96 98 -68
96 99 50
97 0 1
97 1 28
97 3 12
97 4 62
97 6 -20
97 8 84
97 10 46
97 12 -11
97 13 71
97 14 33
97 15 -19
97 16 40
97 17 -68
97 20 60
97 21 -76
97 22 -34
97 23 -40
97 24 66
97 30 -39
97 31 21
97 32 20
97 33 -18
97 34 8
97 36 59
97 38 -76
97 39 -67
97 40 -42
97 41 95
97 43 -15
97 44 12
97 46 -51
97 47 83
97 48 -18
97 51 -68
97 52 -14
97 56 49
97 57 -80
97 60 -75
97 61 -81
97 62 48
97 63 62
97 64 33
97 65 -32
97 66 -70
97 67 64
97 69 2
97 70 23
97 71 79
97 73 24
97 74 -21
97 75 -1
97 78 38
97 79 -33
97 80 21
97 82 76
97 83 -6
97 85 3
97 88 48
97 89 95
97 90 -21
97 91 -15
97 93 -83
97 94 20
97 95 -25
97 97 -66
97 98 -2
97 99 60
98 0 -32
98 2 -58
98 3 -28
98 5 66
98 6 -21
98 7 -20
98 8 -80
98 10 -30
98 13 89
98 14 31
98 15 -77
98 18 34
98 19 93
98 21 25
98 24 35
98 25 -98
98 26 -76
98 27 -89
98 29 -71
98 30 -68
98 31 77
98 33 -21
98 35 -52
98 37 -52
98 38 15
98 40 92
98 41 -77
98 42 12
98 44 -50
98 45 -3
98 49 25
98 51 62
98 53 23
98 54 93
98 57 -68
98 58 -70
98 59 -18
98 60 61
98 61 17
98 63 -53
98 64 79
98 65 -85
98 66 -47
98 67 -94
98 68 -4
98 69 21
98 70 64
98 71 79
98 72 -12
98 73 -80
98 74 36
98 76 -69
98 77 -22
98 78 88
98 80 -79
98 81 -61
98 83 -28
98 84 47
98 86 26
98 87 -75
98 88 3
98 89 50
98 90 12
98 92 8
98 93 57
98 96 99
98 99 67
99 0 -34
99 1 17
99 2 -21
99 3 81
99 5 62
99 6 7
99 7 68
99 8 -4
99 9 23
99 10 -61
99 11 -90
99 12 96
99 13 52
99 15 41
99 16 18
99 17 -83
99 18 25
99 19 -22
99 20 91
99 21 -88
99 23 92
99 24 -73
99 25 86
99 26 -66
99 27 89
99 28 19
99 29 -65
99 30 12
99 33 97
99 35 42
99 36 -46
99 37 15
99 38 -99
99 39 30
99 40 -18
99 41 40
99 42 74
99 43 -44
99 46 -21
99 47 60
99 49 34
99 50 51
99 51 87
99 52 -76
99 53 70
99 55 -94
99 58 -14
99 59 -71
99 60 -97
99 61 91
99 63 16
99 67 -71
99 68 71
99 69 -72
99 70 -34
99 71 -76
99 72 -89
99 73 97
99 74 -9
99 75 -74
99 76 -67
99 77 82
99 78 10
99 79 -95
99 80 -92
99 81 30
99 82 -93
99 83 25
99 84 8
99 85 -8
99 86 -69
99 89 -85
99 90 88
99 91 -4
99 92 23
99 93 61
99 96 15
99 97 15
99 98 -39
99 99 -37