0 1 80
0 3 -37
0 4 -83
0 8 22
0 10 -1
0 11 94
0 15 -23
0 17 86
0 19 90
0 20 69
0 21 52
0 22 -16
0 28 93
0 31 24
0 35 -80
0 37 -59
0 38 90
0 39 -95
0 43 7
0 44 61
0 47 15
1 0 -76
1 1 -49
1 3 57
1 4 72
1 7 62
1 8 -100
1 9 -65
1 18 93
1 21 48
1 26 33
1 27 -22
1 29 53
1 32 4
1 33 56
1 34 -9
1 35 73
1 36 -6
1 40 29
1 41 -53
1 42 56
1 43 -55
1 44 -48
1 45 56
1 47 4
1 48 -64
2 0 -45
2 2 49
2 4 -15
2 5 -75
2 7 7
2 8 72
2 9 -15
2 11 63
2 12 31
2 13 -56
2 18 -24
2 21 73
2 24 -59
2 25 83
2 32 -78
2 33 -7
2 36 -82
2 39 -16
2 45 78
2 48 -86
2 49 -21
3 0 -67
3 2 -14
3 4 -58
3 8 -13
3 11 -64
3 17 26
3 18 -65
3 24 -72
3 25 -31
3 26 98
3 28 94
3 31 -11
3 33 -49
3 34 29
3 35 50
3 39 7
3 42 -45
3 45 88
3 47 42
3 48 69
4 0 12
4 1 -52
4 2 53
4 10 -90
4 12 -95
4 13 15
4 14 25
4 19 -69
4 21 -92
4 25 -80
4 26 43
4 28 81
4 34 26
4 35 39
4 38 -90
4 40 -76
4 42 -4
4 43 20
4 44 -70
4 45 32
4 46 -15
4 47 24
5 0 12
5 4 -32
5 5 -77
5 9 54
5 11 18
5 12 -19
5 14 -15
5 18 43
5 19 -72
5 20 23
5 22 -83
5 23 68
5 24 93
5 30 12
5 31 81
5 32 45
5 35 17
5 36 -99
5 37 -69
5 38 -74
5 40 83
5 44 32
5 45 -78
6 1 -99
6 2 48
6 4 75
6 11 -95
6 12 -95
6 13 -89
6 14 -50
6 15 17
6 17 -5
6 21 -33
6 22 34
6 26 -26
6 27 17
6 29 -30
6 30 25
6 31 -71
6 40 -90
6 44 82
6 48 93
6 49 17
7 8 -70
7 13 -57
7 17 87
7 18 46
7 19 -65
7 21 45
7 25 -36
7 28 93
7 29 -85
7 31 -75
7 32 46
7 34 -23
7 35 -1
7 38 -73
7 40 -46
8 0 50
8 2 -36
8 5 88
8 13 -80
8 18 16
8 19 16
8 21 53
8 23 -3
8 28 -58
8 29 -14
8 32 -91
8 34 59
8 35 -13
8 39 66
8 41 -23
8 43 -52
8 46 -84
8 47 57
8 48 -25
8 49 86
9 0 87
9 5 51
9 6 -98
9 7 -52
9 9 -17
9 12 -6
9 14 -22
9 15 66
9 20 -39
9 28 -28
9 29 -21
9 30 -11
9 32 12
9 33 46
9 34 -66
9 36 -90
9 37 69
9 40 99
9 42 68
9 44 27
9 48 -31
9 49 -45
10 5 37
10 6 79
10 9 -87
10 13 36
10 14 -85
10 17 7
10 18 -68
10 19 71
10 23 85
10 29 -87
10 31 32
10 32 58
10 36 -81
10 37 56
10 40 -53
10 42 -27
10 44 11
10 46 49
10 48 53
10 49 -91
11 6 8
11 8 -91
11 11 -56
11 12 2
11 14 53
11 15 -68
11 18 41
11 20 22
11 22 -97
11 23 31
11 24 73
11 25 7
11 26 -41
11 31 -48
11 32 34
11 41 -85
11 44 -99
11 48 -33
12 1 12
12 2 -60
12 7 -80
12 8 -50
12 10 -5
12 11 12
12 12 31
12 17 -55
12 18 -52
12 19 56
12 23 -69
12 26 23
12 28 -25
12 29 43
12 30 57
12 32 45
12 35 35
12 37 -16
12 40 -71
12 46 -47
12 49 93
13 0 -24
13 2 97
13 5 -51
13 7 -25
13 8 34
13 9 4
13 15 76
13 16 92
13 17 -10
13 22 39
13 23 59
13 25 -50
13 26 3
13 27 -34
13 29 53
13 30 -66
13 31 -52
13 32 -91
13 35 78
13 36 -71
13 40 -63
13 43 26
13 44 24
14 1 84
14 2 85
14 5 -54
14 6 13
14 9 10
14 11 91
14 14 -6
14 15 15
14 21 83
14 22 81
14 23 -18
14 28 -25
14 34 61
14 36 77
14 40 -75
14 41 -75
15 3 -49
15 6 80
15 7 -51
15 15 72
15 17 -55
15 18 -54
15 20 30
15 28 9
15 31 -63
15 33 -28
15 36 -72
15 40 -5
15 41 -96
15 44 -32
16 3 -20
16 6 56
16 13 1
16 15 35
16 25 -96
16 27 -97
16 29 13
16 30 -62
16 31 58
16 34 5
16 37 -41
16 38 -14
16 42 68
16 45 -43
16 46 -26
16 48 68
16 49 -19
17 0 63
17 4 79
17 7 -47
17 8 -57
17 12 92
17 13 57
17 14 97
17 15 -21
17 18 48
17 19 84
17 23 74
17 26 33
17 28 45
17 30 -47
17 31 -21
17 35 -57
17 37 36
17 38 -67
17 40 91
17 42 -29
17 43 -46
17 46 -11
17 49 -18
18 1 64
18 2 10
18 8 2
18 10 -18
18 11 -66
18 16 -29
18 20 35
18 22 -54
18 24 -43
18 25 81
18 27 -61
18 28 65
18 32 32
18 33 68
18 36 87
18 38 21
18 41 61
18 43 74
18 48 21
19 2 11
19 6 -21
19 7 -31
19 11 -13
19 12 -62
19 16 -100
19 18 14
19 20 13
19 28 51
19 30 57
19 32 23
19 34 -45
19 35 -28
19 39 -96
19 43 89
19 46 -33
20 2 97
20 4 -33
20 5 19
20 7 84
20 9 28
20 16 -62
20 18 9
20 19 -89
20 21 -54
20 22 -60
20 26 33
20 27 -86
20 28 30
20 29 -91
20 31 -8
20 38 6
20 39 79
20 42 37
20 45 -37
20 46 96
21 2 32
21 6 63
21 9 98
21 11 -89
21 16 -53
21 18 97
21 19 75
21 20 77
21 22 12
21 25 -56
21 27 -19
21 28 13
21 29 27
21 30 12
21 31 -99
21 33 53
21 34 5
21 35 -12
21 44 91
21 46 60
21 47 -34
22 2 26
22 5 53
22 8 87
22 9 35
22 11 -64
22 12 71
22 13 -79
22 15 44
22 27 -75
22 29 26
22 30 -38
22 31 56
22 32 56
22 33 97
22 38 -18
22 39 -100
22 40 -10
22 41 -91
22 43 56
22 44 -59
22 46 64
22 48 69
22 49 29
23 0 -18
23 1 83
23 2 -32
23 5 41
23 6 70
23 11 82
23 12 -32
23 15 52
23 19 -65
23 25 -91
23 26 26
23 27 61
23 30 36
23 31 54
23 33 -46
23 35 -33
23 36 -48
23 39 34
23 41 -66
23 43 -76
23 44 -40
23 49 22
24 0 24
24 1 -41
24 2 -78
24 3 -13
24 4 11
24 6 95
24 7 -64
24 9 53
24 10 -28
24 11 81
24 13 80
24 14 -84
24 16 55
24 17 -4
24 18 -46
24 23 23
24 26 58
24 30 6
24 40 26
24 41 3
24 42 -19
24 44 78
24 47 41
24 48 -54
24 49 -16
25 0 -76
25 1 -61
25 3 -6
25 4 52
25 5 -56
25 8 -86
25 12 31
25 16 -34
25 18 -67
25 19 91
25 21 -77
25 22 -25
25 23 42
25 28 13
25 29 59
25 30 26
25 36 77
25 37 25
25 40 -2
25 41 89
25 44 -52
25 45 -62
25 46 63
25 47 61
26 1 -24
26 3 -11
26 6 -18
26 11 81
26 12 -36
26 13 -9
26 14 -31
26 20 -97
26 21 99
26 25 3
26 30 -60
26 32 4
26 33 -34
26 35 -16
26 40 -79
26 47 -77
27 2 -11
27 5 47
27 6 18
27 9 -85
27 12 -70
27 13 -9
27 15 -22
27 16 3
27 19 68
27 21 -2
27 23 46
27 24 18
27 25 -33
27 31 -73
27 34 28
27 37 -86
27 41 -93
27 43 -25
27 46 -9
27 47 -70
27 48 8
28 3 9
28 4 10
28 5 -68
28 10 98
28 11 86
28 13 -61
28 14 -40
28 20 -3
28 23 42
28 28 -87
28 31 -52
28 38 -78
28 48 83
28 49 69
29 0 14
29 1 74
29 5 16
29 10 100
29 12 -19
29 15 -58
29 16 -70
29 17 46
29 18 -19
29 22 38
29 23 -23
29 24 10
29 25 -64
29 30 27
29 32 8
29 34 22
29 36 55
29 41 83
29 45 48
29 46 -78
29 49 19
30 0 32
30 1 -57
30 2 38
30 3 85
30 4 -45
30 5 99
30 9 -90
30 11 61
30 18 7
30 21 -7
30 22 5
30 23 -8
30 25 -38
30 31 46
30 35 95
30 36 59
30 39 -41
30 42 -16
30 43 -18
30 46 87
30 49 42
31 0 94
31 1 69
31 2 66
31 6 -53
31 7 89
31 8 -15
31 10 -86
31 12 -8
31 16 -51
31 17 64
31 21 73
31 24 -61
31 27 -82
31 28 -62
31 31 86
31 32 79
31 39 -30
31 40 78
31 41 -78
31 42 -94
31 43 -73
31 47 17
31 48 -53
32 0 -34
32 2 -31
32 8 90
32 12 55
32 15 46
32 17 -66
32 18 38
32 22 39
32 24 74
32 26 -72
32 28 -84
32 30 73
32 31 93
32 34 -75
32 35 -14
32 36 69
32 37 64
32 39 -74
32 40 81
32 43 36
32 46 90
33 0 -11
33 3 -50
33 8 -49
33 9 49
33 10 -8
33 12 50
33 14 87
33 18 57
33 19 5
33 21 53
33 23 -59
33 25 -43
33 26 -85
33 28 -62
33 30 73
33 41 -28
33 42 -48
33 44 26
33 45 -98
33 47 -67
33 48 -89
34 1 1
34 3 -43
34 4 45
34 6 44
34 10 -93
34 11 8
34 13 1
34 14 24
34 17 -34
34 19 -64
34 21 -48
34 22 75
34 25 86
34 30 86
34 31 -1
34 34 83
34 37 -47
34 42 -85
34 43 -93
34 45 64
34 46 -40
34 48 75
34 49 -86
35 0 -91
35 1 20
35 3 -74
35 4 -20
35 5 14
35 6 -39
35 7 8
35 8 -85
35 10 31
35 13 -93
35 15 -60
35 17 -4
35 18 -49
35 20 -54
35 25 30
35 26 -28
35 27 54
35 28 56
35 29 7
35 30 61
35 31 5
35 33 28
35 35 3
35 37 18
35 38 -36
35 39 42
35 42 97
35 44 43
36 0 -100
36 1 -49
36 3 -60
36 6 -63
36 8 -6
36 9 -23
36 10 -76
36 13 4
36 18 -21
36 19 -70
36 20 -34
36 28 -63
36 29 -19
36 30 27
36 36 60
36 38 -74
36 40 43
36 41 89
36 45 50
36 46 -68
36 47 -4
36 48 56
37 0 70
37 5 -92
37 7 -22
37 8 13
37 11 -31
37 12 50
37 14 20
37 15 84
37 19 91
37 23 -11
37 25 -86
37 26 -57
37 33 -75
37 34 -48
37 35 96
37 39 86
37 42 52
37 45 -50
37 47 -45
38 0 -69
38 3 -1
38 4 54
38 6 -68
38 7 -15
38 8 -95
38 9 59
38 10 -85
38 12 59
38 14 53
38 15 -69
38 17 -58
38 18 33
38 19 -6
38 25 -46
38 26 84
38 27 62
38 30 10
38 34 76
38 36 2
38 40 -39
38 42 85
38 46 -3
38 48 -45
39 2 8
39 4 -3
39 7 5
39 8 -81
39 12 -65
39 13 -89
39 15 -44
39 16 -67
39 17 94
39 19 -41
39 21 -38
39 25 -47
39 27 91
39 30 82
39 31 -22
39 33 95
39 34 58
39 35 -84
39 39 46
39 43 -16
39 44 4
40 1 -91
40 3 4
40 5 37
40 7 -40
40 9 -92
40 12 67
40 16 5
40 17 -70
40 18 -41
40 19 97
40 20 78
40 22 -93
40 23 -61
40 27 -18
40 29 -79
40 30 -7
40 31 60
40 34 99
40 37 77
40 40 -40
40 41 -31
40 43 -37
40 46 87
41 0 91
41 1 -39
41 3 1
41 6 87
41 8 22
41 9 -39
41 11 -71
41 14 36
41 15 -72
41 17 61
41 18 -91
41 19 67
41 21 52
41 23 13
41 24 95
41 29 63
41 33 -87
41 38 69
41 39 72
41 41 -72
41 43 -34
42 5 -82
42 6 92
42 9 90
42 11 87
42 13 -23
42 15 47
42 16 21
42 24 81
42 26 4
42 28 -18
42 29 -72
42 31 -67
42 32 69
42 35 -21
42 38 8
42 40 -71
42 46 -16
42 48 -61
42 49 -7
43 0 62
43 2 54
43 3 -50
43 4 14
43 7 -72
43 11 -24
43 12 -27
43 14 84
43 15 89
43 16 52
43 17 -23
43 18 -44
43 19 78
43 20 -100
43 22 35
43 23 -13
43 24 57
43 25 30
43 27 -6
43 30 55
43 31 42
43 33 84
43 37 37
43 47 28
43 48 96
44 1 -19
44 2 29
44 4 -45
44 5 44
44 6 84
44 7 21
44 16 -63
44 19 -17
44 21 30
44 22 61
44 23 29
44 24 61
44 25 -56
44 26 -11
44 28 -97
44 29 -76
44 30 -35
44 33 31
44 36 -18
44 39 25
44 44 -89
44 45 -91
44 48 -99
44 49 21
45 2 92
45 7 -17
45 8 -68
45 9 -33
45 10 3
45 13 50
45 14 -72
45 19 12
45 20 93
45 21 -99
45 22 10
45 25 -89
45 26 -79
45 29 -24
45 31 47
45 32 87
45 35 58
45 39 -8
45 43 87
46 0 51
46 1 23
46 2 -40
46 4 -74
46 5 -49
46 9 99
46 10 -85
46 11 17
46 15 -22
46 24 12
46 25 -32
46 32 96
46 33 -43
46 37 64
46 38 -2
46 39 -39
46 40 -65
46 41 -86
46 46 15
46 48 -3
47 4 25
47 5 57
47 7 -57
47 11 91
47 19 -49
47 21 84
47 23 19
47 24 -69
47 28 -9
47 35 -39
47 38 -83
47 41 -79
47 44 29
47 47 -47
47 48 -19
48 0 -89
48 2 97
48 3 -72
48 4 -29
48 5 -25
48 6 39
48 7 -56
48 8 -47
48 9 -14
48 10 34
48 11 -20
48 12 35
48 13 79
48 15 91
48 18 62
48 19 -63
48 20 39
48 22 30
48 23 5
48 24 45
48 25 -67
48 26 -19
48 32 -59
48 35 -78
48 37 77
48 38 -60
48 42 95
48 44 35
48 46 44
48 49 98
49 0 -4
49 1 65
49 2 82
49 4 -49
49 6 -87
49 11 -51
49 12 22
49 13 76
49 14 19
49 15 93
49 16 -25
49 17 16
49 19 22
49 20 15
49 23 76
49 24 38
49 25 -73
49 27 -75
49 28 83
49 30 86
49 31 8
49 34 29
49 35 -71
49 36 -50
49 40 -98
49 45 78
49 46 -6
49 49 93