0 4 -95
0 6 43
0 9 -97
0 17 -7
0 26 -10
0 35 -40
0 40 68
0 45 23
0 49 55
0 51 71
0 52 -39
0 56 74
0 57 -94
0 61 44
0 64 14
0 65 41
0 69 -42
0 70 94
0 72 -4
0 73 -83
0 77 8
0 79 -36
0 83 13
0 86 -1
0 87 -76
0 91 46
0 92 -75
0 94 36
0 95 -92
1 7 49
1 9 43
1 14 99
1 17 13
1 18 -96
1 19 23
1 20 -38
1 21 -20
1 24 7
1 25 -1
1 26 -25
1 28 -50
1 30 -2
1 34 37
1 35 -84
1 37 29
1 38 67
1 41 -4
1 43 38
1 44 43
1 47 -29
1 49 9
1 50 73
1 51 87
1 52 36
1 55 -8
1 58 -90
1 60 2
1 61 40
1 62 89
1 63 84
1 65 20
1 67 -52
1 71 -48
1 74 -1
1 75 38
1 76 83
1 77 20
1 82 -96
1 85 -41
1 86 -76
1 87 -51
1 90 -42
1 91 72
1 92 -84
1 95 -62
2 4 -50
2 7 39
2 9 -97
2 10 25
2 11 83
2 13 20
2 16 88
2 19 -93
2 28 23
2 32 29
2 33 37
2 34 -9
2 35 11
2 41 52
2 43 -83
2 44 19
2 45 95
2 48 27
2 49 51
2 50 81
2 51 72
2 52 -74
2 54 -55
2 57 -54
2 58 -81
2 62 67
2 64 -21
2 65 -43
2 66 23
2 69 -55
2 72 -5
2 76 -50
2 77 -94
2 78 -47
2 79 -7
2 80 -20
2 81 -60
2 82 -17
2 84 -85
2 88 -41
2 89 -62
2 90 97
2 92 77
2 94 55
2 95 86
2 98 84
3 4 -83
3 6 -85
3 15 57
3 16 -47
3 19 -86
3 20 56
3 21 -39
3 24 56
3 26 32
3 28 69
3 30 -42
3 33 91
3 34 -96
3 38 -67
3 39 -82
3 40 -41
3 41 55
3 42 -69
3 44 -51
3 50 -69
3 52 66
3 53 3
3 54 -71
3 56 64
3 57 -12
3 58 -71
3 63 34
3 65 58
3 68 28
3 70 59
3 71 31
3 74 -41
3 75 66
3 78 77
3 79 -89
3 80 31
3 83 10
3 89 -45
3 92 20
3 99 -77
4 2 -14
4 4 63
4 5 41
4 6 -10
4 9 53
4 15 57
4 17 -42
4 18 -27
4 19 -44
4 20 79
4 24 -56
4 25 13
4 26 95
4 28 -63
4 30 -99
4 33 30
4 36 57
4 38 -70
4 39 26
4 41 -70
4 42 77
4 46 -24
4 47 88
4 49 10
4 53 -89
4 55 54
4 60 12
4 66 40
4 69 -83
4 73 -43
4 77 -57
4 80 -99
4 81 90
4 83 -66
4 86 -90
4 89 -65
4 90 -87
4 93 2
4 94 -11
4 97 -43
5 0 -21
5 1 5
5 8 -66
5 11 5
5 12 13
5 15 -54
5 17 -73
5 19 2
5 22 98
5 23 -75
5 24 -97
5 26 -55
5 28 -81
5 32 90
5 34 4
5 35 60
5 37 24
5 39 54
5 40 34
5 41 2
5 43 -47
5 44 23
5 51 45
5 52 34
5 53 -83
5 54 -18
5 58 -29
5 61 54
5 63 -69
5 65 61
5 67 -87
5 68 -46
5 69 -14
5 70 28
5 72 58
5 73 88
5 78 21
5 80 30
5 81 -92
5 82 69
5 84 95
5 87 66
5 88 -58
5 89 61
5 91 65
6 0 32
6 1 44
6 2 -94
6 3 23
6 4 91
6 5 20
6 9 -32
6 12 57
6 18 100
6 19 23
6 24 7
6 26 12
6 30 66
6 33 -60
6 35 -5
6 38 -98
6 40 -98
6 43 -15
6 45 49
6 46 -45
6 48 -64
6 49 -30
6 51 9
6 52 -42
6 58 -11
6 59 83
6 60 -85
6 65 -84
6 66 32
6 68 89
6 70 18
6 71 -16
6 74 -6
6 76 -78
6 81 8
6 85 3
6 91 1
6 92 85
6 93 14
6 94 -38
6 95 -51
7 1 89
7 3 -28
7 7 -86
7 8 8
7 9 86
7 11 72
7 12 87
7 15 11
7 16 64
7 17 -64
7 22 28
7 23 -44
7 25 2
7 35 -95
7 39 -56
7 41 29
7 43 73
7 46 -78
7 47 89
7 49 84
7 50 -98
7 57 -57
7 64 57
7 65 -81
7 67 -43
7 72 -5
7 74 -8
7 75 -90
7 78 -92
7 81 30
7 82 50
7 85 -10
7 88 15
7 90 86
7 91 71
7 93 64
7 94 -60
7 95 44
7 96 38
7 97 -87
8 0 37
8 3 -5
8 4 -59
8 7 -9
8 10 58
8 19 -1
8 23 -15
8 25 -30
8 27 -6
8 31 27
8 34 -26
8 37 -97
8 38 -6
8 43 31
8 49 -16
8 50 -50
8 51 -36
8 53 34
8 55 -37
8 57 39
8 58 -9
8 59 39
8 61 100
8 62 78
8 66 85
8 69 -14
8 72 15
8 73 -89
8 75 72
8 80 -83
8 82 -44
8 84 32
8 85 12
8 87 65
8 93 -4
9 0 48
9 2 -5
9 3 44
9 6 88
9 8 11
9 11 87
9 14 -23
9 17 80
9 18 -47
9 19 69
9 20 86
9 21 -91
9 23 28
9 24 -64
9 26 -17
9 27 29
9 31 -22
9 36 -52
9 37 -66
9 39 -47
9 41 7
9 43 23
9 46 42
9 51 -13
9 54 9
9 55 56
9 57 -82
9 58 -87
9 64 -29
9 65 -83
9 66 100
9 67 62
9 68 -31
9 73 63
9 75 98
9 76 -42
9 78 43
9 79 -50
9 80 100
9 86 80
9 87 -11
9 89 -95
9 90 11
9 95 -30
9 97 -16
9 99 1
10 1 5
10 3 -95
10 5 86
10 8 72
10 13 -87
10 15 -83
10 17 4
10 18 -32
10 19 59
10 23 65
10 26 -47
10 30 -100
10 32 60
10 33 43
10 37 92
10 40 -25
10 45 66
10 55 94
10 59 51
10 61 97
10 63 20
10 70 -97
10 77 -70
10 81 -3
10 82 -38
10 84 18
10 88 -2
10 89 -23
10 91 -88
10 95 44
10 96 46
10 99 15
11 4 -56
11 5 -85
11 7 70
11 8 57
11 9 -96
11 10 -92
11 11 -74
11 14 45
11 18 28
11 19 -95
11 21 100
11 31 -48
11 32 -47
11 34 97
11 35 -88
11 37 -68
11 40 97
11 45 56
11 48 -30
11 52 14
11 53 -22
11 54 -38
11 56 31
11 57 16
11 60 -97
11 63 -35
11 65 -86
11 67 -19
11 69 79
11 70 -18
11 77 -11
11 78 72
11 84 -65
11 85 51
11 88 -65
11 90 16
11 91 39
11 92 68
11 93 99
11 94 -66
12 3 72
12 4 -26
12 6 11
12 9 -77
12 11 -44
12 12 -74
12 14 43
12 15 -25
12 18 34
12 21 -28
12 24 31
12 26 -86
12 28 -36
12 29 53
12 36 -35
12 39 -95
12 40 99
12 41 -5
12 46 -54
12 49 -63
12 56 10
12 59 -97
12 60 -60
12 62 80
12 63 -1
12 67 83
12 73 4
12 75 17
12 80 59
12 81 72
12 84 -66
12 89 -66
12 90 5
12 99 -20
13 2 68
13 4 76
13 9 -15
13 11 58
13 12 17
13 13 -57
13 22 -20
13 23 87
13 26 97
13 27 -9
13 37 -51
13 40 17
13 42 9
13 45 -60
13 48 -24
13 49 -91
13 51 58
13 52 100
13 55 54
13 56 89
13 57 -25
13 60 -75
13 61 29
13 70 75
13 76 8
13 77 -75
13 78 -98
13 79 -12
13 80 44
13 81 6
13 82 -8
13 84 52
13 87 -46
13 88 -80
13 89 98
13 90 -77
13 92 48
13 93 93
13 95 79
13 99 -93
14 4 -63
14 7 96
14 11 25
14 14 -56
14 18 -96
14 21 -14
14 22 -95
14 23 -32
14 24 -34
14 25 -90
14 26 -97
14 27 -29
14 29 -32
14 30 -8
14 33 -9
14 34 5
14 37 38
14 45 64
14 46 -45
14 49 -99
14 54 38
14 56 -34
14 59 -76
14 60 18
14 65 55
14 67 100
14 69 1
14 70 -63
14 73 60
14 74 -66
14 78 -27
14 79 7
14 80 44
14 81 -40
14 82 -82
14 83 4
14 84 16
14 86 -100
14 87 -30
14 89 45
14 91 58
14 92 -92
14 93 -11
14 94 -26
14 95 -64
15 10 36
15 14 -76
15 15 -80
15 16 -44
15 19 98
15 23 89
15 26 -5
15 28 -71
15 35 -3
15 36 11
15 39 22
15 40 47
15 42 -95
15 43 49
15 45 97
15 46 -93
15 47 -89
15 49 -24
15 50 -78
15 52 -88
15 55 9
15 58 88
15 61 -45
15 64 37
15 70 89
15 71 -27
15 72 87
15 79 -43
15 86 85
15 87 64
15 89 -75
15 90 -75
15 91 -22
15 93 -57
15 96 92
15 97 28
15 98 20
16 0 63
16 2 -93
16 5 -83
16 9 -38
16 11 -17
16 13 3
16 14 59
16 16 74
16 19 -1
16 22 -65
16 23 65
16 25 47
16 28 -55
16 29 85
16 32 -96
16 33 51
16 34 -50
16 37 -8
16 38 -35
16 39 -11
16 44 -54
16 46 -13
16 50 29
16 51 32
16 54 -24
16 57 60
16 58 8
16 59 -4
16 63 -15
16 64 75
16 66 -91
16 67 20
16 68 -82
16 71 -30
16 74 20
16 76 2
16 79 -3
16 82 29
16 87 -2
16 95 -60
16 96 -35
17 3 39
17 4 -64
17 6 49
17 7 73
17 9 6
17 13 -60
17 20 16
17 23 6
17 29 87
17 30 -62
17 32 23
17 33 38
17 34 82
17 36 -41
17 40 -89
17 42 44
17 44 -46
17 45 38
17 47 -44
17 48 -37
17 49 -18
17 51 -38
17 52 -81
17 53 92
17 54 -16
17 57 -6
17 65 -50
17 70 53
17 72 15
17 75 -96
17 85 -91
17 90 12
17 91 51
17 92 51
17 96 56
18 1 51
18 4 85
18 8 11
18 10 -54
18 12 -36
18 14 6
18 15 -35
18 16 -35
18 18 -34
18 19 6
18 22 -60
18 27 30
18 28 -64
18 31 5
18 32 -88
18 34 -64
18 38 48
18 41 -11
18 43 -99
18 47 -60
18 48 -51
18 49 15
18 51 -96
18 53 -75
18 56 59
18 63 -17
18 64 64
18 66 -78
18 67 11
18 68 58
18 69 40
18 72 71
18 77 -33
18 78 43
18 79 -24
18 81 55
18 82 86
18 83 24
18 85 97
18 89 59
18 91 25
18 93 58
18 99 51
19 0 -10
19 5 -43
19 6 40
19 7 -6
19 8 -99
19 11 24
19 15 -33
19 21 -31
19 28 38
19 29 33
19 31 -68
19 39 -46
19 40 38
19 42 -82
19 46 50
19 47 65
19 49 -25
19 50 -38
19 52 -9
19 53 66
19 57 68
19 60 30
19 62 57
19 63 42
19 65 -47
19 66 -70
19 67 -48
19 68 28
19 70 32
19 74 31
19 75 78
19 79 67
19 80 3
19 81 20
19 83 14
19 84 -40
19 86 46
19 88 -82
19 89 -18
19 97 -42
20 2 -95
20 3 -96
20 7 -93
20 12 1
20 18 85
20 19 -32
20 23 -44
20 24 90
20 28 96
20 30 -53
20 32 -30
20 34 -79
20 35 -70
20 38 88
20 40 -41
20 45 51
20 49 -92
20 50 -97
20 52 8
20 54 -37
20 57 86
20 58 -9
20 60 -57
20 65 29
20 70 -88
20 71 71
20 72 18
20 73 -74
20 81 -61
20 85 37
20 86 -99
20 87 15
20 88 -28
20 94 -56
20 97 -66
20 99 63
21 0 -74
21 2 69
21 3 56
21 4 37
21 7 70
21 8 4
21 9 50
21 10 39
21 11 98
21 17 39
21 19 -91
21 20 -2
21 21 17
21 23 -17
21 29 94
21 33 -37
21 34 22
21 35 15
21 36 13
21 39 44
21 41 -20
21 42 -27
21 43 23
21 44 13
21 48 -68
21 51 -87
21 56 19
21 60 -43
21 61 99
21 65 -90
21 67 54
21 70 49
21 73 -81
21 77 77
21 80 -99
21 82 -37
21 83 -62
21 84 -59
21 85 20
21 90 -44
21 91 87
21 92 80
21 93 58
21 96 -39
21 99 30
22 0 -18
22 3 -14
22 5 -68
22 7 77
22 9 -96
22 10 37
22 12 -21
22 15 -64
22 19 11
22 22 30
22 26 -23
22 28 -15
22 29 92
22 33 -32
22 34 92
22 37 -26
22 39 58
22 51 -49
22 56 -65
22 57 42
22 58 -51
22 61 -22
22 66 83
22 68 -66
22 70 50
22 71 51
22 72 94
22 74 83
22 77 9
22 81 -19
22 82 -6
22 83 100
22 85 -36
22 86 -5
22 88 13
22 90 23
22 93 -34
22 94 -44
22 96 -30
22 97 -32
23 0 97
23 1 -46
23 3 25
23 6 -8
23 7 46
23 9 -67
23 12 46
23 13 -43
23 19 76
23 21 -21
23 22 -72
23 23 1
23 24 74
23 25 -62
23 28 -75
23 35 30
23 36 27
23 37 -94
23 39 91
23 42 66
23 44 -50
23 49 61
23 50 -40
23 53 87
23 56 -97
23 57 39
23 59 50
23 60 -16
23 62 -75
23 63 85
23 64 78
23 65 -55
23 67 45
23 69 -41
23 70 -86
23 71 51
23 72 -92
23 74 -89
23 79 29
23 81 -32
23 82 -47
23 84 -39
23 88 75
23 89 -22
23 93 7
23 94 -98
23 95 -64
23 99 59
24 4 65
24 5 -47
24 7 73
24 9 -97
24 11 41
24 13 33
24 14 -13
24 16 81
24 19 -56
24 20 -53
24 22 60
24 27 -2
24 28 50
24 31 65
24 32 34
24 34 1
24 35 92
24 37 -70
24 40 -28
24 44 -75
24 47 -91
24 48 -14
24 51 89
24 53 69
24 55 -90
24 58 -6
24 59 -84
24 60 69
24 63 -37
24 64 -50
24 67 -53
24 68 -56
24 70 -67
24 73 -88
24 80 67
24 81 50
24 84 21
24 85 18
24 86 -73
24 87 -57
24 88 34
24 90 35
24 91 -51
24 95 -60
24 99 -11
25 1 44
25 2 58
25 3 -92
25 5 -46
25 7 -98
25 8 -27
25 10 45
25 12 -82
25 16 -84
25 18 -21
25 22 19
25 23 -33
25 27 -91
25 28 62
25 30 -94
25 31 40
25 32 -14
25 35 -92
25 36 81
25 39 -94
25 41 -85
25 43 88
25 45 43
25 46 87
25 47 18
25 49 65
25 51 -63
25 52 -8
25 61 4
25 62 87
25 64 33
25 65 59
25 67 -65
25 68 -98
25 70 6
25 75 -67
25 78 -16
25 80 -34
25 82 -45
25 83 -29
25 84 93
25 85 95
25 87 37
25 89 -18
25 90 -44
25 92 -29
25 93 45
25 94 53
25 95 -73
25 97 -3
26 3 44
26 7 24
26 8 -75
26 9 15
26 10 67
26 14 75
26 15 66
26 17 -78
26 19 87
26 21 -81
26 25 23
26 26 15
26 27 24
26 32 99
26 34 61
26 35 17
26 36 -62
26 39 79
26 40 -1
26 41 -86
26 42 -33
26 45 -58
26 46 96
26 50 -37
26 52 80
26 53 -62
26 55 -25
26 56 -39
26 61 -84
26 64 53
26 65 -30
26 71 58
26 74 -43
26 78 21
26 79 -64
26 83 -98
26 86 -4
26 91 73
26 92 11
26 96 -27
26 97 38
26 98 -69
27 3 9
27 5 32
27 6 47
27 7 2
27 8 -90
27 14 67
27 15 -57
27 16 -82
27 17 99
27 19 -3
27 22 61
27 24 -23
27 27 -88
27 29 -13
27 34 -57
27 35 -84
27 38 -56
27 39 -72
27 45 -11
27 51 70
27 52 -17
27 54 26
27 56 52
27 59 30
27 62 -61
27 64 -53
27 66 -56
27 67 -19
27 69 -64
27 75 -100
27 78 70
27 79 -100
27 80 34
27 82 -19
27 83 57
27 84 88
27 86 100
27 87 7
27 98 -80
27 99 -19
28 1 -33
28 2 -66
28 4 -47
28 5 56
28 8 -52
28 15 67
28 17 57
28 27 -76
28 28 -62
28 31 -55
28 37 45
28 38 43
28 41 24
28 45 -61
28 48 93
28 51 -77
28 53 -38
28 54 27
28 58 -45
28 62 50
28 70 -35
28 74 97
28 79 79
28 80 25
28 85 -96
28 86 -70
28 87 -20
28 88 -42
28 93 -91
28 94 37
28 98 69
28 99 -63
29 0 -76
29 5 -94
29 10 -85
29 11 83
29 14 -68
29 16 -82
29 18 -27
29 19 -73
29 24 -85
29 25 -9
29 26 -80
29 28 -87
29 30 48
29 31 28
29 32 98
29 34 -100
29 37 -44
29 38 34
29 45 -88
29 48 80
29 49 70
29 50 -15
29 54 -83
29 56 -98
29 58 100
29 61 -90
29 62 -18
29 63 -87
29 64 -99
29 65 -21
29 67 -30
29 68 -78
29 69 5
29 70 -70
29 72 -90
29 76 28
29 78 -25
29 81 -89
29 82 27
29 83 96
29 85 -25
29 87 1
29 89 8
29 93 -86
29 94 -97
29 96 -64
29 98 -82
30 0 15
30 4 -12
30 7 25
30 8 -71
30 9 -66
30 10 53
30 11 -93
30 13 14
30 15 -22
30 18 30
30 19 -8
30 20 37
30 23 92
30 24 91
30 27 -12
30 31 -26
30 33 -99
30 35 88
30 37 79
30 39 -24
30 43 51
30 47 79
30 52 65
30 55 -57
30 56 -86
30 57 -40
30 63 -50
30 69 53
30 74 94
30 78 -45
30 81 -89
30 82 -6
30 85 -21
30 86 32
30 87 -48
30 90 -58
30 91 -50
30 95 -89
30 96 -73
30 97 -62
30 99 22
31 3 83
31 5 -62
31 12 25
31 13 -28
31 20 -22
31 23 -39
31 25 25
31 26 45
31 27 -27
31 28 -35
31 30 -82
31 31 -8
31 32 -84
31 33 -6
31 34 -13
31 36 -74
31 42 2
31 44 64
31 46 -48
31 48 66
31 51 92
31 52 23
31 53 -47
31 62 29
31 65 -82
31 66 -85
31 68 -40
31 71 19
31 72 -57
31 73 -71
31 75 83
31 78 -26
31 81 -19
31 82 10
31 83 68
31 87 82
31 91 51
31 93 -31
31 94 26
31 98 20
31 99 53
32 0 -81
32 5 40
32 8 26
32 11 15
32 14 -71
32 17 13
32 18 -60
32 20 -90
32 27 71
32 30 -75
32 33 50
32 36 85
32 37 -36
32 40 78
32 41 -69
32 43 83
32 46 -22
32 47 -96
32 52 42
32 56 -29
32 58 -46
32 60 84
32 62 -71
32 63 -85
32 65 40
32 66 71
32 67 -93
32 68 79
32 70 -70
32 78 82
32 80 -69
32 81 23
32 83 -4
32 89 -14
32 90 25
32 92 -25
32 93 -70
32 95 85
32 96 33
32 98 -95
32 99 29
33 0 48
33 1 96
33 2 35
33 4 36
33 8 -97
33 14 21
33 15 -78
33 16 -35
33 17 48
33 20 -18
33 22 29
33 24 -29
33 31 -89
33 36 85
33 37 13
33 38 53
33 39 55
33 42 75
33 44 60
33 45 1
33 46 -42
33 47 -94
33 52 2
33 55 -47
33 56 -41
33 60 -44
33 61 -97
33 62 33
33 63 99
33 65 37
33 66 25
33 67 30
33 68 79
33 70 -17
33 72 -87
33 73 46
33 76 -51
33 78 -5
33 79 10
33 81 21
33 84 4
33 85 -82
33 89 66
33 90 58
33 91 52
33 92 -53
33 96 -42
33 98 11
33 99 -54
34 0 -53
34 2 95
34 4 81
34 5 -2
34 7 35
34 11 52
34 13 87
34 14 35
34 17 -89
34 18 -60
34 19 33
34 20 15
34 23 5
34 24 -17
34 28 -45
34 29 -59
34 31 84
34 35 -78
34 36 80
34 37 -100
34 39 56
34 40 1
34 42 17
34 43 -78
34 46 68
34 47 91
34 48 -83
34 50 49
34 53 51
34 54 69
34 57 43
34 59 -40
34 60 78
34 61 43
34 63 94
34 64 86
34 65 14
34 68 -69
34 69 -30
34 73 -84
34 74 86
34 75 -78
34 76 63
34 77 -93
34 80 61
34 86 -71
34 87 -75
34 88 95
34 94 -59
34 96 -67
34 97 -77
35 7 -40
35 9 -9
35 11 57
35 12 90
35 13 -4
35 14 -32
35 15 -20
35 16 97
35 19 65
35 20 37
35 23 88
35 24 40
35 27 -98
35 31 80
35 32 53
35 33 -58
35 34 -43
35 35 100
35 37 -100
35 39 -46
35 40 63
35 41 -35
35 42 -19
35 43 -28
35 50 18
35 53 -52
35 56 82
35 57 -88
35 58 -71
35 61 99
35 67 -22
35 70 53
35 71 -85
35 78 73
35 79 21
35 80 34
35 81 -54
35 86 55
35 87 98
35 94 -12
35 95 -65
35 96 -1
35 99 50
36 2 56
36 4 -41
36 5 -61
36 10 57
36 11 78
36 13 -16
36 14 25
36 20 75
36 26 -56
36 31 42
36 33 26
36 35 89
36 36 40
36 37 27
36 38 -78
36 39 -54
36 41 4
36 43 97
36 47 -27
36 49 -79
36 50 -84
36 51 -74
36 52 97
36 53 68
36 57 -30
36 63 -40
36 64 30
36 65 -56
36 67 76
36 74 -86
36 75 -5
36 76 -63
36 79 92
36 80 -15
36 81 -51
36 83 -84
36 84 5
36 87 -64
36 91 90
36 94 57
36 97 9
36 98 -21
36 99 -3
37 2 -50
37 5 -61
37 6 -77
37 11 29
37 13 -62
37 14 -34
37 15 -26
37 19 49
37 20 -47
37 22 27
37 23 79
37 25 -10
37 26 80
37 27 60
37 31 28
37 33 26
37 34 6
37 36 76
37 39 -68
37 41 60
37 42 -32
37 43 -94
37 45 -85
37 48 59
37 52 -12
37 56 1
37 65 22
37 72 35
37 73 -25
37 74 3
37 75 -55
37 77 -4
37 78 13
37 81 -67
37 82 54
37 83 94
37 87 -100
37 89 -26
37 91 9
37 96 -32
38 1 -69
38 2 50
38 5 35
38 6 -5
38 12 57
38 13 -93
38 15 21
38 16 -54
38 22 49
38 25 -69
38 28 -95
38 40 77
38 41 40
38 45 -1
38 47 -73
38 50 -78
38 51 -70
38 53 -36
38 54 8
38 55 -51
38 59 -25
38 62 18
38 64 -63
38 65 41
38 67 -80
38 76 54
38 80 5
38 81 -99
38 82 -77
38 84 -57
38 85 -21
38 90 88
38 93 -37
38 96 16
38 97 -58
38 99 -78
39 0 -96
39 1 -7
39 2 1
39 4 1
39 5 -82
39 6 21
39 8 -85
39 11 -74
39 12 16
39 14 -98
39 15 52
39 18 -40
39 20 10
39 21 47
39 22 49
39 26 -23
39 27 -75
39 28 52
39 31 24
39 32 -78
39 33 -45
39 35 72
39 36 70
39 38 -34
39 39 -68
39 41 -29
39 43 -95
39 44 59
39 46 97
39 47 -52
39 49 -96
39 51 -91
39 54 80
39 61 -61
39 62 40
39 64 -43
39 65 73
39 68 -5
39 69 67
39 70 -16
39 71 -31
39 72 -25
39 75 57
39 79 -85
39 81 -3
39 83 -9
39 85 -30
39 89 66
39 92 -48
39 94 18
39 95 -21
39 96 -95
39 99 -10
40 2 72
40 5 37
40 7 -55
40 8 41
40 9 77
40 10 98
40 20 -98
40 25 -36
40 26 74
40 27 44
40 31 55
40 33 14
40 39 -22
40 41 49
40 42 29
40 47 19
40 48 9
40 50 -79
40 51 -68
40 52 47
40 53 97
40 54 82
40 55 -37
40 57 50
40 58 -15
40 59 36
40 60 11
40 61 59
40 69 53
40 71 68
40 72 35
40 73 68
40 75 93
40 76 -24
40 77 21
40 78 40
40 79 -19
40 82 81
40 88 45
40 92 -14
40 99 68
41 3 -33
41 6 -49
41 10 -83
41 11 10
41 14 -67
41 18 31
41 19 74
41 21 30
41 22 -15
41 24 44
41 25 -98
41 28 67
41 32 68
41 39 -54
41 41 -72
41 42 73
41 46 27
41 47 -63
41 49 -28
41 51 13
41 54 38
41 58 -48
41 62 -94
41 63 -29
41 66 63
41 68 -11
41 70 -74
41 71 -59
41 72 70
41 73 -2
41 77 67
41 80 -22
41 82 51
41 83 -54
41 84 25
41 87 -24
41 89 -6
41 90 5
41 94 100
41 97 -15
41 98 95
42 2 -84
42 5 39
42 6 -96
42 8 -71
42 9 -17
42 12 88
42 16 -51
42 19 -14
42 22 -28
42 24 43
42 26 22
42 27 -32
42 29 46
42 33 -21
42 35 79
42 41 2
42 42 63
42 46 -55
42 47 99
42 51 -43
42 52 27
42 53 29
42 58 -53
42 65 -40
42 66 -89
42 70 28
42 71 -43
42 72 -61
42 73 -51
42 74 -4
42 75 -73
42 77 84
42 78 24
42 79 -18
42 83 -96
42 84 -5
42 85 76
42 89 17
42 92 -18
43 1 -22
43 3 -25
43 4 -30
43 7 32
43 9 85
43 10 -15
43 11 57
43 13 63
43 16 -47
43 18 56
43 19 -59
43 21 -25
43 27 -77
43 29 -12
43 39 65
43 42 3
43 44 80
43 47 5
43 48 40
43 52 51
43 53 78
43 56 -94
43 57 80
43 64 7
43 66 -24
43 68 89
43 69 -65
43 70 -91
43 74 44
43 75 -25
43 78 75
43 79 -37
43 86 -12
43 87 25
43 91 4
43 92 -53
43 93 92
43 98 45
44 7 -5
44 8 9
44 11 12
44 12 -77
44 14 95
44 18 -66
44 19 -78
44 20 87
44 21 87
44 22 19
44 25 16
44 26 -97
44 27 -32
44 31 -15
44 35 -51
44 36 -93
44 37 -81
44 38 -80
44 39 -23
44 41 9
44 42 44
44 44 -18
44 45 87
44 47 67
44 50 -48
44 52 27
44 54 12
44 55 53
44 58 -41
44 59 62
44 60 11
44 63 15
44 64 49
44 65 54
44 68 -77
44 69 52
44 71 32
44 73 -54
44 76 -51
44 77 -78
44 78 40
44 80 -25
44 81 21
44 85 -97
44 86 -68
44 90 -32
44 92 -55
44 96 -14
44 98 15
45 3 13
45 5 79
45 6 45
45 7 -79
45 8 33
45 12 35
45 15 90
45 16 38
45 18 59
45 21 19
45 22 33
45 26 -22
45 29 -71
45 30 2
45 32 -18
45 33 -63
45 42 97
45 44 11
45 47 44
45 48 77
45 49 46
45 51 -47
45 55 -56
45 58 55
45 61 -65
45 63 43
45 65 -85
45 66 -28
45 70 -27
45 71 27
45 73 62
45 74 23
45 76 94
45 77 -47
45 81 32
45 82 75
45 83 -18
45 85 19
45 90 100
45 94 -95
45 97 91
45 98 73
45 99 78
46 0 -3
46 2 -68
46 4 -9
46 7 -21
46 10 94
46 13 -87
46 20 -88
46 23 -93
46 24 -39
46 36 -88
46 38 76
46 40 66
46 41 50
46 42 36
46 43 63
46 44 37
46 45 -62
46 48 -42
46 49 -22
46 53 33
46 55 23
46 56 -28
46 58 40
46 64 -55
46 67 -17
46 71 -51
46 75 78
46 76 38
46 78 -88
46 80 44
46 81 -30
46 82 -87
46 83 -87
46 84 -14
46 94 93
46 96 -4
47 4 -26
47 6 17
47 15 -54
47 16 82
47 18 45
47 19 -90
47 21 -50
47 22 51
47 28 -39
47 29 -2
47 35 -84
47 37 63
47 39 -98
47 40 -5
47 41 -38
47 47 40
47 48 -7
47 51 80
47 55 80
47 59 83
47 61 82
47 62 65
47 63 37
47 64 -39
47 65 3
47 66 -16
47 68 -23
47 71 -100
47 73 42
47 75 25
47 76 51
47 78 53
47 81 -70
47 84 -87
47 85 23
47 86 42
47 87 93
47 90 29
47 98 -81
47 99 45
48 0 33
48 1 31
48 4 74
48 7 8
48 8 -97
48 9 93
48 10 -78
48 12 -25
48 13 -45
48 15 -90
48 16 19
48 19 15
48 20 -64
48 23 10
48 24 96
48 27 51
48 28 -25
48 29 21
48 31 -70
48 34 75
48 37 -18
48 39 -23
48 44 -37
48 46 -20
48 47 97
48 48 25
48 50 93
48 55 -88
48 57 -49
48 58 -94
48 59 -50
48 60 -36
48 61 -81
48 63 -4
48 64 72
48 68 -21
48 69 93
48 70 -10
48 71 -60
48 72 -86
48 73 93
48 74 62
48 76 23
48 78 73
48 79 74
48 84 -94
48 86 -84
48 89 -24
48 90 -78
48 92 90
48 94 12
48 95 39
48 96 -73
49 1 -95
49 2 90
49 4 -20
49 7 13
49 8 -97
49 9 94
49 11 -90
49 12 80
49 14 -4
49 18 70
49 20 72
49 22 -70
49 27 10
49 28 -97
49 29 -93
49 30 -43
49 33 49
49 35 27
49 38 57
49 40 -98
49 43 -21
49 44 -12
49 45 94
49 47 88
49 50 -40
49 55 -15
49 59 -49
49 60 66
49 62 -40
49 63 91
49 64 -23
49 67 68
49 76 27
49 80 -15
49 84 8
49 85 -85
49 88 3
49 89 -48
49 92 96
49 94 -51
49 97 9
50 0 -35
50 2 -22
50 5 91
50 6 -37
50 11 -11
50 14 10
50 15 -11
50 17 68
50 19 -86
50 20 94
50 22 -5
50 25 -69
50 28 -14
50 29 -12
50 30 -31
50 37 66
50 38 -56
50 39 52
50 42 21
50 44 69
50 45 -77
50 49 -56
50 50 -7
50 51 61
50 52 -79
50 55 -62
50 58 -75
50 62 71
50 64 -36
50 65 25
50 69 -47
50 72 95
50 77 -2
50 81 98
50 87 -11
50 89 30
50 93 28
50 94 -46
51 2 -41
51 4 -91
51 7 52
51 8 -32
51 14 -46
51 15 -71
51 16 73
51 17 6
51 20 23
51 21 -92
51 23 49
51 25 65
51 26 -7
51 29 37
51 30 19
51 35 -44
51 39 -94
51 41 67
51 42 -43
51 44 -70
51 45 54
51 46 -10
51 47 52
51 48 12
51 49 -84
51 54 -32
51 55 -36
51 58 -70
51 59 91
51 60 -23
51 63 -56
51 71 66
51 75 6
51 78 -100
51 82 -97
51 83 26
51 86 91
51 88 42
51 92 75
51 94 41
51 95 89
51 96 53
51 98 83
51 99 64
52 1 -7
52 2 26
52 3 86
52 5 -3
52 8 27
52 9 7
52 13 35
52 17 41
52 22 91
52 23 94
52 24 -88
52 26 -29
52 27 -25
52 28 -85
52 31 -34
52 33 44
52 42 58
52 45 -23
52 47 80
52 49 22
52 51 44
52 56 83
52 59 -73
52 61 44
52 67 -38
52 68 -3
52 69 -90
52 71 51
52 76 17
52 78 74
52 80 71
52 85 -90
52 86 -10
52 87 -75
52 88 100
52 93 41
52 98 10
53 0 -97
53 3 -28
53 4 43
53 5 -78
53 8 4
53 10 63
53 11 65
53 14 7
53 16 -42
53 17 44
53 19 83
53 24 59
53 27 95
53 34 42
53 36 15
53 38 -42
53 51 -67
53 55 -95
53 57 -24
53 59 -21
53 61 51
53 66 53
53 68 57
53 71 -17
53 73 94
53 76 14
53 78 54
53 79 80
53 80 -61
53 81 -88
53 84 -90
53 87 5
53 94 39
53 95 -36
53 96 89
53 97 -14
53 98 -66
54 0 65
54 1 83
54 2 -98
54 4 100
54 6 24
54 7 -7
54 11 81
54 12 -38
54 13 33
54 16 -39
54 17 51
54 19 63
54 21 78
54 23 -52
54 25 -63
54 26 -47
54 27 -57
54 31 -88
54 32 -42
54 36 -11
54 37 -69
54 49 -7
54 50 20
54 54 1
54 57 23
54 58 -29
54 59 32
54 62 -37
54 65 65
54 66 -10
54 67 56
54 68 94
54 70 99
54 75 67
54 78 -45
54 79 65
54 80 62
54 82 25
54 84 -4
54 88 42
54 89 -41
54 90 54
54 93 -83
54 94 -61
54 95 60
54 96 42
54 97 55
54 98 -25
55 0 59
55 4 69
55 11 71
55 16 47
55 19 47
55 20 13
55 23 -44
55 27 71
55 30 63
55 34 -35
55 36 -74
55 37 -65
55 38 -51
55 40 -5
55 41 89
55 47 -98
55 48 91
55 49 -82
55 51 -21
55 53 -32
55 54 60
55 55 -88
55 57 72
55 58 67
55 61 -86
55 62 93
55 66 29
55 70 94
55 71 -38
55 73 52
55 74 31
55 77 -17
55 79 99
55 81 23
55 84 43
55 85 72
55 86 38
55 87 31
55 89 56
55 90 -89
55 92 -2
55 95 -65
56 1 28
56 2 100
56 3 -10
56 6 75
56 7 -98
56 12 62
56 13 81
56 14 -82
56 16 -46
56 21 22
56 29 -78
56 32 -84
56 38 -68
56 40 22
56 49 15
56 51 46
56 52 -86
56 54 83
56 55 68
56 56 10
56 58 -6
56 62 -86
56 64 -67
56 66 31
56 71 27
56 73 19
56 74 -61
56 75 -45
56 77 98
56 79 70
56 82 -13
56 83 -1
56 84 69
56 86 73
56 87 75
56 89 39
56 90 -81
57 2 -32
57 4 22
57 6 -40
57 8 29
57 12 -32
57 14 -9
57 17 -53
57 24 22
57 25 -76
57 29 -48
57 30 59
57 31 -18
57 32 84
57 36 -54
57 38 31
57 39 -39
57 40 -16
57 41 -41
57 42 39
57 43 45
57 46 -73
57 47 75
57 48 -5
57 52 37
57 54 -21
57 55 13
57 59 -30
57 60 -44
57 62 -23
57 64 -20
57 65 -23
57 66 60
57 72 17
57 74 -22
57 75 65
57 78 -47
57 80 -77
57 81 59
57 82 20
57 86 -16
57 87 82
57 90 -29
57 91 8
57 95 15
57 96 -72
57 97 8
57 99 75
58 1 -21
58 4 80
58 6 -42
58 8 45
58 10 94
58 19 -64
58 20 23
58 21 -2
58 26 77
58 32 -30
58 39 -60
58 40 54
58 41 89
58 42 -28
58 50 -90
58 52 -64
58 57 -81
58 60 -27
58 61 -38
58 62 72
58 63 89
58 66 -16
58 68 -79
58 69 -39
58 70 77
58 71 -58
58 74 -99
58 75 -81
58 76 -49
58 83 -54
58 84 -3
58 87 15
58 88 5
58 91 -85
58 97 -88
58 99 -77
59 0 -27
59 2 -77
59 5 -12
59 10 -77
59 12 39
59 14 22
59 15 -65
59 16 46
59 24 -56
59 25 43
59 28 -50
59 29 -6
59 30 -45
59 35 -38
59 38 100
59 40 45
59 45 -47
59 46 38
59 47 -10
59 48 28
59 49 -71
59 50 -2
59 55 -79
59 59 46
59 64 42
59 69 81
59 70 78
59 71 33
59 77 6
59 78 38
59 79 -81
59 80 -84
59 84 -86
59 85 -66
59 87 39
59 89 95
59 90 53
59 91 -91
59 93 -25
59 96 91
59 97 54
60 0 7
60 2 49
60 6 -33
60 16 -71
60 18 5
60 19 -1
60 23 -40
60 26 -9
60 30 -34
60 33 65
60 34 74
60 35 -69
60 37 -6
60 43 -32
60 46 -59
60 49 84
60 51 -49
60 53 97
60 54 -22
60 56 -69
60 57 49
60 66 -85
60 74 -84
60 75 -95
60 77 -38
60 80 59
60 82 86
60 83 -25
60 84 -73
60 87 -13
60 89 30
60 90 -58
60 93 91
60 94 99
60 96 56
60 97 66
61 0 30
61 1 86
61 4 -85
61 5 -84
61 6 -93
61 9 42
61 15 21
61 18 -8
61 20 -9
61 21 89
61 24 -83
61 26 63
61 33 -84
61 34 -94
61 41 -59
61 46 -11
61 47 8
61 50 30
61 56 -36
61 57 17
61 58 83
61 60 70
61 61 -100
61 64 -33
61 65 55
61 69 46
61 70 -80
61 72 2
61 75 61
61 78 -26
61 80 26
61 82 39
61 83 53
61 84 82
61 85 -69
61 87 50
61 88 37
61 91 -13
61 96 29
61 99 -91
62 2 83
62 6 40
62 11 -90
62 14 26
62 16 -6
62 18 56
62 22 -99
62 23 -81
62 24 -61
62 25 -16
62 26 34
62 27 -44
62 31 75
62 33 -77
62 34 93
62 35 100
62 41 48
62 42 30
62 45 62
62 49 98
62 51 22
62 53 7
62 55 29
62 64 -49
62 65 -1
62 66 -52
62 68 -61
62 71 -88
62 75 79
62 76 31
62 80 -27
62 82 -99
62 83 -12
62 84 8
62 85 -96
62 86 61
62 87 47
62 88 53
62 90 89
62 92 -54
62 94 28
62 95 18
62 96 -44
62 99 -13
63 0 -68
63 2 -98
63 6 -77
63 7 -71
63 15 -99
63 16 93
63 18 -82
63 27 63
63 28 28
63 29 88
63 32 -22
63 33 -47
63 36 -93
63 40 -59
63 43 -32
63 45 7
63 46 -11
63 47 -20
63 48 34
63 50 -97
63 51 -23
63 53 93
63 56 60
63 61 -5
63 63 -50
63 66 76
63 69 -21
63 70 84
63 71 -79
63 73 -47
63 75 -44
63 78 21
63 79 -91
63 80 95
63 81 53
63 82 84
63 83 70
63 86 70
63 93 -63
63 95 -18
63 98 -69
64 2 -39
64 5 -57
64 6 -38
64 7 -15
64 9 -48
64 16 8
64 19 -34
64 20 1
64 23 72
64 24 80
64 27 -47
64 28 68
64 29 15
64 31 -88
64 32 50
64 39 67
64 43 42
64 45 -84
64 48 -97
64 49 11
64 53 56
64 54 67
64 55 -4
64 58 40
64 59 13
64 60 70
64 61 -50
64 63 93
64 64 55
64 65 -97
64 66 97
64 71 63
64 74 37
64 80 99
64 81 8
64 84 -59
64 85 -35
64 90 -21
64 92 54
64 93 42
64 95 -45
64 99 -64
65 4 11
65 6 -94
65 7 -89
65 8 70
65 10 -4
65 11 99
65 12 12
65 13 54
65 16 -40
65 18 8
65 19 -55
65 21 30
65 24 -87
65 25 -34
65 29 88
65 31 -18
65 33 -82
65 35 -90
65 36 61
65 38 16
65 44 90
65 45 -94
65 50 -48
65 52 92
65 54 -76
65 56 61
65 57 -12
65 58 1
65 60 4
65 61 87
65 62 -87
65 64 -92
65 66 59
65 68 84
65 71 86
65 72 7
65 74 -86
65 76 47
65 78 -47
65 81 -26
65 82 33
65 88 36
65 89 75
65 91 19
65 93 -25
65 94 -25
65 99 52
66 1 94
66 5 69
66 6 54
66 7 61
66 9 93
66 11 -10
66 13 52
66 17 31
66 18 54
66 19 -30
66 21 -47
66 24 -68
66 26 24
66 27 36
66 28 84
66 29 85
66 30 40
66 33 88
66 34 59
66 35 54
66 37 45
66 38 41
66 39 8
66 40 -2
66 42 96
66 45 4
66 46 23
66 49 -45
66 50 -59
66 52 50
66 53 64
66 54 54
66 55 -28
66 56 2
66 59 -86
66 61 -93
66 63 -61
66 65 -97
66 66 -55
66 67 -77
66 73 51
66 78 -58
66 81 20
66 82 2
66 83 54
66 88 1
66 89 73
66 92 -54
66 94 -56
66 97 -40
67 6 98
67 9 88
67 10 48
67 12 -90
67 22 6
67 29 47
67 30 6
67 31 13
67 33 -87
67 34 70
67 36 -42
67 37 -85
67 39 11
67 41 68
67 47 -49
67 48 -12
67 50 90
67 51 -62
67 54 -81
67 60 -11
67 62 -38
67 67 67
67 69 8
67 72 -75
67 76 -39
67 77 31
67 78 56
67 80 -94
67 81 -42
67 82 20
67 84 -85
67 85 -46
67 87 87
67 94 43
67 96 12
67 97 -56
67 98 41
67 99 -93
68 3 96
68 5 -95
68 10 -79
68 13 77
68 17 74
68 18 -37
68 20 45
68 21 1
68 22 -100
68 24 20
68 25 85
68 29 15
68 30 17
68 36 50
68 38 63
68 39 -4
68 42 -79
68 46 11
68 47 -98
68 48 50
68 50 -22
68 54 10
68 56 -82
68 58 -33
68 60 74
68 64 91
68 68 84
68 70 -59
68 71 -14
68 72 79
68 73 41
68 75 -96
68 81 -57
68 83 69
68 91 78
68 96 92
69 0 60
69 1 -10
69 2 -64
69 8 -89
69 9 -53
69 10 42
69 12 -27
69 14 -100
69 16 87
69 18 -71
69 25 1
69 26 -54
69 30 -85
69 32 -61
69 34 81
69 35 14
69 38 -3
69 39 33
69 41 58
69 42 -69
69 44 -45
69 49 -32
69 50 -5
69 54 65
69 60 -87
69 61 -30
69 63 92
69 64 -40
69 65 -47
69 66 71
69 69 -46
69 72 -71
69 73 48
69 77 -92
69 82 -60
69 83 44
69 85 62
69 86 87
69 88 10
69 89 -97
69 90 98
69 93 47
69 98 88
70 3 -52
70 4 51
70 8 61
70 9 -1
70 12 -17
70 15 99
70 16 9
70 18 14
70 19 96
70 20 -54
70 22 -87
70 27 -95
70 28 81
70 29 -71
70 31 -69
70 37 -32
70 38 51
70 40 -11
70 41 -44
70 50 84
70 53 80
70 54 -28
70 63 87
70 68 -15
70 72 -20
70 79 -96
70 81 -75
70 84 100
70 89 78
70 91 -18
70 92 -59
70 95 -20
70 96 45
70 98 -10
71 3 -6
71 4 -4
71 5 68
71 6 -97
71 7 16
71 8 -82
71 9 31
71 10 48
71 11 -99
71 18 -33
71 19 -30
71 20 -4
71 25 77
71 28 58
71 29 -57
71 31 -61
71 32 47
71 36 -88
71 37 -54
71 43 -90
71 47 57
71 48 -68
71 52 -79
71 60 -27
71 62 52
71 64 -1
71 70 -10
71 73 80
71 74 -78
71 75 69
71 77 2
71 85 30
71 92 51
71 93 37
71 94 17
71 95 -58
71 96 83
72 2 -12
72 5 -48
72 7 99
72 9 41
72 10 58
72 11 -85
72 12 -72
72 13 26
72 16 -7
72 17 -33
72 18 7
72 19 -47
72 23 -40
72 24 -31
72 26 -84
72 30 -21
72 32 96
72 35 15
72 36 66
72 37 -100
72 39 -87
72 41 -10
72 42 -98
72 47 94
72 48 28
72 50 -2
72 56 98
72 57 93
72 61 -83
72 62 20
72 65 -91
72 68 23
72 72 -35
72 73 92
72 78 86
72 81 91
72 84 75
72 85 33
72 86 -6
72 93 -10
73 4 15
73 9 60
73 10 71
73 14 -10
73 18 -94
73 19 -3
73 21 82
73 22 27
73 25 -47
73 30 -69
73 31 -20
73 38 56
73 42 -82
73 43 -74
73 47 92
73 48 72
73 49 94
73 58 12
73 60 90
73 63 -59
73 64 5
73 69 -58
73 72 40
73 76 14
73 78 11
73 79 100
73 81 91
73 83 -22
73 85 95
73 88 -50
73 89 5
73 92 76
73 94 -82
73 95 -87
73 96 46
73 99 -81
74 3 29
74 5 7
74 7 81
74 12 -72
74 13 -84
74 16 -45
74 18 68
74 26 -56
74 27 76
74 28 -28
74 29 -24
74 32 14
74 33 66
74 35 15
74 36 -83
74 39 85
74 53 64
74 54 19
74 60 -79
74 61 -73
74 63 -42
74 64 58
74 65 -75
74 70 -22
74 71 -12
74 72 75
74 74 42
74 75 -29
74 77 53
74 78 70
74 80 13
74 83 -96
74 84 -52
74 86 -55
74 88 -43
74 89 -33
74 92 -56
74 96 -23
74 97 30
75 0 -42
75 1 94
75 5 -11
75 7 47
75 10 -84
75 11 79
75 12 -78
75 15 -95
75 18 81
75 20 -93
75 22 77
75 23 -98
75 25 -68
75 26 -21
75 29 -2
75 30 5
75 31 29
75 32 61
75 33 30
75 35 2
75 37 -88
75 38 41
75 40 48
75 41 -59
75 47 17
75 49 -18
75 55 -5
75 57 -18
75 58 14
75 59 -24
75 61 -91
75 62 95
75 64 21
75 65 -97
75 66 -94
75 67 -2
75 68 7
75 71 -38
75 78 38
75 79 31
75 80 63
75 81 25
75 82 -67
75 84 45
75 85 -29
75 87 37
75 89 36
75 93 80
75 94 90
76 0 70
76 2 -18
76 6 -25
76 7 -29
76 8 -41
76 9 -89
76 10 -33
76 15 -43
76 16 -91
76 19 25
76 21 52
76 24 -44
76 28 -78
76 30 -13
76 33 19
76 34 70
76 39 91
76 40 -7
76 41 -94
76 45 -21
76 50 76
76 52 -16
76 56 -3
76 64 59
76 68 -60
76 70 29
76 72 35
76 76 17
76 82 -23
76 84 -57
76 86 -19
76 87 61
76 88 15
76 94 -27
76 95 46
76 97 -41
76 99 -8
77 4 -23
77 11 51
77 14 6
77 15 66
77 20 -42
77 21 -65
77 23 72
77 25 40
77 29 85
77 31 83
77 34 31
77 35 70
77 39 -7
77 43 -89
77 52 12
77 55 71
77 56 -52
77 60 12
77 62 70
77 65 -43
77 67 -3
77 69 -3
77 71 -51
77 72 69
77 73 -11
77 75 72
77 76 -84
77 82 -81
77 86 -28
77 87 97
77 89 53
77 93 -96
77 94 -26
77 95 -24
77 97 -68
78 2 89
78 3 50
78 4 87
78 5 -32
78 7 -44
78 8 51
78 10 -62
78 15 -7
78 18 -59
78 23 17
78 27 63
78 29 67
78 32 46
78 34 -90
78 35 -67
78 36 -11
78 37 20
78 38 -40
78 41 31
78 46 -85
78 47 36
78 48 -55
78 50 -71
78 51 45
78 53 -90
78 59 67
78 60 -26
78 62 -93
78 63 1
78 64 -96
78 65 35
78 68 54
78 69 96
78 70 80
78 72 64
78 74 -72
78 75 -44
78 76 -95
78 79 18
78 80 -11
78 81 90
78 85 99
78 91 41
78 92 -48
78 94 -67
78 97 -87
78 99 -7
79 0 -100
79 1 -8
79 3 60
79 7 -2
79 8 -16
79 12 -31
79 15 74
79 16 -54
79 17 -96
79 20 56
79 22 87
79 24 -38
79 29 -58
79 30 -46
79 34 -43
79 41 89
79 43 -61
79 45 74
79 46 -79
79 48 47
79 54 -22
79 62 -84
79 65 -91
79 67 -90
79 69 51
79 70 -68
79 72 84
79 74 52
79 75 43
79 76 54
79 79 16
79 81 20
79 85 -32
79 88 7
79 90 71
79 91 67
79 92 -100
79 98 3
80 0 8
80 4 62
80 10 -27
80 13 92
80 16 78
80 18 28
80 19 -64
80 22 -58
80 24 -77
80 25 90
80 27 -61
80 29 -8
80 33 19
80 34 -97
80 37 39
80 38 -70
80 39 -85
80 41 -77
80 49 -59
80 52 -16
80 55 84
80 56 -44
80 60 -74
80 62 -45
80 64 62
80 68 9
80 70 49
80 72 -54
80 75 31
80 76 85
80 77 76
80 79 88
80 80 67
80 81 61
80 87 -94
80 89 53
80 90 35
80 93 33
80 95 20
80 97 46
81 1 -71
81 5 37
81 6 -93
81 7 89
81 8 -23
81 11 26
81 13 94
81 19 72
81 22 91
81 23 -20
81 24 80
81 26 30
81 29 40
81 33 -9
81 36 -26
81 39 -28
81 43 -41
81 44 39
81 47 28
81 50 71
81 52 67
81 54 78
81 57 -19
81 60 -12
81 61 -19
81 62 -75
81 64 35
81 65 97
81 66 63
81 67 -98
81 68 -53
81 71 -11
81 72 -53
81 74 69
81 76 -38
81 78 -67
81 82 -94
81 84 -33
81 85 21
81 87 -6
81 88 51
81 93 -33
81 94 -44
81 99 49
82 0 82
82 4 68
82 5 52
82 6 56
82 8 -45
82 9 -55
82 11 -98
82 13 -9
82 17 30
82 23 -24
82 24 87
82 26 91
82 27 49
82 28 -95
82 30 -49
82 31 74
82 33 -34
82 36 -33
82 38 7
82 40 -91
82 43 47
82 44 -80
82 46 -86
82 49 72
82 50 14
82 54 23
82 55 -52
82 61 56
82 62 28
82 67 61
82 68 -84
82 73 58
82 74 -73
82 75 95
82 77 -50
82 78 12
82 79 -59
82 83 74
82 84 -72
82 87 1
82 90 -90
82 92 -86
82 93 -75
82 99 -98
83 7 -25
83 11 -59
83 15 -5
83 17 -71
83 21 -61
83 22 74
83 25 65
83 26 -1
83 31 -75
83 33 -7
83 35 45
83 37 96
83 41 -43
83 46 -1
83 48 -24
83 50 -5
83 51 33
83 54 -6
83 55 43
83 57 66
83 58 -41
83 61 -31
83 63 -70
83 64 22
83 69 -76
83 72 78
83 73 -57
83 76 43
83 80 4
83 81 10
83 83 49
83 87 -73
83 88 68
83 91 -79
83 93 -67
83 94 -14
83 96 -2
83 97 -26
83 98 80
84 1 12
84 4 53
84 5 40
84 6 29
84 7 11
84 10 75
84 11 89
84 12 67
84 17 43
84 19 5
84 26 -55
84 27 64
84 29 13
84 30 -44
84 32 44
84 35 14
84 38 76
84 39 -85
84 40 -38
84 45 -97
84 46 46
84 49 81
84 50 -19
84 51 -37
84 53 82
84 54 -37
84 55 -92
84 60 33
84 62 83
84 64 65
84 66 88
84 67 -71
84 69 -89
84 72 62
84 74 -97
84 77 91
84 78 -97
84 80 -87
84 82 17
84 83 24
84 84 66
84 85 -30
84 88 95
84 89 28
84 92 -90
84 95 66
84 96 37
85 4 4
85 6 -62
85 7 -46
85 10 85
85 13 40
85 15 -33
85 18 23
85 19 11
85 20 46
85 24 -40
85 30 25
85 32 -50
85 35 93
85 37 31
85 39 -77
85 40 -98
85 41 -14
85 43 -90
85 44 18
85 48 -21
85 51 -86
85 54 -56
85 55 -84
85 58 55
85 61 98
85 62 -79
85 63 -2
85 66 -58
85 69 -33
85 70 77
85 71 92
85 74 45
85 75 100
85 76 7
85 77 -27
85 79 -36
85 81 -1
85 82 -40
85 84 -12
85 85 7
85 87 42
85 88 -66
85 92 -95
85 95 -14
85 96 53
85 97 -92
85 99 29
86 3 61
86 7 86
86 8 -99
86 10 -51
86 16 -30
86 17 -83
86 18 48
86 23 79
86 29 76
86 31 -41
86 34 20
86 36 86
86 37 13
86 40 33
86 41 -43
86 42 93
86 44 -27
86 45 76
86 48 -10
86 52 -67
86 53 44
86 56 27
86 57 40
86 59 -42
86 60 91
86 61 -48
86 62 100
86 65 -14
86 69 60
86 72 -80
86 73 -58
86 77 60
86 79 -95
86 82 52
86 85 23
86 90 6
86 92 37
86 99 59
87 0 64
87 1 19
87 3 28
87 5 -5
87 7 -62
87 8 26
87 9 -94
87 13 88
87 19 81
87 20 48
87 24 82
87 25 -5
87 29 -15
87 31 -11
87 33 -43
87 34 19
87 35 84
87 37 67
87 38 62
87 39 35
87 40 12
87 42 61
87 45 -23
87 46 40
87 49 74
87 50 13
87 52 40
87 57 -83
87 61 99
87 62 28
87 63 -31
87 68 -63
87 69 1
87 70 -75
87 71 -96
87 72 -86
87 76 70
87 79 26
87 80 -59
87 85 23
87 88 -9
87 89 80
87 90 67
87 94 22
87 95 -15
87 98 20
88 1 38
88 2 -37
88 3 -21
88 4 -20
88 11 84
88 12 74
88 21 27
88 23 -18
88 26 -25
88 27 10
88 30 49
88 34 -34
88 35 35
88 38 -53
88 43 -68
88 46 57
88 48 49
88 51 37
88 52 84
88 59 48
88 60 -51
88 62 26
88 63 -68
88 64 -28
88 67 31
88 70 -64
88 71 2
88 72 95
88 73 -15
88 75 -72
88 76 -40
88 82 -69
88 83 -31
88 84 -21
88 85 -45
88 88 42
88 90 38
88 91 -66
88 99 -54
89 0 -69
89 2 59
89 5 53
89 6 -78
89 7 95
89 10 -93
89 11 25
89 12 -34
89 15 -21
89 18 3
89 19 -58
89 20 56
89 27 72
89 30 68
89 31 20
89 32 -41
89 34 -67
89 37 10
89 39 27
89 41 -9
89 43 -24
89 45 -55
89 48 -82
89 54 -55
89 55 1
89 58 -1
89 62 67
89 70 -29
89 73 56
89 74 -99
89 75 -87
89 78 -98
89 81 34
89 82 -8
89 85 49
89 87 -85
89 88 -43
89 90 45
89 93 80
89 94 17
89 97 -77
90 0 38
90 3 -72
90 4 -71
90 6 41
90 7 12
90 9 34
90 15 94
90 16 -35
90 17 -8
90 20 -60
90 23 -82
90 25 25
90 26 -16
90 27 72
90 36 24
90 41 18
90 43 -50
90 46 73
90 51 33
90 52 -97
90 54 -19
90 55 -30
90 65 35
90 67 97
90 69 66
90 70 -47
90 71 16
90 74 15
90 80 -83
90 84 45
90 88 -19
90 90 83
90 91 56
90 95 53
90 97 -72
90 98 -19
90 99 6
91 0 94
91 1 28
91 5 55
91 9 -89
91 11 -69
91 14 -63
91 17 36
91 19 53
91 20 67
91 21 -18
91 24 98
91 25 -40
91 26 -60
91 28 5
91 29 3
91 30 -31
91 32 -57
91 33 22
91 37 -72
91 38 -16
91 39 -3
91 40 -67
91 49 -48
91 55 -85
91 56 41
91 58 11
91 59 95
91 61 29
91 69 42
91 70 -31
91 73 -36
91 74 -24
91 78 -19
91 79 29
91 80 79
91 83 -96
91 84 41
91 86 10
91 89 -82
91 94 -43
91 95 4
92 0 -30
92 1 -60
92 2 -6
92 8 -12
92 10 -11
92 11 76
92 12 -62
92 15 75
92 16 34
92 18 -12
92 20 -27
92 21 -99
92 23 -93
92 25 55
92 26 -8
92 29 59
92 32 -78
92 34 -6
92 35 93
92 38 -30
92 40 -97
92 47 -83
92 48 -2
92 53 -54
92 54 -19
92 55 61
92 56 -24
92 62 14
92 64 55
92 65 -40
92 70 24
92 71 22
92 73 -19
92 75 -58
92 76 -55
92 77 -63
92 80 -86
92 82 97
92 85 -79
92 88 -68
92 90 -99
92 92 -55
92 95 -78
93 0 -62
93 1 8
93 5 52
93 11 -47
93 18 -2
93 19 84
93 24 37
93 25 86
93 28 37
93 30 34
93 34 -80
93 37 3
93 38 50
93 39 -33
93 41 -11
93 45 -12
93 46 -64
93 47 -69
93 51 -20
93 53 30
93 66 -10
93 69 66
93 80 66
93 85 8
93 88 -27
93 89 13
93 90 81
93 98 -94
93 99 -42
94 1 -96
94 2 -72
94 3 68
94 4 -73
94 10 -7
94 11 66
94 12 47
94 16 -57
94 19 -40
94 20 -19
94 22 -49
94 23 88
94 31 65
94 32 94
94 33 -64
94 36 -68
94 40 94
94 47 13
94 50 -94
94 51 13
94 52 30
94 54 -46
94 55 -44
94 59 -59
94 61 91
94 64 -51
94 66 -72
94 67 -14
94 68 85
94 72 59
94 73 32
94 74 -5
94 75 80
94 76 -14
94 77 -54
94 78 -66
94 83 20
94 87 -75
94 91 35
94 94 -11
95 6 -1
95 12 83
95 13 20
95 15 83
95 16 -65
95 22 73
95 27 -89
95 29 52
95 30 75
95 31 85
95 34 -80
95 37 -38
95 40 4
95 42 30
95 47 -21
95 53 30
95 55 -98
95 56 47
95 57 -59
95 62 78
95 63 -48
95 66 -2
95 67 -33
95 69 62
95 71 -60
95 73 74
95 76 75
95 78 61
95 80 -41
95 85 -98
95 86 -8
95 89 -87
95 92 71
95 93 76
95 98 93
96 3 -74
96 4 50
96 9 71
96 11 96
96 17 -43
96 20 26
96 21 -56
96 23 -54
96 26 10
96 27 5
96 30 -15
96 34 -47
96 42 -54
96 46 83
96 53 44
96 55 1
96 57 -16
96 62 -12
96 63 77
96 64 56
96 65 -81
96 67 -100
96 73 69
96 75 24
96 76 4
96 81 35
96 82 -59
96 84 60
96 91 -94
96 94 -82
96 96 -78
96 98 87
96 99 2
97 1 57
97 2 -17
97 3 -42
97 5 -45
97 6 -38
97 7 51
97 9 -96
97 12 -44
97 13 -45
97 14 33
97 17 -74
97 32 -100
97 33 3
97 37 -24
97 38 -37
97 41 72
97 42 -98
97 43 62
97 47 81
97 51 71
97 54 50
97 55 59
97 56 18
97 58 -80
97 61 37
97 64 -31
97 66 53
97 67 53
97 69 -27
97 70 -38
97 71 60
97 73 -40
97 78 66
97 79 8
97 81 79
97 83 18
97 84 -36
97 85 16
97 89 98
97 90 68
97 92 32
97 93 -78
97 95 -35
97 96 83
98 4 30
98 6 31
98 7 -77
98 8 -29
98 9 -12
98 10 95
98 13 -73
98 16 86
98 18 -97
98 19 -54
98 26 75
98 27 92
98 33 27
98 34 -75
98 35 19
98 38 7
98 40 100
98 41 -1
98 44 -99
98 48 -21
98 51 77
98 53 77
98 54 30
98 58 -14
98 61 15
98 64 26
98 70 -20
98 73 -42
98 74 51
98 76 90
98 80 -66
98 84 -34
98 88 84
98 89 68
98 92 -18
98 93 51
98 94 25
98 95 -98
98 97 -67
99 0 46
99 3 -42
99 6 -55
99 8 38
99 11 82
99 12 -4
99 20 -54
99 21 25
99 23 44
99 24 -59
99 28 -74
99 29 -31
99 30 13
99 31 -29
99 33 13
99 34 86
99 40 -36
99 41 91
99 43 -47
99 48 -13
99 54 -71
99 55 -8
99 56 -13
99 62 -14
99 63 -30
99 66 -14
99 69 28
99 71 -67
99 74 74
99 75 -36
99 79 -37
99 83 84
99 84 -81
99 86 -60
99 89 -62
99 90 -4
99 93 13
99 97 84
99 98 5