0 0 83
0 1 -70
0 2 -27
0 4 -51
0 5 20
0 7 -75
0 8 -83
0 9 27
1 0 16
1 1 -20
1 2 13
1 3 -29
1 4 -3
1 7 91
1 9 39
2 0 38
2 3 73
2 4 -86
2 5 -10
2 6 64
2 7 -4
2 8 14
2 9 -3
3 1 -12
3 2 30
3 3 21
3 4 -14
3 6 -95
3 7 -1
3 8 31
3 9 -42
4 1 87
4 2 -52
4 3 -10
4 4 45
4 5 48
4 6 100
4 7 9
4 8 16
4 9 92
5 0 51
5 1 78
5 2 70
5 3 -92
5 4 -76
5 5 78
5 6 -29
5 7 100
5 8 -36
5 9 -3
6 0 -84
6 2 46
6 3 -56
6 4 -25
6 5 -66
6 6 -17
6 7 9
6 8 -48
6 9 -5
7 0 62
7 3 -7
7 4 -83
7 5 81
7 7 17
7 8 70
7 9 32
8 0 83
8 1 87
8 2 -27
8 3 -36
8 4 37
8 5 99
8 6 -42
8 7 -92
8 8 37
8 9 -30
9 0 23
9 1 98
9 2 -5
9 3 -49
9 4 -2
9 5 49
9 6 32
9 7 -49
9 8 -19
9 9 87