0 0 28
0 1 41
0 2 -69
0 3 21
0 4 -61
0 5 8
0 6 32
0 7 -6
0 8 -33
0 9 -90
0 10 -24
0 11 -81
0 12 14
0 13 5
0 14 -17
0 15 -71
0 16 -61
0 17 36
0 18 -71
0 19 -7
0 20 -95
0 21 26
0 23 -43
0 24 -77
0 25 -30
0 26 -78
0 27 -66
0 28 -68
0 29 -89
0 31 49
0 32 50
0 33 -42
0 34 3
0 35 43
0 36 15
0 37 99
0 38 48
0 39 51
0 40 -94
0 41 64
0 42 -8
0 43 60
0 44 7
0 45 -1
0 46 34
0 47 92
0 48 -54
0 49 -29
1 0 -60
1 1 49
1 2 37
1 3 15
1 4 -80
1 5 57
1 6 -62
1 7 23
1 8 59
1 9 -59
1 10 54
1 11 -33
1 12 -34
1 13 93
1 14 -50
1 15 14
1 16 -45
1 17 64
1 18 -68
1 19 36
1 20 58
1 21 91
1 22 32
1 23 -26
1 24 28
1 25 33
1 26 -80
1 27 11
1 28 -99
1 29 98
1 30 -63
1 31 70
1 32 -18
1 33 -66
1 34 -47
1 35 58
1 36 -93
1 37 -42
1 38 -89
1 39 -34
1 40 23
1 41 -34
1 42 -52
1 43 -72
1 44 -71
1 45 44
1 46 -37
1 47 -70
1 48 -16
1 49 -54
2 0 -29
2 1 -66
2 2 -85
2 3 66
2 4 -70
2 5 24
2 6 -53
2 7 58
2 8 37
2 9 80
2 10 84
2 12 43
2 13 -49
2 14 3
2 15 42
2 16 96
2 17 -38
2 18 -96
2 19 -22
2 20 63
2 22 -86
2 23 -92
2 24 -87
2 25 -92
2 26 61
2 27 41
2 28 -22
2 29 33
2 30 -62
2 31 -30
2 32 36
2 33 31
2 34 -26
2 35 20
2 36 32
2 37 -92
2 38 49
2 39 50
2 40 23
2 41 92
2 42 -20
2 43 -96
2 44 -40
2 45 94
2 46 -3
2 47 -51
2 48 -82
2 49 -29
3 0 5
3 1 90
3 2 -8
3 3 8
3 4 -46
3 5 82
3 6 -51
3 7 73
3 8 -46
3 9 -75
3 11 -88
3 12 -2
3 13 9
3 14 3
3 15 -2
3 16 -5
3 17 -12
3 18 20
3 19 -42
3 20 24
3 21 91
3 22 -33
3 23 7
3 24 -19
3 25 -60
3 26 -31
3 27 33
3 28 7
3 29 64
3 30 73
3 31 -94
3 32 27
3 33 -76
3 34 98
3 35 64
3 36 2
3 37 -80
3 38 -24
3 39 32
3 40 87
3 41 3
3 42 23
3 43 -35
3 44 6
3 46 -90
3 47 13
3 48 27
3 49 -22
4 0 -95
4 1 -64
4 2 63
4 3 83
4 4 5
4 5 -91
4 6 -68
4 7 -31
4 8 -55
4 9 70
4 10 -80
4 11 -71
4 12 -28
4 13 -72
4 14 15
4 15 80
4 16 68
4 17 52
4 18 -14
4 19 -45
4 20 -52
4 21 -67
4 22 -21
4 23 99
4 24 37
4 25 -64
4 26 60
4 27 -86
4 28 -27
4 29 -72
4 30 -39
4 31 -73
4 32 44
4 33 48
4 34 12
4 35 60
4 36 -95
4 37 -48
4 38 86
4 39 39
4 40 26
4 41 -14
4 42 10
4 43 96
4 44 -35
4 45 54
4 46 -55
4 47 -69
4 49 -19
5 0 -76
5 1 51
5 2 90
5 3 59
5 4 22
5 5 90
5 6 33
5 7 -84
5 8 -54
5 9 -94
5 10 -33
5 11 -72
5 12 6
5 13 6
5 14 -52
5 15 53
5 16 -47
5 17 -56
5 18 -68
5 19 33
5 20 32
5 21 43
5 22 -25
5 23 -57
5 24 -83
5 25 48
5 26 -37
5 27 3
5 28 43
5 29 -8
5 31 85
5 32 20
5 33 -14
5 34 -95
5 35 44
5 36 10
5 37 19
5 38 -26
5 39 -33
5 40 -39
5 41 12
5 42 41
5 43 -2
5 44 -1
5 46 70
5 47 61
5 48 -58
5 49 29
6 0 -76
6 1 -82
6 2 100
6 3 28
6 4 49
6 5 63
6 6 86
6 7 53
6 8 -85
6 9 61
6 10 -68
6 11 87
6 12 32
6 13 18
6 14 -31
6 15 12
6 16 -65
6 17 26
6 18 91
6 19 29
6 20 -85
6 21 -48
6 22 29
6 23 42
6 24 -9
6 25 -23
6 26 -70
6 27 -48
6 28 25
6 29 20
6 30 68
6 31 88
6 32 -15
6 33 80
6 34 -54
6 35 77
6 36 20
6 37 18
6 38 -44
6 39 2
6 40 90
6 41 11
6 42 16
6 43 -65
6 44 54
6 45 -99
6 46 28
6 47 -39
6 48 97
6 49 -76
7 0 -77
7 1 36
7 2 99
7 3 74
7 4 60
7 5 99
7 6 90
7 7 41
7 8 -34
7 9 -95
7 10 -6
7 11 -51
7 12 13
7 13 -12
7 14 86
7 15 44
7 16 -9
7 17 22
7 18 -51
7 19 -88
7 20 -78
7 21 -97
7 22 79
7 23 16
7 24 -30
7 25 15
7 26 67
7 27 -27
7 28 -66
7 29 65
7 30 -74
7 31 18
7 32 10
7 33 23
7 34 -75
7 35 85
7 36 7
7 37 -14
7 38 12
7 39 -81
7 40 91
7 41 -31
7 42 72
7 43 67
7 44 36
7 45 52
7 46 24
7 47 100
7 48 -42
7 49 45
8 0 -18
8 1 65
8 2 69
8 3 -89
8 4 92
8 5 100
8 6 47
8 7 73
8 8 13
8 9 13
8 10 -100
8 11 -84
8 12 -100
8 13 33
8 14 -55
8 15 -3
8 16 49
8 17 22
8 18 58
8 19 -64
8 20 20
8 21 98
8 22 -83
8 23 -36
8 24 -62
8 25 5
8 26 -93
8 27 74
8 28 -52
8 29 -7
8 31 -56
8 32 -81
8 33 81
8 34 -43
8 35 -24
8 36 85
8 37 73
8 38 98
8 39 54
8 40 3
8 41 28
8 42 -58
8 43 -79
8 44 89
8 45 -93
8 46 14
8 47 73
8 48 -47
8 49 67
9 0 -68
9 1 97
9 3 -19
9 4 -39
9 5 -50
9 6 9
9 7 72
9 8 48
9 9 -22
9 10 79
9 11 28
9 12 53
9 13 -8
9 14 60
9 15 -33
9 16 -31
9 17 -39
9 18 -8
9 19 -84
9 20 17
9 21 77
9 22 -63
9 23 76
9 24 68
9 25 17
9 26 -39
9 27 29
9 28 77
9 29 -91
9 30 79
9 31 -19
9 32 56
9 33 -72
9 34 -39
9 35 -7
9 36 -41
9 37 -77
9 38 -18
9 39 -50
9 40 22
9 41 -40
9 42 28
9 43 30
9 44 -10
9 45 -4
9 46 -49
9 47 80
9 48 32
9 49 -27
10 0 -6
10 1 32
10 2 22
10 3 74
10 4 46
10 5 38
10 6 27
10 7 36
10 8 2
10 9 -45
10 10 60
10 11 3
10 12 -14
10 13 -59
10 14 90
10 15 88
10 16 17
10 17 9
10 18 34
10 19 99
10 20 -62
10 21 -7
10 22 -28
10 23 29
10 24 80
10 25 -3
10 26 80
10 27 54
10 28 52
10 29 -57
10 30 59
10 31 87
10 32 75
10 33 64
10 34 87
10 35 -76
10 36 -8
10 37 -53
10 38 80
10 39 37
10 40 -35
10 41 6
10 42 91
10 43 -17
10 44 -96
10 45 73
10 46 -45
10 47 100
10 48 -75
10 49 -57
11 0 40
11 1 -88
11 2 -33
11 3 -54
11 4 71
11 5 18
11 6 -2
11 7 88
11 8 12
11 9 2
11 10 -55
11 11 -16
11 12 11
11 13 50
11 14 51
11 15 -33
11 16 9
11 17 24
11 18 41
11 19 32
11 20 -73
11 21 -42
11 22 51
11 23 8
11 24 61
11 25 32
11 26 -42
11 27 -32
11 28 -12
11 29 95
11 30 80
11 31 -61
11 32 16
11 33 -21
11 34 -63
11 35 93
11 36 -39
11 38 36
11 39 72
11 40 87
11 41 -11
11 42 -97
11 43 53
11 44 -71
11 45 33
11 46 -75
11 47 -46
11 48 -81
11 49 -57
12 0 -10
12 1 18
12 2 -70
12 3 -10
12 4 -20
12 5 -8
12 6 -2
12 7 70
12 8 16
12 9 -12
12 10 32
12 11 -86
12 12 12
12 13 84
12 14 19
12 15 -50
12 16 -2
12 17 -70
12 18 30
12 19 9
12 20 67
12 21 45
12 22 12
12 23 -86
12 24 54
12 25 -36
12 26 -28
12 27 82
12 28 40
12 30 -29
12 31 68
12 32 24
12 33 89
12 34 68
12 35 47
12 37 -88
12 38 -99
12 39 69
12 40 53
12 41 -82
12 42 -59
12 43 -94
12 44 3
12 45 -48
12 46 31
12 47 44
12 48 -3
12 49 51
13 0 12
13 1 -9
13 2 -53
13 3 30
13 4 45
13 5 41
13 6 18
13 7 -48
13 8 42
13 9 99
13 10 51
13 11 54
13 12 -41
13 13 31
13 14 90
13 15 -55
13 17 -55
13 18 55
13 19 -12
13 20 34
13 21 -2
13 22 -84
13 23 20
13 24 -4
13 25 -54
13 26 44
13 27 -40
13 28 88
13 29 -73
13 30 -50
13 31 41
13 32 -41
13 33 -100
13 34 -10
13 35 66
13 36 32
13 37 -13
13 38 -4
13 39 -78
13 40 82
13 41 -93
13 42 6
13 43 -54
13 44 -74
13 45 -69
13 46 74
13 48 -94
13 49 -83
14 0 -77
14 1 33
14 2 30
14 3 79
14 4 -2
14 5 32
14 6 -43
14 7 82
14 8 90
14 9 2
14 10 -69
14 11 67
14 12 -71
14 13 -40
14 14 -99
14 15 -37
14 16 21
14 17 -36
14 18 -32
14 19 99
14 20 52
14 21 74
14 22 -27
14 23 -75
14 24 15
14 25 -7
14 26 -56
14 27 -43
14 28 26
14 29 59
14 30 -37
14 31 -69
14 32 13
14 33 82
14 34 -78
14 35 77
14 36 71
14 37 -97
14 38 45
14 39 63
14 40 -96
14 41 88
14 42 -37
14 43 -87
14 44 55
14 45 -19
14 46 -46
14 47 -95
14 48 44
14 49 -63
15 0 82
15 1 -39
15 2 -25
15 3 40
15 4 20
15 5 -38
15 6 3
15 7 -80
15 8 -33
15 9 -17
15 10 -56
15 11 20
15 13 -64
15 14 -27
15 15 -67
15 16 -13
15 17 33
15 18 -28
15 19 13
15 20 86
15 21 59
15 22 -60
15 23 8
15 24 39
15 25 -41
15 26 -32
15 27 -14
15 28 69
15 29 87
15 30 25
15 31 -85
15 32 -76
15 33 -16
15 34 -71
15 35 -95
15 36 41
15 37 90
15 38 26
15 39 -9
15 40 93
15 41 -89
15 42 -56
15 43 20
15 44 13
15 45 -23
15 46 41
15 47 -4
15 48 -15
15 49 31
16 0 -54
16 1 -89
16 2 -33
16 3 -59
16 4 -2
16 5 -90
16 6 -86
16 7 -63
16 8 -79
16 9 -79
16 10 56
16 11 -95
16 12 19
16 13 -89
16 14 22
16 15 77
16 16 75
16 17 21
16 18 39
16 19 1
16 20 -64
16 21 -61
16 22 12
16 23 55
16 24 10
16 25 -83
16 26 -72
16 27 -77
16 28 -84
16 29 -52
16 30 -48
16 31 -24
16 32 98
16 33 29
16 34 13
16 35 49
16 36 63
16 37 -8
16 38 24
16 39 -27
16 40 -95
16 41 58
16 42 -12
16 43 -64
16 44 -19
16 45 -62
16 46 52
16 47 36
16 48 -51
16 49 -87
17 0 53
17 1 -55
17 2 -44
17 3 83
17 4 -96
17 5 48
17 6 22
17 7 -92
17 8 -99
17 9 41
17 10 27
17 11 21
17 12 20
17 13 31
17 14 -34
17 15 73
17 16 -31
17 17 63
17 18 29
17 19 97
17 20 91
17 21 16
17 22 77
17 23 -100
17 24 -67
17 25 -13
17 26 -23
17 27 -94
17 28 79
17 29 -77
17 30 36
17 31 -73
17 32 61
17 33 36
17 34 69
17 35 10
17 36 -50
17 38 91
17 39 51
17 40 -46
17 41 -48
17 43 42
17 44 -14
17 45 -66
17 46 63
17 47 -63
17 48 47
17 49 4
18 0 24
18 1 22
18 2 -94
18 3 23
18 4 6
18 5 13
18 6 91
18 7 86
18 8 52
18 9 -58
18 10 98
18 12 73
18 13 88
18 14 46
18 15 -19
18 16 -25
18 17 -5
18 18 14
18 19 90
18 20 -41
18 21 -64
18 22 -98
18 23 -68
18 24 -94
18 25 -88
18 26 -92
18 27 31
18 28 70
18 29 1
18 30 63
18 31 5
18 33 -87
18 34 3
18 35 69
18 36 34
18 37 96
18 38 89
18 39 -51
18 40 56
18 41 62
18 42 33
18 43 65
18 44 71
18 45 69
18 46 -82
18 47 85
18 48 76
18 49 -69
19 0 70
19 1 83
19 2 -53
19 3 -86
19 4 -26
19 5 -69
19 7 17
19 8 -64
19 9 -14
19 10 92
19 11 90
19 12 -52
19 13 30
19 14 -2
19 16 -92
19 17 4
19 18 81
19 19 -18
19 20 46
19 21 -16
19 22 23
19 23 -85
19 24 93
19 25 -32
19 26 -55
19 27 25
19 28 -42
19 29 94
19 30 -62
19 32 -54
19 33 -17
19 35 -7
19 36 -61
19 37 -10
19 38 38
19 39 9
19 40 96
19 41 38
19 42 85
19 43 -98
19 44 -67
19 45 85
19 46 49
19 47 44
19 48 16
19 49 10
20 1 -54
20 2 -80
20 3 96
20 4 -91
20 5 -7
20 6 68
20 7 18
20 8 -100
20 9 69
20 10 -58
20 11 88
20 12 -14
20 13 3
20 14 61
20 15 16
20 16 34
20 17 -13
20 18 32
20 19 -79
20 20 81
20 21 -79
20 22 77
20 23 -72
20 24 -83
20 25 -33
20 26 -99
20 27 58
20 28 85
20 29 95
20 30 -49
20 31 66
20 32 -55
20 33 -86
20 34 -27
20 35 56
20 36 -43
20 37 63
20 38 12
20 39 -27
20 40 33
20 41 -22
20 42 -32
20 43 49
20 44 -65
20 45 -37
20 46 -29
20 47 34
20 48 32
20 49 11
21 0 -56
21 1 36
21 2 -76
21 3 14
21 4 22
21 5 31
21 6 68
21 7 39
21 8 55
21 9 -97
21 10 52
21 11 52
21 12 -98
21 13 99
21 14 -87
21 15 72
21 16 52
21 17 29
21 18 19
21 19 -85
21 20 -28
21 21 15
21 22 -31
21 23 9
21 24 -79
21 25 -14
21 26 95
21 27 -5
21 28 14
21 29 55
21 30 -14
21 31 -76
21 32 52
21 33 -31
21 34 -10
21 35 88
21 36 9
21 37 -72
21 38 63
21 39 83
21 40 44
21 41 -25
21 42 50
21 43 -1
21 44 -78
21 45 82
21 46 18
21 47 -69
21 48 14
21 49 93
22 0 -33
22 1 -64
22 2 -77
22 3 -72
22 4 -67
22 5 87
22 6 65
22 7 -56
22 8 91
22 9 -57
22 10 76
22 11 -61
22 12 -84
22 13 -7
22 14 48
22 15 46
22 16 6
22 17 67
22 18 -75
22 19 -2
22 20 -64
22 21 -41
22 22 80
22 23 97
22 24 75
22 25 -46
22 26 -38
22 27 -65
22 28 97
22 29 -83
22 30 16
22 31 80
22 32 48
22 33 4
22 34 52
22 35 84
22 36 -47
22 37 49
22 38 -50
22 39 -93
22 40 -51
22 41 -54
22 42 -50
22 43 19
22 44 3
22 45 -83
22 46 56
22 47 91
22 48 75
22 49 87
23 0 27
23 1 -63
23 2 -74
23 3 -48
23 4 -8
23 5 -3
23 6 -91
23 7 -34
23 8 -77
23 9 -77
23 10 -54
23 11 86
23 12 -80
23 13 81
23 14 42
23 15 10
23 16 21
23 17 93
23 18 -13
23 19 25
23 20 -2
23 21 55
23 22 -82
23 23 -67
23 24 -99
23 25 -66
23 26 -61
23 27 -22
23 28 -77
23 29 -93
23 30 -37
23 31 12
23 32 49
23 33 -69
23 34 60
23 35 89
23 36 -49
23 37 -72
23 38 -90
23 40 -7
23 41 -14
23 42 18
23 43 -71
23 44 94
23 45 22
23 46 70
23 47 -54
23 48 90
23 49 71
24 0 43
24 1 -11
24 3 -32
24 4 -98
24 5 14
24 6 77
24 7 59
24 8 -42
24 9 3
24 10 -73
24 11 22
24 12 99
24 13 -12
24 14 -26
24 15 38
24 16 -73
24 17 96
24 18 37
24 19 94
24 20 -5
24 21 38
24 22 56
24 23 77
24 24 -39
24 25 86
24 26 10
24 27 -11
24 28 35
24 29 -30
24 30 94
24 31 93
24 32 -48
24 33 93
24 34 -23
24 35 -88
24 36 39
24 37 83
24 38 -72
24 39 89
24 40 -25
24 41 38
24 42 -69
24 43 52
24 44 13
24 45 -70
24 46 31
24 47 -70
24 48 -19
24 49 -91
25 1 3
25 2 -43
25 3 60
25 5 -15
25 6 -68
25 7 62
25 8 -9
25 9 32
25 10 -60
25 11 -93
25 12 22
25 13 -20
25 14 55
25 15 19
25 16 33
25 17 -97
25 18 -52
25 19 -24
25 20 -79
25 21 -46
25 22 48
25 23 70
25 24 -55
25 25 -80
25 26 67
25 27 -25
25 28 26
25 29 -91
25 30 49
25 31 96
25 32 -38
25 33 -51
25 34 83
25 35 98
25 36 26
25 37 -6
25 38 -38
25 39 78
25 40 -4
25 41 63
25 42 -8
25 43 -88
25 44 90
25 45 93
25 46 -97
25 47 98
25 48 -78
25 49 5
26 0 -2
26 1 91
26 2 1
26 3 -18
26 4 39
26 5 -40
26 6 9
26 7 -84
26 8 -73
26 9 -58
26 10 -9
26 11 -12
26 12 94
26 13 77
26 14 27
26 15 46
26 16 -1
26 17 -61
26 18 59
26 19 18
26 20 -28
26 21 -65
26 22 -8
26 23 -48
26 24 -39
26 25 4
26 26 -75
26 27 -99
26 28 50
26 29 -3
26 30 81
26 31 35
26 32 -55
26 33 -12
26 34 -68
26 35 69
26 36 -54
26 37 -52
26 38 40
26 39 -84
26 40 51
26 41 10
26 42 -92
26 43 -53
26 44 27
26 45 -51
26 46 29
26 47 -85
26 48 71
26 49 -72
27 0 -53
27 1 31
27 2 -70
27 3 67
27 4 54
27 5 84
27 6 75
27 7 22
27 8 65
27 9 -18
27 10 2
27 11 -38
27 12 96
27 13 76
27 14 -9
27 15 43
27 16 -100
27 17 -43
27 18 99
27 19 28
27 20 -61
27 21 92
27 22 75
27 23 -92
27 24 -69
27 25 -13
27 26 -69
27 27 61
27 28 20
27 29 -73
27 30 61
27 31 -57
27 32 -87
27 33 44
27 34 15
27 35 19
27 36 -39
27 37 29
27 38 -71
27 39 49
27 40 85
27 41 -24
27 42 65
27 43 96
27 44 -95
27 45 -93
27 46 -22
27 47 -3
27 48 84
27 49 -48
28 0 -89
28 1 39
28 2 -46
28 3 -25
28 4 -99
28 5 58
28 6 -95
28 7 -7
28 8 -24
28 9 82
28 10 1
28 11 26
28 12 -92
28 13 60
28 14 21
28 15 -47
28 16 -64
28 17 68
28 18 7
28 19 68
28 20 21
28 21 -26
28 22 -94
28 23 -47
28 24 19
28 25 78
28 26 39
28 27 -35
28 28 -11
28 29 -97
28 30 66
28 31 -64
28 32 -98
28 33 25
28 34 -45
28 35 10
28 36 83
28 37 -92
28 38 -53
28 39 71
28 40 58
28 41 -91
28 42 97
28 43 -31
28 44 -21
28 45 26
28 46 8
28 47 66
28 48 20
28 49 -48
29 0 -36
29 1 -76
29 2 42
29 3 51
29 4 -72
29 5 9
29 6 31
29 7 93
29 8 9
29 9 14
29 10 46
29 11 -57
29 12 -48
29 13 85
29 14 -4
29 15 85
29 16 6
29 17 -27
29 18 -42
29 19 24
29 20 91
29 21 -38
29 22 73
29 23 68
29 24 -5
29 25 -62
29 26 -7
29 27 -41
29 28 -36
29 29 88
29 30 9
29 31 85
29 32 -37
29 33 69
29 34 -8
29 35 33
29 36 -80
29 37 3
29 38 55
29 39 37
29 40 -64
29 41 68
29 42 15
29 43 -99
29 44 60
29 45 -34
29 46 -33
29 47 1
29 48 -50
29 49 -8
30 0 -10
30 1 -83
30 2 -50
30 3 90
30 4 87
30 5 -41
30 6 -100
30 7 -98
30 8 19
30 9 65
30 10 -54
30 11 94
30 12 -87
30 13 -60
30 14 -92
30 15 -100
30 16 -46
30 17 -40
30 18 -49
30 19 -42
30 20 29
30 21 51
30 22 -75
30 23 80
30 24 -58
30 25 55
30 26 25
30 27 -40
30 28 -73
30 29 -89
30 30 -75
30 31 -18
30 32 -28
30 33 -33
30 34 49
30 35 -84
30 36 44
30 37 70
30 38 42
30 39 -65
30 40 81
30 41 35
30 42 -82
30 43 53
30 44 -51
30 45 -85
30 46 88
30 47 -11
30 48 -70
30 49 -8
31 0 48
31 1 -81
31 2 53
31 3 54
31 4 66
31 5 61
31 6 -10
31 7 -57
31 8 -30
31 9 -59
31 10 81
31 11 9
31 12 82
31 13 90
31 15 79
31 16 -49
31 17 -52
31 18 71
31 19 86
31 20 21
31 21 48
31 22 -51
31 23 -37
31 24 11
31 25 18
31 26 -83
31 27 59
31 28 12
31 29 -35
31 30 47
31 31 -47
31 32 -79
31 33 36
31 34 -58
31 35 -90
31 36 40
31 37 -83
31 38 -75
31 39 -28
31 40 18
31 41 -15
31 42 -92
31 43 -62
31 44 -48
31 45 -64
31 46 -49
31 47 94
31 48 -16
31 49 -8
32 0 -49
32 1 95
32 2 -13
32 3 -17
32 4 -73
32 5 30
32 6 -95
32 7 -78
32 8 8
32 9 25
32 10 91
32 11 61
32 13 -94
32 14 -43
32 15 -68
32 16 7
32 17 60
32 18 94
32 19 61
32 20 8
32 21 51
32 22 -41
32 23 23
32 24 80
32 25 72
32 26 -1
32 27 21
32 28 7
32 29 -37
32 30 -15
32 31 9
32 32 86
32 33 61
32 34 72
32 35 -89
32 36 9
32 37 94
32 38 -61
32 39 -41
32 40 -93
32 41 41
32 42 48
32 43 -47
32 44 -49
32 45 76
32 46 -17
32 47 72
32 48 26
32 49 -50
33 0 -37
33 1 67
33 2 12
33 3 16
33 4 27
33 5 79
33 6 41
33 7 -80
33 8 95
33 9 76
33 10 94
33 11 7
33 13 -79
33 14 -49
33 15 -68
33 16 -36
33 17 26
33 18 -93
33 19 -82
33 20 -85
33 21 2
33 22 -69
33 23 7
33 24 48
33 25 7
33 26 18
33 27 24
33 28 70
33 29 -92
33 30 12
33 31 -88
33 32 -85
33 33 -44
33 34 52
33 35 46
33 36 -30
33 37 -43
33 38 1
33 39 57
33 40 44
33 41 -8
33 42 -42
33 43 -40
33 44 -88
33 45 17
33 46 -54
33 47 -34
33 48 55
33 49 -11
34 0 -36
34 1 21
34 2 15
34 3 44
34 4 -26
34 5 -84
34 6 41
34 7 95
34 8 3
34 9 -53
34 10 19
34 11 65
34 12 -61
34 13 -70
34 14 -75
34 15 -86
34 16 23
34 17 -64
34 18 73
34 19 96
34 20 -14
34 21 37
34 22 -27
34 23 -80
34 24 -16
34 25 84
34 26 41
34 27 -71
34 28 -98
34 29 -23
34 30 76
34 31 -50
34 32 44
34 33 97
34 34 -33
34 35 -3
34 36 -81
34 37 81
34 38 -21
34 39 3
34 40 -71
34 41 97
34 42 -21
34 43 -73
34 44 -55
34 45 -52
34 46 -45
34 47 17
34 48 -95
34 49 -8
35 0 17
35 1 -41
35 2 -87
35 3 92
35 4 -69
35 5 82
35 6 60
35 7 -21
35 8 -2
35 9 -60
35 10 48
35 11 84
35 12 -86
35 14 65
35 15 16
35 16 23
35 17 18
35 18 -20
35 19 74
35 20 9
35 21 -93
35 22 48
35 23 70
35 24 -65
35 25 -62
35 26 60
35 27 44
35 28 -62
35 29 -22
35 30 61
35 31 91
35 32 61
35 33 -86
35 35 13
35 36 44
35 37 -3
35 38 -22
35 39 -68
35 40 -53
35 41 90
35 43 73
35 44 49
35 45 57
35 46 67
35 47 -45
35 48 -25
35 49 -80
36 0 -63
36 1 -85
36 2 -7
36 3 -80
36 5 -16
36 6 -74
36 7 -76
36 8 -16
36 9 76
36 10 64
36 11 2
36 12 8
36 13 59
36 14 -8
36 15 28
36 16 9
36 17 28
36 18 -50
36 19 -48
36 20 20
36 21 -24
36 22 77
36 23 -10
36 24 45
36 25 56
36 26 -56
36 27 17
36 28 15
36 29 -4
36 30 -7
36 31 27
36 32 45
36 33 -13
36 34 53
36 35 57
36 36 28
36 38 55
36 39 -11
36 40 81
36 41 -36
36 42 -47
36 43 -100
36 44 19
36 45 32
36 46 67
36 47 -98
36 48 85
36 49 65
37 0 -71
37 1 41
37 2 -52
37 3 19
37 4 -49
37 5 57
37 6 -40
37 7 -39
37 8 25
37 9 78
37 10 83
37 11 -42
37 12 20
37 13 -15
37 14 40
37 15 -56
37 16 -30
37 17 -92
37 18 20
37 19 41
37 21 54
37 22 36
37 23 43
37 24 -38
37 25 97
37 26 55
37 27 40
37 28 -73
37 29 15
37 30 -67
37 31 44
37 32 84
37 33 63
37 34 46
37 35 -92
37 36 75
37 37 38
37 38 91
37 39 19
37 40 75
37 41 47
37 42 -43
37 43 -84
37 44 68
37 45 92
37 46 -86
37 47 -91
37 48 10
37 49 -49
38 0 -79
38 1 74
38 2 37
38 3 6
38 4 -56
38 5 16
38 6 -49
38 7 -94
38 8 41
38 9 47
38 10 -78
38 11 -41
38 12 -34
38 13 41
38 14 36
38 15 -11
38 16 -81
38 17 -6
38 18 74
38 19 78
38 20 1
38 21 -89
38 22 -10
38 23 -30
38 24 97
38 25 -49
38 26 -41
38 28 47
38 29 21
38 30 -76
38 31 6
38 32 75
38 33 -34
38 34 34
38 35 -30
38 36 62
38 37 -40
38 38 -46
38 39 -23
38 40 69
38 41 8
38 42 -96
38 43 -43
38 44 -19
38 45 33
38 46 -98
38 47 46
38 48 15
38 49 62
39 1 -5
39 2 50
39 3 -8
39 4 100
39 5 45
39 6 -100
39 7 -40
39 8 -57
39 9 -48
39 10 9
39 11 65
39 12 -46
39 13 4
39 14 93
39 15 -72
39 16 -40
39 17 63
39 18 77
39 19 39
39 20 -23
39 21 -76
39 22 90
39 23 -42
39 24 -69
39 25 99
39 26 47
39 27 74
39 28 -97
39 29 -31
39 30 -8
39 32 61
39 33 96
39 34 -8
39 35 38
39 36 11
39 37 13
39 38 -33
39 39 65
39 40 -67
39 41 2
39 42 15
39 43 -68
39 44 -34
39 45 43
39 46 53
39 47 40
39 48 -19
39 49 41
40 0 -8
40 1 50
40 2 -20
40 3 -43
40 4 45
40 5 92
40 6 -20
40 7 -12
40 8 53
40 9 -16
40 10 -5
40 11 96
40 13 -64
40 14 -42
40 15 44
40 16 -23
40 17 -44
40 18 9
40 19 64
40 20 5
40 21 23
40 22 100
40 23 -43
40 24 -76
40 25 61
40 26 56
40 27 39
40 28 47
40 29 -80
40 30 88
40 31 73
40 32 -78
40 33 1
40 34 -74
40 35 85
40 36 -24
40 37 -14
40 38 -57
40 39 29
40 40 1
40 41 99
40 42 59
40 43 86
40 44 -8
40 45 12
40 46 -55
40 47 -99
40 48 -73
40 49 -43
41 0 88
41 1 20
41 2 99
41 3 2
41 4 83
41 6 -77
41 7 100
41 8 -100
41 9 21
41 10 -100
41 11 -35
41 12 49
41 13 -64
41 14 77
41 15 81
41 16 58
41 17 88
41 18 38
41 19 72
41 20 -76
41 21 -77
41 22 13
41 23 -72
41 24 33
41 25 -34
41 26 65
41 27 24
41 28 39
41 29 -90
41 30 -71
41 31 39
41 32 -24
41 33 21
41 34 96
41 35 -1
41 36 34
41 37 -65
41 38 41
41 39 16
41 40 62
41 41 8
41 42 -33
41 43 47
41 44 -6
41 45 -79
41 46 -58
41 47 27
41 48 -37
41 49 28
42 0 -4
42 1 16
42 2 17
42 3 58
42 4 -18
42 5 -63
42 6 3
42 7 76
42 8 -5
42 9 17
42 10 90
42 11 80
42 12 -12
42 14 -73
42 15 13
42 16 85
42 17 54
42 18 95
42 19 -18
42 20 84
42 21 -38
42 22 -5
42 23 39
42 24 -9
42 25 26
42 26 -62
42 27 84
42 28 -84
42 29 -47
42 30 29
42 31 -21
42 32 79
42 33 -18
42 34 36
42 35 -64
42 36 -24
42 37 5
42 38 33
42 39 -96
42 40 -82
42 41 -26
42 42 19
42 43 75
42 44 8
42 45 50
42 46 35
42 48 -16
42 49 53
43 0 -21
43 1 41
43 2 -83
43 3 -84
43 4 17
43 5 85
43 6 4
43 7 64
43 8 -99
43 9 -35
43 10 61
43 11 -3
43 12 37
43 13 34
43 14 35
43 15 -44
43 16 -95
43 17 -19
43 18 43
43 19 69
43 20 85
43 21 3
43 22 -13
43 23 90
43 24 -18
43 25 -97
43 26 73
43 27 -90
43 28 -48
43 29 73
43 30 -92
43 31 -40
43 32 55
43 33 -9
43 34 -29
43 35 -58
43 36 46
43 37 -66
43 38 -65
43 39 21
43 40 -96
43 41 15
43 42 -85
43 43 67
43 45 -68
43 46 -70
43 47 34
43 48 -80
43 49 24
44 0 73
44 1 69
44 2 -52
44 3 -58
44 4 16
44 5 43
44 6 -62
44 7 -74
44 8 -71
44 9 30
44 10 12
44 11 84
44 12 23
44 13 -31
44 14 88
44 15 2
44 16 -67
44 17 -80
44 18 43
44 19 96
44 20 -20
44 21 41
44 22 -46
44 23 -28
44 24 -19
44 25 -26
44 26 78
44 27 -96
44 28 -48
44 29 -89
44 30 85
44 31 39
44 32 -26
44 33 89
44 34 -98
44 35 -23
44 36 92
44 37 -25
44 38 -43
44 39 1
44 40 25
44 41 95
44 42 -56
44 43 -94
44 44 10
44 45 -27
44 46 -31
44 47 -5
44 48 59
44 49 9
45 0 5
45 1 68
45 2 22
45 3 -67
45 4 -44
45 5 83
45 6 -24
45 7 78
45 8 -83
45 9 -65
45 10 -28
45 11 9
45 12 85
45 13 1
45 14 -16
45 15 -37
45 16 85
45 17 66
45 18 74
45 19 95
45 20 13
45 21 -43
45 22 -51
45 23 -46
45 24 9
45 25 -68
45 26 -65
45 27 70
45 28 -16
45 29 -27
45 30 31
45 31 74
45 33 96
45 34 -67
45 35 -30
45 36 63
45 37 -43
45 39 -74
45 40 1
45 41 -75
45 42 6
45 43 -40
45 44 31
45 45 7
45 46 56
45 47 2
45 48 72
45 49 -54
46 0 -31
46 1 82
46 2 86
46 3 59
46 4 20
46 5 -14
46 6 52
46 7 -33
46 8 -25
46 9 34
46 10 -91
46 11 54
46 12 -39
46 13 -62
46 14 -12
46 15 -55
46 16 -37
46 17 77
46 18 99
46 19 8
46 20 -55
46 21 3
46 22 81
46 23 -71
46 24 -54
46 25 82
46 26 -53
46 27 11
46 28 -34
46 29 77
46 30 76
46 31 -8
46 32 36
46 33 40
46 35 -23
46 36 83
46 37 -50
46 38 -75
46 39 -79
46 40 89
46 41 -68
46 42 -1
46 43 7
46 44 73
46 45 63
46 46 -6
46 47 -24
46 48 35
46 49 -89
47 0 -27
47 1 -82
47 2 -94
47 3 -85
47 4 15
47 5 -6
47 6 -30
47 7 27
47 8 -11
47 9 -20
47 10 -68
47 11 -40
47 12 -85
47 13 -16
47 14 -73
47 15 52
47 16 -78
47 17 96
47 18 -67
47 19 -38
47 20 -43
47 21 -74
47 22 -21
47 23 95
47 24 98
47 25 56
47 26 12
47 27 -62
47 28 6
47 29 -42
47 30 -18
47 31 22
47 32 82
47 33 37
47 34 -48
47 35 -8
47 36 45
47 37 -30
47 38 80
47 39 72
47 40 30
47 41 -59
47 42 50
47 43 62
47 44 57
47 45 -52
47 46 -45
47 47 -8
47 48 -64
47 49 -17
48 0 -28
48 1 79
48 2 2
48 3 23
48 4 99
48 5 -77
48 6 7
48 7 70
48 8 40
48 9 43
48 10 -83
48 11 -55
48 12 -5
48 13 -52
48 14 68
48 15 -56
48 16 27
48 17 92
48 18 -20
48 19 89
48 20 98
48 21 -71
48 22 63
48 23 -82
48 24 -8
48 25 37
48 26 -54
48 27 85
48 28 -77
48 29 84
48 30 4
48 31 34
48 32 -27
48 33 -60
48 34 -37
48 35 10
48 36 -95
48 37 -65
48 38 52
48 39 95
48 40 71
48 41 -47
48 42 29
48 43 59
48 44 -54
48 45 59
48 46 -31
48 47 21
48 48 -24
48 49 -90
49 0 -53
49 1 -46
49 2 -44
49 3 99
49 4 -74
49 5 37
49 6 69
49 7 97
49 8 80
49 9 -9
49 10 -29
49 11 63
49 12 -41
49 13 -47
49 14 -97
49 15 -97
49 16 3
49 17 49
49 18 -37
49 19 83
49 20 85
49 21 14
49 22 -34
49 23 -8
49 24 -75
49 25 47
49 26 83
49 27 -100
49 28 66
49 29 -8
49 30 -19
49 31 -52
49 32 -75
49 33 -99
49 34 25
49 35 -68
49 36 24
49 37 -17
49 38 33
49 39 28
49 40 -46
49 41 40
49 42 -40
49 43 44
49 44 -97
49 45 -24
49 46 12
49 47 12
49 48 -56
49 49 51