0 17 -90
0 32 46
0 38 42
0 40 -18
0 97 -26
0 99 87
0 100 54
0 117 -10
0 128 -45
1 6 79
1 10 -75
1 35 35
1 47 50
1 118 14
1 127 4
1 138 100
1 145 -91
2 92 -48
2 116 33
2 132 65
3 35 22
3 49 -86
3 64 47
3 67 -47
3 90 23
3 132 -95
4 12 -69
4 13 -88
4 49 -32
4 109 -66
4 128 -97
4 143 33
5 2 74
5 22 79
5 75 -1
5 107 78
5 122 5
6 28 32
6 66 -43
6 110 -22
6 123 -53
6 142 -85
6 148 99
7 47 -94
7 74 -19
8 6 -55
8 11 90
8 18 -68
8 81 95
8 94 85
8 102 49
8 113 -64
8 140 -36
9 0 -70
9 1 96
9 28 45
9 103 52
9 116 -52
9 122 -53
10 43 11
10 119 96
10 124 -2
10 129 -9
11 1 96
11 13 38
11 22 13
11 39 -18
11 78 -16
11 100 57
11 138 25
12 83 -37
12 103 -76
12 105 -32
12 128 -100
12 129 -73
12 134 57
12 140 75
13 19 -81
13 59 1
13 63 45
13 86 -33
13 95 97
13 107 -91
13 109 46
13 123 53
13 129 2
14 11 24
14 19 5
14 28 45
14 108 21
14 118 -46
15 39 -94
15 112 -25
15 133 -99
15 147 81
16 7 -54
16 28 73
16 41 -10
16 51 -20
16 76 71
16 116 24
17 47 96
17 72 12
17 73 -81
17 76 -84
17 105 51
17 136 -68
17 138 91
17 142 73
18 7 50
18 24 78
18 43 -17
18 68 -20
18 100 -23
18 135 56
18 145 14
19 39 -42
19 57 94
19 78 -95
19 127 3
20 31 21
20 44 -57
20 66 61
20 101 -1
20 105 -25
21 10 15
21 29 14
21 33 -69
21 49 51
21 50 2
21 77 -22
21 82 26
21 97 -5
21 128 89
22 53 40
22 109 -97
22 110 40
23 17 -11
23 34 39
23 83 83
23 97 42
23 122 11
23 141 -77
24 10 83
24 69 -38
24 121 2
24 129 -1
24 145 16
25 29 44
25 32 34
25 69 74
25 72 97
25 75 -2
25 96 53
25 97 -89
25 98 66
25 110 -87
25 112 57
25 115 83
25 122 -52
25 126 -27
26 2 -84
26 40 -53
26 120 17
26 123 -66
26 133 -37
27 1 25
27 39 9
27 42 65
27 86 38
27 90 84
27 92 -83
27 98 18
27 112 59
27 116 -42
27 139 -42
27 146 -80
28 39 -46
28 74 -25
28 94 -54
28 101 95
28 110 -99
28 149 -22
29 10 30
29 12 44
29 13 -23
29 56 14
29 62 -45
29 81 -60
29 113 96
29 143 94
30 25 8
30 37 -11
30 49 78
30 57 -93
30 80 46
30 89 -73
30 92 -82
30 123 -40
30 125 -31
30 139 43
30 147 -91
30 148 -43
31 92 63
32 17 -50
32 18 -27
32 24 69
32 115 -15
32 121 -38
32 126 -34
32 133 -38
33 0 -98
33 24 25
33 35 44
33 41 -52
33 57 -96
33 105 -12
33 140 71
33 141 -51
33 147 -2
34 15 29
34 44 33
34 64 -19
34 141 -96
35 23 -72
35 33 -77
35 47 -14
35 124 9
36 12 39
36 16 -60
36 25 -13
36 32 46
36 41 89
36 60 52
36 95 -39
36 137 1
37 105 -5
37 124 14
37 132 86
38 33 -31
38 70 76
38 74 1
39 13 -31
39 30 20
39 50 13
39 85 -79
39 94 -31
39 103 -93
39 149 -7
40 1 -1
40 83 82
40 86 46
40 106 19
40 115 -70
41 8 28
41 45 48
41 54 -49
41 102 83
41 131 -68
42 1 -56
42 58 -5
42 73 -42
42 80 -61
42 139 -33
42 141 11
42 143 19
43 116 36
43 117 -42
43 122 -34
43 135 -59
44 42 -11
44 57 -3
44 72 -62
44 73 57
44 121 70
44 128 -45
44 136 -89
45 1 19
45 8 -42
45 22 -15
45 105 -23
45 119 24
45 141 34
46 35 86
46 69 31
46 70 61
46 84 79
46 112 -78
47 15 -39
47 17 74
47 47 -79
47 72 54
47 89 -93
47 96 -68
48 17 9
48 27 5
49 8 -37
49 42 -80
49 66 -55
49 99 2
49 143 -41
50 6 88
50 78 36
50 108 -41
51 3 -34
51 91 71
51 93 51
51 119 -67
51 140 23
51 143 1
52 8 60
52 24 -70
52 38 -2
52 51 -48
52 66 -76
52 121 44
53 33 42
53 51 56
53 120 66
53 134 -88
54 54 57
54 83 -83
54 85 -21
54 88 -18
54 123 7
54 126 -52
55 0 16
55 10 -91
55 23 -32
55 51 20
55 66 51
55 85 -2
55 115 -80
56 32 68
56 44 -3
56 76 -60
57 26 -43
57 80 39
57 94 93
58 12 50
58 43 -63
58 112 -39
58 139 66
59 1 12
59 15 -30
59 45 49
59 88 91
59 96 35
59 103 -97
59 135 18
59 145 24
59 147 27
60 124 64
61 21 95
61 53 79
61 64 -46
61 100 -28
61 146 94
61 149 -64
62 6 10
62 20 -99
62 21 70
62 25 71
62 58 -65
62 72 90
62 79 -73
62 99 62
62 110 -56
63 10 27
63 19 -63
63 25 -21
63 80 18
63 114 30
63 118 -48
63 123 -3
63 142 43
63 147 64
64 19 -13
64 86 -30
64 91 -30
64 92 2
64 121 -77
64 143 71
64 146 91
65 13 77
65 16 -72
65 112 21
65 136 -96
66 46 20
66 96 57
66 99 100
66 104 11
66 127 74
66 130 61
66 142 -21
67 75 -33
67 129 100
68 1 -46
68 86 -87
68 132 -32
68 144 61
69 58 -99
69 70 50
69 76 41
69 86 -21
69 114 -87
69 117 -34
69 120 -39
70 21 -80
70 51 -100
70 74 38
70 88 38
70 100 -37
70 107 -56
70 132 -6
70 135 2
70 148 -86
71 33 50
71 58 -21
71 103 86
71 108 -79
71 120 -37
72 112 55
72 124 83
73 51 49
73 66 -43
73 89 -5
73 92 30
73 117 6
73 118 39
73 124 -37
74 46 -36
74 76 -58
74 82 75
74 103 72
74 125 -88
75 22 -3
75 39 -74
75 57 -14
75 68 -46
75 112 -93
75 121 49
76 78 40
76 96 4
76 129 12
77 22 -85
77 44 31
77 94 -57
77 122 5
77 130 12
78 18 25
78 64 -87
78 78 -14
78 131 -55
78 133 -37
79 39 -23
80 70 54
80 84 85
80 88 62
80 116 36
81 47 -7
81 117 75
81 138 -57
81 139 11
82 1 45
82 23 81
82 42 93
82 69 -82
82 73 -22
82 96 -64
82 121 50
82 123 20
83 4 71
83 14 24
83 34 -86
83 86 70
83 102 67
83 110 -94
83 140 64
84 5 17
84 30 -9
84 70 7
84 94 -16
84 149 47
85 30 -44
85 43 -27
85 58 58
85 72 38
85 77 65
86 6 22
86 46 11
86 71 -92
86 76 99
86 90 6
86 91 -17
86 114 -39
86 141 -27
86 147 -24
87 48 -82
87 63 -77
87 71 93
87 99 78
87 100 79
87 122 35
87 128 73
87 140 -90
87 146 31
88 27 -77
88 40 86
88 47 8
88 73 -39
88 90 26
88 126 8
88 144 -48
89 29 43
89 56 -98
89 106 -32
89 109 80
89 121 -85
90 8 -51
90 12 -34
90 26 -82
90 46 98
90 110 91
90 118 14
90 134 -21
91 6 -71
91 39 -32
91 68 94
91 74 39
91 76 46
91 83 42
91 97 70
91 124 -81
91 135 -99
91 139 81
92 39 69
92 41 62
92 56 -90
92 65 52
92 80 -18
92 103 -79
92 111 -69
93 3 -24
93 10 76
93 18 33
93 37 84
93 48 96
93 54 -67
93 90 13
93 93 -68
93 144 10
93 148 55
94 49 -87
94 73 -50
94 109 -72
94 119 58
95 15 71
95 16 -57
95 43 -10
95 58 69
95 63 97
95 66 -38
95 99 -72
95 140 -33
96 29 -36
96 44 -82
96 47 -57
96 52 -1
96 105 -42
96 109 50
96 115 50
96 129 -72
96 135 10
97 37 75
97 38 -99
97 43 -51
97 60 83
97 65 -71
97 112 64
97 117 -33
97 146 -2
98 4 -55
98 32 50
98 81 -1
98 113 -68
99 56 -71
99 63 -76
99 102 -47
100 8 -1
100 92 7
100 139 -2
101 4 36
101 25 18
101 57 -94
102 7 -56
102 20 -70
102 22 -13
102 62 67
102 63 74
102 84 -48
102 91 -84
102 123 95
102 138 40
102 141 30
102 144 25
103 4 55
103 18 -85
103 84 -97
103 94 -89
103 112 -72
104 1 -95
104 18 84
104 22 -46
104 30 -90
104 64 -59
104 66 -59
104 78 -48
104 101 -3
104 110 -26
104 141 -46
105 3 67
105 10 78
105 37 -10
105 39 85
105 42 -67
105 64 -77
105 86 -31
105 140 -84
106 24 -56
106 57 -56
106 62 -48
106 71 -53
106 96 -98
106 97 -40
106 105 31
106 143 -40
107 16 -10
107 40 -96
107 43 78
107 54 88
107 65 -57
107 73 -79
107 106 82
107 115 -36
107 135 -100
108 23 -9
108 30 61
108 37 19
108 48 16
108 79 86
108 102 -60
108 146 -21
109 73 -98
109 83 -71
109 103 -5
109 142 63
110 74 7
110 149 15
111 48 65
111 57 26
111 99 -82
111 101 71
111 144 -96
112 13 51
112 20 1
112 69 17
112 76 -44
112 95 36
112 126 -43
113 11 29
113 20 38
113 51 -7
113 78 -11
113 84 23
113 85 7
114 10 5
114 27 92
114 66 -51
114 70 28
114 78 -10
114 90 97
114 108 -55
114 120 -50
115 0 -44
115 84 -66
115 107 56
115 133 74
116 55 -39
116 111 -40
116 114 -87
116 126 10
116 139 62
117 20 28
117 36 25
117 50 -97
117 76 89
117 79 -59
117 99 21
117 112 64
117 114 -84
117 129 -44
118 18 36
118 30 12
118 39 -77
118 73 -50
118 80 -41
118 90 -70
118 96 -73
118 100 -78
119 6 -97
119 43 -19
119 75 -79
119 145 81
120 33 34
120 95 -22
120 100 34
120 108 71
120 143 42
121 3 1
121 11 -83
121 31 -43
121 33 -1
121 41 -4
121 60 -81
121 77 -88
121 80 -25
121 87 -73
121 92 18
121 100 4
121 109 -60
121 128 -45
122 21 12
122 25 87
122 42 79
122 56 -76
122 74 74
122 98 22
122 99 -24
122 109 62
122 115 96
122 121 -34
122 143 -72
122 147 -38
123 56 -56
123 59 78
123 84 61
123 104 -10
123 137 -29
124 22 -23
124 25 21
124 60 -100
124 73 72
125 40 -68
125 68 -54
125 85 67
125 88 -28
125 101 -83
125 127 -34
125 128 19
126 25 -24
126 92 -19
126 131 16
126 136 58
127 6 67
127 20 -61
127 35 20
127 48 78
127 147 -92
128 9 -45
128 16 84
128 26 -34
128 52 -75
128 90 -90
129 0 -43
129 14 -37
129 18 -30
129 24 88
129 33 20
129 37 7
129 40 26
129 76 73
129 79 -99
129 111 99
130 20 27
130 49 -17
130 136 28
130 147 -30
131 50 -70
131 62 -18
131 75 -5
131 109 -39
131 136 62
131 143 93
132 23 23
132 42 -71
132 60 33
132 105 -39
132 121 38
133 38 59
133 59 46
133 91 -86
133 123 -40
133 130 15
134 8 60
134 39 -86
134 43 -44
134 47 76
134 68 16
134 88 -57
134 93 -54
134 129 39
135 26 -40
135 68 -72
135 104 27
135 118 -61
135 136 42
136 12 71
136 47 -24
136 100 37
136 107 93
136 114 24
136 118 -45
137 24 79
137 34 98
137 60 -13
137 62 63
137 110 93
137 111 -73
137 149 -91
138 1 -95
138 59 45
138 82 67
138 83 85
138 94 -6
138 109 -55
138 117 55
139 15 -76
139 18 -49
139 33 -32
139 55 -73
139 82 -87
139 101 3
139 116 41
139 148 -28
140 10 6
140 57 -7
140 62 31
140 76 -93
140 84 53
140 93 97
141 28 24
141 58 -60
141 101 -27
141 140 41
142 37 -8
142 40 -53
142 51 83
142 57 36
142 61 71
142 63 48
142 83 51
142 85 32
142 107 -68
142 124 81
142 142 43
143 1 57
143 23 -21
143 41 6
143 137 98
143 138 -29
144 8 69
144 13 -72
144 38 85
144 43 76
144 139 71
144 143 -57
144 148 43
145 10 -100
145 36 24
145 76 67
145 132 54
146 5 -72
146 59 24
146 70 -55
146 76 -31
146 93 -68
146 101 -38
146 110 28
146 133 91
146 144 -47
147 7 -63
147 104 -36
147 123 77
147 147 17
147 149 -87
148 35 31
148 49 3
149 3 -80
149 97 73