0 18 37
0 25 -41
0 30 -34
0 68 -20
0 71 -52
0 84 70
0 99 -52
0 136 -76
0 139 74
0 149 16
1 1 -48
1 7 58
1 25 30
1 30 -15
1 48 -96
1 60 -91
1 63 80
1 74 41
1 79 -28
1 90 -63
1 94 -66
1 111 24
1 112 28
1 120 2
2 2 3
2 12 -20
2 22 30
2 29 94
2 30 52
2 37 69
2 42 -39
2 52 23
2 55 -11
2 56 -65
2 89 -64
2 99 93
2 111 74
2 124 -83
2 148 31
3 2 -57
3 41 69
3 67 60
3 68 -34
3 76 -59
3 84 -79
3 88 -78
3 89 -12
3 114 -6
3 124 82
4 2 -61
4 15 -51
4 41 -1
4 64 79
4 66 32
4 68 80
4 81 -95
4 82 -100
4 123 23
4 136 -71
4 146 26
5 0 78
5 5 -35
5 16 -36
5 31 31
5 41 -82
5 42 -86
5 46 95
5 52 8
5 67 -94
5 68 -53
5 82 58
5 91 -26
5 95 -44
5 101 48
5 118 -84
5 121 55
5 126 79
5 127 53
6 2 85
6 11 84
6 23 37
6 27 -98
6 31 95
6 48 40
6 57 -34
6 80 98
6 113 -65
6 121 4
6 128 -22
6 133 71
6 138 22
6 140 -21
6 143 -74
7 7 3
7 8 31
7 16 -76
7 27 -46
7 47 -53
7 77 -32
7 85 100
7 96 -12
7 112 -43
7 113 59
7 118 -14
7 121 -59
7 128 61
7 131 -50
7 134 -34
7 145 82
7 147 -66
8 11 39
8 41 72
8 54 -70
8 56 19
8 72 -33
8 80 -16
8 86 -49
8 88 15
8 95 -17
8 103 50
8 110 42
8 126 -77
8 133 61
9 8 -3
9 11 71
9 17 -82
9 25 -81
9 34 35
9 36 9
9 40 -88
9 70 14
9 78 17
9 79 -75
9 90 -42
9 99 -49
9 104 -30
9 127 13
9 132 -53
9 143 10
10 7 -28
10 10 -23
10 37 95
10 48 9
10 50 -64
10 53 -54
10 54 85
10 81 -57
10 85 3
10 91 -47
10 95 44
10 106 -33
10 112 -19
10 118 -76
10 131 20
10 134 30
10 137 -67
10 142 60
11 8 -10
11 14 -6
11 28 100
11 36 -76
11 52 -89
11 54 66
11 67 -10
11 68 -80
11 83 27
11 88 63
11 93 93
11 98 10
11 115 -61
11 119 -43
11 138 -59
12 2 -2
12 4 39
12 6 -31
12 14 29
12 20 -21
12 29 -93
12 36 48
12 51 -14
12 59 88
12 75 -11
12 103 91
12 107 73
12 119 -38
12 121 70
12 123 89
12 126 -88
12 135 49
12 137 29
12 145 -87
12 148 -64
13 7 -9
13 24 33
13 32 -54
13 36 -3
13 42 61
13 61 -84
13 69 47
13 73 37
13 79 -52
13 84 -59
13 104 13
13 111 8
13 117 -42
13 130 57
13 140 -61
13 147 96
14 18 28
14 21 7
14 38 -98
14 45 -47
14 61 -31
14 62 -64
14 73 -83
14 90 -56
14 93 2
14 102 -1
14 112 -29
14 118 17
14 127 -82
15 3 40
15 13 64
15 54 22
15 79 60
15 82 -77
15 84 99
15 97 -70
15 105 18
15 119 78
15 129 -37
15 131 -91
16 6 -78
16 30 -35
16 39 -3
16 42 13
16 77 -44
16 79 65
16 96 -26
16 101 -30
16 106 96
16 129 8
16 131 -64
16 132 58
16 141 74
17 24 32
17 31 -92
17 42 -7
17 48 30
17 54 -46
17 73 30
17 97 68
17 102 -20
17 111 -46
17 114 74
17 117 26
17 124 -32
18 0 -31
18 23 -52
18 40 -55
18 77 -80
18 121 -30
18 146 -31
19 1 -47
19 13 41
19 22 -2
19 31 48
19 39 -67
19 43 -16
19 74 -27
19 80 55
19 110 -13
19 132 36
19 149 -19
20 26 62
20 34 -67
20 38 41
20 41 -48
20 60 -89
20 63 -29
20 65 18
20 75 63
20 100 62
20 125 -44
20 132 -50
20 137 76
20 138 51
20 142 15
21 0 -71
21 1 -67
21 7 85
21 16 -31
21 18 95
21 59 -10
21 75 -21
21 80 54
21 97 -40
21 103 24
21 114 89
21 121 85
21 123 46
21 136 -22
21 137 -8
21 140 -2
21 143 22
21 146 73
22 8 29
22 21 19
22 25 -49
22 30 80
22 31 63
22 47 -40
22 77 -99
22 81 96
22 82 -93
22 112 65
22 131 50
22 135 47
22 142 87
23 39 23
23 82 -73
23 98 56
23 128 1
23 130 56
23 135 38
23 140 14
23 145 -66
24 10 26
24 25 62
24 29 5
24 51 -56
24 63 -75
24 82 -54
24 86 55
24 87 40
24 93 -47
24 101 75
24 108 33
24 116 -90
24 122 -21
24 125 93
24 131 39
24 137 90
25 0 -37
25 13 19
25 31 21
25 33 -63
25 36 -68
25 51 -58
25 67 -25
25 90 49
25 100 -38
25 127 -27
26 1 -8
26 19 57
26 20 66
26 24 45
26 25 -2
26 45 -60
26 48 56
26 54 -40
26 61 -83
26 75 -85
26 76 97
26 80 68
26 89 14
26 114 99
26 133 78
26 146 -77
27 3 -52
27 5 70
27 43 93
27 45 29
27 49 -36
27 100 -53
27 103 -31
27 109 84
27 110 30
27 135 8
27 149 -53
28 8 -47
28 30 55
28 42 -88
28 44 -44
28 55 -22
28 59 -50
28 79 -49
28 85 36
28 95 -55
28 96 61
28 100 60
28 125 -90
29 26 -100
29 34 -19
29 51 11
29 74 69
29 88 5
29 103 -18
29 104 -79
29 110 -87
29 111 36
29 119 68
29 132 21
29 135 27
30 4 55
30 19 78
30 28 -54
30 33 33
30 34 -63
30 38 68
30 48 -57
30 52 2
30 56 -93
30 59 67
30 98 -70
30 120 73
30 132 -92
30 133 86
30 139 54
31 1 -60
31 4 -99
31 6 -96
31 16 91
31 23 21
31 28 -49
31 40 25
31 44 41
31 55 83
31 58 28
31 60 58
31 67 -53
31 75 98
31 85 84
31 102 6
31 105 -19
31 124 80
31 126 95
31 148 -55
32 45 8
32 57 -34
32 87 -59
32 118 -2
32 120 44
32 129 99
32 139 39
33 4 -54
33 11 -93
33 15 86
33 17 86
33 18 -58
33 29 -17
33 31 43
33 46 73
33 50 -91
33 56 -87
33 57 88
33 58 36
33 59 67
33 67 -28
33 102 -16
33 106 35
34 11 -46
34 19 15
34 25 64
34 57 31
34 62 48
34 64 6
34 67 98
34 71 -58
34 73 96
34 103 -48
34 113 27
34 118 -34
34 133 26
34 138 93
35 22 42
35 23 60
35 30 86
35 34 52
35 50 -91
35 80 29
35 96 -71
35 129 55
35 132 -56
35 133 11
35 149 97
36 1 -73
36 26 15
36 40 53
36 51 62
36 64 65
36 80 -85
36 95 -26
36 98 90
36 101 59
36 128 -14
36 135 -16
36 139 68
37 16 84
37 19 -19
37 20 26
37 26 -46
37 35 -58
37 42 -7
37 57 77
37 81 -52
37 109 -5
37 121 -92
37 129 50
37 143 -1
37 144 -48
38 1 67
38 16 15
38 25 51
38 26 -11
38 35 26
38 49 -14
38 82 -57
38 85 -56
38 91 -18
38 97 -70
38 100 -2
38 103 -46
38 121 -31
38 135 82
39 8 14
39 11 97
39 45 -53
39 55 -5
39 70 -5
39 72 -19
39 73 95
39 78 -3
39 81 3
39 98 64
39 137 -36
39 144 56
40 22 -83
40 25 -41
40 31 -100
40 33 10
40 54 -26
40 61 87
40 62 54
40 66 90
40 83 28
40 98 -82
40 99 -94
40 111 -94
40 115 59
40 119 18
40 128 -68
40 138 -97
40 147 -31
41 14 -44
41 22 20
41 30 34
41 32 2
41 53 86
41 60 49
41 67 79
41 77 87
41 95 -19
41 104 32
41 105 18
41 107 -57
41 117 -16
41 139 30
42 18 -49
42 19 58
42 33 64
42 42 -50
42 84 -27
42 86 -95
42 97 10
42 104 -70
42 115 21
42 119 13
42 121 96
43 1 -79
43 8 -88
43 9 75
43 13 44
43 26 18
43 30 -44
43 66 -62
43 67 -76
43 84 74
43 85 -39
43 98 -63
43 109 34
43 126 -7
43 149 -86
44 4 32
44 8 21
44 25 -2
44 42 51
44 47 37
44 48 100
44 50 -25
44 60 28
44 74 -54
44 110 71
44 117 60
44 119 -84
44 126 -98
45 11 45
45 20 84
45 30 -9
45 38 91
45 42 49
45 63 -68
45 97 -85
45 101 -33
45 133 -42
45 146 69
46 0 18
46 26 56
46 37 -20
46 41 12
46 49 -40
46 52 -43
46 54 -58
46 67 68
46 91 -95
46 93 -28
46 94 -84
46 100 44
46 109 96
46 122 -10
46 128 -55
46 131 57
46 148 -44
47 2 49
47 3 -8
47 7 48
47 15 59
47 36 34
47 38 99
47 44 10
47 45 -19
47 49 -90
47 50 38
47 53 -63
47 77 -85
47 106 65
47 120 62
47 127 17
47 133 -21
47 141 87
47 149 -49
48 5 -18
48 44 98
48 70 -35
48 74 -13
48 86 -83
48 97 76
48 119 -63
48 120 70
48 141 11
49 5 -3
49 19 -72
49 24 32
49 55 46
49 56 -18
49 64 91
49 68 -94
49 88 25
49 97 59
49 101 97
49 104 36
49 114 -43
49 119 45
49 135 64
49 137 -27
49 139 87
49 142 4
49 143 -31
49 145 89
50 4 25
50 6 84
50 10 -18
50 19 -37
50 27 46
50 33 -15
50 35 38
50 45 15
50 48 19
50 54 -85
50 72 61
50 73 68
50 75 38
50 88 83
50 113 -98
50 117 66
50 118 22
50 142 -39
50 147 26
51 3 98
51 8 -92
51 14 -5
51 52 86
51 65 -91
51 71 -3
51 73 41
51 77 -97
51 86 72
51 95 18
51 104 13
51 117 94
51 139 -14
51 148 5
52 17 -54
52 62 85
52 81 -30
52 98 80
52 101 -46
52 146 9
53 0 3
53 21 -46
53 25 -79
53 55 19
53 93 -78
53 101 39
53 127 -29
53 134 52
53 135 26
54 25 15
54 28 54
54 29 12
54 49 -44
54 58 -94
54 65 -30
54 66 -15
54 71 -68
54 74 -14
54 84 -37
54 90 -63
54 108 61
54 127 66
54 145 -87
55 31 78
55 32 81
55 41 -79
55 51 87
55 53 -85
55 68 -32
55 80 62
55 96 -38
55 99 -64
55 125 11
55 126 38
55 136 -58
55 145 65
55 149 -88
56 19 12
56 47 -34
56 54 -14
56 57 -90
56 72 -80
56 80 12
56 124 62
56 129 -19
56 131 62
56 132 -52
57 10 51
57 20 15
57 24 -89
57 33 8
57 43 98
57 55 44
57 99 92
57 125 79
57 131 60
57 137 11
58 3 -42
58 14 7
58 16 -50
58 19 78
58 25 84
58 43 28
58 46 -11
58 57 -79
58 67 44
58 70 -78
58 92 -63
58 108 41
58 121 -62
58 133 27
58 139 55
59 4 39
59 8 18
59 36 26
59 37 -21
59 41 45
59 55 -36
59 79 21
59 106 83
59 115 34
59 118 -78
59 137 -40
59 147 68
60 14 36
60 19 -48
60 26 89
60 42 -86
60 44 -36
60 52 13
60 90 38
60 122 -98
60 124 -40
60 132 51
61 1 44
61 5 -96
61 12 60
61 23 -15
61 26 2
61 38 -99
61 47 55
61 105 -94
61 112 28
61 131 56
61 136 77
61 137 39
61 141 57
61 142 27
62 1 -46
62 2 -79
62 12 -69
62 13 -37
62 29 -52
62 31 17
62 32 -29
62 39 48
62 40 -17
62 44 23
62 47 -92
62 49 38
62 58 -95
62 60 -4
62 62 48
62 64 -81
62 71 40
62 101 27
62 107 -41
62 123 -54
62 124 28
62 126 -96
62 149 51
63 0 45
63 10 -79
63 20 -81
63 53 -64
63 54 60
63 76 -17
63 91 36
63 95 -63
63 115 72
63 116 -10
63 118 31
63 122 -100
63 134 59
63 144 -8
63 146 -2
63 148 -9
64 19 85
64 24 -88
64 26 -75
64 34 -84
64 52 54
64 54 90
64 82 -39
64 112 88
64 131 10
65 12 74
65 35 13
65 36 -71
65 43 1
65 57 -25
65 61 69
65 62 69
65 84 -97
65 90 -46
65 93 -37
65 100 58
65 101 64
65 107 88
65 112 -14
65 117 54
65 125 76
65 128 17
65 141 54
66 1 -12
66 14 -57
66 16 -1
66 33 -20
66 36 30
66 47 67
66 67 -8
66 96 94
66 109 -31
66 111 4
66 127 -2
66 128 -27
66 131 69
66 140 -61
67 3 -54
67 4 88
67 19 -7
67 21 -13
67 25 17
67 29 -24
67 38 1
67 50 -11
67 52 42
67 81 89
67 94 -33
67 106 81
67 114 82
67 141 -58
67 143 73
67 146 86
68 2 10
68 5 -49
68 8 67
68 15 77
68 29 -65
68 30 -39
68 34 -73
68 38 -72
68 51 98
68 54 -5
68 61 61
68 72 -3
68 100 57
68 117 -3
68 120 -37
69 8 87
69 14 -3
69 16 -57
69 33 -68
69 34 -26
69 37 47
69 46 -13
69 58 -18
69 68 87
69 76 44
69 84 -16
69 91 -57
69 95 -20
69 98 -98
69 101 -89
69 105 -14
69 109 38
69 110 94
69 113 68
69 119 22
69 122 -9
69 131 64
69 139 -32
70 1 62
70 5 6
70 9 -74
70 15 32
70 28 52
70 56 43
70 90 84
70 103 38
70 104 -66
70 112 24
70 120 99
70 121 39
70 129 1
70 131 -90
70 133 -52
71 0 50
71 3 -84
71 5 -25
71 20 -34
71 32 94
71 35 7
71 53 -41
71 96 28
71 97 36
71 103 -85
71 111 63
71 120 -5
71 121 47
71 128 65
71 147 81
72 2 -63
72 24 -81
72 50 -24
72 68 -28
72 69 -21
72 88 53
72 90 91
72 107 36
72 111 5
72 119 -56
72 122 -99
72 142 -85
72 146 70
73 1 -89
73 23 -2
73 25 77
73 28 88
73 38 18
73 69 -57
73 83 11
73 84 -75
73 99 34
73 101 -22
73 117 -41
73 118 56
73 138 -58
74 9 -40
74 14 -22
74 18 80
74 20 75
74 27 28
74 44 -42
74 52 62
74 56 88
74 74 80
74 82 -46
74 90 -34
74 110 -51
74 127 23
74 134 64
75 5 73
75 8 52
75 11 -86
75 21 -49
75 34 -38
75 42 -74
75 52 99
75 72 -82
75 80 -72
75 82 83
75 94 -18
75 95 10
75 96 72
75 97 66
75 104 79
75 109 100
75 122 81
75 126 20
75 129 69
75 142 -80
76 6 -34
76 7 21
76 43 -88
76 49 -72
76 78 -77
76 82 62
76 90 -75
76 104 42
76 107 -47
76 124 9
76 125 -83
76 135 -47
76 137 72
76 138 -64
77 8 -27
77 10 -11
77 11 -5
77 13 14
77 34 9
77 41 -62
77 46 57
77 73 62
77 111 -11
77 112 -54
77 118 98
77 136 31
77 138 -34
78 0 -84
78 4 16
78 43 -95
78 47 98
78 67 -66
78 74 1
78 85 74
78 100 28
78 106 -57
78 118 -90
78 125 -93
78 135 -19
79 2 22
79 7 -5
79 39 -39
79 40 -60
79 49 22
79 57 -67
79 73 52
79 93 -63
79 96 94
79 103 21
79 111 -47
79 112 -25
79 116 24
79 129 -89
79 135 -16
79 137 49
79 144 -23
80 8 69
80 13 91
80 15 81
80 26 43
80 32 -15
80 39 -95
80 63 60
80 101 -31
80 128 16
81 11 91
81 14 -33
81 16 -31
81 24 -18
81 27 22
81 32 -52
81 42 27
81 49 76
81 50 -27
81 68 -59
81 97 57
81 136 -51
81 137 -12
81 139 -94
82 6 73
82 26 5
82 39 -7
82 50 -100
82 61 -58
82 73 88
82 75 -54
82 80 60
82 87 37
82 90 -88
82 92 68
82 93 57
82 94 -70
82 96 34
82 97 -52
82 108 -24
82 129 32
82 148 -73
83 2 6
83 7 -71
83 18 -32
83 24 -45
83 42 -29
83 47 43
83 48 -95
83 52 85
83 55 44
83 80 -39
83 97 -94
83 110 -62
83 115 -74
83 117 86
83 126 58
83 146 -40
84 6 15
84 12 45
84 17 -34
84 24 -63
84 28 17
84 52 -18
84 56 72
84 59 66
84 66 88
84 72 -34
84 83 -100
84 97 -44
84 114 -46
84 117 -50
84 127 77
84 131 -28
84 147 -93
85 7 -73
85 31 -42
85 40 51
85 45 23
85 56 -14
85 57 -45
85 89 -3
85 94 84
85 101 83
85 107 -9
85 142 5
86 7 57
86 28 -31
86 29 -27
86 42 67
86 45 -42
86 58 -92
86 64 51
86 80 -46
86 81 -18
86 84 94
86 98 -26
86 102 -84
86 113 47
86 116 -79
87 32 -81
87 41 78
87 43 85
87 47 59
87 74 -7
87 78 -2
87 88 -36
87 101 27
87 119 -51
87 125 -3
87 127 -52
87 131 40
87 132 24
87 134 85
87 143 -37
87 149 -2
88 0 89
88 9 66
88 11 56
88 25 -3
88 34 10
88 39 1
88 46 74
88 57 58
88 70 98
88 92 -28
88 104 -39
88 119 100
88 131 -57
89 5 68
89 13 20
89 30 -79
89 42 -82
89 63 25
89 67 4
89 70 46
89 81 -60
89 137 -64
89 139 19
89 144 -76
90 4 -80
90 24 -6
90 30 61
90 35 18
90 45 -2
90 67 16
90 95 87
90 97 -66
90 101 99
90 109 55
90 112 -15
90 122 -3
91 1 -90
91 6 -71
91 8 82
91 10 70
91 25 39
91 27 -78
91 31 16
91 37 -24
91 39 87
91 49 -30
91 68 17
91 69 58
91 72 -64
91 76 95
91 77 -43
91 114 -94
91 132 -47
92 41 22
92 45 75
92 77 -63
92 130 -100
93 1 35
93 14 -91
93 33 -97
93 48 -31
93 57 -66
93 59 69
93 60 72
93 69 13
93 80 -62
93 81 60
93 89 8
93 110 90
93 131 92
93 136 12
94 14 -79
94 16 -32
94 20 -62
94 26 -2
94 32 45
94 47 -23
94 48 49
94 52 -64
94 54 -13
94 59 -6
94 67 95
94 97 47
94 111 54
94 120 -42
94 139 -14
95 9 3
95 23 6
95 24 4
95 28 -9
95 37 56
95 46 -93
95 54 -32
95 59 -26
95 60 -51
95 71 -92
95 79 99
95 88 -89
95 92 15
95 94 67
95 96 75
95 105 -27
95 109 -82
95 125 -12
95 136 97
96 23 32
96 28 -79
96 31 38
96 68 15
96 79 48
96 82 -91
96 92 -11
96 104 -38
96 119 -60
96 137 -24
96 145 17
96 147 2
97 0 -18
97 14 35
97 23 -30
97 25 6
97 31 88
97 40 73
97 45 -63
97 54 -40
97 57 -34
97 70 8
97 73 96
97 100 58
97 101 55
97 102 9
97 110 -7
97 125 -80
97 132 -82
97 138 58
98 0 29
98 4 16
98 17 2
98 78 -73
98 79 -2
98 82 55
98 106 9
98 113 -22
98 141 -94
98 145 84
99 15 -44
99 46 -33
99 47 -27
99 49 -9
99 88 56
99 90 -27
99 95 -32
99 100 46
99 114 -13
99 120 -90
99 129 86
99 142 -25
100 15 -58
100 18 75
100 22 7
100 27 -15
100 44 -49
100 48 83
100 49 -68
100 72 41
100 94 -95
100 101 -77
100 114 -20
100 115 -28
100 122 6
100 139 42
100 147 -7
101 7 -51
101 9 -83
101 14 -69
101 19 -26
101 21 58
101 30 50
101 36 22
101 46 -1
101 55 -41
101 61 42
101 62 95
101 65 56
101 71 32
101 82 71
101 83 64
101 85 66
101 86 22
101 98 -18
101 106 -61
101 111 -6
101 119 50
101 122 44
102 4 -100
102 41 -71
102 53 7
102 59 -52
102 68 38
102 80 15
102 87 16
102 88 73
102 92 -9
102 95 20
102 104 9
102 115 86
102 139 -26
102 149 -42
103 0 84
103 16 -96
103 18 -90
103 20 8
103 46 86
103 89 66
103 93 -33
103 101 -94
103 116 -81
103 120 47
103 123 45
103 128 8
103 133 -11
103 135 -95
103 136 71
104 10 90
104 16 17
104 27 32
104 36 -79
104 48 96
104 52 100
104 67 -45
104 77 9
104 93 -9
104 115 100
104 126 -4
104 130 79
105 12 96
105 32 -53
105 37 50
105 40 98
105 44 7
105 55 80
105 57 10
105 79 3
105 89 13
105 91 85
105 95 61
105 102 -33
105 108 98
105 110 -93
105 112 3
105 113 35
105 135 1
105 146 -52
106 1 -4
106 6 -96
106 8 76
106 12 45
106 27 19
106 30 88
106 58 41
106 64 -64
106 81 -8
106 84 -49
106 96 -26
106 124 74
106 133 12
106 149 -60
107 10 80
107 48 33
107 67 -81
107 74 6
107 78 17
107 115 -79
107 119 97
107 129 -79
107 142 -31
108 8 -37
108 10 -36
108 20 48
108 26 25
108 32 -97
108 62 36
108 81 75
108 87 33
108 100 36
108 134 -36
108 136 -13
108 148 91
109 6 89
109 23 -81
109 24 -79
109 27 -17
109 47 3
109 71 -36
109 85 12
109 87 50
109 99 42
109 144 38
110 11 -71
110 17 -12
110 18 64
110 20 6
110 30 94
110 34 86
110 47 -99
110 49 -6
110 70 -57
110 83 -73
110 95 78
110 127 -76
111 5 90
111 10 86
111 59 -62
111 77 64
111 91 30
111 104 16
111 108 68
111 111 81
111 120 80
111 122 66
111 136 32
111 142 -65
112 2 56
112 14 -38
112 20 66
112 37 -46
112 56 67
112 63 73
112 78 -7
112 81 63
112 91 11
112 102 -77
112 110 -4
112 112 76
112 113 91
112 115 88
112 127 23
112 131 2
112 139 11
113 2 47
113 4 -56
113 18 51
113 37 -71
113 42 -83
113 52 -92
113 58 62
113 74 71
113 77 -71
113 96 54
113 105 -14
113 108 43
113 115 -78
113 116 -4
113 127 61
113 129 -84
113 131 99
114 0 -3
114 7 2
114 46 39
114 76 -93
114 81 -60
114 83 -68
114 84 18
114 86 49
114 93 21
114 97 49
114 109 53
114 119 54
114 125 -82
114 126 42
114 146 -58
115 10 -86
115 33 -83
115 51 -63
115 72 -73
115 76 -63
115 80 97
115 84 13
115 99 43
115 102 100
115 109 61
115 113 47
115 129 73
115 147 24
116 22 -33
116 67 -7
116 74 83
116 76 52
116 94 100
116 103 6
116 109 -11
116 134 -25
116 140 93
116 144 14
117 0 -7
117 29 47
117 45 -42
117 49 47
117 70 -62
117 72 19
117 74 -4
117 112 -53
117 115 -63
117 129 -20
117 133 -99
117 148 13
118 2 -19
118 16 -75
118 20 78
118 37 -28
118 50 50
118 63 -68
118 74 -1
118 90 -21
118 103 -20
118 107 71
118 108 -93
118 121 12
118 124 -8
118 127 -33
118 128 -34
119 0 30
119 16 32
119 18 56
119 36 -9
119 37 85
119 43 -42
119 45 -76
119 47 -51
119 52 -62
119 54 46
119 56 28
119 112 -53
119 139 -23
120 11 -66
120 12 -97
120 16 91
120 43 74
120 46 -46
120 50 -77
120 67 -87
120 86 57
120 93 28
120 107 9
120 121 19
120 123 87
121 1 -1
121 4 75
121 8 20
121 16 -42
121 28 -100
121 36 -1
121 41 -31
121 42 -31
121 75 59
121 80 -55
121 100 51
121 102 76
121 112 -62
121 118 -79
121 122 -77
121 124 -66
121 125 -27
121 126 56
121 132 -49
122 5 2
122 26 7
122 38 -87
122 49 36
122 55 -95
122 69 -63
122 77 -18
122 90 -19
122 101 28
122 108 -25
122 115 -39
122 116 21
122 142 -88
122 143 51
123 8 35
123 11 -26
123 16 77
123 35 60
123 36 62
123 44 -43
123 68 -19
123 78 64
123 96 -93
123 102 46
123 115 -94
123 116 -80
123 117 -92
123 118 36
123 124 49
123 132 -4
123 138 -33
124 0 3
124 5 66
124 7 -85
124 49 -39
124 63 9
124 65 -46
124 119 18
124 137 -44
124 138 -51
125 36 -74
125 47 -10
125 48 -12
125 49 88
125 76 61
125 80 29
125 88 43
125 91 6
125 96 -35
125 97 26
125 103 -72
125 136 59
125 139 49
126 13 -78
126 16 -2
126 59 11
126 65 100
126 78 -33
126 84 -71
126 100 -12
126 123 49
126 128 -81
126 131 95
126 148 98
127 1 -2
127 19 56
127 24 -34
127 31 60
127 39 -52
127 46 -40
127 55 -55
127 66 68
127 90 12
127 93 21
127 97 85
127 98 38
127 109 41
127 114 -46
127 127 -80
127 129 -15
127 131 -83
127 139 1
127 149 38
128 9 -13
128 10 -31
128 16 24
128 24 -73
128 49 56
128 56 56
128 61 67
128 65 -99
128 69 43
128 78 26
128 86 -23
128 101 -67
128 106 -18
128 118 68
128 120 -84
128 123 -59
128 132 -91
128 143 -3
129 0 -58
129 19 55
129 40 -58
129 60 42
129 70 -18
129 80 -12
129 82 -25
129 109 99
129 115 38
129 116 22
129 135 -10
129 142 55
129 144 -86
129 145 50
129 149 -95
130 5 -34
130 66 -100
130 71 22
130 87 -58
130 94 4
131 9 94
131 26 -78
131 27 55
131 40 -62
131 41 -32
131 89 91
131 94 -35
131 97 8
131 117 4
132 1 81
132 17 -82
132 29 -13
132 37 66
132 43 -38
132 55 -76
132 62 4
132 86 -50
132 131 17
133 1 -34
133 13 -21
133 21 70
133 35 -22
133 46 -90
133 59 -88
133 89 50
133 103 7
133 120 21
133 134 -42
133 145 81
134 0 54
134 9 42
134 28 -91
134 50 51
134 65 -19
134 69 -44
134 72 92
134 85 24
134 93 -61
134 104 88
134 105 7
134 118 -53
134 121 -1
135 7 45
135 34 -17
135 39 36
135 44 -11
135 53 -30
135 59 17
135 60 -77
135 85 3
135 88 85
135 97 3
135 109 -28
135 114 62
135 121 46
135 125 44
135 138 100
136 1 70
136 8 -39
136 26 -51
136 51 -92
136 54 48
136 64 -3
136 101 -85
136 102 96
136 134 -16
136 138 77
136 144 -46
137 14 90
137 34 -50
137 45 -90
137 53 -99
137 65 -92
137 72 -58
137 76 44
137 90 -35
137 92 91
137 107 -28
137 129 54
137 141 24
137 149 -24
138 23 61
138 36 45
138 77 -27
138 107 -98
138 133 37
138 140 50
139 15 5
139 18 -8
139 25 32
139 34 75
139 44 -18
139 83 85
139 95 79
139 144 97
140 2 88
140 7 51
140 36 60
140 40 100
140 47 -90
140 49 90
140 50 -33
140 80 33
140 96 76
140 110 35
140 117 -74
140 130 -53
140 144 -38
140 147 -84
141 9 74
141 16 -85
141 33 50
141 42 9
141 60 -62
141 71 -6
141 77 96
141 84 -93
141 116 -52
141 120 -39
141 127 8
141 136 -36
141 142 -87
142 3 100
142 11 -16
142 14 7
142 21 -35
142 25 22
142 34 -81
142 37 -2
142 38 -57
142 41 -13
142 51 89
142 70 55
142 89 -19
142 142 3
142 147 47
143 5 5
143 13 5
143 23 -17
143 38 32
143 41 48
143 57 59
143 60 -98
143 62 -8
143 67 -79
143 71 37
143 80 100
143 81 82
143 107 49
143 108 98
143 112 28
144 2 98
144 11 -91
144 22 62
144 37 -43
144 38 -91
144 70 63
144 71 65
144 77 -35
144 80 19
144 82 80
144 85 -47
144 86 26
144 103 86
144 111 -8
144 120 -90
144 124 23
144 126 -84
144 147 67
145 24 100
145 26 77
145 49 -5
145 53 80
145 96 -18
145 107 -49
145 114 -82
145 126 17
146 21 98
146 31 -77
146 32 -21
146 57 95
146 74 -100
146 86 68
146 125 -35
146 127 45
146 137 29
147 2 82
147 11 -84
147 13 87
147 51 11
147 55 47
147 79 -74
147 80 74
147 86 31
147 101 51
147 112 -47
147 133 15
148 1 40
148 6 -33
148 30 -57
148 36 -38
148 44 -74
148 75 -69
148 90 -46
148 114 12
148 117 -79
148 126 -47
148 144 -86
149 7 52
149 25 21
149 35 17
149 86 82
149 94 -99
149 95 -7
149 104 25
149 124 -33
149 132 -58
149 144 -9