0 0 82
0 1 66
0 2 -96
0 3 -51
0 4 -96
0 5 -24
0 6 -37
0 7 13
0 8 -54
0 9 60
1 0 -36
1 1 -66
1 2 13
1 3 -8
1 4 94
1 5 31
1 7 22
1 8 99
1 9 -99
2 0 24
2 1 -47
2 2 -9
2 3 -83
2 4 2
2 5 -9
2 6 -21
2 7 -93
2 8 62
2 9 -52
3 0 29
3 1 -94
3 2 62
3 3 88
3 4 99
3 5 -8
3 7 -53
3 8 -82
3 9 28
4 0 -98
4 1 49
4 2 89
4 3 -38
4 4 57
4 5 83
4 6 -23
4 7 3
4 8 89
4 9 -76
5 0 29
5 1 92
5 2 -30
5 3 -77
5 4 -4
5 5 -100
5 6 6
5 7 90
5 8 41
5 9 -72
6 0 97
6 1 55
6 2 -29
6 4 -30
6 5 -37
6 6 -71
6 8 -51
6 9 -18
7 1 -3
7 2 25
7 3 45
7 4 50
7 5 39
7 6 -58
7 7 -54
7 8 -79
7 9 -49
8 0 54
8 1 -41
8 2 50
8 3 -30
8 4 55
8 5 -98
8 6 -40
8 7 61
8 8 36
8 9 -95
9 0 97
9 1 10
9 2 -16
9 3 -33
9 4 85
9 5 32
9 6 28
9 7 -40
9 8 38
9 9 -73