0 0 50
0 1 93
0 2 39
0 3 69
0 4 66
0 5 -11
0 6 42
0 7 -11
0 8 -45
0 9 98
0 10 -67
0 11 13
0 12 53
0 13 -76
0 14 -66
0 15 8
0 16 48
0 17 -77
0 18 -20
0 19 76
0 20 -33
0 21 22
0 22 76
0 23 -91
0 24 20
0 25 -38
0 26 71
0 27 -100
0 28 28
0 29 63
0 30 -5
0 31 -11
0 32 23
0 33 -36
0 34 17
0 35 84
0 36 56
0 37 -94
0 38 -100
0 39 97
0 40 -50
0 41 83
0 43 96
0 44 -52
0 45 -34
0 46 -11
0 47 25
0 48 -21
0 49 80
0 50 66
0 51 80
0 52 -40
0 53 35
0 54 53
0 56 54
0 57 57
0 58 77
0 59 3
0 60 -80
0 61 15
0 62 -12
0 63 -56
0 64 -90
0 65 -72
0 66 -99
0 67 90
0 68 40
0 69 14
0 70 66
0 71 94
0 73 10
0 74 49
0 75 -50
0 76 -41
0 77 29
0 78 61
0 79 -89
0 80 -21
0 81 -40
0 83 -66
0 84 11
0 85 20
0 86 9
0 87 62
0 88 86
0 90 17
0 91 69
0 92 63
0 93 11
0 94 -19
0 95 76
0 96 -64
0 97 -39
0 98 16
0 99 3
1 0 83
1 1 69
1 2 1
1 3 96
1 4 -46
1 5 -68
1 6 -59
1 7 -65
1 8 -55
1 9 -72
1 10 -3
1 11 -74
1 12 53
1 13 -48
1 14 -93
1 15 -48
1 16 -49
1 17 39
1 19 -46
1 20 94
1 21 -8
1 22 87
1 23 98
1 24 84
1 25 -69
1 26 -78
1 27 -39
1 28 -27
1 29 -99
1 30 8
1 31 76
1 32 44
1 33 41
1 34 59
1 35 -59
1 36 73
1 37 60
1 39 78
1 40 -2
1 41 42
1 42 -57
1 43 -36
1 44 50
1 45 36
1 46 -90
1 47 -83
1 48 67
1 49 53
1 50 -90
1 51 -8
1 52 75
1 53 -72
1 54 63
1 55 79
1 56 -42
1 57 66
1 58 92
1 59 58
1 60 100
1 61 -21
1 62 78
1 63 -19
1 64 3
1 65 -51
1 66 -88
1 67 61
1 68 -30
1 69 100
1 70 -66
1 71 17
1 72 -27
1 73 32
1 74 -92
1 75 2
1 76 -85
1 77 -59
1 78 -36
1 79 36
1 80 76
1 81 4
1 82 -74
1 83 52
1 84 4
1 85 92
1 86 -5
1 87 71
1 88 10
1 89 15
1 90 23
1 91 -14
1 92 -86
1 93 -85
1 94 44
1 95 -10
1 96 -96
1 97 -10
1 98 98
1 99 -23
2 0 9
2 1 81
2 2 -42
2 3 89
2 4 -4
2 5 -22
2 6 -73
2 7 -13
2 8 -40
2 9 -57
2 10 13
2 11 70
2 12 -90
2 13 65
2 14 -81
2 15 48
2 16 -68
2 17 -3
2 18 -68
2 19 7
2 20 75
2 21 -64
2 22 -90
2 23 -64
2 24 79
2 25 -55
2 26 2
2 27 -52
2 28 6
2 29 -90
2 30 58
2 31 43
2 32 -8
2 33 -53
2 34 -50
2 35 -29
2 36 -28
2 37 -88
2 38 57
2 39 -84
2 40 -91
2 41 30
2 42 26
2 43 -34
2 44 -51
2 45 -71
2 46 -49
2 47 42
2 48 -34
2 49 21
2 50 79
2 51 68
2 53 84
2 54 17
2 55 79
2 56 -45
2 57 40
2 58 -95
2 60 -73
2 61 12
2 62 -72
2 63 20
2 64 5
2 65 97
2 66 64
2 67 83
2 68 95
2 69 -69
2 70 16
2 72 -28
2 73 -81
2 74 94
2 75 84
2 76 -99
2 77 -87
2 78 25
2 79 14
2 80 -52
2 81 -1
2 83 -35
2 84 -17
2 85 29
2 87 100
2 88 -44
2 89 65
2 90 -35
2 91 -75
2 92 -50
2 93 -47
2 94 77
2 95 56
2 96 -91
2 97 86
2 98 -18
2 99 -54
3 0 -3
3 1 -21
3 2 -50
3 3 -32
3 4 13
3 5 27
3 6 -41
3 7 -90
3 8 -83
3 9 34
3 10 72
3 11 -1
3 12 -4
3 13 57
3 14 92
3 15 -84
3 16 -97
3 17 -84
3 18 -77
3 19 -67
3 20 -42
3 21 92
3 22 -63
3 23 -29
3 24 97
3 25 56
3 26 97
3 27 -86
3 28 -50
3 29 -42
3 30 -87
3 31 45
3 32 61
3 33 -77
3 34 100
3 35 28
3 36 67
3 37 -60
3 39 85
3 40 -27
3 41 88
3 42 7
3 43 -79
3 44 44
3 45 -34
3 46 -94
3 47 -55
3 48 3
3 49 -80
3 50 -56
3 51 -6
3 52 49
3 53 7
3 54 72
3 55 -33
3 56 -75
3 57 56
3 58 -83
3 59 -16
3 60 91
3 61 -32
3 62 8
3 63 41
3 64 93
3 65 -23
3 66 71
3 67 -25
3 68 -67
3 69 -28
3 70 -25
3 71 -96
3 72 62
3 73 -75
3 74 -59
3 75 3
3 77 -5
3 79 -55
3 80 28
3 81 57
3 82 -1
3 83 -16
3 84 83
3 85 74
3 86 66
3 87 -76
3 88 -18
3 89 -6
3 90 -63
3 91 -30
3 92 1
3 93 -11
3 94 -10
3 95 -10
3 96 20
3 97 -89
3 98 15
3 99 -26
4 0 -97
4 1 7
4 2 40
4 3 52
4 4 -2
4 5 -3
4 6 65
4 7 97
4 8 -30
4 9 24
4 10 -50
4 11 16
4 12 57
4 13 64
4 14 -76
4 15 -24
4 16 -78
4 17 -27
4 18 -86
4 19 63
4 20 66
4 21 -37
4 22 73
4 23 -78
4 24 62
4 25 -67
4 26 78
4 27 38
4 28 -21
4 29 88
4 30 -33
4 31 32
4 32 3
4 33 -6
4 34 32
4 35 28
4 36 42
4 37 60
4 38 68
4 39 9
4 40 -43
4 41 -60
4 42 38
4 43 -92
4 44 40
4 45 7
4 46 -29
4 47 60
4 48 91
4 49 97
4 50 -69
4 51 94
4 52 32
4 53 -85
4 54 80
4 55 95
4 56 41
4 57 -75
4 58 -100
4 59 -87
4 60 95
4 61 -73
4 62 -83
4 63 -60
4 64 -56
4 65 58
4 66 -52
4 67 -62
4 69 40
4 70 -32
4 72 -39
4 73 90
4 74 36
4 76 44
4 77 40
4 78 -14
4 79 -90
4 80 32
4 81 71
4 82 -13
4 83 -68
4 84 -84
4 85 84
4 86 -52
4 87 -69
4 88 -62
4 89 -29
4 90 -77
4 91 46
4 92 -26
4 93 46
4 94 -34
4 95 22
4 96 9
4 98 -91
4 99 51
5 0 38
5 1 82
5 2 95
5 3 99
5 4 -57
5 5 30
5 6 -58
5 7 26
5 9 10
5 10 63
5 11 56
5 13 -89
5 14 12
5 15 42
5 16 -21
5 17 -53
5 18 -30
5 20 -20
5 21 -72
5 22 56
5 23 -71
5 24 -11
5 25 -37
5 26 -26
5 27 -58
5 28 68
5 29 -72
5 30 -7
5 31 -1
5 32 -75
5 33 19
5 34 -95
5 35 35
5 36 -100
5 37 -44
5 38 -97
5 39 -37
5 40 -61
5 41 -2
5 42 -38
5 43 100
5 44 -80
5 45 33
5 46 -75
5 47 47
5 48 88
5 49 52
5 50 -48
5 51 -39
5 52 19
5 53 -62
5 54 17
5 55 22
5 56 13
5 57 98
5 58 -2
5 59 -84
5 60 69
5 61 94
5 62 48
5 63 82
5 64 -14
5 65 99
5 66 77
5 67 76
5 68 95
5 69 -91
5 70 -30
5 71 -100
5 72 6
5 73 60
5 74 16
5 75 -87
5 76 -95
5 77 -65
5 79 62
5 80 -77
5 81 -2
5 82 17
5 83 -93
5 84 44
5 85 58
5 86 -47
5 87 46
5 88 98
5 89 74
5 90 -1
5 91 -17
5 92 83
5 93 -57
5 94 80
5 95 -20
5 96 -83
5 97 78
5 98 91
5 99 -14
6 0 41
6 1 83
6 2 -95
6 3 29
6 4 -86
6 5 7
6 6 94
6 7 -9
6 8 -1
6 9 -75
6 10 92
6 11 -28
6 12 -29
6 13 14
6 14 85
6 15 76
6 16 -27
6 17 82
6 18 8
6 19 -90
6 20 -66
6 21 51
6 22 96
6 24 -57
6 25 23
6 26 35
6 27 -90
6 28 -77
6 29 22
6 30 -69
6 31 89
6 32 -40
6 34 2
6 35 26
6 36 -42
6 37 -38
6 38 -55
6 39 -80
6 40 96
6 41 55
6 42 -94
6 43 -67
6 44 -34
6 45 47
6 46 68
6 47 88
6 48 -4
6 49 -66
6 50 -8
6 51 -6
6 53 81
6 54 -61
6 55 2
6 56 81
6 57 51
6 58 -40
6 59 51
6 60 42
6 61 -76
6 62 51
6 63 -41
6 64 -96
6 65 -25
6 66 68
6 67 19
6 68 53
6 69 -89
6 70 15
6 71 57
6 72 -81
6 73 -39
6 74 -61
6 75 90
6 76 -83
6 77 -96
6 78 94
6 79 -25
6 80 75
6 81 -79
6 82 21
6 83 -86
6 84 57
6 85 -94
6 86 -42
6 87 -70
6 88 -69
6 89 96
6 90 -25
6 91 51
6 92 -72
6 93 34
6 94 15
6 95 -23
6 96 67
6 97 -14
6 98 -38
6 99 76
7 0 56
7 1 -55
7 2 23
7 3 35
7 5 -98
7 6 -34
7 7 -46
7 8 76
7 9 6
7 10 76
7 11 -99
7 12 59
7 13 -24
7 14 97
7 15 -57
7 16 -3
7 17 35
7 18 2
7 19 9
7 20 75
7 21 60
7 22 -3
7 23 -28
7 24 57
7 25 -41
7 26 78
7 27 59
7 28 27
7 29 -50
7 30 -12
7 31 24
7 32 74
7 33 -84
7 34 34
7 35 39
7 36 32
7 37 -13
7 38 -6
7 39 89
7 40 74
7 41 25
7 42 41
7 43 -1
7 44 -70
7 45 -23
7 46 18
7 47 20
7 48 75
7 49 33
7 50 43
7 51 53
7 52 18
7 53 32
7 54 35
7 55 -77
7 56 83
7 57 -23
7 58 -36
7 59 51
7 60 -19
7 61 93
7 62 36
7 63 -7
7 64 49
7 65 44
7 66 -43
7 67 -52
7 68 -49
7 69 55
7 70 -40
7 71 -78
7 72 -43
7 73 -45
7 74 67
7 75 10
7 76 -93
7 77 68
7 78 32
7 79 -23
7 80 60
7 81 -70
7 82 -47
7 83 71
7 84 45
7 85 30
7 86 55
7 87 84
7 88 -39
7 89 74
7 90 -48
7 91 92
7 92 93
7 93 85
7 94 -68
7 95 71
7 96 7
7 97 67
7 98 -51
7 99 23
8 0 22
8 1 -47
8 2 10
8 3 70
8 4 -19
8 5 95
8 6 44
8 7 -81
8 8 66
8 9 59
8 10 5
8 11 -100
8 12 32
8 13 -42
8 14 7
8 15 93
8 16 -19
8 17 -43
8 18 99
8 19 -2
8 20 39
8 21 20
8 22 -43
8 23 28
8 24 45
8 25 93
8 26 88
8 27 -20
8 28 61
8 29 39
8 30 64
8 31 22
8 32 -50
8 33 27
8 34 90
8 35 24
8 36 -60
8 37 -91
8 38 25
8 39 42
8 40 92
8 41 -40
8 42 -99
8 43 54
8 44 -59
8 45 23
8 46 42
8 47 -31
8 48 33
8 49 35
8 50 -2
8 51 -13
8 53 -98
8 54 -61
8 55 -35
8 56 -18
8 57 94
8 58 -86
8 59 55
8 60 42
8 61 45
8 62 50
8 63 -61
8 64 82
8 65 -48
8 66 -83
8 67 8
8 68 92
8 69 35
8 70 41
8 71 83
8 72 50
8 73 79
8 74 50
8 75 90
8 76 -77
8 77 -90
8 78 -95
8 79 -33
8 80 100
8 81 -36
8 82 -13
8 83 -13
8 84 -47
8 85 -49
8 86 -16
8 87 77
8 88 98
8 89 71
8 90 75
8 91 78
8 92 -38
8 93 67
8 94 -89
8 95 36
8 96 26
8 97 45
8 98 -50
8 99 -78
9 0 -9
9 2 -91
9 3 -10
9 4 -93
9 5 62
9 6 -8
9 7 -76
9 8 83
9 9 75
9 10 -58
9 11 79
9 12 -3
9 13 -65
9 14 -11
9 15 -95
9 16 -17
9 17 -71
9 18 -27
9 19 -61
9 21 -30
9 22 -48
9 23 6
9 24 -36
9 25 -59
9 26 16
9 27 -56
9 28 -55
9 29 -31
9 30 38
9 31 49
9 32 -88
9 33 83
9 34 75
9 35 57
9 36 -87
9 38 -29
9 39 17
9 40 20
9 41 -12
9 42 -71
9 43 67
9 44 -10
9 45 -74
9 47 -19
9 48 77
9 49 -21
9 50 -94
9 51 -23
9 52 -24
9 54 25
9 55 89
9 56 28
9 57 -70
9 58 77
9 59 33
9 60 -84
9 61 54
9 62 -56
9 63 -13
9 64 66
9 65 94
9 66 -89
9 67 -38
9 68 -37
9 69 8
9 70 85
9 71 28
9 72 42
9 73 47
9 74 1
9 75 -45
9 76 10
9 77 -74
9 79 17
9 80 -5
9 81 -59
9 82 7
9 83 37
9 84 -24
9 85 -23
9 86 -62
9 87 -99
9 88 -64
9 90 61
9 91 -33
9 92 62
9 93 -84
9 94 85
9 95 -55
9 96 -34
9 97 57
9 98 52
9 99 -65
10 0 -75
10 1 -72
10 2 94
10 3 77
10 4 4
10 5 94
10 6 89
10 7 -100
10 8 26
10 9 -9
10 10 -94
10 11 8
10 12 -100
10 13 -77
10 14 -35
10 15 41
10 16 1
10 17 -99
10 18 2
10 19 -30
10 20 -78
10 21 -80
10 22 -71
10 23 -15
10 24 -21
10 25 -29
10 26 73
10 27 6
10 28 82
10 29 -51
10 30 -44
10 31 -74
10 32 -64
10 33 -1
10 34 -91
10 35 -87
10 36 80
10 37 -96
10 38 26
10 39 -34
10 40 88
10 41 -64
10 42 -91
10 43 97
10 44 88
10 45 -63
10 46 86
10 47 72
10 48 -47
10 49 -23
10 50 40
10 51 -45
10 52 -11
10 53 92
10 54 67
10 55 44
10 56 -53
10 57 12
10 58 -88
10 59 70
10 60 41
10 61 69
10 62 85
10 63 -85
10 64 -39
10 65 32
10 66 33
10 67 -58
10 68 -30
10 69 25
10 70 -45
10 72 -89
10 73 -68
10 74 77
10 75 -14
10 76 -2
10 77 -3
10 78 35
10 79 64
10 80 -98
10 81 -5
10 82 -1
10 83 -10
10 84 -30
10 85 29
10 86 -57
10 87 -44
10 88 39
10 89 -1
10 90 16
10 91 -65
10 92 87
10 93 -34
10 94 29
10 95 -80
10 96 -12
10 97 24
10 98 75
10 99 94
11 0 20
11 1 18
11 2 -29
11 3 73
11 4 -90
11 5 52
11 6 13
11 7 -63
11 8 -76
11 9 -2
11 10 -5
11 11 -93
11 12 96
11 13 -79
11 14 37
11 15 83
11 18 -2
11 20 -61
11 21 -87
11 22 46
11 23 -55
11 24 -25
11 25 -84
11 26 -22
11 27 51
11 28 -83
11 29 25
11 30 62
11 31 55
11 32 -54
11 33 -56
11 34 -67
11 35 -13
11 36 -47
11 37 86
11 38 68
11 39 -4
11 40 76
11 41 -54
11 42 -89
11 43 91
11 44 -16
11 45 -66
11 46 -25
11 47 -35
11 48 97
11 49 -2
11 50 -48
11 51 29
11 52 95
11 53 15
11 54 -44
11 55 98
11 56 -59
11 58 66
11 59 36
11 60 -5
11 61 -76
11 62 -10
11 63 -60
11 64 29
11 65 88
11 66 69
11 67 -84
11 68 99
11 69 42
11 70 1
11 71 82
11 72 61
11 73 -66
11 74 -10
11 75 -56
11 76 11
11 77 -65
11 78 -30
11 79 -59
11 80 -70
11 81 72
11 82 -25
11 83 -30
11 84 -39
11 85 87
11 86 99
11 87 75
11 88 58
11 89 9
11 90 -78
11 91 -54
11 92 -80
11 93 -73
11 94 -38
11 95 59
11 96 -39
11 97 43
11 98 32
11 99 -81
12 0 56
12 1 5
12 2 -9
12 3 -39
12 4 -94
12 5 74
12 6 -81
12 7 -53
12 9 -23
12 10 -22
12 11 -75
12 12 -47
12 13 -5
12 14 20
12 15 39
12 17 -68
12 18 69
12 19 -8
12 20 -18
12 21 21
12 22 16
12 23 47
12 24 78
12 25 79
12 26 70
12 27 -99
12 28 19
12 29 -16
12 30 -16
12 31 -86
12 32 23
12 33 66
12 34 -13
12 35 99
12 36 -14
12 37 -22
12 38 -85
12 39 -13
12 40 -50
12 41 99
12 42 -10
12 43 50
12 44 -28
12 45 40
12 46 -56
12 47 85
12 48 75
12 49 46
12 50 -65
12 51 -99
12 53 80
12 54 -20
12 55 -30
12 56 38
12 57 -56
12 58 6
12 59 61
12 60 77
12 61 -100
12 62 -30
12 63 -55
12 64 -8
12 65 37
12 66 19
12 67 7
12 68 61
12 69 40
12 70 20
12 71 -48
12 72 80
12 73 99
12 74 -36
12 75 94
12 76 -44
12 77 53
12 78 9
12 79 67
12 80 -96
12 81 33
12 82 -26
12 83 -79
12 84 -59
12 85 -39
12 86 25
12 87 24
12 88 -85
12 89 35
12 90 26
12 91 50
12 92 91
12 93 -12
12 94 85
12 95 82
12 96 48
12 97 -40
12 98 -49
12 99 23
13 0 -15
13 1 6
13 2 9
13 3 -28
13 4 77
13 5 96
13 6 40
13 7 -5
13 8 70
13 9 34
13 10 -27
13 11 -78
13 12 60
13 13 28
13 15 -98
13 16 24
13 17 -99
13 18 87
13 19 16
13 20 -74
13 21 -65
13 22 46
13 23 9
13 24 68
13 26 -41
13 27 -30
13 28 58
13 29 -43
13 30 -28
13 32 71
13 33 62
13 34 58
13 35 56
13 36 46
13 38 46
13 40 68
13 41 -52
13 42 30
13 44 100
13 45 -4
13 46 -34
13 47 20
13 48 7
13 49 -36
13 50 61
13 51 -38
13 53 -26
13 54 -85
13 55 44
13 57 -39
13 58 -40
13 59 -94
13 60 14
13 61 30
13 62 50
13 63 -19
13 65 27
13 66 46
13 67 -15
13 68 62
13 69 -96
13 70 -98
13 71 -29
13 72 28
13 73 -60
13 74 89
13 75 -30
13 76 40
13 77 77
13 78 -31
13 79 -26
13 80 84
13 81 -24
13 82 -45
13 83 -65
13 84 -16
13 85 -96
13 86 -60
13 87 -100
13 88 95
13 89 96
13 90 -24
13 91 72
13 92 -51
13 93 -19
13 94 51
13 95 42
13 96 -100
13 97 -51
13 98 -17
13 99 -49
14 0 -79
14 1 96
14 2 80
14 3 73
14 4 77
14 5 -27
14 6 39
14 7 -2
14 8 14
14 9 40
14 10 -99
14 11 -17
14 12 -88
14 13 -31
14 14 -81
14 15 -37
14 16 49
14 17 13
14 18 -14
14 19 -33
14 20 29
14 21 -40
14 22 87
14 23 -70
14 24 -81
14 25 -54
14 26 -56
14 27 -29
14 28 77
14 29 -52
14 30 84
14 31 -94
14 33 16
14 34 8
14 35 17
14 36 83
14 37 68
14 38 -74
14 39 -54
14 40 64
14 41 21
14 42 27
14 43 45
14 44 94
14 45 5
14 46 13
14 47 -71
14 48 91
14 49 82
14 50 76
14 51 14
14 52 12
14 53 -78
14 54 -74
14 55 -62
14 56 -6
14 57 38
14 58 -94
14 59 78
14 60 -93
14 61 -66
14 62 53
14 63 38
14 64 52
14 65 -75
14 66 34
14 67 -97
14 68 -45
14 69 73
14 70 89
14 71 96
14 72 2
14 75 -57
14 76 -89
14 77 -47
14 78 -64
14 79 37
14 80 -18
14 81 -59
14 82 -30
14 83 -83
14 84 39
14 85 55
14 86 92
14 87 85
14 88 -48
14 89 75
14 90 17
14 91 57
14 92 45
14 94 81
14 95 38
14 96 -60
14 97 39
14 98 -13
14 99 40
15 0 31
15 1 61
15 2 -94
15 3 57
15 4 20
15 5 -90
15 7 81
15 8 -9
15 9 -32
15 10 -83
15 11 -1
15 12 -71
15 13 -57
15 14 20
15 15 68
15 16 23
15 17 -78
15 18 -36
15 19 -47
15 20 -2
15 21 -1
15 22 6
15 23 -84
15 24 81
15 25 69
15 26 14
15 27 71
15 28 -6
15 29 85
15 30 -62
15 31 1
15 32 -2
15 33 -7
15 34 -75
15 35 -71
15 36 -24
15 37 86
15 38 90
15 39 18
15 40 -43
15 41 56
15 42 -41
15 43 79
15 44 88
15 45 -57
15 46 41
15 47 -42
15 48 -16
15 50 -34
15 51 -1
15 52 99
15 53 -61
15 54 -6
15 55 -56
15 56 -92
15 57 3
15 58 -30
15 59 -22
15 60 50
15 61 16
15 62 82
15 63 -88
15 64 -3
15 65 29
15 66 47
15 67 -37
15 68 -84
15 69 -17
15 70 63
15 71 -59
15 72 95
15 73 88
15 74 -71
15 75 9
15 76 49
15 77 -51
15 78 87
15 79 40
15 80 -10
15 81 -86
15 82 36
15 84 -9
15 85 21
15 86 44
15 87 36
15 88 -72
15 89 46
15 90 -15
15 91 -1
15 92 59
15 93 43
15 94 16
15 95 17
15 96 93
15 97 -60
15 98 -2
15 99 -7
16 0 -73
16 1 -93
16 2 -72
16 3 7
16 4 41
16 5 -64
16 6 44
16 7 -66
16 9 -26
16 10 34
16 11 -69
16 12 19
16 13 -11
16 14 99
16 15 -20
16 16 -92
16 17 -91
16 18 98
16 19 -62
16 20 53
16 21 -8
16 22 -62
16 24 -88
16 25 -8
16 26 -29
16 28 88
16 29 -54
16 30 32
16 32 -25
16 33 39
16 34 12
16 35 35
16 36 -23
16 37 90
16 38 -4
16 39 -8
16 40 -38
16 41 -63
16 42 -43
16 43 -22
16 44 -61
16 45 86
16 46 45
16 47 -48
16 48 -93
16 49 34
16 50 26
16 51 32
16 52 32
16 53 73
16 54 -93
16 55 1
16 56 72
16 57 -91
16 59 83
16 60 -34
16 61 -21
16 62 35
16 63 35
16 64 -69
16 65 -70
16 66 -19
16 67 -78
16 68 43
16 69 -28
16 70 -6
16 71 3
16 72 -39
16 73 -19
16 74 -11
16 75 -37
16 76 15
16 78 -33
16 79 10
16 80 -17
16 81 -31
16 82 45
16 83 -49
16 85 -76
16 86 49
16 87 10
16 88 23
16 89 54
16 90 90
16 91 46
16 92 -20
16 94 -26
16 95 -43
16 96 -16
16 97 96
16 98 -88
16 99 18
17 0 -64
17 1 -84
17 2 48
17 3 98
17 4 -53
17 5 17
17 6 -89
17 7 -89
17 8 -57
17 9 36
17 10 -40
17 11 -16
17 13 -15
17 14 -42
17 15 98
17 16 -45
17 17 98
17 18 -80
17 19 84
17 20 37
17 21 29
17 22 43
17 23 27
17 24 79
17 25 -63
17 26 84
17 27 -37
17 28 -73
17 29 59
17 30 28
17 31 45
17 32 38
17 33 -22
17 34 70
17 35 53
17 36 30
17 37 4
17 38 55
17 39 30
17 40 57
17 41 58
17 42 -64
17 43 76
17 44 -68
17 45 -45
17 46 -39
17 47 76
17 48 -29
17 49 32
17 50 -1
17 51 62
17 52 91
17 53 -8
17 54 -98
17 55 -47
17 56 35
17 57 25
17 58 41
17 59 -51
17 60 20
17 61 21
17 62 50
17 63 59
17 64 64
17 65 46
17 66 -18
17 67 25
17 68 -11
17 69 45
17 70 -16
17 71 62
17 72 -6
17 73 77
17 74 -86
17 75 -68
17 76 89
17 77 53
17 78 61
17 79 -18
17 80 -100
17 81 18
17 82 -31
17 83 -24
17 84 -67
17 85 4
17 86 40
17 87 87
17 88 -72
17 89 46
17 90 -36
17 91 -51
17 92 25
17 93 72
17 95 -32
17 97 69
17 98 -19
17 99 -16
18 0 -93
18 1 -50
18 2 -36
18 3 -67
18 4 -17
18 5 -42
18 6 -71
18 7 -16
18 8 -92
18 9 65
18 10 -10
18 11 -62
18 12 30
18 13 50
18 14 17
18 15 84
18 16 -77
18 17 4
18 18 -93
18 19 62
18 20 -18
18 22 -14
18 24 69
18 25 44
18 26 84
18 27 -93
18 28 30
18 29 36
18 30 -3
18 31 26
18 32 -32
18 33 3
18 34 91
18 35 26
18 36 -93
18 37 -45
18 38 47
18 39 80
18 40 -23
18 41 26
18 42 55
18 43 -59
18 44 3
18 45 -25
18 46 -53
18 47 83
18 48 48
18 49 -1
18 50 20
18 51 -48
18 53 93
18 54 67
18 55 -9
18 56 -23
18 57 27
18 58 48
18 59 -31
18 60 20
18 61 -75
18 62 99
18 63 33
18 64 80
18 65 44
18 66 -79
18 67 64
18 68 53
18 69 76
18 70 -2
18 71 61
18 72 -32
18 73 -2
18 74 75
18 75 16
18 76 -17
18 77 -43
18 78 63
18 79 58
18 80 -95
18 81 -50
18 82 41
18 83 -85
18 84 42
18 85 -14
18 86 -13
18 87 66
18 88 53
18 89 -41
18 90 -2
18 91 -30
18 92 -55
18 93 48
18 94 -66
18 95 -10
18 96 -33
18 97 -37
18 98 39
18 99 55
19 0 -48
19 1 84
19 2 -89
19 3 80
19 4 54
19 5 -32
19 6 91
19 7 -18
19 8 96
19 9 40
19 10 -31
19 11 85
19 13 16
19 14 -82
19 15 -8
19 16 -46
19 17 -45
19 18 -83
19 19 -68
19 20 41
19 21 8
19 22 71
19 23 -52
19 24 38
19 25 -12
19 26 24
19 29 -53
19 30 72
19 31 -76
19 32 78
19 33 76
19 34 12
19 35 -62
19 36 97
19 37 -49
19 38 57
19 39 -95
19 40 28
19 41 12
19 43 -26
19 44 72
19 45 72
19 46 -27
19 47 95
19 48 -17
19 49 87
19 50 -85
19 51 90
19 52 57
19 53 -53
19 54 62
19 55 16
19 56 75
19 57 -82
19 58 75
19 60 -33
19 61 -62
19 62 20
19 63 75
19 64 60
19 65 60
19 66 -19
19 67 45
19 68 -57
19 69 -22
19 70 -46
19 72 -94
19 73 -51
19 74 -21
19 75 81
19 76 19
19 77 2
19 78 20
19 79 -88
19 80 -33
19 81 -27
19 82 -89
19 83 -45
19 84 -4
19 85 90
19 86 52
19 87 -92
19 88 53
19 89 -8
19 90 -10
19 91 100
19 92 33
19 93 98
19 94 -73
19 95 -64
19 96 -2
19 97 -4
19 98 85
19 99 -60
20 0 10
20 1 -12
20 2 19
20 3 -89
20 4 5
20 5 -76
20 6 -83
20 7 25
20 8 -39
20 9 54
20 10 25
20 11 -92
20 13 34
20 14 -39
20 15 -99
20 16 81
20 17 -78
20 18 6
20 19 38
20 20 -30
20 21 -100
20 22 -71
20 23 -45
20 24 38
20 25 37
20 26 -65
20 27 50
20 28 -17
20 29 54
20 30 42
20 31 83
20 32 39
20 33 -70
20 34 -59
20 35 -61
20 36 42
20 37 -81
20 38 48
20 39 -39
20 40 -19
20 42 -10
20 43 -25
20 44 -42
20 45 -74
20 46 -7
20 47 -14
20 48 -63
20 49 -7
20 50 15
20 51 -12
20 52 83
20 53 -58
20 54 -34
20 55 1
20 56 77
20 57 36
20 58 -32
20 59 43
20 60 -78
20 61 57
20 63 -26
20 64 66
20 65 -27
20 66 -90
20 67 63
20 68 57
20 69 -14
20 70 -68
20 71 -78
20 72 55
20 73 -72
20 74 -43
20 75 90
20 76 -4
20 77 43
20 78 40
20 79 -37
20 80 35
20 81 15
20 82 40
20 83 89
20 84 36
20 85 31
20 86 21
20 87 -40
20 88 5
20 89 -78
20 90 71
20 91 -79
20 92 66
20 93 29
20 94 42
20 95 34
20 96 -64
20 97 83
20 98 8
20 99 50
21 0 97
21 1 -12
21 2 -72
21 3 -66
21 4 -44
21 6 17
21 7 -87
21 8 -45
21 9 27
21 10 72
21 11 86
21 12 27
21 13 13
21 14 13
21 15 41
21 16 -17
21 17 44
21 18 -26
21 19 19
21 20 -80
21 21 43
21 22 -33
21 23 -36
21 24 38
21 25 -15
21 26 52
21 27 -83
21 28 37
21 29 68
21 30 71
21 31 44
21 33 -27
21 34 52
21 35 -87
21 36 50
21 37 35
21 38 55
21 39 -88
21 40 41
21 41 55
21 42 40
21 43 55
21 44 68
21 45 -22
21 46 -20
21 47 66
21 48 -80
21 49 45
21 50 47
21 51 -42
21 52 81
21 53 -43
21 54 -7
21 55 -6
21 56 -56
21 57 74
21 58 4
21 59 94
21 60 17
21 61 -66
21 62 24
21 63 58
21 64 59
21 65 -67
21 66 92
21 67 -8
21 68 25
21 69 -16
21 70 -30
21 71 -8
21 72 -1
21 73 65
21 74 -33
21 75 16
21 77 -97
21 78 69
21 79 51
21 80 -97
21 81 -58
21 82 7
21 83 -14
21 84 70
21 86 -41
21 87 -53
21 88 -89
21 89 -79
21 90 35
21 91 72
21 92 52
21 93 -71
21 94 7
21 95 10
21 96 89
21 97 -34
21 98 6
21 99 -35
22 0 -10
22 2 -62
22 3 86
22 4 55
22 5 57
22 6 12
22 7 -18
22 8 -55
22 9 100
22 10 6
22 11 82
22 12 6
22 13 18
22 14 -3
22 15 11
22 16 -43
22 17 -88
22 18 94
22 19 26
22 20 -98
22 21 70
22 22 -37
22 23 -95
22 25 15
22 26 63
22 27 -56
22 28 -51
22 29 74
22 30 42
22 31 -65
22 32 -63
22 33 29
22 34 -15
22 35 -27
22 36 25
22 37 -45
22 38 -65
22 39 39
22 40 49
22 41 -89
22 42 20
22 43 -5
22 44 -63
22 45 -77
22 46 -45
22 47 7
22 48 36
22 49 78
22 50 -26
22 51 37
22 52 -87
22 53 67
22 54 50
22 55 21
22 56 -13
22 57 -86
22 58 -20
22 59 -6
22 60 -72
22 61 -81
22 62 -6
22 63 -84
22 65 63
22 66 81
22 67 -52
22 68 -30
22 69 81
22 70 -66
22 71 54
22 72 88
22 73 98
22 74 -65
22 75 17
22 76 -23
22 77 -91
22 78 -93
22 79 -29
22 80 -83
22 81 26
22 82 50
22 83 -30
22 84 -17
22 85 68
22 86 36
22 87 -39
22 88 32
22 89 6
22 90 -91
22 91 -32
22 92 44
22 93 76
22 94 12
22 95 36
22 96 -53
22 97 79
22 98 26
22 99 13
23 0 81
23 1 -44
23 2 24
23 3 -55
23 4 76
23 5 -41
23 6 47
23 7 -42
23 8 20
23 9 -86
23 10 81
23 11 12
23 12 2
23 13 -7
23 14 -46
23 15 -42
23 16 14
23 17 -58
23 18 -44
23 19 62
23 20 41
23 21 -29
23 22 54
23 23 47
23 24 67
23 25 69
23 26 40
23 27 62
23 28 -35
23 29 -100
23 30 65
23 31 -55
23 32 -18
23 33 -75
23 34 -69
23 36 73
23 37 30
23 38 38
23 39 -95
23 40 99
23 41 -90
23 42 3
23 43 19
23 44 -50
23 45 -55
23 46 -1
23 47 -95
23 48 11
23 49 -90
23 50 79
23 51 -83
23 52 22
23 53 36
23 55 -90
23 56 -29
23 57 -12
23 58 -27
23 59 -72
23 60 91
23 61 -34
23 62 21
23 63 88
23 64 -84
23 65 55
23 66 -20
23 67 -26
23 68 -23
23 69 -80
23 70 42
23 71 -11
23 72 60
23 73 65
23 74 -53
23 75 -36
23 76 42
23 77 -13
23 78 32
23 79 78
23 80 33
23 81 -62
23 82 -6
23 84 -55
23 85 88
23 87 -28
23 88 -25
23 89 8
23 90 -20
23 91 -88
23 92 -5
23 93 61
23 94 26
23 95 -92
23 96 59
23 97 68
23 98 65
23 99 -79
24 0 95
24 1 -98
24 2 60
24 3 -72
24 5 -41
24 6 -33
24 7 72
24 8 -50
24 9 23
24 10 18
24 11 -47
24 12 87
24 13 86
24 14 70
24 15 -65
24 16 71
24 17 -65
24 18 33
24 19 19
24 20 -34
24 21 -11
24 22 67
24 23 -85
24 25 45
24 26 30
24 27 54
24 28 -13
24 29 20
24 30 -92
24 31 -22
24 32 94
24 33 92
24 34 68
24 35 12
24 36 85
24 37 97
24 38 -92
24 39 54
24 40 18
24 41 34
24 42 44
24 43 -52
24 44 -66
24 45 -16
24 46 54
24 47 58
24 48 40
24 49 52
24 50 -78
24 51 73
24 52 -69
24 53 -33
24 54 -50
24 55 -54
24 56 -97
24 57 88
24 58 21
24 59 -76
24 60 -98
24 61 -44
24 62 -8
24 63 -12
24 64 26
24 65 -18
24 66 -91
24 67 7
24 68 19
24 69 -64
24 70 -65
24 71 60
24 72 -79
24 73 -92
24 74 -82
24 75 -41
24 76 74
24 77 -96
24 78 -65
24 79 -17
24 80 19
24 81 -87
24 82 51
24 83 -37
24 84 -77
24 85 -33
24 87 16
24 88 -74
24 89 -24
24 91 -57
24 92 -86
24 93 -61
24 94 -11
24 95 4
24 96 41
24 97 36
24 98 13
24 99 -61
25 0 92
25 1 -94
25 2 95
25 3 51
25 5 56
25 6 -28
25 7 2
25 8 -82
25 9 -9
25 10 -99
25 11 -1
25 12 -69
25 13 -62
25 14 2
25 15 -16
25 16 68
25 17 90
25 18 -39
25 19 75
25 20 24
25 21 5
25 22 54
25 23 40
25 24 38
25 25 30
25 26 -40
25 27 1
25 28 -22
25 29 65
25 30 -61
25 31 44
25 32 -66
25 33 51
25 34 18
25 35 -55
25 36 -67
25 37 -34
25 38 -53
25 39 -85
25 40 -65
25 42 67
25 43 62
25 44 29
25 45 -36
25 46 3
25 47 37
25 48 -35
25 49 -85
25 50 -98
25 51 -71
25 52 -14
25 53 -20
25 54 -40
25 55 23
25 56 -26
25 57 87
25 58 -25
25 59 -37
25 60 -50
25 61 33
25 62 -37
25 64 88
25 65 -71
25 66 -19
25 67 59
25 68 68
25 69 3
25 70 -57
25 71 -16
25 72 40
25 73 -76
25 74 -21
25 75 -76
25 76 -97
25 77 79
25 78 18
25 79 -73
25 80 -64
25 81 -16
25 82 92
25 83 46
25 84 38
25 85 3
25 86 78
25 87 8
25 88 -33
25 89 89
25 90 3
25 91 -55
25 92 78
25 93 -86
25 94 -34
25 95 -74
25 96 -51
25 97 23
25 98 51
25 99 71
26 0 -18
26 1 15
26 2 -99
26 3 34
26 4 -53
26 5 74
26 6 5
26 7 58
26 8 84
26 9 38
26 10 -1
26 11 85
26 12 -17
26 13 53
26 14 -18
26 15 24
26 16 -1
26 17 -64
26 18 20
26 19 82
26 20 48
26 21 36
26 22 -73
26 23 -80
26 24 19
26 25 -99
26 26 7
26 27 1
26 28 -37
26 29 60
26 30 40
26 31 56
26 32 98
26 33 -94
26 34 -7
26 35 19
26 36 -71
26 37 -59
26 38 39
26 39 74
26 40 82
26 42 13
26 43 -67
26 44 -99
26 45 36
26 46 -57
26 47 58
26 50 90
26 51 -48
26 52 -72
26 53 1
26 54 -92
26 55 62
26 56 21
26 57 20
26 58 65
26 59 17
26 60 56
26 61 -29
26 62 -29
26 63 97
26 64 -14
26 65 -53
26 66 55
26 67 78
26 68 -91
26 69 -76
26 70 23
26 71 55
26 72 65
26 73 20
26 74 -79
26 75 -55
26 76 77
26 77 -78
26 78 28
26 79 -67
26 80 19
26 81 52
26 82 -38
26 83 -11
26 84 -45
26 85 -68
26 87 30
26 88 -34
26 89 88
26 90 96
26 93 -8
26 94 -7
26 95 -8
26 96 -45
26 97 -88
26 98 -74
26 99 89
27 0 65
27 1 -45
27 2 20
27 3 10
27 4 -70
27 5 93
27 6 85
27 7 24
27 8 60
27 9 -23
27 11 -88
27 12 -57
27 13 92
27 14 95
27 15 65
27 16 -47
27 17 52
27 18 86
27 19 47
27 20 49
27 21 -45
27 22 -93
27 23 -45
27 24 18
27 25 -28
27 26 40
27 29 -30
27 30 -3
27 31 -94
27 32 -15
27 33 -26
27 34 76
27 35 -58
27 36 23
27 37 51
27 39 -89
27 41 51
27 42 84
27 43 1
27 44 -62
27 45 73
27 47 86
27 48 -2
27 49 -37
27 50 -57
27 51 77
27 52 -85
27 53 -60
27 54 -78
27 55 -52
27 56 -54
27 57 77
27 58 21
27 59 91
27 60 7
27 61 -90
27 62 -58
27 63 84
27 64 -87
27 65 -75
27 66 34
27 67 78
27 68 -94
27 69 29
27 70 -70
27 71 23
27 72 -20
27 73 13
27 74 -81
27 75 -11
27 76 -20
27 78 95
27 79 74
27 80 -62
27 81 50
27 82 -4
27 83 -91
27 84 33
27 85 -95
27 86 1
27 87 -61
27 88 -40
27 89 -56
27 90 56
27 91 81
27 92 -94
27 93 78
27 94 23
27 95 -30
27 96 -26
27 97 -3
27 98 16
27 99 -72
28 0 58
28 1 97
28 2 75
28 3 -88
28 4 91
28 5 -86
28 7 -82
28 8 -54
28 9 -37
28 10 -10
28 11 28
28 12 98
28 13 -33
28 14 -25
28 15 -88
28 16 32
28 17 28
28 18 28
28 19 29
28 20 -85
28 21 -20
28 22 30
28 23 -3
28 24 90
28 25 -58
28 26 -69
28 27 -31
28 28 49
28 29 69
28 30 38
28 31 39
28 32 46
28 33 80
28 34 -73
28 35 -60
28 36 94
28 37 86
28 38 -86
28 39 60
28 40 -14
28 41 -84
28 42 54
28 43 35
28 44 -12
28 45 56
28 46 16
28 47 -16
28 48 54
28 49 -26
28 50 -80
28 51 71
28 52 98
28 53 -51
28 54 -70
28 55 49
28 56 -58
28 57 -5
28 58 -71
28 59 34
28 60 -9
28 61 63
28 62 -21
28 63 -27
28 64 -96
28 65 15
28 66 -84
28 67 -57
28 68 -8
28 69 -49
28 70 4
28 72 87
28 73 -5
28 74 -94
28 75 40
28 76 -55
28 77 -93
28 78 -72
28 79 51
28 80 35
28 81 -8
28 82 -33
28 83 -53
28 84 -27
28 85 -31
28 87 88
28 88 -62
28 89 42
28 90 -94
28 91 1
28 92 18
28 93 -39
28 94 -74
28 95 55
28 96 -84
28 97 66
28 98 -2
28 99 80
29 0 -76
29 3 -46
29 4 33
29 6 17
29 7 61
29 8 -64
29 9 91
29 10 -55
29 11 -23
29 12 -2
29 13 -5
29 15 -26
29 16 3
29 17 6
29 18 86
29 19 9
29 20 92
29 21 12
29 22 -31
29 23 95
29 24 44
29 25 10
29 26 -57
29 27 -50
29 28 55
29 29 -32
29 30 -21
29 31 28
29 32 27
29 33 -26
29 34 -21
29 35 -91
29 36 -73
29 37 -19
29 38 39
29 39 -24
29 40 -30
29 41 -70
29 42 93
29 43 17
29 44 -99
29 45 -9
29 46 -24
29 47 -89
29 48 42
29 49 81
29 50 59
29 51 -74
29 52 -12
29 53 -41
29 54 56
29 55 -14
29 56 -66
29 57 89
29 58 -30
29 59 -28
29 60 18
29 61 -21
29 62 -46
29 63 88
29 64 38
29 65 -81
29 66 24
29 67 -87
29 68 53
29 69 17
29 70 1
29 71 -44
29 72 -53
29 73 -28
29 74 44
29 75 -56
29 76 35
29 77 -61
29 78 39
29 79 77
29 80 -75
29 81 46
29 82 -55
29 83 61
29 84 16
29 85 -40
29 86 -67
29 87 -7
29 88 58
29 89 -93
29 90 -4
29 91 -45
29 92 57
29 93 55
29 94 -4
29 96 78
29 97 57
29 98 59
29 99 -86
30 0 -71
30 1 17
30 2 6
30 3 62
30 4 -95
30 5 -22
30 6 -96
30 7 24
30 9 93
30 10 -3
30 11 -3
30 12 40
30 13 -5
30 14 -61
30 15 -6
30 16 -15
30 17 17
30 18 -9
30 19 -34
30 20 -49
30 21 -37
30 22 -60
30 23 -58
30 24 5
30 25 -3
30 26 6
30 27 -87
30 28 2
30 29 -48
30 30 69
30 31 22
30 32 27
30 33 -53
30 34 -21
30 36 1
30 37 50
30 38 -7
30 39 -65
30 40 -7
30 41 62
30 42 -85
30 43 -93
30 44 -16
30 45 31
30 46 74
30 47 77
30 48 72
30 49 -36
30 50 -53
30 51 34
30 52 89
30 53 -79
30 54 23
30 55 -25
30 56 100
30 57 58
30 58 45
30 59 -5
30 60 44
30 61 42
30 62 -21
30 63 -100
30 64 -78
30 65 24
30 66 -3
30 67 61
30 68 75
30 70 86
30 71 20
30 72 -84
30 73 12
30 74 -18
30 75 92
30 76 86
30 78 17
30 79 90
30 80 -98
30 81 88
30 82 -96
30 83 47
30 84 13
30 85 81
30 86 50
30 87 -19
30 88 70
30 89 1
30 90 18
30 91 -42
30 92 -11
30 93 -32
30 94 -49
30 95 -13
30 96 -51
30 97 10
30 98 12
30 99 83
31 0 26
31 1 -50
31 2 84
31 3 60
31 4 -58
31 5 84
31 6 60
31 7 3
31 8 -5
31 9 -36
31 10 33
31 11 16
31 12 98
31 13 31
31 14 -40
31 15 -86
31 16 -74
31 17 -85
31 18 -2
31 19 65
31 20 -13
31 21 26
31 22 91
31 23 -66
31 24 -25
31 25 -30
31 26 -21
31 27 38
31 28 29
31 29 3
31 30 -37
31 31 6
31 32 95
31 33 26
31 34 18
31 35 45
31 36 -78
31 37 42
31 38 98
31 39 -38
31 40 5
31 41 27
31 42 -98
31 43 30
31 44 -69
31 45 50
31 46 -58
31 47 92
31 48 -88
31 49 -64
31 50 53
31 51 -22
31 52 -10
31 53 -3
31 54 -9
31 55 65
31 56 -58
31 57 48
31 58 -19
31 59 53
31 61 100
31 62 41
31 63 -60
31 64 92
31 65 17
31 66 -87
31 67 13
31 68 -70
31 69 85
31 70 -44
31 71 -94
31 72 -40
31 73 -58
31 74 -23
31 75 -41
31 76 99
31 77 -42
31 78 -3
31 79 -26
31 80 -45
31 81 -55
31 82 -23
31 83 -93
31 84 -42
31 85 -62
31 86 84
31 87 65
31 88 -88
31 89 -24
31 90 -18
31 91 85
31 93 -33
31 94 98
31 95 66
31 96 23
31 97 18
31 98 37
31 99 -38
32 0 -61
32 1 -11
32 2 -69
32 3 18
32 4 15
32 5 -82
32 6 -5
32 7 -88
32 8 -32
32 9 -57
32 10 -94
32 11 -62
32 12 -97
32 13 29
32 14 21
32 15 -55
32 16 22
32 17 -44
32 18 -56
32 19 -60
32 20 -11
32 21 -93
32 22 -86
32 23 57
32 24 -26
32 25 -73
32 26 81
32 27 61
32 28 -6
32 29 -51
32 30 71
32 31 -12
32 32 -84
32 33 50
32 34 -61
32 35 -94
32 36 -63
32 37 -22
32 38 -40
32 39 -57
32 40 1
32 41 -22
32 42 -39
32 43 3
32 44 -45
32 45 86
32 46 -68
32 47 21
32 48 -25
32 49 60
32 50 -32
32 51 -91
32 52 63
32 53 88
32 54 3
32 55 -74
32 57 33
32 58 -38
32 60 -17
32 61 1
32 62 -19
32 63 100
32 64 45
32 65 -86
32 66 22
32 67 72
32 68 26
32 69 33
32 70 -5
32 71 -94
32 72 -35
32 73 -1
32 74 -55
32 75 90
32 76 77
32 77 34
32 78 -50
32 79 -58
32 80 -10
32 81 -47
32 82 11
32 83 67
32 84 85
32 85 70
32 86 92
32 87 79
32 88 -36
32 89 74
32 90 91
32 91 53
32 92 -88
32 93 82
32 94 -45
32 95 -85
32 96 24
32 97 -34
32 98 -92
32 99 20
33 0 -52
33 1 92
33 2 87
33 3 18
33 4 46
33 5 -28
33 6 -24
33 7 10
33 8 -49
33 9 -29
33 11 -32
33 12 -30
33 13 -8
33 14 -47
33 15 -16
33 16 -67
33 17 90
33 18 -37
33 19 57
33 20 -53
33 21 33
33 22 -88
33 23 82
33 24 -32
33 25 13
33 26 11
33 27 -33
33 28 32
33 29 12
33 30 -52
33 31 26
33 32 -24
33 33 39
33 34 -35
33 35 -6
33 36 -37
33 37 24
33 38 26
33 39 -71
33 40 22
33 41 -41
33 42 -94
33 43 -39
33 44 100
33 45 -74
33 46 6
33 47 64
33 48 -21
33 49 92
33 50 -44
33 51 -31
33 52 -82
33 53 -48
33 55 -8
33 56 92
33 57 -68
33 58 -91
33 59 -97
33 60 78
33 61 47
33 62 -78
33 63 41
33 64 61
33 65 17
33 66 -86
33 67 68
33 68 9
33 69 -79
33 70 19
33 71 20
33 72 33
33 73 -52
33 74 -20
33 75 33
33 76 5
33 77 79
33 78 49
33 80 53
33 81 69
33 82 6
33 83 -69
33 84 -36
33 85 -79
33 86 49
33 87 -39
33 88 15
33 89 -68
33 90 -7
33 91 -56
33 92 73
33 93 19
33 94 -63
33 95 29
33 96 20
33 98 -55
33 99 40
34 0 -59
34 1 92
34 2 -53
34 3 89
34 4 -5
34 5 54
34 6 -63
34 7 -38
34 8 54
34 9 55
34 10 -54
34 11 -38
34 12 31
34 13 -23
34 15 35
34 16 -85
34 17 -40
34 18 -24
34 19 -23
34 20 -19
34 21 54
34 22 10
34 23 74
34 24 63
34 25 -52
34 26 -92
34 27 -32
34 28 -49
34 29 98
34 30 -17
34 32 91
34 33 -25
34 34 -79
34 35 22
34 36 93
34 37 86
34 38 -21
34 39 -98
34 41 97
34 42 -53
34 43 -71
34 44 -82
34 45 -88
34 47 64
34 48 -48
34 49 43
34 50 -25
34 52 26
34 53 6
34 54 61
34 55 34
34 56 -96
34 57 93
34 58 -17
34 59 45
34 60 31
34 61 -76
34 62 -57
34 63 1
34 64 -49
34 65 86
34 66 46
34 67 -14
34 68 -89
34 69 21
34 70 -94
34 71 -5
34 72 -7
34 73 99
34 74 61
34 75 -3
34 76 4
34 77 90
34 78 55
34 79 27
34 80 94
34 81 55
34 82 -66
34 83 69
34 84 -19
34 85 69
34 86 74
34 87 -91
34 88 -15
34 90 25
34 91 8
34 92 43
34 93 -30
34 94 59
34 95 99
34 96 52
34 97 57
34 98 -15
34 99 -38
35 0 -42
35 1 76
35 2 42
35 3 -33
35 4 88
35 5 -8
35 6 29
35 7 46
35 8 10
35 9 73
35 10 35
35 11 -24
35 12 -37
35 13 49
35 14 31
35 15 10
35 16 10
35 17 -29
35 18 -78
35 19 -67
35 20 33
35 21 -2
35 22 -68
35 23 -15
35 24 47
35 25 44
35 26 4
35 27 -14
35 28 -64
35 29 -77
35 30 -18
35 31 -27
35 32 61
35 33 -59
35 35 -24
35 36 10
35 37 -23
35 38 -99
35 39 17
35 40 -98
35 41 -71
35 42 -34
35 43 37
35 44 60
35 45 84
35 46 41
35 47 -81
35 48 40
35 49 54
35 50 67
35 51 84
35 52 -56
35 53 -56
35 54 28
35 55 63
35 56 23
35 57 -20
35 58 82
35 59 1
35 60 -22
35 61 21
35 62 18
35 63 -24
35 64 16
35 65 69
35 66 48
35 67 37
35 69 97
35 70 -75
35 71 78
35 72 -8
35 73 68
35 74 -70
35 75 -45
35 76 13
35 77 67
35 78 -31
35 79 28
35 80 -73
35 81 -24
35 82 23
35 83 51
35 84 -11
35 85 83
35 86 23
35 87 -64
35 88 -6
35 90 26
35 91 -91
35 92 -28
35 93 5
35 94 -99
35 95 -85
35 96 -95
35 97 -40
35 98 -75
35 99 -85
36 0 -21
36 1 41
36 2 52
36 3 -90
36 4 -43
36 5 22
36 6 -26
36 7 -35
36 8 66
36 9 -57
36 10 34
36 11 37
36 12 -40
36 13 87
36 14 -56
36 15 -42
36 16 -31
36 17 -57
36 18 -23
36 19 -22
36 20 68
36 21 22
36 22 -72
36 23 -56
36 24 -97
36 25 -75
36 26 -16
36 27 -24
36 28 100
36 29 -18
36 30 9
36 31 61
36 32 96
36 33 -15
36 34 47
36 35 5
36 36 60
36 37 65
36 38 84
36 39 41
36 40 -88
36 41 -65
36 42 -26
36 43 81
36 44 79
36 45 9
36 46 -87
36 47 61
36 48 28
36 49 30
36 50 29
36 51 91
36 52 89
36 53 -12
36 54 85
36 55 -75
36 56 43
36 57 -93
36 58 -57
36 59 1
36 60 65
36 61 -20
36 62 -91
36 63 76
36 64 -65
36 65 -21
36 66 23
36 67 42
36 68 41
36 69 77
36 70 57
36 71 -67
36 72 22
36 73 43
36 74 28
36 75 26
36 76 75
36 77 -86
36 78 70
36 79 43
36 80 -19
36 81 -96
36 82 -57
36 83 1
36 84 14
36 86 -46
36 87 -72
36 88 58
36 89 -90
36 90 -21
36 91 79
36 92 -49
36 93 -7
36 94 49
36 95 41
36 96 80
36 97 -86
36 98 60
36 99 67
37 0 99
37 1 21
37 2 28
37 3 28
37 4 65
37 5 29
37 6 -9
37 7 -92
37 8 100
37 9 58
37 10 -16
37 11 -54
37 12 42
37 13 91
37 14 5
37 15 -38
37 16 -46
37 17 -3
37 18 -46
37 19 35
37 20 -93
37 21 -37
37 22 69
37 23 44
37 24 -100
37 25 1
37 26 4
37 27 -83
37 28 -32
37 29 65
37 30 73
37 31 -59
37 32 -8
37 33 32
37 34 11
37 35 43
37 36 -61
37 37 85
37 38 91
37 39 -94
37 41 -69
37 42 -57
37 43 -37
37 44 -99
37 45 34
37 46 5
37 47 9
37 48 -8
37 49 -8
37 50 20
37 51 77
37 52 23
37 53 24
37 54 2
37 55 -83
37 56 -55
37 57 13
37 58 57
37 59 54
37 60 -97
37 61 -66
37 62 9
37 64 35
37 65 71
37 66 -66
37 67 64
37 68 -8
37 69 -96
37 70 -4
37 71 -19
37 72 -28
37 74 -44
37 75 -65
37 76 3
37 77 65
37 78 47
37 79 19
37 80 -71
37 81 26
37 82 -24
37 83 81
37 84 78
37 85 -61
37 86 96
37 87 -95
37 88 -5
37 89 -64
37 90 -38
37 91 91
37 92 44
37 93 -57
37 94 -16
37 95 35
37 96 37
37 97 52
37 98 100
37 99 -24
38 0 -97
38 1 100
38 2 78
38 3 -8
38 4 -70
38 5 -33
38 6 9
38 7 49
38 8 4
38 9 3
38 10 -4
38 11 -3
38 12 27
38 13 44
38 15 -81
38 16 100
38 17 95
38 18 -31
38 20 38
38 21 -86
38 22 -14
38 23 -100
38 24 -75
38 25 63
38 26 66
38 27 82
38 28 72
38 29 25
38 30 -88
38 32 4
38 33 62
38 34 -92
38 35 -22
38 36 90
38 37 -31
38 38 -51
38 39 93
38 40 -44
38 41 91
38 42 75
38 43 -63
38 44 -60
38 45 -15
38 46 15
38 47 19
38 48 45
38 49 35
38 50 13
38 51 -17
38 52 -85
38 53 2
38 54 73
38 55 85
38 56 77
38 57 66
38 58 69
38 59 46
38 60 -6
38 61 87
38 62 51
38 63 1
38 64 17
38 65 72
38 66 -99
38 67 -96
38 68 -84
38 69 -74
38 70 8
38 71 -24
38 72 -78
38 73 -67
38 74 -55
38 75 92
38 76 -99
38 77 28
38 78 21
38 79 97
38 80 -16
38 81 6
38 83 -26
38 84 -91
38 85 -18
38 86 -55
38 88 -5
38 89 90
38 90 30
38 91 -94
38 92 -93
38 93 -60
38 94 -95
38 95 -12
38 96 -30
38 97 -61
38 98 -14
38 99 90
39 0 -54
39 2 -59
39 3 19
39 4 50
39 5 18
39 6 -17
39 7 57
39 8 82
39 9 87
39 10 -79
39 11 73
39 12 71
39 13 -94
39 14 2
39 15 -42
39 16 80
39 17 56
39 18 23
39 19 58
39 20 30
39 21 -52
39 22 49
39 23 26
39 24 -85
39 25 -34
39 26 -34
39 27 -48
39 28 -30
39 29 -22
39 30 33
39 31 -36
39 34 -4
39 35 -53
39 36 70
39 37 14
39 38 -67
39 39 59
39 40 -56
39 41 -57
39 42 -30
39 43 1
39 44 95
39 45 18
39 46 4
39 48 -99
39 49 17
39 50 21
39 51 7
39 52 33
39 53 -55
39 55 -5
39 56 20
39 57 51
39 58 78
39 59 65
39 60 -32
39 61 -100
39 62 -90
39 63 27
39 64 8
39 65 60
39 66 -44
39 67 -52
39 68 -27
39 69 -52
39 70 90
39 71 90
39 72 -98
39 73 -32
39 74 -27
39 75 100
39 76 -22
39 77 96
39 78 -90
39 79 -99
39 80 -45
39 81 85
39 82 6
39 83 21
39 84 97
39 85 -18
39 86 -33
39 87 -32
39 88 82
39 89 -74
39 90 -8
39 91 -23
39 92 -57
39 93 -70
39 94 93
39 95 -50
39 96 30
39 97 -8
39 98 -87
39 99 -54
40 0 -62
40 1 99
40 2 -11
40 3 -78
40 4 26
40 5 -14
40 6 8
40 7 -49
40 8 -79
40 9 -48
40 10 37
40 11 25
40 12 56
40 13 -31
40 14 68
40 15 -30
40 16 100
40 17 87
40 18 -31
40 19 -45
40 20 52
40 21 65
40 22 2
40 23 -14
40 24 -43
40 25 -80
40 26 -64
40 27 -45
40 28 41
40 29 -36
40 30 -23
40 31 94
40 33 -95
40 34 -27
40 35 22
40 36 66
40 37 72
40 38 22
40 39 -87
40 40 -43
40 41 80
40 42 19
40 44 -79
40 45 86
40 46 -15
40 48 -25
40 49 95
40 50 -18
40 51 75
40 52 -20
40 53 41
40 54 -37
40 55 58
40 56 9
40 57 -33
40 58 -17
40 59 -78
40 60 8
40 61 -95
40 62 9
40 63 17
40 64 76
40 65 38
40 66 87
40 67 -32
40 68 62
40 69 -25
40 70 51
40 71 -89
40 72 -38
40 73 68
40 74 -75
40 75 41
40 76 42
40 77 -21
40 78 -88
40 79 -59
40 80 6
40 82 -1
40 83 -28
40 84 -58
40 85 86
40 86 86
40 87 21
40 88 47
40 89 -33
40 90 -27
40 91 72
40 92 -75
40 93 23
40 94 -59
40 95 70
40 96 13
40 97 -67
40 99 -54
41 0 78
41 1 57
41 2 -43
41 3 5
41 5 10
41 6 50
41 7 -28
41 8 -1
41 9 27
41 10 -62
41 11 72
41 12 84
41 13 -74
41 14 -66
41 15 -75
41 16 12
41 17 -73
41 18 -17
41 19 18
41 20 -5
41 21 41
41 22 -59
41 23 67
41 24 67
41 25 -54
41 27 -1
41 29 -43
41 30 1
41 31 19
41 32 5
41 33 -91
41 34 66
41 35 26
41 36 -17
41 37 -73
41 38 70
41 39 -80
41 40 -33
41 41 -6
41 42 -15
41 43 38
41 44 54
41 45 -55
41 46 66
41 47 -33
41 48 82
41 49 -2
41 50 -97
41 51 37
41 52 86
41 53 72
41 54 80
41 55 -80
41 56 81
41 57 -4
41 58 39
41 59 -59
41 60 73
41 61 36
41 62 -53
41 63 -75
41 64 43
41 65 -41
41 66 -96
41 67 40
41 68 18
41 69 -43
41 70 75
41 71 97
41 72 -14
41 73 -73
41 74 95
41 75 -31
41 76 -49
41 77 -20
41 78 42
41 79 74
41 80 41
41 81 22
41 82 27
41 83 18
41 84 -97
41 85 -79
41 86 73
41 87 -1
41 88 -59
41 89 -84
41 90 -73
41 91 83
41 92 51
41 93 -26
41 95 46
41 96 52
41 97 11
41 98 -21
41 99 -10
42 0 -34
42 1 -23
42 2 89
42 3 85
42 4 -17
42 5 -44
42 6 -91
42 7 70
42 8 42
42 9 -74
42 10 -89
42 11 -38
42 12 -14
42 13 -36
42 14 27
42 15 -2
42 16 75
42 17 74
42 18 -17
42 19 15
42 20 -82
42 21 29
42 22 -6
42 23 -68
42 24 4
42 25 -40
42 26 -3
42 27 -48
42 28 -15
42 29 -43
42 30 -45
42 31 -13
42 32 -14
42 33 -79
42 34 -46
42 35 -96
42 36 -70
42 37 -85
42 38 -81
42 39 88
42 40 41
42 41 -44
42 42 -36
42 43 24
42 44 41
42 45 70
42 46 -63
42 48 -90
42 49 -65
42 50 -44
42 51 69
42 52 95
42 53 1
42 54 96
42 55 -7
42 56 -80
42 57 83
42 58 -86
42 59 19
42 60 -54
42 61 -10
42 62 100
42 63 50
42 64 38
42 65 78
42 66 91
42 67 18
42 68 16
42 69 96
42 70 -19
42 71 80
42 72 -42
42 73 -83
42 74 -21
42 75 -52
42 76 43
42 77 -53
42 78 13
42 79 33
42 80 -65
42 81 -44
42 82 60
42 83 -87
42 84 -88
42 85 -72
42 87 20
42 88 -51
42 89 -73
42 90 -30
42 91 -100
42 92 47
42 93 -97
42 94 11
42 95 94
42 96 13
42 97 57
42 98 -6
42 99 52
43 0 -65
43 2 -17
43 3 94
43 4 50
43 5 -28
43 6 27
43 7 43
43 8 72
43 9 19
43 10 -22
43 11 -67
43 12 -21
43 13 -65
43 14 85
43 15 70
43 16 82
43 17 -16
43 19 51
43 20 -55
43 21 -21
43 22 77
43 23 -83
43 24 40
43 25 33
43 26 -43
43 27 54
43 28 -94
43 29 -60
43 30 10
43 31 46
43 33 -52
43 34 24
43 35 -91
43 36 39
43 37 25
43 38 -53
43 39 76
43 41 3
43 43 84
43 44 96
43 45 25
43 46 88
43 47 -5
43 48 -42
43 49 -98
43 50 -46
43 51 -63
43 52 -23
43 53 -12
43 54 27
43 55 52
43 56 -43
43 57 7
43 58 -40
43 59 -8
43 60 -70
43 61 72
43 62 2
43 63 73
43 64 -94
43 65 4
43 66 -98
43 67 -29
43 68 -80
43 69 -31
43 70 -59
43 72 -2
43 73 50
43 74 80
43 75 -24
43 76 87
43 77 22
43 78 100
43 79 69
43 80 -12
43 81 41
43 82 -31
43 83 96
43 84 46
43 85 77
43 86 40
43 87 47
43 88 -7
43 89 -77
43 90 18
43 91 58
43 92 22
43 93 -42
43 94 -64
43 95 49
43 96 -42
43 97 -52
43 99 -55
44 0 70
44 1 28
44 3 20
44 4 -14
44 5 60
44 6 46
44 7 83
44 8 24
44 10 62
44 11 39
44 12 -34
44 13 -85
44 14 -72
44 15 4
44 16 -11
44 17 70
44 18 -53
44 19 90
44 20 -87
44 21 79
44 22 46
44 23 -81
44 24 -2
44 25 10
44 26 -22
44 28 -13
44 29 22
44 30 29
44 31 -67
44 32 89
44 33 -75
44 34 -37
44 35 87
44 36 61
44 37 -14
44 38 -21
44 39 10
44 40 -52
44 41 42
44 42 -51
44 43 -68
44 44 -93
44 45 -23
44 46 82
44 47 -7
44 48 -9
44 49 -22
44 50 -34
44 51 -33
44 52 43
44 53 -54
44 54 -79
44 55 -41
44 56 35
44 57 20
44 58 -41
44 59 89
44 60 -49
44 61 -85
44 62 -52
44 63 -74
44 64 -75
44 65 -68
44 66 -10
44 67 -87
44 68 92
44 69 -91
44 70 11
44 71 14
44 72 -68
44 73 99
44 74 -49
44 75 -72
44 76 57
44 77 -90
44 79 83
44 80 85
44 81 75
44 82 -40
44 83 30
44 84 -94
44 85 -29
44 86 61
44 87 19
44 89 52
44 90 19
44 91 -64
44 92 -67
44 93 84
44 94 -41
44 95 -62
44 96 -40
44 97 69
44 98 31
44 99 -2
45 0 95
45 1 -30
45 2 -4
45 3 35
45 4 -63
45 5 -19
45 6 58
45 7 90
45 8 -99
45 9 -14
45 10 3
45 11 -9
45 12 -88
45 13 76
45 14 64
45 15 53
45 17 -8
45 18 94
45 19 42
45 20 -87
45 21 -76
45 22 -49
45 24 41
45 25 -98
45 26 -24
45 28 -90
45 29 -13
45 30 -20
45 31 27
45 32 -56
45 33 74
45 34 -24
45 35 84
45 36 -64
45 37 -22
45 38 -46
45 39 72
45 40 -37
45 41 55
45 42 75
45 43 -83
45 44 -23
45 45 29
45 46 93
45 47 54
45 48 -22
45 49 -85
45 50 71
45 51 58
45 52 66
45 53 -31
45 54 -25
45 55 -23
45 56 69
45 57 20
45 58 34
45 59 -84
45 60 52
45 61 -64
45 62 -69
45 63 7
45 64 -2
45 65 74
45 66 76
45 67 92
45 68 62
45 69 95
45 70 81
45 71 -43
45 72 84
45 73 -98
45 74 96
45 75 3
45 76 -62
45 77 -66
45 78 71
45 79 46
45 80 -64
45 81 -73
45 82 -2
45 83 11
45 84 -92
45 85 39
45 86 81
45 87 -77
45 88 84
45 89 -8
45 90 -59
45 91 18
45 92 -69
45 93 99
45 94 6
45 96 -5
45 97 -43
45 98 -48
46 0 39
46 1 87
46 2 -38
46 3 -73
46 4 69
46 6 -40
46 7 18
46 8 -86
46 9 81
46 10 45
46 11 30
46 12 -6
46 13 -67
46 14 68
46 16 48
46 17 52
46 18 45
46 19 -68
46 20 -17
46 21 1
46 22 -9
46 23 25
46 25 -5
46 26 33
46 27 -25
46 28 -75
46 29 -67
46 30 88
46 31 63
46 32 -63
46 33 -49
46 34 45
46 35 81
46 36 -62
46 37 42
46 38 -15
46 39 -97
46 40 -91
46 41 -64
46 42 43
46 44 -84
46 45 -75
46 46 18
46 47 -65
46 48 59
46 49 92
46 50 -40
46 51 32
46 52 -9
46 53 13
46 54 63
46 55 -27
46 56 12
46 57 27
46 58 19
46 59 73
46 60 4
46 61 -22
46 62 -91
46 63 3
46 64 -73
46 65 -8
46 66 -78
46 67 35
46 68 2
46 69 66
46 70 -83
46 71 -67
46 72 36
46 73 -20
46 74 -13
46 75 70
46 76 -48
46 77 -7
46 78 -71
46 79 48
46 80 32
46 81 -31
46 82 36
46 83 -4
46 84 -37
46 85 -96
46 86 -33
46 87 56
46 88 -73
46 89 90
46 90 -43
46 92 58
46 93 -97
46 94 -78
46 95 89
46 96 -45
46 97 24
46 98 -98
46 99 92
47 0 64
47 1 43
47 2 41
47 3 -75
47 4 80
47 5 -21
47 6 -70
47 7 42
47 8 59
47 9 -100
47 10 -90
47 11 53
47 12 86
47 13 66
47 14 -51
47 16 -46
47 17 -50
47 18 -48
47 19 -41
47 20 37
47 21 -59
47 22 -7
47 23 -63
47 24 3
47 25 -68
47 26 82
47 27 -22
47 28 -49
47 29 86
47 30 -34
47 31 -84
47 32 -49
47 33 -34
47 34 28
47 35 -34
47 36 -26
47 37 5
47 38 -100
47 39 81
47 40 54
47 41 -74
47 42 83
47 43 -59
47 44 61
47 45 -19
47 46 37
47 47 -21
47 48 -65
47 49 48
47 50 -67
47 51 -94
47 52 -77
47 53 92
47 54 61
47 55 54
47 56 78
47 57 97
47 58 -55
47 59 41
47 60 21
47 61 -1
47 62 -49
47 63 -78
47 64 -25
47 65 -24
47 67 95
47 68 -86
47 69 88
47 70 22
47 71 4
47 72 53
47 73 41
47 74 -7
47 75 -22
47 76 89
47 78 13
47 79 -48
47 80 -65
47 81 35
47 82 -66
47 83 -31
47 85 -98
47 86 69
47 87 10
47 89 24
47 90 -87
47 91 -58
47 92 -22
47 94 -54
47 95 -90
47 96 -44
47 97 75
47 98 -62
47 99 57
48 0 1
48 1 -11
48 2 61
48 3 -19
48 4 -25
48 5 21
48 6 11
48 7 95
48 8 -17
48 9 -24
48 10 88
48 12 36
48 13 70
48 14 46
48 15 -70
48 16 87
48 17 81
48 18 -29
48 19 -28
48 20 -30
48 21 -77
48 22 -81
48 23 99
48 24 -77
48 25 28
48 26 36
48 27 -24
48 28 99
48 29 -45
48 30 -84
48 31 3
48 32 -98
48 33 -3
48 35 9
48 36 -40
48 37 15
48 38 87
48 39 -23
48 40 -52
48 41 57
48 42 14
48 43 49
48 44 96
48 45 88
48 46 80
48 47 86
48 48 17
48 49 -15
48 50 18
48 51 -29
48 52 -71
48 53 -40
48 54 40
48 55 -70
48 57 -7
48 58 -77
48 59 83
48 60 100
48 61 36
48 62 -21
48 63 61
48 64 64
48 65 67
48 66 -67
48 67 -16
48 68 -57
48 69 66
48 70 -8
48 71 4
48 72 97
48 73 -83
48 74 26
48 75 -60
48 76 -1
48 77 -51
48 78 -70
48 79 -26
48 80 -96
48 81 2
48 82 -9
48 83 4
48 84 72
48 85 -63
48 86 -83
48 87 -30
48 88 -4
48 89 14
48 90 -78
48 91 1
48 92 -76
48 93 92
48 94 -43
48 95 -70
48 96 24
48 97 -100
48 98 -64
48 99 -17
49 0 -33
49 1 4
49 2 -87
49 3 54
49 4 -10
49 5 -56
49 6 78
49 7 -48
49 8 70
49 9 58
49 10 -84
49 11 64
49 12 28
49 13 93
49 14 -43
49 15 13
49 16 2
49 17 3
49 18 33
49 19 -31
49 20 79
49 21 93
49 22 43
49 23 3
49 24 -44
49 25 26
49 26 -89
49 27 86
49 28 94
49 29 -11
49 30 70
49 31 -11
49 32 -22
49 33 59
49 34 -70
49 35 5
49 36 34
49 37 -47
49 38 -91
49 39 27
49 40 -42
49 41 58
49 42 96
49 43 84
49 44 -77
49 45 -66
49 48 28
49 49 59
49 50 6
49 51 -90
49 52 52
49 53 47
49 54 12
49 55 -3
49 56 87
49 57 60
49 58 -97
49 59 -42
49 60 94
49 61 -56
49 62 -21
49 63 -65
49 64 21
49 65 82
49 66 -15
49 67 -91
49 68 -27
49 69 75
49 70 -61
49 71 63
49 72 9
49 73 -88
49 74 79
49 75 70
49 76 -56
49 77 15
49 78 -7
49 79 -69
49 80 -93
49 81 -15
49 82 -90
49 83 75
49 84 -95
49 85 -49
49 87 90
49 88 -95
49 89 -40
49 90 89
49 91 32
49 92 82
49 93 -51
49 94 92
49 95 75
49 96 -62
49 97 -50
49 98 -13
49 99 48
50 0 17
50 1 -85
50 2 -64
50 3 43
50 4 2
50 5 -96
50 6 -97
50 7 72
50 8 20
50 9 48
50 11 24
50 12 -95
50 13 75
50 14 18
50 15 65
50 16 -71
50 17 -99
50 19 -60
50 20 65
50 21 -84
50 22 -82
50 23 82
50 24 -66
50 25 -92
50 26 1
50 27 37
50 28 30
50 29 -97
50 30 87
50 31 -24
50 32 -80
50 33 -60
50 34 24
50 35 -11
50 36 -19
50 37 -33
50 38 -73
50 39 61
50 40 -96
50 41 -87
50 42 -23
50 43 91
50 44 17
50 45 49
50 46 48
50 47 75
50 48 13
50 49 25
50 50 52
50 51 92
50 52 -44
50 53 20
50 54 -51
50 56 -54
50 57 86
50 58 -42
50 59 -3
50 60 -98
50 61 -69
50 62 -86
50 63 -57
50 64 -98
50 65 85
50 66 61
50 67 21
50 68 36
50 69 -56
50 70 42
50 71 -46
50 72 65
50 73 12
50 74 86
50 75 53
50 76 -44
50 77 88
50 78 82
50 79 -92
50 81 -71
50 82 -3
50 83 66
50 84 -16
50 85 -87
50 88 -63
50 89 -19
50 90 -24
50 91 -12
50 92 -10
50 93 43
50 94 19
50 96 82
50 97 -99
50 98 86
50 99 -89
51 0 -48
51 1 42
51 2 -69
51 3 82
51 4 63
51 5 57
51 6 56
51 7 51
51 8 -56
51 9 91
51 10 56
51 11 -29
51 13 60
51 14 92
51 15 98
51 16 3
51 17 77
51 18 78
51 19 -16
51 20 80
51 21 99
51 22 -6
51 23 -75
51 24 59
51 25 -60
51 26 -62
51 27 72
51 28 -58
51 29 -6
51 30 -74
51 31 -78
51 32 -51
51 33 86
51 34 72
51 35 90
51 36 88
51 37 86
51 38 80
51 39 42
51 40 -13
51 41 -26
51 42 51
51 43 13
51 44 -71
51 45 48
51 46 36
51 47 6
51 49 16
51 50 -90
51 51 59
51 52 85
51 53 -96
51 54 2
51 55 -64
51 56 17
51 57 -26
51 58 -42
51 59 79
51 60 -98
51 62 -68
51 63 -92
51 64 -58
51 65 41
51 66 -49
51 67 -78
51 68 -49
51 69 13
51 70 3
51 71 9
51 72 -61
51 73 78
51 74 -62
51 75 88
51 76 -12
51 77 56
51 78 51
51 79 -17
51 80 33
51 81 -63
51 82 60
51 83 -22
51 84 50
51 85 87
51 86 77
51 87 1
51 89 100
51 90 -56
51 91 68
51 93 -72
51 94 40
51 95 33
51 96 13
51 97 92
51 98 57
51 99 -62
52 0 54
52 1 -65
52 2 96
52 3 -67
52 4 51
52 5 97
52 6 -21
52 7 -82
52 8 52
52 9 97
52 10 -31
52 11 -41
52 12 7
52 13 96
52 14 27
52 15 -26
52 16 14
52 17 6
52 18 -91
52 19 82
52 20 59
52 21 -20
52 22 96
52 23 58
52 24 -68
52 25 62
52 26 50
52 27 21
52 28 66
52 29 93
52 30 -37
52 31 -48
52 32 48
52 33 -20
52 34 45
52 35 -25
52 36 86
52 37 65
52 38 -97
52 39 19
52 40 -9
52 41 -60
52 42 88
52 43 42
52 44 -36
52 45 -53
52 46 67
52 47 43
52 48 -59
52 49 -7
52 50 -43
52 51 7
52 52 38
52 53 44
52 54 36
52 55 -37
52 56 16
52 57 -3
52 58 45
52 59 67
52 60 36
52 61 -29
52 62 73
52 63 15
52 64 -98
52 65 26
52 66 -24
52 67 -62
52 68 32
52 69 31
52 70 86
52 71 -34
52 72 -96
52 74 -63
52 75 84
52 76 -64
52 77 90
52 78 82
52 79 44
52 80 -67
52 81 -75
52 82 -5
52 83 -52
52 84 -61
52 85 -91
52 86 -30
52 87 -53
52 88 86
52 89 -92
52 90 -97
52 91 -20
52 92 -60
52 93 89
52 94 46
52 95 -61
52 97 67
52 98 84
52 99 -77
53 0 -14
53 1 31
53 2 -67
53 3 -74
53 4 -36
53 5 94
53 6 89
53 7 85
53 8 -11
53 9 -71
53 10 -85
53 11 -58
53 12 61
53 13 61
53 14 14
53 15 92
53 16 73
53 17 -30
53 18 15
53 19 80
53 20 -15
53 21 -84
53 22 72
53 23 -64
53 24 -73
53 25 -93
53 26 56
53 27 -40
53 28 10
53 29 -2
53 30 11
53 31 -87
53 32 -8
53 33 -11
53 34 37
53 35 28
53 36 -77
53 37 27
53 38 23
53 39 -23
53 40 -95
53 41 26
53 42 -75
53 43 83
53 44 52
53 45 53
53 46 94
53 47 75
53 48 88
53 49 93
53 50 30
53 51 -5
53 52 82
53 53 7
53 54 72
53 55 -77
53 56 41
53 58 -34
53 59 -67
53 60 24
53 61 58
53 62 -20
53 63 -96
53 64 -52
53 65 -38
53 66 48
53 67 96
53 68 66
53 69 -59
53 70 -61
53 71 43
53 72 42
53 73 -20
53 74 87
53 75 62
53 76 -99
53 77 -26
53 78 42
53 79 -43
53 80 -84
53 81 25
53 83 61
53 84 -46
53 85 -28
53 86 -84
53 87 97
53 88 -31
53 89 4
53 90 98
53 91 70
53 92 87
53 93 72
53 94 86
53 95 48
53 96 14
53 97 -34
53 98 -79
53 99 -8
54 0 95
54 1 18
54 2 -53
54 3 -90
54 4 -80
54 5 74
54 6 13
54 7 -44
54 8 -67
54 9 -66
54 10 -18
54 11 -71
54 12 -75
54 13 -3
54 14 -8
54 15 -79
54 16 9
54 17 69
54 18 -8
54 19 38
54 20 -11
54 21 -65
54 22 -23
54 23 -71
54 24 -8
54 25 12
54 26 93
54 27 -92
54 29 23
54 30 5
54 31 14
54 32 44
54 33 90
54 34 51
54 35 -37
54 36 -13
54 37 97
54 38 57
54 39 -48
54 40 -17
54 41 28
54 42 8
54 43 61
54 44 54
54 45 38
54 46 -49
54 47 -41
54 48 43
54 49 58
54 50 84
54 51 34
54 53 57
54 54 -89
54 55 -6
54 56 66
54 57 89
54 58 -80
54 59 -23
54 60 5
54 61 80
54 62 1
54 63 -32
54 64 80
54 65 -55
54 66 -9
54 67 30
54 69 64
54 70 -30
54 71 -47
54 72 61
54 73 30
54 74 5
54 75 32
54 76 16
54 77 78
54 78 -45
54 79 76
54 80 -37
54 81 100
54 82 20
54 83 47
54 84 -58
54 85 69
54 86 30
54 87 -40
54 88 58
54 89 3
54 90 51
54 91 40
54 92 -66
54 93 87
54 95 -46
54 96 -56
54 97 -54
54 98 -20
54 99 -41
55 0 54
55 1 7
55 2 -2
55 3 -62
55 4 -13
55 6 -25
55 7 55
55 8 66
55 9 -63
55 10 83
55 11 74
55 12 78
55 13 95
55 14 30
55 15 -56
55 16 -99
55 17 -36
55 18 -59
55 19 -78
55 20 -30
55 21 -33
55 22 -79
55 23 55
55 24 -17
55 25 -44
55 26 31
55 27 -63
55 28 16
55 29 -25
55 30 48
55 31 4
55 32 -98
55 33 91
55 34 13
55 35 89
55 36 21
55 37 -68
55 38 -84
55 39 51
55 40 90
55 41 -72
55 42 -40
55 43 -16
55 44 38
55 45 93
55 46 18
55 47 35
55 48 48
55 49 36
55 51 -21
55 52 4
55 53 -93
55 54 52
55 55 21
55 56 -98
55 57 -8
55 58 -67
55 59 -67
55 60 -53
55 61 -81
55 62 -23
55 63 18
55 64 -30
55 65 -6
55 66 41
55 67 30
55 68 68
55 69 -39
55 70 -98
55 71 -50
55 72 99
55 73 47
55 74 50
55 75 -84
55 76 -33
55 77 -98
55 78 65
55 79 85
55 80 -5
55 81 69
55 82 -74
55 83 14
55 85 67
55 86 56
55 87 13
55 88 5
55 89 -68
55 90 -96
55 91 30
55 92 24
55 93 -46
55 94 -58
55 95 -51
55 96 -42
55 98 -98
55 99 -36
56 0 -13
56 1 64
56 3 -65
56 4 21
56 5 -23
56 6 -7
56 7 13
56 8 -9
56 9 95
56 10 -73
56 11 -93
56 12 -77
56 14 71
56 15 96
56 16 44
56 17 -33
56 18 1
56 20 34
56 21 -79
56 22 28
56 23 -94
56 24 -96
56 25 -32
56 26 50
56 27 72
56 28 -54
56 29 22
56 30 79
56 31 48
56 32 -18
56 33 27
56 34 26
56 35 9
56 36 -68
56 37 -32
56 38 -16
56 39 -81
56 40 81
56 41 -14
56 42 74
56 43 -75
56 44 -86
56 45 -41
56 46 -71
56 47 1
56 48 -7
56 49 -20
56 50 -75
56 51 46
56 52 7
56 53 5
56 54 64
56 55 77
56 56 40
56 57 92
56 58 51
56 59 15
56 60 -62
56 61 22
56 62 -66
56 63 -97
56 64 -73
56 65 71
56 66 -50
56 67 -3
56 68 42
56 69 -39
56 70 -82
56 71 -33
56 72 -90
56 73 -67
56 74 38
56 75 -31
56 76 -48
56 77 -67
56 78 -16
56 79 88
56 81 76
56 82 50
56 83 86
56 84 -4
56 85 62
56 86 -76
56 87 35
56 88 -5
56 89 -9
56 90 18
56 91 96
56 92 -12
56 93 67
56 94 -11
56 95 74
56 96 42
56 97 3
56 98 -72
56 99 -13
57 1 -50
57 2 15
57 3 -53
57 4 62
57 5 35
57 6 78
57 7 -65
57 8 30
57 9 -46
57 10 52
57 11 43
57 12 -14
57 13 53
57 14 -37
57 15 32
57 16 -8
57 17 67
57 18 -94
57 19 29
57 20 71
57 21 -64
57 22 26
57 23 23
57 24 -67
57 25 84
57 26 -28
57 27 -46
57 28 -91
57 29 41
57 30 24
57 31 63
57 32 17
57 33 53
57 34 12
57 35 61
57 36 -21
57 37 -95
57 38 -25
57 39 40
57 40 52
57 41 85
57 42 -73
57 43 -50
57 44 -100
57 45 -23
57 46 -43
57 47 30
57 48 -81
57 49 91
57 50 54
57 51 12
57 52 85
57 53 66
57 54 -4
57 55 76
57 56 -61
57 57 35
57 58 -81
57 59 76
57 60 88
57 61 3
57 62 -26
57 63 -76
57 64 62
57 65 -87
57 66 41
57 67 82
57 69 -36
57 70 24
57 71 79
57 72 61
57 73 31
57 74 -95
57 75 82
57 76 -31
57 77 69
57 78 -77
57 79 -49
57 80 55
57 81 74
57 82 51
57 83 70
57 84 8
57 85 56
57 86 5
57 87 -68
57 88 54
57 89 -51
57 90 37
57 91 -29
57 92 -55
57 93 34
57 94 -29
57 95 -43
57 96 83
57 97 6
57 98 -52
58 0 71
58 1 64
58 2 4
58 4 90
58 5 -87
58 6 2
58 7 20
58 8 92
58 10 79
58 11 -43
58 12 -84
58 13 -25
58 14 -12
58 15 60
58 16 -9
58 17 32
58 18 -41
58 19 -23
58 20 -53
58 21 86
58 22 46
58 23 79
58 24 -21
58 25 38
58 26 17
58 27 -59
58 28 -82
58 29 -38
58 30 -24
58 31 9
58 32 21
58 33 39
58 34 17
58 35 -85
58 36 -88
58 37 -94
58 38 -26
58 39 71
58 40 -5
58 41 18
58 42 -33
58 43 35
58 45 -51
58 46 60
58 47 -52
58 48 -98
58 49 33
58 50 26
58 51 81
58 52 -69
58 53 -16
58 54 -53
58 55 66
58 56 -56
58 57 -23
58 58 30
58 59 -69
58 60 20
58 61 40
58 62 -89
58 63 46
58 64 -72
58 65 -59
58 66 10
58 67 -3
58 68 -7
58 69 38
58 70 -44
58 71 18
58 73 -53
58 74 44
58 75 -87
58 76 46
58 77 46
58 78 32
58 79 -41
58 80 57
58 81 11
58 82 46
58 83 86
58 84 -100
58 85 72
58 86 79
58 87 -39
58 88 -85
58 89 -41
58 90 -44
58 91 -35
58 92 11
58 94 -9
58 95 29
58 96 -50
58 97 16
58 98 46
59 1 63
59 2 -79
59 3 7
59 4 -82
59 5 -72
59 6 56
59 7 -1
59 8 -79
59 9 -16
59 10 65
59 11 77
59 12 -19
59 13 -31
59 14 7
59 15 -61
59 16 -61
59 17 25
59 18 -7
59 19 -62
59 20 -12
59 21 -70
59 22 59
59 23 77
59 24 22
59 25 44
59 26 -29
59 27 -73
59 28 82
59 29 28
59 30 78
59 31 8
59 32 1
59 33 -75
59 34 48
59 35 95
59 37 7
59 38 -61
59 39 99
59 40 -27
59 41 -2
59 42 -54
59 43 -56
59 44 -25
59 45 -89
59 46 -88
59 47 23
59 48 -62
59 49 -10
59 50 -1
59 51 72
59 52 -78
59 53 -78
59 54 -85
59 55 62
59 56 43
59 57 58
59 58 -61
59 59 8
59 61 -87
59 62 -24
59 63 81
59 64 84
59 65 -50
59 66 -7
59 67 -23
59 68 95
59 69 51
59 70 -48
59 71 -10
59 72 36
59 73 -8
59 74 31
59 75 39
59 77 -63
59 78 86
59 79 -92
59 80 92
59 81 -50
59 82 28
59 83 88
59 84 99
59 85 -8
59 86 -35
59 87 36
59 88 -63
59 89 -15
59 90 20
59 91 60
59 92 -75
59 93 -95
59 94 -88
59 95 -75
59 96 -33
59 97 -28
59 98 -7
59 99 -98
60 0 -81
60 1 -84
60 2 31
60 3 -39
60 4 -76
60 5 -80
60 6 -29
60 7 -39
60 8 -73
60 9 -16
60 10 11
60 11 4
60 12 36
60 13 18
60 14 87
60 15 -70
60 16 60
60 17 95
60 18 70
60 19 25
60 20 -42
60 21 1
60 22 55
60 23 64
60 24 56
60 25 28
60 26 -97
60 27 -25
60 28 -44
60 29 6
60 31 -79
60 32 35
60 33 56
60 34 42
60 35 -82
60 36 15
60 37 -25
60 38 -87
60 39 -79
60 40 -8
60 41 70
60 42 10
60 43 48
60 44 37
60 45 -94
60 47 30
60 48 -7
60 49 2
60 50 15
60 51 58
60 52 -9
60 53 95
60 54 -35
60 55 71
60 56 99
60 57 66
60 58 25
60 59 -30
60 60 -96
60 61 -62
60 62 -23
60 63 -29
60 64 -22
60 65 -37
60 66 -61
60 67 -91
60 68 -99
60 69 -29
60 70 35
60 71 -8
60 72 78
60 73 60
60 74 55
60 75 49
60 76 15
60 77 29
60 78 -55
60 79 -67
60 80 29
60 81 -63
60 82 79
60 83 40
60 84 69
60 85 -92
60 86 57
60 87 -49
60 88 74
60 89 -45
60 90 93
60 91 -86
60 92 -58
60 93 -18
60 94 13
60 95 36
60 96 53
60 97 94
60 98 77
60 99 31
61 0 -37
61 1 90
61 2 -76
61 3 61
61 4 -14
61 5 95
61 6 -74
61 7 -41
61 8 13
61 9 -24
61 10 -57
61 11 59
61 12 12
61 13 36
61 14 -18
61 15 40
61 16 -91
61 17 5
61 19 32
61 20 -46
61 21 -69
61 22 -4
61 23 -55
61 24 -68
61 25 -11
61 26 -34
61 27 -23
61 28 -88
61 29 -59
61 30 -92
61 31 -95
61 32 -28
61 33 -95
61 34 -34
61 35 94
61 36 51
61 37 -18
61 38 -69
61 39 96
61 40 74
61 41 33
61 42 14
61 43 20
61 44 -62
61 45 -52
61 46 78
61 47 -57
61 48 9
61 50 -16
61 51 -36
61 53 48
61 54 77
61 55 -91
61 56 -68
61 57 -16
61 58 -4
61 59 27
61 60 -61
61 61 19
61 62 -33
61 63 66
61 64 -64
61 65 -88
61 66 2
61 67 -42
61 68 -65
61 69 30
61 70 9
61 72 47
61 73 76
61 74 -82
61 75 -88
61 76 -7
61 77 -43
61 78 71
61 79 86
61 80 -31
61 81 72
61 82 79
61 83 13
61 84 10
61 85 58
61 86 22
61 87 79
61 88 -94
61 89 -34
61 90 -16
61 91 80
61 92 -2
61 93 -49
61 94 -86
61 95 -97
61 96 86
61 97 68
61 98 -4
61 99 30
62 0 -96
62 1 67
62 2 -11
62 3 -7
62 4 79
62 5 -57
62 6 -83
62 7 -94
62 8 53
62 9 17
62 10 -53
62 11 -55
62 12 51
62 13 -58
62 14 61
62 15 73
62 16 -64
62 18 53
62 19 97
62 21 30
62 22 -64
62 23 38
62 24 -62
62 25 79
62 26 67
62 27 -13
62 28 96
62 29 54
62 30 28
62 31 -6
62 32 -47
62 33 -82
62 34 35
62 35 -82
62 36 87
62 37 30
62 38 -17
62 39 61
62 40 65
62 41 53
62 42 23
62 43 -67
62 44 -50
62 45 5
62 47 -46
62 48 -94
62 49 -41
62 50 -3
62 51 -72
62 53 -85
62 54 -49
62 55 -69
62 56 9
62 58 45
62 59 -37
62 60 -96
62 61 -36
62 62 -16
62 63 -81
62 64 53
62 65 77
62 66 28
62 68 -31
62 69 -72
62 70 -91
62 71 18
62 72 -17
62 73 63
62 74 94
62 75 -97
62 76 -94
62 77 25
62 78 88
62 79 36
62 80 -9
62 81 -50
62 82 53
62 83 18
62 84 -32
62 85 17
62 86 -84
62 87 -31
62 88 -95
62 89 -22
62 90 -70
62 91 -22
62 92 -67
62 93 2
62 94 -48
62 95 -20
62 96 26
62 97 7
62 98 80
62 99 87
63 0 -72
63 1 32
63 2 21
63 3 -27
63 4 -75
63 5 -56
63 6 -93
63 7 21
63 8 55
63 9 74
63 10 94
63 11 -17
63 12 47
63 13 -31
63 14 -62
63 15 87
63 16 61
63 17 29
63 18 -2
63 19 33
63 20 3
63 21 -66
63 22 5
63 23 -37
63 24 -72
63 25 -11
63 26 95
63 27 77
63 28 -89
63 29 -61
63 30 -100
63 31 -98
63 32 -48
63 33 -32
63 34 28
63 35 39
63 36 19
63 37 -48
63 38 24
63 39 12
63 40 89
63 41 -79
63 42 -15
63 43 -14
63 44 -44
63 45 -33
63 46 62
63 47 -38
63 48 100
63 49 79
63 50 -84
63 51 53
63 52 -67
63 53 90
63 54 16
63 55 -7
63 56 -59
63 57 -56
63 58 68
63 59 16
63 60 87
63 61 19
63 62 -47
63 63 -29
63 64 -39
63 65 69
63 66 -88
63 67 69
63 68 57
63 69 -8
63 70 65
63 71 67
63 72 -53
63 73 -19
63 74 -42
63 75 -60
63 76 45
63 77 32
63 78 2
63 79 -78
63 80 -99
63 81 -90
63 82 -77
63 83 -19
63 84 71
63 85 38
63 86 42
63 87 41
63 88 -95
63 89 60
63 90 7
63 91 99
63 92 -23
63 93 -38
63 94 5
63 96 48
63 97 87
63 98 27
63 99 47
64 0 100
64 2 -59
64 3 -85
64 4 8
64 5 -97
64 6 -17
64 7 -7
64 8 76
64 9 -68
64 10 17
64 11 -38
64 12 41
64 13 18
64 14 37
64 15 28
64 16 -77
64 17 -60
64 18 7
64 19 -34
64 20 -24
64 21 -18
64 22 -71
64 23 25
64 24 59
64 25 -68
64 26 -46
64 27 -76
64 28 -32
64 29 -53
64 30 100
64 31 7
64 32 33
64 33 2
64 34 -43
64 35 -74
64 36 -67
64 37 3
64 38 48
64 39 -88
64 40 45
64 41 10
64 42 -43
64 43 88
64 44 50
64 45 83
64 46 -72
64 47 -19
64 48 19
64 49 51
64 50 -96
64 51 -26
64 52 -24
64 53 -84
64 54 87
64 55 60
64 56 81
64 57 -52
64 58 -79
64 59 -47
64 60 57
64 61 -95
64 62 96
64 63 -96
64 65 -25
64 66 -46
64 67 -57
64 68 -29
64 69 3
64 70 -53
64 71 -73
64 72 -36
64 73 1
64 74 77
64 76 -40
64 77 24
64 79 78
64 80 -7
64 81 54
64 82 42
64 83 -39
64 84 52
64 85 74
64 86 5
64 87 -30
64 88 -63
64 89 -65
64 90 40
64 91 -29
64 92 -20
64 93 96
64 94 -19
64 95 -4
64 96 -13
64 97 -7
64 98 20
64 99 -77
65 0 -95
65 1 22
65 2 -4
65 4 -23
65 5 -6
65 6 64
65 7 -7
65 8 -15
65 9 -60
65 10 38
65 11 -92
65 12 90
65 14 1
65 15 85
65 16 -88
65 17 70
65 18 -7
65 19 85
65 20 -57
65 21 -66
65 22 10
65 23 99
65 24 96
65 25 77
65 26 -55
65 27 -78
65 28 19
65 29 31
65 30 -98
65 31 24
65 32 -35
65 33 -79
65 34 30
65 35 78
65 36 89
65 37 43
65 38 1
65 39 -94
65 40 -78
65 41 -31
65 42 6
65 43 -99
65 44 76
65 45 -25
65 46 -40
65 47 87
65 48 14
65 49 10
65 50 11
65 51 -73
65 52 -8
65 53 -93
65 54 -14
65 55 -79
65 56 -7
65 57 -13
65 58 -4
65 59 -58
65 60 -97
65 61 11
65 62 30
65 63 -38
65 64 -23
65 65 44
65 66 15
65 67 75
65 68 -18
65 69 -69
65 70 93
65 71 -74
65 72 64
65 73 9
65 74 91
65 75 -99
65 76 11
65 77 34
65 78 12
65 79 1
65 80 56
65 81 51
65 82 -5
65 83 -81
65 84 -98
65 85 -61
65 86 -38
65 87 -44
65 88 -1
65 89 -83
65 90 22
65 91 -77
65 92 -30
65 93 -84
65 94 -71
65 95 85
65 96 -75
65 97 -98
65 98 100
65 99 28
66 0 -19
66 1 14
66 2 17
66 4 -17
66 5 25
66 6 45
66 7 -86
66 8 -100
66 9 71
66 10 -56
66 11 -25
66 12 5
66 13 -72
66 15 -92
66 16 -57
66 17 84
66 18 -71
66 19 -41
66 20 -42
66 21 87
66 23 8
66 24 -9
66 25 -92
66 26 88
66 27 87
66 28 36
66 29 86
66 30 2
66 31 6
66 32 -68
66 33 -52
66 34 71
66 35 -38
66 36 25
66 37 -90
66 38 -66
66 39 -48
66 40 60
66 41 39
66 42 -17
66 43 -18
66 44 23
66 45 -30
66 46 -30
66 47 93
66 48 96
66 49 -95
66 50 -17
66 51 41
66 52 -84
66 53 33
66 54 -93
66 55 -57
66 56 -35
66 57 73
66 58 14
66 59 10
66 60 -6
66 61 14
66 62 -12
66 63 26
66 64 -15
66 65 71
66 66 12
66 67 79
66 68 54
66 69 79
66 70 -24
66 71 29
66 72 15
66 73 57
66 74 -87
66 75 77
66 76 82
66 77 1
66 78 13
66 79 29
66 80 22
66 81 78
66 82 99
66 83 43
66 84 74
66 85 43
66 86 72
66 87 95
66 88 28
66 89 -1
66 90 41
66 91 85
66 92 -42
66 93 70
66 94 -23
66 96 -12
66 97 -86
66 98 95
66 99 25
67 0 -78
67 1 64
67 2 68
67 3 -81
67 4 -47
67 5 -97
67 7 -8
67 8 -91
67 9 -15
67 10 4
67 11 -99
67 12 59
67 13 66
67 14 -7
67 15 84
67 16 -70
67 17 99
67 18 25
67 19 -41
67 20 -42
67 21 92
67 22 55
67 23 -86
67 24 -25
67 25 -29
67 26 -91
67 27 -24
67 28 64
67 29 31
67 30 -66
67 31 98
67 32 75
67 33 37
67 34 -24
67 35 -39
67 36 41
67 37 52
67 38 -59
67 39 92
67 40 52
67 41 3
67 42 83
67 43 3
67 44 -77
67 45 -53
67 46 9
67 47 65
67 48 33
67 49 -56
67 50 -70
67 51 -41
67 52 -68
67 53 -61
67 54 -65
67 55 -18
67 56 75
67 57 9
67 58 -83
67 59 -91
67 60 -8
67 61 53
67 62 63
67 63 -98
67 65 -55
67 66 -11
67 67 27
67 68 -91
67 69 -41
67 70 -82
67 71 24
67 72 33
67 73 8
67 74 85
67 75 44
67 76 -57
67 77 -89
67 78 8
67 79 78
67 80 33
67 81 14
67 82 69
67 83 21
67 84 20
67 85 40
67 86 -78
67 87 26
67 88 74
67 89 48
67 90 68
67 91 5
67 92 -15
67 93 -42
67 94 -15
67 95 47
67 96 96
67 97 -25
67 98 63
67 99 93
68 0 -1
68 1 -8
68 2 49
68 3 -45
68 4 -84
68 5 -72
68 7 96
68 8 -4
68 9 -66
68 10 46
68 11 17
68 12 -15
68 13 -11
68 15 -26
68 16 56
68 17 -4
68 18 -90
68 19 -33
68 20 41
68 21 46
68 22 -58
68 23 56
68 24 -75
68 25 64
68 26 31
68 27 -100
68 28 17
68 29 53
68 30 85
68 31 63
68 32 24
68 33 34
68 34 -59
68 35 -10
68 36 -87
68 37 84
68 38 -58
68 39 -19
68 40 -59
68 41 19
68 42 -8
68 43 -85
68 44 62
68 45 -29
68 46 -27
68 47 -38
68 48 -26
68 49 -60
68 50 -32
68 51 8
68 52 -67
68 53 76
68 54 65
68 55 -85
68 56 94
68 57 25
68 58 -72
68 59 21
68 60 6
68 61 73
68 62 -99
68 63 -16
68 64 37
68 65 -72
68 66 7
68 67 86
68 68 65
68 69 -4
68 70 -72
68 71 10
68 72 -83
68 73 -58
68 74 -73
68 75 -3
68 76 -82
68 77 -10
68 78 -68
68 79 -14
68 80 21
68 81 100
68 82 82
68 83 27
68 84 49
68 85 63
68 86 -20
68 87 9
68 88 11
68 89 -63
68 90 -1
68 91 31
68 92 49
68 93 38
68 94 -45
68 95 36
68 96 73
68 97 -9
68 98 76
68 99 -27
69 0 36
69 1 -98
69 2 -20
69 3 30
69 4 45
69 5 -23
69 6 -88
69 7 -10
69 8 -17
69 9 27
69 10 74
69 11 -5
69 12 71
69 13 72
69 15 88
69 16 48
69 17 -78
69 18 64
69 19 -86
69 20 55
69 21 -92
69 22 28
69 23 -75
69 24 60
69 25 97
69 26 -59
69 27 54
69 28 50
69 29 -59
69 30 -39
69 31 -99
69 33 72
69 34 -71
69 36 -91
69 37 -11
69 38 84
69 39 79
69 40 -21
69 41 -93
69 43 89
69 44 -59
69 45 6
69 46 -18
69 47 67
69 48 52
69 49 -6
69 50 94
69 51 -45
69 52 72
69 53 54
69 54 41
69 55 68
69 56 38
69 57 -34
69 58 69
69 59 72
69 60 11
69 61 -74
69 62 97
69 63 37
69 64 85
69 65 -46
69 66 9
69 67 -77
69 68 -26
69 69 -49
69 70 -73
69 71 -56
69 72 -37
69 73 -52
69 74 -25
69 75 100
69 76 -64
69 77 22
69 78 -22
69 79 -6
69 80 66
69 81 -34
69 82 46
69 83 -20
69 85 -39
69 86 -96
69 87 25
69 88 -64
69 89 41
69 90 4
69 91 76
69 92 47
69 93 34
69 94 -7
69 96 41
69 97 2
69 98 1
69 99 -70
70 0 59
70 1 -63
70 2 -70
70 3 15
70 4 56
70 5 -13
70 6 29
70 7 -30
70 8 -25
70 9 73
70 10 -67
70 11 21
70 12 44
70 13 86
70 14 -30
70 15 -99
70 16 -99
70 17 -70
70 18 53
70 19 82
70 20 6
70 21 -96
70 22 -28
70 23 -90
70 24 36
70 25 -93
70 26 61
70 27 -75
70 29 -14
70 30 59
70 31 -93
70 33 -95
70 34 -17
70 35 50
70 36 -59
70 37 -62
70 38 -72
70 39 -65
70 40 26
70 41 -96
70 42 62
70 43 -66
70 44 -5
70 45 71
70 46 -74
70 47 84
70 48 -100
70 50 1
70 51 38
70 52 -72
70 54 -88
70 55 -26
70 56 -87
70 57 33
70 58 -2
70 59 -14
70 60 97
70 61 -96
70 62 -91
70 63 -27
70 64 74
70 65 18
70 66 22
70 67 -66
70 68 23
70 69 -99
70 70 54
70 71 97
70 72 -67
70 73 -58
70 75 -22
70 76 -1
70 77 -60
70 78 -62
70 79 -9
70 80 37
70 81 -10
70 82 -16
70 83 -27
70 84 80
70 85 -33
70 86 -47
70 87 -11
70 88 61
70 89 98
70 90 55
70 91 28
70 92 -39
70 93 -11
70 94 43
70 95 5
70 96 85
70 97 42
70 98 86
70 99 33
71 0 26
71 1 -88
71 2 -69
71 3 -45
71 4 75
71 5 5
71 6 -77
71 7 34
71 8 18
71 9 24
71 10 -69
71 11 -60
71 13 -31
71 15 -58
71 16 48
71 17 -28
71 19 -8
71 20 -88
71 21 -39
71 22 45
71 23 -16
71 24 45
71 25 30
71 26 2
71 27 -65
71 28 -36
71 29 50
71 30 -29
71 31 -63
71 32 -60
71 33 -16
71 34 20
71 35 -7
71 36 -23
71 37 81
71 38 -26
71 39 20
71 40 98
71 41 -51
71 42 -81
71 43 -10
71 44 62
71 45 -43
71 46 38
71 47 75
71 49 5
71 50 57
71 51 54
71 53 7
71 54 31
71 55 65
71 56 35
71 57 -43
71 58 -5
71 59 -96
71 60 65
71 61 -32
71 62 -54
71 63 -15
71 64 -29
71 65 56
71 66 85
71 67 13
71 68 -97
71 69 -82
71 70 60
71 71 20
71 72 33
71 73 96
71 74 42
71 75 100
71 76 -88
71 77 20
71 78 -72
71 79 25
71 80 64
71 81 -69
71 82 77
71 83 75
71 84 77
71 85 57
71 86 -80
71 87 32
71 88 93
71 89 -87
71 90 -20
71 91 43
71 92 47
71 93 18
71 94 -67
71 95 38
71 96 -97
71 97 92
71 98 21
71 99 -48
72 0 -25
72 1 50
72 2 -44
72 3 -4
72 4 -11
72 5 29
72 6 32
72 7 72
72 8 53
72 10 44
72 11 33
72 12 35
72 13 -33
72 14 64
72 15 86
72 16 -58
72 17 -74
72 19 -69
72 21 -79
72 22 -91
72 23 -10
72 24 31
72 25 -61
72 27 88
72 28 -73
72 29 -76
72 30 63
72 31 -49
72 32 32
72 33 -38
72 34 -12
72 35 18
72 36 -10
72 37 75
72 38 -68
72 39 -61
72 40 82
72 41 53
72 42 -39
72 43 62
72 44 22
72 45 27
72 46 -84
72 47 -73
72 48 -99
72 49 96
72 50 78
72 51 55
72 52 -33
72 53 -20
72 54 82
72 55 -35
72 56 66
72 57 34
72 58 35
72 59 47
72 60 -83
72 61 15
72 62 44
72 63 37
72 64 -74
72 65 -8
72 66 -69
72 67 36
72 68 -36
72 69 -96
72 70 -18
72 71 -33
72 72 43
72 73 12
72 74 -34
72 75 67
72 76 -28
72 79 -34
72 80 58
72 81 -45
72 82 -63
72 83 -23
72 84 -9
72 85 -84
72 86 -20
72 87 71
72 88 -49
72 89 -60
72 90 -46
72 91 -14
72 92 -39
72 93 57
72 94 36
72 95 -84
72 96 47
72 97 -96
72 98 -91
72 99 24
73 0 70
73 1 -99
73 2 46
73 3 -79
73 4 15
73 5 -53
73 6 -14
73 7 -64
73 8 -95
73 9 96
73 10 -72
73 11 -38
73 12 50
73 13 -96
73 14 -43
73 15 89
73 16 31
73 17 30
73 18 75
73 19 87
73 20 55
73 21 -46
73 22 -71
73 23 -65
73 24 26
73 27 15
73 28 -98
73 29 89
73 30 33
73 31 -89
73 32 -43
73 33 -77
73 34 -66
73 35 -100
73 36 50
73 37 45
73 38 -75
73 39 -60
73 40 100
73 41 -80
73 42 -23
73 43 -34
73 44 -62
73 45 88
73 46 -81
73 47 28
73 49 8
73 50 83
73 51 75
73 52 -18
73 53 -54
73 54 50
73 55 -95
73 56 -47
73 57 -26
73 58 -50
73 59 -89
73 60 81
73 61 48
73 62 -14
73 64 -100
73 65 -49
73 66 -46
73 67 -69
73 68 -6
73 70 27
73 72 39
73 73 -90
73 74 66
73 75 70
73 76 -85
73 77 85
73 78 -30
73 79 -19
73 80 31
73 81 14
73 82 57
73 83 -58
73 84 97
73 85 69
73 86 7
73 87 11
73 88 6
73 89 86
73 90 19
73 91 -59
73 93 98
73 94 -46
73 95 -51
73 96 98
73 97 92
73 98 43
73 99 -77
74 1 92
74 2 76
74 3 -50
74 4 43
74 5 64
74 6 14
74 7 100
74 8 14
74 9 -20
74 10 61
74 11 20
74 12 11
74 13 20
74 14 94
74 15 70
74 16 38
74 17 6
74 18 -11
74 19 92
74 20 12
74 21 -50
74 22 -13
74 23 96
74 24 79
74 25 13
74 26 61
74 27 -86
74 28 -51
74 29 45
74 30 -34
74 31 -48
74 32 41
74 33 21
74 34 3
74 35 20
74 36 -22
74 37 97
74 38 -96
74 39 92
74 40 -96
74 41 -79
74 42 -67
74 43 69
74 44 -48
74 45 -69
74 46 92
74 47 60
74 48 -34
74 49 -63
74 50 -74
74 51 -12
74 52 72
74 53 -24
74 54 79
74 55 33
74 56 61
74 57 32
74 58 7
74 59 93
74 60 63
74 61 13
74 62 -78
74 63 77
74 64 -95
74 65 35
74 66 99
74 67 -25
74 68 80
74 69 74
74 70 59
74 71 48
74 72 15
74 73 2
74 74 92
74 75 32
74 76 76
74 77 -22
74 78 -22
74 80 -82
74 81 75
74 82 -56
74 83 49
74 84 -26
74 85 -97
74 86 39
74 87 -26
74 88 67
74 89 -15
74 90 52
74 91 -90
74 92 81
74 93 24
74 94 75
74 95 -12
74 96 -73
74 97 2
74 98 53
74 99 60
75 0 98
75 1 -69
75 2 -70
75 3 24
75 4 -67
75 5 -79
75 6 -25
75 7 -60
75 8 93
75 9 47
75 10 -78
75 11 94
75 12 53
75 13 -94
75 14 -33
75 15 24
75 16 -81
75 17 85
75 18 -97
75 19 44
75 20 -44
75 21 11
75 22 67
75 23 98
75 24 -25
75 25 42
75 26 -53
75 27 55
75 28 -63
75 29 88
75 30 73
75 31 1
75 32 -93
75 33 58
75 34 24
75 35 11
75 36 82
75 37 93
75 38 -51
75 39 77
75 40 78
75 41 70
75 42 -66
75 43 -67
75 44 -24
75 45 22
75 46 -83
75 48 59
75 49 61
75 50 -58
75 51 -2
75 52 65
75 53 -41
75 54 78
75 55 59
75 56 -37
75 57 27
75 58 38
75 59 88
75 60 40
75 61 71
75 62 -45
75 63 -3
75 64 -47
75 65 -98
75 66 -39
75 67 95
75 68 51
75 69 70
75 70 59
75 71 -10
75 72 63
75 73 36
75 74 -52
75 75 -42
75 76 -20
75 77 89
75 78 90
75 79 -31
75 80 -30
75 81 -99
75 82 48
75 83 46
75 84 -51
75 85 19
75 86 98
75 87 34
75 88 71
75 89 -19
75 90 -96
75 92 86
75 93 15
75 94 -97
75 95 63
75 96 -80
75 97 76
75 98 40
75 99 -12
76 0 44
76 1 15
76 2 -8
76 3 79
76 4 11
76 5 -3
76 6 -22
76 7 -80
76 8 -96
76 9 1
76 10 14
76 11 37
76 12 52
76 13 52
76 14 90
76 15 -7
76 16 -22
76 17 -18
76 18 -49
76 19 -28
76 20 -20
76 21 -74
76 23 49
76 24 -35
76 25 10
76 26 86
76 27 65
76 29 -17
76 30 -84
76 31 -37
76 32 52
76 33 -55
76 34 43
76 35 -67
76 37 18
76 38 36
76 39 -35
76 40 47
76 41 -73
76 42 44
76 43 73
76 44 85
76 45 -19
76 46 -1
76 47 10
76 48 -26
76 49 39
76 50 90
76 51 -11
76 52 78
76 53 68
76 54 75
76 55 -3
76 56 -48
76 57 -47
76 58 -16
76 59 -74
76 60 -36
76 61 -85
76 62 -8
76 63 81
76 64 -28
76 65 66
76 66 -4
76 67 -6
76 68 -12
76 69 19
76 70 -69
76 71 4
76 72 -82
76 73 -19
76 74 56
76 75 95
76 77 13
76 78 54
76 79 -7
76 80 54
76 81 53
76 82 -78
76 83 -79
76 84 74
76 86 -18
76 87 -67
76 88 -54
76 89 62
76 90 81
76 91 7
76 92 17
76 93 -45
76 94 87
76 95 -56
76 96 64
76 97 64
76 98 -41
76 99 -59
77 0 99
77 1 -29
77 2 67
77 3 2
77 4 18
77 5 -13
77 6 47
77 7 -72
77 8 -81
77 9 58
77 10 -86
77 11 -63
77 12 59
77 13 -82
77 14 -69
77 15 67
77 16 46
77 17 -75
77 18 42
77 20 92
77 21 -51
77 23 -66
77 24 -4
77 25 -14
77 26 73
77 27 -51
77 28 -19
77 29 -66
77 30 -31
77 31 38
77 32 -56
77 33 95
77 34 -66
77 35 -25
77 36 14
77 37 57
77 38 -9
77 39 -12
77 40 -26
77 41 10
77 42 60
77 43 9
77 44 -34
77 45 -38
77 46 93
77 47 -56
77 48 98
77 49 -96
77 50 4
77 51 100
77 53 -44
77 54 -84
77 55 -9
77 56 65
77 57 -10
77 58 -98
77 59 -91
77 60 52
77 61 10
77 63 96
77 64 -55
77 65 15
77 67 36
77 68 -57
77 69 82
77 70 93
77 71 -65
77 72 77
77 73 -21
77 74 -81
77 75 -45
77 76 82
77 77 42
77 78 -95
77 79 71
77 80 -12
77 81 -94
77 82 -90
77 83 -22
77 84 2
77 85 -19
77 86 -21
77 87 58
77 88 -32
77 89 -48
77 90 -81
77 91 9
77 92 -82
77 93 55
77 94 13
77 96 74
77 97 30
77 98 18
78 0 21
78 1 79
78 2 80
78 3 3
78 4 13
78 5 72
78 6 -44
78 7 -65
78 8 -19
78 9 -81
78 10 45
78 11 60
78 12 19
78 13 64
78 14 -9
78 15 -35
78 16 64
78 17 -91
78 18 -24
78 19 -60
78 20 -68
78 21 12
78 23 5
78 25 38
78 26 -66
78 27 65
78 28 94
78 29 50
78 30 54
78 32 71
78 33 -36
78 34 -81
78 35 92
78 36 22
78 37 -10
78 38 -98
78 39 40
78 40 53
78 41 68
78 42 -11
78 43 31
78 44 75
78 45 -48
78 46 63
78 47 -6
78 48 63
78 49 -5
78 50 -29
78 51 8
78 52 28
78 53 47
78 54 -23
78 55 -99
78 56 62
78 57 94
78 58 -33
78 60 100
78 61 85
78 62 56
78 63 -14
78 64 6
78 65 -96
78 66 94
78 67 -43
78 68 -64
78 69 24
78 70 -46
78 71 81
78 72 -51
78 73 -69
78 74 100
78 75 14
78 76 71
78 77 -52
78 78 60
78 79 -61
78 80 -79
78 81 65
78 82 84
78 84 28
78 85 -87
78 86 -62
78 87 -46
78 88 -39
78 89 59
78 90 -94
78 91 49
78 92 -94
78 93 -3
78 94 43
78 95 38
78 96 17
78 97 75
78 98 -51
78 99 68
79 0 77
79 1 90
79 3 -22
79 4 -10
79 5 -14
79 6 -89
79 7 30
79 8 93
79 9 -55
79 10 6
79 11 22
79 12 21
79 13 23
79 14 45
79 15 70
79 16 100
79 17 38
79 18 89
79 19 1
79 20 -89
79 21 56
79 22 -82
79 23 20
79 24 -10
79 25 32
79 26 69
79 27 7
79 28 -67
79 29 41
79 31 -9
79 32 70
79 33 85
79 34 -81
79 35 56
79 36 -39
79 37 15
79 38 -31
79 39 14
79 40 -8
79 41 57
79 42 33
79 43 41
79 44 -10
79 45 -3
79 46 2
79 47 25
79 48 28
79 49 -86
79 50 26
79 51 19
79 52 -100
79 53 -100
79 54 100
79 55 90
79 56 -41
79 57 -73
79 58 54
79 60 -73
79 61 -23
79 62 14
79 63 -33
79 64 -89
79 65 99
79 66 -58
79 67 -76
79 68 -76
79 69 75
79 70 -43
79 72 44
79 73 68
79 74 39
79 75 1
79 76 65
79 77 -25
79 78 30
79 79 42
79 80 -64
79 81 -47
79 82 19
79 83 93
79 84 -46
79 85 -35
79 86 39
79 87 7
79 88 81
79 89 -9
79 90 90
79 91 12
79 92 -94
79 93 8
79 94 -10
79 95 1
79 96 -86
79 97 2
79 98 46
79 99 -20
80 0 -14
80 1 72
80 2 57
80 4 78
80 5 -66
80 6 76
80 7 -94
80 8 -70
80 9 75
80 10 18
80 11 -68
80 12 48
80 13 54
80 14 17
80 15 4
80 16 12
80 17 48
80 18 86
80 19 -57
80 20 79
80 21 -31
80 22 -2
80 23 7
80 24 74
80 25 -77
80 26 26
80 27 -89
80 29 46
80 30 -74
80 31 87
80 32 -16
80 33 100
80 34 51
80 35 32
80 36 -85
80 37 50
80 38 40
80 39 -7
80 40 -76
80 41 -68
80 42 1
80 43 -10
80 44 15
80 45 65
80 46 -27
80 47 -49
80 48 91
80 49 -92
80 50 80
80 51 83
80 52 -28
80 53 -43
80 54 91
80 55 91
80 56 -76
80 57 75
80 58 75
80 59 2
80 61 -5
80 62 30
80 63 35
80 64 -18
80 65 -6
80 66 43
80 67 -87
80 68 -57
80 69 82
80 70 94
80 71 28
80 73 65
80 74 -31
80 76 -28
80 77 -84
80 78 78
80 79 46
80 80 70
80 81 2
80 83 66
80 84 22
80 85 92
80 86 -96
80 87 -80
80 88 71
80 89 70
80 90 52
80 91 -98
80 92 -58
80 93 54
80 94 -23
80 95 -98
80 96 100
80 97 9
80 98 -64
80 99 25
81 0 19
81 1 -57
81 2 -34
81 3 19
81 4 6
81 5 31
81 6 21
81 7 -27
81 8 79
81 9 33
81 10 10
81 11 -99
81 12 -93
81 13 96
81 14 9
81 15 47
81 16 -73
81 17 41
81 18 -71
81 19 -63
81 20 34
81 21 -81
81 22 13
81 23 -53
81 24 10
81 25 -40
81 26 29
81 27 78
81 28 8
81 29 77
81 30 -43
81 31 -62
81 32 96
81 33 72
81 34 90
81 35 6
81 36 -23
81 37 22
81 38 -30
81 39 -41
81 40 68
81 41 30
81 42 46
81 43 93
81 44 -83
81 45 -18
81 46 9
81 47 -13
81 48 -1
81 49 78
81 50 -64
81 51 -83
81 52 36
81 53 98
81 54 -73
81 55 -65
81 56 79
81 57 -67
81 58 -39
81 59 -27
81 60 79
81 61 -87
81 63 98
81 64 69
81 65 54
81 66 70
81 67 -74
81 68 16
81 69 22
81 70 27
81 71 79
81 72 -56
81 73 41
81 74 -71
81 75 18
81 76 -69
81 78 -43
81 79 -7
81 80 -42
81 81 -65
81 82 30
81 83 15
81 84 25
81 85 -58
81 86 48
81 87 -72
81 88 100
81 89 -7
81 90 -8
81 91 -88
81 92 -27
81 93 38
81 94 -13
81 95 -42
81 96 -85
81 97 -1
81 98 15
81 99 52
82 0 -73
82 1 -9
82 2 80
82 3 -76
82 4 -53
82 5 -95
82 6 -61
82 7 -27
82 8 79
82 9 80
82 10 27
82 11 -89
82 12 -5
82 13 56
82 14 -35
82 15 7
82 16 14
82 17 -82
82 18 -76
82 19 -37
82 20 36
82 21 81
82 22 4
82 23 71
82 24 -79
82 25 -51
82 26 52
82 27 68
82 28 92
82 29 -84
82 30 -40
82 31 13
82 32 36
82 33 -40
82 34 71
82 35 25
82 36 -48
82 37 -51
82 38 53
82 39 -12
82 40 88
82 41 -5
82 42 48
82 43 -24
82 44 77
82 46 -22
82 47 9
82 48 48
82 49 9
82 51 57
82 52 -72
82 53 -82
82 54 -76
82 55 86
82 56 -66
82 57 -25
82 58 -33
82 59 -38
82 60 -98
82 61 -70
82 62 48
82 63 95
82 64 82
82 65 56
82 66 -66
82 67 -42
82 68 -82
82 69 -56
82 70 -11
82 71 31
82 72 -59
82 73 18
82 74 -25
82 75 -99
82 76 68
82 77 -41
82 78 8
82 79 -17
82 80 68
82 81 -88
82 82 -75
82 83 96
82 84 48
82 85 60
82 86 24
82 87 -96
82 88 -44
82 89 89
82 90 7
82 91 -6
82 92 67
82 93 -81
82 94 -42
82 95 -36
82 96 -91
82 97 20
82 98 -45
82 99 -6
83 2 36
83 3 61
83 4 -90
83 5 -68
83 6 -51
83 7 96
83 8 6
83 9 58
83 11 -1
83 12 -8
83 13 35
83 14 -3
83 16 -29
83 17 -96
83 18 99
83 19 9
83 20 -10
83 21 74
83 22 -30
83 23 2
83 24 47
83 26 25
83 27 33
83 28 96
83 29 -86
83 30 40
83 31 -25
83 32 -56
83 33 32
83 34 41
83 35 74
83 36 82
83 37 100
83 38 97
83 40 90
83 41 -36
83 42 49
83 43 22
83 44 -75
83 45 -56
83 46 -27
83 47 -70
83 48 73
83 49 -11
83 50 31
83 51 -73
83 52 -34
83 53 15
83 54 41
83 55 62
83 56 91
83 57 -51
83 58 -66
83 59 -80
83 60 79
83 61 2
83 62 7
83 64 90
83 65 82
83 66 -19
83 67 -47
83 68 74
83 69 -56
83 70 -20
83 71 -24
83 72 -6
83 73 35
83 74 -76
83 75 -94
83 76 -17
83 77 80
83 78 41
83 79 -47
83 80 88
83 81 17
83 82 12
83 83 -89
83 84 93
83 85 83
83 86 76
83 87 3
83 88 93
83 89 -24
83 90 -6
83 91 31
83 92 76
83 93 91
83 94 -84
83 95 77
83 96 98
83 97 45
83 98 -47
83 99 93
84 0 98
84 1 -27
84 2 54
84 3 89
84 4 62
84 5 -73
84 6 25
84 7 78
84 8 22
84 9 -95
84 10 -29
84 11 31
84 12 -65
84 14 41
84 15 -76
84 16 -12
84 17 58
84 18 93
84 19 -22
84 20 65
84 21 27
84 22 16
84 23 -71
84 24 -45
84 25 -21
84 26 32
84 27 -3
84 28 62
84 29 -88
84 30 26
84 31 68
84 32 66
84 33 92
84 34 81
84 36 54
84 37 -63
84 38 20
84 39 -1
84 40 76
84 41 -92
84 42 -64
84 43 73
84 44 -60
84 45 92
84 46 -88
84 48 -78
84 49 -34
84 50 64
84 51 32
84 52 89
84 53 17
84 54 18
84 55 82
84 56 63
84 57 30
84 59 -39
84 60 -39
84 61 -14
84 62 -23
84 63 85
84 64 -22
84 65 74
84 66 63
84 67 78
84 68 64
84 69 -15
84 70 41
84 71 -74
84 72 -91
84 73 87
84 74 75
84 75 22
84 76 66
84 77 65
84 78 93
84 79 -82
84 80 -92
84 81 -73
84 82 24
84 83 75
84 84 -84
84 85 -95
84 86 81
84 87 -25
84 88 -76
84 89 -94
84 90 -42
84 91 45
84 92 -88
84 93 42
84 94 -36
84 95 92
84 96 -99
84 97 73
84 98 -45
84 99 16
85 0 -10
85 1 -31
85 2 -53
85 3 -77
85 4 33
85 5 -76
85 6 52
85 7 -30
85 8 -31
85 9 -49
85 10 -13
85 11 -27
85 12 74
85 13 35
85 14 97
85 15 33
85 16 7
85 17 87
85 18 -3
85 19 -6
85 20 -74
85 21 37
85 22 69
85 23 5
85 25 -48
85 26 -77
85 27 -67
85 28 -38
85 29 -37
85 30 -66
85 31 -72
85 32 -37
85 33 -79
85 34 63
85 35 98
85 36 -78
85 37 -57
85 38 30
85 39 55
85 41 1
85 42 -17
85 43 69
85 44 -12
85 45 54
85 46 91
85 47 -5
85 48 1
85 49 32
85 50 1
85 51 86
85 52 32
85 53 -85
85 54 -44
85 55 30
85 56 -98
85 57 69
85 58 25
85 60 54
85 61 11
85 62 -15
85 63 -42
85 64 23
85 65 60
85 66 -85
85 67 58
85 68 -41
85 69 34
85 70 16
85 72 94
85 73 41
85 74 -97
85 75 64
85 76 60
85 77 -75
85 78 -32
85 79 -48
85 80 22
85 81 -14
85 82 -71
85 83 51
85 84 72
85 85 59
85 86 93
85 87 81
85 88 -22
85 89 -92
85 90 -64
85 91 -79
85 92 24
85 93 30
85 94 20
85 95 77
85 96 10
85 97 27
85 98 -55
85 99 79
86 0 28
86 1 34
86 2 24
86 3 -87
86 4 3
86 5 -100
86 6 -72
86 7 -55
86 8 35
86 9 -73
86 10 11
86 11 -23
86 12 -43
86 13 -37
86 14 -73
86 15 31
86 16 80
86 17 -85
86 18 39
86 19 60
86 20 7
86 21 -80
86 22 -100
86 23 -57
86 24 -92
86 25 -74
86 26 -41
86 27 55
86 28 -83
86 29 78
86 30 -31
86 31 40
86 32 8
86 33 49
86 34 72
86 35 -7
86 36 84
86 37 -24
86 38 66
86 39 47
86 40 74
86 41 54
86 42 52
86 43 -35
86 44 -81
86 45 -98
86 46 -70
86 47 71
86 48 38
86 49 -80
86 50 -89
86 51 76
86 52 26
86 53 62
86 54 -12
86 55 62
86 57 -39
86 58 -65
86 59 97
86 60 -8
86 61 29
86 62 58
86 64 32
86 65 58
86 66 -26
86 67 35
86 68 49
86 69 -10
86 70 62
86 71 85
86 72 63
86 73 -62
86 74 26
86 75 -99
86 76 91
86 77 68
86 79 33
86 80 -53
86 81 85
86 82 83
86 83 -92
86 84 19
86 85 -61
86 86 66
86 87 36
86 88 -90
86 90 -77
86 91 -53
86 92 -62
86 93 3
86 94 31
86 95 -76
86 96 61
86 97 22
86 98 37
86 99 3
87 0 39
87 1 -5
87 2 -7
87 3 -50
87 4 32
87 5 -13
87 6 -73
87 7 80
87 8 -35
87 9 -57
87 10 100
87 12 -21
87 13 -72
87 14 77
87 15 10
87 16 -19
87 17 13
87 18 90
87 19 -44
87 20 93
87 21 -4
87 22 78
87 23 -60
87 24 -38
87 25 -52
87 26 -43
87 27 -4
87 28 86
87 29 -79
87 30 84
87 31 56
87 32 47
87 33 47
87 34 71
87 35 -56
87 36 -17
87 37 99
87 38 41
87 39 60
87 40 -78
87 41 -32
87 43 32
87 44 69
87 45 68
87 46 -49
87 47 22
87 48 26
87 49 82
87 50 -2
87 51 -55
87 52 -44
87 54 39
87 55 -11
87 56 -36
87 57 44
87 58 -76
87 59 93
87 60 79
87 61 45
87 63 68
87 64 62
87 65 99
87 66 -77
87 67 98
87 68 -42
87 69 29
87 70 62
87 71 27
87 72 8
87 73 -30
87 74 -16
87 75 -97
87 77 97
87 78 -100
87 79 -84
87 80 -5
87 81 27
87 82 81
87 83 -41
87 84 89
87 85 -49
87 86 -14
87 87 38
87 88 76
87 89 -59
87 90 63
87 91 71
87 92 53
87 93 59
87 94 -64
87 95 -61
87 96 9
87 97 51
87 98 49
87 99 56
88 0 57
88 1 97
88 2 16
88 3 -83
88 4 -58
88 5 -4
88 6 -11
88 7 -38
88 8 -84
88 9 -57
88 10 -52
88 11 -36
88 12 -5
88 13 -15
88 14 38
88 15 31
88 16 80
88 17 -7
88 18 -98
88 19 31
88 20 -49
88 21 -45
88 23 71
88 24 -80
88 25 -58
88 26 26
88 27 -16
88 28 99
88 29 -84
88 30 -24
88 31 90
88 32 -15
88 33 70
88 34 38
88 35 80
88 36 78
88 37 65
88 38 -40
88 39 38
88 40 37
88 41 -19
88 42 -62
88 43 77
88 44 -84
88 45 21
88 46 64
88 47 -69
88 48 -49
88 49 25
88 50 -72
88 51 7
88 52 -99
88 53 11
88 54 -46
88 55 88
88 56 -66
88 57 44
88 58 -98
88 59 68
88 60 -51
88 61 -64
88 62 91
88 63 1
88 64 -31
88 65 -34
88 66 -76
88 67 3
88 68 -46
88 69 -50
88 70 42
88 72 -74
88 73 4
88 74 33
88 75 -77
88 76 61
88 77 -63
88 79 75
88 80 69
88 81 48
88 82 -45
88 83 -95
88 84 -3
88 85 99
88 86 78
88 87 -9
88 88 37
88 89 -24
88 90 34
88 91 -29
88 92 -81
88 93 -92
88 94 53
88 95 -72
88 96 -37
88 97 -90
88 98 -19
88 99 -99
89 0 -4
89 1 8
89 2 52
89 3 66
89 4 -17
89 5 40
89 7 -15
89 8 -21
89 9 -71
89 10 -71
89 11 63
89 12 40
89 13 -30
89 14 -32
89 15 50
89 16 96
89 17 6
89 18 98
89 19 39
89 20 89
89 21 -85
89 22 -46
89 23 -27
89 24 22
89 26 -96
89 27 25
89 28 -90
89 29 -21
89 30 97
89 31 85
89 32 -69
89 33 -64
89 34 -92
89 35 37
89 36 -100
89 37 70
89 39 60
89 40 26
89 41 -11
89 42 -69
89 43 -91
89 44 97
89 45 -85
89 46 -88
89 47 -33
89 48 50
89 49 6
89 50 -31
89 51 -96
89 52 -26
89 53 -7
89 54 56
89 55 -23
89 56 55
89 57 -34
89 58 -46
89 59 75
89 60 -25
89 61 63
89 62 32
89 63 -34
89 64 -46
89 65 -26
89 66 94
89 67 61
89 68 69
89 69 -29
89 70 -2
89 71 -90
89 72 -94
89 73 -31
89 74 13
89 75 -37
89 76 88
89 77 88
89 78 9
89 79 -38
89 80 -3
89 81 26
89 82 -75
89 83 -61
89 84 -68
89 85 -66
89 86 -82
89 87 -24
89 88 24
89 89 14
89 90 52
89 91 14
89 92 84
89 93 -95
89 94 -97
89 95 41
89 96 90
89 97 54
89 98 21
89 99 75
90 0 -72
90 1 -19
90 2 -9
90 3 -12
90 4 53
90 5 -59
90 6 28
90 7 89
90 8 -43
90 9 -74
90 10 85
90 11 -43
90 13 -100
90 15 -48
90 16 -20
90 17 -1
90 18 -99
90 19 -81
90 20 23
90 21 64
90 22 -85
90 23 -79
90 25 -12
90 26 94
90 27 50
90 28 -22
90 29 57
90 30 -96
90 31 94
90 32 62
90 33 -78
90 34 59
90 35 -88
90 36 43
90 37 -94
90 38 -64
90 39 -33
90 40 -2
90 41 54
90 42 66
90 43 -65
90 44 -18
90 45 -66
90 47 -36
90 48 -42
90 49 -53
90 50 18
90 51 40
90 52 -12
90 53 22
90 54 -64
90 55 14
90 56 44
90 57 32
90 58 -27
90 59 45
90 60 -88
90 61 38
90 62 89
90 63 89
90 64 -22
90 65 -99
90 66 -29
90 67 -57
90 68 -55
90 70 -66
90 71 -31
90 72 -82
90 73 -55
90 74 51
90 75 39
90 76 -50
90 77 -3
90 78 10
90 79 58
90 81 -39
90 82 -65
90 84 -30
90 85 7
90 86 -3
90 87 58
90 88 16
90 89 63
90 90 -12
90 91 -68
90 92 -38
90 93 76
90 94 43
90 95 29
90 96 -31
90 97 46
90 98 -86
90 99 -92
91 0 -58
91 1 80
91 2 84
91 3 -54
91 4 -51
91 5 13
91 6 -67
91 7 -83
91 8 38
91 9 -56
91 10 -18
91 11 -81
91 12 -21
91 14 56
91 15 33
91 16 -78
91 17 -59
91 18 69
91 19 49
91 20 -58
91 21 78
91 22 -8
91 23 41
91 24 76
91 25 79
91 26 38
91 27 84
91 28 -68
91 29 -85
91 30 -86
91 31 34
91 32 11
91 33 -11
91 34 86
91 35 -69
91 36 76
91 37 80
91 38 -99
91 39 -29
91 40 19
91 41 6
91 42 91
91 43 80
91 44 20
91 45 -60
91 46 68
91 47 72
91 48 -39
91 49 89
91 50 69
91 51 -1
91 52 -32
91 53 -84
91 55 -32
91 56 -12
91 57 -90
91 58 34
91 59 98
91 60 7
91 61 6
91 62 98
91 63 4
91 65 18
91 66 -33
91 67 -78
91 68 -90
91 69 73
91 70 -76
91 71 30
91 72 -18
91 73 -38
91 74 93
91 75 64
91 76 38
91 77 -24
91 78 20
91 79 38
91 80 11
91 81 -27
91 82 -42
91 83 86
91 84 -100
91 85 41
91 86 -95
91 87 -22
91 88 -54
91 89 32
91 90 -93
91 91 66
91 93 -89
91 94 -34
91 95 -85
91 96 54
91 97 -30
91 98 -21
91 99 78
92 0 87
92 1 37
92 2 76
92 3 49
92 4 -31
92 5 35
92 6 82
92 7 35
92 8 98
92 9 -86
92 10 92
92 11 -45
92 12 98
92 13 -95
92 15 30
92 16 -43
92 17 -41
92 18 -15
92 19 -23
92 20 94
92 21 42
92 22 25
92 23 -36
92 24 -24
92 25 25
92 26 -87
92 27 56
92 28 -88
92 29 -13
92 31 34
92 32 34
92 33 49
92 34 82
92 35 94
92 36 -82
92 37 88
92 38 61
92 40 -99
92 41 50
92 42 58
92 43 64
92 44 17
92 45 33
92 46 15
92 47 10
92 48 80
92 49 47
92 50 31
92 51 70
92 52 56
92 53 9
92 54 40
92 55 58
92 56 -82
92 57 6
92 58 -84
92 59 -7
92 60 19
92 61 57
92 62 -51
92 63 -57
92 64 -15
92 65 -15
92 67 11
92 68 81
92 69 89
92 70 -24
92 71 -59
92 72 12
92 73 23
92 74 -27
92 75 63
92 76 66
92 78 -45
92 79 -24
92 80 33
92 81 -84
92 82 62
92 83 9
92 84 -36
92 85 -88
92 86 60
92 87 -66
92 88 -7
92 89 -25
92 90 -40
92 91 92
92 92 48
92 93 93
92 94 50
92 95 -32
92 96 9
92 97 17
92 98 91
92 99 10
93 0 82
93 1 82
93 2 70
93 3 -37
93 4 -2
93 5 33
93 6 -65
93 7 89
93 8 7
93 9 15
93 10 40
93 11 -1
93 12 -56
93 13 -42
93 14 64
93 15 -16
93 16 43
93 17 31
93 18 -24
93 19 36
93 20 -39
93 21 -9
93 22 -50
93 23 72
93 24 -19
93 25 53
93 26 -13
93 27 -58
93 28 -19
93 30 56
93 31 37
93 32 -63
93 33 73
93 34 -90
93 35 -21
93 36 -94
93 37 -85
93 38 -25
93 39 87
93 40 -71
93 42 -92
93 43 85
93 44 -54
93 45 72
93 46 -63
93 47 -81
93 48 -65
93 49 -76
93 50 40
93 52 75
93 53 43
93 54 7
93 55 -81
93 56 -21
93 57 -6
93 58 -65
93 59 55
93 60 -5
93 61 91
93 62 89
93 63 14
93 64 -67
93 65 60
93 66 74
93 67 52
93 68 -86
93 70 23
93 71 45
93 72 94
93 73 -71
93 74 -95
93 75 -49
93 76 98
93 77 -73
93 78 38
93 79 -96
93 80 67
93 81 75
93 82 96
93 83 -28
93 84 99
93 85 -40
93 86 45
93 87 66
93 88 61
93 89 10
93 90 -45
93 91 -91
93 92 38
93 93 97
93 94 -48
93 95 -91
93 96 -59
93 97 -7
93 98 -35
93 99 -52
94 0 -24
94 1 -49
94 2 -57
94 3 -84
94 4 10
94 5 -57
94 6 -96
94 7 61
94 8 -66
94 9 -55
94 10 88
94 11 -70
94 12 -71
94 13 3
94 14 -17
94 15 -52
94 16 -63
94 17 84
94 18 94
94 19 -64
94 20 -63
94 21 -30
94 22 33
94 23 -68
94 24 66
94 25 55
94 26 18
94 27 -76
94 28 33
94 29 92
94 31 -55
94 32 -14
94 33 41
94 34 22
94 35 -32
94 36 -40
94 37 -82
94 38 -39
94 39 -26
94 40 76
94 41 -42
94 42 27
94 43 -67
94 44 14
94 45 77
94 46 44
94 47 72
94 48 64
94 49 59
94 50 -66
94 51 -90
94 52 -55
94 53 -78
94 54 -68
94 55 -84
94 56 70
94 57 -24
94 58 40
94 59 -24
94 60 39
94 61 -7
94 62 -38
94 63 -19
94 64 41
94 65 21
94 66 -8
94 67 26
94 68 10
94 69 -31
94 70 -2
94 71 3
94 72 14
94 73 -22
94 74 8
94 75 86
94 76 -70
94 77 -24
94 78 28
94 80 -60
94 81 17
94 82 3
94 83 -7
94 84 -65
94 85 -85
94 86 3
94 87 -4
94 88 84
94 89 100
94 90 8
94 91 64
94 92 -12
94 93 -81
94 94 69
94 95 -34
94 96 -88
94 97 61
94 98 -60
94 99 -91
95 0 94
95 1 -35
95 2 -66
95 3 -81
95 4 84
95 5 20
95 6 92
95 7 39
95 8 -37
95 9 39
95 10 -31
95 11 -93
95 12 -3
95 13 12
95 14 -68
95 15 9
95 16 -18
95 17 -23
95 18 45
95 19 59
95 20 -9
95 21 56
95 22 76
95 24 30
95 25 -38
95 26 24
95 27 -9
95 28 66
95 29 -20
95 30 42
95 31 42
95 32 -62
95 33 -31
95 34 8
95 35 53
95 36 -8
95 37 -21
95 38 80
95 39 16
95 40 92
95 41 90
95 42 78
95 43 -38
95 44 53
95 45 -87
95 47 -99
95 48 49
95 49 -99
95 50 -42
95 51 19
95 52 -82
95 53 8
95 54 -92
95 55 -49
95 56 63
95 57 74
95 58 -97
95 59 41
95 60 15
95 61 73
95 62 88
95 63 49
95 64 -68
95 65 -77
95 66 -48
95 67 -42
95 68 97
95 69 53
95 70 16
95 71 79
95 72 66
95 73 89
95 74 64
95 75 -20
95 76 -52
95 77 -88
95 78 -12
95 79 66
95 80 -16
95 81 89
95 82 -84
95 83 6
95 84 88
95 85 70
95 86 7
95 87 89
95 88 57
95 89 -17
95 90 -54
95 91 94
95 92 -66
95 93 38
95 94 17
95 95 29
95 96 98
95 97 -59
95 98 -51
95 99 -6
96 0 -98
96 1 7
96 2 25
96 3 -84
96 4 -33
96 5 53
96 6 52
96 7 100
96 8 83
96 9 39
96 10 -6
96 11 73
96 12 -95
96 13 19
96 14 25
96 15 -34
96 16 38
96 17 -8
96 18 -45
96 20 83
96 21 24
96 22 56
96 23 -80
96 24 33
96 25 6
96 26 90
96 27 -35
96 28 59
96 29 -76
96 30 -35
96 31 59
96 32 -82
96 33 100
96 34 50
96 35 -82
96 36 59
96 37 -38
96 38 40
96 39 48
96 40 -99
96 41 97
96 42 -8
96 44 -8
96 45 89
96 46 -52
96 47 52
96 48 -65
96 49 56
96 50 -30
96 51 -61
96 52 96
96 53 -90
96 54 -38
96 55 57
96 56 89
96 57 -21
96 58 3
96 59 69
96 60 60
96 61 55
96 62 69
96 63 -4
96 64 99
96 65 52
96 66 -44
96 67 -60
96 68 100
96 69 -12
96 70 -56
96 71 42
96 72 -55
96 73 27
96 74 24
96 75 60
96 76 94
96 77 -79
96 78 -14
96 79 39
96 80 -31
96 81 16
96 82 -69
96 83 -41
96 84 -81
96 85 5
96 86 67
96 87 11
96 88 99
96 89 29
96 90 -22
96 91 -84
96 92 -24
96 93 65
96 94 -75
96 95 -68
96 96 -63
96 97 96
96 98 25
96 99 -22
97 0 -41
97 1 34
97 2 -76
97 3 71
97 4 76
97 5 56
97 6 10
97 7 -16
97 9 57
97 10 33
97 11 -37
97 12 49
97 14 45
97 15 52
97 16 95
97 17 -90
97 18 -9
97 19 45
97 20 20
97 21 -34
97 22 98
97 23 -83
97 24 24
97 25 -22
97 26 9
97 27 -59
97 28 28
97 29 61
97 30 -14
97 31 -43
97 32 -55
97 33 26
97 34 -82
97 35 -45
97 36 -73
97 37 90
97 38 -6
97 39 30
97 40 80
97 41 -91
97 42 -3
97 43 -13
97 44 -59
97 45 96
97 46 -54
97 47 93
97 48 83
97 49 -45
97 50 -23
97 51 57
97 52 -41
97 53 -79
97 54 -88
97 55 -9
97 56 -90
97 57 70
97 58 4
97 59 -76
97 60 56
97 62 -93
97 63 51
97 64 -59
97 65 -48
97 66 76
97 67 -21
97 69 36
97 70 12
97 71 30
97 72 -60
97 73 100
97 74 -31
97 75 -98
97 76 -73
97 77 -100
97 78 -70
97 79 81
97 80 28
97 81 27
97 82 25
97 83 -70
97 84 -33
97 85 4
97 86 45
97 87 -21
97 88 9
97 89 82
97 90 -69
97 91 -78
97 92 66
97 93 -32
97 94 39
97 95 -45
97 96 -68
97 97 67
97 98 -33
97 99 11
98 0 -55
98 1 70
98 2 -52
98 3 -51
98 4 -36
98 5 39
98 6 -87
98 7 -68
98 8 -42
98 9 96
98 10 -67
98 11 -86
98 12 5
98 13 27
98 14 -43
98 15 63
98 16 -31
98 17 47
98 18 3
98 20 -49
98 21 17
98 22 54
98 23 74
98 24 -63
98 25 -1
98 26 -31
98 27 12
98 28 26
98 29 58
98 30 27
98 31 65
98 32 23
98 33 -74
98 34 86
98 35 -69
98 36 11
98 37 -60
98 38 -28
98 39 90
98 40 -25
98 41 12
98 42 46
98 43 -57
98 44 -85
98 45 25
98 46 -51
98 48 -14
98 49 -87
98 50 33
98 51 23
98 52 -97
98 53 -97
98 54 48
98 55 -24
98 56 71
98 57 -28
98 58 -46
98 59 48
98 60 93
98 61 -29
98 62 -59
98 63 -31
98 64 86
98 65 -62
98 66 -30
98 67 98
98 68 64
98 69 -47
98 70 -22
98 71 -70
98 72 -79
98 73 -6
98 74 73
98 75 -20
98 76 41
98 77 -91
98 78 -31
98 79 78
98 81 72
98 82 -97
98 84 62
98 85 76
98 86 55
98 87 -83
98 88 -35
98 90 -88
98 91 -52
98 92 -97
98 93 42
98 94 57
98 95 82
98 96 -95
98 98 -98
98 99 -69
99 0 -55
99 1 -72
99 2 -35
99 3 -31
99 4 -52
99 5 -74
99 6 -36
99 7 -25
99 8 84
99 9 40
99 10 -95
99 11 27
99 12 8
99 13 -47
99 14 2
99 15 62
99 16 -5
99 17 12
99 18 59
99 19 -40
99 20 11
99 21 72
99 22 -98
99 23 -68
99 24 63
99 25 -70
99 26 -84
99 27 -48
99 28 -63
99 29 -24
99 30 -98
99 31 -10
99 32 52
99 33 -2
99 34 78
99 35 -27
99 36 -17
99 37 -79
99 38 17
99 39 -94
99 40 13
99 41 -99
99 42 75
99 43 -76
99 44 73
99 45 -95
99 46 49
99 47 91
99 48 22
99 49 -98
99 50 -60
99 51 95
99 52 -81
99 53 79
99 54 10
99 55 24
99 56 51
99 57 -19
99 58 66
99 59 -68
99 60 -70
99 61 -95
99 62 49
99 63 -76
99 64 22
99 65 1
99 66 13
99 67 -24
99 68 -38
99 69 11
99 70 -83
99 71 -6
99 72 -24
99 73 -58
99 74 -20
99 75 24
99 76 11
99 77 -51
99 78 -74
99 79 4
99 80 65
99 81 60
99 82 97
99 83 15
99 84 10
99 85 -28
99 86 -76
99 87 -74
99 88 -84
99 89 -60
99 90 -88
99 91 81
99 92 8
99 93 51
99 94 -49
99 95 -10
99 96 5
99 98 44
99 99 -90