0 3 -52
0 4 87
0 5 27
0 7 -35
0 10 59
0 15 -36
0 20 -54
0 35 -83
0 37 12
0 41 72
0 49 3
1 5 86
1 13 97
1 15 -67
1 16 -52
1 25 29
1 41 -52
1 49 -58
2 4 88
2 5 49
2 15 64
2 18 -18
2 20 -53
2 21 -32
2 25 68
2 27 -38
3 1 100
3 17 72
3 20 -58
3 21 20
3 23 -53
3 25 98
3 34 89
4 3 -61
4 10 -59
4 19 58
4 22 57
4 38 -55
4 47 -50
4 48 64
5 1 -57
5 2 -84
5 9 -20
5 14 -2
5 21 67
5 22 36
5 29 42
6 0 -81
6 1 95
6 12 -25
6 17 25
7 1 -4
7 30 -2
7 33 -63
7 41 93
7 46 -72
7 48 -51
8 1 -80
8 22 -71
8 28 97
8 30 -66
8 32 -10
8 34 -76
8 39 -54
8 46 -46
8 49 -48
9 1 1
9 28 -55
9 32 85
9 34 85
9 38 -93
10 17 22
10 18 61
10 19 82
10 20 69
10 22 -86
10 30 65
10 44 29
10 47 89
11 3 66
11 13 -45
11 30 -6
11 35 19
11 46 69
12 3 67
12 7 -3
12 8 -54
12 13 -37
12 15 26
12 24 88
12 35 -92
12 42 81
13 0 -24
13 17 -61
13 23 -87
13 26 -81
13 29 21
13 33 30
13 35 29
13 38 -19
13 49 -10
14 2 28
14 6 45
14 8 -69
14 11 20
14 28 -44
14 29 -20
14 31 22
14 35 -56
14 36 -39
14 37 96
14 40 50
14 43 -78
14 45 5
15 2 32
15 4 -59
15 5 9
15 13 -8
15 19 -88
15 22 82
15 47 45
16 0 13
16 2 74
16 21 -88
16 22 -46
16 34 29
16 35 39
16 41 38
16 48 -73
17 5 -64
17 6 4
17 12 -45
17 16 -83
17 20 95
17 21 -29
17 39 99
17 40 44
17 43 -33
18 1 40
18 15 16
18 20 88
18 26 -73
18 32 78
18 36 -99
18 43 54
18 44 58
18 47 22
19 25 92
19 36 35
19 44 85
20 10 4
20 13 64
20 25 -44
20 32 -94
20 33 34
20 37 23
20 40 36
21 3 -34
21 9 -80
21 10 3
21 14 12
21 19 -47
21 24 8
21 26 -43
21 39 -50
21 40 64
21 49 -89
22 0 -29
22 2 -36
22 18 -68
22 25 -81
22 26 84
22 30 55
23 5 15
23 6 100
23 11 -81
23 17 61
23 24 -11
23 46 -25
24 5 -4
24 26 57
24 31 51
24 33 -61
25 10 93
25 21 28
25 22 -89
25 28 -30
25 34 25
25 39 16
25 43 -36
25 48 57
26 5 -53
26 6 2
26 8 29
26 17 31
26 23 -32
26 24 -16
26 26 -53
26 27 -65
26 28 -79
26 29 -55
26 30 -36
26 36 44
26 40 -44
26 41 -71
26 48 -95
27 18 -64
27 22 88
27 30 59
27 44 -37
28 1 -29
28 2 -19
28 18 73
28 32 86
28 42 -71
28 44 -52
29 5 75
29 12 -37
29 20 -16
29 23 48
29 44 -94
29 46 -75
29 47 -82
29 48 -80
30 1 32
30 7 9
30 19 14
30 36 -76
30 38 81
30 43 75
31 12 72
31 13 -30
31 18 27
31 31 13
31 49 -19
32 2 82
32 4 16
32 27 62
32 30 -96
32 32 34
32 42 95
32 47 98
33 7 -41
33 12 41
33 17 -2
33 19 -34
33 39 -94
33 41 91
33 48 -71
33 49 49
34 0 93
34 3 -62
34 8 -35
34 9 -23
34 15 94
34 36 67
34 39 -89
34 47 -2
34 49 58
35 5 61
35 7 60
35 12 97
35 14 -55
35 27 -50
35 28 -17
35 33 74
35 41 8
36 15 -92
36 19 -75
36 32 -51
36 42 72
36 43 -84
36 44 -60
36 47 60
37 22 60
37 35 54
37 41 -31
38 6 -71
38 42 -43
39 7 -21
39 11 24
39 12 -91
39 13 21
39 24 -90
39 32 -7
39 37 -64
39 42 -25
39 46 95
40 24 -90
40 27 -14
40 30 -35
40 33 96
40 35 -100
40 37 92
40 46 99
40 49 -56
41 2 -34
41 9 87
41 12 10
41 13 50
41 17 44
41 21 -20
41 24 -92
41 33 56
41 41 -20
42 6 58
42 9 11
42 12 47
42 13 -16
42 15 57
42 25 -59
42 27 12
42 36 77
42 37 36
43 8 -49
43 9 35
43 20 25
43 21 -25
43 23 100
43 28 68
43 31 54
43 32 68
43 34 44
43 36 -54
43 40 -20
44 3 -81
44 4 -86
44 6 37
44 11 41
44 19 -32
44 26 81
44 28 -78
44 31 -99
44 46 -50
44 47 38
44 48 47
44 49 -47
45 0 -81
45 5 -70
45 6 -59
45 17 -100
45 24 -86
45 39 3
45 43 -61
46 4 18
46 9 -19
46 18 22
46 21 -16
46 22 -22
46 35 39
46 38 10
46 39 -23
46 42 72
46 47 55
46 49 91
47 9 -97
47 10 10
47 31 -89
47 36 82
48 3 -63
48 4 -69
48 6 5
48 7 -65
48 27 3
48 38 85
48 43 -46
48 44 -83
49 17 64
49 19 42
49 22 -31
49 24 55
49 31 -24
49 34 -88
49 35 99
49 47 -14