0 0 74
0 17 -93
0 46 -38
0 51 -76
0 80 19
0 81 76
0 90 -54
0 100 -79
0 108 69
0 119 45
0 122 -48
0 134 77
0 135 -24
0 140 65
0 144 97
1 10 13
1 12 -27
1 19 18
1 39 57
1 79 45
1 81 59
1 87 67
1 91 21
2 1 -97
2 22 -97
2 24 46
2 25 -65
2 31 38
2 61 -3
2 64 72
2 69 48
2 88 -16
2 112 -93
2 115 -76
2 123 -63
2 149 -10
3 67 89
3 104 46
3 133 -49
3 138 -41
4 3 -54
4 29 57
4 38 -30
4 55 -33
4 67 -12
4 74 -5
4 112 -53
4 134 -75
4 142 56
5 25 12
5 41 -67
5 42 -82
5 54 86
5 76 -74
5 77 -23
5 78 32
5 99 -61
5 130 71
5 131 -40
5 135 6
5 141 26
5 147 -57
6 35 -41
6 38 41
6 45 72
6 58 39
6 64 -35
6 71 -79
6 75 70
6 97 87
6 99 22
6 114 90
6 129 -40
6 147 23
7 19 31
7 25 -76
7 81 96
7 85 -59
7 96 -86
7 106 43
7 117 -78
7 141 -53
7 142 52
8 0 7
8 1 -74
8 22 -9
8 28 65
8 33 55
8 39 -56
8 48 -26
8 82 1
8 131 -23
9 0 99
9 12 41
9 52 90
9 54 57
9 79 -7
9 142 -68
9 149 -16
10 22 87
10 31 15
10 44 64
10 68 38
10 79 -97
10 87 -96
10 108 -11
10 117 -60
10 145 21
10 149 -6
11 11 30
11 18 -59
11 58 32
11 62 -30
11 64 -81
11 67 -7
11 68 -28
11 71 -40
11 77 42
11 81 -34
11 93 -4
11 96 -87
11 99 6
11 102 -65
11 113 59
11 137 -91
11 145 -100
12 27 38
12 33 -93
12 47 5
12 59 26
12 75 11
12 112 1
12 124 -44
13 16 -5
13 40 -3
13 45 63
13 60 -81
13 64 -36
13 72 -61
13 90 13
13 93 32
13 94 -11
13 116 51
13 122 -62
13 125 43
13 126 -3
13 144 23
13 146 42
14 45 9
14 51 -54
14 69 22
14 75 51
14 76 -39
14 126 -15
14 133 -77
15 15 97
15 28 76
15 80 -54
15 103 -59
15 104 12
15 112 -2
15 139 -81
15 143 -59
16 4 -59
16 5 -65
16 16 -77
16 26 -36
16 27 53
16 34 72
16 70 -98
16 76 -83
16 93 -95
16 105 72
16 119 -87
16 141 -90
17 8 48
17 17 40
17 28 73
17 31 16
17 34 -73
17 57 45
17 72 -81
17 80 -73
17 92 71
17 99 -67
17 105 79
17 107 -95
17 135 33
17 139 -95
18 12 91
18 49 36
18 57 71
18 82 -11
18 92 32
18 106 -21
18 114 42
18 123 52
18 124 19
19 3 76
19 42 83
19 57 23
19 60 -15
19 68 7
20 21 -18
20 42 -25
20 82 -1
20 91 -69
20 93 53
20 99 -42
20 109 -58
20 112 -38
20 115 86
20 126 12
20 138 -45
20 143 -24
21 5 8
21 9 56
21 23 40
21 29 -82
21 34 21
21 44 -13
21 50 -73
21 51 -81
21 64 -16
21 66 -3
21 74 -16
21 81 -9
21 93 -9
21 109 35
21 113 20
21 141 -47
22 9 -1
22 13 87
22 68 -24
22 84 38
22 91 -72
22 141 -51
22 143 39
22 144 58
23 10 79
23 22 6
23 33 33
23 39 30
23 42 98
23 45 -9
23 56 -70
23 138 -87
24 8 -60
24 11 18
24 27 -60
24 29 83
24 78 -18
24 98 -79
24 117 -85
25 0 -87
25 3 -100
25 6 -26
25 36 53
25 42 72
25 52 35
25 63 -59
25 64 -15
25 70 12
25 106 46
25 113 -25
25 132 -97
25 137 -14
26 6 42
26 18 94
26 22 -72
26 27 -4
26 36 79
26 38 -84
26 44 -77
26 48 -36
26 64 74
26 70 -32
26 90 -20
26 102 51
26 123 -52
27 105 77
27 114 68
28 5 6
28 8 -50
28 18 57
28 39 14
28 71 69
28 84 -92
28 92 2
28 97 -33
28 107 -97
28 114 64
28 117 75
29 10 41
29 28 58
29 57 -21
29 70 14
29 71 -90
29 75 -36
29 91 97
29 94 58
29 116 -70
29 120 -10
29 124 15
29 140 -15
29 149 -46
30 34 40
30 36 -21
30 67 -19
30 81 19
30 101 -21
30 103 53
31 1 -67
31 25 -22
31 34 43
31 51 -9
31 55 78
31 58 -10
31 69 69
31 78 -19
31 91 -89
31 100 43
31 102 6
31 118 8
31 128 59
31 131 75
32 21 -34
32 23 21
32 56 92
32 63 80
32 75 -43
32 79 -48
32 90 7
32 133 48
33 10 -93
33 15 42
33 22 -70
33 30 63
33 57 72
33 63 88
33 73 -52
33 74 -87
33 82 -73
33 83 97
33 95 -28
33 115 -19
33 120 100
33 121 59
33 139 -83
33 148 87
34 5 -88
34 73 18
34 129 -1
34 144 -18
35 10 43
35 12 14
35 31 100
35 46 97
35 61 -25
35 65 -71
35 73 16
35 98 -16
35 109 -42
35 121 82
35 131 -25
35 147 13
35 149 63
36 1 -59
36 4 -7
36 9 91
36 22 -74
36 47 -95
36 49 24
36 70 7
36 115 -84
36 120 -14
36 144 -14
37 21 -99
37 82 -89
37 93 52
37 96 81
37 106 -91
37 125 -39
38 18 -79
38 37 19
38 52 -81
38 55 -73
38 59 -8
38 61 -84
38 75 -74
38 78 32
38 102 -62
38 104 89
38 107 -69
38 108 -56
38 116 -64
39 2 14
39 19 80
39 41 33
39 58 21
39 59 -64
39 68 31
39 113 43
39 123 -84
39 126 -22
39 134 -12
40 5 82
40 11 50
40 19 10
40 25 -82
40 62 76
40 76 3
40 79 26
40 89 -58
40 94 33
40 103 19
40 128 98
40 147 -34
41 20 -78
41 30 -35
41 39 21
41 61 91
41 69 37
41 78 45
41 100 -54
41 107 -13
41 115 15
41 116 -15
41 122 -66
41 138 18
42 0 37
42 3 -86
42 7 15
42 16 -72
42 25 78
42 65 81
42 73 -43
42 75 -59
42 143 66
43 8 19
43 63 88
43 75 -66
43 80 -90
43 84 -51
43 86 48
43 98 -16
43 100 -66
43 108 -80
43 115 27
44 20 46
44 32 -94
44 79 -79
44 80 76
44 83 -90
44 88 -35
44 89 -77
44 124 -98
44 135 90
45 2 60
45 3 51
45 42 92
45 49 -75
45 70 -10
45 75 -43
45 84 -1
45 103 -77
45 112 -93
45 113 -5
45 114 60
45 147 -66
45 149 55
46 28 53
46 44 -9
46 79 -18
46 82 -5
46 107 2
46 108 -80
46 109 -47
46 123 -36
46 134 -3
46 135 36
47 18 79
47 52 -27
47 56 82
47 108 92
48 1 -60
48 14 4
48 19 -82
48 33 75
48 86 96
48 95 54
48 108 86
48 116 23
48 136 -58
48 138 -31
49 7 92
49 27 -11
49 35 -13
49 44 -39
49 52 59
49 72 -89
49 73 4
49 94 -7
49 124 6
49 136 99
49 146 -26
50 3 59
50 19 -89
50 58 22
50 60 -94
50 75 1
50 97 61
50 101 12
50 102 65
50 136 76
50 140 -30
51 4 -54
51 5 -23
51 7 82
51 15 -100
51 28 -33
51 32 97
51 34 1
51 89 -26
51 147 3
52 12 14
52 40 -29
52 50 34
52 72 -94
52 74 -76
52 88 79
52 103 -91
52 106 -86
52 107 -13
52 110 -96
52 111 -72
52 114 9
52 118 -1
52 125 12
52 128 44
52 136 44
52 142 44
53 2 -32
53 30 36
53 38 69
53 43 -68
53 62 80
53 81 -33
53 83 -21
53 85 81
53 109 20
53 123 85
53 125 -56
53 138 100
53 144 74
54 6 66
54 20 -51
54 30 18
54 40 -65
54 41 23
54 43 34
54 50 -92
54 67 -12
54 77 76
54 78 74
54 85 88
54 94 -20
54 115 14
54 123 59
54 126 -1
55 5 -82
55 6 79
55 33 43
55 49 -65
55 53 -61
55 57 -67
55 63 81
55 133 80
55 138 -3
55 148 31
56 0 -72
56 13 51
56 30 -61
56 42 -75
56 65 55
56 66 -62
56 80 -91
56 98 24
56 118 -59
56 121 -4
56 134 -15
56 136 71
57 31 -93
57 36 -25
57 54 98
57 106 -4
57 133 44
57 145 -31
58 2 56
58 10 -70
58 20 -35
58 23 71
58 28 -71
58 95 6
58 135 82
59 2 4
59 18 93
59 22 -71
59 27 95
59 52 -64
59 54 12
59 83 -37
59 91 34
59 110 -16
59 132 83
59 133 76
60 3 50
60 13 36
60 16 -58
60 41 -49
60 47 -20
60 52 71
60 63 55
60 64 89
60 69 -64
60 74 -47
60 106 52
60 127 -70
61 7 7
61 10 58
61 17 68
61 33 -64
61 44 94
61 56 -18
61 66 98
61 91 49
61 95 43
61 101 -71
61 107 14
61 145 -93
62 9 -32
62 32 87
62 39 -40
62 44 -10
62 59 -19
62 68 49
62 70 27
62 87 5
62 94 89
63 27 -45
63 50 -16
63 67 -26
63 74 96
63 78 51
63 84 36
63 118 -12
63 133 28
64 9 7
64 17 48
64 34 -92
64 39 41
64 43 -33
64 54 -54
64 58 -62
64 66 -70
64 70 -41
64 73 -68
64 77 -2
64 122 -24
64 125 92
64 128 77
64 129 68
64 144 -12
65 7 -76
65 13 -95
65 21 -35
65 46 69
65 63 52
65 84 -65
65 88 61
66 0 -80
66 2 -23
66 28 -11
66 45 1
66 51 -38
66 88 -26
66 92 29
66 103 -61
66 116 22
66 139 82
66 140 77
67 8 -47
67 10 -36
67 16 91
67 24 -58
67 37 46
67 53 1
67 57 -89
67 73 56
67 79 61
67 95 75
67 99 -93
67 116 -66
67 123 -84
67 131 -52
67 136 -65
68 72 -92
68 74 -28
68 76 -61
68 85 -39
68 92 74
68 109 -63
68 146 64
68 147 92
68 148 7
69 0 -68
69 38 -46
69 40 3
69 48 96
69 77 -18
69 82 39
69 105 17
69 125 -34
69 127 7
69 128 57
70 1 17
70 8 -74
70 10 49
70 13 80
70 39 -84
70 54 -16
70 57 89
70 60 87
70 65 -31
70 71 17
70 78 -75
70 79 -78
70 81 37
70 82 -37
70 98 14
70 102 11
70 115 67
70 118 -12
70 134 11
70 138 59
71 17 17
71 20 9
71 28 81
71 31 99
71 37 33
71 38 94
71 43 9
71 45 -56
71 83 -79
71 84 86
71 94 45
71 107 47
71 123 -61
71 134 -91
71 140 -10
72 30 -78
72 32 90
72 35 -31
72 48 72
72 59 31
72 76 -60
72 78 74
72 92 -23
72 107 15
72 115 86
72 117 87
72 128 -25
72 137 -9
73 1 -85
73 30 20
73 35 19
73 41 -12
73 46 -30
73 70 47
73 72 -6
73 80 -11
73 99 -77
73 101 39
73 126 81
73 144 10
73 148 82
74 11 -59
74 16 -95
74 38 7
74 51 72
74 56 50
74 66 -49
74 88 60
74 91 14
74 95 -22
74 136 -57
74 140 -61
74 142 66
75 20 70
75 48 98
75 53 -98
75 63 -37
75 83 -61
75 109 56
75 113 56
75 120 -95
75 137 91
75 145 -3
75 146 -13
76 6 54
76 13 100
76 28 52
76 31 57
76 37 -24
76 51 -94
76 70 -60
76 75 -18
76 84 1
76 95 38
76 111 44
76 113 -53
76 116 51
76 125 72
76 133 -29
76 143 21
76 146 -82
77 6 98
77 10 68
77 18 -94
77 26 -50
77 58 35
77 75 35
77 89 -77
77 111 -60
77 121 11
77 129 -69
77 149 -21
78 24 -82
78 32 85
78 37 12
78 60 -28
78 71 -73
78 79 -12
78 86 43
78 89 -77
78 96 -25
78 107 -49
78 144 -20
79 7 26
79 27 -14
79 30 -19
79 31 15
79 32 22
79 37 -9
79 90 87
79 102 -20
79 109 11
79 115 20
79 131 63
79 134 -17
80 9 9
80 11 -85
80 49 23
80 53 80
80 67 89
80 111 -19
80 121 -80
80 126 -85
80 141 -50
80 146 1
81 1 68
81 9 20
81 11 -29
81 39 -39
81 48 -69
81 50 27
81 60 -94
81 66 -74
81 75 90
81 86 -46
81 101 46
81 144 -23
82 19 -32
82 31 95
82 36 -47
82 86 1
82 92 20
82 101 -41
82 126 50
82 141 10
82 148 -71
83 20 25
83 28 -95
83 34 -20
83 64 90
83 72 -52
83 76 -47
83 105 31
83 108 -33
83 127 76
83 141 91
84 14 16
84 25 8
84 38 48
84 58 -24
84 60 -96
84 68 63
84 93 66
84 95 -19
84 111 24
84 119 30
84 126 -5
84 135 -62
84 144 -15
84 146 58
85 30 -77
85 39 -16
85 43 63
85 47 -6
85 53 -70
85 95 -34
85 120 -39
85 144 -6
86 18 98
86 40 -83
86 62 -68
86 81 -57
86 101 -42
86 103 -93
86 108 -83
86 128 75
87 7 2
87 9 7
87 16 78
87 36 -50
87 81 52
87 85 -16
87 115 87
87 121 -81
87 138 63
87 146 14
88 36 -25
88 53 43
88 76 68
88 78 -6
88 81 -47
88 106 7
88 120 71
88 134 -58
88 137 -66
88 146 -24
89 26 39
89 45 -64
89 47 63
89 64 -39
89 92 42
89 95 -67
89 125 26
89 136 11
89 139 -87
90 13 -3
90 16 -56
90 21 10
90 56 15
90 83 50
90 147 55
91 4 84
91 33 89
91 36 -55
91 38 4
91 41 -86
91 62 -42
91 86 -14
91 87 36
91 94 44
91 106 -85
91 125 39
92 10 -19
92 11 80
92 48 -84
92 53 -91
92 55 -74
92 113 49
92 127 -24
92 145 -89
92 148 -84
93 4 -46
93 14 -33
93 29 -69
93 51 -64
93 59 80
93 61 86
93 64 -37
93 80 66
93 122 16
93 143 -70
93 145 -30
94 20 89
94 29 61
94 43 71
94 44 -28
94 66 -24
94 140 57
94 149 92
95 9 -93
95 15 -72
95 21 -98
95 33 -49
95 39 35
95 108 35
95 113 10
95 119 22
95 146 68
96 9 80
96 20 68
96 25 32
96 33 -9
96 35 72
96 50 -24
96 51 -13
96 55 -27
96 60 33
96 67 89
96 78 97
96 83 -90
96 95 -3
96 97 37
96 105 -33
96 119 66
96 126 -19
96 133 19
96 137 48
97 0 -68
97 11 -76
97 40 5
97 78 94
97 89 28
97 114 2
97 123 65
97 145 100
97 148 -53
98 2 8
98 13 10
98 16 89
98 21 -77
98 29 -7
98 45 -29
98 64 8
98 72 34
98 79 50
98 91 10
98 94 -92
98 95 -97
98 96 -77
98 108 -3
98 123 9
99 64 26
99 82 -5
99 86 72
99 95 19
99 96 -56
99 116 30
99 122 14
99 127 -9
99 137 -56
99 144 8
99 148 37
100 17 90
100 29 -43
100 36 -23
100 43 86
100 51 88
100 54 87
100 55 42
100 57 -4
100 71 -54
100 75 98
100 116 -25
100 124 26
100 132 65
100 138 2
100 149 85
101 7 93
101 20 55
101 23 -100
101 47 41
101 48 95
101 75 26
101 85 -93
101 106 -35
101 108 59
101 131 -27
101 139 -75
102 31 2
102 34 7
102 44 56
102 63 96
102 66 -57
102 75 -16
102 104 60
102 109 -57
102 112 15
102 115 -53
102 129 21
102 139 -92
102 144 40
103 23 -69
103 28 74
103 38 -77
103 40 -25
103 48 -55
103 52 -42
103 57 -71
103 66 75
103 67 -14
103 71 82
103 73 5
103 83 -29
103 85 -34
103 104 19
103 127 40
104 0 19
104 35 -60
104 96 -15
104 98 98
104 118 -74
104 126 84
104 128 74
105 28 60
105 30 6
105 52 79
105 66 -31
105 68 91
105 89 -57
105 104 -61
106 9 88
106 21 94
106 29 86
106 43 -35
106 66 10
106 74 -48
106 90 8
106 93 52
106 97 51
106 110 -72
106 118 -27
106 127 -69
106 142 35
107 7 32
107 9 67
107 27 -60
107 31 8
107 66 -99
107 81 -19
107 117 29
108 49 40
108 50 16
108 62 58
108 63 -9
108 69 84
108 75 79
108 90 79
108 138 22
109 28 71
109 39 25
109 40 -93
109 53 -99
109 72 35
109 73 16
109 85 54
109 116 92
110 39 93
110 41 -3
110 50 96
110 58 -52
110 66 -52
110 84 -24
110 100 14
110 129 64
111 13 68
111 16 12
111 30 67
111 37 26
111 51 -72
111 52 57
111 58 29
111 60 11
111 62 18
111 66 -17
111 82 -83
111 102 -100
111 104 20
111 136 68
112 19 36
112 26 -84
112 29 -7
112 58 -47
112 79 85
113 35 42
113 62 54
113 106 83
113 110 -93
113 115 23
113 147 16
114 5 -24
114 14 -47
114 20 98
114 34 32
114 44 -62
114 51 -7
114 67 -37
114 70 -18
114 79 8
114 100 40
114 106 94
114 110 85
114 149 -3
115 17 1
115 20 -63
115 24 -97
115 36 -45
115 57 46
115 61 -23
115 64 -93
115 75 30
115 88 68
115 94 98
115 97 71
115 110 -7
115 124 -99
115 128 -61
116 11 -71
116 15 79
116 18 -35
116 106 -67
116 119 18
116 131 -12
117 19 9
117 24 14
117 43 73
117 45 62
117 46 -80
117 54 -52
117 67 -90
117 70 -26
117 80 87
117 90 -92
117 95 55
117 111 -17
118 11 30
118 27 36
118 31 -38
118 71 39
118 81 16
118 88 -29
118 92 -6
118 115 9
118 142 -3
118 145 -42
119 4 -39
119 24 -18
119 27 -16
119 32 -76
119 56 -59
119 62 86
119 74 7
119 83 -54
120 13 -58
120 59 -100
120 64 4
120 72 25
120 77 -64
120 93 -39
120 108 -80
120 114 -40
120 121 96
120 140 -62
120 141 -47
121 12 44
121 13 -1
121 25 16
121 29 54
121 44 -99
121 50 -86
121 51 -20
121 55 -17
121 57 80
121 60 45
121 75 -38
121 86 -68
121 110 -27
121 115 14
121 130 36
121 133 79
121 144 72
122 16 -26
122 18 74
122 31 34
122 40 -5
122 55 10
122 74 -51
122 91 25
122 118 -32
122 119 -34
123 17 -32
123 20 50
123 70 44
123 115 -41
123 118 -37
123 125 -60
123 127 -61
124 3 25
124 12 58
124 23 -26
124 28 51
124 63 -24
124 82 59
124 97 14
124 99 59
124 131 79
124 138 -69
124 147 -37
125 0 20
125 1 -68
125 9 28
125 10 20
125 13 33
125 19 24
125 25 -58
125 26 -66
125 30 6
125 44 77
125 61 5
125 76 3
125 103 -55
125 104 54
125 107 -86
125 114 -58
125 145 -60
126 2 -75
126 75 49
126 94 24
126 97 -53
126 105 75
127 12 -35
127 61 31
127 73 46
127 80 86
127 89 39
127 125 -18
127 128 -56
127 146 47
128 0 -66
128 7 -50
128 23 -100
128 46 -10
128 56 -90
128 75 21
128 82 46
128 115 -17
128 124 -62
128 144 -86
129 3 16
129 10 3
129 13 50
129 39 -12
129 45 -90
129 46 29
129 48 -8
129 97 88
129 124 51
129 148 12
130 20 39
130 59 18
130 60 83
130 66 -98
130 68 57
130 84 -93
130 87 -67
130 89 -69
130 95 18
130 96 26
130 107 -16
130 111 89
130 118 8
130 119 -20
130 138 -72
131 24 -37
131 25 3
131 27 13
131 49 55
131 71 -3
131 76 97
131 83 55
131 130 -31
131 145 59
132 9 48
132 26 -24
132 27 90
132 58 69
132 59 74
132 66 -12
132 70 36
132 77 -95
132 85 -37
132 125 46
132 126 58
132 146 -66
133 9 10
133 77 -77
133 96 -37
133 100 48
133 108 40
133 111 -1
133 115 98
133 116 -3
133 148 -73
134 0 71
134 7 38
134 33 88
134 41 31
134 44 -100
134 46 -33
134 68 -34
134 87 84
134 89 79
134 104 64
134 139 79
135 0 -65
135 4 94
135 36 -100
135 79 -59
135 135 57
136 13 -36
136 20 -31
136 52 2
136 53 -21
136 79 -96
136 107 99
136 132 60
136 144 26
136 147 7
137 32 -40
137 33 6
137 59 -45
137 106 12
137 109 74
137 147 78
138 15 88
138 17 -41
138 23 -59
138 27 46
138 44 13
138 70 99
138 91 -41
139 29 97
139 40 85
139 50 -35
139 60 -54
139 64 3
139 72 34
139 76 -72
139 80 36
139 92 2
139 93 16
139 118 -32
139 126 99
139 135 89
139 145 40
140 15 36
140 17 20
140 19 -87
140 33 98
140 34 62
140 41 87
140 52 21
140 69 -85
140 71 90
140 76 -52
140 79 -48
140 105 5
140 111 -47
141 1 -7
141 57 -22
141 60 -7
141 67 53
141 76 90
141 89 -98
141 91 -23
141 111 19
141 113 50
141 139 26
142 2 99
142 9 62
142 21 -20
142 52 21
142 82 -20
142 98 -79
142 101 88
142 113 -40
142 148 98
143 15 -97
143 20 -94
143 30 -11
143 46 -63
143 65 19
143 66 1
143 80 89
143 85 51
143 92 -69
143 104 60
143 127 69
144 0 -31
144 7 25
144 18 90
144 65 -38
144 66 91
144 82 -46
144 92 47
144 120 89
144 129 -2
144 138 62
144 142 -23
145 4 -45
145 19 98
145 20 -95
145 39 -91
145 69 -69
145 72 71
145 73 67
145 97 -17
145 114 -59
145 116 -71
145 128 -46
145 130 48
145 136 -75
145 149 19
146 33 -41
146 54 41
146 56 -46
146 61 -74
146 67 -3
146 71 76
146 83 25
146 112 85
146 122 -2
146 142 -83
146 149 -68
147 0 38
147 2 -28
147 18 50
147 31 26
147 32 29
147 36 -56
147 44 71
147 60 -5
147 119 11
147 145 -81
148 2 53
148 33 8
148 34 77
148 38 -6
148 64 -3
148 68 -84
149 8 -48
149 36 79
149 43 -20
149 54 16
149 57 -19
149 62 -68
149 72 19
149 75 54
149 95 10
149 116 -11
149 118 -67