0 0 57
0 1 -56
0 2 -24
0 4 -62
0 5 -63
0 6 -34
0 7 -28
0 8 6
0 9 -47
0 11 4
0 12 51
0 13 -8
0 14 51
0 15 -75
0 16 88
0 17 64
0 18 71
0 19 96
0 20 -17
0 21 53
0 22 89
0 23 82
0 24 -25
0 25 75
0 26 -45
0 27 -41
0 28 -18
0 29 4
0 30 -84
0 31 -32
0 32 -44
0 33 25
0 35 72
0 36 66
0 37 92
0 38 100
0 39 61
0 40 10
0 41 -16
0 43 39
0 45 16
0 46 -42
0 47 45
0 48 64
0 49 20
0 50 -62
0 51 79
0 52 -54
0 53 -22
0 54 -81
0 55 -3
0 56 72
0 57 -82
0 58 89
0 59 -69
0 60 -42
0 61 70
0 63 -11
0 64 -28
0 66 34
0 67 -92
0 68 -44
0 70 84
0 71 22
0 72 33
0 73 -27
0 74 71
0 75 -15
0 76 -84
0 78 5
0 79 1
0 80 -88
0 82 -96
0 84 -100
0 85 12
0 86 12
0 87 -61
0 88 -71
0 91 83
0 93 66
0 95 -28
0 96 58
0 97 24
0 98 -86
0 99 58
1 1 51
1 3 -97
1 4 -71
1 5 27
1 6 -37
1 7 -81
1 8 -74
1 9 -20
1 10 -85
1 11 60
1 12 64
1 14 74
1 16 78
1 17 73
1 18 -14
1 19 -24
1 21 -16
1 23 -74
1 24 -77
1 25 -9
1 26 -48
1 28 98
1 30 -59
1 31 -27
1 32 -91
1 33 -18
1 34 -6
1 35 -50
1 36 -81
1 37 -15
1 38 37
1 39 3
1 40 89
1 41 69
1 42 -49
1 43 -36
1 44 27
1 45 -28
1 46 -2
1 47 -49
1 48 -36
1 53 60
1 54 68
1 55 -93
1 56 62
1 57 23
1 58 -34
1 59 27
1 60 -21
1 61 -91
1 62 83
1 63 -81
1 64 68
1 65 -38
1 66 -90
1 67 86
1 69 -56
1 71 75
1 72 -85
1 73 -22
1 75 96
1 76 52
1 77 -9
1 78 -98
1 79 85
1 80 25
1 81 -32
1 82 17
1 83 -24
1 84 58
1 85 -31
1 88 -79
1 89 -9
1 90 -98
1 91 89
1 92 83
1 94 32
1 95 46
1 96 54
1 97 -97
1 98 73
1 99 -53
2 1 19
2 2 96
2 3 -32
2 4 58
2 5 19
2 7 -97
2 8 20
2 11 27
2 13 91
2 14 43
2 16 -99
2 17 -41
2 18 -50
2 20 30
2 21 -13
2 22 -31
2 24 84
2 25 -14
2 26 9
2 27 42
2 28 -96
2 30 38
2 31 44
2 32 -95
2 34 78
2 35 -57
2 36 52
2 37 -40
2 39 23
2 40 32
2 42 -43
2 43 -100
2 44 -31
2 45 -98
2 46 -92
2 48 -24
2 49 -53
2 50 -68
2 51 96
2 52 -2
2 53 -67
2 56 -98
2 57 14
2 58 94
2 59 20
2 61 -2
2 62 88
2 63 -100
2 64 -83
2 65 18
2 66 -55
2 67 28
2 68 -14
2 69 -95
2 70 7
2 71 -98
2 73 57
2 74 -24
2 75 -36
2 77 96
2 78 56
2 79 21
2 80 23
2 81 -2
2 82 15
2 83 19
2 84 89
2 85 40
2 86 -64
2 87 -56
2 89 -50
2 90 -48
2 91 81
2 92 86
2 94 28
2 95 50
2 97 84
2 98 -91
2 99 -52
3 0 -3
3 1 -60
3 2 8
3 3 40
3 4 -50
3 6 -33
3 7 -90
3 9 61
3 10 -96
3 11 -65
3 12 -78
3 14 83
3 17 -31
3 18 69
3 19 -66
3 20 -44
3 21 90
3 23 8
3 24 66
3 26 -97
3 27 38
3 28 12
3 29 77
3 30 -1
3 32 7
3 33 22
3 34 62
3 35 48
3 36 -95
3 37 11
3 39 -50
3 40 3
3 41 42
3 42 52
3 43 -8
3 44 22
3 45 -64
3 46 23
3 47 -73
3 48 88
3 49 71
3 50 -34
3 51 -24
3 52 -13
3 54 45
3 55 -21
3 56 -60
3 57 -97
3 58 -66
3 59 11
3 60 78
3 61 58
3 62 -1
3 63 95
3 64 11
3 66 29
3 67 78
3 68 -27
3 69 57
3 70 27
3 71 -58
3 72 -78
3 74 -27
3 75 -10
3 76 87
3 77 16
3 78 49
3 79 32
3 80 -91
3 82 -35
3 83 71
3 84 -40
3 85 39
3 86 -55
3 87 28
3 88 12
3 89 -54
3 90 -42
3 93 -1
3 95 -14
3 98 -69
3 99 -61
4 0 8
4 2 -61
4 3 65
4 5 -27
4 7 -79
4 8 -87
4 12 57
4 13 93
4 14 98
4 15 44
4 16 -84
4 17 71
4 19 18
4 21 83
4 22 38
4 24 50
4 25 -18
4 26 46
4 27 52
4 28 8
4 30 15
4 31 40
4 32 93
4 33 -63
4 35 -16
4 36 14
4 37 58
4 38 11
4 39 -24
4 40 11
4 43 28
4 44 -99
4 45 -18
4 46 -69
4 47 28
4 48 30
4 49 35
4 50 83
4 53 -76
4 54 -19
4 55 -23
4 56 96
4 58 -34
4 60 58
4 61 -99
4 63 -76
4 64 95
4 65 47
4 66 -68
4 67 -97
4 69 -40
4 70 38
4 71 68
4 72 -2
4 73 -28
4 74 -77
4 75 56
4 76 99
4 77 -31
4 78 -63
4 81 -82
4 82 -78
4 83 61
4 84 -29
4 85 64
4 86 45
4 87 -97
4 88 17
4 89 -37
4 90 -72
4 91 64
4 92 -66
4 94 58
4 95 -66
4 97 40
4 98 -53
4 99 74
5 1 76
5 2 -96
5 3 -10
5 5 -89
5 6 99
5 7 -64
5 8 18
5 10 32
5 11 38
5 12 29
5 13 97
5 14 97
5 15 45
5 17 90
5 18 -57
5 19 43
5 20 -42
5 21 -41
5 22 -56
5 23 93
5 26 -50
5 27 -100
5 29 33
5 30 49
5 32 11
5 33 -13
5 34 51
5 35 16
5 36 -53
5 37 -24
5 38 -61
5 39 97
5 41 -15
5 42 -5
5 43 17
5 46 -41
5 47 7
5 48 64
5 49 -77
5 50 25
5 51 55
5 52 -42
5 53 3
5 54 73
5 55 -21
5 56 -88
5 57 -34
5 58 28
5 59 47
5 62 -52
5 63 49
5 66 -94
5 67 -85
5 71 29
5 72 -78
5 73 17
5 75 -55
5 76 50
5 77 -65
5 78 70
5 79 54
5 80 -57
5 81 -46
5 83 45
5 84 97
5 85 41
5 86 -23
5 87 46
5 90 -89
5 91 -55
5 92 -21
5 94 68
5 95 46
5 96 22
5 97 -11
5 98 -25
5 99 -85
6 0 -55
6 2 93
6 3 -24
6 4 -82
6 5 7
6 6 75
6 9 -45
6 10 56
6 12 53
6 13 -90
6 14 72
6 15 -86
6 16 -39
6 17 -87
6 18 80
6 19 -39
6 20 24
6 21 94
6 25 -17
6 27 67
6 28 -76
6 30 -70
6 31 36
6 32 18
6 33 -51
6 34 38
6 35 -43
6 37 -77
6 38 -56
6 39 66
6 40 58
6 41 -40
6 42 2
6 43 -19
6 44 15
6 45 -91
6 46 -7
6 47 -2
6 48 79
6 50 48
6 51 -27
6 52 4
6 53 -90
6 54 55
6 55 -86
6 56 22
6 57 88
6 58 87
6 59 69
6 61 -72
6 63 60
6 64 88
6 65 -60
6 66 -36
6 67 -75
6 68 -31
6 69 68
6 70 -46
6 71 37
6 74 -12
6 75 32
6 76 -24
6 77 -2
6 78 42
6 79 -8
6 80 -57
6 81 -60
6 82 -34
6 83 70
6 84 11
6 85 -69
6 87 -72
6 89 80
6 90 -29
6 91 -75
6 92 -37
6 93 -51
6 94 -55
6 95 47
6 96 -76
6 97 92
6 98 -25
6 99 89
7 0 79
7 1 43
7 2 57
7 3 -36
7 4 -25
7 5 -65
7 7 77
7 8 69
7 9 -2
7 10 42
7 11 -71
7 12 -26
7 14 -28
7 15 -69
7 16 -62
7 17 24
7 18 -75
7 20 -50
7 21 69
7 22 64
7 23 -1
7 25 -58
7 26 -70
7 27 -36
7 29 39
7 30 65
7 31 27
7 32 96
7 33 -59
7 34 83
7 35 55
7 36 -48
7 37 -67
7 38 -36
7 39 -94
7 40 15
7 42 -87
7 43 9
7 44 46
7 45 24
7 46 -84
7 48 37
7 50 -89
7 51 28
7 52 38
7 53 -84
7 55 73
7 56 -84
7 57 62
7 58 -12
7 59 -35
7 60 52
7 61 85
7 62 -11
7 63 -99
7 64 -44
7 66 23
7 67 -55
7 68 30
7 70 -14
7 71 -33
7 72 89
7 73 -97
7 74 -83
7 75 78
7 76 -78
7 77 -46
7 78 24
7 79 2
7 80 -62
7 81 5
7 82 -56
7 84 -34
7 85 11
7 86 -74
7 87 -80
7 88 -8
7 89 -68
7 90 -94
7 91 33
7 92 -54
7 94 -99
7 95 -25
7 96 22
7 97 82
7 99 -42
8 0 86
8 2 77
8 4 57
8 5 17
8 6 -22
8 7 73
8 9 66
8 10 80
8 11 67
8 12 13
8 13 34
8 14 23
8 15 7
8 16 37
8 17 -19
8 18 -9
8 19 -10
8 21 2
8 22 3
8 23 -55
8 25 -16
8 26 -16
8 28 72
8 30 34
8 31 -68
8 32 -9
8 33 7
8 35 -77
8 36 -9
8 37 -16
8 38 -6
8 40 -68
8 42 39
8 43 -39
8 44 -57
8 45 50
8 47 91
8 48 30
8 49 38
8 51 -29
8 52 48
8 53 -76
8 54 -17
8 55 -45
8 56 -62
8 57 14
8 58 17
8 59 -73
8 60 -82
8 61 79
8 62 -44
8 63 -7
8 64 -57
8 66 -34
8 67 7
8 68 -61
8 70 -3
8 71 100
8 73 74
8 74 -32
8 76 64
8 77 17
8 78 22
8 80 -76
8 82 -17
8 84 -21
8 85 -53
8 86 -14
8 87 11
8 88 68
8 90 9
8 92 62
8 93 -29
8 94 -70
8 96 44
8 98 60
8 99 -58
9 0 -89
9 1 -5
9 3 45
9 4 -36
9 5 -17
9 6 -5
9 7 -9
9 8 6
9 9 -40
9 10 66
9 11 4
9 12 -87
9 14 -15
9 15 30
9 16 -32
9 17 -52
9 19 -24
9 20 2
9 21 17
9 23 -51
9 24 30
9 26 -83
9 28 22
9 29 43
9 30 -72
9 31 -4
9 32 64
9 34 16
9 35 -64
9 36 -42
9 37 -32
9 38 -68
9 40 -74
9 41 -69
9 42 32
9 43 -67
9 44 36
9 45 -48
9 46 -91
9 47 -17
9 48 14
9 51 100
9 52 -25
9 54 94
9 55 -67
9 56 76
9 58 100
9 59 22
9 60 -39
9 62 -72
9 63 -48
9 64 86
9 65 81
9 66 66
9 67 64
9 68 -22
9 69 -42
9 70 23
9 72 26
9 73 -68
9 75 -46
9 76 50
9 77 -49
9 78 -63
9 79 -24
9 80 -40
9 81 -8
9 82 82
9 83 -41
9 84 90
9 85 -47
9 86 -79
9 87 -65
9 88 36
9 89 68
9 90 -32
9 91 6
9 92 18
9 93 -28
9 95 63
9 96 67
9 97 71
9 98 60
10 1 -54
10 2 -61
10 4 -63
10 5 34
10 6 -93
10 7 34
10 8 94
10 11 21
10 12 91
10 13 -6
10 14 -44
10 15 -5
10 16 55
10 17 37
10 18 80
10 19 40
10 20 -95
10 21 -79
10 22 -18
10 23 -1
10 24 38
10 25 30
10 27 67
10 28 14
10 29 63
10 30 38
10 31 -14
10 32 81
10 33 36
10 34 -24
10 35 -68
10 36 -17
10 37 36
10 38 43
10 39 13
10 41 92
10 42 -3
10 43 92
10 45 -4
10 47 36
10 48 22
10 51 -87
10 52 31
10 53 67
10 54 -76
10 55 14
10 56 3
10 57 -19
10 58 -83
10 60 70
10 62 70
10 63 93
10 64 1
10 65 -26
10 66 57
10 67 -93
10 69 -23
10 70 -83
10 71 -38
10 72 -23
10 74 -18
10 75 -75
10 76 75
10 77 22
10 78 -8
10 79 -5
10 80 69
10 81 89
10 84 -22
10 85 -55
10 86 -11
10 87 76
10 88 -18
10 89 -35
10 90 -44
10 91 -25
10 92 -41
10 94 6
10 95 -48
10 96 83
10 97 -23
10 98 39
10 99 -62
11 0 -40
11 1 59
11 3 -95
11 4 -13
11 5 -48
11 6 -52
11 7 9
11 8 -31
11 9 5
11 10 -86
11 11 88
11 12 -87
11 13 -43
11 15 -11
11 16 39
11 17 -18
11 18 -51
11 20 -52
11 21 -19
11 22 -87
11 23 -50
11 24 42
11 25 -48
11 26 23
11 27 78
11 28 -13
11 29 -25
11 30 3
11 32 5
11 33 -36
11 36 65
11 38 -27
11 39 31
11 40 6
11 41 -22
11 43 64
11 45 90
11 47 67
11 49 56
11 50 12
11 52 -94
11 53 -13
11 54 85
11 55 71
11 56 39
11 57 -100
11 58 95
11 59 -58
11 60 -94
11 61 10
11 63 -84
11 64 -13
11 66 -65
11 67 64
11 68 -33
11 70 -94
11 71 -53
11 72 4
11 73 5
11 74 78
11 75 -92
11 76 -11
11 77 -2
11 78 -68
11 79 -17
11 80 -98
11 81 -76
11 82 69
11 83 41
11 84 43
11 85 -99
11 86 34
11 87 -75
11 88 -57
11 89 82
11 90 9
11 91 7
11 92 -33
11 93 -70
11 95 30
11 96 -34
11 97 -63
11 98 86
11 99 -19
12 0 -43
12 2 -82
12 4 70
12 5 -90
12 6 13
12 7 -94
12 8 72
12 9 -25
12 10 30
12 11 29
12 12 41
12 14 47
12 16 -29
12 17 20
12 18 64
12 19 -36
12 20 10
12 21 -28
12 22 -93
12 23 77
12 24 21
12 25 7
12 26 55
12 28 63
12 29 84
12 30 63
12 32 93
12 34 15
12 35 -23
12 36 16
12 37 -91
12 38 23
12 40 88
12 42 45
12 43 66
12 44 100
12 45 -10
12 46 -41
12 47 45
12 48 -78
12 49 -36
12 50 -74
12 51 94
12 52 76
12 53 15
12 54 40
12 55 37
12 57 89
12 58 65
12 59 97
12 60 80
12 61 -66
12 63 -15
12 65 -100
12 67 -29
12 68 -19
12 69 -41
12 70 55
12 71 59
12 72 -37
12 73 -85
12 74 -90
12 77 67
12 78 -1
12 79 78
12 80 -86
12 81 43
12 82 -95
12 83 -93
12 84 54
12 85 -72
12 88 -17
12 89 81
12 92 91
12 93 65
12 95 21
12 96 43
12 97 -36
12 98 49
12 99 -61
13 0 90
13 1 -31
13 2 -52
13 3 39
13 5 -83
13 6 27
13 7 -76
13 8 36
13 9 -93
13 10 -86
13 11 -46
13 12 -91
13 15 -30
13 16 94
13 17 34
13 19 -12
13 20 30
13 21 -30
13 22 13
13 23 9
13 24 77
13 26 79
13 28 18
13 29 19
13 30 -1
13 31 -90
13 33 -9
13 34 -39
13 35 80
13 36 13
13 37 -94
13 38 49
13 39 84
13 40 65
13 41 86
13 42 -1
13 44 6
13 45 -1
13 46 -96
13 47 82
13 49 83
13 51 -16
13 52 -44
13 53 79
13 54 -7
13 55 51
13 56 36
13 57 -80
13 58 13
13 59 93
13 60 -75
13 61 7
13 62 31
13 63 23
13 65 -77
13 66 -69
13 67 -45
13 68 15
13 69 -2
13 70 -92
13 71 6
13 72 33
13 74 86
13 75 3
13 76 43
13 77 31
13 78 11
13 79 -46
13 80 -50
13 81 -54
13 83 -44
13 85 -49
13 87 -57
13 88 -47
13 89 6
13 90 -70
13 91 32
13 92 -49
13 93 -4
13 95 -89
13 96 19
13 98 -98
13 99 -3
14 0 8
14 2 -83
14 3 -97
14 5 -71
14 6 23
14 7 17
14 8 44
14 9 -99
14 10 37
14 11 99
14 12 40
14 13 71
14 14 91
14 15 -89
14 16 33
14 17 -51
14 18 83
14 19 19
14 20 23
14 21 -95
14 24 93
14 25 -77
14 26 65
14 27 84
14 28 -18
14 29 98
14 30 -21
14 31 -43
14 33 34
14 35 -2
14 36 76
14 37 11
14 38 55
14 39 31
14 40 36
14 42 -73
14 44 -36
14 46 -15
14 47 73
14 49 95
14 50 -27
14 51 -21
14 52 32
14 53 72
14 54 56
14 55 68
14 56 -1
14 57 88
14 58 65
14 60 43
14 61 42
14 62 60
14 63 96
14 64 -93
14 65 29
14 66 66
14 67 2
14 68 -56
14 69 80
14 70 -44
14 71 -51
14 75 81
14 76 67
14 77 59
14 78 -37
14 81 -7
14 82 -70
14 83 -45
14 84 -52
14 85 -46
14 86 -65
14 88 -94
14 89 45
14 90 80
14 91 -73
14 92 82
14 93 77
14 94 13
14 96 88
14 97 -55
14 98 -85
14 99 -45
15 1 -17
15 2 31
15 3 56
15 5 54
15 7 64
15 8 85
15 10 -22
15 11 72
15 12 44
15 13 31
15 14 67
15 15 -32
15 16 -15
15 17 6
15 18 -89
15 19 68
15 20 -48
15 21 83
15 23 62
15 24 50
15 25 -14
15 27 19
15 28 -56
15 29 5
15 30 3
15 31 -42
15 32 100
15 33 -51
15 34 -13
15 35 76
15 36 -3
15 37 -93
15 38 75
15 39 62
15 40 67
15 41 -45
15 42 45
15 43 -68
15 44 -61
15 46 -55
15 49 -22
15 51 -36
15 52 -44
15 53 71
15 55 78
15 56 -1
15 57 -49
15 59 -66
15 60 56
15 61 86
15 62 68
15 63 -16
15 64 -23
15 65 72
15 67 -44
15 68 75
15 69 -33
15 70 -38
15 71 60
15 72 11
15 73 87
15 74 -97
15 75 21
15 76 73
15 77 1
15 78 -20
15 79 -95
15 80 -2
15 82 26
15 83 -87
15 84 15
15 85 6
15 86 76
15 87 17
15 88 96
15 89 -33
15 90 83
15 92 4
15 93 69
15 94 15
15 95 91
15 96 35
15 98 -78
16 0 90
16 1 -55
16 2 -29
16 3 -24
16 4 52
16 5 -80
16 6 64
16 7 -6
16 8 63
16 10 -66
16 11 41
16 12 20
16 13 -27
16 14 -62
16 15 41
16 17 56
16 20 -24
16 21 11
16 22 -94
16 23 62
16 24 -76
16 25 -3
16 26 -76
16 27 61
16 28 -45
16 29 31
16 30 48
16 31 -30
16 34 -61
16 35 -84
16 37 99
16 38 -68
16 39 6
16 40 99
16 41 86
16 42 53
16 43 -64
16 45 54
16 46 -27
16 48 -16
16 50 91
16 51 61
16 52 -98
16 53 27
16 54 -76
16 55 -78
16 56 -96
16 57 -74
16 58 -62
16 59 -76
16 60 99
16 61 -20
16 63 70
16 64 40
16 65 15
16 66 75
16 67 29
16 68 18
16 69 4
16 70 12
16 71 -65
16 72 15
16 73 78
16 74 -27
16 75 36
16 76 41
16 79 95
16 80 50
16 81 -35
16 82 26
16 83 -91
16 85 84
16 86 72
16 87 -55
16 89 -94
16 90 -47
16 91 -20
16 92 -50
16 93 -84
16 94 -69
16 95 -65
16 96 -92
16 98 -47
16 99 56
17 0 -15
17 1 21
17 2 -45
17 3 59
17 4 38
17 5 17
17 6 -81
17 7 79
17 8 3
17 9 -51
17 10 32
17 11 -54
17 12 -51
17 13 33
17 14 -6
17 15 -81
17 17 -73
17 18 -97
17 19 -61
17 20 -47
17 21 -24
17 22 13
17 23 -90
17 24 -92
17 25 -87
17 26 -63
17 27 92
17 28 -60
17 29 -82
17 31 42
17 32 18
17 33 86
17 34 -72
17 35 30
17 36 -59
17 37 45
17 38 29
17 41 43
17 44 -98
17 46 66
17 49 -15
17 50 -53
17 51 -12
17 52 -75
17 53 -87
17 55 28
17 56 -63
17 57 -48
17 58 95
17 59 -53
17 60 -62
17 61 -36
17 62 -4
17 64 68
17 65 93
17 67 -87
17 69 14
17 70 -71
17 72 83
17 73 -77
17 74 12
17 75 -9
17 77 29
17 78 75
17 79 85
17 80 -44
17 81 -92
17 84 82
17 85 -57
17 86 36
17 87 54
17 88 -3
17 89 -67
17 90 -94
17 91 99
17 93 -94
17 94 -20
17 95 98
17 96 -71
17 98 64
17 99 -9
18 1 -87
18 3 -6
18 4 38
18 5 -100
18 7 72
18 9 81
18 10 -96
18 11 66
18 12 67
18 13 72
18 14 71
18 15 -1
18 16 -3
18 17 46
18 18 74
18 19 -2
18 21 88
18 22 -84
18 23 40
18 24 65
18 25 -63
18 26 -91
18 27 69
18 28 93
18 29 -53
18 31 -70
18 34 82
18 35 75
18 36 -38
18 37 27
18 38 89
18 39 31
18 40 85
18 42 75
18 43 -71
18 44 -29
18 45 -53
18 46 -77
18 47 -100
18 48 2
18 49 76
18 50 44
18 52 -92
18 54 -12
18 55 -14
18 56 47
18 57 77
18 58 -13
18 59 22
18 60 23
18 61 80
18 62 -19
18 63 84
18 64 37
18 65 18
18 66 3
18 67 -68
18 68 -40
18 70 -63
18 71 -90
18 73 -91
18 74 -95
18 75 -58
18 76 48
18 78 27
18 80 46
18 81 -32
18 83 -23
18 84 -20
18 85 40
18 86 29
18 87 -95
18 88 -69
18 89 -62
18 92 49
18 93 -38
18 94 -26
18 95 -80
18 96 -37
18 97 -70
18 98 12
18 99 -29
19 0 14
19 1 -38
19 2 -2
19 3 -33
19 4 56
19 6 -41
19 7 -23
19 8 -76
19 9 -8
19 10 -75
19 11 61
19 12 11
19 13 75
19 15 72
19 16 -56
19 17 1
19 18 -5
19 19 -54
19 20 15
19 21 41
19 22 10
19 24 3
19 25 -45
19 26 80
19 27 66
19 29 -31
19 30 71
19 31 29
19 32 3
19 33 -15
19 35 75
19 36 -10
19 37 -87
19 38 23
19 39 6
19 40 -38
19 41 -70
19 42 -32
19 44 -100
19 45 -61
19 46 18
19 48 -99
19 49 38
19 50 -44
19 51 56
19 52 -6
19 53 16
19 54 37
19 55 71
19 57 -64
19 58 99
19 59 -52
19 60 79
19 63 77
19 64 78
19 65 13
19 67 100
19 68 46
19 69 5
19 70 -63
19 72 97
19 73 -90
19 74 42
19 75 -78
19 76 -68
19 77 -30
19 78 100
19 79 32
19 80 93
19 81 -21
19 82 -13
19 83 84
19 84 -84
19 85 39
19 87 39
19 88 1
19 89 21
19 91 -23
19 92 -26
19 93 54
19 94 -36
19 95 -85
19 96 88
19 98 33
19 99 77
20 0 -37
20 1 42
20 3 89
20 4 47
20 5 -39
20 6 19
20 8 -61
20 9 75
20 10 3
20 11 -28
20 12 -41
20 13 -64
20 14 -90
20 15 44
20 16 35
20 17 15
20 18 -90
20 19 52
20 20 13
20 21 65
20 22 35
20 23 -3
20 24 40
20 25 -86
20 26 8
20 27 9
20 28 -50
20 29 10
20 31 -93
20 32 22
20 33 -7
20 34 -16
20 35 -43
20 36 60
20 37 20
20 38 30
20 39 -52
20 41 -3
20 42 -52
20 43 -14
20 44 -90
20 45 91
20 46 11
20 47 -39
20 49 73
20 50 -97
20 51 -57
20 52 11
20 54 16
20 55 -67
20 56 -69
20 59 21
20 60 77
20 62 -59
20 63 -22
20 64 -30
20 65 89
20 66 59
20 67 -27
20 68 -9
20 69 48
20 70 -6
20 71 68
20 73 50
20 74 51
20 75 62
20 77 33
20 78 59
20 80 63
20 81 39
20 82 58
20 85 -60
20 86 -16
20 87 -39
20 90 -87
20 91 37
20 92 -61
20 95 -73
20 96 4
20 97 42
20 98 54
20 99 3
21 0 36
21 1 -77
21 2 98
21 3 70
21 5 33
21 6 75
21 7 -13
21 8 -1
21 9 2
21 10 10
21 12 -44
21 13 46
21 15 87
21 16 2
21 18 60
21 19 10
21 22 59
21 23 39
21 24 -26
21 25 -51
21 27 21
21 28 -78
21 29 18
21 31 95
21 32 48
21 34 83
21 35 -39
21 36 84
21 37 90
21 39 58
21 40 -56
21 41 49
21 42 87
21 43 -14
21 44 78
21 45 -85
21 46 -98
21 47 67
21 48 -34
21 49 -14
21 50 -89
21 51 27
21 52 3
21 53 -13
21 54 -49
21 55 -94
21 58 8
21 60 -97
21 61 -55
21 63 -56
21 64 35
21 66 9
21 67 -40
21 68 -83
21 69 -39
21 70 47
21 71 -25
21 72 17
21 73 -5
21 74 88
21 76 83
21 77 47
21 78 96
21 79 -4
21 80 90
21 81 -34
21 82 66
21 83 -77
21 84 36
21 85 -35
21 86 -60
21 88 20
21 89 -34
21 90 -95
21 92 -3
21 93 -22
21 95 -21
21 96 -29
21 97 16
21 98 50
21 99 -82
22 0 59
22 1 -33
22 2 -32
22 3 -69
22 5 61
22 6 86
22 7 -61
22 8 -24
22 9 5
22 10 -51
22 11 -96
22 12 77
22 13 -27
22 15 -47
22 17 -97
22 18 5
22 19 21
22 21 13
22 22 -26
22 23 91
22 25 -45
22 26 39
22 27 17
22 28 70
22 30 38
22 31 90
22 32 -61
22 33 -72
22 34 39
22 35 92
22 36 -26
22 37 -37
22 38 94
22 39 -48
22 40 83
22 41 -17
22 42 -70
22 43 -82
22 44 -35
22 45 -35
22 46 92
22 47 -89
22 48 -99
22 49 -78
22 50 63
22 51 -49
22 52 44
22 54 -29
22 55 -51
22 56 -29
22 57 -92
22 59 -90
22 60 -87
22 61 4
22 62 85
22 63 -46
22 64 -32
22 65 -11
22 66 59
22 68 -72
22 69 36
22 70 25
22 71 -68
22 72 35
22 73 14
22 74 -65
22 75 67
22 78 50
22 79 96
22 80 16
22 81 66
22 83 9
22 85 -44
22 86 96
22 87 -23
22 88 5
22 90 -60
22 91 -62
22 92 14
22 93 25
22 94 13
22 95 -16
22 96 -54
22 98 99
23 0 16
23 1 18
23 2 -47
23 3 80
23 4 82
23 6 -49
23 7 -94
23 9 8
23 10 -6
23 11 -100
23 12 20
23 13 43
23 15 56
23 16 -82
23 17 94
23 18 11
23 19 9
23 20 -97
23 21 -52
23 22 41
23 23 -73
23 24 -78
23 28 71
23 29 -96
23 30 -66
23 31 -10
23 32 86
23 34 57
23 35 96
23 36 17
23 37 70
23 38 22
23 39 -34
23 40 100
23 41 -2
23 42 95
23 44 -29
23 45 -66
23 46 9
23 47 50
23 48 -68
23 50 -25
23 51 95
23 52 84
23 53 66
23 54 -45
23 55 86
23 56 -41
23 57 28
23 58 -88
23 59 19
23 60 -33
23 61 -51
23 62 55
23 63 36
23 64 -96
23 65 -66
23 66 -86
23 67 96
23 68 -27
23 69 88
23 71 35
23 72 -42
23 74 -35
23 75 54
23 77 35
23 78 -87
23 79 -40
23 80 23
23 81 93
23 82 22
23 83 24
23 84 -38
23 85 9
23 86 -93
23 87 8
23 88 67
23 89 44
23 90 12
23 91 -39
23 92 -10
23 95 -76
23 96 -73
23 97 -59
23 98 -68
23 99 -31
24 0 40
24 2 87
24 4 -58
24 8 -83
24 9 17
24 10 38
24 11 -84
24 13 -96
24 14 -94
24 15 -73
24 16 84
24 17 86
24 18 37
24 19 96
24 21 -64
24 23 65
24 24 -80
24 25 -8
24 26 31
24 27 5
24 28 -78
24 30 -34
24 31 55
24 32 29
24 34 -27
24 35 27
24 36 32
24 37 56
24 38 41
24 40 -5
24 41 6
24 42 44
24 43 82
24 44 36
24 45 -48
24 46 60
24 47 -46
24 48 -62
24 49 -56
24 50 -86
24 51 -80
24 52 -53
24 55 -67
24 56 8
24 57 10
24 58 67
24 59 -73
24 60 91
24 61 -54
24 63 -42
24 64 50
24 66 43
24 67 -49
24 68 -93
24 69 53
24 70 -78
24 73 -14
24 75 -34
24 76 -40
24 77 -68
24 78 19
24 79 4
24 80 13
24 81 -72
24 82 9
24 83 41
24 84 -49
24 85 22
24 86 22
24 87 94
24 88 52
24 90 23
24 92 95
24 93 69
24 96 6
24 98 -90
24 99 -79
25 0 -37
25 1 33
25 2 82
25 3 62
25 4 -87
25 5 -42
25 6 -73
25 7 17
25 8 72
25 9 -10
25 10 -52
25 11 23
25 12 75
25 13 -81
25 14 -84
25 15 -8
25 16 -10
25 17 12
25 18 77
25 19 -70
25 22 86
25 23 -10
25 25 -46
25 27 50
25 29 18
25 30 -83
25 31 65
25 32 58
25 34 34
25 35 65
25 36 -11
25 38 -2
25 39 -30
25 40 -1
25 41 25
25 42 60
25 43 63
25 44 -20
25 47 30
25 48 3
25 49 -9
25 50 -37
25 51 50
25 52 -18
25 53 -25
25 54 39
25 57 11
25 58 57
25 59 -66
25 60 -13
25 61 -68
25 62 -7
25 63 -22
25 65 93
25 66 59
25 67 -69
25 68 99
25 69 31
25 70 -30
25 71 -57
25 72 94
25 73 -14
25 74 -10
25 77 70
25 78 77
25 79 -65
25 80 80
25 81 -88
25 85 1
25 86 5
25 87 12
25 88 86
25 89 -95
25 90 -93
25 92 51
25 93 -44
25 94 84
25 95 15
25 96 44
25 97 9
25 98 -82
25 99 -32
26 0 -25
26 1 -22
26 2 -54
26 3 45
26 4 16
26 7 77
26 8 36
26 9 -84
26 10 76
26 11 -97
26 12 -55
26 13 -11
26 15 34
26 16 -44
26 17 61
26 18 -43
26 19 -80
26 20 93
26 21 -43
26 22 -84
26 23 70
26 24 97
26 25 27
26 26 -20
26 27 94
26 29 -99
26 30 59
26 31 -33
26 32 -22
26 33 59
26 34 -99
26 36 -61
26 37 -20
26 38 -81
26 39 -60
26 40 -56
26 42 -67
26 43 -2
26 44 46
26 45 23
26 46 -24
26 47 82
26 48 -88
26 49 -34
26 51 7
26 53 79
26 54 -39
26 55 -92
26 56 -17
26 57 3
26 58 83
26 59 -60
26 60 -1
26 61 7
26 62 4
26 63 -59
26 65 -64
26 66 70
26 68 1
26 69 88
26 71 95
26 72 -96
26 73 46
26 74 -12
26 75 -64
26 76 -10
26 77 68
26 78 -83
26 79 -15
26 81 86
26 82 -61
26 83 -97
26 84 -23
26 86 9
26 89 -98
26 90 -30
26 92 3
26 94 -69
26 95 -77
26 96 -27
26 97 -55
26 98 45
27 0 8
27 1 -51
27 3 -18
27 5 -20
27 6 64
27 7 -55
27 8 -1
27 9 -100
27 10 35
27 11 -33
27 12 97
27 13 -57
27 14 82
27 15 -10
27 16 70
27 17 -23
27 18 -72
27 19 45
27 20 83
27 21 75
27 23 -99
27 24 50
27 25 -54
27 26 -74
27 27 -45
27 28 -14
27 29 -80
27 30 23
27 31 -38
27 32 100
27 34 -91
27 35 80
27 36 -22
27 37 -17
27 39 18
27 40 78
27 41 -43
27 42 -59
27 44 67
27 45 -45
27 46 -94
27 47 -13
27 49 54
27 50 54
27 51 -12
27 52 -1
27 53 -9
27 55 95
27 56 3
27 57 -18
27 58 -98
27 59 -24
27 60 -79
27 61 44
27 62 70
27 63 -96
27 64 43
27 65 83
27 66 -49
27 67 17
27 68 -37
27 69 -20
27 70 99
27 71 -89
27 74 30
27 75 -35
27 76 -5
27 77 24
27 79 -11
27 80 -11
27 82 86
27 83 -82
27 84 5
27 85 95
27 86 -81
27 87 78
27 89 34
27 90 -69
27 91 60
27 92 -99
27 94 -30
27 95 82
27 98 58
28 1 -87
28 2 76
28 5 55
28 6 -96
28 7 63
28 8 -90
28 9 38
28 11 -75
28 14 71
28 15 -52
28 16 39
28 17 -6
28 18 -8
28 19 -89
28 20 72
28 21 -89
28 22 51
28 24 88
28 25 95
28 26 70
28 27 18
28 28 -17
28 29 -55
28 30 -12
28 31 43
28 32 68
28 35 94
28 36 -54
28 37 80
28 38 72
28 39 79
28 41 -70
28 43 90
28 44 -61
28 45 -8
28 46 -11
28 47 6
28 50 63
28 51 30
28 53 -47
28 54 -35
28 55 76
28 57 -12
28 58 60
28 59 22
28 61 97
28 62 -18
28 64 22
28 65 -22
28 66 -76
28 67 8
28 68 73
28 69 26
28 70 67
28 71 10
28 72 -96
28 73 -32
28 74 -41
28 75 -55
28 77 -57
28 78 -100
28 79 -94
28 80 -34
28 82 -58
28 85 -78
28 86 80
28 87 93
28 89 -69
28 90 -9
28 91 23
28 92 86
28 93 -82
28 94 63
28 95 91
28 96 -30
28 98 42
28 99 100
29 0 -12
29 2 46
29 4 -80
29 5 50
29 6 -96
29 7 31
29 9 -80
29 10 14
29 11 16
29 12 20
29 13 2
29 14 -65
29 15 86
29 16 -48
29 18 -10
29 19 49
29 20 86
29 21 58
29 22 -97
29 23 67
29 24 -58
29 25 -25
29 26 49
29 27 -90
29 28 -94
29 29 -22
29 30 -84
29 31 4
29 32 -59
29 33 94
29 34 95
29 35 7
29 38 -61
29 40 71
29 41 92
29 42 29
29 43 -45
29 44 97
29 45 43
29 46 -44
29 48 -10
29 49 -88
29 50 78
29 51 88
29 52 -96
29 53 -58
29 55 62
29 56 57
29 58 -20
29 59 -13
29 60 91
29 61 91
29 62 69
29 63 -76
29 64 -81
29 65 69
29 66 51
29 67 -30
29 68 -46
29 69 -10
29 70 -86
29 71 72
29 72 -5
29 74 32
29 75 -58
29 76 100
29 77 -6
29 79 -8
29 80 -35
29 82 24
29 83 -65
29 84 -95
29 85 35
29 86 12
29 87 91
29 88 -24
29 89 -63
29 90 -19
29 91 57
29 93 74
29 94 66
29 95 -5
29 96 53
29 97 79
29 98 -21
29 99 46
30 0 -26
30 2 16
30 3 -12
30 4 -51
30 6 -67
30 7 95
30 8 62
30 9 76
30 11 -96
30 12 91
30 13 5
30 14 4
30 15 80
30 16 86
30 17 -88
30 18 -77
30 20 62
30 21 88
30 22 13
30 23 -45
30 24 -36
30 25 -56
30 26 -12
30 27 -59
30 29 2
30 30 -81
30 31 36
30 32 63
30 33 52
30 34 3
30 35 77
30 36 5
30 37 32
30 38 2
30 39 94
30 40 -2
30 41 -8
30 43 -65
30 44 20
30 45 53
30 46 -41
30 48 -54
30 49 -62
30 50 -58
30 51 23
30 52 70
30 53 -83
30 54 98
30 55 -19
30 57 -97
30 58 4
30 59 19
30 60 -79
30 61 -35
30 62 33
30 63 11
30 64 -67
30 65 42
30 66 88
30 68 24
30 69 -7
30 70 12
30 71 72
30 73 -80
30 75 -57
30 76 -26
30 77 55
30 78 34
30 79 -34
30 81 -1
30 82 -21
30 83 43
30 84 -33
30 85 -41
30 86 -100
30 87 -78
30 88 5
30 89 -60
30 90 71
30 91 -3
30 92 -56
30 94 64
30 95 92
30 96 -22
30 97 -79
30 98 34
30 99 -99
31 0 8
31 1 59
31 2 98
31 3 -75
31 4 28
31 5 -97
31 7 33
31 8 -21
31 9 -40
31 10 -11
31 11 46
31 12 -84
31 13 38
31 14 70
31 15 15
31 17 75
31 19 -75
31 20 83
31 21 -93
31 23 80
31 24 -86
31 27 47
31 28 87
31 29 -72
31 30 -38
31 31 -74
31 32 99
31 33 -5
31 34 -19
31 35 -32
31 37 62
31 38 -44
31 39 -64
31 40 4
31 41 -21
31 42 -6
31 43 -61
31 45 3
31 47 10
31 48 27
31 49 28
31 50 -28
31 51 -98
31 52 21
31 53 -73
31 54 99
31 55 -78
31 56 1
31 57 80
31 58 48
31 59 80
31 60 44
31 61 -58
31 62 23
31 64 -25
31 65 57
31 66 -65
31 67 65
31 68 -27
31 69 32
31 70 86
31 71 -31
31 72 59
31 73 -18
31 74 25
31 75 -68
31 76 -23
31 77 -60
31 78 40
31 79 -84
31 80 38
31 81 86
31 82 -42
31 83 -64
31 84 -19
31 85 -80
31 86 86
31 87 -39
31 88 8
31 89 97
31 90 98
31 91 -46
31 92 -9
31 93 37
31 94 72
31 95 32
31 96 -43
31 98 -67
31 99 67
32 0 56
32 1 93
32 2 -80
32 3 18
32 4 17
32 5 -90
32 7 -37
32 8 -97
32 9 -95
32 10 -58
32 11 -91
32 12 -51
32 13 19
32 14 28
32 15 -66
32 16 -4
32 17 90
32 19 61
32 20 -81
32 21 -61
32 23 -42
32 24 43
32 25 -42
32 26 73
32 27 -28
32 28 67
32 29 49
32 30 -86
32 31 -2
32 32 45
32 33 -52
32 34 86
32 35 -33
32 36 7
32 37 -45
32 39 -54
32 40 -35
32 41 69
32 42 77
32 43 47
32 44 60
32 45 -56
32 46 -20
32 48 -7
32 49 56
32 50 30
32 51 -35
32 52 -28
32 53 -91
32 54 -46
32 55 -10
32 56 83
32 57 -33
32 58 81
32 59 28
32 61 41
32 62 -99
32 63 33
32 64 84
32 65 14
32 67 -56
32 68 -27
32 71 -62
32 72 -66
32 73 3
32 75 64
32 77 -65
32 78 62
32 79 -9
32 80 12
32 81 -84
32 82 -93
32 83 -47
32 84 37
32 85 26
32 86 59
32 89 91
32 90 42
32 91 -7
32 92 2
32 93 60
32 94 2
32 96 85
32 97 73
32 99 -67
33 0 42
33 1 85
33 2 -88
33 3 -33
33 4 35
33 5 -23
33 8 75
33 9 50
33 10 56
33 11 67
33 12 -20
33 13 -51
33 14 46
33 15 -11
33 16 -81
33 18 -91
33 19 78
33 20 -28
33 21 4
33 22 -34
33 23 55
33 25 -49
33 26 -25
33 29 -57
33 30 -65
33 32 -80
33 33 -11
33 34 -92
33 35 -50
33 36 -79
33 37 -6
33 38 59
33 39 85
33 40 -75
33 41 68
33 42 -94
33 43 89
33 44 16
33 45 -72
33 46 32
33 47 -100
33 48 -57
33 50 44
33 52 -52
33 53 95
33 55 39
33 56 -18
33 57 -74
33 58 56
33 59 -33
33 60 -92
33 61 5
33 62 20
33 63 53
33 64 47
33 65 30
33 66 -62
33 68 11
33 69 95
33 70 -85
33 71 -62
33 72 34
33 73 58
33 74 35
33 75 37
33 76 42
33 77 -70
33 78 -57
33 79 30
33 80 -83
33 81 -41
33 83 47
33 85 58
33 86 33
33 87 -47
33 88 -24
33 89 39
33 91 -25
33 92 29
33 93 -16
33 94 -99
33 95 54
33 96 -24
33 97 18
33 99 31
34 2 70
34 3 -16
34 4 71
34 5 -46
34 7 32
34 8 -43
34 9 86
34 10 -46
34 12 93
34 13 -86
34 14 7
34 15 -40
34 16 28
34 17 83
34 18 -63
34 19 91
34 20 52
34 21 -45
34 23 56
34 25 -85
34 27 18
34 28 64
34 30 90
34 31 20
34 32 -6
34 33 97
34 34 91
34 35 -12
34 36 -17
34 37 -18
34 38 21
34 39 58
34 40 61
34 41 45
34 42 -18
34 45 -61
34 46 89
34 47 77
34 48 100
34 50 13
34 52 30
34 53 -97
34 54 -18
34 57 -96
34 58 -39
34 59 74
34 60 -6
34 61 50
34 62 97
34 63 -77
34 64 71
34 65 82
34 68 16
34 69 6
34 71 -26
34 72 44
34 73 -56
34 74 71
34 75 -2
34 76 -29
34 77 -34
34 79 -68
34 80 94
34 82 -35
34 83 -28
34 84 22
34 85 46
34 86 36
34 87 -41
34 88 -75
34 90 7
34 91 28
34 93 -15
34 94 37
34 95 12
34 96 45
34 97 78
34 98 98
35 0 26
35 2 -2
35 3 6
35 4 84
35 5 39
35 6 -40
35 7 72
35 8 55
35 10 -66
35 13 -99
35 14 56
35 15 53
35 16 11
35 17 5
35 18 -2
35 19 -72
35 21 -82
35 22 56
35 23 -6
35 24 39
35 25 -84
35 26 -52
35 27 48
35 28 -18
35 29 95
35 30 -88
35 31 98
35 32 -19
35 33 -41
35 34 4
35 35 -61
35 36 -20
35 37 -80
35 40 8
35 41 -96
35 42 42
35 43 -43
35 45 -51
35 46 80
35 47 49
35 48 74
35 49 -16
35 50 -8
35 54 -16
35 55 1
35 56 1
35 57 62
35 58 73
35 59 -11
35 60 -53
35 62 57
35 64 -42
35 65 50
35 66 -46
35 68 -45
35 69 3
35 71 -8
35 72 -52
35 73 -75
35 74 20
35 75 48
35 76 23
35 77 88
35 78 85
35 79 -56
35 80 -47
35 81 -55
35 82 -34
35 84 -86
35 86 -7
35 87 35
35 88 59
35 89 70
35 90 37
35 91 -38
35 92 -54
35 93 51
35 94 -92
35 95 85
35 96 50
35 97 -93
35 98 55
35 99 77
36 0 47
36 1 65
36 2 -11
36 3 -26
36 5 31
36 6 -18
36 8 66
36 9 -25
36 10 -88
36 11 19
36 12 47
36 13 11
36 14 -54
36 15 51
36 16 3
36 17 -47
36 18 83
36 19 -97
36 20 36
36 22 -86
36 23 -56
36 24 95
36 25 -42
36 26 -96
36 27 22
36 28 45
36 29 43
36 31 -61
36 32 -96
36 33 -48
36 34 33
36 35 -78
36 37 -6
36 38 18
36 39 87
36 40 -97
36 41 -4
36 42 84
36 43 -77
36 44 9
36 45 -42
36 46 67
36 47 66
36 48 59
36 49 -12
36 50 63
36 51 70
36 52 -79
36 56 62
36 59 57
36 60 -32
36 64 -23
36 65 -11
36 66 -90
36 67 -17
36 68 -32
36 69 -19
36 70 7
36 71 -76
36 72 60
36 73 45
36 74 70
36 75 -39
36 77 -62
36 78 39
36 79 -96
36 81 61
36 82 44
36 84 56
36 86 63
36 87 -31
36 88 -16
36 89 73
36 92 3
36 94 69
36 95 -47
36 96 84
36 97 66
36 99 -48
37 0 -48
37 1 -62
37 3 51
37 4 91
37 5 27
37 6 -87
37 7 26
37 8 66
37 9 -23
37 10 -24
37 12 -95
37 14 -28
37 15 -22
37 16 -4
37 17 90
37 19 94
37 20 64
37 21 -15
37 23 48
37 24 75
37 25 -33
37 26 12
37 27 -53
37 28 91
37 29 91
37 30 -61
37 31 -21
37 33 -18
37 34 94
37 35 76
37 36 54
37 38 52
37 39 -92
37 41 -47
37 42 79
37 43 -4
37 44 89
37 46 36
37 48 62
37 50 5
37 53 70
37 54 -58
37 55 82
37 56 -17
37 58 -25
37 59 20
37 60 35
37 61 -15
37 62 -57
37 63 4
37 64 51
37 65 -65
37 66 55
37 67 -10
37 68 29
37 69 6
37 70 -25
37 71 -89
37 72 35
37 73 80
37 74 -23
37 75 -82
37 76 38
37 77 -9
37 79 27
37 80 -73
37 81 14
37 82 98
37 83 -86
37 84 44
37 85 -34
37 86 -49
37 87 -84
37 88 53
37 90 -62
37 91 33
37 94 27
37 95 13
37 96 -49
37 97 -85
37 98 -14
37 99 1
38 0 12
38 2 -45
38 3 -18
38 4 24
38 6 51
38 7 100
38 8 81
38 9 -30
38 10 -23
38 14 -41
38 15 -91
38 16 -54
38 17 -88
38 18 -74
38 20 32
38 21 81
38 22 93
38 23 -14
38 24 52
38 25 84
38 26 -4
38 28 43
38 29 -78
38 30 31
38 31 36
38 32 -99
38 33 18
38 34 -12
38 36 72
38 38 -49
38 40 75
38 41 63
38 42 -43
38 43 -77
38 44 44
38 46 70
38 47 -65
38 48 -97
38 51 100
38 52 23
38 55 -83
38 56 -65
38 57 -17
38 59 85
38 60 -29
38 61 -65
38 62 78
38 65 36
38 66 8
38 67 17
38 69 93
38 70 -72
38 71 -96
38 72 -52
38 73 43
38 74 -68
38 75 -78
38 76 -25
38 77 83
38 78 -91
38 79 -32
38 80 -79
38 82 96
38 83 -33
38 84 61
38 85 58
38 87 -73
38 88 -16
38 89 68
38 90 15
38 91 81
38 92 -57
38 93 87
38 94 -8
38 96 -67
38 97 74
38 98 -68
38 99 47
39 0 21
39 1 -97
39 2 -35
39 3 -79
39 5 64
39 6 30
39 7 -56
39 8 62
39 9 47
39 10 34
39 11 -27
39 12 -35
39 13 -81
39 14 88
39 15 -30
39 16 -83
39 17 -42
39 19 25
39 20 -21
39 21 8
39 23 36
39 24 50
39 25 -64
39 28 -2
39 29 26
39 30 15
39 31 -36
39 33 -78
39 34 12
39 35 -84
39 37 76
39 38 -88
39 39 -100
39 40 31
39 41 89
39 42 -50
39 43 14
39 44 24
39 45 8
39 47 2
39 48 -58
39 49 88
39 50 -82
39 51 45
39 53 64
39 54 -55
39 55 86
39 56 11
39 58 19
39 60 -31
39 61 -88
39 62 44
39 64 -70
39 65 -93
39 67 49
39 68 -21
39 69 24
39 70 28
39 71 69
39 72 48
39 73 86
39 74 -47
39 75 -81
39 77 13
39 78 -19
39 79 -1
39 81 -93
39 84 4
39 85 -59
39 86 -19
39 88 -11
39 89 52
39 90 49
39 91 61
39 92 -72
39 94 -67
39 96 10
39 97 67
39 98 -31
39 99 -18
40 0 -7
40 2 -6
40 3 -57
40 4 -42
40 10 -51
40 12 12
40 13 -71
40 14 96
40 15 -33
40 16 -10
40 17 21
40 18 83
40 19 70
40 20 86
40 21 -80
40 22 -4
40 23 28
40 24 -56
40 25 65
40 27 -17
40 28 58
40 30 9
40 31 -19
40 32 25
40 33 69
40 34 -68
40 35 -26
40 36 -14
40 37 73
40 38 -20
40 39 91
40 40 -50
40 42 -16
40 43 -11
40 44 83
40 46 -65
40 47 97
40 49 6
40 50 -79
40 52 44
40 53 48
40 54 -11
40 56 -25
40 57 12
40 58 -61
40 59 -98
40 60 58
40 63 -56
40 64 -6
40 66 -94
40 67 42
40 68 39
40 69 18
40 70 -59
40 71 -86
40 75 29
40 76 83
40 77 -30
40 78 67
40 79 -26
40 80 93
40 82 -28
40 83 -93
40 84 18
40 86 -45
40 87 -18
40 88 -15
40 89 66
40 90 -47
40 91 55
40 92 -67
40 93 45
40 94 -30
40 96 -70
40 98 -49
41 2 -86
41 4 80
41 5 81
41 6 4
41 7 -86
41 8 -85
41 9 63
41 10 78
41 12 86
41 13 -80
41 15 34
41 16 -100
41 17 12
41 18 22
41 19 -18
41 24 88
41 25 -12
41 26 -35
41 27 -29
41 28 17
41 29 -7
41 30 -43
41 31 -11
41 35 -82
41 36 51
41 37 42
41 38 -72
41 39 82
41 40 20
41 42 1
41 43 93
41 44 -11
41 45 44
41 46 28
41 47 -8
41 48 47
41 50 -96
41 51 20
41 52 79
41 53 59
41 54 86
41 56 12
41 57 81
41 58 -66
41 59 -31
41 60 -60
41 61 51
41 62 86
41 64 -44
41 66 80
41 67 -42
41 68 72
41 70 90
41 71 -38
41 72 78
41 73 65
41 74 42
41 75 79
41 76 -34
41 77 -5
41 78 62
41 79 7
41 80 -76
41 81 93
41 82 45
41 83 46
41 84 22
41 85 -8
41 86 -32
41 87 -24
41 88 70
41 89 -91
41 91 -13
41 92 -65
41 93 -27
41 94 48
41 95 12
41 97 62
41 98 27
41 99 67
42 0 60
42 1 1
42 2 91
42 3 -25
42 4 -19
42 5 99
42 6 -9
42 7 -63
42 8 -94
42 9 -74
42 10 32
42 11 50
42 12 16
42 13 -21
42 14 45
42 16 -29
42 17 -49
42 18 17
42 21 -71
42 22 30
42 25 80
42 26 78
42 28 -54
42 29 36
42 30 57
42 32 71
42 33 -55
42 34 58
42 37 -27
42 38 -99
42 39 -15
42 40 -48
42 41 -93
42 42 44
42 43 73
42 44 91
42 45 84
42 47 91
42 48 14
42 49 85
42 50 44
42 52 22
42 53 -88
42 54 -55
42 56 5
42 58 98
42 59 -57
42 60 -34
42 61 29
42 62 -100
42 63 69
42 64 100
42 65 24
42 67 43
42 68 -77
42 69 -18
42 70 -2
42 71 -54
42 72 -74
42 73 -13
42 75 -56
42 76 -68
42 77 75
42 78 -58
42 79 56
42 80 -6
42 81 -93
42 82 -47
42 83 92
42 84 -92
42 85 -29
42 86 -69
42 87 -76
42 88 -26
42 89 45
42 90 55
42 92 48
42 94 -64
42 95 -48
42 96 -14
42 97 9
42 98 34
42 99 -44
43 0 13
43 1 46
43 3 41
43 4 -24
43 5 38
43 6 18
43 7 4
43 8 58
43 9 38
43 10 54
43 11 71
43 12 26
43 13 10
43 14 68
43 15 75
43 17 -24
43 18 -63
43 19 91
43 20 -61
43 21 -30
43 22 -56
43 24 -26
43 25 35
43 26 -14
43 27 -54
43 28 -19
43 29 -21
43 30 -18
43 31 88
43 33 18
43 34 29
43 35 30
43 36 57
43 37 -3
43 38 66
43 39 -17
43 40 -44
43 41 -36
43 44 36
43 45 87
43 46 93
43 47 -55
43 48 -92
43 49 -57
43 50 54
43 52 65
43 53 -12
43 55 -73
43 56 -80
43 57 82
43 58 -72
43 59 20
43 60 -100
43 62 45
43 63 -85
43 64 -19
43 65 82
43 68 -14
43 69 63
43 70 -25
43 71 -95
43 72 98
43 73 -100
43 74 59
43 75 76
43 77 52
43 81 53
43 82 -79
43 83 -76
43 84 75
43 85 -91
43 86 97
43 87 -76
43 88 4
43 89 -44
43 90 10
43 94 67
43 95 56
43 96 -70
43 97 1
43 98 -82
44 0 14
44 2 80
44 3 -15
44 4 -24
44 5 -82
44 6 81
44 7 64
44 9 -72
44 10 93
44 11 31
44 12 44
44 13 -47
44 14 -33
44 17 -2
44 18 97
44 19 -50
44 20 -7
44 21 -14
44 22 57
44 23 55
44 24 -75
44 25 31
44 29 4
44 30 -62
44 32 -62
44 33 89
44 34 59
44 36 30
44 37 56
44 38 -44
44 39 93
44 40 -5
44 41 -53
44 43 -36
44 44 61
44 45 -70
44 48 -79
44 50 85
44 51 -32
44 52 -86
44 54 -8
44 55 -86
44 56 -44
44 59 -99
44 60 71
44 61 5
44 63 -21
44 64 -80
44 65 88
44 66 1
44 67 -66
44 68 -62
44 70 -70
44 72 -33
44 73 -80
44 74 -74
44 76 -60
44 78 -39
44 79 65
44 80 9
44 82 80
44 83 -97
44 84 95
44 85 26
44 86 24
44 87 47
44 88 91
44 91 -16
44 92 32
44 93 -100
44 96 57
44 97 36
44 98 100
44 99 51
45 0 -84
45 1 -99
45 2 57
45 3 59
45 4 -38
45 5 -5
45 6 50
45 7 79
45 8 80
45 9 38
45 11 40
45 12 63
45 13 -38
45 14 -88
45 15 97
45 16 -99
45 17 -64
45 19 51
45 20 10
45 21 24
45 22 -34
45 23 -44
45 25 77
45 26 -85
45 27 38
45 28 90
45 29 12
45 30 -98
45 31 88
45 32 46
45 33 60
45 34 -91
45 35 -74
45 36 65
45 37 -19
45 38 56
45 39 90
45 40 -19
45 41 -15
45 42 -57
45 43 15
45 44 -37
45 45 58
45 46 74
45 47 35
45 49 68
45 50 -41
45 52 81
45 53 76
45 54 54
45 56 65
45 58 43
45 59 -25
45 60 -25
45 61 -38
45 67 -32
45 68 -8
45 69 -23
45 71 9
45 73 34
45 74 -46
45 75 -77
45 76 -20
45 77 -41
45 78 63
45 80 -64
45 81 -73
45 82 -12
45 83 9
45 85 -65
45 86 58
45 87 4
45 88 27
45 89 83
45 90 -24
45 91 98
45 92 35
45 93 -38
45 94 15
45 95 23
45 96 73
45 97 54
45 98 -22
45 99 84
46 0 -96
46 1 -51
46 2 -44
46 3 38
46 4 -71
46 5 8
46 6 -3
46 7 62
46 8 28
46 9 75
46 10 15
46 11 -30
46 12 -30
46 13 -20
46 15 99
46 17 -82
46 18 72
46 19 36
46 20 -25
46 21 69
46 22 17
46 23 63
46 24 33
46 26 -68
46 27 91
46 28 -30
46 29 19
46 30 -21
46 31 -8
46 34 75
46 35 45
46 36 85
46 37 82
46 38 -7
46 39 37
46 40 -3
46 41 -77
46 42 -100
46 43 -42
46 44 22
46 45 64
46 47 91
46 48 -38
46 49 86
46 50 44
46 53 71
46 54 -91
46 55 -25
46 56 -57
46 57 64
46 58 71
46 59 66
46 60 -34
46 61 89
46 62 -98
46 63 77
46 64 84
46 65 -84
46 66 -66
46 67 61
46 69 -90
46 70 84
46 71 -34
46 72 -89
46 74 -27
46 76 -2
46 77 45
46 78 -52
46 80 78
46 81 3
46 82 -24
46 83 -48
46 84 51
46 85 92
46 86 25
46 87 5
46 88 -30
46 90 -53
46 91 -33
46 92 22
46 93 39
46 95 39
46 96 -85
46 97 -76
46 99 29
47 2 -84
47 3 40
47 4 -88
47 5 -37
47 6 -52
47 7 36
47 8 -7
47 9 -25
47 10 68
47 11 -22
47 12 -38
47 13 40
47 15 46
47 16 85
47 17 98
47 18 -43
47 19 96
47 21 -36
47 24 53
47 25 63
47 26 33
47 27 96
47 28 -81
47 29 49
47 30 64
47 32 -51
47 33 -97
47 34 81
47 35 75
47 36 -31
47 37 85
47 38 -18
47 40 -61
47 41 28
47 42 18
47 43 -78
47 44 -55
47 45 76
47 46 93
47 47 -86
47 48 70
47 49 -43
47 50 -74
47 51 36
47 53 -27
47 56 43
47 57 28
47 58 -67
47 59 95
47 60 -25
47 61 -37
47 62 -22
47 63 99
47 64 -55
47 66 -28
47 67 -17
47 68 53
47 69 4
47 70 -64
47 71 -31
47 72 73
47 73 -86
47 74 78
47 75 77
47 78 43
47 80 -4
47 82 -46
47 83 -20
47 84 67
47 85 -52
47 87 -63
47 88 39
47 89 95
47 90 -49
47 91 -49
47 92 83
47 93 -94
47 94 37
47 95 30
47 96 76
47 97 -53
47 98 -3
47 99 -42
48 0 -37
48 1 -37
48 4 -46
48 5 -85
48 8 -28
48 9 -50
48 10 53
48 12 8
48 13 -87
48 14 23
48 15 5
48 17 -52
48 18 -3
48 19 -74
48 22 10
48 23 97
48 25 94
48 26 63
48 27 29
48 28 97
48 29 -65
48 30 34
48 31 85
48 32 41
48 34 45
48 35 8
48 37 -25
48 38 57
48 39 54
48 40 -75
48 41 16
48 42 53
48 44 87
48 45 -59
48 46 -95
48 47 30
48 48 -87
48 49 -72
48 51 -95
48 52 -98
48 53 -10
48 55 -5
48 56 42
48 57 88
48 59 15
48 60 -29
48 62 35
48 63 -89
48 64 60
48 66 14
48 67 -50
48 68 64
48 69 -30
48 70 34
48 71 67
48 72 -68
48 73 -76
48 74 7
48 75 4
48 76 -70
48 77 12
48 79 -86
48 83 -38
48 84 -70
48 85 -88
48 86 -95
48 87 -2
48 90 64
48 91 -32
48 92 73
48 93 67
48 94 -54
48 95 -64
48 96 55
48 97 57
48 99 38
49 0 96
49 1 79
49 2 -9
49 3 87
49 4 19
49 5 31
49 7 17
49 8 59
49 10 51
49 11 -22
49 12 -73
49 13 68
49 14 -8
49 15 98
49 17 -48
49 18 19
49 19 -87
49 20 15
49 21 12
49 23 -54
49 24 -99
49 26 44
49 27 -25
49 28 7
49 29 4
49 30 -90
49 31 -83
49 33 -3
49 34 46
49 35 19
49 36 -21
49 37 66
49 38 -95
49 39 -90
49 41 38
49 42 52
49 43 32
49 44 -57
49 45 -91
49 46 -19
49 48 96
49 49 -35
49 50 63
49 51 57
49 52 -67
49 53 65
49 54 -80
49 55 27
49 56 9
49 57 15
49 58 14
49 59 -82
49 60 -30
49 61 -68
49 62 -63
49 63 68
49 64 -65
49 65 -14
49 66 -100
49 67 -6
49 68 74
49 69 3
49 70 19
49 71 10
49 72 -55
49 74 -87
49 75 -30
49 76 5
49 77 9
49 78 -72
49 79 45
49 80 -12
49 81 95
49 83 27
49 84 -98
49 86 -1
49 87 -26
49 88 -43
49 89 59
49 90 -54
49 91 -45
49 92 -2
49 93 48
49 94 13
49 95 -90
49 96 -86
49 97 -68
49 98 -77
49 99 85
50 0 36
50 1 2
50 2 33
50 3 -51
50 4 -42
50 5 69
50 6 29
50 7 -7
50 9 8
50 10 96
50 11 -95
50 12 -47
50 13 -55
50 14 -70
50 15 4
50 17 91
50 18 -90
50 19 -52
50 22 -41
50 23 29
50 24 59
50 25 -98
50 27 58
50 28 -62
50 29 -53
50 30 46
50 31 -100
50 32 57
50 35 47
50 36 90
50 37 94
50 39 -56
50 40 -72
50 41 -31
50 42 18
50 43 -17
50 45 -69
50 46 -43
50 47 34
50 48 -49
50 50 -10
50 52 -38
50 53 67
50 54 -45
50 55 17
50 56 -69
50 57 24
50 58 -70
50 59 100
50 60 40
50 61 81
50 62 -20
50 63 53
50 64 64
50 65 -83
50 66 32
50 70 -40
50 72 4
50 73 87
50 75 -10
50 76 70
50 77 -89
50 79 97
50 80 -31
50 81 91
50 82 -64
50 84 70
50 85 29
50 86 33
50 88 -95
50 89 -36
50 90 -27
50 91 -73
50 94 21
50 96 -17
50 97 -67
50 98 -40
50 99 -2
51 0 37
51 1 -53
51 2 44
51 3 -17
51 5 -8
51 6 -46
51 8 73
51 9 3
51 10 63
51 11 -14
51 12 -72
51 13 -36
51 15 -15
51 16 -8
51 17 66
51 18 53
51 19 91
51 20 -77
51 21 83
51 22 9
51 23 58
51 24 -44
51 25 -34
51 26 -39
51 27 -73
51 28 78
51 29 -36
51 30 57
51 32 6
51 33 34
51 34 -18
51 35 -64
51 37 98
51 38 8
51 39 -1
51 40 -80
51 41 91
51 42 84
51 43 33
51 45 1
51 46 -82
51 47 80
51 48 38
51 49 -42
51 50 7
51 51 -58
51 52 -100
51 53 -58
51 54 -96
51 55 71
51 56 48
51 57 -69
51 58 73
51 59 72
51 60 96
51 62 -26
51 63 -31
51 64 22
51 65 -88
51 68 -22
51 70 18
51 71 -23
51 72 48
51 73 -98
51 74 62
51 76 -19
51 77 -85
51 78 11
51 79 -91
51 80 73
51 81 61
51 82 91
51 83 -74
51 84 -74
51 85 -44
51 86 -65
51 87 -50
51 88 -1
51 89 47
51 90 -91
51 91 90
51 92 60
51 93 -42
51 94 90
51 95 -14
51 96 10
51 97 22
51 98 -27
52 1 48
52 2 -38
52 3 4
52 5 -37
52 6 -68
52 7 97
52 8 -59
52 9 -37
52 10 -59
52 11 -47
52 12 11
52 13 45
52 14 47
52 15 -94
52 16 75
52 17 -72
52 18 -58
52 20 27
52 21 91
52 22 -56
52 24 -92
52 25 -93
52 26 -21
52 28 63
52 29 41
52 30 48
52 31 -86
52 33 -20
52 35 -55
52 36 -39
52 37 -31
52 38 -81
52 39 31
52 40 -55
52 41 8
52 42 89
52 43 36
52 44 37
52 45 -50
52 47 1
52 48 -99
52 49 47
52 51 78
52 52 28
52 53 1
52 54 -62
52 55 -10
52 56 -84
52 57 16
52 58 56
52 59 55
52 60 -15
52 61 97
52 62 45
52 63 68
52 64 20
52 66 15
52 67 -79
52 68 96
52 69 51
52 70 -61
52 71 -73
52 72 -5
52 74 1
52 75 -74
52 76 -87
52 77 15
52 78 29
52 79 62
52 80 -47
52 81 13
52 82 83
52 83 -85
52 84 -21
52 86 -9
52 88 -99
52 89 -29
52 90 -70
52 92 -79
52 93 25
52 94 -8
52 95 75
52 96 47
52 97 -47
52 98 20
52 99 24
53 0 -99
53 2 77
53 3 93
53 4 2
53 5 94
53 6 -34
53 8 -24
53 9 5
53 10 -47
53 11 77
53 12 84
53 13 38
53 14 -83
53 16 -39
53 17 -46
53 18 -35
53 19 86
53 20 -75
53 22 2
53 23 64
53 24 58
53 25 19
53 26 9
53 27 94
53 28 98
53 30 16
53 31 -92
53 32 -63
53 33 31
53 34 -95
53 35 -18
53 36 -68
53 37 -41
53 39 -30
53 42 -94
53 44 49
53 45 29
53 46 61
53 47 89
53 48 80
53 49 30
53 51 94
53 52 -20
53 53 16
53 55 84
53 56 3
53 57 -3
53 58 72
53 59 -86
53 60 -40
53 61 46
53 62 41
53 63 -51
53 64 -41
53 66 -95
53 67 -19
53 68 31
53 69 72
53 70 94
53 72 -78
53 74 98
53 75 -36
53 76 -72
53 77 37
53 78 100
53 79 -92
53 80 -25
53 81 -67
53 85 -46
53 86 47
53 87 -37
53 89 -44
53 90 -37
53 91 53
53 92 -80
53 93 51
53 94 -84
53 95 -34
53 96 -17
53 98 -75
53 99 91
54 0 -48
54 1 18
54 2 -7
54 3 55
54 4 91
54 5 -49
54 6 62
54 7 -16
54 8 10
54 9 96
54 10 -82
54 12 33
54 13 -80
54 14 17
54 15 12
54 16 -97
54 17 10
54 19 -65
54 20 -54
54 21 -90
54 22 98
54 23 17
54 24 51
54 26 34
54 27 -45
54 31 93
54 32 -35
54 34 -68
54 37 -85
54 38 -58
54 39 -48
54 40 56
54 41 99
54 42 34
54 44 28
54 45 3
54 46 -20
54 47 -4
54 48 -24
54 49 70
54 50 49
54 51 55
54 52 -9
54 53 61
54 55 -32
54 56 -27
54 57 80
54 58 30
54 59 99
54 60 75
54 61 30
54 62 58
54 63 44
54 64 38
54 65 100
54 66 -56
54 67 -42
54 68 90
54 70 -92
54 72 13
54 73 11
54 74 5
54 75 93
54 76 -92
54 77 -7
54 78 16
54 80 7
54 81 78
54 82 -88
54 85 -55
54 86 26
54 89 35
54 90 21
54 92 -18
54 93 61
54 94 -74
54 95 29
54 96 72
54 97 70
54 98 50
55 0 100
55 1 -10
55 2 -35
55 3 -26
55 5 50
55 6 16
55 9 51
55 10 -86
55 11 -38
55 12 15
55 14 82
55 16 -43
55 17 -83
55 18 -18
55 19 60
55 20 8
55 21 -12
55 22 57
55 23 -54
55 24 -30
55 25 42
55 26 -35
55 28 20
55 29 14
55 30 -5
55 31 73
55 32 -58
55 34 65
55 35 -86
55 36 70
55 37 71
55 38 90
55 39 -28
55 40 -6
55 41 44
55 42 -96
55 44 -63
55 46 -68
55 47 81
55 48 -31
55 49 -10
55 50 83
55 51 -36
55 52 54
55 53 21
55 54 25
55 55 -59
55 56 -10
55 57 69
55 58 -56
55 61 93
55 63 -60
55 64 8
55 65 -46
55 66 78
55 67 15
55 68 -72
55 69 -95
55 70 18
55 72 99
55 73 53
55 74 -61
55 75 12
55 76 -72
55 78 -75
55 79 85
55 80 30
55 81 37
55 82 78
55 83 54
55 84 6
55 85 13
55 86 -43
55 87 49
55 88 -34
55 89 -77
55 90 -73
55 91 73
55 92 -5
55 93 96
55 95 -84
55 97 46
55 98 -57
55 99 -50
56 0 33
56 1 -26
56 4 89
56 5 21
56 6 -28
56 7 9
56 8 -39
56 9 92
56 10 -43
56 11 82
56 13 100
56 14 43
56 16 -31
56 17 100
56 18 99
56 20 -55
56 22 -74
56 23 16
56 24 -17
56 25 51
56 26 80
56 27 -34
56 29 53
56 31 -21
56 32 -58
56 33 31
56 35 -38
56 36 77
56 37 71
56 39 -1
56 40 78
56 42 -5
56 43 -23
56 44 27
56 45 -66
56 46 -35
56 47 80
56 48 79
56 51 24
56 53 14
56 54 64
56 55 83
56 57 57
56 58 -93
56 59 -91
56 60 76
56 61 -58
56 62 72
56 63 -97
56 64 5
56 65 18
56 67 -9
56 68 62
56 69 26
56 70 -26
56 71 28
56 72 51
56 73 -15
56 74 74
56 75 72
56 76 79
56 77 -85
56 78 66
56 79 -79
56 80 -17
56 81 -49
56 82 -34
56 83 -54
56 84 -34
56 86 -91
56 87 32
56 88 -59
56 89 -81
56 90 57
56 94 -17
56 96 -97
56 97 -41
56 98 65
56 99 -60
57 1 41
57 2 83
57 3 -72
57 4 33
57 5 87
57 6 -30
57 7 -36
57 8 4
57 9 23
57 10 -24
57 11 14
57 12 -4
57 14 95
57 15 36
57 16 -98
57 17 -31
57 18 41
57 19 -26
57 20 61
57 21 -83
57 22 84
57 23 -96
57 24 -6
57 25 40
57 26 41
57 27 -3
57 28 -83
57 29 -80
57 30 66
57 31 -84
57 32 86
57 33 -67
57 34 -69
57 35 59
57 36 47
57 37 9
57 43 46
57 44 3
57 45 -99
57 47 31
57 49 80
57 51 -52
57 52 -49
57 54 10
57 55 23
57 56 -23
57 57 91
57 59 -52
57 60 48
57 61 84
57 62 86
57 63 51
57 64 98
57 66 69
57 67 -86
57 68 58
57 69 26
57 70 -26
57 71 28
57 72 -50
57 73 55
57 74 -64
57 76 -73
57 77 74
57 79 86
57 83 -88
57 84 -73
57 85 70
57 86 82
57 87 -25
57 88 2
57 90 -59
57 91 -28
57 93 43
57 94 -72
57 95 9
57 96 98
57 97 54
57 98 -9
57 99 -84
58 0 12
58 1 -50
58 2 20
58 3 56
58 4 17
58 5 -16
58 6 22
58 7 -4
58 8 -4
58 9 32
58 10 -85
58 11 -25
58 12 63
58 13 -64
58 14 83
58 15 -95
58 16 -41
58 17 -95
58 18 27
58 19 -7
58 20 22
58 21 -33
58 22 69
58 23 -41
58 24 77
58 26 -41
58 27 55
58 28 6
58 29 33
58 31 22
58 32 79
58 33 58
58 34 15
58 36 49
58 37 19
58 38 -23
58 39 2
58 40 74
58 41 -34
58 42 -54
58 44 93
58 46 -37
58 47 46
58 49 37
58 50 -32
58 51 70
58 52 -43
58 53 -42
58 54 -22
58 55 -82
58 56 50
58 59 30
58 60 27
58 62 59
58 63 -33
58 64 13
58 65 -36
58 66 -52
58 67 -43
58 68 -27
58 69 71
58 70 11
58 71 59
58 72 -36
58 73 -72
58 74 49
58 75 10
58 80 64
58 83 86
58 84 -44
58 85 -68
58 86 98
58 88 -15
58 89 -24
58 90 -81
58 92 -66
58 93 4
58 94 -71
58 95 -28
58 96 87
58 98 70
58 99 -94
59 0 -37
59 1 -10
59 2 25
59 3 32
59 4 42
59 6 -24
59 7 36
59 8 -93
59 9 37
59 10 -98
59 11 -90
59 12 65
59 13 69
59 14 12
59 15 97
59 16 8
59 17 36
59 18 -25
59 20 -38
59 21 20
59 22 -95
59 23 3
59 24 -51
59 25 81
59 26 2
59 27 -1
59 28 -18
59 29 96
59 30 -29
59 31 53
59 32 82
59 35 91
59 36 -68
59 38 -15
59 39 -99
59 40 -67
59 41 -74
59 42 37
59 43 -49
59 44 20
59 45 -75
59 46 -25
59 48 -7
59 49 90
59 50 88
59 51 -36
59 52 -10
59 53 -67
59 55 63
59 57 24
59 58 -5
59 59 55
59 61 86
59 62 63
59 63 -30
59 65 -10
59 66 2
59 67 -14
59 68 -82
59 69 -20
59 70 -48
59 71 -84
59 72 42
59 74 -66
59 75 -91
59 76 -28
59 77 -78
59 78 -88
59 79 -38
59 80 -9
59 81 29
59 82 -70
59 83 -85
59 84 -37
59 85 29
59 87 -57
59 88 -66
59 90 -50
59 92 -33
59 93 -85
59 94 76
59 95 -30
59 97 95
59 98 -59
59 99 -60
60 0 55
60 1 -47
60 2 -73
60 3 -30
60 4 -2
60 5 -58
60 6 52
60 7 17
60 9 23
60 10 -29
60 11 96
60 12 -22
60 14 2
60 15 -89
60 16 -14
60 17 -50
60 18 6
60 19 6
60 20 -29
60 23 2
60 25 35
60 27 90
60 28 -72
60 29 -26
60 30 98
60 31 60
60 32 15
60 33 37
60 34 82
60 35 17
60 37 61
60 38 96
60 39 87
60 42 -12
60 43 -36
60 45 42
60 47 19
60 48 -81
60 49 80
60 50 75
60 51 -77
60 52 -45
60 54 -60
60 55 -54
60 56 96
60 57 -10
60 58 -39
60 60 37
60 61 -11
60 63 98
60 64 32
60 65 76
60 66 83
60 67 35
60 68 -74
60 69 83
60 70 -52
60 72 70
60 73 -97
60 74 -57
60 75 -39
60 76 -64
60 77 88
60 78 -71
60 79 -94
60 81 71
60 82 78
60 83 -43
60 85 73
60 87 -68
60 88 -15
60 89 -59
60 90 33
60 92 -50
60 93 -87
60 95 -63
60 96 -25
60 98 95
60 99 80
61 0 -75
61 1 -96
61 3 31
61 4 -70
61 6 100
61 8 -46
61 9 88
61 10 -86
61 11 -30
61 12 -50
61 14 16
61 16 -92
61 17 53
61 18 -24
61 19 100
61 20 87
61 21 90
61 23 22
61 24 -40
61 26 14
61 27 -48
61 28 -70
61 29 54
61 30 -92
61 31 -35
61 33 100
61 34 -84
61 35 -96
61 36 21
61 37 -41
61 39 62
61 40 3
61 41 -3
61 42 -15
61 43 -73
61 44 66
61 45 50
61 46 -40
61 47 -14
61 48 -34
61 49 -56
61 50 -51
61 51 100
61 52 -87
61 53 79
61 54 85
61 55 -78
61 56 -94
61 57 84
61 58 39
61 59 76
61 61 -29
61 64 34
61 65 59
61 66 91
61 67 22
61 68 17
61 69 61
61 70 41
61 71 -70
61 72 94
61 73 -50
61 74 15
61 77 46
61 78 -2
61 79 62
61 80 21
61 82 -83
61 83 92
61 84 -36
61 85 90
61 88 70
61 89 -59
61 90 26
61 91 -7
61 92 77
61 93 -30
61 94 -99
61 95 -62
61 96 64
61 97 -71
61 98 -63
61 99 -3
62 0 -21
62 1 -35
62 2 -67
62 3 -41
62 4 69
62 5 -76
62 6 2
62 7 86
62 8 -9
62 9 -61
62 10 -54
62 11 44
62 12 -97
62 13 -34
62 15 -61
62 16 -93
62 17 18
62 18 39
62 19 80
62 20 -88
62 21 92
62 22 98
62 23 86
62 24 -100
62 26 11
62 27 -76
62 28 38
62 29 -83
62 31 -6
62 32 43
62 33 26
62 34 67
62 36 87
62 37 11
62 38 -42
62 39 -2
62 40 -60
62 42 60
62 43 -30
62 44 1
62 45 -66
62 46 34
62 47 93
62 48 56
62 49 -12
62 50 -95
62 51 -67
62 52 -69
62 54 -22
62 55 89
62 57 -42
62 58 -54
62 59 -1
62 60 -66
62 61 19
62 62 -13
62 63 9
62 64 94
62 66 28
62 67 84
62 68 -36
62 69 -88
62 70 60
62 72 -68
62 73 -15
62 74 -68
62 75 9
62 76 -74
62 78 -88
62 79 -19
62 81 11
62 82 90
62 83 -75
62 85 10
62 86 62
62 87 -48
62 88 55
62 91 79
62 92 -69
62 93 64
62 94 64
62 96 60
62 97 -31
62 98 -54
62 99 -65
63 1 -86
63 3 -83
63 5 47
63 6 29
63 7 90
63 8 21
63 9 -35
63 10 22
63 11 74
63 13 46
63 14 19
63 15 -95
63 16 -88
63 17 -68
63 18 -20
63 19 -39
63 20 -87
63 21 -61
63 22 74
63 23 60
63 24 18
63 25 -66
63 26 96
63 27 -5
63 28 65
63 29 77
63 30 32
63 31 -64
63 32 -45
63 33 47
63 34 28
63 36 23
63 37 59
63 38 84
63 39 -11
63 40 -53
63 42 -13
63 45 -57
63 46 33
63 47 -66
63 48 11
63 49 69
63 50 -45
63 51 75
63 53 97
63 54 75
63 56 29
63 57 2
63 58 57
63 59 -32
63 61 87
63 63 -8
63 64 46
63 65 -20
63 66 54
63 67 39
63 68 40
63 70 -37
63 71 -65
63 73 46
63 74 55
63 75 -43
63 76 92
63 77 54
63 78 66
63 79 -45
63 81 -24
63 82 57
63 83 65
63 84 89
63 85 68
63 87 67
63 88 94
63 89 -37
63 90 51
63 91 94
63 94 -26
63 95 -69
63 96 -82
63 97 -27
63 98 -95
64 0 39
64 1 38
64 2 99
64 3 56
64 4 4
64 5 69
64 7 -66
64 9 35
64 10 -19
64 11 -35
64 12 37
64 13 43
64 14 -53
64 15 6
64 16 -9
64 17 73
64 18 36
64 19 49
64 20 -68
64 21 90
64 22 19
64 23 -36
64 24 -73
64 25 35
64 26 31
64 27 -7
64 28 -52
64 30 74
64 31 -68
64 33 19
64 36 -77
64 37 45
64 38 28
64 39 -62
64 41 50
64 42 52
64 46 -32
64 47 -10
64 48 30
64 49 -7
64 51 -95
64 52 -17
64 53 -9
64 55 5
64 56 51
64 58 22
64 59 -42
64 60 -27
64 61 97
64 62 -46
64 63 -18
64 64 -77
64 65 -27
64 66 -15
64 67 57
64 68 2
64 69 44
64 71 95
64 72 -62
64 73 -65
64 74 -97
64 75 -14
64 76 -87
64 77 77
64 78 44
64 79 -56
64 80 -79
64 82 -11
64 83 21
64 84 75
64 85 85
64 86 -35
64 87 9
64 88 3
64 89 -18
64 90 -21
64 91 10
64 92 4
64 93 9
64 94 6
64 95 98
64 96 -75
64 97 92
64 98 -73
65 0 15
65 1 -17
65 3 -78
65 4 -70
65 5 -78
65 6 -30
65 7 -97
65 8 -4
65 9 -59
65 11 69
65 12 -76
65 13 -100
65 14 67
65 15 -48
65 16 97
65 17 68
65 18 76
65 19 27
65 20 50
65 21 -48
65 23 -92
65 24 31
65 25 54
65 26 -17
65 27 85
65 28 47
65 29 -44
65 30 -22
65 31 -53
65 32 98
65 33 -32
65 34 -35
65 35 4
65 36 45
65 37 7
65 38 -67
65 39 -50
65 40 -66
65 41 23
65 43 52
65 44 -2
65 46 90
65 47 -97
65 50 -46
65 51 90
65 52 -52
65 53 -46
65 54 -94
65 55 -32
65 57 58
65 58 78
65 59 -97
65 60 -67
65 61 -83
65 62 6
65 64 91
65 65 -6
65 66 -85
65 68 72
65 69 -66
65 70 -90
65 71 84
65 72 -86
65 73 88
65 74 58
65 76 -62
65 77 -75
65 78 -59
65 79 90
65 80 78
65 81 12
65 82 -9
65 83 28
65 84 43
65 88 23
65 89 -71
65 90 57
65 91 80
65 92 56
65 93 -73
65 96 8
65 97 -3
65 98 17
65 99 34
66 0 18
66 1 8
66 2 -41
66 3 75
66 4 16
66 5 -29
66 7 58
66 10 -58
66 11 42
66 12 -2
66 13 -80
66 15 -62
66 16 -76
66 17 -43
66 18 58
66 19 71
66 20 89
66 21 18
66 22 -89
66 23 48
66 24 3
66 25 95
66 26 -7
66 32 -24
66 33 68
66 34 -24
66 36 -43
66 37 82
66 38 -40
66 39 50
66 40 50
66 41 77
66 42 20
66 44 -40
66 45 -52
66 47 38
66 48 -3
66 49 -49
66 51 100
66 53 -16
66 54 73
66 55 39
66 56 65
66 57 56
66 58 -65
66 59 -46
66 60 31
66 61 -18
66 63 -66
66 64 89
66 65 -56
66 66 -47
66 67 26
66 69 -6
66 70 26
66 71 -19
66 72 -82
66 73 -82
66 75 -72
66 77 -28
66 78 -21
66 79 43
66 80 29
66 82 -12
66 83 -58
66 85 50
66 86 -98
66 87 -73
66 88 49
66 89 51
66 90 39
66 91 -49
66 92 -11
66 94 -95
66 98 10
66 99 1
67 0 -28
67 1 60
67 2 59
67 3 -90
67 4 -3
67 5 97
67 6 84
67 8 -47
67 9 45
67 10 64
67 12 -33
67 13 -65
67 14 -34
67 15 81
67 16 84
67 17 -38
67 19 -92
67 20 -23
67 23 -67
67 25 -1
67 26 -55
67 28 48
67 29 11
67 30 37
67 31 75
67 32 -2
67 33 -69
67 34 -40
67 35 -56
67 36 8
67 37 -1
67 39 73
67 42 -52
67 43 -31
67 44 -72
67 45 48
67 46 41
67 47 51
67 48 10
67 50 -23
67 51 -28
67 52 91
67 53 40
67 54 -5
67 55 52
67 56 12
67 57 98
67 58 78
67 60 97
67 62 87
67 63 9
67 64 -38
67 65 -37
67 66 12
67 67 -19
67 68 73
67 70 -81
67 71 24
67 72 -10
67 73 -20
67 74 -39
67 75 81
67 76 80
67 77 -2
67 79 29
67 80 22
67 81 -84
67 82 -60
67 83 -27
67 84 3
67 85 28
67 87 -14
67 89 33
67 90 -24
67 91 40
67 93 -21
67 94 95
67 95 -54
67 96 66
67 97 6
67 98 25
67 99 -56
68 0 7
68 1 15
68 2 44
68 3 82
68 4 45
68 6 -22
68 9 -34
68 11 77
68 13 -54
68 14 15
68 16 93
68 17 -30
68 18 12
68 19 -68
68 20 -83
68 21 -18
68 23 -95
68 24 76
68 26 -28
68 27 -8
68 28 -22
68 30 99
68 31 78
68 33 95
68 34 88
68 35 -33
68 36 -52
68 37 -59
68 38 32
68 39 -34
68 41 -37
68 42 -74
68 43 -69
68 45 54
68 47 -46
68 48 35
68 49 33
68 50 31
68 51 90
68 52 -17
68 53 -59
68 54 -87
68 55 44
68 56 76
68 57 62
68 58 -69
68 61 67
68 62 -22
68 64 -98
68 65 56
68 66 39
68 67 74
68 68 34
68 69 63
68 71 63
68 72 -3
68 73 31
68 74 12
68 78 6
68 79 25
68 80 62
68 81 39
68 82 -35
68 83 -96
68 87 7
68 89 -24
68 90 -44
68 92 90
68 94 -2
68 95 -88
68 96 -82
68 97 -36
69 0 -93
69 1 -8
69 3 67
69 4 48
69 5 9
69 6 -19
69 7 61
69 8 40
69 10 -16
69 11 30
69 13 6
69 14 88
69 15 -44
69 16 -7
69 17 -51
69 18 -33
69 19 -28
69 20 -64
69 22 3
69 23 66
69 24 81
69 25 18
69 26 -54
69 27 51
69 28 -31
69 29 56
69 30 -46
69 31 62
69 32 -61
69 33 -32
69 36 -49
69 37 85
69 38 5
69 39 40
69 40 -36
69 41 57
69 43 -24
69 44 34
69 46 -100
69 47 -13
69 48 -81
69 50 -37
69 51 -69
69 52 64
69 54 -43
69 55 -5
69 56 38
69 57 8
69 58 45
69 59 2
69 60 -16
69 61 -51
69 62 -3
69 63 15
69 64 61
69 65 88
69 66 22
69 67 77
69 68 100
69 69 -9
69 72 -5
69 73 21
69 74 95
69 75 -94
69 76 -34
69 77 -66
69 79 16
69 80 -54
69 81 -70
69 82 -84
69 83 -65
69 85 95
69 86 1
69 88 33
69 89 74
69 90 54
69 91 -58
69 93 -39
69 94 81
69 95 46
69 96 76
69 97 -10
69 98 -27
69 99 86
70 0 -83
70 2 15
70 4 9
70 5 -92
70 8 41
70 9 -62
70 10 -20
70 11 -68
70 12 -58
70 15 -1
70 16 -82
70 17 -38
70 18 45
70 20 5
70 21 -65
70 22 -49
70 23 34
70 24 32
70 25 35
70 27 35
70 28 -67
70 29 -17
70 30 78
70 33 -23
70 34 -58
70 35 41
70 36 -45
70 37 34
70 38 70
70 41 28
70 42 85
70 43 -61
70 44 -37
70 45 -79
70 46 -51
70 47 -28
70 48 56
70 50 40
70 51 35
70 52 -93
70 54 73
70 55 -76
70 56 3
70 57 2
70 59 71
70 60 -90
70 61 23
70 62 54
70 63 -70
70 64 -29
70 66 -78
70 67 -71
70 68 90
70 70 -80
70 72 -98
70 74 -38
70 75 -44
70 76 -59
70 77 -23
70 78 34
70 79 -43
70 80 -53
70 81 -16
70 83 77
70 84 2
70 85 10
70 86 64
70 87 85
70 88 -27
70 89 39
70 90 90
70 91 -75
70 92 -69
70 94 73
70 95 -50
70 96 28
70 98 -18
70 99 -71
71 0 -34
71 1 21
71 2 -74
71 3 30
71 4 -1
71 5 14
71 6 19
71 8 19
71 9 48
71 10 97
71 11 64
71 12 89
71 13 -55
71 14 -7
71 15 -60
71 16 -28
71 17 -71
71 19 99
71 20 71
71 21 10
71 22 -60
71 23 93
71 26 -96
71 27 -82
71 28 79
71 29 64
71 30 -63
71 32 71
71 33 -76
71 34 -94
71 35 44
71 36 10
71 37 -7
71 38 -77
71 39 85
71 40 12
71 42 -32
71 43 8
71 44 61
71 45 40
71 46 -65
71 47 -60
71 48 81
71 50 -58
71 51 -13
71 52 -22
71 53 85
71 54 -8
71 56 -76
71 57 -74
71 58 -28
71 59 38
71 60 86
71 61 -91
71 63 -68
71 65 -51
71 66 -31
71 67 69
71 68 34
71 69 -40
71 70 -27
71 71 -35
71 72 -96
71 73 14
71 74 52
71 75 99
71 76 -84
71 77 -81
71 79 78
71 80 -74
71 82 73
71 83 -2
71 84 -26
71 85 10
71 87 -29
71 88 -39
71 89 -86
71 90 78
71 91 -38
71 92 -57
71 93 5
71 94 33
71 95 -95
71 97 -86
71 98 -86
71 99 -39
72 0 80
72 1 80
72 2 -53
72 3 63
72 4 -55
72 5 92
72 6 -65
72 7 -70
72 8 -4
72 9 80
72 10 -83
72 11 -14
72 12 85
72 13 -38
72 14 -82
72 15 -46
72 17 -83
72 18 -49
72 19 59
72 20 19
72 21 6
72 22 68
72 25 -55
72 26 -36
72 27 36
72 28 71
72 29 -7
72 30 59
72 31 -45
72 32 -52
72 33 75
72 34 -5
72 35 26
72 36 88
72 40 -27
72 42 23
72 43 -50
72 45 5
72 47 74
72 48 -62
72 49 83
72 50 -65
72 51 -66
72 52 41
72 53 62
72 54 15
72 55 49
72 56 -30
72 57 -65
72 59 99
72 60 39
72 61 1
72 62 -95
72 63 -84
72 64 -54
72 66 95
72 69 -11
72 70 81
72 71 65
72 72 -86
72 73 -10
72 74 -86
72 75 -72
72 76 23
72 78 -80
72 79 37
72 80 -13
72 81 53
72 84 -1
72 85 96
72 87 -72
72 89 42
72 90 -69
72 91 66
72 92 -38
72 93 87
72 94 45
72 95 -12
72 97 57
72 98 -3
72 99 21
73 0 81
73 1 -26
73 2 65
73 3 3
73 5 -74
73 6 -58
73 8 -38
73 9 87
73 10 98
73 11 -71
73 12 -22
73 13 -57
73 14 -96
73 15 -1
73 16 66
73 17 46
73 18 -83
73 20 -52
73 21 2
73 23 -1
73 25 55
73 26 -18
73 27 -95
73 28 -6
73 29 96
73 30 32
73 31 100
73 36 46
73 38 20
73 39 -27
73 40 69
73 41 -36
73 42 51
73 43 -83
73 44 93
73 45 70
73 46 89
73 47 -25
73 48 -95
73 49 -9
73 51 -31
73 53 12
73 55 61
73 56 89
73 57 -66
73 58 -65
73 59 -5
73 60 -86
73 62 67
73 63 11
73 64 -56
73 65 14
73 66 70
73 67 -5
73 68 -29
73 69 27
73 70 -82
73 72 -41
73 73 -20
73 75 -61
73 76 78
73 77 -76
73 78 77
73 79 13
73 80 -60
73 81 -44
73 82 4
73 83 -8
73 84 -89
73 85 -1
73 87 -17
73 88 -99
73 89 61
73 90 64
73 91 11
73 92 -93
73 93 90
73 94 -13
73 95 94
73 96 -75
73 97 -25
73 98 75
74 1 -93
74 2 16
74 3 -86
74 4 -9
74 5 6
74 6 -58
74 7 -74
74 9 74
74 12 -34
74 13 65
74 14 37
74 15 82
74 16 -11
74 18 -50
74 19 -38
74 21 -17
74 22 -30
74 23 -80
74 24 61
74 25 -76
74 26 -52
74 27 -1
74 28 -55
74 31 -75
74 32 -72
74 33 84
74 34 -63
74 35 81
74 36 -48
74 37 30
74 38 68
74 39 -4
74 40 -50
74 41 81
74 42 -18
74 43 -81
74 44 63
74 45 80
74 48 1
74 49 -61
74 50 -20
74 51 -99
74 52 73
74 53 21
74 55 16
74 56 60
74 57 -80
74 58 76
74 59 18
74 60 52
74 61 17
74 62 -21
74 64 96
74 65 -22
74 66 73
74 67 72
74 68 32
74 69 70
74 70 71
74 71 -18
74 72 -40
74 73 -62
74 74 85
74 75 84
74 76 -43
74 77 -64
74 78 2
74 80 8
74 81 -13
74 82 4
74 83 -47
74 84 -41
74 85 -83
74 87 34
74 89 80
74 90 -45
74 91 -87
74 92 10
74 93 40
74 94 -100
74 95 91
74 96 76
74 97 4
74 98 -79
74 99 -92
75 0 52
75 1 13
75 2 -55
75 3 -79
75 5 35
75 6 75
75 7 -37
75 8 -89
75 9 -97
75 10 -39
75 11 -97
75 12 77
75 15 16
75 17 -58
75 18 -79
75 19 -20
75 20 48
75 21 -17
75 22 -55
75 24 52
75 25 -68
75 26 85
75 27 -33
75 28 -44
75 29 -99
75 31 5
75 32 -89
75 33 -67
75 34 51
75 35 43
75 37 65
75 39 -57
75 41 6
75 42 -42
75 43 84
75 44 43
75 45 6
75 46 42
75 47 45
75 48 72
75 49 -45
75 50 87
75 51 -2
75 52 -68
75 53 -75
75 55 83
75 56 -91
75 57 -91
75 59 41
75 60 17
75 61 -34
75 63 31
75 64 9
75 66 -61
75 67 14
75 68 24
75 69 9
75 70 -8
75 71 92
75 72 78
75 73 -52
75 74 77
75 76 56
75 77 82
75 79 -80
75 81 -58
75 82 -87
75 83 -91
75 84 -14
75 85 75
75 86 33
75 87 27
75 88 -7
75 89 -10
75 90 61
75 91 -47
75 92 44
75 93 -19
75 94 -37
75 95 -57
75 96 -39
76 0 5
76 1 36
76 2 -21
76 4 81
76 5 -40
76 7 89
76 8 -34
76 9 6
76 10 -87
76 12 5
76 13 -11
76 15 -37
76 16 38
76 17 62
76 18 91
76 19 91
76 20 43
76 21 55
76 22 51
76 23 -59
76 25 -74
76 26 -87
76 27 -5
76 28 23
76 29 -48
76 30 23
76 31 97
76 32 -10
76 33 1
76 34 -30
76 35 5
76 36 64
76 37 22
76 38 -24
76 39 -88
76 40 -21
76 41 27
76 42 -53
76 43 66
76 44 -32
76 45 84
76 46 -82
76 47 -41
76 48 -93
76 49 -39
76 50 65
76 51 30
76 52 41
76 54 -13
76 56 98
76 57 -61
76 58 -50
76 59 -57
76 60 47
76 62 9
76 65 74
76 66 35
76 67 39
76 68 100
76 69 -19
76 70 -5
76 71 -2
76 72 26
76 73 -41
76 74 54
76 75 47
76 76 33
76 77 29
76 78 -92
76 80 83
76 81 72
76 82 -66
76 83 -97
76 84 -20
76 85 21
76 86 44
76 87 -62
76 88 61
76 89 51
76 90 46
76 91 78
76 92 -21
76 93 -56
76 94 36
76 95 -55
76 96 -93
76 97 -30
76 99 -7
77 1 21
77 2 59
77 3 32
77 4 -5
77 5 43
77 6 39
77 7 -6
77 9 -69
77 10 7
77 11 95
77 13 100
77 14 50
77 15 67
77 16 82
77 17 14
77 18 -78
77 19 69
77 20 43
77 21 -14
77 22 -59
77 24 -89
77 25 60
77 27 -7
77 28 -33
77 29 -29
77 30 100
77 31 43
77 32 -93
77 33 -90
77 34 -45
77 35 -25
77 36 -36
77 38 62
77 39 67
77 40 -57
77 42 85
77 43 14
77 44 -45
77 45 82
77 46 -91
77 47 27
77 48 80
77 49 34
77 51 81
77 53 -42
77 54 -64
77 55 -94
77 57 94
77 58 -86
77 59 30
77 60 -44
77 61 -1
77 62 -43
77 64 -39
77 65 -11
77 67 -96
77 68 68
77 69 62
77 70 -21
77 71 100
77 72 7
77 74 -38
77 75 -31
77 76 55
77 77 -81
77 78 77
77 79 49
77 80 39
77 81 26
77 82 -74
77 83 -64
77 84 -8
77 86 36
77 89 4
77 90 -4
77 92 12
77 93 90
77 94 18
77 95 -97
77 99 21
78 0 90
78 1 -27
78 3 27
78 4 27
78 5 64
78 6 97
78 7 57
78 9 87
78 11 -64
78 12 19
78 13 -97
78 14 -48
78 15 -58
78 16 -19
78 17 61
78 18 37
78 19 -49
78 20 -97
78 22 -94
78 23 -54
78 24 26
78 25 -29
78 26 60
78 27 -2
78 28 29
78 29 -15
78 30 56
78 31 -87
78 32 89
78 34 -68
78 37 -43
78 38 65
78 39 62
78 41 49
78 42 -52
78 43 21
78 45 -77
78 46 60
78 47 59
78 48 -79
78 49 -10
78 50 57
78 51 -20
78 52 98
78 53 -16
78 54 64
78 55 59
78 57 -83
78 58 -79
78 59 49
78 60 35
78 62 -78
78 63 40
78 64 19
78 65 -72
78 66 -96
78 67 -28
78 68 89
78 69 100
78 70 -50
78 71 56
78 72 -12
78 73 -54
78 74 61
78 75 -56
78 76 -94
78 78 68
78 79 47
78 80 -60
78 81 96
78 82 27
78 83 60
78 84 -24
78 86 67
78 87 -68
78 88 75
78 89 -44
78 90 27
78 93 53
78 94 -72
78 95 71
78 96 37
78 97 20
78 98 -35
78 99 -93
79 0 55
79 1 -64
79 2 100
79 3 39
79 4 -65
79 5 -35
79 6 39
79 7 57
79 8 -69
79 9 -55
79 11 60
79 13 83
79 14 82
79 15 -44
79 16 -96
79 17 61
79 18 54
79 19 -11
79 20 45
79 21 63
79 22 -99
79 23 4
79 24 -80
79 25 7
79 26 79
79 27 -46
79 28 66
79 29 81
79 30 -90
79 31 -40
79 32 2
79 33 -60
79 35 -70
79 36 8
79 37 -47
79 38 76
79 39 40
79 40 15
79 41 94
79 43 62
79 44 9
79 45 -64
79 46 -91
79 47 -75
79 49 93
79 50 -98
79 51 62
79 53 95
79 54 -72
79 56 -11
79 58 -83
79 59 86
79 60 -4
79 61 31
79 63 -81
79 64 -90
79 65 72
79 66 -93
79 67 -91
79 68 -32
79 69 14
79 70 96
79 71 -86
79 72 -6
79 73 25
79 74 -83
79 75 39
79 78 -41
79 80 66
79 81 -16
79 83 -30
79 84 -99
79 86 32
79 87 -89
79 88 58
79 89 68
79 90 22
79 91 49
79 92 -23
79 93 99
79 94 -48
79 95 -41
79 96 76
79 97 53
79 98 11
79 99 43
80 0 -14
80 1 -32
80 2 -5
80 3 92
80 4 -76
80 6 -92
80 7 -75
80 8 -100
80 9 -100
80 10 -88
80 11 92
80 12 -36
80 13 12
80 14 -18
80 15 26
80 16 -65
80 17 28
80 18 -49
80 19 51
80 20 9
80 21 84
80 22 -40
80 23 40
80 24 89
80 25 -97
80 26 78
80 27 -87
80 30 -37
80 31 42
80 33 -63
80 34 96
80 35 -58
80 36 21
80 38 81
80 39 -16
80 40 83
80 42 31
80 43 -62
80 44 -32
80 47 91
80 49 -44
80 50 63
80 51 -48
80 52 -58
80 53 92
80 54 50
80 55 -17
80 56 79
80 57 -79
80 58 80
80 59 88
80 61 -28
80 64 63
80 65 7
80 66 -70
80 67 -68
80 69 23
80 70 4
80 71 98
80 72 -42
80 74 88
80 75 -99
80 76 64
80 77 74
80 78 -33
80 79 44
80 80 -2
80 82 100
80 83 -26
80 85 -13
80 86 28
80 87 46
80 88 -45
80 90 -26
80 92 25
80 93 48
80 94 -43
80 95 -88
80 96 84
80 97 -34
80 98 -13
81 1 35
81 2 -64
81 4 -83
81 5 20
81 6 -40
81 7 21
81 8 -12
81 10 95
81 11 37
81 12 7
81 13 28
81 14 -69
81 15 99
81 16 9
81 17 8
81 18 -17
81 19 -3
81 20 46
81 22 -85
81 23 7
81 24 -19
81 25 -4
81 26 38
81 27 -48
81 28 12
81 29 27
81 30 79
81 31 85
81 32 67
81 33 37
81 34 64
81 35 34
81 37 -43
81 38 -24
81 40 -51
81 41 52
81 42 8
81 43 64
81 44 -56
81 45 79
81 46 96
81 47 -68
81 48 -88
81 49 -36
81 50 -73
81 51 60
81 52 14
81 54 12
81 55 -62
81 57 -21
81 58 44
81 59 73
81 60 -93
81 62 -38
81 63 55
81 64 52
81 65 81
81 66 24
81 67 -49
81 68 48
81 69 79
81 70 51
81 71 60
81 72 -14
81 73 24
81 74 68
81 75 3
81 76 11
81 77 89
81 78 51
81 80 58
81 81 69
81 82 43
81 84 50
81 85 86
81 86 -56
81 87 16
81 88 66
81 89 92
81 92 -63
81 94 25
81 95 -30
81 96 8
81 97 -60
82 0 94
82 1 -84
82 2 33
82 3 17
82 4 12
82 5 -4
82 6 90
82 7 73
82 8 29
82 10 93
82 11 34
82 12 84
82 13 -37
82 14 75
82 15 -14
82 16 -11
82 17 -16
82 19 63
82 22 -73
82 23 -14
82 24 -81
82 25 67
82 26 23
82 27 49
82 28 -65
82 29 -97
82 30 -84
82 32 97
82 33 66
82 34 22
82 35 -98
82 36 44
82 37 89
82 38 -84
82 39 -43
82 40 50
82 41 -99
82 42 1
82 43 -91
82 44 97
82 45 -13
82 46 -82
82 47 -78
82 48 -53
82 49 -56
82 50 83
82 51 -30
82 54 69
82 56 -17
82 57 74
82 58 42
82 60 83
82 61 -74
82 62 -88
82 63 -72
82 64 88
82 65 -3
82 66 9
82 67 -67
82 68 25
82 69 37
82 70 -63
82 71 -38
82 72 79
82 73 91
82 74 -18
82 75 -85
82 76 62
82 77 95
82 78 23
82 79 -46
82 80 -7
82 81 -51
82 82 -52
82 83 93
82 84 -91
82 85 -28
82 86 -46
82 87 89
82 88 60
82 89 -81
82 90 12
82 93 25
82 94 76
82 95 5
82 96 13
82 97 -35
82 99 -19
83 0 -58
83 1 -60
83 2 15
83 3 -64
83 5 -36
83 6 -41
83 7 27
83 8 94
83 9 -60
83 10 -4
83 11 71
83 12 -3
83 14 23
83 15 -38
83 17 24
83 18 92
83 19 -61
83 20 92
83 21 92
83 22 -96
83 23 83
83 24 79
83 27 45
83 28 80
83 31 60
83 32 -46
83 33 49
83 34 17
83 35 -18
83 36 84
83 37 -39
83 38 6
83 39 -83
83 40 15
83 41 86
83 42 2
83 43 48
83 44 96
83 45 73
83 47 -63
83 48 -98
83 49 -62
83 50 100
83 51 -70
83 52 24
83 53 -62
83 54 92
83 55 97
83 59 -83
83 61 -27
83 63 96
83 64 74
83 67 -50
83 68 -13
83 69 -77
83 70 65
83 71 37
83 72 70
83 73 25
83 74 98
83 76 -84
83 77 -32
83 78 55
83 79 -18
83 81 -59
83 82 34
83 83 62
83 84 88
83 86 -11
83 87 12
83 90 -81
83 91 -43
83 92 -97
83 93 99
83 94 15
83 95 55
83 96 -47
83 98 -94
83 99 33
84 0 -90
84 1 93
84 3 81
84 4 -33
84 5 70
84 6 -46
84 7 -90
84 9 -70
84 12 -96
84 13 -68
84 14 75
84 15 -53
84 17 30
84 18 -6
84 19 69
84 20 51
84 22 43
84 23 -30
84 24 78
84 25 71
84 26 -64
84 27 22
84 28 8
84 29 -27
84 30 6
84 32 38
84 35 -38
84 36 -6
84 37 33
84 38 27
84 39 36
84 40 27
84 41 41
84 43 73
84 47 92
84 48 67
84 51 -57
84 53 -88
84 54 -2
84 55 -67
84 56 -18
84 57 83
84 58 47
84 59 -47
84 60 2
84 61 -24
84 62 -12
84 63 -17
84 65 -37
84 66 -78
84 67 47
84 68 -17
84 69 -70
84 70 -98
84 71 -5
84 72 -68
84 73 -61
84 74 82
84 75 26
84 76 16
84 77 -66
84 79 -47
84 80 -78
84 81 33
84 82 -65
84 84 16
84 86 -51
84 87 -40
84 88 74
84 89 -76
84 90 37
84 91 -77
84 92 36
84 93 -80
84 94 -39
84 95 41
84 96 -75
84 97 -12
84 98 66
84 99 2
85 0 -87
85 1 -55
85 3 67
85 4 -70
85 5 -11
85 6 -74
85 7 51
85 8 70
85 9 54
85 10 21
85 11 21
85 12 57
85 13 88
85 14 -33
85 16 15
85 17 63
85 18 -39
85 20 -45
85 21 -100
85 23 60
85 24 -65
85 25 -91
85 26 52
85 27 44
85 29 -75
85 30 -99
85 31 17
85 32 -58
85 33 -54
85 34 35
85 35 -73
85 36 -60
85 37 -31
85 38 9
85 39 55
85 40 -10
85 41 56
85 42 -46
85 43 -17
85 44 -39
85 45 -32
85 46 -52
85 47 -53
85 48 75
85 49 83
85 51 -91
85 52 -24
85 53 75
85 54 46
85 55 97
85 56 -1
85 57 -77
85 59 76
85 60 -52
85 61 -21
85 62 -38
85 64 79
85 65 53
85 66 -100
85 67 6
85 68 60
85 69 -35
85 71 80
85 72 -39
85 73 84
85 74 44
85 75 -33
85 76 17
85 77 64
85 78 15
85 79 -33
85 80 -99
85 81 -48
85 82 -43
85 83 -58
85 84 -59
85 85 11
85 86 -79
85 87 40
85 88 56
85 89 53
85 90 77
85 91 33
85 92 -77
85 93 81
85 94 83
85 95 -42
85 97 28
85 98 -70
85 99 60
86 0 -82
86 1 -77
86 2 95
86 3 85
86 4 -7
86 5 52
86 6 -68
86 7 -31
86 8 -63
86 9 33
86 11 -26
86 12 87
86 13 -32
86 14 32
86 15 -61
86 16 -60
86 18 9
86 20 -81
86 21 -93
86 23 -27
86 24 -24
86 25 -2
86 26 -53
86 27 33
86 28 90
86 29 -95
86 30 -18
86 31 -76
86 32 -36
86 33 -77
86 34 -35
86 36 -96
86 37 67
86 38 98
86 40 45
86 41 -64
86 42 -59
86 43 1
86 44 53
86 45 58
86 46 -72
86 47 33
86 49 -6
86 50 93
86 51 -52
86 52 98
86 54 27
86 55 76
86 57 -58
86 58 -91
86 59 36
86 60 -94
86 61 -7
86 62 8
86 63 14
86 64 -98
86 65 -20
86 66 87
86 67 60
86 68 73
86 71 41
86 72 -3
86 73 -44
86 74 -23
86 75 -25
86 76 89
86 78 -91
86 79 36
86 80 76
86 81 -40
86 82 17
86 83 -90
86 84 -96
86 85 61
86 86 -90
86 87 -74
86 88 -62
86 89 -16
86 90 -10
86 91 24
86 92 55
86 93 -92
86 94 93
86 95 -45
86 96 62
86 97 -48
86 98 -53
86 99 -73
87 0 35
87 1 28
87 2 -47
87 3 -97
87 4 -65
87 5 11
87 7 65
87 9 -40
87 10 -29
87 11 -61
87 12 -87
87 13 -36
87 14 78
87 16 100
87 19 -28
87 20 -98
87 21 89
87 22 16
87 23 28
87 24 -40
87 26 23
87 27 -87
87 28 -19
87 30 -17
87 31 63
87 32 -15
87 34 -73
87 35 -15
87 37 18
87 38 12
87 40 -74
87 41 -68
87 43 76
87 44 -4
87 45 -17
87 49 -38
87 50 50
87 51 -33
87 52 74
87 54 42
87 56 -90
87 57 -39
87 59 -33
87 61 17
87 62 -17
87 63 5
87 64 85
87 65 58
87 66 87
87 68 -44
87 69 35
87 70 -2
87 71 44
87 72 79
87 73 -64
87 74 43
87 75 -100
87 76 -76
87 77 -8
87 78 -83
87 79 -32
87 80 -45
87 81 -52
87 82 61
87 83 82
87 84 -32
87 85 78
87 86 -43
87 87 -11
87 88 -86
87 89 64
87 90 22
87 91 95
87 92 19
87 93 45
87 94 45
87 95 30
87 96 33
87 97 -22
87 98 15
87 99 64
88 1 -57
88 2 -17
88 3 98
88 4 34
88 5 -83
88 7 19
88 8 1
88 9 -57
88 10 97
88 11 54
88 12 64
88 13 -65
88 14 -8
88 16 -52
88 17 -83
88 19 22
88 20 40
88 21 -76
88 22 51
88 23 91
88 24 -14
88 26 52
88 27 -48
88 29 -91
88 30 22
88 31 -49
88 32 88
88 33 -12
88 34 79
88 36 -18
88 37 68
88 38 -93
88 39 91
88 41 85
88 42 7
88 44 55
88 45 -99
88 46 -32
88 47 -43
88 48 -66
88 50 -7
88 52 -99
88 53 86
88 54 72
88 55 -8
88 57 -97
88 58 -100
88 59 -64
88 60 64
88 61 76
88 62 91
88 63 64
88 64 -43
88 65 92
88 68 87
88 69 20
88 70 53
88 72 -47
88 73 100
88 74 18
88 75 -18
88 76 7
88 77 29
88 78 -6
88 79 38
88 80 -65
88 82 20
88 84 72
88 85 -58
88 86 53
88 87 26
88 88 11
88 89 -86
88 90 28
88 91 -52
88 92 -7
88 93 1
88 94 46
88 96 -40
88 97 -42
88 98 -57
88 99 -43
89 0 47
89 1 17
89 2 12
89 3 -17
89 4 -34
89 6 -46
89 7 48
89 8 31
89 9 -8
89 10 -81
89 12 -29
89 13 41
89 14 -75
89 15 -34
89 16 -5
89 17 -19
89 23 91
89 24 10
89 25 -52
89 26 -91
89 27 40
89 28 82
89 29 -8
89 30 36
89 32 31
89 33 47
89 34 20
89 35 50
89 36 52
89 37 -61
89 38 92
89 39 90
89 40 24
89 41 -49
89 42 85
89 45 6
89 46 -18
89 47 64
89 48 -40
89 49 -51
89 50 -30
89 51 7
89 53 86
89 54 86
89 55 30
89 56 18
89 57 -38
89 58 90
89 59 -81
89 61 -47
89 63 31
89 64 -9
89 65 42
89 66 24
89 67 -48
89 69 6
89 70 -66
89 72 52
89 73 -91
89 74 -96
89 75 81
89 76 -12
89 77 72
89 78 63
89 79 43
89 80 -82
89 81 54
89 84 -26
89 86 16
89 87 73
89 88 -74
89 89 -64
89 90 -27
89 91 -15
89 92 24
89 93 -33
89 94 92
89 95 -66
89 96 81
89 97 20
89 98 -32
89 99 -8
90 0 -4
90 1 -79
90 2 59
90 3 60
90 4 83
90 5 -72
90 7 -86
90 8 -61
90 9 25
90 10 49
90 11 76
90 13 -49
90 14 2
90 15 -35
90 16 13
90 18 -24
90 19 87
90 20 -49
90 21 -94
90 22 -62
90 23 -30
90 24 -81
90 25 7
90 27 -10
90 28 -97
90 29 22
90 32 3
90 34 43
90 35 -42
90 36 57
90 37 -1
90 38 46
90 39 -58
90 40 70
90 41 30
90 42 85
90 46 -70
90 48 -97
90 50 69
90 51 27
90 52 -20
90 54 -4
90 56 -49
90 57 -67
90 58 -14
90 59 77
90 60 -28
90 62 67
90 63 -8
90 65 -81
90 67 -45
90 68 75
90 70 93
90 72 11
90 74 68
90 76 -22
90 77 38
90 80 50
90 81 -48
90 82 -30
90 86 -91
90 87 -31
90 88 -9
90 89 8
90 90 52
90 91 41
90 92 91
90 93 81
90 94 92
90 96 18
90 97 -29
90 98 40
90 99 -64
91 0 16
91 1 -47
91 2 91
91 3 55
91 4 39
91 5 48
91 8 5
91 9 -13
91 10 -51
91 11 73
91 12 -78
91 13 4
91 16 -61
91 17 96
91 18 44
91 19 -10
91 20 88
91 22 37
91 23 84
91 24 -49
91 25 -55
91 26 -47
91 27 52
91 29 68
91 31 41
91 33 37
91 34 32
91 35 42
91 36 -28
91 37 -37
91 38 18
91 39 -28
91 40 5
91 41 50
91 42 19
91 43 79
91 44 100
91 45 -2
91 46 -2
91 47 79
91 49 -77
91 50 44
91 52 51
91 55 64
91 56 73
91 58 -1
91 59 -38
91 61 -76
91 62 -20
91 63 91
91 65 47
91 66 14
91 67 -91
91 68 62
91 69 4
91 70 -99
91 71 62
91 72 -55
91 73 -48
91 75 8
91 77 -83
91 78 58
91 79 -5
91 80 33
91 82 -32
91 84 -37
91 86 16
91 87 93
91 90 -80
91 91 47
91 93 -73
91 94 -66
91 96 -73
91 97 14
91 98 57
91 99 10
92 0 -87
92 1 -75
92 2 16
92 3 -44
92 4 82
92 6 -51
92 8 -99
92 11 -38
92 13 -77
92 14 -47
92 15 -16
92 17 -73
92 18 -49
92 19 5
92 20 95
92 21 -18
92 22 -62
92 23 23
92 26 72
92 27 98
92 28 -14
92 29 25
92 30 -28
92 31 8
92 32 -75
92 34 -63
92 35 -81
92 36 54
92 38 72
92 39 -54
92 40 -5
92 41 36
92 42 -14
92 43 -35
92 44 94
92 45 -11
92 47 -96
92 48 -63
92 49 -56
92 50 14
92 51 79
92 52 62
92 54 95
92 55 -82
92 56 1
92 57 3
92 59 -5
92 60 -41
92 61 -28
92 62 99
92 63 -19
92 64 -3
92 65 -88
92 67 -6
92 68 -21
92 69 -75
92 70 62
92 71 -71
92 72 11
92 73 -54
92 74 -63
92 75 21
92 77 22
92 78 91
92 79 68
92 80 -87
92 81 44
92 82 -30
92 83 85
92 84 -42
92 85 -18
92 86 55
92 87 21
92 88 79
92 89 33
92 90 100
92 91 -41
92 92 -91
92 93 -93
92 94 -46
92 95 42
92 96 -97
92 97 -14
92 98 -16
93 0 -8
93 1 -61
93 2 23
93 3 -35
93 4 -8
93 5 -62
93 7 11
93 8 -28
93 9 -80
93 10 71
93 11 -59
93 12 -62
93 13 26
93 14 -79
93 15 61
93 16 -48
93 17 -73
93 18 -10
93 19 -7
93 21 -13
93 22 -24
93 23 46
93 24 -19
93 25 73
93 26 -38
93 27 -70
93 28 12
93 29 -75
93 30 72
93 31 25
93 32 -11
93 33 -83
93 34 48
93 35 -62
93 36 -51
93 37 19
93 38 -16
93 39 -42
93 40 -43
93 41 -38
93 42 -41
93 45 -80
93 46 -71
93 47 67
93 48 -43
93 50 28
93 51 92
93 52 21
93 53 -80
93 55 -67
93 56 60
93 57 -5
93 58 72
93 59 -88
93 61 87
93 62 -4
93 63 -56
93 64 38
93 65 -79
93 66 -81
93 67 -16
93 68 -20
93 69 31
93 70 -55
93 73 -100
93 74 -36
93 75 89
93 76 51
93 77 6
93 78 -75
93 79 -74
93 81 -21
93 82 -36
93 83 59
93 84 -53
93 85 49
93 86 -80
93 87 78
93 89 26
93 90 67
93 91 86
93 92 -100
93 94 -33
93 95 46
93 99 42
94 0 52
94 2 -54
94 3 -29
94 4 -79
94 5 96
94 8 -73
94 9 -21
94 13 32
94 14 54
94 15 38
94 16 88
94 17 66
94 18 -75
94 19 43
94 20 -87
94 21 -98
94 22 37
94 23 77
94 25 -52
94 26 -41
94 27 61
94 28 -42
94 29 -93
94 30 91
94 32 -66
94 33 -66
94 34 69
94 35 -83
94 36 24
94 39 38
94 40 18
94 41 7
94 42 -65
94 43 -74
94 44 -31
94 45 -71
94 47 -86
94 48 -92
94 49 69
94 50 -78
94 51 -72
94 52 -48
94 53 -36
94 54 87
94 56 45
94 57 47
94 58 -51
94 59 -93
94 60 -41
94 64 32
94 65 64
94 66 87
94 67 28
94 68 -47
94 69 -41
94 70 21
94 71 -89
94 72 86
94 73 -8
94 74 -93
94 75 -17
94 77 -54
94 78 -78
94 79 -61
94 80 52
94 81 -49
94 82 70
94 83 -71
94 84 66
94 85 46
94 87 25
94 88 100
94 89 58
94 90 -29
94 91 -76
94 92 18
94 93 51
94 94 -60
94 95 -60
94 96 17
94 98 -25
94 99 2
95 0 56
95 1 85
95 2 92
95 3 46
95 4 11
95 5 68
95 6 55
95 7 -27
95 9 68
95 10 -33
95 11 -41
95 12 33
95 13 -64
95 14 -44
95 15 95
95 16 75
95 17 51
95 18 14
95 19 54
95 20 66
95 21 -37
95 23 57
95 26 -83
95 28 -24
95 29 64
95 30 52
95 31 98
95 32 14
95 34 -3
95 35 -35
95 36 21
95 37 95
95 38 65
95 39 -33
95 41 60
95 42 29
95 43 92
95 44 17
95 45 -48
95 46 -54
95 48 90
95 49 43
95 50 -53
95 51 -27
95 52 -88
95 53 7
95 54 94
95 55 -33
95 56 -2
95 57 63
95 58 -69
95 59 -19
95 60 18
95 61 -48
95 62 -65
95 64 67
95 65 -53
95 66 61
95 67 -50
95 68 56
95 69 17
95 72 -30
95 73 -98
95 74 -25
95 76 78
95 77 32
95 78 -2
95 80 -64
95 82 -83
95 83 95
95 84 -20
95 85 37
95 86 -24
95 87 -68
95 89 -87
95 90 -46
95 92 11
95 93 -21
95 94 91
95 96 9
95 97 69
95 98 -36
95 99 65
96 0 -74
96 1 38
96 2 -90
96 3 -86
96 4 58
96 5 -41
96 6 -79
96 7 -27
96 8 16
96 11 -58
96 12 48
96 13 -100
96 15 15
96 16 -81
96 17 -48
96 20 91
96 21 25
96 22 9
96 23 40
96 24 -38
96 25 -95
96 28 -71
96 29 41
96 30 -19
96 31 16
96 32 -78
96 33 22
96 35 -53
96 36 42
96 37 24
96 39 22
96 42 -30
96 43 43
96 45 61
96 46 65
96 47 6
96 48 -22
96 49 -73
96 50 -7
96 53 -58
96 54 35
96 55 79
96 56 -40
96 57 -47
96 58 -51
96 59 -4
96 60 9
96 62 -16
96 63 -77
96 66 -43
96 67 11
96 68 -65
96 69 49
96 70 18
96 72 35
96 73 38
96 74 79
96 75 19
96 76 1
96 77 -73
96 78 94
96 80 78
96 81 70
96 82 -60
96 83 -67
96 84 74
96 85 -74
96 86 1
96 88 -96
96 89 42
96 90 -62
96 91 51
96 92 74
96 93 -6
96 94 7
96 95 -30
96 96 84
96 97 -33
96 99 -51
97 0 54
97 1 88
97 2 -84
97 3 -64
97 4 -69
97 6 -83
97 7 41
97 8 56
97 9 -85
97 10 98
97 11 -28
97 12 -88
97 13 -22
97 14 -26
97 16 -15
97 17 44
97 18 66
97 19 -76
97 21 70
97 22 10
97 23 46
97 24 70
97 25 -37
97 26 -89
97 27 -86
97 28 36
97 30 96
97 31 -39
97 32 -68
97 33 43
97 35 -42
97 36 87
97 37 87
97 39 44
97 40 67
97 41 56
97 42 -6
97 43 -7
97 44 91
97 47 -38
97 48 -13
97 49 88
97 50 19
97 51 -29
97 52 -51
97 53 -2
97 54 24
97 55 56
97 56 26
97 58 -2
97 59 -49
97 61 71
97 62 71
97 63 -17
97 64 98
97 65 -32
97 66 80
97 68 -47
97 69 -75
97 70 -99
97 72 -39
97 73 62
97 75 -59
97 76 93
97 77 8
97 78 -39
97 79 26
97 80 -48
97 81 -30
97 82 51
97 84 -94
97 85 83
97 86 -37
97 87 16
97 88 44
97 89 -36
97 91 2
97 92 78
97 93 1
97 94 88
97 96 -11
97 97 13
97 98 -73
97 99 28
98 0 -18
98 1 -73
98 2 -27
98 3 -39
98 4 72
98 5 65
98 6 28
98 7 56
98 9 -23
98 10 86
98 11 -84
98 12 -97
98 13 64
98 15 63
98 16 41
98 17 12
98 18 50
98 19 -1
98 20 -40
98 21 99
98 22 -51
98 23 6
98 24 -41
98 25 78
98 26 -41
98 27 52
98 28 83
98 29 85
98 34 10
98 36 28
98 40 72
98 41 91
98 42 73
98 43 -94
98 45 84
98 46 -51
98 47 68
98 49 47
98 50 -68
98 51 51
98 53 92
98 54 -52
98 55 -26
98 56 51
98 57 -19
98 58 -98
98 59 -48
98 60 -74
98 61 79
98 62 40
98 63 62
98 65 -66
98 66 54
98 67 85
98 68 -64
98 69 81
98 70 8
98 72 -78
98 73 27
98 74 40
98 75 -65
98 76 58
98 77 -10
98 78 -14
98 80 60
98 81 73
98 82 -37
98 83 25
98 84 6
98 86 -82
98 87 -25
98 88 3
98 89 -10
98 90 -42
98 91 44
98 92 61
98 93 63
98 94 52
98 95 -63
98 97 -59
98 98 -7
99 0 72
99 1 35
99 2 40
99 3 83
99 4 -21
99 5 64
99 6 -17
99 7 23
99 8 -62
99 10 91
99 11 5
99 12 74
99 13 25
99 14 -7
99 16 -48
99 18 -40
99 19 -29
99 20 -63
99 21 12
99 22 -56
99 23 -71
99 24 19
99 25 22
99 26 75
99 27 83
99 28 -41
99 30 -95
99 31 51
99 33 -73
99 35 -44
99 36 -10
99 38 100
99 39 1
99 40 85
99 42 99
99 44 -55
99 46 -65
99 47 -1
99 48 38
99 50 58
99 52 37
99 53 -37
99 54 -61
99 56 86
99 58 40
99 59 25
99 61 -83
99 62 30
99 63 -49
99 65 -95
99 66 30
99 67 -40
99 68 1
99 69 -38
99 70 -77
99 72 -70
99 73 -84
99 74 66
99 76 69
99 77 53
99 78 73
99 79 54
99 80 -44
99 81 66
99 82 -2
99 84 27
99 85 50
99 86 -97
99 88 -59
99 89 -17
99 90 56
99 91 -54
99 92 15
99 93 6
99 94 -82
99 95 -99
99 96 -21
99 97 61
99 98 95