0 3 36
0 6 20
0 9 4
0 11 -19
0 14 -87
0 15 -87
0 25 8
0 26 71
0 32 13
0 38 56
0 41 -43
0 43 -77
0 45 90
1 9 -32
1 13 -87
1 15 -21
1 17 -49
1 25 7
1 27 -78
1 31 82
1 33 -53
1 34 -94
1 41 -25
1 43 38
1 44 -94
1 47 -89
2 1 -11
2 3 -53
2 7 93
2 11 48
2 15 -25
2 23 -51
2 24 -64
2 29 -78
2 34 -35
2 37 38
2 41 -53
2 47 77
2 49 1
3 2 52
3 6 -51
3 7 -64
3 18 4
3 27 -47
3 29 -89
3 43 -37
3 46 -42
4 5 100
4 7 61
4 14 5
4 24 92
4 28 -55
4 32 28
4 36 80
4 39 -42
4 43 -28
4 49 59
5 4 62
5 7 -56
5 8 -49
5 10 37
5 11 73
5 14 -97
5 17 52
5 27 23
5 32 41
5 38 -40
5 39 -29
5 42 6
5 43 96
5 44 -37
5 45 -9
5 46 71
6 2 5
6 3 -65
6 5 -70
6 6 70
6 13 68
6 22 -69
6 27 -87
6 35 25
6 39 -64
6 44 70
7 9 79
7 10 8
7 12 -48
7 14 24
7 19 37
7 22 52
7 24 -17
7 27 29
7 31 -96
7 34 -6
7 39 -93
7 40 81
7 42 -93
7 45 68
7 49 -39
8 0 48
8 4 -30
8 6 -93
8 8 94
8 12 -7
8 20 35
8 21 -75
8 22 61
8 25 52
8 29 -64
8 32 69
8 38 -94
8 39 -91
8 42 -89
8 44 54
8 47 59
9 1 37
9 2 -74
9 3 -56
9 18 -64
9 20 67
9 34 -73
9 35 -16
9 39 24
9 41 -69
9 44 35
9 48 23
10 4 -57
10 5 8
10 6 59
10 7 59
10 8 80
10 9 8
10 16 48
10 19 -69
10 21 -90
10 22 -28
10 24 -61
10 29 88
10 33 -97
10 35 -80
10 38 -19
10 41 -18
10 44 38
10 46 -41
11 7 92
11 12 -97
11 20 -84
11 23 75
11 24 89
11 25 -43
11 28 58
11 33 -43
11 35 50
11 40 84
11 41 64
11 45 -93
11 47 -49
11 48 -81
12 4 21
12 5 98
12 10 -89
12 12 77
12 14 -17
12 15 -77
12 16 38
12 18 -76
12 19 -10
12 20 -29
12 27 -22
12 34 -70
12 36 28
12 40 85
12 41 -57
12 43 54
12 44 -5
12 46 -93
12 49 -98
13 1 88
13 3 29
13 4 7
13 7 16
13 9 -58
13 10 56
13 17 -44
13 18 95
13 20 91
13 23 -95
13 25 38
13 27 -31
13 31 -26
13 40 -69
13 45 -23
14 0 -85
14 3 -8
14 11 28
14 15 4
14 18 13
14 22 72
14 23 -36
14 25 -10
14 26 77
14 28 -24
14 36 -25
14 38 -28
14 46 58
14 49 -79
15 0 65
15 2 28
15 8 98
15 9 -98
15 12 19
15 14 -18
15 17 73
15 19 -72
15 25 47
15 27 2
15 28 -18
15 42 -38
15 45 3
15 46 -58
15 47 80
15 49 -64
16 9 -20
16 11 80
16 12 38
16 15 -70
16 16 97
16 18 14
16 20 34
16 23 -1
16 27 41
16 30 87
16 32 -15
16 34 -88
16 40 55
16 42 -3
17 0 -11
17 5 46
17 6 -79
17 7 -11
17 8 30
17 10 3
17 13 -88
17 14 10
17 23 93
17 26 -10
17 27 -47
17 32 -24
17 33 53
17 42 6
17 43 -31
17 49 -75
18 4 47
18 5 -21
18 8 11
18 10 99
18 13 -39
18 22 71
18 24 57
18 41 -99
18 48 76
19 1 100
19 2 20
19 3 12
19 8 -28
19 23 58
19 27 17
19 41 67
19 45 -67
19 47 11
19 48 -6
19 49 40
20 1 29
20 2 -32
20 3 46
20 4 38
20 16 -19
20 17 91
20 18 -24
20 25 -94
20 29 22
20 30 55
20 33 30
20 34 -81
20 42 -66
20 45 -48
21 4 -26
21 6 19
21 8 -39
21 11 64
21 19 25
21 20 52
21 24 -84
21 34 -88
21 35 43
21 41 58
21 43 76
21 45 82
21 47 -3
21 48 -100
22 3 86
22 4 -77
22 5 77
22 8 63
22 9 -33
22 12 67
22 15 -92
22 22 69
22 23 52
22 25 15
22 27 -3
22 29 -37
22 35 84
23 0 85
23 4 77
23 5 -95
23 17 -41
23 23 91
23 30 93
23 33 7
23 35 36
23 37 86
23 38 82
23 42 -87
23 45 84
23 49 79
24 4 -96
24 5 21
24 9 85
24 12 57
24 18 89
24 24 -8
24 32 40
24 35 -60
24 39 3
24 44 88
24 46 95
25 1 96
25 2 86
25 4 -1
25 7 -82
25 11 11
25 23 79
25 26 -21
25 27 19
25 28 7
25 34 74
25 35 -91
25 38 -62
25 42 65
25 45 48
25 46 38
26 2 20
26 3 -76
26 5 -45
26 6 -79
26 13 30
26 18 -22
26 19 70
26 32 -3
26 33 -15
26 39 -55
26 41 52
26 42 -19
26 44 33
26 48 39
27 8 87
27 14 -49
27 18 -83
27 22 60
27 23 33
27 29 49
27 32 27
27 36 37
27 40 59
27 44 -1
27 45 65
28 0 -80
28 3 -66
28 7 -95
28 10 35
28 21 -75
28 22 34
28 23 81
28 25 -21
28 31 15
28 44 8
28 46 75
29 0 -83
29 1 65
29 6 20
29 12 -84
29 13 20
29 17 -82
29 18 5
29 20 -91
29 24 57
29 28 -8
29 30 30
29 36 -58
29 42 83
29 44 70
29 48 7
30 0 -35
30 14 53
30 15 -84
30 30 57
30 31 -50
30 32 -78
30 33 75
30 39 -55
30 45 -46
30 49 36
31 6 -56
31 9 -65
31 20 -8
31 28 20
31 31 -65
31 34 7
31 37 85
32 0 -3
32 2 36
32 6 -90
32 8 81
32 9 -75
32 17 -38
32 21 15
32 26 12
32 33 -13
32 34 -9
32 37 83
32 38 -6
32 39 13
32 42 24
32 43 48
32 46 79
33 1 -98
33 2 -53
33 17 -58
33 28 -95
33 30 -44
33 32 57
33 35 13
33 41 -73
33 43 69
33 45 -86
33 47 -89
34 5 -16
34 6 83
34 12 47
34 14 -67
34 15 -14
34 16 17
34 18 95
34 20 33
34 23 82
34 25 79
34 28 97
34 29 -37
34 37 99
34 40 -24
34 41 -14
34 45 -33
34 48 8
35 3 90
35 6 -14
35 7 -64
35 10 -33
35 20 -65
35 21 -13
35 22 96
35 23 96
35 24 -75
35 26 61
35 27 -42
35 42 -12
35 44 20
36 0 -33
36 6 -99
36 10 98
36 21 66
36 25 -95
36 27 -53
36 31 100
36 33 66
36 34 3
36 36 48
36 37 33
36 38 39
36 44 -77
36 46 -59
36 47 -89
36 48 4
36 49 -26
37 1 48
37 6 -70
37 9 -13
37 12 -64
37 13 8
37 16 8
37 26 -47
37 30 -51
37 33 85
37 38 -60
37 39 37
37 44 54
37 47 -68
37 49 16
38 0 -33
38 2 19
38 3 -83
38 5 -22
38 12 -2
38 19 -99
38 27 72
38 33 -91
38 37 62
38 39 2
38 41 -50
38 46 -11
38 48 -99
39 5 15
39 8 -46
39 9 -94
39 11 88
39 18 72
39 20 11
39 22 -84
39 29 -36
39 34 -18
39 35 40
39 39 -78
39 41 30
39 43 59
40 0 -33
40 1 86
40 5 -35
40 14 63
40 18 -42
40 33 61
40 42 93
40 45 92
40 48 -55
41 0 -34
41 2 78
41 8 44
41 11 77
41 13 -79
41 17 -95
41 27 -91
41 30 54
41 33 -51
41 34 45
41 37 17
41 44 98
41 45 -39
42 2 31
42 5 35
42 9 -59
42 13 54
42 15 -19
42 18 34
42 39 39
43 2 42
43 3 -39
43 14 -94
43 15 100
43 16 -91
43 18 -33
43 23 78
43 27 -90
43 30 64
43 35 -84
43 37 -41
43 38 -91
43 46 10
43 49 -79
44 10 -11
44 24 51
44 26 -73
44 29 -16
44 30 54
44 33 9
44 38 100
44 49 16
45 3 -24
45 10 -79
45 11 -23
45 19 4
45 20 36
45 25 -62
45 28 -80
45 32 -40
45 33 -17
45 38 -84
45 39 66
45 40 -35
45 42 64
45 43 74
45 44 -85
45 45 72
45 47 80
45 48 -15
46 4 -50
46 9 -76
46 10 25
46 12 89
46 20 43
46 22 86
46 26 -23
46 30 -46
46 37 59
46 39 -25
46 41 -22
46 45 -28
46 46 -8
46 47 39
47 2 17
47 3 44
47 5 100
47 7 -41
47 8 -10
47 13 39
47 17 8
47 26 -29
47 27 25
47 32 36
47 33 -33
47 34 -41
47 40 -41
48 1 -89
48 5 4
48 9 -10
48 15 -100
48 20 -33
48 31 -86
48 32 -19
48 33 -51
48 40 -7
49 9 75
49 12 80
49 14 4
49 16 -5
49 19 -29
49 20 -11
49 23 18
49 25 -84
49 39 -59
49 41 -23
49 42 -58
49 48 35