0 4 -51
0 6 -83
0 7 28
0 8 12
0 16 5
0 24 100
0 26 -31
0 27 -78
0 29 30
0 33 -88
0 36 -64
0 37 35
0 39 -14
0 45 -64
1 2 -41
1 6 86
1 8 -26
1 9 -100
1 10 -45
1 13 76
1 14 64
1 17 -65
1 22 82
1 23 67
1 24 75
1 27 -32
1 29 -83
1 31 41
2 1 -63
2 2 68
2 6 22
2 7 43
2 12 100
2 15 -50
2 18 -34
2 22 -9
2 24 35
2 29 -2
2 32 -96
2 33 -3
2 34 -36
2 36 87
2 37 24
2 38 86
2 43 5
2 44 -9
2 46 -85
3 1 -96
3 2 -32
3 16 -87
3 19 -20
3 20 60
3 25 77
3 26 16
3 28 -64
3 29 -20
3 31 -4
3 34 10
3 37 100
3 38 -75
3 45 -27
3 47 -43
4 4 99
4 5 -19
4 7 18
4 8 54
4 11 -38
4 15 -55
4 18 -44
4 19 22
4 20 -10
4 37 66
4 41 -54
4 45 -47
4 46 -38
4 47 -95
4 48 52
5 3 -45
5 5 7
5 6 48
5 8 -31
5 11 43
5 31 93
5 33 48
5 35 -14
5 38 -28
5 40 13
5 41 -27
5 46 -69
6 1 -28
6 2 47
6 3 -88
6 6 95
6 10 -98
6 12 3
6 13 -13
6 14 -59
6 19 7
6 22 -66
6 23 -66
6 25 -66
6 27 55
6 29 61
6 33 3
6 48 -58
7 1 13
7 3 -58
7 4 -37
7 8 -87
7 12 -82
7 16 73
7 17 88
7 22 99
7 23 36
7 26 71
7 29 61
7 31 -58
7 34 60
7 45 27
7 48 92
8 4 -82
8 6 -44
8 11 94
8 13 54
8 19 -84
8 21 63
8 22 -96
8 23 -14
8 24 -20
8 25 -78
8 27 -74
8 28 74
8 29 21
8 30 -81
8 31 25
8 32 55
8 37 88
8 44 -80
8 45 24
8 48 20
9 0 51
9 3 24
9 4 17
9 5 42
9 6 65
9 8 -82
9 15 3
9 16 -33
9 20 70
9 25 -22
9 26 -94
9 41 42
9 46 -81
10 1 -20
10 8 75
10 10 71
10 13 -84
10 15 -78
10 16 58
10 20 -35
10 21 -55
10 22 62
10 23 92
10 24 40
10 29 42
10 30 -77
10 33 93
10 34 47
10 35 -85
10 37 23
10 40 96
10 42 -97
10 46 -91
11 1 -99
11 2 -41
11 5 -94
11 6 -21
11 10 66
11 11 93
11 12 77
11 14 95
11 16 -46
11 17 97
11 18 -83
11 19 80
11 24 -72
11 25 93
11 27 47
11 32 12
11 33 -75
11 38 -87
11 42 46
11 44 -56
11 46 -76
11 47 -18
11 48 -91
11 49 85
12 0 73
12 3 34
12 4 7
12 10 91
12 12 -46
12 13 42
12 17 100
12 18 16
12 21 -4
12 24 40
12 28 -70
12 32 -72
12 40 35
12 43 33
12 44 93
12 46 7
12 47 -22
12 49 -83
13 2 19
13 4 73
13 5 83
13 6 49
13 7 81
13 9 54
13 10 -94
13 12 64
13 14 20
13 15 -14
13 16 42
13 17 -88
13 18 94
13 20 50
13 22 -46
13 23 -57
13 26 32
13 31 -86
13 32 8
13 37 -58
13 38 -80
13 43 53
13 46 -19
13 48 -65
14 0 11
14 1 44
14 9 -88
14 11 23
14 12 8
14 13 -52
14 17 44
14 22 72
14 28 -14
14 29 -80
14 31 88
14 32 -48
14 35 60
14 36 85
14 39 -41
14 43 98
14 45 -3
14 46 70
14 49 -54
15 0 -97
15 4 -69
15 8 -78
15 13 -90
15 15 95
15 19 -16
15 22 -66
15 24 -35
15 29 74
15 32 99
15 41 -96
15 42 2
15 45 3
15 46 -9
15 48 -54
16 1 11
16 2 25
16 3 -37
16 4 -53
16 5 -91
16 8 -9
16 9 -89
16 11 15
16 13 -4
16 16 66
16 17 57
16 19 -44
16 21 -27
16 23 63
16 25 -25
16 29 57
16 33 -16
16 35 -19
16 39 -16
16 40 12
16 41 39
16 42 -12
16 43 -56
16 44 47
17 3 84
17 4 -99
17 12 84
17 13 -98
17 15 85
17 16 -63
17 17 -100
17 18 55
17 24 90
17 25 -77
17 27 100
17 29 -48
17 34 51
17 39 42
17 41 -71
17 42 36
17 49 -66
18 12 -34
18 13 40
18 15 27
18 16 -60
18 18 -87
18 21 56
18 26 56
18 29 -11
18 33 88
18 35 74
18 36 28
18 45 -54
19 1 -15
19 2 68
19 7 -45
19 11 -28
19 14 5
19 22 10
19 26 -49
19 31 -35
19 32 -9
19 39 31
19 40 -42
19 41 -75
19 43 74
19 45 97
19 46 91
19 48 16
19 49 51
20 1 11
20 3 -3
20 5 26
20 10 22
20 11 -24
20 12 52
20 14 63
20 21 3
20 22 59
20 25 -22
20 32 -78
20 41 -48
20 48 20
20 49 -22
21 3 -79
21 4 74
21 5 -99
21 6 23
21 7 17
21 14 33
21 15 -31
21 16 -72
21 18 -41
21 20 -48
21 21 -7
21 22 70
21 24 31
21 25 96
21 26 -3
21 28 -81
21 29 68
21 33 80
21 35 8
21 37 52
21 39 53
22 2 -89
22 7 17
22 8 95
22 9 -89
22 10 -78
22 12 99
22 15 -34
22 18 39
22 20 -84
22 23 -34
22 32 76
22 36 3
22 40 36
23 1 77
23 3 69
23 14 -38
23 15 -9
23 16 66
23 17 31
23 21 -61
23 22 37
23 23 22
23 28 -2
23 29 21
23 34 71
23 35 66
23 37 -13
23 38 -82
23 39 35
23 42 -40
23 44 -32
23 46 63
24 1 -39
24 2 93
24 5 69
24 8 92
24 11 47
24 12 15
24 16 38
24 19 69
24 24 -43
24 29 -92
24 32 -56
24 33 -53
24 34 17
24 36 -100
24 39 -13
24 41 10
24 43 -51
24 44 -37
24 47 -57
25 0 24
25 1 -62
25 4 99
25 5 28
25 17 -55
25 18 -96
25 19 -2
25 20 45
25 21 87
25 23 -65
25 26 -37
25 27 86
25 29 14
25 33 52
25 34 59
25 37 10
25 38 48
25 42 88
25 43 52
25 44 -51
25 45 -35
26 0 -97
26 7 -80
26 8 -25
26 12 -5
26 13 87
26 16 -20
26 19 -46
26 31 -59
26 32 33
26 35 -5
26 37 21
26 38 79
26 42 76
26 44 26
26 46 43
26 47 99
26 49 26
27 1 -36
27 2 52
27 4 -6
27 5 -90
27 8 -67
27 9 54
27 10 33
27 15 -51
27 28 -62
27 32 -60
27 33 -81
27 34 66
27 41 80
27 46 -99
27 47 28
27 48 63
28 4 62
28 5 -22
28 8 57
28 13 -27
28 14 76
28 16 -74
28 22 53
28 31 11
28 35 64
28 40 -21
28 41 68
28 42 18
28 44 99
28 47 -91
29 1 -51
29 2 77
29 3 61
29 7 -81
29 15 -66
29 17 61
29 21 52
29 22 -46
29 28 -76
30 7 77
30 9 -10
30 10 -54
30 13 88
30 16 -83
30 19 -57
30 21 91
30 33 40
30 37 33
30 38 61
30 40 -51
30 47 -90
31 0 95
31 5 48
31 8 -98
31 11 63
31 12 37
31 13 -50
31 14 96
31 15 10
31 20 -38
31 22 -99
31 25 -91
31 26 -39
31 32 95
31 34 82
31 35 62
31 40 -56
31 42 43
31 44 25
31 45 -66
31 48 -11
32 1 58
32 5 62
32 7 81
32 10 -40
32 12 -66
32 14 -13
32 15 77
32 18 -80
32 22 -12
32 23 80
32 24 -29
32 27 -53
32 28 -35
32 30 89
32 35 -55
32 36 -55
32 44 -74
32 45 -53
33 0 13
33 6 -9
33 7 64
33 8 -64
33 11 -100
33 12 14
33 13 93
33 14 -83
33 17 -71
33 20 26
33 21 86
33 23 -39
33 24 -99
33 25 -32
33 29 22
33 31 66
33 32 90
33 33 -9
33 39 -75
33 47 48
33 48 -9
33 49 59
34 1 90
34 8 57
34 11 6
34 13 92
34 18 -91
34 20 -29
34 21 58
34 22 10
34 30 -33
34 33 -33
34 36 -46
34 42 -88
34 46 29
34 49 24
35 2 41
35 3 51
35 4 79
35 5 -16
35 8 -3
35 10 -23
35 11 81
35 13 -49
35 14 32
35 20 -61
35 27 28
35 29 29
35 34 60
35 37 -97
35 47 -68
36 8 64
36 11 73
36 19 14
36 20 -69
36 25 -86
36 28 -25
36 35 -20
36 37 -17
36 39 -7
36 40 79
36 45 38
37 1 9
37 2 68
37 3 14
37 8 -11
37 16 -90
37 19 3
37 21 -22
37 23 23
37 24 76
37 27 -35
37 35 43
37 40 7
37 44 68
37 47 2
37 48 61
38 5 48
38 11 -6
38 12 -27
38 13 42
38 14 44
38 17 49
38 20 36
38 29 30
38 31 62
38 35 -58
38 37 -78
38 43 72
38 44 -98
38 46 96
39 3 -97
39 4 -9
39 10 64
39 12 -39
39 13 20
39 21 96
39 24 14
39 32 27
39 35 79
39 39 -4
39 43 -89
39 44 1
39 45 -23
39 46 -59
39 49 30
40 0 -16
40 2 -61
40 5 68
40 10 -5
40 11 -42
40 14 34
40 19 87
40 20 35
40 22 8
40 26 -91
40 30 14
40 35 10
40 40 -77
40 44 11
40 46 -45
40 49 -59
41 4 -55
41 7 50
41 11 -56
41 13 -11
41 14 -5
41 17 -75
41 23 -93
41 25 -23
41 29 18
41 30 -95
41 32 86
41 33 -1
41 35 18
41 41 -3
41 43 94
41 46 -78
41 47 6
41 48 48
42 3 27
42 5 -52
42 7 -55
42 12 96
42 14 -44
42 15 -82
42 17 54
42 18 57
42 19 -12
42 20 -29
42 24 45
42 27 74
42 29 18
42 30 76
42 33 85
42 35 94
42 48 43
43 0 26
43 3 -22
43 5 94
43 6 -69
43 11 20
43 17 -64
43 19 -9
43 21 -93
43 22 94
43 23 -88
43 25 -89
43 26 10
43 29 58
43 32 -91
43 35 19
43 39 84
43 44 24
43 47 1
43 48 62
44 0 78
44 3 22
44 13 52
44 15 76
44 16 -76
44 21 -43
44 22 76
44 25 -32
44 26 -92
44 28 -96
44 34 -68
44 35 -61
44 43 43
44 45 51
45 13 76
45 14 -83
45 18 47
45 19 -82
45 24 -85
45 28 18
45 30 29
45 32 -81
45 34 64
45 37 -80
45 38 63
45 41 53
45 47 -26
46 3 94
46 4 1
46 7 23
46 8 -22
46 11 -11
46 15 82
46 30 -33
46 33 -69
46 34 49
46 36 -84
46 38 -24
46 41 -67
46 46 83
46 48 89
46 49 91
47 0 -86
47 1 100
47 7 -86
47 8 -99
47 10 -94
47 13 59
47 22 42
47 26 9
47 27 75
47 33 4
47 36 67
47 42 -18
47 43 71
47 46 77
48 1 75
48 3 -44
48 6 -67
48 12 -70
48 14 -4
48 16 -63
48 18 49
48 21 74
48 26 24
48 28 83
48 35 -57
48 37 37
48 39 23
48 40 6
48 44 -70
48 46 -72
48 47 -82
48 48 74
49 1 -97
49 8 -3
49 10 -93
49 13 4
49 17 35
49 19 -64
49 20 -44
49 21 -10
49 24 -79
49 26 -4
49 27 61
49 28 46
49 30 54
49 31 -56
49 33 11
49 36 35
49 39 70
49 42 33
49 44 -26