0 1 22
0 3 96
0 4 23
0 5 -23
0 6 -93
0 7 -33
0 8 -49
0 9 94
1 1 -65
1 3 21
1 4 -13
1 5 96
1 7 -2
1 8 95
1 9 -41
2 0 83
2 1 85
2 2 -15
2 3 65
2 4 -87
2 7 -7
2 8 -80
2 9 -9
3 0 -98
3 1 -94
3 3 97
3 4 25
3 6 -53
3 8 -83
3 9 -94
4 0 65
4 1 52
4 2 -3
4 3 -2
4 4 -58
4 5 8
4 7 52
4 8 -8
4 9 24
5 0 56
5 1 70
5 2 81
5 3 -31
5 4 86
5 5 40
5 7 48
5 8 81
5 9 90
6 0 -46
6 1 39
6 2 96
6 3 1
6 4 -88
6 5 -52
6 6 53
6 7 -18
7 0 71
7 1 53
7 2 93
7 3 37
7 4 -5
7 5 10
7 6 67
7 7 52
7 8 -31
7 9 -34
8 1 29
8 2 -12
8 3 -76
8 4 100
8 5 15
8 7 9
8 9 -66
9 1 72
9 2 -43
9 3 11
9 4 -14
9 5 94
9 7 21
9 8 29