0 1 -74
0 2 -22
0 4 -8
0 5 10
0 8 -41
0 10 72
0 16 12
0 17 36
0 18 39
0 20 7
0 21 -38
0 26 -89
0 27 -58
0 28 -32
0 29 -73
0 32 61
0 33 59
0 35 -73
0 37 -22
0 38 1
0 39 28
0 43 25
0 44 -9
0 46 14
0 48 -66
1 0 -28
1 1 -10
1 3 23
1 5 -5
1 7 -86
1 8 58
1 9 -74
1 13 -91
1 14 38
1 15 43
1 16 -58
1 18 -82
1 19 73
1 20 -61
1 21 77
1 22 64
1 23 13
1 24 64
1 25 -19
1 26 7
1 27 -8
1 29 -93
1 30 -35
1 31 24
1 32 86
1 33 -83
1 34 -72
1 37 -28
1 39 75
1 40 42
1 46 13
1 48 -93
2 0 -83
2 2 -74
2 4 -84
2 5 49
2 7 51
2 9 -29
2 10 62
2 13 81
2 15 46
2 16 -19
2 17 57
2 21 -43
2 22 3
2 23 -48
2 24 -95
2 25 91
2 26 -20
2 27 20
2 29 87
2 30 -89
2 31 67
2 35 -93
2 37 61
2 38 -36
2 40 50
2 43 -49
2 45 14
2 49 56
3 0 -63
3 3 -93
3 7 57
3 9 62
3 10 14
3 11 -27
3 13 -21
3 14 7
3 15 62
3 16 -66
3 17 94
3 19 -7
3 23 -28
3 24 79
3 25 52
3 26 61
3 27 -63
3 29 -92
3 30 -56
3 31 -18
3 32 -85
3 33 -67
3 34 -97
3 38 73
3 41 23
3 42 -44
3 43 47
3 45 -49
3 48 -29
4 2 -39
4 3 -22
4 5 -6
4 6 -89
4 8 40
4 9 -93
4 14 77
4 16 4
4 18 61
4 19 15
4 20 -27
4 21 43
4 23 67
4 24 11
4 25 16
4 26 71
4 28 -2
4 29 -62
4 31 45
4 32 99
4 34 76
4 37 14
4 38 -33
4 39 60
4 40 -75
4 41 -69
4 43 13
4 44 -49
4 45 89
4 48 29
5 1 19
5 2 -14
5 3 85
5 5 -29
5 6 64
5 7 -22
5 9 19
5 10 69
5 12 98
5 13 -96
5 14 80
5 17 -28
5 18 16
5 20 29
5 22 57
5 23 10
5 27 73
5 28 11
5 30 -45
5 36 63
5 37 -86
5 38 40
5 39 52
5 40 -10
5 41 -63
5 42 -68
5 43 88
5 44 22
5 47 46
5 48 18
6 0 60
6 1 -76
6 2 -26
6 9 -47
6 10 40
6 11 -50
6 12 17
6 16 28
6 17 -62
6 19 50
6 20 73
6 21 2
6 22 -87
6 25 -30
6 26 -68
6 28 48
6 29 80
6 31 -48
6 32 -57
6 35 -35
6 37 -35
6 38 10
6 39 94
6 40 74
6 41 -19
6 42 -57
6 43 -25
6 44 48
6 45 84
6 47 -8
6 49 23
7 0 94
7 2 -81
7 3 -58
7 4 -82
7 5 -73
7 6 94
7 8 100
7 9 -74
7 10 -15
7 12 30
7 13 -56
7 15 57
7 17 -66
7 18 -57
7 20 32
7 21 -21
7 27 81
7 28 -80
7 29 -1
7 32 -82
7 35 70
7 37 -96
7 38 -52
7 40 37
7 41 -94
7 42 4
7 44 -88
7 45 -32
7 47 -12
7 49 32
8 0 48
8 1 -15
8 2 13
8 3 -88
8 4 -83
8 6 90
8 7 -40
8 8 13
8 10 88
8 11 -76
8 12 -55
8 14 -37
8 15 37
8 16 3
8 17 -60
8 18 -89
8 22 -47
8 23 50
8 24 -3
8 25 37
8 28 81
8 29 -82
8 33 46
8 34 89
8 36 -52
8 39 -4
8 40 57
8 42 68
8 43 -44
8 44 -99
8 48 -69
9 0 79
9 1 -46
9 3 -96
9 5 -78
9 6 25
9 7 -96
9 9 -83
9 10 39
9 12 70
9 13 -5
9 15 32
9 19 88
9 22 22
9 23 -4
9 24 5
9 26 -66
9 27 23
9 28 -61
9 31 -39
9 32 -41
9 34 16
9 36 7
9 37 51
9 38 6
9 40 -41
9 41 15
9 42 63
9 43 -10
9 44 -58
9 45 15
9 46 38
9 47 62
9 48 -96
9 49 68
10 0 -47
10 4 -54
10 5 39
10 7 67
10 8 -12
10 11 1
10 12 9
10 14 -30
10 16 25
10 17 44
10 19 -83
10 22 -64
10 23 62
10 24 19
10 25 -93
10 26 8
10 29 96
10 32 54
10 34 -31
10 35 -33
10 36 48
10 37 -10
10 39 54
10 40 -12
10 41 9
10 42 78
10 43 1
10 46 -15
10 48 68
10 49 -28
11 0 63
11 1 85
11 3 -12
11 4 -39
11 5 100
11 6 31
11 9 -14
11 10 99
11 11 -18
11 12 42
11 14 -7
11 15 12
11 17 -51
11 20 88
11 21 50
11 23 96
11 27 96
11 29 100
11 31 -55
11 32 21
11 34 -15
11 35 22
11 39 20
11 40 50
11 41 -83
11 42 92
11 43 71
11 44 30
11 45 -41
11 46 22
11 47 -13
11 49 14
12 0 -99
12 1 -58
12 2 -17
12 3 22
12 5 -28
12 6 1
12 8 8
12 9 -86
12 10 -11
12 11 67
12 12 74
12 13 -60
12 14 -68
12 15 18
12 17 42
12 18 17
12 22 -52
12 23 65
12 24 71
12 26 34
12 28 -35
12 31 54
12 33 -79
12 34 86
12 38 -20
12 39 -26
12 40 67
12 41 99
12 42 -96
12 45 68
12 48 -82
12 49 -2
13 0 -22
13 2 95
13 3 33
13 4 -14
13 6 41
13 7 77
13 8 -57
13 9 5
13 10 -29
13 11 66
13 12 89
13 14 40
13 17 -53
13 18 -53
13 23 15
13 26 -100
13 27 72
13 29 77
13 30 87
13 32 -22
13 36 -56
13 38 -47
13 39 50
13 40 46
13 44 -46
13 46 42
13 49 67
14 1 -19
14 3 -97
14 4 -46
14 5 3
14 6 52
14 7 -20
14 12 77
14 13 67
14 16 56
14 17 -68
14 18 -9
14 21 67
14 24 3
14 25 -85
14 26 -30
14 29 46
14 30 47
14 31 -4
14 32 -91
14 33 18
14 35 51
14 37 -58
14 38 -16
14 39 26
14 41 -73
14 42 -53
14 44 91
14 45 -62
14 46 61
14 47 -73
14 48 -33
15 1 -20
15 2 -94
15 3 -79
15 4 32
15 7 -3
15 8 -95
15 9 -41
15 10 22
15 13 12
15 15 81
15 16 -32
15 17 -11
15 18 -85
15 20 72
15 21 -49
15 22 1
15 23 65
15 26 40
15 27 46
15 28 -23
15 29 -7
15 30 69
15 34 13
15 38 -81
15 39 -14
15 42 -3
15 43 18
15 44 48
15 48 54
16 1 -87
16 3 -27
16 4 35
16 6 92
16 7 -56
16 8 66
16 9 32
16 10 10
16 12 -57
16 16 -62
16 17 45
16 18 -21
16 19 -21
16 20 -53
16 23 -97
16 24 85
16 25 65
16 26 -32
16 30 -93
16 31 -58
16 33 -40
16 38 -64
16 39 18
16 40 17
16 42 83
16 44 -87
16 45 86
16 46 65
16 48 21
17 3 -49
17 4 79
17 7 -81
17 8 37
17 9 37
17 11 23
17 12 28
17 13 10
17 16 70
17 19 17
17 20 41
17 21 -16
17 22 -3
17 23 93
17 24 -81
17 25 47
17 29 -2
17 32 70
17 33 62
17 36 -100
17 37 67
17 38 -79
17 40 36
17 41 59
17 42 42
17 45 -49
17 49 53
18 1 -92
18 2 60
18 3 26
18 4 -82
18 5 -69
18 7 -1
18 8 84
18 9 -66
18 10 40
18 11 -49
18 12 -40
18 13 -70
18 14 22
18 16 -91
18 17 -36
18 21 -42
18 24 -80
18 25 66
18 28 100
18 31 -82
18 35 25
18 36 78
18 37 37
18 39 74
18 40 20
18 41 -14
18 42 -29
18 47 -53
18 49 45
19 0 -97
19 1 84
19 2 -12
19 3 -2
19 7 -5
19 8 -80
19 9 -59
19 10 90
19 11 -34
19 12 18
19 13 -75
19 15 95
19 16 -92
19 17 -99
19 19 4
19 20 -38
19 23 86
19 24 3
19 25 8
19 26 -26
19 27 69
19 28 83
19 29 -62
19 30 15
19 31 -86
19 32 27
19 38 47
19 40 93
19 44 83
19 46 -75
19 47 -66
20 0 33
20 2 -12
20 4 -56
20 5 -76
20 6 -80
20 8 -77
20 9 -31
20 11 74
20 12 74
20 13 74
20 16 74
20 17 74
20 19 23
20 23 -34
20 25 61
20 26 -97
20 27 -53
20 28 -42
20 29 95
20 31 -36
20 33 -42
20 34 -99
20 38 19
20 40 -67
20 41 78
20 42 26
20 44 25
20 46 -4
20 48 -62
20 49 -40
21 1 99
21 3 23
21 4 65
21 5 -9
21 12 35
21 16 13
21 17 -75
21 19 58
21 20 83
21 21 -25
21 23 -84
21 26 74
21 28 31
21 30 -76
21 34 55
21 36 -33
21 39 77
21 42 -99
21 43 74
21 44 -77
21 45 93
21 46 32
22 0 75
22 1 54
22 2 -90
22 3 23
22 5 -50
22 6 -16
22 12 -52
22 15 65
22 19 64
22 20 48
22 21 -3
22 23 73
22 27 32
22 28 37
22 30 5
22 31 -82
22 33 49
22 36 97
22 38 -20
22 39 56
22 43 -66
22 44 -80
22 45 9
22 46 -98
22 48 36
22 49 -63
23 1 31
23 4 96
23 5 -31
23 6 1
23 8 3
23 9 -12
23 11 -11
23 12 2
23 13 83
23 14 -7
23 15 -92
23 16 -91
23 17 -63
23 18 86
23 20 -93
23 21 100
23 22 -28
23 23 94
23 25 -30
23 26 33
23 28 -56
23 29 -36
23 30 -70
23 31 81
23 32 -70
23 33 -22
23 34 97
23 35 -12
23 36 -45
23 39 80
23 41 -98
23 42 -39
23 43 -30
23 44 55
23 45 -93
23 46 -71
23 49 89
24 0 -77
24 2 84
24 4 -65
24 5 -91
24 8 -40
24 9 98
24 11 -1
24 12 -97
24 15 -20
24 16 45
24 17 49
24 18 -16
24 20 -23
24 21 -29
24 22 94
24 23 -66
24 24 27
24 25 57
24 27 21
24 29 -68
24 30 62
24 33 22
24 34 61
24 35 -62
24 36 13
24 37 -100
24 38 -70
24 39 -48
24 42 -29
24 43 85
24 45 -59
24 46 14
25 1 -84
25 2 64
25 3 34
25 4 -60
25 7 -54
25 8 59
25 9 71
25 13 2
25 14 94
25 15 -90
25 17 26
25 18 -21
25 22 -18
25 23 -80
25 24 80
25 27 -58
25 30 -67
25 31 20
25 32 -82
25 33 -49
25 36 -21
25 37 -5
25 38 -73
25 39 -2
25 41 2
25 42 62
25 43 -77
25 44 -21
25 45 -49
25 46 -52
25 47 -64
25 48 -88
25 49 -70
26 0 -89
26 1 60
26 2 -74
26 3 97
26 4 43
26 6 78
26 8 -88
26 10 -18
26 13 -84
26 17 -52
26 19 -23
26 20 63
26 21 57
26 22 55
26 23 20
26 27 -23
26 28 -81
26 29 21
26 30 -83
26 31 -26
26 35 -81
26 36 39
26 38 70
26 39 95
26 40 25
26 41 85
26 43 -26
26 44 71
26 48 -15
27 0 62
27 2 -63
27 5 -12
27 6 -69
27 9 -16
27 10 97
27 12 9
27 13 -85
27 15 -37
27 16 -3
27 18 -63
27 19 -18
27 23 -83
27 24 44
27 25 55
27 26 -95
27 28 84
27 32 100
27 33 -2
27 35 -50
27 36 82
27 39 -14
27 40 93
27 42 -17
27 43 45
27 44 -36
27 49 -41
28 0 81
28 1 -100
28 2 -37
28 3 -89
28 4 39
28 5 99
28 6 80
28 7 -96
28 9 90
28 10 -52
28 11 -54
28 14 59
28 15 2
28 16 15
28 17 -92
28 19 2
28 21 26
28 22 60
28 23 -81
28 27 77
28 28 54
28 30 -42
28 31 -50
28 33 -75
28 35 -46
28 36 -25
28 37 -25
28 39 -77
28 41 -99
28 42 59
28 43 -79
28 44 -58
28 45 53
28 48 49
29 0 68
29 1 9
29 2 8
29 4 -72
29 6 85
29 7 -79
29 8 -57
29 10 10
29 12 -84
29 14 46
29 17 74
29 18 19
29 19 -25
29 20 84
29 21 44
29 24 52
29 25 -57
29 27 -95
29 28 97
29 31 -93
29 33 32
29 34 -10
29 35 -39
29 36 17
29 37 -75
29 38 -75
29 41 -35
29 43 49
29 44 65
29 45 -5
29 46 16
29 49 -34
30 0 62
30 1 -30
30 2 13
30 3 21
30 7 -100
30 8 -83
30 9 88
30 10 60
30 11 4
30 12 14
30 14 34
30 15 50
30 16 -11
30 17 74
30 18 -91
30 19 60
30 20 -86
30 21 -38
30 23 83
30 25 62
30 26 -28
30 28 -79
30 30 72
30 31 20
30 32 41
30 33 -50
30 34 -81
30 35 83
30 36 -94
30 39 -69
30 42 -82
30 44 -14
30 45 90
30 47 67
30 48 45
31 0 -59
31 1 22
31 5 -49
31 10 33
31 11 -69
31 12 -81
31 13 59
31 14 36
31 15 73
31 16 -89
31 17 52
31 18 -61
31 20 -62
31 21 -48
31 22 30
31 23 -57
31 24 72
31 26 24
31 27 -14
31 31 53
31 34 57
31 35 14
31 39 -63
31 40 -14
31 42 -64
31 44 -37
31 46 56
31 47 -23
31 49 -57
32 3 -26
32 4 -71
32 5 -68
32 6 -97
32 8 84
32 9 31
32 11 3
32 15 99
32 22 -2
32 25 -88
32 26 6
32 27 53
32 28 -27
32 29 -59
32 30 -65
32 34 50
32 35 74
32 36 81
32 38 -72
32 40 -73
32 41 -5
32 44 -12
32 48 24
32 49 -36
33 0 58
33 1 -33
33 3 -60
33 4 -96
33 5 65
33 6 -24
33 8 -13
33 9 66
33 11 -1
33 13 -21
33 17 52
33 18 86
33 19 -38
33 22 51
33 24 91
33 27 73
33 28 94
33 32 -89
33 33 -57
33 34 -47
33 39 -11
33 40 46
33 42 -90
33 44 -84
33 45 71
33 47 3
33 48 -19
33 49 -7
34 0 -48
34 1 47
34 3 24
34 4 75
34 5 -77
34 7 51
34 8 -58
34 10 -40
34 11 34
34 12 16
34 13 -95
34 14 -93
34 15 57
34 16 -77
34 18 19
34 21 91
34 22 70
34 23 62
34 24 38
34 25 -53
34 26 -25
34 28 2
34 30 -3
34 33 44
34 35 66
34 37 -50
34 39 53
34 40 -88
34 41 68
34 42 -83
34 46 43
34 48 -23
34 49 -85
35 0 -1
35 1 82
35 2 45
35 3 12
35 7 2
35 8 38
35 10 -48
35 14 -89
35 18 -8
35 21 -62
35 23 98
35 27 58
35 30 -1
35 31 21
35 32 -6
35 34 79
35 35 26
35 36 52
35 38 44
35 41 -77
35 42 -56
35 43 -72
35 44 -53
35 45 34
35 46 31
35 47 -95
35 48 85
36 0 37
36 3 -11
36 4 -37
36 6 73
36 7 99
36 8 -77
36 9 -85
36 10 -40
36 11 16
36 12 72
36 13 9
36 14 50
36 16 -7
36 17 95
36 18 78
36 19 21
36 23 35
36 26 -11
36 27 74
36 28 -7
36 30 -16
36 31 71
36 32 -45
36 33 -3
36 35 -26
36 36 -57
36 37 88
36 39 -11
36 42 -38
36 44 -80
36 45 21
36 47 -30
36 49 -2
37 1 43
37 3 -54
37 6 58
37 7 85
37 8 42
37 10 -96
37 12 51
37 14 34
37 17 90
37 19 47
37 20 -94
37 21 21
37 22 39
37 23 4
37 25 -19
37 27 -36
37 28 -79
37 31 -66
37 35 85
37 36 28
37 37 88
37 42 15
37 43 21
37 47 23
38 1 -93
38 3 -54
38 7 97
38 8 21
38 10 -38
38 13 41
38 14 -21
38 15 -79
38 16 -33
38 18 95
38 19 51
38 21 -42
38 22 -44
38 23 -90
38 24 19
38 25 -53
38 28 -55
38 29 46
38 31 36
38 33 76
38 34 15
38 36 -87
38 37 -46
38 38 84
38 40 12
38 44 67
38 45 -86
38 46 -28
39 0 -52
39 2 38
39 3 40
39 8 -4
39 13 59
39 14 -29
39 15 -81
39 16 -54
39 19 -88
39 20 -77
39 21 -41
39 22 -33
39 23 29
39 25 -20
39 26 47
39 27 -83
39 29 16
39 32 -4
39 34 77
39 36 -73
39 39 -87
39 42 -13
39 43 -99
39 44 -8
39 45 61
39 46 -46
39 48 92
39 49 -44
40 0 -45
40 1 -28
40 2 61
40 4 -36
40 6 5
40 9 -22
40 11 -77
40 13 -88
40 15 -94
40 17 27
40 20 93
40 21 -17
40 22 87
40 23 25
40 27 -22
40 28 75
40 30 -61
40 31 -95
40 33 95
40 36 51
40 37 89
40 38 -53
40 39 4
40 42 71
40 44 96
40 46 -89
40 48 -90
40 49 45
41 1 23
41 4 62
41 5 100
41 6 98
41 7 -41
41 8 -78
41 10 36
41 13 -72
41 14 -28
41 16 -32
41 17 -86
41 18 2
41 21 -81
41 22 68
41 23 -2
41 24 3
41 26 -44
41 27 -24
41 28 100
41 29 96
41 36 -86
41 39 79
41 40 -70
41 42 96
41 43 -20
41 45 -18
41 46 -25
41 47 76
41 48 77
42 2 -33
42 3 2
42 4 88
42 6 -23
42 8 -55
42 9 91
42 10 35
42 11 -18
42 12 40
42 13 36
42 14 -84
42 17 11
42 18 66
42 19 -23
42 23 5
42 25 63
42 26 59
42 29 -29
42 35 -92
42 36 -77
42 37 76
42 38 -89
42 39 32
42 42 -25
42 43 54
42 44 34
42 46 11
42 48 -45
43 0 -39
43 1 -19
43 3 -90
43 4 -44
43 5 -49
43 7 -20
43 8 -38
43 10 91
43 12 52
43 13 69
43 14 56
43 15 52
43 16 67
43 19 75
43 20 -65
43 21 -64
43 22 98
43 23 68
43 24 -68
43 26 27
43 27 -73
43 30 5
43 31 94
43 32 -44
43 34 18
43 36 -38
43 39 -49
43 41 84
43 42 -73
43 44 -80
43 45 41
43 46 -71
43 47 17
43 49 -38
44 3 25
44 7 24
44 8 65
44 9 21
44 11 -85
44 12 -3
44 13 98
44 14 86
44 21 -21
44 22 -78
44 26 14
44 28 -19
44 30 -4
44 31 -54
44 33 -79
44 36 19
44 37 24
44 38 -1
44 40 59
44 41 -34
44 42 95
44 44 83
44 45 -59
44 46 -81
44 47 -18
44 48 82
44 49 -76
45 0 -66
45 2 -69
45 3 31
45 4 10
45 5 -76
45 6 91
45 7 -67
45 8 -28
45 9 32
45 10 62
45 12 57
45 14 -85
45 16 88
45 18 -57
45 21 -69
45 22 33
45 24 -69
45 25 -83
45 28 54
45 29 46
45 30 49
45 33 3
45 34 86
45 38 30
45 39 46
45 40 -51
45 42 -38
45 44 -39
45 45 -80
45 46 2
45 47 -99
46 0 5
46 1 93
46 3 72
46 4 19
46 6 75
46 7 -8
46 8 -72
46 9 -83
46 10 78
46 11 72
46 12 -73
46 13 49
46 15 -25
46 16 -9
46 19 -12
46 21 2
46 22 -61
46 23 79
46 25 -87
46 26 -28
46 29 -4
46 34 50
46 36 7
46 37 -18
46 38 18
46 40 7
46 41 -60
46 43 34
46 46 84
46 48 -96
46 49 55
47 0 100
47 3 -45
47 6 -44
47 7 17
47 8 44
47 11 85
47 14 -9
47 15 1
47 16 26
47 17 68
47 18 -10
47 19 98
47 20 -23
47 21 80
47 22 -33
47 24 -30
47 26 -42
47 27 18
47 28 58
47 29 -87
47 30 -48
47 31 -70
47 33 25
47 35 24
47 38 -22
47 42 59
47 43 92
47 45 49
47 46 -22
48 2 51
48 4 43
48 6 -46
48 7 84
48 10 -14
48 13 12
48 15 -85
48 17 -41
48 19 32
48 20 23
48 21 40
48 22 -81
48 25 -8
48 26 -88
48 29 80
48 33 -49
48 35 43
48 36 85
48 37 88
48 39 -99
48 40 -43
48 42 -81
48 43 50
48 48 52
48 49 29
49 0 -3
49 2 -3
49 8 12
49 9 -40
49 10 92
49 14 -10
49 15 -80
49 16 72
49 17 75
49 19 -50
49 22 4
49 27 -20
49 29 21
49 30 29
49 33 -28
49 35 35
49 38 9
49 39 90
49 40 9
49 41 -46
49 42 88
49 45 -13
49 46 -48
49 47 -24
49 48 53