0 0 -39
0 1 -21
0 2 85
0 3 8
0 5 -88
0 11 80
0 12 30
0 16 -3
0 20 -86
0 21 24
0 22 -52
0 24 -67
0 25 32
0 26 -11
0 29 40
0 39 -81
0 41 -24
0 47 46
0 48 96
0 54 -32
0 57 -36
0 58 12
0 60 -51
0 62 47
0 68 -98
0 74 89
0 77 -73
0 79 33
0 80 37
0 81 48
0 87 42
0 93 48
0 98 53
0 99 16
0 100 74
0 102 -33
0 105 56
0 107 -3
0 110 -98
0 117 60
0 120 91
0 123 33
0 125 68
0 129 34
0 130 76
0 141 46
0 142 91
0 143 -55
0 149 -91
1 0 48
1 1 63
1 6 83
1 7 26
1 8 -43
1 9 3
1 10 -46
1 11 29
1 15 89
1 18 53
1 19 81
1 21 24
1 23 -94
1 26 -87
1 30 100
1 33 48
1 34 -65
1 35 -9
1 36 -75
1 37 -41
1 40 60
1 44 89
1 45 -70
1 46 -42
1 47 -67
1 49 87
1 51 -60
1 53 -85
1 54 70
1 55 -94
1 56 67
1 57 -54
1 58 -1
1 59 -1
1 60 50
1 62 -56
1 63 58
1 68 21
1 69 74
1 74 -91
1 79 74
1 80 4
1 81 85
1 86 75
1 90 45
1 97 66
1 98 -45
1 101 -64
1 103 -4
1 108 -88
1 110 -89
1 114 -15
1 115 57
1 119 54
1 120 61
1 121 92
1 123 -23
1 127 -21
1 129 10
1 131 -85
1 132 85
1 133 -69
1 136 1
1 137 11
1 139 -22
1 141 37
1 145 25
1 146 15
1 148 -60
2 1 -21
2 6 -88
2 8 -70
2 11 -38
2 16 24
2 17 49
2 19 30
2 20 -60
2 21 -76
2 25 -19
2 28 -50
2 30 -96
2 34 50
2 35 -99
2 36 -51
2 37 -69
2 38 -56
2 44 17
2 45 -4
2 46 70
2 51 -31
2 52 82
2 53 -73
2 54 -65
2 55 42
2 56 -53
2 57 -47
2 61 -37
2 64 -13
2 65 -23
2 66 90
2 69 -34
2 84 83
2 86 37
2 90 88
2 92 -54
2 96 -10
2 97 36
2 103 43
2 105 10
2 107 -97
2 108 27
2 110 -91
2 114 36
2 118 -3
2 119 -30
2 120 -99
2 121 -74
2 125 47
2 128 34
2 130 -34
2 131 56
2 133 78
2 135 16
2 136 -32
2 141 -67
2 142 72
2 143 73
2 144 -37
2 148 4
3 0 -56
3 4 -41
3 5 50
3 8 -52
3 9 26
3 12 51
3 13 85
3 14 28
3 18 100
3 19 -54
3 22 61
3 23 -93
3 26 -66
3 28 -52
3 30 29
3 31 40
3 38 90
3 45 -21
3 49 64
3 52 18
3 57 41
3 61 -33
3 62 72
3 63 -92
3 65 -85
3 68 -13
3 72 8
3 73 30
3 74 -20
3 75 -71
3 76 -75
3 85 7
3 86 -80
3 87 -51
3 89 -86
3 91 -78
3 92 41
3 93 45
3 94 -25
3 95 90
3 99 -40
3 103 14
3 104 -39
3 105 22
3 107 78
3 109 79
3 110 -52
3 111 19
3 115 6
3 116 -100
3 117 -17
3 118 95
3 121 -98
3 123 -24
3 124 -63
3 125 23
3 127 -62
3 128 -50
3 129 -18
3 130 -94
3 131 -39
3 136 36
3 138 -46
3 141 -98
3 143 -91
3 148 14
4 3 -7
4 10 2
4 13 10
4 15 -93
4 16 34
4 17 -20
4 18 86
4 20 -75
4 23 -75
4 26 -39
4 27 48
4 31 -39
4 36 -56
4 39 -59
4 40 59
4 41 86
4 42 -77
4 45 86
4 46 73
4 48 34
4 49 16
4 50 -40
4 53 71
4 54 14
4 55 -85
4 57 -80
4 62 -91
4 63 -74
4 64 97
4 65 67
4 69 47
4 74 -86
4 79 52
4 83 -93
4 85 76
4 86 -59
4 88 -22
4 89 36
4 90 5
4 93 73
4 97 79
4 98 -74
4 104 -66
4 106 -30
4 109 31
4 114 78
4 118 -30
4 120 -81
4 121 -10
4 122 22
4 126 43
4 127 33
4 131 -6
4 135 -10
4 137 33
4 140 -68
4 141 27
4 142 36
4 146 10
4 147 -11
5 2 -75
5 5 39
5 8 -19
5 15 -56
5 16 7
5 18 85
5 21 99
5 22 -23
5 25 81
5 26 -66
5 29 -12
5 30 68
5 31 79
5 33 -85
5 36 -61
5 39 -10
5 46 -23
5 50 -42
5 51 39
5 54 100
5 62 -39
5 70 48
5 71 92
5 72 14
5 77 49
5 82 -70
5 85 -64
5 87 -37
5 88 -27
5 89 58
5 90 30
5 95 4
5 98 -73
5 100 48
5 106 89
5 107 16
5 113 -51
5 114 -40
5 116 -14
5 129 82
5 135 81
5 138 -29
5 147 -24
5 148 15
6 1 69
6 4 14
6 8 39
6 13 -85
6 20 -100
6 22 81
6 23 -49
6 25 -88
6 26 24
6 27 87
6 34 41
6 36 -32
6 38 -60
6 40 29
6 45 20
6 49 75
6 50 -96
6 51 2
6 52 -93
6 60 65
6 62 41
6 63 -84
6 65 -65
6 66 -69
6 68 6
6 70 -31
6 71 59
6 72 -84
6 73 -62
6 75 -74
6 76 28
6 77 85
6 82 64
6 84 -91
6 86 -3
6 92 -12
6 94 -56
6 95 -16
6 96 -44
6 98 20
6 103 90
6 105 8
6 107 -51
6 111 64
6 112 -67
6 113 -41
6 115 88
6 116 20
6 122 74
6 124 -91
6 129 -14
6 130 -74
6 135 -25
6 136 68
6 137 -49
6 138 -35
6 143 -73
7 0 2
7 1 -61
7 2 35
7 5 27
7 7 -7
7 20 2
7 21 -7
7 22 58
7 23 66
7 26 -20
7 31 -70
7 34 -57
7 35 -48
7 38 44
7 39 6
7 40 -50
7 41 63
7 43 -22
7 50 -18
7 52 -21
7 55 39
7 69 -16
7 71 -15
7 72 -20
7 73 -42
7 74 49
7 76 -67
7 78 44
7 79 94
7 83 13
7 84 -87
7 85 11
7 87 -43
7 92 65
7 94 50
7 98 36
7 100 -46
7 103 70
7 105 -25
7 109 65
7 112 -64
7 113 62
7 114 14
7 117 -40
7 119 -38
7 120 43
7 123 -93
7 125 -69
7 129 -51
7 134 -55
7 139 48
7 140 -67
7 148 -31
7 149 92
8 1 47
8 2 -24
8 3 86
8 4 -17
8 5 49
8 11 36
8 16 23
8 17 32
8 22 87
8 26 -81
8 29 -96
8 30 -85
8 31 -54
8 36 1
8 37 -78
8 39 -31
8 42 80
8 45 79
8 47 -46
8 49 -36
8 51 74
8 57 5
8 58 23
8 62 58
8 63 74
8 66 -81
8 67 60
8 68 -15
8 78 -48
8 81 -51
8 84 85
8 85 -64
8 88 -93
8 91 -26
8 93 62
8 97 -38
8 98 97
8 100 84
8 102 82
8 104 59
8 108 35
8 110 -33
8 115 -97
8 125 -48
8 129 91
8 130 84
8 131 -48
8 132 -18
8 133 56
8 135 -73
8 136 91
8 138 -85
8 139 9
8 145 81
8 146 2
9 0 81
9 6 22
9 7 32
9 9 52
9 10 85
9 11 80
9 13 -6
9 16 62
9 18 -26
9 22 -75
9 25 -18
9 28 35
9 30 -100
9 36 52
9 38 8
9 40 -60
9 42 -31
9 43 26
9 47 84
9 48 -5
9 49 66
9 50 -77
9 52 -15
9 53 -57
9 55 -11
9 68 23
9 74 -1
9 75 -87
9 76 -56
9 78 -89
9 80 -17
9 81 88
9 85 95
9 88 70
9 91 85
9 92 -53
9 98 -36
9 99 19
9 100 -12
9 103 37
9 104 -53
9 105 -55
9 106 -69
9 111 -75
9 114 56
9 116 -98
9 123 -36
9 124 -47
9 128 88
9 132 60
9 134 -94
9 136 23
9 139 48
9 146 32
10 0 30
10 1 -78
10 6 -82
10 8 -21
10 11 31
10 13 47
10 16 44
10 22 83
10 23 -41
10 26 -99
10 29 35
10 31 94
10 33 -65
10 42 28
10 43 22
10 44 79
10 46 64
10 59 10
10 65 35
10 67 73
10 68 -90
10 69 -97
10 71 -60
10 72 -84
10 74 -76
10 75 18
10 76 14
10 81 21
10 83 -5
10 84 57
10 87 -23
10 93 72
10 100 -23
10 101 -6
10 108 -38
10 110 -69
10 114 -30
10 119 -92
10 121 -59
10 124 -21
10 126 37
10 128 -58
10 130 -82
10 134 14
10 137 -99
10 138 -29
10 139 -95
10 142 98
10 144 -79
10 145 2
10 148 -80
10 149 -65
11 5 -68
11 6 -71
11 7 -28
11 10 -40
11 21 63
11 22 -78
11 24 -40
11 28 -53
11 30 73
11 34 -92
11 50 19
11 65 -53
11 73 -33
11 84 53
11 89 89
11 91 48
11 93 33
11 94 68
11 99 -55
11 102 86
11 103 -32
11 104 18
11 105 -63
11 109 -6
11 110 17
11 111 16
11 115 -35
11 116 43
11 117 6
11 121 -22
11 122 60
11 123 -95
11 124 61
11 127 -55
11 132 -8
11 136 6
11 141 32
11 143 46
11 146 92
12 0 -41
12 1 69
12 3 12
12 5 20
12 7 -2
12 8 33
12 10 63
12 12 91
12 14 77
12 15 -12
12 17 -24
12 20 -22
12 31 36
12 32 -88
12 34 69
12 38 40
12 39 -68
12 42 92
12 48 63
12 55 -64
12 59 -18
12 60 -70
12 63 37
12 69 42
12 73 -45
12 75 42
12 77 21
12 86 -98
12 89 -63
12 91 75
12 92 13
12 95 -45
12 105 -30
12 109 7
12 110 -70
12 112 -94
12 117 -1
12 119 78
12 127 -80
12 130 23
12 133 67
12 139 -94
12 141 -91
12 142 -14
12 144 43
12 146 28
13 6 -17
13 7 -15
13 8 -12
13 10 6
13 12 100
13 13 81
13 15 44
13 17 80
13 18 -39
13 19 45
13 20 38
13 22 -45
13 28 -30
13 32 50
13 33 98
13 35 34
13 45 -91
13 48 -7
13 56 63
13 59 -26
13 63 -95
13 66 76
13 78 32
13 82 -15
13 83 -34
13 85 76
13 91 -81
13 97 -83
13 98 49
13 100 -72
13 102 66
13 107 97
13 110 83
13 112 6
13 113 -41
13 116 70
13 126 -90
13 129 98
13 131 55
13 132 1
13 134 -97
13 138 -41
13 139 -42
13 140 -55
13 141 33
13 144 15
13 145 -9
14 7 -92
14 10 -40
14 16 41
14 17 96
14 22 47
14 26 -87
14 27 -65
14 33 -84
14 39 -89
14 44 12
14 45 8
14 46 -83
14 48 -40
14 49 29
14 52 -51
14 54 1
14 55 -54
14 67 39
14 73 49
14 75 17
14 76 64
14 80 -46
14 85 -22
14 87 48
14 88 -28
14 89 72
14 90 43
14 93 82
14 95 86
14 96 56
14 99 -27
14 103 -40
14 108 -20
14 115 44
14 119 -38
14 124 47
14 130 92
14 133 90
14 137 97
14 138 93
14 141 -12
14 143 77
14 144 -86
14 146 28
14 148 -34
15 0 -75
15 3 58
15 4 5
15 5 21
15 7 92
15 12 4
15 15 5
15 16 77
15 18 -98
15 20 -53
15 21 48
15 23 -23
15 25 90
15 27 -19
15 30 23
15 40 1
15 41 81
15 43 43
15 45 63
15 48 55
15 49 91
15 52 9
15 55 -89
15 57 -22
15 61 -7
15 63 49
15 64 19
15 67 42
15 73 -33
15 81 11
15 85 26
15 88 76
15 94 -1
15 96 -42
15 97 -13
15 98 -73
15 99 42
15 101 -78
15 104 -67
15 105 -95
15 109 92
15 116 21
15 122 1
15 123 60
15 126 -19
15 129 25
15 131 51
15 133 -30
15 136 -79
15 141 90
15 142 24
15 144 -67
16 6 -29
16 10 -52
16 14 64
16 16 -42
16 17 69
16 20 -56
16 25 -50
16 29 -86
16 31 33
16 33 78
16 37 76
16 38 80
16 39 -64
16 40 90
16 42 45
16 45 74
16 48 -45
16 50 -59
16 51 54
16 53 -10
16 54 -42
16 55 33
16 58 -60
16 60 -48
16 61 -5
16 64 -2
16 68 -81
16 73 -23
16 74 -11
16 76 16
16 77 63
16 79 -88
16 81 86
16 83 58
16 84 1
16 85 -11
16 86 -84
16 89 -83
16 90 -50
16 91 -87
16 106 99
16 109 -60
16 110 -60
16 112 -40
16 115 -25
16 120 41
16 121 69
16 122 56
16 123 66
16 125 -42
16 126 39
16 131 29
16 135 65
16 136 -88
16 138 14
16 140 -68
16 145 22
16 147 -55
16 148 -55
17 1 -80
17 3 -48
17 4 -73
17 5 -64
17 8 -7
17 11 -67
17 12 49
17 17 13
17 19 30
17 25 -43
17 26 -77
17 27 94
17 28 90
17 39 -43
17 40 28
17 46 -12
17 47 22
17 50 24
17 52 -69
17 55 98
17 56 -73
17 57 14
17 58 95
17 61 -84
17 64 50
17 67 -91
17 72 -100
17 74 -81
17 79 6
17 84 -57
17 85 48
17 87 32
17 93 19
17 95 -100
17 100 -57
17 101 -99
17 115 1
17 116 79
17 126 -85
17 127 51
17 129 45
17 132 5
17 133 3
17 136 -66
17 138 82
17 143 97
17 144 11
17 146 -31
17 147 -73
17 149 -26
18 7 62
18 8 -13
18 9 -98
18 11 83
18 13 -12
18 16 -60
18 17 62
18 21 -61
18 22 -78
18 25 -99
18 29 51
18 31 13
18 34 95
18 36 -91
18 37 34
18 41 55
18 44 20
18 45 -60
18 46 -8
18 47 -41
18 48 -59
18 59 99
18 62 -57
18 63 14
18 65 69
18 72 14
18 73 38
18 74 28
18 75 6
18 76 -59
18 82 95
18 83 96
18 84 29
18 87 56
18 89 45
18 90 -33
18 91 94
18 93 -13
18 96 38
18 99 -25
18 102 -18
18 105 72
18 108 -90
18 110 34
18 114 85
18 119 -46
18 128 -68
18 137 92
18 147 -10
19 0 3
19 1 5
19 7 69
19 11 67
19 15 83
19 17 46
19 18 100
19 20 -48
19 21 69
19 23 98
19 28 81
19 29 -84
19 34 -76
19 36 37
19 38 37
19 40 -96
19 47 -83
19 49 82
19 52 -99
19 54 30
19 55 -3
19 56 50
19 58 90
19 61 -84
19 62 17
19 63 -30
19 64 -70
19 65 97
19 69 13
19 74 56
19 78 -8
19 83 -39
19 85 76
19 87 -61
19 88 -69
19 89 -92
19 90 27
19 92 41
19 97 -33
19 98 16
19 99 -90
19 100 -65
19 101 -94
19 104 -11
19 115 -65
19 117 79
19 118 -67
19 119 58
19 121 30
19 125 -96
19 126 -58
19 127 -42
19 130 99
19 135 65
19 136 37
19 137 -37
19 141 -74
19 142 -4
19 144 -88
19 148 -84
19 149 16
20 10 -38
20 11 24
20 20 11
20 21 -83
20 23 -37
20 25 24
20 29 18
20 30 62
20 32 47
20 36 76
20 37 -66
20 38 31
20 41 73
20 42 -37
20 45 -11
20 47 27
20 51 -29
20 52 53
20 61 51
20 62 -72
20 65 87
20 66 51
20 68 81
20 69 -13
20 71 -82
20 73 40
20 86 -32
20 91 -97
20 94 -27
20 97 69
20 105 -19
20 109 27
20 111 89
20 112 -59
20 113 94
20 115 -57
20 118 -20
20 121 90
20 122 54
20 123 15
20 124 -80
20 125 52
20 131 -10
20 132 15
20 135 13
20 138 58
20 141 -38
20 142 -51
20 147 -31
20 149 6
21 2 29
21 3 -15
21 7 59
21 10 61
21 11 -71
21 15 -15
21 18 -79
21 22 -22
21 24 91
21 26 10
21 29 -11
21 34 16
21 35 -7
21 52 -56
21 54 -37
21 55 -25
21 57 14
21 63 6
21 71 77
21 72 78
21 75 7
21 76 49
21 85 36
21 89 -68
21 95 45
21 97 -13
21 99 -91
21 101 -50
21 110 -55
21 111 -41
21 112 -8
21 113 95
21 115 3
21 119 32
21 120 -91
21 124 79
21 131 75
21 133 24
21 135 -79
21 136 88
21 137 -64
21 141 -21
21 142 21
21 147 53
21 149 -9
22 2 24
22 5 35
22 9 -4
22 12 14
22 16 85
22 20 -48
22 21 83
22 22 -17
22 23 -31
22 27 -90
22 31 98
22 34 -35
22 35 74
22 36 -100
22 37 -71
22 46 77
22 47 -37
22 51 -39
22 54 -18
22 55 94
22 62 -1
22 63 -94
22 66 94
22 67 51
22 69 32
22 70 -13
22 73 52
22 74 -96
22 77 -88
22 79 -52
22 84 -95
22 87 62
22 88 -52
22 91 -66
22 95 64
22 97 -25
22 100 73
22 102 54
22 108 48
22 111 14
22 112 -16
22 115 -93
22 116 -56
22 121 -2
22 124 10
22 126 -40
22 130 6
22 132 -44
22 138 -74
22 143 -43
22 145 -86
22 146 -59
22 147 12
22 148 -81
22 149 -32
23 2 -95
23 3 -73
23 7 96
23 11 76
23 16 38
23 18 42
23 20 33
23 21 77
23 22 -6
23 29 -40
23 30 -50
23 35 -2
23 39 -68
23 40 96
23 42 36
23 47 -68
23 50 54
23 53 -63
23 54 -21
23 60 -28
23 64 -70
23 66 64
23 67 19
23 73 90
23 74 73
23 76 -80
23 79 46
23 82 6
23 83 -10
23 85 -27
23 86 44
23 91 -36
23 92 -68
23 95 -54
23 96 72
23 97 6
23 99 -44
23 101 36
23 108 50
23 118 9
23 130 -53
23 131 -98
23 132 46
23 133 18
23 134 -15
23 136 88
23 137 -59
23 140 65
23 141 -88
23 145 -31
23 146 56
23 147 44
23 149 24
24 3 -68
24 4 -53
24 5 -96
24 9 -7
24 10 41
24 11 32
24 12 -31
24 13 -55
24 15 87
24 17 48
24 18 -73
24 29 -89
24 35 -32
24 38 -68
24 39 25
24 41 74
24 43 -23
24 44 -7
24 46 16
24 48 27
24 49 -87
24 50 -25
24 54 -46
24 59 -62
24 61 58
24 65 -40
24 66 96
24 73 -72
24 74 3
24 79 99
24 80 68
24 90 -87
24 93 70
24 94 -61
24 96 -22
24 105 28
24 106 -2
24 108 30
24 112 47
24 115 39
24 116 -96
24 119 16
24 124 64
24 127 -64
24 130 10
24 131 57
24 138 -64
24 139 76
24 141 -31
24 146 70
25 6 2
25 9 -47
25 11 63
25 13 -39
25 14 97
25 22 77
25 24 14
25 25 29
25 33 -15
25 35 79
25 36 87
25 37 -28
25 41 44
25 42 -58
25 52 -12
25 55 67
25 57 39
25 59 38
25 60 -28
25 61 -66
25 65 -12
25 70 -64
25 72 34
25 75 42
25 76 -53
25 78 -50
25 80 49
25 82 54
25 84 -61
25 85 29
25 86 84
25 90 -95
25 91 -87
25 93 86
25 95 -74
25 99 79
25 100 74
25 103 19
25 104 -11
25 107 43
25 108 74
25 110 -68
25 111 51
25 114 23
25 116 30
25 118 74
25 119 82
25 120 43
25 122 6
25 125 -18
25 128 -22
25 129 89
25 130 -82
25 135 -16
25 136 58
25 137 22
25 145 -51
25 147 -40
25 148 -80
26 0 9
26 3 -61
26 4 -95
26 5 -10
26 8 -18
26 9 -96
26 13 80
26 15 76
26 16 -99
26 18 -75
26 19 95
26 21 -79
26 23 -98
26 26 -79
26 28 -63
26 33 42
26 37 39
26 38 -46
26 41 5
26 44 -37
26 45 -3
26 46 71
26 47 27
26 50 63
26 54 49
26 57 34
26 59 52
26 65 3
26 70 34
26 71 -63
26 72 -73
26 77 23
26 81 -17
26 82 -83
26 84 63
26 90 -14
26 91 -96
26 97 40
26 99 -90
26 110 -80
26 112 96
26 114 61
26 115 -9
26 118 42
26 119 57
26 121 77
26 124 4
26 126 -85
26 127 -75
26 136 -79
26 138 63
26 145 29
26 147 38
26 148 -30
26 149 -92
27 1 88
27 2 -59
27 3 46
27 5 95
27 8 -29
27 10 -39
27 13 91
27 14 40
27 21 1
27 25 67
27 26 -33
27 27 -80
27 29 72
27 34 37
27 41 -21
27 42 11
27 43 60
27 45 -52
27 47 -15
27 48 45
27 50 -5
27 51 99
27 54 -43
27 58 93
27 59 -4
27 61 15
27 62 -19
27 63 -34
27 64 33
27 66 -9
27 70 -97
27 71 65
27 75 -47
27 77 79
27 78 6
27 81 -79
27 82 44
27 87 65
27 94 99
27 95 30
27 98 31
27 99 44
27 103 44
27 104 78
27 105 18
27 106 27
27 107 -13
27 116 -90
27 117 -64
27 118 -88
27 121 95
27 123 16
27 128 -77
27 132 -59
27 133 49
27 134 35
27 137 68
27 139 77
27 142 -28
27 146 -54
27 147 -9
28 2 -16
28 3 68
28 7 -45
28 10 88
28 11 -85
28 12 43
28 15 56
28 24 -23
28 25 -48
28 27 -4
28 30 -54
28 36 8
28 37 -63
28 40 17
28 41 -86
28 46 7
28 48 -33
28 51 49
28 53 -79
28 54 38
28 55 84
28 57 1
28 58 -90
28 59 52
28 60 -91
28 63 85
28 65 40
28 68 84
28 70 47
28 73 -78
28 74 44
28 75 -66
28 79 -13
28 81 -51
28 87 51
28 88 -30
28 89 74
28 90 -58
28 91 81
28 94 -17
28 97 48
28 98 -14
28 100 -90
28 104 2
28 110 -12
28 112 -66
28 120 -60
28 122 -1
28 123 -47
28 126 -21
28 128 -69
28 130 8
28 132 85
28 137 54
28 138 49
28 139 -22
28 140 89
28 144 77
28 149 -58
29 2 85
29 6 42
29 13 -21
29 15 53
29 25 -6
29 31 -84
29 32 -3
29 37 50
29 42 -81
29 44 -20
29 48 -15
29 49 -78
29 51 7
29 58 -28
29 60 25
29 63 -17
29 70 93
29 71 59
29 72 37
29 85 35
29 90 46
29 91 -79
29 95 -84
29 98 -97
29 101 -32
29 102 -90
29 104 -96
29 107 -2
29 108 11
29 109 56
29 110 -87
29 113 -39
29 115 -31
29 116 -10
29 117 -33
29 120 24
29 122 -69
29 123 82
29 125 -97
29 126 -23
29 127 89
29 130 -38
29 131 -1
29 133 62
29 138 39
29 139 51
29 140 -93
29 143 -15
29 144 -24
29 146 -18
30 0 59
30 7 46
30 10 -15
30 12 -96
30 16 -17
30 21 62
30 25 -37
30 26 69
30 27 14
30 28 52
30 37 1
30 41 81
30 51 -21
30 54 -94
30 55 31
30 61 10
30 66 -94
30 67 -16
30 68 17
30 70 -5
30 74 66
30 75 84
30 76 6
30 80 -95
30 81 -24
30 84 -51
30 96 84
30 98 36
30 99 -40
30 104 64
30 106 -80
30 108 97
30 110 97
30 123 17
30 124 59
30 126 45
30 127 -16
30 129 -58
30 143 -79
30 145 -59
31 1 10
31 2 -49
31 4 -57
31 5 -9
31 6 91
31 10 -50
31 19 26
31 20 61
31 23 -7
31 30 8
31 31 -57
31 32 -78
31 34 -53
31 35 -88
31 36 -99
31 42 4
31 43 90
31 45 84
31 52 62
31 53 86
31 55 -78
31 60 86
31 63 91
31 68 27
31 71 50
31 73 -40
31 74 51
31 75 -82
31 82 41
31 88 24
31 99 88
31 100 -30
31 103 -68
31 104 -100
31 108 9
31 110 5
31 112 -25
31 114 88
31 123 32
31 125 78
31 126 -75
31 129 -28
31 130 -91
31 133 -42
31 134 52
31 135 -24
31 136 -39
31 140 -84
31 143 3
31 144 -38
31 145 29
32 0 -64
32 3 -75
32 7 -13
32 9 -63
32 12 93
32 14 -100
32 28 78
32 31 -48
32 32 66
32 34 -52
32 35 53
32 42 -60
32 43 -10
32 44 74
32 45 -2
32 46 50
32 52 27
32 58 -82
32 59 72
32 63 4
32 65 8
32 71 -93
32 74 69
32 75 -21
32 78 -56
32 81 33
32 82 61
32 83 -28
32 88 -99
32 90 57
32 92 47
32 95 41
32 102 -75
32 103 -20
32 104 -83
32 105 83
32 108 12
32 109 61
32 110 78
32 116 -63
32 118 70
32 123 -16
32 125 -22
32 127 95
32 129 25
32 130 58
32 136 56
32 137 -52
32 141 85
32 147 59
33 2 26
33 4 -28
33 5 -59
33 9 52
33 11 72
33 15 -9
33 16 13
33 23 41
33 27 -24
33 32 87
33 33 3
33 34 -56
33 35 -8
33 36 80
33 37 -89
33 47 19
33 49 -79
33 52 58
33 59 17
33 68 84
33 71 88
33 73 -89
33 83 87
33 86 -62
33 90 -69
33 91 -1
33 92 -57
33 93 -75
33 94 -79
33 96 90
33 101 58
33 103 13
33 104 -100
33 109 -6
33 112 74
33 113 -22
33 114 -86
33 116 -16
33 117 -56
33 118 32
33 119 -76
33 121 -23
33 122 -38
33 123 -47
33 124 -15
33 125 -82
33 128 2
33 132 13
33 134 88
33 135 28
33 137 78
33 142 -84
33 143 44
33 148 32
34 1 -78
34 5 89
34 23 -83
34 26 -1
34 27 -30
34 30 -39
34 31 -41
34 36 -56
34 39 -90
34 47 -8
34 51 64
34 61 8
34 64 81
34 75 -82
34 80 -4
34 83 10
34 84 84
34 86 50
34 87 53
34 90 14
34 92 63
34 94 -63
34 99 -70
34 103 7
34 106 29
34 110 57
34 113 46
34 115 -12
34 118 90
34 121 -2
34 123 41
34 125 93
34 127 -33
34 128 -49
34 136 -74
34 139 67
34 140 77
34 141 65
34 142 -17
34 146 -33
34 149 -28
35 0 16
35 1 -28
35 2 2
35 4 -12
35 18 -38
35 22 32
35 23 69
35 31 44
35 32 26
35 33 23
35 34 -82
35 35 -43
35 36 -77
35 46 23
35 47 11
35 50 -84
35 55 -100
35 56 -85
35 62 34
35 66 22
35 67 3
35 68 68
35 71 48
35 72 36
35 73 60
35 76 71
35 79 89
35 81 88
35 82 -29
35 85 49
35 89 58
35 90 96
35 92 74
35 95 29
35 99 100
35 102 83
35 104 91
35 110 82
35 116 98
35 119 -85
35 120 -1
35 123 -98
35 125 -34
35 126 -38
35 127 -51
35 128 -23
35 130 -20
35 131 9
35 136 -94
35 139 71
35 146 36
36 0 4
36 2 16
36 3 -55
36 4 1
36 5 -40
36 9 -17
36 10 -48
36 11 62
36 12 65
36 13 -9
36 15 -59
36 17 -41
36 21 -50
36 23 -96
36 30 -56
36 33 4
36 34 -21
36 35 86
36 36 -88
36 40 60
36 41 -60
36 42 35
36 48 -35
36 52 72
36 59 4
36 60 -42
36 62 -48
36 67 45
36 68 -83
36 83 -74
36 86 8
36 87 -82
36 94 -8
36 96 19
36 98 -66
36 99 -35
36 100 -43
36 102 69
36 104 74
36 106 59
36 109 -5
36 110 95
36 111 -78
36 112 -74
36 115 -4
36 116 82
36 118 -12
36 120 52
36 128 91
36 131 -97
36 132 -93
36 135 87
36 136 2
36 141 -5
36 144 21
36 148 23
36 149 46
37 5 61
37 6 40
37 9 68
37 18 18
37 20 -80
37 24 -67
37 27 90
37 29 -66
37 31 33
37 33 83
37 38 84
37 39 84
37 40 -82
37 44 -55
37 45 -7
37 47 -7
37 50 -66
37 57 -13
37 62 -71
37 64 -96
37 66 29
37 67 79
37 69 95
37 72 -5
37 75 -68
37 77 65
37 79 -16
37 82 84
37 83 -89
37 86 83
37 90 9
37 91 -91
37 92 -38
37 93 -54
37 94 -55
37 102 -27
37 105 27
37 107 -57
37 108 28
37 109 -76
37 111 44
37 113 82
37 118 48
37 121 97
37 124 -100
37 134 59
37 138 -37
37 142 44
37 146 -67
37 147 -42
38 1 57
38 3 -66
38 8 7
38 12 27
38 15 6
38 18 -63
38 20 79
38 26 26
38 27 87
38 28 -58
38 29 -28
38 33 -90
38 48 -54
38 49 -17
38 51 -78
38 57 -92
38 61 71
38 62 -37
38 64 -88
38 72 -87
38 76 -74
38 79 -41
38 80 -88
38 82 -11
38 87 -87
38 92 -52
38 93 68
38 94 -27
38 95 50
38 97 6
38 98 10
38 101 -6
38 102 -43
38 109 -53
38 111 29
38 112 42
38 115 -36
38 117 61
38 119 -8
38 120 -86
38 131 -32
38 132 47
38 134 -24
38 135 -77
38 136 26
38 138 -75
38 140 -30
38 141 91
38 142 81
38 144 -25
38 146 50
38 147 11
38 148 100
38 149 -4
39 3 -23
39 10 69
39 11 -99
39 16 -81
39 21 58
39 24 -33
39 25 13
39 28 10
39 30 -39
39 31 56
39 33 46
39 39 -84
39 42 -3
39 45 64
39 51 54
39 57 82
39 59 -73
39 64 27
39 68 76
39 78 58
39 79 -4
39 82 -5
39 85 86
39 87 -15
39 92 60
39 94 -9
39 95 -45
39 99 -22
39 102 44
39 111 100
39 113 16
39 115 10
39 118 83
39 120 -30
39 121 -83
39 124 -41
39 131 99
39 133 73
39 134 89
39 135 44
39 136 -71
39 137 82
39 142 -79
39 148 75
39 149 -13
40 2 64
40 3 -11
40 12 -23
40 13 75
40 14 55
40 23 -58
40 24 -68
40 26 81
40 27 71
40 33 84
40 34 -34
40 37 -17
40 38 -79
40 39 -79
40 43 14
40 44 79
40 46 44
40 51 17
40 57 -62
40 60 -29
40 61 59
40 63 46
40 65 96
40 66 -84
40 69 70
40 72 -62
40 73 -88
40 74 -40
40 76 -15
40 78 -92
40 79 -85
40 81 6
40 84 2
40 86 -91
40 95 -69
40 101 -38
40 102 -52
40 106 5
40 110 32
40 113 73
40 121 45
40 126 -44
40 140 -50
40 144 -14
41 0 85
41 1 -71
41 8 -64
41 11 78
41 13 26
41 15 29
41 17 -97
41 19 -52
41 21 -30
41 23 -31
41 25 -15
41 32 -61
41 33 -37
41 35 62
41 37 -34
41 42 80
41 48 10
41 57 76
41 58 -97
41 62 14
41 64 95
41 65 32
41 68 -31
41 75 -19
41 78 87
41 83 4
41 85 37
41 91 16
41 92 49
41 93 2
41 99 3
41 110 -8
41 120 19
41 122 72
41 127 -34
41 128 -34
41 132 79
41 133 100
41 134 43
41 135 -66
41 136 9
41 141 -35
41 144 77
41 145 -92
41 148 -45
42 1 -94
42 2 8
42 4 -5
42 6 33
42 10 -20
42 11 11
42 12 76
42 19 -100
42 21 61
42 26 26
42 27 35
42 30 1
42 32 -63
42 34 23
42 36 13
42 39 -37
42 40 99
42 41 44
42 45 -65
42 50 54
42 51 50
42 52 9
42 53 21
42 57 -63
42 63 -72
42 64 -64
42 72 44
42 73 7
42 75 62
42 79 30
42 80 50
42 92 70
42 96 23
42 98 44
42 99 -62
42 101 -95
42 102 -13
42 103 6
42 104 -9
42 111 -69
42 112 -80
42 114 -36
42 121 -39
42 122 -47
42 124 -13
42 125 26
42 135 73
42 136 -95
42 139 21
42 141 -62
42 142 16
42 143 40
42 144 -78
43 0 29
43 3 23
43 5 86
43 6 75
43 9 -22
43 12 95
43 14 -58
43 17 20
43 18 32
43 20 64
43 22 23
43 23 -37
43 26 54
43 29 56
43 32 89
43 33 -96
43 34 70
43 35 -20
43 36 42
43 37 -41
43 39 66
43 40 -66
43 43 53
43 48 -13
43 54 38
43 56 62
43 57 -97
43 63 74
43 66 96
43 71 -67
43 73 -22
43 75 -19
43 78 52
43 83 99
43 85 -68
43 87 51
43 88 65
43 94 -38
43 95 49
43 99 71
43 101 71
43 103 -12
43 109 19
43 111 13
43 112 -28
43 115 27
43 120 42
43 121 50
43 126 -72
43 128 -17
43 130 -63
43 133 78
43 136 29
43 138 -51
43 140 78
43 141 16
43 142 -94
43 144 70
43 146 -19
43 147 -51
43 148 -29
44 3 64
44 8 58
44 10 80
44 11 28
44 12 58
44 14 89
44 17 8
44 20 51
44 24 -88
44 30 28
44 32 7
44 34 22
44 38 44
44 40 2
44 42 68
44 43 -84
44 45 73
44 50 36
44 54 -20
44 55 -7
44 59 22
44 63 74
44 65 89
44 78 -40
44 91 -21
44 94 -57
44 95 -63
44 97 -3
44 98 1
44 99 80
44 101 -100
44 104 -16
44 107 52
44 110 -58
44 113 30
44 115 34
44 118 -46
44 120 43
44 122 82
44 123 58
44 128 -40
44 130 -75
44 137 30
44 141 -73
44 142 -3
44 143 -51
44 148 -67
45 4 37
45 8 -89
45 10 -81
45 12 -6
45 14 -10
45 21 81
45 22 -61
45 25 -82
45 26 30
45 27 79
45 28 23
45 30 -22
45 32 -11
45 35 -97
45 36 100
45 38 -66
45 40 55
45 42 -17
45 44 -10
45 45 86
45 49 4
45 56 -35
45 57 -55
45 59 44
45 60 38
45 67 -66
45 70 -20
45 72 -70
45 75 -100
45 78 -31
45 87 57
45 89 -47
45 90 68
45 91 -4
45 96 -14
45 97 -11
45 105 62
45 106 -49
45 110 -21
45 112 -66
45 115 -39
45 118 34
45 119 -70
45 121 -43
45 123 86
45 127 6
45 129 -22
45 135 -73
45 140 -54
45 141 72
45 145 93
45 147 35
46 1 -88
46 6 -22
46 15 24
46 16 -98
46 17 -83
46 18 61
46 20 32
46 21 -78
46 22 17
46 28 -35
46 29 -36
46 31 -84
46 32 66
46 35 -24
46 36 34
46 37 -38
46 38 -33
46 40 6
46 45 -43
46 46 -91
46 54 -59
46 56 -64
46 57 31
46 58 -6
46 63 51
46 64 -83
46 65 -68
46 67 -97
46 72 -90
46 74 12
46 76 -33
46 80 27
46 84 -96
46 87 86
46 92 40
46 94 77
46 97 57
46 100 79
46 102 -19
46 108 33
46 112 18
46 113 -22
46 114 -72
46 122 -12
46 128 44
46 129 64
46 131 -97
46 138 -95
46 139 79
46 141 96
46 143 -70
46 145 31
46 149 96
47 0 96
47 4 -99
47 5 -86
47 6 -40
47 7 -26
47 9 -84
47 10 30
47 16 65
47 21 62
47 25 -63
47 26 -6
47 30 29
47 31 97
47 36 -45
47 38 65
47 40 -85
47 46 33
47 49 32
47 52 -6
47 53 48
47 59 2
47 62 74
47 65 59
47 66 85
47 69 -78
47 73 67
47 74 -68
47 75 81
47 77 -49
47 80 7
47 82 -31
47 84 -96
47 85 16
47 87 -53
47 90 20
47 97 95
47 98 -83
47 100 -100
47 101 31
47 106 22
47 107 -55
47 110 31
47 113 -76
47 115 -8
47 116 -55
47 117 14
47 119 -24
47 120 54
47 125 -89
47 129 17
47 133 -5
47 137 83
47 143 -71
47 144 -72
47 147 15
47 149 -50
48 2 65
48 6 57
48 9 41
48 12 -34
48 21 -8
48 23 -4
48 26 -10
48 27 -44
48 34 69
48 35 -50
48 37 98
48 38 -16
48 39 -26
48 40 94
48 44 -59
48 46 13
48 49 -73
48 55 100
48 58 48
48 59 46
48 61 -84
48 66 49
48 69 44
48 72 -76
48 73 89
48 78 -7
48 88 -30
48 89 -45
48 90 -26
48 93 70
48 94 -36
48 95 -91
48 100 81
48 102 -67
48 103 -48
48 105 -19
48 106 27
48 108 40
48 110 -78
48 111 -77
48 114 -95
48 115 -74
48 118 -50
48 122 -32
48 123 -2
48 125 74
48 127 -17
48 130 -47
48 143 -26
48 147 91
49 2 -31
49 3 -71
49 5 -24
49 7 -3
49 9 54
49 11 80
49 13 41
49 18 78
49 20 -25
49 23 6
49 29 -3
49 34 -51
49 35 89
49 37 22
49 38 -79
49 42 63
49 54 -10
49 55 67
49 63 80
49 67 45
49 69 -18
49 71 -33
49 72 87
49 78 96
49 79 78
49 84 50
49 85 -46
49 87 56
49 89 -71
49 94 -81
49 112 70
49 116 95
49 120 -93
49 128 -88
49 130 -98
49 132 -17
49 137 -39
49 139 -50
49 142 31
49 143 42
49 146 -94
49 149 -52
50 1 87
50 3 86
50 4 88
50 9 -15
50 13 -35
50 15 73
50 16 6
50 28 -18
50 32 47
50 37 -87
50 38 80
50 44 -48
50 45 -64
50 46 85
50 47 83
50 57 -10
50 58 -19
50 59 -23
50 60 -54
50 63 -18
50 65 -34
50 68 60
50 69 3
50 70 52
50 72 39
50 76 -87
50 79 2
50 81 43
50 82 54
50 88 19
50 89 -3
50 93 29
50 94 -81
50 95 63
50 97 53
50 103 30
50 110 -24
50 112 27
50 115 4
50 116 -100
50 123 99
50 127 68
50 128 30
50 129 66
50 130 26
50 134 92
50 136 6
50 137 59
50 140 8
50 145 33
50 146 32
50 148 -9
50 149 90
51 2 -45
51 5 -13
51 6 61
51 7 53
51 10 -10
51 12 85
51 15 8
51 17 -85
51 18 -19
51 21 18
51 25 88
51 26 66
51 28 53
51 32 28
51 39 30
51 41 85
51 42 -62
51 43 -45
51 44 -95
51 46 20
51 48 -67
51 53 -8
51 55 -20
51 58 -54
51 60 80
51 61 -22
51 62 72
51 64 -15
51 67 97
51 68 46
51 76 -57
51 77 97
51 78 -94
51 82 7
51 84 8
51 85 91
51 87 98
51 90 32
51 96 87
51 97 14
51 98 95
51 103 77
51 104 67
51 108 -38
51 109 79
51 111 -17
51 112 96
51 114 87
51 118 -64
51 123 29
51 124 -26
51 125 -68
51 126 24
51 127 -72
51 128 -45
51 131 -45
51 136 4
51 145 -10
51 149 -93
52 1 10
52 2 -99
52 3 36
52 8 -76
52 15 58
52 19 26
52 20 -61
52 22 -37
52 26 65
52 30 37
52 32 -47
52 35 -37
52 38 -91
52 39 39
52 41 58
52 42 45
52 45 -53
52 47 -62
52 49 30
52 51 85
52 55 -37
52 57 34
52 58 -25
52 59 94
52 60 33
52 65 38
52 67 25
52 70 32
52 71 92
52 72 1
52 74 -92
52 78 97
52 80 -39
52 81 -76
52 83 89
52 84 30
52 85 -14
52 86 -48
52 88 -95
52 106 -55
52 108 -40
52 114 11
52 118 -74
52 120 -84
52 122 -94
52 126 96
52 128 -27
52 132 2
52 137 28
52 138 9
52 142 -21
52 146 53
52 147 -10
53 1 -94
53 7 -68
53 12 97
53 19 -88
53 20 -40
53 21 16
53 22 -100
53 24 -19
53 26 66
53 29 -7
53 32 100
53 34 2
53 37 -88
53 38 -45
53 41 -26
53 43 32
53 45 91
53 46 -59
53 47 -44
53 50 88
53 52 -81
53 55 8
53 57 44
53 58 93
53 60 50
53 62 68
53 63 -42
53 71 -81
53 72 -6
53 73 11
53 74 -71
53 76 -75
53 78 -60
53 79 -80
53 89 83
53 91 -72
53 95 70
53 97 -57
53 100 -77
53 103 90
53 106 14
53 110 -33
53 116 78
53 118 -92
53 123 11
53 124 -61
53 125 39
53 127 85
53 131 21
53 135 12
53 136 -15
53 139 16
53 143 71
53 144 41
53 147 -62
54 1 -97
54 3 2
54 5 75
54 6 57
54 7 -11
54 8 76
54 9 -87
54 10 -59
54 12 77
54 18 20
54 19 80
54 21 81
54 24 -83
54 26 54
54 29 -12
54 33 -93
54 34 17
54 35 80
54 36 -72
54 38 -12
54 39 -64
54 41 94
54 48 -89
54 49 92
54 50 -63
54 52 45
54 55 98
54 59 7
54 63 24
54 66 58
54 69 76
54 77 -67
54 83 -95
54 84 -16
54 89 -98
54 90 -33
54 94 39
54 95 -9
54 98 3
54 102 -14
54 106 28
54 109 -21
54 110 45
54 111 -27
54 113 -27
54 114 39
54 115 79
54 116 -41
54 123 -11
54 126 -34
54 127 13
54 128 -45
54 132 96
54 137 -36
54 143 54
54 145 28
54 148 -25
54 149 70
55 1 2
55 4 -80
55 6 30
55 7 -3
55 8 62
55 9 -87
55 12 73
55 14 14
55 27 90
55 28 -59
55 29 -34
55 30 -53
55 32 -66
55 33 24
55 36 97
55 37 3
55 44 43
55 47 77
55 51 52
55 52 21
55 54 -39
55 62 34
55 66 21
55 68 25
55 75 58
55 78 37
55 86 -38
55 91 -73
55 101 4
55 109 41
55 111 -20
55 115 22
55 116 -75
55 121 62
55 124 53
55 138 50
55 140 38
55 143 9
55 144 -35
55 148 45
56 6 96
56 8 71
56 12 -8
56 13 -57
56 14 57
56 20 -75
56 22 -39
56 23 -23
56 24 30
56 30 18
56 36 -34
56 38 38
56 41 76
56 45 3
56 46 74
56 48 -40
56 49 9
56 51 11
56 52 73
56 65 12
56 66 3
56 68 -4
56 74 92
56 78 -12
56 79 8
56 80 91
56 83 -85
56 85 10
56 87 64
56 88 -26
56 93 -34
56 98 -19
56 99 91
56 100 -9
56 101 -54
56 102 41
56 104 -55
56 106 47
56 112 -55
56 119 72
56 120 -23
56 127 -24
56 128 -7
56 133 -6
56 136 17
56 137 37
56 138 26
56 139 13
56 140 -54
56 141 -18
56 143 -100
56 147 51
57 0 71
57 2 -38
57 3 -73
57 4 -10
57 8 -86
57 10 78
57 11 91
57 12 -98
57 16 -41
57 21 9
57 24 -24
57 36 -64
57 39 64
57 43 36
57 69 39
57 80 2
57 81 -84
57 84 83
57 88 -19
57 91 -21
57 93 -60
57 96 8
57 99 -46
57 103 -47
57 104 -13
57 107 18
57 109 -94
57 112 67
57 123 89
57 135 49
57 141 48
57 144 -59
57 149 95
58 0 85
58 1 27
58 2 32
58 3 -13
58 5 54
58 6 -29
58 13 86
58 14 -32
58 23 21
58 26 30
58 27 61
58 34 -14
58 37 -79
58 39 11
58 40 -86
58 44 92
58 46 54
58 53 -2
58 60 -79
58 61 -37
58 66 33
58 67 44
58 72 -1
58 75 -5
58 82 61
58 85 34
58 88 -48
58 89 -23
58 93 -3
58 94 -3
58 95 51
58 97 -18
58 99 43
58 110 33
58 112 -43
58 116 73
58 120 -66
58 123 2
58 125 -90
58 126 61
58 127 59
58 128 83
58 134 -54
58 137 -31
58 142 86
58 146 80
59 2 -46
59 5 68
59 8 -98
59 9 -34
59 13 85
59 17 -80
59 21 18
59 22 -37
59 24 -6
59 27 -83
59 28 -68
59 29 32
59 31 46
59 35 69
59 36 -27
59 39 -47
59 44 -62
59 46 -69
59 47 82
59 52 -52
59 57 80
59 58 53
59 61 51
59 62 31
59 64 -11
59 69 -64
59 72 53
59 76 -95
59 80 -83
59 82 48
59 85 86
59 86 -3
59 92 88
59 94 -46
59 95 77
59 97 13
59 102 -23
59 103 27
59 106 -87
59 107 -81
59 109 -16
59 114 66
59 118 -50
59 124 89
59 125 -5
59 128 -66
59 131 26
59 133 39
59 138 25
59 139 -30
59 140 62
59 149 -97
60 6 79
60 7 -59
60 12 -27
60 13 -75
60 14 -72
60 18 -23
60 19 26
60 27 30
60 30 60
60 32 -47
60 33 38
60 34 -36
60 35 100
60 39 40
60 40 100
60 42 30
60 44 -40
60 45 89
60 46 46
60 49 -47
60 51 15
60 54 16
60 59 64
60 66 34
60 67 -34
60 69 -85
60 70 -17
60 75 -61
60 77 -89
60 78 93
60 79 -64
60 82 -7
60 84 34
60 87 79
60 89 29
60 90 50
60 93 88
60 96 34
60 99 -29
60 102 -63
60 107 67
60 109 70
60 110 82
60 111 63
60 115 -75
60 120 22
60 121 91
60 128 3
60 129 77
60 131 22
60 133 -64
60 135 10
60 136 -5
60 146 -100
60 147 19
60 148 -13
61 2 97
61 8 52
61 12 51
61 13 42
61 16 41
61 26 -49
61 32 -9
61 37 86
61 40 -60
61 41 -73
61 45 64
61 46 -73
61 49 19
61 52 -30
61 56 76
61 63 51
61 64 -26
61 66 6
61 71 75
61 72 51
61 74 -1
61 79 68
61 81 -65
61 84 86
61 85 -95
61 92 -96
61 93 -88
61 98 -76
61 99 -86
61 100 -89
61 106 -24
61 108 84
61 109 -56
61 111 30
61 116 -95
61 118 96
61 119 -26
61 123 73
61 129 -48
61 130 78
61 132 -6
61 135 -18
61 145 -98
61 147 -1
61 148 -67
61 149 -84
62 1 -34
62 3 84
62 5 -80
62 6 73
62 7 -41
62 11 88
62 12 -47
62 13 -22
62 17 52
62 24 66
62 27 64
62 30 -45
62 32 -39
62 34 -74
62 36 -93
62 38 27
62 39 98
62 40 78
62 41 18
62 43 -100
62 45 -46
62 48 -81
62 49 -12
62 52 -28
62 54 -7
62 57 -66
62 62 -35
62 65 -52
62 66 79
62 67 -63
62 70 -57
62 76 -88
62 82 -81
62 83 99
62 87 -49
62 98 -68
62 99 34
62 104 -98
62 105 96
62 110 63
62 111 -64
62 113 -77
62 116 -7
62 118 23
62 119 -12
62 120 73
62 121 -19
62 126 -10
62 130 -28
62 136 -10
62 141 44
62 142 78
62 147 1
62 149 75
63 0 55
63 2 100
63 3 34
63 4 -90
63 5 45
63 7 53
63 9 -66
63 10 50
63 14 -33
63 17 42
63 18 31
63 19 -52
63 26 41
63 27 -59
63 28 43
63 31 39
63 33 -24
63 38 73
63 40 -11
63 44 41
63 47 36
63 52 91
63 54 -75
63 55 -57
63 56 -20
63 57 -95
63 61 55
63 63 58
63 64 32
63 66 35
63 68 -5
63 70 31
63 71 88
63 72 -17
63 73 22
63 74 -63
63 75 31
63 76 -30
63 77 -88
63 79 94
63 80 19
63 81 -65
63 82 70
63 84 94
63 87 -5
63 88 60
63 89 -11
63 92 7
63 93 97
63 94 42
63 95 -35
63 97 54
63 101 46
63 107 -43
63 116 -78
63 117 -94
63 125 -54
63 127 63
63 128 -33
63 129 -55
63 131 -86
63 139 -21
63 140 -68
63 144 40
63 147 -51
64 0 -21
64 1 78
64 5 37
64 11 69
64 12 63
64 13 43
64 22 20
64 23 -51
64 25 83
64 29 -35
64 30 -10
64 33 83
64 35 98
64 38 -58
64 39 17
64 41 20
64 42 82
64 44 -73
64 48 97
64 49 -97
64 56 -32
64 61 95
64 63 -51
64 64 22
64 66 -60
64 68 18
64 71 -1
64 72 69
64 73 39
64 77 -99
64 86 -59
64 88 -7
64 89 50
64 92 88
64 93 -18
64 94 5
64 96 -59
64 98 -54
64 103 35
64 106 -10
64 107 21
64 108 18
64 109 -36
64 111 88
64 112 -76
64 115 -66
64 121 39
64 122 -79
64 126 -67
64 129 22
64 131 80
64 134 14
64 136 92
64 137 86
64 141 -62
64 143 -8
64 146 -10
65 0 -80
65 6 31
65 8 43
65 9 23
65 10 -64
65 11 -20
65 13 -64
65 17 51
65 18 -49
65 20 39
65 22 -91
65 24 73
65 28 -89
65 30 35
65 35 15
65 38 31
65 43 -41
65 47 17
65 48 28
65 51 -27
65 52 62
65 53 -93
65 54 -27
65 59 77
65 61 70
65 62 -46
65 63 -71
65 68 -86
65 69 -88
65 70 65
65 73 46
65 74 38
65 75 -77
65 76 42
65 79 69
65 82 -5
65 97 78
65 99 93
65 100 -11
65 101 30
65 109 -55
65 114 42
65 132 -91
65 133 -20
65 134 13
65 135 -94
65 137 -16
65 139 28
65 142 -89
65 144 29
65 145 -98
65 149 97
66 3 -16
66 5 -74
66 6 -34
66 13 -44
66 16 -23
66 18 55
66 21 -88
66 22 53
66 23 -77
66 29 -65
66 33 64
66 35 -75
66 36 92
66 41 22
66 44 -22
66 47 -21
66 50 33
66 51 95
66 52 21
66 56 -52
66 61 -80
66 62 -42
66 65 75
66 67 4
66 72 43
66 74 -12
66 75 -97
66 82 -88
66 83 -78
66 84 -43
66 89 -21
66 90 69
66 92 -62
66 94 -18
66 95 98
66 96 -35
66 99 -71
66 102 81
66 105 -24
66 106 -68
66 109 -33
66 111 -42
66 112 73
66 120 -48
66 123 39
66 126 12
66 129 -61
66 132 -4
66 136 -77
66 141 45
66 142 73
66 143 -62
66 145 50
66 146 23
66 147 68
66 148 22
67 3 -13
67 5 63
67 7 -54
67 8 77
67 10 -56
67 12 5
67 13 -25
67 14 29
67 16 69
67 23 20
67 29 60
67 32 -41
67 37 -44
67 44 -1
67 45 -2
67 46 -81
67 47 -26
67 48 94
67 50 77
67 56 20
67 60 7
67 61 -69
67 70 49
67 71 93
67 74 14
67 76 16
67 78 5
67 79 48
67 80 96
67 84 -88
67 86 80
67 99 77
67 100 19
67 103 85
67 104 67
67 109 -27
67 112 12
67 113 53
67 120 1
67 125 100
67 129 46
67 130 71
67 136 -62
67 138 92
67 139 43
67 144 -29
68 4 -15
68 6 -41
68 12 33
68 15 -97
68 21 6
68 22 -29
68 25 94
68 28 67
68 36 92
68 37 -22
68 38 -59
68 41 20
68 42 95
68 44 -80
68 46 55
68 51 -71
68 52 11
68 53 40
68 60 -71
68 63 81
68 68 -94
68 70 -19
68 71 30
68 72 35
68 75 30
68 79 -68
68 84 76
68 95 -40
68 97 -64
68 98 52
68 100 80
68 104 -53
68 105 -3
68 107 -96
68 108 3
68 111 -56
68 112 62
68 117 69
68 118 -48
68 120 12
68 123 -83
68 126 38
68 128 -63
68 129 -27
68 130 41
68 133 -47
68 134 -55
68 137 69
68 140 58
68 148 90
68 149 -15
69 0 -20
69 1 -19
69 4 -68
69 5 -39
69 7 94
69 8 8
69 11 94
69 15 76
69 19 30
69 23 45
69 24 -4
69 28 -69
69 29 -16
69 32 -88
69 33 5
69 35 -62
69 40 -18
69 43 -47
69 45 93
69 46 13
69 47 57
69 49 61
69 51 3
69 53 -84
69 62 47
69 64 74
69 66 -45
69 67 60
69 68 -69
69 75 -98
69 76 98
69 77 17
69 80 -100
69 83 -51
69 85 71
69 87 54
69 90 13
69 93 -60
69 94 22
69 96 -59
69 99 -94
69 102 83
69 103 -49
69 104 67
69 107 -74
69 108 -42
69 110 59
69 114 60
69 117 87
69 118 42
69 119 -29
69 122 5
69 123 35
69 125 -9
69 127 16
69 128 27
69 134 75
69 145 75
70 1 -39
70 5 -95
70 8 95
70 16 -34
70 25 -62
70 28 -88
70 31 47
70 32 89
70 39 -98
70 40 67
70 44 22
70 46 -83
70 47 20
70 48 17
70 51 84
70 52 10
70 58 22
70 59 5
70 63 15
70 66 -7
70 74 -20
70 76 -75
70 77 31
70 80 -62
70 84 -81
70 85 -33
70 86 84
70 95 99
70 98 51
70 102 89
70 103 -87
70 105 47
70 107 -95
70 110 -65
70 112 81
70 114 65
70 115 -57
70 119 70
70 122 26
70 123 90
70 125 -4
70 128 1
70 129 -97
70 132 -84
70 134 18
70 140 -97
70 143 88
70 144 62
70 147 -57
71 1 -27
71 2 -32
71 5 -87
71 6 -85
71 10 -30
71 11 -60
71 13 82
71 14 87
71 19 41
71 21 15
71 23 18
71 24 -26
71 25 66
71 35 -10
71 37 -21
71 39 15
71 40 72
71 42 -20
71 47 63
71 50 96
71 53 -93
71 63 -78
71 65 -52
71 67 64
71 69 -74
71 71 -91
71 73 43
71 86 20
71 89 36
71 93 75
71 95 50
71 99 71
71 103 -1
71 113 10
71 114 74
71 116 91
71 118 57
71 119 -66
71 120 2
71 121 -51
71 127 54
71 130 -12
71 133 -25
71 137 72
71 139 -11
71 140 91
71 142 -41
71 143 41
72 2 -66
72 4 70
72 6 91
72 8 -4
72 9 -15
72 11 73
72 15 43
72 20 -37
72 21 -15
72 28 -44
72 34 66
72 36 15
72 38 37
72 39 -92
72 40 -62
72 43 -45
72 44 23
72 46 -61
72 48 17
72 54 40
72 55 87
72 57 -65
72 58 82
72 59 76
72 63 -61
72 65 -25
72 70 21
72 71 77
72 76 10
72 79 25
72 80 96
72 83 -83
72 85 46
72 87 77
72 92 59
72 93 26
72 95 -89
72 96 -3
72 105 3
72 106 -72
72 112 -94
72 116 -45
72 117 -62
72 121 -22
72 123 14
72 124 70
72 129 -1
72 130 35
72 131 -21
72 132 55
72 135 49
72 136 80
72 138 61
72 141 51
72 142 -69
72 146 -33
72 148 88
72 149 50
73 0 17
73 3 39
73 7 -46
73 9 -55
73 12 74
73 14 6
73 20 90
73 24 -66
73 26 -10
73 28 -13
73 29 33
73 30 -71
73 33 -70
73 34 -21
73 37 59
73 39 91
73 40 50
73 41 25
73 44 30
73 48 -37
73 60 77
73 63 77
73 65 -25
73 67 57
73 72 86
73 73 -66
73 76 -7
73 77 79
73 80 -4
73 83 49
73 97 2
73 98 63
73 99 -16
73 102 -18
73 108 -84
73 111 -14
73 112 -36
73 114 -74
73 116 -27
73 118 54
73 120 -99
73 122 30
73 125 71
73 126 -92
73 128 -18
73 129 -24
73 133 -47
73 134 26
73 136 -97
73 138 94
73 139 42
73 142 -31
73 144 -70
74 5 19
74 8 88
74 10 80
74 13 76
74 15 -50
74 18 -70
74 23 -95
74 25 -93
74 30 -76
74 36 88
74 38 36
74 39 72
74 40 -95
74 46 -66
74 48 14
74 52 53
74 54 54
74 55 41
74 60 -97
74 62 18
74 72 -88
74 73 33
74 74 3
74 75 -8
74 77 -6
74 78 88
74 85 6
74 86 41
74 87 -46
74 88 51
74 89 -25
74 90 52
74 94 -75
74 95 -93
74 96 15
74 98 -68
74 99 58
74 103 -69
74 104 51
74 105 -45
74 113 -66
74 117 42
74 118 54
74 119 48
74 120 3
74 127 28
74 129 99
74 130 -6
74 131 -5
74 133 76
74 143 -37
74 147 -43
74 148 -10
75 2 -43
75 8 82
75 9 31
75 11 15
75 13 -78
75 16 70
75 22 50
75 27 23
75 31 -86
75 34 12
75 37 30
75 38 -54
75 39 -32
75 46 -5
75 47 77
75 49 -27
75 50 31
75 51 -50
75 53 -93
75 54 44
75 55 -19
75 58 -34
75 59 -66
75 61 -50
75 68 1
75 70 47
75 71 36
75 73 -28
75 78 -59
75 81 -45
75 84 -57
75 85 11
75 86 58
75 89 92
75 94 -62
75 95 -93
75 99 53
75 100 -34
75 103 -86
75 104 -11
75 105 -57
75 106 -95
75 112 -100
75 114 -18
75 115 34
75 116 -35
75 117 26
75 119 24
75 121 52
75 126 -59
75 130 75
75 132 99
75 133 -71
75 136 -81
75 138 42
75 143 -19
75 144 -8
75 145 97
75 147 -45
75 148 -23
75 149 32
76 4 55
76 6 -4
76 12 -47
76 13 87
76 15 -69
76 17 74
76 18 -83
76 19 74
76 21 -40
76 22 -48
76 27 6
76 28 -51
76 30 -54
76 32 1
76 38 42
76 39 82
76 40 73
76 43 -13
76 48 40
76 57 63
76 60 -54
76 64 64
76 76 -44
76 77 -2
76 80 -50
76 81 -33
76 84 63
76 91 85
76 98 -100
76 104 43
76 107 -50
76 109 -40
76 111 -26
76 115 37
76 116 -65
76 127 -28
76 128 -95
76 130 -25
76 133 72
76 134 -87
76 135 33
76 141 -28
76 142 -7
76 144 -70
76 148 94
76 149 -15
77 5 -35
77 7 -37
77 8 -21
77 11 -81
77 15 -21
77 16 36
77 21 11
77 30 -91
77 34 81
77 35 -66
77 38 21
77 39 -83
77 44 -69
77 47 -45
77 50 16
77 53 -43
77 59 -79
77 60 -1
77 64 -56
77 65 30
77 66 82
77 71 -89
77 77 37
77 79 97
77 80 -92
77 83 17
77 89 25
77 96 -38
77 100 -94
77 101 37
77 103 -62
77 111 -94
77 113 35
77 115 -57
77 127 -65
77 128 -42
77 129 -94
77 131 45
77 136 -75
77 138 -43
77 141 8
77 143 86
77 144 2
77 145 39
77 147 -73
78 0 90
78 1 77
78 3 1
78 5 -85
78 7 -29
78 14 40
78 15 32
78 21 82
78 22 -90
78 23 26
78 26 -70
78 28 15
78 32 3
78 35 50
78 38 53
78 43 -100
78 44 -89
78 46 -93
78 47 -43
78 48 -57
78 55 41
78 66 27
78 67 47
78 72 -1
78 74 -65
78 75 7
78 76 -83
78 77 51
78 81 -12
78 83 87
78 87 9
78 92 -64
78 94 33
78 100 52
78 104 -60
78 109 61
78 112 55
78 114 -63
78 115 53
78 118 90
78 119 32
78 121 -19
78 127 52
78 128 -93
78 129 64
78 130 -53
78 135 32
78 139 76
78 140 -78
78 142 -42
78 144 46
78 147 99
79 7 36
79 8 -25
79 10 -92
79 13 72
79 14 -11
79 16 1
79 17 -29
79 28 75
79 29 70
79 34 -61
79 35 11
79 39 -58
79 41 -9
79 42 -9
79 47 -69
79 48 -59
79 50 -9
79 51 -89
79 58 -71
79 60 -25
79 62 -50
79 69 -65
79 78 -97
79 80 10
79 85 80
79 91 18
79 94 -8
79 96 -9
79 97 99
79 107 -73
79 109 33
79 110 -9
79 119 -3
79 122 -33
79 123 36
79 125 -56
79 126 -36
79 132 65
79 137 -96
79 144 -54
79 145 60
79 146 -10
79 148 100
79 149 29
80 0 10
80 2 55
80 9 53
80 12 24
80 13 67
80 17 -40
80 19 -76
80 23 -96
80 24 -66
80 25 21
80 26 75
80 30 -74
80 31 14
80 33 -57
80 39 68
80 42 56
80 43 -76
80 45 81
80 46 41
80 47 -44
80 54 10
80 59 -41
80 61 -98
80 65 -45
80 68 -98
80 69 -39
80 71 38
80 73 91
80 74 -92
80 78 89
80 81 69
80 82 -11
80 86 -78
80 87 -52
80 89 67
80 93 -29
80 95 -62
80 104 -94
80 105 84
80 113 40
80 118 51
80 120 -58
80 121 -56
80 128 -54
80 129 72
80 131 -35
80 135 -71
80 138 -36
80 140 53
80 143 15
80 145 15
80 149 57
81 3 -50
81 5 -24
81 10 22
81 16 -39
81 19 28
81 21 -64
81 26 -78
81 29 -67
81 35 -72
81 37 70
81 42 95
81 49 100
81 50 -70
81 58 22
81 62 -5
81 65 62
81 67 53
81 68 12
81 73 -86
81 80 62
81 81 6
81 82 18
81 83 85
81 85 -5
81 91 99
81 93 -8
81 94 -32
81 95 -94
81 99 -62
81 102 -34
81 108 -6
81 112 19
81 116 91
81 117 75
81 119 -97
81 120 19
81 121 95
81 122 52
81 125 -73
81 127 -95
81 128 3
81 131 54
81 137 -56
81 143 -44
81 145 -73
81 147 14
81 148 -77
82 1 45
82 6 -92
82 8 -2
82 9 37
82 10 44
82 21 -24
82 24 -94
82 25 -92
82 26 63
82 28 -77
82 33 85
82 34 -16
82 36 83
82 41 -10
82 44 -58
82 45 59
82 51 34
82 53 -94
82 63 -50
82 64 39
82 66 -62
82 69 -86
82 70 43
82 71 8
82 72 -52
82 74 91
82 77 -90
82 78 -54
82 83 37
82 90 -71
82 92 -90
82 93 -78
82 102 -29
82 107 -41
82 109 17
82 113 76
82 114 34
82 116 79
82 119 50
82 122 96
82 124 -18
82 128 -88
82 130 5
82 134 96
82 139 9
82 140 -15
82 147 58
83 7 50
83 10 -70
83 14 -7
83 17 69
83 27 -29
83 29 -31
83 31 -80
83 35 19
83 36 5
83 37 -28
83 39 22
83 40 22
83 41 -15
83 48 47
83 50 48
83 51 11
83 54 -35
83 55 96
83 57 51
83 59 -95
83 63 75
83 65 -70
83 68 10
83 70 57
83 72 75
83 75 -99
83 78 4
83 81 39
83 82 -96
83 84 -1
83 91 -9
83 92 16
83 94 -25
83 107 30
83 108 -59
83 114 7
83 115 -40
83 129 13
83 135 48
83 137 -19
83 138 -25
83 139 -98
83 145 59
83 147 -79
84 4 47
84 5 -52
84 9 -48
84 10 79
84 11 -65
84 15 57
84 19 50
84 23 -89
84 24 -1
84 30 25
84 31 -99
84 32 -36
84 36 -53
84 38 -13
84 40 31
84 41 -19
84 42 -65
84 47 -50
84 52 -24
84 54 25
84 59 2
84 69 21
84 70 6
84 76 -42
84 78 -12
84 80 80
84 83 -18
84 86 54
84 88 -15
84 89 -99
84 93 79
84 105 82
84 109 71
84 110 -40
84 112 -83
84 113 -74
84 114 16
84 115 -24
84 119 23
84 121 17
84 123 -10
84 126 53
84 127 28
84 130 76
84 133 74
84 137 -21
84 139 -19
84 144 -75
84 146 -99
85 5 42
85 9 -37
85 12 -3
85 13 -45
85 15 -76
85 19 9
85 24 92
85 29 -86
85 34 -64
85 40 -16
85 47 98
85 51 -100
85 52 -64
85 58 -42
85 60 -99
85 61 14
85 63 -35
85 69 29
85 73 -40
85 75 82
85 76 -32
85 79 70
85 80 88
85 84 -58
85 86 17
85 92 15
85 93 23
85 95 78
85 98 68
85 101 33
85 102 37
85 103 37
85 105 48
85 106 26
85 112 58
85 114 35
85 118 -18
85 119 -93
85 123 -97
85 124 -74
85 126 19
85 130 -42
85 135 64
85 137 51
85 138 14
85 139 -66
85 140 66
85 141 -8
85 145 -99
85 147 83
85 148 -78
86 0 -55
86 1 -43
86 8 57
86 16 -66
86 19 1
86 20 -20
86 21 -20
86 22 5
86 28 52
86 30 -7
86 31 45
86 32 84
86 35 -58
86 38 -41
86 39 14
86 40 87
86 48 57
86 49 -38
86 51 -92
86 53 -25
86 55 62
86 58 -78
86 68 15
86 70 -79
86 72 98
86 73 -55
86 77 80
86 79 -29
86 80 11
86 81 9
86 87 -52
86 90 23
86 92 40
86 98 -62
86 101 -6
86 105 41
86 110 12
86 112 -41
86 116 48
86 118 -97
86 123 24
86 125 47
86 126 61
86 127 -72
86 130 80
86 131 84
86 132 -43
86 134 -84
86 135 24
86 141 35
86 147 68
86 148 -39
87 2 -94
87 6 -62
87 9 -89
87 12 -2
87 13 -15
87 19 72
87 27 72
87 29 43
87 32 -72
87 33 74
87 34 68
87 35 61
87 39 52
87 47 62
87 48 -35
87 52 14
87 53 66
87 54 21
87 57 48
87 60 98
87 65 58
87 67 -79
87 68 -2
87 69 50
87 83 -65
87 91 -40
87 92 42
87 94 -98
87 96 40
87 97 -43
87 103 -84
87 105 35
87 106 -80
87 116 -89
87 128 18
87 130 28
87 131 -44
87 135 -69
87 136 12
87 138 75
87 143 -100
87 146 58
87 148 85
87 149 54
88 4 91
88 8 -7
88 9 15
88 12 89
88 14 -18
88 16 -50
88 17 72
88 18 -55
88 19 7
88 21 -56
88 22 56
88 23 29
88 27 -19
88 28 78
88 29 -80
88 34 49
88 36 -68
88 39 66
88 41 98
88 45 -68
88 47 13
88 48 87
88 49 -47
88 53 76
88 55 -3
88 57 -53
88 59 24
88 64 -61
88 65 -35
88 70 45
88 73 79
88 78 -67
88 79 45
88 84 -94
88 85 -55
88 87 73
88 88 -28
88 90 -41
88 97 -28
88 98 8
88 99 41
88 104 -8
88 105 -63
88 106 -42
88 107 40
88 110 -84
88 112 -43
88 113 -71
88 114 39
88 118 -36
88 120 -24
88 125 -92
88 132 39
88 134 -68
88 141 -4
88 142 -43
88 144 49
88 145 -5
88 146 6
88 148 -90
89 0 42
89 1 71
89 9 -34
89 10 -85
89 13 -6
89 16 -78
89 21 -83
89 22 -78
89 23 44
89 24 86
89 25 34
89 27 26
89 33 -78
89 35 -66
89 36 81
89 38 14
89 41 -80
89 42 11
89 45 56
89 50 49
89 57 6
89 58 12
89 67 49
89 68 4
89 72 27
89 74 -72
89 82 47
89 85 99
89 86 -23
89 91 -94
89 92 21
89 93 -73
89 95 -12
89 100 -8
89 101 67
89 105 -42
89 107 -13
89 110 -51
89 115 -96
89 118 -32
89 121 72
89 123 93
89 129 29
89 130 -100
89 133 85
89 137 95
89 138 -28
89 140 80
89 147 38
90 3 -12
90 4 64
90 5 59
90 6 32
90 8 -3
90 19 -87
90 22 32
90 23 -62
90 30 22
90 40 65
90 41 56
90 49 -53
90 51 100
90 53 -32
90 56 27
90 58 -40
90 64 -36
90 73 -55
90 74 72
90 75 -48
90 76 -89
90 79 -37
90 82 47
90 83 -10
90 87 -52
90 98 -14
90 103 -21
90 109 29
90 110 8
90 111 19
90 112 51
90 117 -23
90 121 72
90 128 -7
90 133 100
90 135 -58
91 1 2
91 2 23
91 4 47
91 11 84
91 16 -43
91 20 19
91 24 -4
91 25 21
91 27 -18
91 28 73
91 31 -7
91 32 -47
91 36 -11
91 40 -22
91 42 -23
91 50 -18
91 51 6
91 52 -66
91 54 53
91 55 5
91 60 -23
91 62 -8
91 70 -63
91 71 -5
91 77 -12
91 78 14
91 80 -76
91 81 87
91 86 -51
91 87 -60
91 89 -37
91 91 87
91 93 18
91 98 -64
91 101 54
91 109 -95
91 110 48
91 112 -61
91 118 -83
91 125 47
91 128 39
91 129 74
91 134 21
91 135 -76
91 137 -51
91 143 -59
91 146 -68
91 147 -49
91 148 44
92 3 -56
92 6 96
92 7 68
92 12 -9
92 15 -6
92 19 52
92 22 -56
92 23 -20
92 26 75
92 27 48
92 30 -99
92 34 16
92 37 63
92 53 -58
92 62 63
92 67 -73
92 75 39
92 79 -13
92 80 -90
92 82 82
92 86 35
92 91 -30
92 99 -14
92 104 -59
92 107 44
92 110 -26
92 119 -53
92 122 77
92 123 24
92 124 -20
92 125 98
92 126 -93
92 127 -87
92 128 46
92 133 40
92 141 -30
92 142 -1
92 143 94
92 149 -80
93 4 -73
93 8 -19
93 10 54
93 14 -74
93 17 -82
93 21 77
93 29 -100
93 31 95
93 33 49
93 34 69
93 38 -11
93 40 -60
93 42 -24
93 44 87
93 47 41
93 48 67
93 49 11
93 50 -87
93 54 76
93 57 -78
93 59 -35
93 60 -87
93 61 -47
93 62 42
93 63 15
93 64 -51
93 66 50
93 67 -23
93 69 76
93 71 32
93 72 -52
93 74 -14
93 75 61
93 78 72
93 79 47
93 80 -43
93 81 7
93 84 50
93 92 -9
93 93 15
93 94 -98
93 95 11
93 97 -18
93 101 -26
93 102 -83
93 107 -82
93 114 24
93 115 16
93 116 83
93 118 -71
93 119 -52
93 125 -58
93 129 -93
93 130 -55
93 131 69
93 133 -80
93 134 71
93 142 1
93 148 -68
93 149 1
94 2 -10
94 7 -87
94 10 29
94 16 -28
94 27 -39
94 29 -66
94 37 2
94 39 22
94 41 31
94 45 -36
94 47 58
94 48 96
94 53 -79
94 54 -70
94 55 -3
94 57 98
94 59 63
94 60 35
94 63 -67
94 67 -80
94 68 -4
94 69 -10
94 70 -8
94 78 -30
94 81 13
94 89 30
94 91 -92
94 95 80
94 98 67
94 101 42
94 108 8
94 109 -65
94 110 62
94 119 72
94 120 -36
94 125 89
94 127 100
94 130 84
94 133 -80
94 135 -34
94 137 68
94 138 73
94 142 21
94 143 -70
94 144 -54
94 148 -84
95 0 -39
95 3 -62
95 6 96
95 8 85
95 10 -31
95 12 -38
95 18 -98
95 19 -2
95 20 25
95 21 35
95 22 13
95 24 -90
95 25 -36
95 27 21
95 30 37
95 44 -30
95 46 -22
95 52 -86
95 54 62
95 61 -67
95 62 45
95 65 -47
95 73 -32
95 79 86
95 80 67
95 81 -69
95 83 89
95 84 -62
95 85 93
95 86 20
95 88 7
95 90 59
95 92 4
95 94 34
95 98 -68
95 100 87
95 103 -67
95 104 69
95 105 -41
95 106 -71
95 108 16
95 110 -18
95 111 -52
95 113 65
95 114 -39
95 128 -98
95 130 -19
95 133 25
95 137 94
95 138 38
95 140 68
95 145 45
95 146 -17
95 148 73
96 1 89
96 2 98
96 3 -74
96 12 15
96 13 -15
96 15 93
96 16 97
96 20 -78
96 23 45
96 27 72
96 30 20
96 33 8
96 35 40
96 40 30
96 41 -55
96 45 -25
96 46 83
96 47 -56
96 48 -27
96 53 74
96 54 -75
96 55 -8
96 56 95
96 61 20
96 66 -29
96 69 17
96 70 47
96 72 -95
96 75 -77
96 79 81
96 82 43
96 83 -100
96 85 36
96 92 -73
96 95 61
96 97 -76
96 99 77
96 100 -10
96 106 65
96 107 -24
96 108 31
96 116 -4
96 118 -35
96 119 -82
96 120 30
96 123 92
96 124 -16
96 125 85
96 128 -70
96 129 30
96 131 -74
96 138 4
96 139 -51
96 143 43
96 147 57
96 148 -48
96 149 86
97 1 63
97 5 38
97 11 -12
97 13 56
97 14 -49
97 16 -4
97 17 -38
97 21 92
97 24 -69
97 26 -4
97 28 74
97 30 17
97 31 -83
97 34 -26
97 35 -88
97 36 -22
97 37 97
97 38 19
97 39 -46
97 41 -43
97 43 25
97 44 69
97 45 -72
97 48 -83
97 50 -95
97 54 5
97 60 -31
97 61 -48
97 62 12
97 65 55
97 72 80
97 73 -7
97 87 11
97 89 25
97 96 -78
97 98 34
97 99 -91
97 101 -13
97 102 -94
97 112 74
97 114 -18
97 115 -12
97 122 -78
97 123 -26
97 124 56
97 126 -91
97 127 -69
97 130 22
97 134 -20
97 136 -38
97 141 96
97 143 69
97 144 64
97 145 81
97 148 25
98 1 -57
98 7 20
98 8 -75
98 9 2
98 14 -9
98 18 -100
98 22 23
98 24 -86
98 28 97
98 30 -66
98 31 43
98 33 -77
98 36 -13
98 37 -80
98 44 -14
98 48 -19
98 49 36
98 51 -23
98 52 8
98 56 -93
98 57 15
98 62 33
98 63 -99
98 64 10
98 65 81
98 66 64
98 71 56
98 74 99
98 75 78
98 76 -1
98 77 -48
98 78 23
98 83 37
98 84 80
98 88 -94
98 91 1
98 93 29
98 94 -62
98 95 68
98 96 25
98 99 31
98 102 46
98 108 18
98 112 22
98 114 74
98 115 -55
98 117 83
98 120 -48
98 121 -13
98 126 59
98 127 -25
98 132 -89
98 134 43
98 139 31
98 140 81
98 142 82
98 146 -75
98 147 -79
98 148 -64
99 0 39
99 1 -40
99 2 35
99 5 17
99 6 95
99 11 90
99 13 -87
99 15 88
99 16 -91
99 17 -50
99 19 -45
99 20 -50
99 26 -76
99 29 20
99 34 29
99 36 26
99 41 70
99 54 -64
99 55 65
99 57 -49
99 62 -71
99 65 41
99 67 -58
99 68 -60
99 69 35
99 73 61
99 74 70
99 80 42
99 82 -33
99 84 -32
99 85 4
99 88 -86
99 89 -42
99 90 2
99 93 73
99 98 -86
99 99 74
99 104 6
99 110 -92
99 113 -42
99 124 -66
99 126 -29
99 135 -81
99 139 86
99 140 68
99 141 -42
99 145 54
99 146 15
99 147 11
100 0 39
100 8 44
100 11 -90
100 19 -48
100 22 50
100 23 -65
100 30 1
100 34 77
100 38 -43
100 41 -58
100 45 50
100 47 100
100 58 1
100 61 45
100 64 -88
100 70 -90
100 73 47
100 74 69
100 76 -63
100 81 -79
100 84 -31
100 85 50
100 88 -53
100 93 -9
100 99 -35
100 100 -14
100 102 -22
100 103 85
100 106 -11
100 107 29
100 111 -32
100 121 29
100 127 59
100 133 -65
100 135 28
100 142 -63
100 146 100
100 148 12
101 10 -100
101 11 -74
101 15 14
101 31 -31
101 37 -10
101 38 -81
101 39 31
101 40 -5
101 43 -31
101 51 -12
101 53 48
101 57 26
101 61 -30
101 65 -49
101 66 75
101 70 -61
101 72 100
101 80 88
101 81 11
101 82 -10
101 83 -36
101 85 25
101 94 66
101 96 67
101 97 -78
101 105 27
101 108 25
101 109 16
101 110 -52
101 114 -23
101 125 13
101 131 -10
101 132 84
101 134 24
101 136 -45
101 137 97
101 138 12
101 145 -76
102 0 99
102 2 -76
102 3 57
102 7 -78
102 9 -65
102 10 -13
102 12 -78
102 13 -43
102 14 53
102 16 1
102 17 67
102 21 67
102 24 69
102 25 -69
102 27 36
102 28 27
102 29 -12
102 30 -87
102 33 -94
102 34 3
102 35 -70
102 40 33
102 42 60
102 44 -29
102 45 -70
102 47 12
102 52 -6
102 59 -76
102 61 65
102 63 94
102 65 -7
102 66 6
102 67 -42
102 70 -59
102 71 34
102 72 -60
102 75 -26
102 76 64
102 77 23
102 78 31
102 79 -51
102 84 31
102 90 49
102 91 -99
102 94 30
102 101 55
102 106 45
102 108 -1
102 112 -90
102 113 -82
102 117 -30
102 119 40
102 121 25
102 122 67
102 129 61
102 130 -22
102 133 67
102 136 57
102 138 80
102 147 -61
102 148 32
103 3 35
103 6 -93
103 11 42
103 12 -22
103 14 -66
103 18 -43
103 22 -17
103 24 43
103 26 -46
103 27 90
103 32 -69
103 34 11
103 37 8
103 38 57
103 39 15
103 43 86
103 50 -63
103 51 54
103 52 -38
103 58 85
103 60 -57
103 62 57
103 64 -9
103 65 -91
103 66 18
103 73 100
103 78 -81
103 79 -92
103 86 12
103 88 45
103 90 98
103 91 80
103 93 -100
103 95 72
103 100 -95
103 102 -97
103 103 4
103 104 96
103 105 -13
103 106 74
103 109 92
103 115 -3
103 124 89
103 131 3
103 137 88
103 139 -27
103 140 52
103 142 -64
103 148 93
104 2 -10
104 8 4
104 11 97
104 15 6
104 19 31
104 23 -44
104 26 5
104 28 -73
104 32 56
104 36 -2
104 38 55
104 50 -86
104 52 -45
104 56 75
104 57 14
104 58 -95
104 62 59
104 64 -24
104 68 -99
104 69 89
104 71 7
104 78 56
104 80 -33
104 82 21
104 85 31
104 88 28
104 89 -80
104 91 76
104 95 74
104 100 53
104 101 29
104 103 86
104 105 -24
104 106 9
104 110 21
104 112 -73
104 115 -87
104 117 69
104 119 -4
104 120 -33
104 122 81
104 126 87
104 128 -29
104 130 -96
104 132 58
104 133 -69
104 138 -44
104 139 -75
104 141 -80
104 143 51
104 147 -92
104 149 -71
105 3 13
105 4 -40
105 5 86
105 6 -18
105 7 -21
105 8 -63
105 19 25
105 21 24
105 28 52
105 39 9
105 40 11
105 41 -32
105 45 -95
105 47 79
105 48 42
105 50 73
105 51 -60
105 52 100
105 61 -33
105 63 -52
105 67 -23
105 69 28
105 71 76
105 72 -50
105 75 -88
105 77 -99
105 81 -95
105 85 34
105 92 75
105 94 65
105 95 -7
105 98 -75
105 99 -72
105 104 -11
105 108 -80
105 109 -72
105 111 62
105 112 29
105 118 -22
105 119 91
105 120 -69
105 125 -54
105 132 -84
105 134 -93
105 135 -88
105 137 19
105 138 56
105 140 92
105 141 30
105 142 -17
105 143 52
105 144 60
105 145 -61
105 146 -34
105 148 52
106 4 69
106 5 -64
106 9 -29
106 11 75
106 13 33
106 18 62
106 20 -72
106 24 -38
106 27 47
106 33 4
106 35 -79
106 38 6
106 41 83
106 43 19
106 45 66
106 46 100
106 50 3
106 54 -10
106 55 -42
106 59 5
106 61 -5
106 64 -100
106 65 -30
106 66 24
106 73 -82
106 77 91
106 78 -23
106 80 -57
106 81 -57
106 84 96
106 86 -21
106 87 60
106 88 -78
106 92 63
106 94 -59
106 98 -71
106 102 66
106 109 -52
106 110 59
106 111 22
106 112 70
106 113 24
106 117 21
106 118 -7
106 124 37
106 125 90
106 132 73
106 138 22
106 141 -64
106 148 -33
106 149 39
107 1 -23
107 2 -38
107 4 10
107 9 -89
107 12 -30
107 14 -24
107 15 87
107 18 -74
107 19 -51
107 20 41
107 21 40
107 22 45
107 24 -41
107 28 17
107 32 93
107 34 -29
107 36 -21
107 38 64
107 42 -96
107 47 -61
107 51 -99
107 55 22
107 56 -54
107 61 -22
107 64 79
107 67 66
107 71 88
107 76 -27
107 78 -66
107 83 76
107 85 83
107 89 78
107 91 71
107 96 97
107 97 -94
107 101 27
107 109 56
107 111 -97
107 112 42
107 114 -37
107 116 -8
107 121 72
107 123 -20
107 124 -67
107 127 -82
107 128 40
107 131 -1
107 133 63
107 138 -90
107 139 -14
107 143 -12
107 144 -83
107 146 54
108 8 66
108 10 49
108 11 -27
108 15 58
108 17 -88
108 18 19
108 20 -77
108 21 28
108 22 -90
108 26 -28
108 28 81
108 30 -55
108 31 12
108 34 29
108 38 -71
108 44 46
108 45 -13
108 46 88
108 47 -98
108 48 -58
108 49 80
108 53 -15
108 57 -82
108 58 31
108 65 59
108 67 15
108 71 98
108 74 32
108 77 -13
108 82 -92
108 84 86
108 87 56
108 92 -25
108 98 22
108 101 -50
108 102 41
108 109 -22
108 111 -90
108 113 -72
108 114 3
108 115 41
108 119 -2
108 120 37
108 121 23
108 123 56
108 125 86
108 128 -46
108 129 -84
108 131 -6
108 132 -99
108 134 -50
108 136 -3
108 137 43
108 147 -38
108 148 41
108 149 68
109 0 -50
109 5 12
109 8 69
109 10 -82
109 13 -14
109 15 -47
109 18 24
109 22 -10
109 23 -85
109 26 -84
109 31 -42
109 34 50
109 41 -72
109 44 55
109 49 -53
109 50 -62
109 51 39
109 52 -18
109 54 -11
109 57 88
109 58 39
109 59 -90
109 61 68
109 66 100
109 74 -19
109 77 63
109 83 -30
109 87 63
109 88 77
109 90 -99
109 91 -25
109 93 -82
109 97 95
109 99 19
109 101 -14
109 104 32
109 107 26
109 108 -90
109 110 -91
109 113 -13
109 114 22
109 119 -22
109 121 -62
109 123 -71
109 124 -76
109 125 11
109 129 -48
109 131 -95
109 133 -3
109 134 19
109 135 31
109 136 -43
109 140 50
109 141 56
109 142 79
109 145 -53
109 147 28
109 148 -67
110 2 -37
110 3 28
110 4 49
110 5 -89
110 8 -69
110 10 17
110 14 15
110 15 100
110 18 65
110 19 -23
110 21 49
110 22 -58
110 24 62
110 28 2
110 30 57
110 42 87
110 46 -16
110 51 -65
110 54 -5
110 55 -70
110 58 -84
110 61 -81
110 63 48
110 77 -36
110 83 -35
110 85 13
110 86 -92
110 90 -74
110 93 -81
110 94 -31
110 101 74
110 104 -42
110 109 -59
110 112 -74
110 115 20
110 116 -90
110 117 42
110 118 -86
110 119 74
110 125 -1
110 128 -22
110 129 35
110 131 89
110 132 52
110 133 90
110 135 -54
110 137 76
110 138 -48
110 140 -86
110 141 -58
110 142 -13
110 146 -98
110 148 21
111 2 99
111 10 -63
111 11 94
111 21 20
111 25 85
111 27 -32
111 29 50
111 32 -16
111 33 -5
111 36 -68
111 41 57
111 44 64
111 46 -53
111 47 21
111 48 92
111 50 17
111 51 71
111 57 51
111 60 93
111 66 64
111 71 -28
111 73 46
111 80 7
111 83 24
111 89 -84
111 102 33
111 104 -26
111 116 -82
111 121 60
111 124 98
111 126 42
111 128 62
111 132 -14
111 133 87
111 143 80
111 144 85
111 149 -64
112 0 99
112 1 81
112 3 7
112 5 -76
112 8 99
112 11 -94
112 18 -72
112 20 29
112 25 4
112 26 85
112 30 -68
112 32 -75
112 37 -53
112 41 -42
112 42 45
112 44 -49
112 46 -28
112 50 -60
112 53 1
112 58 10
112 59 -41
112 70 -9
112 71 21
112 72 -38
112 77 96
112 87 -27
112 89 21
112 90 -78
112 93 -21
112 94 6
112 95 28
112 97 -90
112 100 -34
112 101 56
112 102 -46
112 104 35
112 106 -58
112 108 67
112 109 -86
112 110 -48
112 112 -99
112 116 -66
112 124 -38
112 128 13
112 134 52
112 139 -72
112 140 20
112 145 -39
112 146 -57
112 147 -21
112 149 2
113 3 -54
113 4 -17
113 6 -36
113 7 -89
113 10 99
113 11 -78
113 19 -82
113 23 -10
113 25 42
113 27 47
113 28 74
113 30 72
113 31 -35
113 36 -52
113 37 -28
113 41 60
113 45 21
113 46 98
113 49 -56
113 53 -38
113 54 -33
113 57 -66
113 61 -25
113 62 -34
113 63 -67
113 69 85
113 73 -23
113 82 -15
113 87 8
113 93 15
113 94 -91
113 95 80
113 98 -79
113 100 20
113 101 -63
113 103 -5
113 104 18
113 108 10
113 112 65
113 115 -25
113 121 65
113 122 16
113 127 49
113 128 58
113 129 33
113 131 8
113 135 -81
113 136 -4
113 138 52
113 141 54
113 143 -71
113 145 -25
113 146 60
113 149 -6
114 3 -6
114 10 87
114 12 -38
114 13 -65
114 15 91
114 16 -99
114 17 13
114 19 -98
114 21 -40
114 25 -89
114 29 -93
114 30 -4
114 32 -19
114 34 32
114 35 -75
114 42 -68
114 43 81
114 45 -16
114 47 92
114 49 42
114 50 -59
114 51 71
114 53 -68
114 55 -31
114 60 -67
114 61 57
114 62 24
114 68 -59
114 71 75
114 73 6
114 74 53
114 75 -92
114 78 80
114 84 86
114 85 68
114 86 -57
114 88 100
114 89 -69
114 97 64
114 106 37
114 107 3
114 108 41
114 109 -16
114 112 -40
114 113 80
114 114 59
114 115 -48
114 118 -82
114 122 50
114 126 7
114 127 75
114 130 -96
114 132 -63
114 137 -66
114 138 -76
114 142 93
114 143 -89
114 144 -41
115 2 -54
115 10 27
115 13 -81
115 19 100
115 24 -87
115 26 56
115 28 92
115 31 86
115 33 96
115 34 82
115 35 -82
115 36 -63
115 40 48
115 41 56
115 45 57
115 49 93
115 53 65
115 55 15
115 58 -38
115 62 68
115 63 10
115 64 55
115 68 -30
115 72 82
115 78 -63
115 85 -77
115 87 -86
115 88 -86
115 90 -6
115 93 50
115 94 54
115 101 16
115 104 -58
115 112 44
115 117 -20
115 122 66
115 123 -10
115 125 -84
115 129 -31
115 133 57
115 134 -77
115 137 -39
115 140 -92
115 143 57
115 144 -24
115 149 -58
116 5 94
116 10 20
116 12 -17
116 14 -30
116 16 93
116 17 35
116 18 100
116 21 -21
116 25 59
116 28 -47
116 32 59
116 33 40
116 35 -54
116 42 -10
116 43 77
116 45 -5
116 59 -70
116 62 -96
116 64 73
116 65 78
116 66 3
116 72 24
116 76 -57
116 77 -34
116 79 41
116 85 91
116 88 -73
116 89 -14
116 92 -24
116 107 58
116 109 -38
116 112 73
116 114 55
116 117 -8
116 124 79
116 125 -68
116 126 50
116 130 -65
116 136 -50
116 142 23
116 147 64
116 148 48
117 0 -44
117 1 31
117 4 14
117 5 -25
117 7 83
117 8 -31
117 9 -39
117 11 -61
117 12 61
117 18 -53
117 21 -30
117 22 -60
117 23 12
117 25 -42
117 26 -49
117 30 -90
117 31 -52
117 33 94
117 36 -44
117 37 54
117 42 -18
117 43 46
117 45 22
117 47 -3
117 48 -56
117 51 -60
117 52 -42
117 54 -23
117 55 -8
117 58 -10
117 59 -41
117 60 53
117 61 100
117 62 29
117 65 -20
117 75 -96
117 76 43
117 77 100
117 80 14
117 83 89
117 84 -3
117 85 -71
117 88 31
117 90 15
117 97 55
117 99 23
117 104 12
117 112 59
117 115 13
117 116 -51
117 122 -95
117 127 47
117 132 -69
117 133 45
117 137 -35
117 138 -66
117 143 -30
117 144 -18
117 146 -9
117 147 32
117 148 -53
118 0 91
118 1 66
118 2 48
118 4 81
118 7 77
118 16 33
118 20 42
118 23 26
118 25 -34
118 26 12
118 30 -9
118 34 82
118 35 77
118 41 -58
118 49 38
118 55 -17
118 56 83
118 57 -17
118 58 -29
118 65 -73
118 66 -71
118 68 -64
118 75 -54
118 83 52
118 85 -47
118 86 72
118 93 -43
118 97 -67
118 98 -60
118 99 26
118 100 -61
118 102 -63
118 103 10
118 108 -65
118 111 -95
118 114 -97
118 115 -12
118 116 -54
118 119 -25
118 122 -39
118 124 85
118 125 85
118 127 22
118 128 61
118 130 -59
118 140 -64
118 142 -94
118 144 81
118 145 27
119 0 -84
119 3 18
119 4 -88
119 6 -51
119 9 12
119 11 90
119 16 9
119 25 47
119 26 -24
119 29 3
119 32 -55
119 35 78
119 37 -51
119 44 50
119 45 -49
119 49 -35
119 50 35
119 53 78
119 55 46
119 56 -89
119 57 -57
119 61 -67
119 66 -52
119 67 4
119 68 16
119 69 60
119 71 55
119 77 83
119 78 80
119 81 32
119 83 -57
119 86 -56
119 88 46
119 89 -96
119 94 -13
119 95 -72
119 96 68
119 99 58
119 100 42
119 102 -67
119 103 41
119 104 79
119 105 42
119 108 72
119 111 -11
119 117 -100
119 118 52
119 120 -49
119 125 -66
119 128 -94
119 134 25
119 135 2
119 138 -73
119 141 16
119 145 -9
119 146 -76
120 2 48
120 3 26
120 13 65
120 14 -75
120 15 18
120 16 -6
120 22 68
120 24 -27
120 27 -87
120 34 75
120 40 -92
120 44 99
120 46 33
120 49 60
120 51 51
120 56 71
120 61 -40
120 67 -1
120 68 42
120 75 -30
120 79 62
120 80 -86
120 81 -41
120 85 -89
120 86 -28
120 91 -88
120 92 -27
120 94 -1
120 95 90
120 96 -9
120 99 -46
120 102 58
120 103 45
120 105 -82
120 112 62
120 113 -50
120 117 -96
120 118 30
120 121 -95
120 123 -68
120 124 72
120 127 -18
120 132 -22
120 133 -63
120 136 34
120 138 86
120 146 -48
120 149 97
121 1 -84
121 3 -34
121 8 -1
121 11 81
121 14 56
121 22 -25
121 23 -91
121 24 3
121 27 44
121 29 -52
121 36 51
121 38 5
121 42 -4
121 43 1
121 50 28
121 52 15
121 55 28
121 57 63
121 60 -68
121 63 27
121 65 -1
121 66 18
121 68 16
121 70 -75
121 72 -69
121 73 77
121 80 -40
121 81 -39
121 83 81
121 86 -20
121 87 -24
121 91 74
121 98 -9
121 99 -21
121 104 -53
121 109 4
121 111 47
121 112 -67
121 115 -21
121 116 52
121 121 -14
121 125 1
121 128 58
121 132 -6
121 134 18
121 136 -83
121 141 56
121 142 -65
121 143 59
121 148 8
121 149 39
122 2 18
122 5 -50
122 6 -81
122 8 -36
122 12 91
122 15 74
122 16 70
122 18 -93
122 19 -22
122 20 -73
122 21 -4
122 23 76
122 30 41
122 32 79
122 35 -79
122 36 28
122 38 77
122 41 -76
122 42 -32
122 49 -56
122 50 -68
122 52 -2
122 53 88
122 57 -77
122 58 -53
122 60 13
122 61 77
122 62 80
122 63 -55
122 65 -34
122 66 -21
122 69 -73
122 70 -41
122 73 79
122 75 18
122 76 -61
122 82 19
122 85 23
122 88 -61
122 95 32
122 96 72
122 102 66
122 103 59
122 107 1
122 108 -14
122 110 1
122 114 88
122 116 -86
122 119 55
122 122 77
122 125 98
122 131 5
122 133 85
122 136 16
122 146 -35
122 149 -61
123 3 -66
123 7 8
123 15 -34
123 17 6
123 18 100
123 19 -100
123 20 61
123 22 -15
123 24 59
123 32 66
123 34 -55
123 44 -49
123 53 67
123 54 -38
123 56 37
123 58 -51
123 62 -75
123 63 -92
123 64 -78
123 68 51
123 69 15
123 71 -58
123 75 55
123 80 -60
123 83 -65
123 85 2
123 86 61
123 89 46
123 90 85
123 95 -44
123 101 -78
123 104 -29
123 108 -33
123 110 52
123 112 -26
123 115 9
123 120 -78
123 124 26
123 128 14
123 130 -10
123 131 -78
123 134 27
123 137 -15
123 141 -71
123 148 -99
123 149 -46
124 3 45
124 5 23
124 8 -91
124 11 -30
124 14 -40
124 15 -68
124 18 -43
124 22 -61
124 26 -8
124 31 -25
124 35 -5
124 36 -68
124 45 35
124 47 -27
124 52 -13
124 54 92
124 59 88
124 60 96
124 61 60
124 68 95
124 69 -34
124 72 -46
124 75 -24
124 76 -50
124 81 68
124 82 48
124 86 48
124 87 44
124 97 91
124 100 33
124 101 39
124 102 19
124 103 -24
124 104 89
124 107 15
124 108 -51
124 109 83
124 113 -26
124 114 42
124 120 -73
124 126 -22
124 128 9
124 132 88
124 133 -64
124 134 -39
124 136 -4
124 137 90
124 140 -53
124 142 18
124 149 -52
125 4 -18
125 5 -57
125 8 -90
125 11 64
125 17 9
125 20 1
125 21 60
125 23 15
125 24 61
125 29 67
125 34 -99
125 38 -47
125 40 85
125 41 -34
125 44 87
125 50 31
125 51 -33
125 53 71
125 54 26
125 55 -65
125 56 22
125 58 -97
125 64 31
125 66 -36
125 68 47
125 69 1
125 72 9
125 74 71
125 76 -60
125 81 31
125 82 42
125 83 31
125 88 43
125 89 -31
125 97 45
125 99 -93
125 100 -31
125 102 55
125 108 6
125 111 16
125 119 -70
125 122 14
125 125 -72
125 129 32
125 131 -5
125 136 -63
125 137 95
125 139 -83
125 140 -92
125 141 60
125 142 90
125 143 -50
125 147 -35
125 148 68
126 0 -9
126 2 55
126 4 -9
126 7 33
126 14 -81
126 15 44
126 16 39
126 17 31
126 19 8
126 20 32
126 22 94
126 26 71
126 28 -79
126 38 85
126 42 -24
126 46 3
126 47 -81
126 49 60
126 50 92
126 52 -21
126 54 -69
126 62 6
126 63 -80
126 64 56
126 65 -94
126 66 -75
126 75 -48
126 77 -68
126 79 -15
126 80 -68
126 83 75
126 87 14
126 89 74
126 90 -42
126 92 84
126 93 85
126 95 46
126 97 30
126 98 8
126 103 95
126 105 -96
126 106 -6
126 107 52
126 109 98
126 114 -49
126 120 54
126 121 -99
126 122 -81
126 127 -42
126 128 -89
126 130 -19
126 132 -30
126 133 46
126 137 50
127 3 -48
127 4 80
127 5 86
127 6 6
127 13 -11
127 14 86
127 17 22
127 20 59
127 32 -68
127 35 86
127 39 -8
127 42 50
127 43 -36
127 45 53
127 46 25
127 49 23
127 51 69
127 52 -97
127 62 -14
127 63 32
127 66 46
127 68 -86
127 69 -7
127 82 57
127 85 75
127 89 19
127 90 57
127 97 70
127 98 -37
127 99 -89
127 111 9
127 113 -39
127 117 83
127 121 -38
127 127 -28
127 128 -17
127 138 -37
127 142 29
127 144 -73
127 145 77
127 146 26
127 148 -37
128 0 55
128 1 -79
128 3 37
128 4 45
128 6 27
128 7 -61
128 9 -90
128 10 -6
128 11 42
128 12 -49
128 13 -29
128 15 -44
128 16 -47
128 23 56
128 28 -81
128 29 -47
128 46 58
128 47 -64
128 51 -43
128 52 18
128 53 -9
128 54 72
128 55 -54
128 57 50
128 60 37
128 62 -71
128 67 60
128 74 -44
128 79 -35
128 82 31
128 88 -27
128 92 74
128 94 -51
128 100 -98
128 105 -14
128 109 -75
128 111 -29
128 124 83
128 132 42
128 134 -23
128 136 -39
128 139 20
128 141 -28
128 143 83
129 1 51
129 2 -30
129 4 -91
129 8 -30
129 12 98
129 13 -80
129 14 -28
129 15 -4
129 18 -39
129 23 33
129 25 -65
129 27 20
129 30 -49
129 31 -84
129 32 38
129 33 60
129 34 34
129 37 76
129 40 29
129 41 89
129 43 28
129 44 71
129 48 4
129 49 59
129 52 -66
129 54 80
129 56 -51
129 58 -39
129 60 62
129 61 -68
129 64 81
129 65 -47
129 70 2
129 71 -13
129 72 -3
129 75 45
129 79 -52
129 81 76
129 85 49
129 88 64
129 89 88
129 90 88
129 92 66
129 94 63
129 96 -31
129 97 -79
129 101 -29
129 107 -59
129 112 -10
129 115 92
129 118 -88
129 119 74
129 123 -95
129 126 -15
129 128 75
129 131 24
129 132 -73
129 134 38
129 137 46
129 141 -23
129 148 -99
129 149 79
130 4 -24
130 8 16
130 9 -69
130 12 -48
130 18 46
130 21 -48
130 25 -29
130 28 -4
130 31 74
130 34 -96
130 35 83
130 41 -38
130 44 28
130 45 -75
130 47 -73
130 51 61
130 52 -86
130 55 -83
130 56 -92
130 57 36
130 59 12
130 60 63
130 61 8
130 63 -18
130 66 -56
130 68 -49
130 73 65
130 79 29
130 81 94
130 84 -67
130 86 23
130 89 51
130 93 -51
130 95 -44
130 98 -56
130 101 -50
130 103 46
130 107 72
130 108 -55
130 122 -2
130 129 -84
130 132 85
130 133 -38
130 134 -24
130 137 94
130 141 42
130 143 -17
130 145 17
130 147 -50
130 148 -35
131 2 -24
131 5 -75
131 8 70
131 12 38
131 15 51
131 17 2
131 21 47
131 22 -67
131 32 6
131 33 100
131 34 -85
131 36 -31
131 38 -47
131 39 57
131 40 85
131 41 -74
131 48 18
131 49 -24
131 50 69
131 52 70
131 56 -12
131 59 29
131 60 -84
131 63 -20
131 68 -64
131 77 -33
131 81 -14
131 84 -80
131 85 -33
131 90 -85
131 93 73
131 94 50
131 97 52
131 98 -28
131 103 -71
131 106 -35
131 111 17
131 119 -76
131 125 -76
131 127 -97
131 129 -18
131 134 -68
131 135 34
131 138 -38
131 143 -21
131 145 62
132 0 26
132 4 -86
132 7 24
132 8 75
132 13 83
132 16 83
132 17 76
132 18 -48
132 21 75
132 23 86
132 24 -65
132 27 73
132 30 -32
132 37 91
132 40 1
132 43 -24
132 47 48
132 49 -27
132 56 70
132 60 -88
132 62 17
132 64 100
132 66 94
132 69 4
132 76 -32
132 79 7
132 82 -72
132 88 -38
132 89 -18
132 105 9
132 108 27
132 113 -1
132 116 58
132 117 83
132 121 -15
132 122 -29
132 123 -86
132 124 -11
132 129 -17
132 137 -59
132 139 97
132 140 -64
132 146 -11
133 1 15
133 8 -29
133 9 -49
133 12 -18
133 13 -4
133 17 -93
133 18 -10
133 19 71
133 22 -64
133 27 94
133 32 74
133 33 63
133 35 -28
133 36 12
133 44 96
133 46 3
133 50 37
133 56 -75
133 57 2
133 65 88
133 68 -80
133 70 -39
133 76 -12
133 77 -100
133 80 59
133 81 -20
133 82 90
133 86 44
133 88 42
133 91 55
133 92 -14
133 104 -29
133 106 -77
133 114 -68
133 116 -11
133 121 72
133 123 38
133 125 -61
133 126 -6
133 133 -34
133 136 -94
133 137 72
133 139 -50
133 140 53
133 142 79
133 143 -57
133 146 10
133 148 -32
134 0 -32
134 2 -34
134 7 -56
134 11 99
134 12 23
134 15 57
134 17 87
134 21 52
134 22 36
134 27 35
134 28 -6
134 30 -20
134 33 -33
134 43 32
134 51 69
134 54 69
134 58 28
134 59 2
134 60 -79
134 61 44
134 62 46
134 66 77
134 68 -38
134 69 64
134 73 59
134 74 -13
134 75 26
134 78 37
134 80 -54
134 86 83
134 87 -40
134 88 73
134 89 -78
134 98 46
134 99 -95
134 101 23
134 103 -37
134 105 -98
134 113 100
134 115 -75
134 116 27
134 119 -58
134 128 -97
134 137 20
134 140 -18
134 141 -62
134 142 -81
134 147 98
134 148 33
135 0 -28
135 2 53
135 12 -79
135 15 -17
135 17 12
135 23 58
135 24 -25
135 25 68
135 26 -45
135 40 -91
135 41 -15
135 44 -78
135 50 -93
135 54 -75
135 56 57
135 57 15
135 61 99
135 68 46
135 71 28
135 72 -19
135 73 83
135 74 -56
135 76 98
135 80 86
135 87 62
135 89 20
135 91 -7
135 93 -65
135 99 100
135 101 -67
135 102 -10
135 103 73
135 105 -42
135 111 33
135 112 -6
135 117 88
135 119 -26
135 122 -20
135 124 93
135 131 42
135 132 -66
135 134 -80
135 138 -14
135 139 -65
135 141 71
135 143 -3
135 144 -25
135 146 70
136 0 39
136 1 -24
136 3 -31
136 9 60
136 13 -86
136 16 50
136 17 -13
136 19 17
136 24 59
136 27 -43
136 32 81
136 33 -13
136 34 65
136 35 -44
136 36 -89
136 38 -13
136 41 -95
136 42 77
136 46 25
136 48 -26
136 50 49
136 56 89
136 64 -66
136 65 -40
136 67 95
136 68 61
136 70 68
136 72 95
136 73 100
136 75 14
136 79 -71
136 91 -71
136 93 35
136 94 50
136 96 -12
136 97 -68
136 98 85
136 99 -66
136 100 -3
136 101 54
136 104 -20
136 109 76
136 114 52
136 116 -9
136 117 58
136 119 83
136 123 -57
136 126 -39
136 128 86
136 129 -71
136 130 36
136 135 62
136 137 -15
137 0 73
137 1 78
137 10 -54
137 11 -70
137 19 -2
137 25 -16
137 26 -30
137 29 -69
137 35 -63
137 36 -20
137 37 -65
137 38 -34
137 41 -16
137 43 -20
137 44 53
137 47 18
137 50 82
137 54 82
137 55 99
137 56 73
137 62 30
137 66 -49
137 71 6
137 76 -51
137 77 63
137 79 -91
137 83 31
137 86 42
137 89 -95
137 97 -64
137 102 -29
137 107 95
137 108 79
137 109 -26
137 117 79
137 120 44
137 121 -71
137 127 14
137 132 80
137 133 52
137 134 -25
137 142 11
137 143 19
137 144 26
137 146 -55
137 149 -69
138 1 10
138 3 -49
138 5 95
138 6 -21
138 7 -15
138 10 -60
138 12 -60
138 13 11
138 18 -37
138 19 21
138 21 47
138 25 30
138 27 71
138 28 -18
138 35 -76
138 42 -13
138 43 -10
138 46 -90
138 49 67
138 51 -10
138 52 65
138 54 -26
138 55 43
138 59 74
138 60 61
138 61 -6
138 74 16
138 76 -3
138 78 -61
138 93 -71
138 95 -30
138 97 48
138 98 66
138 101 56
138 102 41
138 108 -14
138 111 -59
138 112 61
138 114 98
138 115 -11
138 116 92
138 118 75
138 121 -40
138 125 24
138 127 70
138 135 95
138 143 10
138 145 -79
138 147 -57
138 149 -70
139 2 1
139 3 -43
139 6 72
139 11 48
139 14 -93
139 16 69
139 18 -49
139 22 -64
139 23 37
139 26 -48
139 28 38
139 31 98
139 32 -92
139 36 86
139 38 51
139 39 23
139 40 34
139 44 10
139 45 56
139 46 -76
139 51 2
139 54 35
139 56 45
139 58 -5
139 59 -58
139 62 41
139 64 45
139 65 67
139 67 36
139 68 -81
139 72 -80
139 73 -22
139 76 30
139 77 -47
139 79 2
139 82 -61
139 86 11
139 87 47
139 91 46
139 93 -53
139 94 -41
139 100 80
139 102 -39
139 103 46
139 108 -47
139 109 39
139 110 97
139 115 -82
139 121 88
139 131 -79
139 136 -74
139 143 72
139 146 -11
139 148 -20
139 149 94
140 4 42
140 5 61
140 7 -88
140 10 56
140 11 15
140 19 -33
140 27 98
140 49 14
140 51 -82
140 56 -9
140 62 34
140 63 -92
140 65 84
140 66 -63
140 72 -78
140 75 -27
140 78 81
140 83 11
140 85 -47
140 90 62
140 92 -86
140 93 -29
140 94 -65
140 95 -23
140 103 64
140 105 -62
140 106 -86
140 107 99
140 111 34
140 117 -63
140 118 61
140 119 89
140 123 -63
140 125 -76
140 129 72
140 139 7
140 142 -71
140 144 63
140 145 99
141 0 -19
141 4 -48
141 5 -72
141 7 -20
141 8 74
141 9 35
141 12 -61
141 16 -69
141 20 -89
141 21 75
141 23 -39
141 26 28
141 27 68
141 28 -56
141 29 85
141 32 -34
141 35 -87
141 36 37
141 42 95
141 43 64
141 45 95
141 48 -49
141 50 60
141 51 51
141 52 41
141 54 16
141 56 -33
141 57 -73
141 60 -83
141 61 68
141 62 -84
141 64 -91
141 67 -80
141 71 -90
141 73 38
141 79 12
141 80 -29
141 85 43
141 89 -1
141 90 2
141 102 -30
141 116 -59
141 121 4
141 122 32
141 135 25
141 138 -94
141 143 -60
141 144 99
141 145 -62
141 146 34
141 147 -42
141 148 62
141 149 79
142 1 77
142 2 -19
142 3 35
142 4 61
142 5 -92
142 6 -38
142 14 86
142 18 77
142 22 -94
142 24 -77
142 25 -18
142 28 -20
142 30 34
142 34 9
142 36 36
142 37 79
142 38 43
142 40 -15
142 42 73
142 51 43
142 57 -19
142 58 52
142 60 -22
142 65 39
142 72 23
142 73 -86
142 75 71
142 76 5
142 77 -69
142 85 59
142 88 10
142 89 91
142 92 31
142 93 -64
142 99 -51
142 100 49
142 106 -57
142 114 -8
142 115 29
142 117 -59
142 118 39
142 122 -89
142 125 92
142 129 39
142 131 29
142 132 68
142 141 -42
142 144 -89
142 146 99
142 149 -55
143 1 -36
143 11 -82
143 12 -85
143 13 42
143 16 -12
143 17 -93
143 19 -45
143 20 -53
143 22 20
143 24 52
143 26 62
143 28 47
143 29 17
143 39 -34
143 40 30
143 41 79
143 42 -84
143 43 -44
143 46 98
143 52 -55
143 54 -96
143 56 21
143 57 -4
143 58 -6
143 60 -95
143 61 26
143 64 -89
143 69 23
143 70 48
143 71 -60
143 72 -72
143 73 -95
143 75 94
143 76 -62
143 79 65
143 80 90
143 81 -66
143 84 28
143 85 -65
143 87 -76
143 89 -58
143 90 -81
143 93 -45
143 96 81
143 97 40
143 103 -66
143 106 -38
143 115 80
143 116 43
143 118 40
143 119 78
143 120 -96
143 121 -86
143 124 -82
143 125 4
143 132 86
143 137 11
143 142 -78
143 143 86
143 145 -85
143 147 -66
144 3 -71
144 5 88
144 9 -47
144 16 -53
144 19 -4
144 25 -5
144 29 -87
144 33 -56
144 40 95
144 47 36
144 50 15
144 55 -35
144 60 77
144 61 31
144 62 10
144 64 89
144 65 -47
144 66 -51
144 67 -8
144 68 23
144 73 5
144 75 -5
144 78 20
144 84 -76
144 88 -48
144 90 -20
144 93 -36
144 95 -46
144 98 18
144 100 27
144 105 -27
144 107 -18
144 110 -13
144 115 72
144 121 -69
144 123 93
144 128 1
144 129 -85
144 131 -98
144 133 94
144 138 30
144 139 52
144 141 -9
144 142 40
144 143 -47
144 147 70
145 0 90
145 3 -22
145 4 -94
145 5 -27
145 12 -24
145 22 39
145 29 -73
145 32 -47
145 36 81
145 37 79
145 38 87
145 39 84
145 44 2
145 53 23
145 60 41
145 64 -46
145 65 100
145 66 75
145 68 13
145 74 9
145 75 64
145 77 87
145 79 98
145 81 -94
145 82 -88
145 83 38
145 87 63
145 91 -7
145 95 53
145 97 -45
145 99 -26
145 101 100
145 103 92
145 104 -59
145 109 34
145 111 47
145 113 -42
145 114 16
145 116 1
145 117 -90
145 121 -80
145 122 -61
145 125 -78
145 126 94
145 127 -83
145 129 86
145 130 73
145 141 -62
145 142 66
145 143 -30
145 144 -62
145 145 -31
145 146 -21
145 148 -28
146 1 -84
146 3 -17
146 8 65
146 9 78
146 10 59
146 11 -9
146 12 76
146 25 -69
146 28 -83
146 30 25
146 33 3
146 34 -44
146 37 -41
146 45 79
146 48 30
146 50 43
146 51 65
146 52 -31
146 54 -99
146 57 23
146 58 45
146 64 -64
146 67 -8
146 68 32
146 72 -20
146 75 -66
146 78 -66
146 79 -48
146 80 -12
146 81 -21
146 84 -53
146 85 -76
146 87 -99
146 88 -75
146 90 18
146 99 24
146 100 -62
146 104 -98
146 114 -16
146 117 34
146 120 63
146 124 -30
146 129 -80
146 130 76
146 139 3
146 142 -24
147 4 -78
147 7 -69
147 16 50
147 17 -57
147 20 98
147 22 -95
147 25 -86
147 27 75
147 29 22
147 32 -38
147 34 -8
147 42 -86
147 43 -30
147 44 -28
147 51 95
147 59 32
147 67 -19
147 77 96
147 79 24
147 82 21
147 84 18
147 85 18
147 96 -25
147 100 -42
147 102 7
147 105 14
147 107 29
147 108 -52
147 111 63
147 114 30
147 117 -36
147 119 -81
147 120 16
147 121 99
147 122 -19
147 124 21
147 130 11
147 134 -86
147 137 28
147 138 -20
147 139 -27
147 141 -51
147 142 63
147 149 25
148 3 -91
148 7 50
148 8 3
148 9 37
148 15 48
148 20 -42
148 28 -88
148 30 20
148 31 72
148 32 13
148 36 26
148 37 -19
148 38 47
148 41 33
148 44 -93
148 48 60
148 50 -16
148 51 -26
148 52 40
148 56 68
148 57 -39
148 70 -47
148 71 23
148 72 -69
148 73 19
148 88 82
148 91 -10
148 95 97
148 96 -26
148 99 44
148 100 -97
148 101 -39
148 103 -64
148 108 13
148 109 41
148 113 89
148 115 -91
148 116 -71
148 117 10
148 122 57
148 124 53
148 126 83
148 128 -65
148 131 34
148 133 -17
148 138 66
148 143 -35
148 144 -64
148 145 -5
149 1 41
149 8 26
149 9 63
149 13 88
149 14 5
149 23 -43
149 24 -1
149 27 86
149 34 -56
149 36 -42
149 42 -92
149 43 -29
149 46 -89
149 47 33
149 49 87
149 50 -72
149 54 87
149 57 -61
149 60 81
149 63 9
149 69 76
149 70 28
149 72 -89
149 76 99
149 79 64
149 81 -65
149 83 -8
149 85 -51
149 91 -94
149 94 2
149 95 -33
149 98 -45
149 105 59
149 108 -54
149 116 57
149 121 -66
149 127 82
149 129 -44
149 132 43
149 133 -1
149 139 14
149 142 -29
149 143 -3
149 145 -46