0 2 -65
0 3 98
0 4 14
0 5 73
0 7 -34
0 8 -23
0 9 -77
0 12 35
0 16 -65
0 17 -89
0 18 40
0 21 25
0 23 20
0 25 8
0 26 -94
0 27 48
0 30 -10
0 31 -64
0 32 -59
0 34 53
0 41 95
0 43 66
0 44 -52
0 45 36
0 47 -66
1 0 93
1 1 -93
1 2 31
1 3 66
1 4 -79
1 7 -72
1 9 -15
1 12 6
1 20 -74
1 23 -1
1 25 84
1 27 82
1 28 9
1 31 31
1 32 59
1 33 57
1 42 -84
1 46 -11
1 47 58
1 48 25
1 49 98
2 0 10
2 5 45
2 8 -18
2 9 81
2 12 75
2 17 -69
2 19 -99
2 24 57
2 25 -25
2 28 62
2 30 88
2 31 -61
2 35 39
2 36 -41
2 42 99
2 44 -15
2 45 91
2 48 -67
2 49 81
3 2 -4
3 4 49
3 6 -96
3 7 -48
3 8 51
3 9 -59
3 11 -76
3 15 -34
3 16 14
3 17 -8
3 24 -74
3 28 36
3 29 -5
3 30 -81
3 31 -72
3 34 43
3 36 30
3 38 -47
3 40 -98
3 41 85
3 43 -25
3 44 36
3 46 -15
3 49 -75
4 1 -1
4 2 58
4 3 -41
4 6 -47
4 8 -94
4 9 -62
4 11 -69
4 12 86
4 13 -67
4 14 2
4 17 -94
4 18 -65
4 19 -47
4 26 77
4 29 25
4 33 -28
4 35 -66
4 36 -75
4 38 -72
4 39 73
4 41 19
4 43 -81
4 45 -97
4 46 -24
4 47 -73
4 48 -21
4 49 78
5 0 -65
5 6 -39
5 10 54
5 11 94
5 12 -34
5 16 85
5 18 -39
5 21 40
5 22 74
5 26 -82
5 29 -41
5 30 76
5 31 -11
5 34 64
5 38 88
5 40 -54
5 41 -63
5 46 90
5 48 10
6 0 -86
6 1 -66
6 2 3
6 4 -86
6 7 -16
6 8 -10
6 9 -68
6 10 71
6 11 48
6 16 -27
6 17 -33
6 19 -18
6 20 1
6 21 -30
6 24 -33
6 28 -9
6 32 49
6 38 39
6 39 -18
6 40 44
6 42 9
6 44 -92
6 45 59
6 48 -44
7 1 73
7 2 -98
7 3 87
7 11 64
7 15 83
7 17 39
7 18 -88
7 21 56
7 22 60
7 24 -96
7 30 -38
7 31 -60
7 32 32
7 33 48
7 34 -8
7 36 -38
7 38 -97
7 41 93
7 43 -74
7 46 -50
7 48 81
8 0 -71
8 1 -32
8 4 22
8 5 -70
8 7 -46
8 8 53
8 9 60
8 10 40
8 12 -92
8 14 5
8 15 -4
8 19 15
8 22 -94
8 23 -4
8 25 -65
8 26 57
8 28 -98
8 31 -63
8 33 -89
8 36 84
8 39 44
8 40 91
8 41 20
8 45 95
8 49 -46
9 0 29
9 1 -6
9 2 78
9 4 -80
9 6 84
9 9 59
9 13 -17
9 21 -93
9 22 80
9 24 79
9 26 -31
9 29 51
9 31 -36
9 33 -64
9 34 -71
9 35 69
9 36 -62
9 37 -68
9 38 -91
9 39 -43
9 40 47
9 42 25
9 45 26
10 0 63
10 4 57
10 5 70
10 7 17
10 8 -83
10 17 61
10 18 -5
10 19 72
10 21 -20
10 22 -73
10 23 -77
10 24 58
10 27 -79
10 28 -94
10 29 -44
10 30 10
10 42 99
10 44 37
10 45 100
10 48 99
10 49 77
11 0 -68
11 1 88
11 3 -9
11 8 86
11 10 9
11 11 71
11 12 -50
11 13 -96
11 16 -49
11 17 -92
11 19 24
11 20 -47
11 21 -70
11 25 -22
11 26 -53
11 27 99
11 28 -10
11 30 -94
11 33 56
11 34 35
11 39 -66
11 40 -36
11 42 -40
11 45 8
11 48 20
11 49 55
12 2 53
12 9 -38
12 10 -94
12 11 19
12 12 98
12 14 -92
12 16 -58
12 17 41
12 18 65
12 19 -27
12 20 -71
12 21 -79
12 23 88
12 28 67
12 29 89
12 31 7
12 32 47
12 33 87
12 40 -51
12 41 14
12 43 -68
12 47 42
13 0 4
13 1 -50
13 2 39
13 6 78
13 16 11
13 17 54
13 18 -70
13 27 56
13 30 42
13 32 -96
13 33 25
13 35 2
13 36 -28
13 38 69
13 39 -61
13 40 13
13 41 24
13 44 56
13 48 19
14 1 91
14 2 13
14 4 19
14 6 -59
14 8 -70
14 10 -10
14 11 33
14 12 42
14 15 -64
14 17 67
14 18 26
14 20 44
14 25 82
14 27 -30
14 35 -68
14 39 -34
14 42 24
14 45 34
14 46 39
14 48 -66
14 49 -2
15 0 65
15 1 40
15 2 -43
15 4 53
15 6 76
15 15 -1
15 17 3
15 19 -50
15 23 -55
15 25 95
15 26 90
15 28 5
15 31 -42
15 32 -77
15 35 -99
15 38 -40
15 42 62
16 5 -31
16 6 24
16 11 72
16 14 -57
16 19 86
16 25 -50
16 28 22
16 30 68
16 34 -69
16 35 -22
16 37 -21
16 41 6
16 45 100
16 47 -65
17 1 2
17 3 85
17 7 35
17 8 -100
17 10 -21
17 13 29
17 14 30
17 15 40
17 17 56
17 18 -49
17 20 -45
17 23 53
17 27 -74
17 28 -70
17 32 54
17 37 3
17 38 79
17 40 12
17 45 59
17 47 -41
17 48 -77
18 0 59
18 1 34
18 4 -17
18 8 -15
18 11 68
18 13 96
18 16 -79
18 17 -80
18 18 18
18 20 23
18 25 -23
18 26 28
18 28 56
18 30 27
18 32 73
18 34 -52
18 39 87
18 40 -71
18 42 -54
18 43 -23
18 44 98
18 45 40
18 47 51
18 48 -72
19 0 100
19 1 -93
19 2 89
19 3 -50
19 4 88
19 5 -19
19 7 -13
19 9 96
19 11 -42
19 15 8
19 17 34
19 19 -79
19 23 57
19 24 -52
19 29 5
19 30 -25
19 31 96
19 33 -2
19 34 8
19 35 -55
19 40 3
19 41 -19
19 42 -92
19 46 -33
20 0 81
20 1 71
20 4 -73
20 5 38
20 6 97
20 7 -63
20 8 -84
20 18 -57
20 19 -87
20 20 -36
20 21 53
20 22 -98
20 23 42
20 27 -66
20 28 -38
20 30 77
20 33 26
20 34 46
20 35 98
20 38 33
20 40 -93
20 42 -54
20 43 4
20 44 -96
20 45 -21
20 46 -83
20 48 -22
21 0 96
21 1 5
21 2 -89
21 8 63
21 13 39
21 14 74
21 15 26
21 17 6
21 19 29
21 26 53
21 27 -72
21 28 62
21 31 18
21 33 -19
21 34 82
21 35 -44
21 37 88
21 38 -53
21 41 79
21 47 -97
22 0 -50
22 2 90
22 3 70
22 6 35
22 11 -29
22 15 -50
22 16 78
22 23 59
22 24 -98
22 27 17
22 30 -56
22 37 13
22 38 8
22 40 -3
22 41 20
22 42 -58
22 49 -61
23 3 -30
23 5 -34
23 6 32
23 8 -61
23 10 27
23 15 20
23 16 91
23 22 -92
23 23 49
23 24 86
23 25 41
23 26 19
23 32 -49
23 33 24
23 34 87
23 36 34
23 38 81
23 42 -30
23 43 3
23 44 41
23 46 15
23 47 -87
23 48 -18
23 49 -57
24 0 25
24 1 13
24 2 4
24 3 19
24 5 23
24 11 -24
24 12 -13
24 13 -96
24 20 -20
24 22 -81
24 26 -76
24 29 2
24 30 -18
24 33 68
24 34 76
24 37 -12
24 38 -97
24 39 -41
24 41 90
24 45 53
25 4 -87
25 5 48
25 7 -33
25 8 87
25 9 -74
25 12 20
25 13 -9
25 14 -88
25 16 -92
25 17 48
25 19 1
25 22 -70
25 25 -92
25 26 -82
25 27 -22
25 30 -31
25 32 -80
25 34 -35
25 37 -3
25 39 65
25 40 -29
25 41 76
26 0 32
26 1 -2
26 6 75
26 8 -61
26 10 50
26 11 -96
26 13 -67
26 15 70
26 16 -34
26 20 -10
26 25 -52
26 27 -42
26 28 -20
26 30 -40
26 33 13
26 38 -76
26 39 -47
26 41 97
26 42 73
26 43 -1
26 45 -9
26 46 -39
26 47 -27
26 49 94
27 0 -12
27 1 -62
27 3 -72
27 5 -26
27 7 -30
27 8 95
27 9 39
27 10 84
27 14 10
27 15 81
27 16 -62
27 17 11
27 22 -60
27 24 -19
27 25 -55
27 28 -81
27 30 16
27 31 -25
27 35 32
27 40 23
27 41 93
27 47 -74
28 1 -96
28 4 -100
28 6 -76
28 7 84
28 13 -4
28 14 -74
28 15 -7
28 17 -62
28 18 -27
28 19 19
28 20 -91
28 21 66
28 22 -96
28 24 -83
28 27 47
28 30 10
28 31 59
28 33 9
28 35 4
28 37 39
28 38 -52
28 41 -34
28 42 72
28 43 1
28 44 28
28 45 -32
28 49 -45
29 1 66
29 5 92
29 6 -57
29 10 -65
29 11 35
29 12 97
29 13 54
29 15 -33
29 17 -58
29 18 100
29 19 57
29 21 75
29 24 -97
29 25 12
29 28 -69
29 31 65
29 32 -79
29 34 88
29 35 -24
29 37 -58
29 40 6
29 44 47
29 45 44
29 48 69
30 0 -3
30 2 69
30 3 11
30 4 -70
30 6 90
30 10 9
30 11 67
30 14 37
30 16 -67
30 18 -78
30 20 57
30 22 41
30 24 -6
30 26 57
30 28 -29
30 29 88
30 37 21
30 44 66
30 47 -79
30 48 -41
31 2 -22
31 7 -29
31 8 52
31 12 -67
31 13 12
31 14 17
31 17 100
31 19 -83
31 21 -97
31 26 16
31 28 -42
31 29 42
31 36 91
31 38 44
31 40 80
31 46 -10
31 49 -82
32 1 -12
32 4 32
32 7 -66
32 9 43
32 11 34
32 13 41
32 14 31
32 17 52
32 23 52
32 25 -66
32 27 8
32 28 -81
32 29 -21
32 30 12
32 33 12
32 37 56
32 39 -80
32 41 15
32 42 -88
32 47 67
33 1 -75
33 3 -100
33 4 -36
33 5 -59
33 7 -45
33 10 43
33 12 -74
33 15 -44
33 17 -59
33 18 85
33 21 -54
33 22 36
33 25 32
33 26 10
33 27 27
33 33 -41
33 38 36
33 39 -91
33 40 -24
33 44 39
33 48 67
33 49 -85
34 1 -72
34 4 -71
34 5 6
34 8 5
34 10 -76
34 12 40
34 14 92
34 15 -23
34 18 -73
34 19 -78
34 22 -31
34 23 75
34 25 -99
34 29 -4
34 30 66
34 32 54
34 34 -94
34 35 -78
34 36 -78
34 37 -66
35 0 58
35 1 53
35 3 49
35 6 43
35 11 57
35 13 53
35 16 -37
35 17 85
35 18 19
35 19 82
35 21 76
35 22 68
35 23 -45
35 26 55
35 30 -12
35 34 8
35 35 -18
35 36 -91
35 37 95
35 40 -31
35 44 -28
35 49 38
36 2 -5
36 6 8
36 9 -15
36 12 36
36 17 5
36 22 77
36 27 -92
36 31 -79
36 33 -92
36 36 93
36 43 -10
36 45 -77
36 46 59
36 49 -28
37 0 94
37 1 16
37 6 -24
37 9 83
37 10 -72
37 12 78
37 14 -75
37 17 11
37 26 -8
37 27 -59
37 30 -33
37 33 -23
37 35 -84
37 38 47
37 40 -88
37 41 28
37 42 -75
37 43 11
37 44 -82
37 45 -53
37 46 -51
37 47 55
37 48 -59
37 49 -89
38 0 35
38 3 -54
38 4 -92
38 8 22
38 13 -47
38 15 31
38 16 -38
38 17 -73
38 18 -2
38 19 -38
38 20 -54
38 21 3
38 26 -14
38 28 -20
38 30 -74
38 32 19
38 34 6
38 35 -48
38 37 -56
38 39 -50
38 43 -51
38 46 -59
38 47 23
39 0 -60
39 1 94
39 3 -38
39 5 -58
39 6 48
39 8 22
39 12 78
39 18 19
39 19 -26
39 22 -96
39 23 13
39 24 52
39 31 -58
39 35 49
39 39 -25
39 40 25
39 41 72
39 42 60
39 47 30
39 48 15
40 3 -59
40 4 -21
40 9 -30
40 10 35
40 12 86
40 13 -58
40 14 -73
40 17 -74
40 22 -37
40 30 -38
40 32 -15
40 36 -59
40 38 -41
40 40 -59
40 47 -67
40 49 24
41 0 90
41 3 52
41 6 -84
41 7 32
41 9 20
41 10 63
41 11 5
41 12 83
41 19 68
41 21 40
41 23 53
41 28 77
41 30 -91
41 31 20
41 32 -82
41 34 -93
41 35 -76
41 38 -39
41 39 -33
41 40 -50
41 44 -42
41 48 43
41 49 74
42 5 -59
42 6 50
42 7 -21
42 8 36
42 10 -87
42 14 30
42 23 -77
42 24 -75
42 27 -64
42 29 -51
42 32 75
42 34 85
42 36 34
42 37 97
42 40 -9
42 44 -73
42 48 19
42 49 -7
43 1 58
43 6 81
43 7 -38
43 8 14
43 14 -61
43 16 -82
43 19 -21
43 22 -61
43 25 3
43 33 7
43 35 -12
43 36 -71
43 37 -96
43 42 81
43 43 99
43 44 17
43 46 57
43 47 5
44 0 -95
44 1 56
44 2 63
44 11 -32
44 13 22
44 15 25
44 16 -43
44 18 11
44 19 -31
44 21 -63
44 23 18
44 28 -96
44 32 -63
44 33 -33
44 35 -67
44 36 83
44 37 46
44 40 -9
44 41 -15
44 42 -47
44 45 -63
44 46 -11
45 1 27
45 3 -93
45 5 -59
45 7 83
45 8 14
45 9 62
45 15 19
45 17 -84
45 18 31
45 19 27
45 21 -61
45 22 55
45 24 30
45 34 3
45 36 -94
45 37 13
45 38 27
45 42 -82
45 47 -88
46 0 -27
46 1 -2
46 2 100
46 3 84
46 4 -86
46 7 82
46 9 -2
46 10 -78
46 14 -70
46 15 -56
46 16 85
46 18 10
46 25 -78
46 27 61
46 31 -38
46 32 42
46 34 91
46 35 -67
46 38 66
46 40 -32
46 41 -8
46 44 -25
46 47 42
47 1 89
47 2 19
47 3 99
47 5 -9
47 7 75
47 8 -21
47 9 19
47 10 -17
47 13 5
47 15 -57
47 17 47
47 21 75
47 22 5
47 23 -25
47 24 79
47 28 13
47 29 -13
47 34 42
47 38 -65
47 39 5
47 44 -60
47 46 100
47 48 75
48 1 54
48 2 79
48 5 19
48 7 -53
48 8 15
48 10 -10
48 11 32
48 15 -49
48 16 -26
48 17 -6
48 19 55
48 20 90
48 22 -27
48 23 28
48 24 -43
48 25 -16
48 27 94
48 28 35
48 29 -82
48 30 70
48 32 18
48 34 77
48 41 -87
48 46 39
48 47 -99
48 49 -74
49 0 -33
49 1 10
49 3 24
49 7 -57
49 8 -39
49 16 -15
49 21 -81
49 22 -83
49 23 5
49 24 2
49 26 41
49 27 37
49 28 -17
49 30 94
49 31 -98
49 34 2
49 35 -5
49 36 -54
49 37 42
49 39 29
49 41 24