0 9 79
0 11 42
0 17 -43
0 18 10
0 21 -39
0 22 -59
0 30 7
0 40 -43
0 43 -60
0 48 28
1 13 -65
1 23 -1
1 34 -82
2 5 24
2 46 58
3 24 30
3 26 -8
3 38 99
4 14 -74
4 16 -90
4 21 -4
4 26 30
4 29 -22
4 31 -35
4 40 -75
4 46 -18
5 5 97
5 34 26
5 47 57
5 48 -65
5 49 -77
6 1 -71
6 11 -22
6 23 -15
6 29 -48
7 21 -33
7 35 -66
7 42 -97
7 48 2
8 6 -50
8 16 -81
9 10 73
9 17 59
9 21 -27
9 25 -64
9 32 -3
9 42 39
10 18 -38
10 32 -69
10 35 67
10 43 27
11 6 76
11 17 -81
11 24 -5
11 25 19
11 27 -40
11 35 -73
11 37 -29
11 38 41
12 18 -19
12 29 -79
12 47 30
13 4 -69
13 12 -79
13 13 -63
13 26 -81
13 27 49
13 36 62
13 42 -3
13 48 -7
14 4 28
14 17 -74
14 19 -83
14 31 97
14 45 -80
14 46 -62
15 13 51
15 40 59
15 42 -14
15 44 38
16 0 70
17 2 24
17 14 -83
17 17 60
17 21 65
17 34 79
17 35 -8
18 3 -34
18 4 -5
18 5 49
18 14 83
18 33 -21
19 6 -2
19 9 -34
19 14 -47
19 19 -53
19 47 -94
20 27 72
20 37 -45
20 38 -62
21 7 -91
21 20 39
21 28 47
21 37 -44
21 45 87
21 46 -22
22 8 75
22 24 91
22 25 -46
23 25 7
23 35 21
24 2 -73
24 29 23
24 49 -89
25 2 -17
25 5 63
25 8 12
25 30 84
25 47 60
26 7 -93
26 28 -22
26 30 34
26 40 47
26 41 79
26 43 -93
26 47 52
27 8 56
28 0 72
28 37 -55
28 49 -86
29 1 -78
29 6 98
29 10 34
29 22 23
29 25 89
29 32 20
29 33 18
29 40 -69
29 41 38
30 6 -60
30 29 87
30 46 72
30 48 -39
31 8 -83
31 12 -56
31 16 4
31 18 -10
31 19 37
31 27 -97
31 28 41
31 29 -36
31 48 -66
32 8 68
32 11 -18
32 23 94
32 36 99
33 1 -3
33 4 70
33 6 -14
33 11 14
34 1 -34
34 3 -77
34 13 10
34 24 -18
34 31 -63
34 41 -63
34 44 75
34 49 88
35 7 -72
35 42 -34
35 44 -91
36 8 -59
36 15 -69
36 18 -74
36 20 32
36 22 -55
36 27 29
36 48 -25
37 10 39
37 28 58
37 45 -67
38 3 -1
38 5 -55
38 11 -25
38 13 17
38 24 -10
38 39 69
38 44 12
38 47 54
39 3 -14
39 9 25
39 16 -31
39 24 -36
39 29 10
39 42 -52
40 1 65
40 18 -79
40 35 -60
40 42 -34
41 11 -83
41 12 -12
41 13 74
41 18 36
41 21 71
41 42 75
41 45 -84
41 49 92
42 8 36
42 12 42
42 13 -20
42 16 -38
42 36 38
42 37 98
42 46 70
43 0 99
43 13 -7
43 39 -84
43 42 22
43 43 91
43 45 68
44 9 31
44 35 47
44 42 -66
45 21 45
45 28 32
45 31 28
45 41 -70
46 0 63
46 10 -19
46 17 -2
46 34 9
46 40 46
46 43 34
46 49 -72
47 4 -3
47 12 85
47 35 94
47 40 80
47 42 65
48 8 41
48 11 -18
48 19 -12
48 26 -82
48 31 -76
48 48 -99
49 6 -95
49 19 -26
49 35 -25
49 36 -15
49 44 -43