0 1 -13
0 3 -21
0 4 78
0 5 10
0 6 88
0 7 99
0 9 46
0 11 -75
0 12 90
0 15 92
0 17 60
0 18 -23
0 19 4
0 21 -37
0 22 96
0 23 36
0 24 -26
0 25 57
0 26 -21
0 27 -83
0 29 41
0 31 -39
0 32 24
0 33 94
0 34 62
0 35 -51
0 36 -10
0 37 48
0 38 -37
0 39 82
0 40 -1
0 42 13
0 44 78
0 45 -35
0 46 55
0 47 -35
0 48 50
0 49 25
0 50 -66
0 52 -60
0 53 93
0 55 67
0 56 51
0 57 -70
0 58 -8
0 60 76
0 61 -59
0 62 -44
0 63 -31
0 64 -61
0 65 -73
0 68 77
0 69 50
0 71 38
0 72 25
0 73 -11
0 74 -18
0 75 53
0 77 -46
0 78 56
0 80 14
0 82 48
0 83 -27
0 84 41
0 85 -79
0 86 -87
0 88 97
0 89 94
0 92 47
0 93 13
0 94 29
0 96 -23
0 97 23
0 98 -18
0 99 19
1 0 -53
1 2 10
1 5 57
1 7 22
1 8 -68
1 9 -93
1 10 -29
1 11 25
1 12 52
1 13 2
1 14 -46
1 15 -64
1 16 65
1 17 -44
1 18 -2
1 20 93
1 22 52
1 23 98
1 24 32
1 25 44
1 26 -59
1 27 -35
1 28 47
1 30 -28
1 31 -76
1 32 24
1 33 -51
1 34 74
1 37 13
1 38 -21
1 39 -34
1 40 70
1 41 87
1 43 -67
1 44 -31
1 45 39
1 46 52
1 48 29
1 49 -30
1 51 29
1 52 26
1 53 79
1 54 19
1 55 -70
1 56 58
1 57 1
1 59 -58
1 60 81
1 61 92
1 62 -83
1 63 -98
1 64 55
1 65 50
1 67 -37
1 68 -60
1 69 -90
1 70 96
1 71 -49
1 73 -79
1 74 -24
1 75 14
1 76 18
1 77 8
1 78 76
1 80 79
1 81 79
1 82 -98
1 83 -54
1 85 -11
1 86 51
1 87 -55
1 88 -25
1 90 -62
1 93 26
1 96 35
1 98 69
1 99 34
2 0 42
2 1 74
2 2 54
2 5 -24
2 6 18
2 7 39
2 8 60
2 9 75
2 10 -35
2 14 -43
2 15 57
2 16 70
2 17 -26
2 18 56
2 19 63
2 22 21
2 24 88
2 25 33
2 26 70
2 27 64
2 28 -2
2 29 -97
2 30 -49
2 31 -79
2 32 -52
2 33 -52
2 34 89
2 35 56
2 37 -89
2 38 6
2 39 29
2 40 50
2 41 -1
2 43 -72
2 44 95
2 45 -22
2 46 68
2 47 41
2 49 51
2 50 72
2 51 -67
2 53 -63
2 54 -76
2 55 -10
2 56 66
2 57 58
2 58 48
2 60 75
2 62 -35
2 63 -33
2 64 -92
2 65 -49
2 67 31
2 68 -22
2 69 63
2 71 31
2 73 -12
2 74 13
2 75 44
2 77 -35
2 79 -69
2 80 48
2 81 87
2 83 -22
2 85 15
2 86 -76
2 87 6
2 89 89
2 90 100
2 91 -24
2 92 -92
2 94 -60
2 95 -94
2 96 21
2 97 66
2 98 -29
2 99 94
3 1 60
3 3 -81
3 4 43
3 6 -44
3 7 -88
3 8 -64
3 9 -75
3 10 -31
3 11 -94
3 12 88
3 13 71
3 15 87
3 18 -72
3 20 -44
3 21 57
3 22 -27
3 23 6
3 24 81
3 25 2
3 26 -76
3 28 75
3 29 30
3 31 -86
3 33 -83
3 34 -64
3 35 73
3 36 -55
3 37 7
3 38 91
3 39 56
3 40 91
3 41 57
3 42 55
3 44 85
3 46 95
3 48 60
3 49 -26
3 50 29
3 51 56
3 52 62
3 53 15
3 54 80
3 55 -9
3 56 -50
3 57 25
3 59 96
3 60 87
3 61 -91
3 62 -45
3 63 -34
3 64 -11
3 65 94
3 66 -99
3 67 -88
3 68 33
3 69 38
3 70 -100
3 71 58
3 72 -17
3 73 78
3 74 81
3 75 61
3 77 52
3 78 -8
3 79 -67
3 80 93
3 81 51
3 83 -48
3 84 87
3 86 94
3 87 -41
3 88 -27
3 89 19
3 91 -72
3 92 34
3 95 50
3 96 24
3 97 96
3 98 73
3 99 69
4 0 -93
4 2 -70
4 3 66
4 4 26
4 5 79
4 6 37
4 7 -35
4 8 -5
4 10 73
4 12 -72
4 14 84
4 15 -84
4 16 -100
4 17 -13
4 18 79
4 19 88
4 20 -75
4 21 85
4 22 76
4 23 -52
4 25 -27
4 26 10
4 27 -45
4 28 -2
4 30 18
4 31 39
4 32 -66
4 33 25
4 35 -100
4 36 -14
4 37 65
4 38 57
4 41 -39
4 42 60
4 43 94
4 44 -57
4 45 84
4 46 54
4 47 -20
4 48 71
4 50 -13
4 52 -71
4 54 5
4 55 1
4 56 -7
4 57 -86
4 58 22
4 60 -81
4 61 -6
4 62 93
4 63 84
4 64 65
4 65 -96
4 66 19
4 67 92
4 68 -68
4 70 -95
4 71 21
4 72 73
4 76 25
4 77 64
4 78 10
4 79 13
4 81 -90
4 82 -36
4 83 -15
4 84 -58
4 87 -69
4 88 -73
4 89 -7
4 90 44
4 91 -79
4 92 -48
4 93 22
4 94 -78
4 95 -27
4 96 -80
4 98 87
4 99 47
5 1 -76
5 2 -96
5 3 78
5 4 40
5 6 -67
5 7 64
5 8 -45
5 9 32
5 10 34
5 11 78
5 12 99
5 13 -65
5 14 19
5 16 -88
5 17 48
5 18 73
5 19 95
5 21 85
5 22 -14
5 23 32
5 24 58
5 26 -6
5 27 49
5 28 -8
5 29 -74
5 30 22
5 31 20
5 32 -71
5 33 69
5 35 -9
5 36 92
5 37 64
5 39 -92
5 40 89
5 41 -77
5 43 -33
5 44 -13
5 48 -31
5 49 11
5 50 68
5 52 32
5 53 10
5 54 43
5 55 93
5 56 -42
5 57 -70
5 60 -100
5 61 44
5 62 -13
5 63 30
5 64 -95
5 65 90
5 66 20
5 67 27
5 68 36
5 69 53
5 71 -51
5 72 92
5 73 90
5 75 -10
5 76 33
5 77 -75
5 78 45
5 79 -96
5 80 -55
5 82 -70
5 85 94
5 86 -14
5 87 -26
5 88 -97
5 89 -85
5 90 -78
5 91 38
5 92 -79
5 93 20
5 94 -55
5 99 -87
6 0 45
6 1 27
6 3 -94
6 4 71
6 7 -21
6 8 -23
6 9 47
6 12 85
6 13 -33
6 14 -14
6 15 -3
6 16 93
6 17 -20
6 18 -22
6 19 -74
6 20 -20
6 23 -61
6 24 39
6 25 -47
6 26 -54
6 27 72
6 28 -30
6 29 89
6 31 -24
6 32 -35
6 33 -3
6 35 -51
6 36 51
6 37 60
6 39 -18
6 40 71
6 41 96
6 42 -21
6 43 -15
6 44 -26
6 45 -10
6 46 55
6 47 -14
6 48 -25
6 49 -19
6 51 -58
6 52 -1
6 54 -8
6 56 77
6 57 71
6 58 -71
6 59 80
6 60 33
6 61 21
6 62 100
6 63 -20
6 64 38
6 65 -3
6 66 -53
6 67 -79
6 70 -9
6 71 -64
6 73 46
6 74 93
6 75 46
6 76 -86
6 77 -89
6 79 52
6 80 81
6 82 72
6 84 42
6 85 -17
6 86 4
6 87 -80
6 88 45
6 89 34
6 90 30
6 91 -75
6 92 82
6 94 -24
6 96 31
6 97 74
6 98 55
7 1 -16
7 2 -18
7 4 68
7 5 -58
7 7 -25
7 8 56
7 9 -92
7 10 11
7 11 -98
7 12 -51
7 13 95
7 14 -67
7 15 60
7 16 51
7 17 90
7 18 -9
7 19 -14
7 20 -75
7 21 -31
7 22 -73
7 23 -60
7 24 -67
7 27 -62
7 28 3
7 30 3
7 31 61
7 32 -52
7 34 85
7 35 -1
7 36 -62
7 38 18
7 41 -45
7 42 22
7 43 -10
7 44 53
7 47 -32
7 50 13
7 51 58
7 52 -16
7 53 -99
7 55 61
7 57 -75
7 60 81
7 62 64
7 63 88
7 64 -95
7 65 -99
7 66 78
7 67 56
7 69 76
7 70 -16
7 71 -40
7 72 -41
7 73 24
7 74 -9
7 75 -71
7 77 -96
7 80 88
7 81 42
7 82 -11
7 83 -6
7 84 95
7 86 -87
7 87 82
7 88 -28
7 89 -41
7 90 -49
7 92 -6
7 93 52
7 96 77
7 97 -28
7 99 -24
8 0 -54
8 1 -59
8 2 -11
8 3 35
8 4 -32
8 5 -40
8 6 58
8 7 -60
8 8 -65
8 9 8
8 10 -75
8 11 -17
8 12 -52
8 13 90
8 14 95
8 15 -56
8 16 -85
8 18 -28
8 19 -19
8 20 90
8 21 -60
8 22 -73
8 23 -60
8 24 -21
8 25 48
8 27 -89
8 28 -22
8 29 -87
8 30 -99
8 31 -33
8 32 -55
8 33 84
8 34 -13
8 36 100
8 37 70
8 38 23
8 39 -59
8 41 1
8 42 73
8 45 -73
8 47 -34
8 49 -43
8 50 69
8 51 61
8 52 40
8 53 18
8 56 -81
8 58 -84
8 59 17
8 60 -86
8 61 -75
8 63 83
8 64 25
8 65 30
8 66 -72
8 67 -87
8 70 -86
8 72 63
8 74 80
8 76 -45
8 77 96
8 78 -94
8 79 -92
8 80 -72
8 82 -54
8 83 -11
8 84 -14
8 85 -8
8 86 -79
8 89 -79
8 91 -17
8 92 86
8 93 -68
8 94 -47
8 95 -16
8 97 -77
8 98 -52
9 1 62
9 2 20
9 3 63
9 4 -36
9 5 41
9 6 18
9 7 -47
9 8 68
9 9 -1
9 10 63
9 12 -18
9 13 25
9 14 -88
9 16 44
9 17 -25
9 18 -81
9 19 99
9 20 44
9 21 74
9 22 -78
9 24 -43
9 25 -82
9 27 30
9 28 -1
9 29 43
9 30 -2
9 31 -4
9 33 6
9 34 89
9 35 -2
9 36 44
9 37 -33
9 38 -91
9 39 93
9 40 -78
9 43 -76
9 45 80
9 47 93
9 48 -61
9 49 -9
9 51 45
9 52 -20
9 53 50
9 54 42
9 55 -76
9 56 -75
9 57 -49
9 58 -65
9 59 -35
9 60 9
9 61 9
9 63 41
9 64 31
9 65 -81
9 66 64
9 67 30
9 68 66
9 69 74
9 70 11
9 73 -21
9 74 -86
9 76 86
9 77 -2
9 78 -61
9 80 46
9 81 -15
9 83 -73
9 84 -13
9 85 -52
9 86 14
9 88 -13
9 89 -63
9 91 -71
9 92 7
9 93 -78
9 94 63
9 95 -62
9 96 47
9 97 27
9 99 -63
10 0 -26
10 1 -97
10 2 39
10 4 34
10 5 -55
10 6 8
10 7 -35
10 8 48
10 10 14
10 11 70
10 12 74
10 13 -39
10 14 -85
10 15 47
10 16 -4
10 17 86
10 19 -24
10 20 -25
10 21 -24
10 22 57
10 23 -17
10 24 -86
10 25 92
10 26 50
10 28 50
10 29 -48
10 30 50
10 31 46
10 32 -66
10 33 82
10 34 -93
10 36 25
10 37 32
10 38 -73
10 40 -91
10 41 74
10 42 -10
10 43 -66
10 44 -72
10 45 -51
10 46 92
10 47 68
10 48 -40
10 49 55
10 50 -98
10 53 18
10 54 41
10 55 -92
10 56 -9
10 58 83
10 59 -85
10 60 -52
10 61 65
10 62 -87
10 64 -99
10 65 66
10 66 -73
10 67 -56
10 68 -15
10 69 42
10 70 -23
10 72 33
10 73 75
10 74 -78
10 75 -55
10 76 66
10 77 -63
10 78 -86
10 79 -10
10 82 54
10 83 -71
10 84 36
10 85 -90
10 86 -68
10 87 -21
10 88 41
10 89 40
10 90 80
10 91 -9
10 92 19
10 94 5
10 95 -18
10 96 -95
10 97 -88
11 0 -12
11 1 78
11 3 -58
11 6 -47
11 7 -79
11 8 71
11 9 5
11 10 -54
11 11 60
11 12 -32
11 13 10
11 14 20
11 15 92
11 16 -84
11 17 -75
11 18 35
11 19 37
11 21 71
11 22 85
11 23 98
11 25 82
11 26 -40
11 29 94
11 30 -47
11 31 56
11 34 17
11 35 61
11 37 74
11 39 22
11 40 -82
11 42 90
11 43 91
11 45 100
11 46 -96
11 48 -39
11 49 -29
11 50 -11
11 51 -15
11 52 57
11 53 -30
11 55 -34
11 58 13
11 60 40
11 62 69
11 63 66
11 64 5
11 66 85
11 67 -67
11 68 -84
11 69 -14
11 70 -24
11 72 45
11 74 42
11 76 -79
11 78 -16
11 79 -26
11 80 -39
11 81 -82
11 82 -81
11 83 28
11 85 -98
11 86 -94
11 87 -58
11 88 50
11 89 -65
11 90 76
11 92 -34
11 95 75
11 96 66
11 97 26
12 1 -30
12 2 -46
12 4 -65
12 5 -2
12 6 -74
12 7 -95
12 8 -73
12 9 -14
12 10 2
12 11 52
12 12 16
12 16 64
12 17 40
12 18 23
12 19 -9
12 20 22
12 21 9
12 22 54
12 23 6
12 24 12
12 26 50
12 28 -25
12 29 75
12 30 -37
12 31 27
12 32 58
12 34 56
12 37 -6
12 40 -100
12 41 -82
12 42 -2
12 43 -44
12 44 -92
12 45 68
12 46 54
12 49 88
12 50 -78
12 51 38
12 52 -72
12 53 31
12 54 -97
12 55 96
12 56 47
12 57 -80
12 59 65
12 60 -9
12 61 -21
12 62 62
12 63 -60
12 64 -88
12 66 -20
12 68 -18
12 70 -11
12 71 -50
12 74 -98
12 75 -83
12 77 -36
12 78 19
12 79 17
12 82 24
12 83 -25
12 85 36
12 87 81
12 88 -31
12 90 22
12 91 -14
12 93 -84
12 94 2
12 95 79
12 96 38
12 97 -74
12 98 89
12 99 21
13 1 -57
13 2 -47
13 3 -55
13 4 -89
13 5 84
13 6 23
13 7 74
13 8 67
13 9 47
13 10 -50
13 11 91
13 12 -67
13 13 52
13 16 56
13 17 -14
13 18 -31
13 19 42
13 20 3
13 21 75
13 22 -38
13 23 87
13 27 -34
13 28 -31
13 29 -22
13 30 9
13 31 48
13 32 -83
13 35 32
13 36 -69
13 37 71
13 40 -41
13 41 60
13 42 -38
13 43 -45
13 44 32
13 46 47
13 48 -79
13 49 84
13 50 -14
13 52 36
13 53 25
13 54 -22
13 55 -75
13 56 79
13 60 41
13 62 50
13 64 -80
13 65 -78
13 66 -58
13 67 45
13 69 -92
13 70 -94
13 72 33
13 73 -88
13 74 70
13 75 5
13 77 16
13 79 70
13 82 -76
13 83 29
13 84 97
13 85 2
13 86 95
13 88 -85
13 90 65
13 91 69
13 92 -88
13 93 86
13 94 -18
13 96 97
13 97 -33
13 99 83
14 1 -22
14 3 -89
14 5 96
14 7 -66
14 8 -11
14 9 -79
14 10 83
14 11 26
14 12 81
14 13 -43
14 14 -17
14 15 -44
14 16 -20
14 17 -44
14 18 45
14 19 47
14 20 78
14 21 -82
14 22 -23
14 23 3
14 24 -21
14 25 14
14 27 36
14 28 75
14 30 95
14 32 16
14 33 -31
14 34 -93
14 35 17
14 36 52
14 38 -6
14 39 80
14 40 -85
14 42 14
14 43 -80
14 46 16
14 47 -3
14 48 -70
14 50 94
14 51 34
14 52 -53
14 53 -92
14 54 -14
14 56 23
14 58 71
14 60 -38
14 61 -11
14 63 -44
14 65 -98
14 66 -68
14 67 97
14 68 61
14 69 -30
14 70 17
14 71 88
14 72 -61
14 74 1
14 75 34
14 76 2
14 78 -35
14 79 76
14 81 -43
14 82 18
14 83 -20
14 84 97
14 85 -14
14 86 98
14 88 56
14 90 -44
14 91 -13
14 92 -59
14 93 43
14 94 -90
14 95 38
14 98 -2
14 99 49
15 1 -58
15 2 -94
15 3 -55
15 4 52
15 5 35
15 6 20
15 7 -77
15 8 -52
15 9 27
15 10 -16
15 13 13
15 14 -15
15 15 16
15 16 62
15 18 -54
15 19 81
15 20 57
15 21 84
15 22 -75
15 23 8
15 24 24
15 25 1
15 26 68
15 28 -78
15 29 46
15 30 9
15 31 -41
15 32 -61
15 33 8
15 34 -12
15 35 -14
15 36 39
15 37 9
15 38 -93
15 39 -27
15 40 -26
15 41 38
15 42 -57
15 43 -21
15 44 -11
15 45 -88
15 46 -72
15 47 -13
15 49 13
15 50 -67
15 52 91
15 53 17
15 54 98
15 56 -91
15 58 24
15 59 55
15 60 38
15 61 67
15 62 -34
15 63 25
15 65 3
15 66 -14
15 68 21
15 69 15
15 70 -79
15 71 -71
15 72 3
15 74 -44
15 75 -89
15 78 -79
15 79 52
15 80 27
15 81 60
15 83 -42
15 84 -38
15 85 -68
15 86 54
15 87 23
15 88 71
15 89 43
15 91 28
15 92 -28
15 93 -10
15 94 64
15 95 -2
15 96 -23
15 99 74
16 1 -79
16 3 -12
16 4 -61
16 5 -28
16 6 -31
16 7 -55
16 8 80
16 9 -56
16 11 60
16 12 11
16 13 98
16 14 43
16 15 73
16 16 -63
16 18 80
16 19 -36
16 20 64
16 21 -30
16 23 85
16 24 90
16 26 68
16 27 66
16 29 81
16 30 36
16 31 84
16 32 57
16 34 -88
16 38 81
16 39 95
16 40 36
16 41 -78
16 42 4
16 43 94
16 44 37
16 45 -98
16 46 20
16 47 15
16 48 -83
16 49 -19
16 50 -52
16 54 -19
16 55 24
16 56 -59
16 57 65
16 58 69
16 59 10
16 63 78
16 65 39
16 66 -19
16 67 16
16 69 44
16 71 -15
16 72 44
16 74 -70
16 75 74
16 76 48
16 77 38
16 78 -2
16 81 -44
16 82 -33
16 83 91
16 84 43
16 85 49
16 86 -40
16 88 55
16 89 -48
16 90 75
16 92 -97
16 93 -38
16 96 6
16 99 26
17 1 -20
17 4 -20
17 6 -16
17 7 20
17 8 88
17 9 -11
17 10 98
17 11 -96
17 12 83
17 14 -82
17 15 40
17 17 66
17 18 -88
17 19 93
17 22 -13
17 25 -43
17 26 38
17 28 83
17 29 47
17 32 23
17 33 99
17 34 35
17 35 -60
17 36 -47
17 37 48
17 38 -68
17 39 -14
17 40 71
17 41 -83
17 43 76
17 44 -74
17 46 -11
17 48 53
17 52 86
17 53 65
17 54 -7
17 56 -83
17 57 85
17 58 32
17 60 90
17 61 -57
17 62 -51
17 63 -79
17 64 49
17 67 -55
17 68 -36
17 69 51
17 70 -95
17 71 -71
17 72 -47
17 73 -95
17 74 68
17 75 -31
17 76 -21
17 77 -25
17 79 -42
17 80 84
17 81 -99
17 82 -5
17 83 -74
17 84 -86
17 85 58
17 88 57
17 89 -95
17 92 -16
17 93 -10
17 95 32
17 96 63
17 97 -28
17 99 50
18 1 71
18 2 4
18 3 -51
18 4 -5
18 5 -96
18 6 -81
18 8 -22
18 9 80
18 10 -82
18 11 -42
18 12 96
18 13 -89
18 14 -79
18 15 80
18 16 -87
18 17 -41
18 18 -19
18 19 21
18 20 89
18 21 70
18 22 -41
18 23 41
18 24 -40
18 26 -29
18 27 -41
18 29 -45
18 30 21
18 31 -57
18 32 -61
18 34 -26
18 35 -87
18 36 4
18 38 -50
18 39 59
18 40 100
18 41 -51
18 42 40
18 43 -60
18 44 74
18 47 -60
18 48 -71
18 50 -79
18 51 -47
18 52 -86
18 53 99
18 54 -52
18 55 84
18 56 56
18 57 51
18 58 66
18 59 -16
18 60 89
18 63 34
18 64 1
18 65 -6
18 66 -88
18 67 93
18 68 99
18 69 -89
18 71 -99
18 72 73
18 73 -6
18 74 -73
18 75 -45
18 76 -22
18 78 76
18 79 47
18 80 -12
18 81 91
18 84 -80
18 85 95
18 86 -20
18 87 74
18 88 7
18 90 -82
18 92 -100
18 94 -98
18 95 16
18 97 -53
18 98 -42
19 1 10
19 2 -78
19 3 1
19 6 -30
19 7 82
19 9 -98
19 10 -100
19 11 17
19 12 69
19 14 -54
19 15 3
19 16 11
19 17 88
19 19 21
19 20 -98
19 23 16
19 24 80
19 25 31
19 26 36
19 27 59
19 28 85
19 29 -39
19 30 -91
19 31 19
19 32 -41
19 33 -76
19 36 30
19 37 51
19 38 27
19 40 -15
19 42 40
19 43 -87
19 44 -7
19 45 -90
19 47 -63
19 48 -57
19 51 76
19 52 -10
19 54 -27
19 55 6
19 56 29
19 57 -71
19 59 54
19 61 17
19 62 30
19 63 56
19 64 100
19 66 -40
19 68 -18
19 69 34
19 70 -82
19 71 -9
19 72 45
19 76 -27
19 77 60
19 78 51
19 79 -59
19 81 -35
19 83 62
19 85 63
19 86 -32
19 87 58
19 89 88
19 90 17
19 93 60
19 94 99
19 95 -24
19 96 95
19 97 93
19 98 -80
20 1 -61
20 3 37
20 4 6
20 5 -24
20 7 -81
20 8 -39
20 11 33
20 12 43
20 13 9
20 14 11
20 15 -84
20 16 -61
20 17 -48
20 18 -7
20 19 -43
20 20 -84
20 21 86
20 22 97
20 23 7
20 24 15
20 25 -86
20 26 -35
20 29 79
20 31 88
20 33 -67
20 34 79
20 35 43
20 36 85
20 37 -47
20 39 -18
20 41 -51
20 42 57
20 43 -9
20 44 80
20 45 -64
20 46 -96
20 47 37
20 48 70
20 49 -7
20 50 -93
20 51 38
20 52 -95
20 54 -60
20 55 -64
20 56 94
20 57 15
20 58 -92
20 59 3
20 60 -69
20 62 -39
20 63 80
20 64 -98
20 65 -47
20 66 -24
20 68 -45
20 69 41
20 70 31
20 73 -86
20 75 98
20 76 52
20 78 27
20 79 12
20 80 90
20 81 48
20 82 76
20 84 92
20 85 -49
20 86 14
20 87 -44
20 90 6
20 91 61
20 92 -57
20 93 -15
20 94 86
20 95 77
20 96 33
20 98 -3
20 99 35
21 0 6
21 1 30
21 3 91
21 4 74
21 5 -12
21 6 49
21 7 -62
21 8 -68
21 10 -42
21 11 -64
21 12 -88
21 13 25
21 14 77
21 15 -53
21 16 65
21 17 33
21 18 52
21 19 17
21 21 -40
21 22 -24
21 23 -87
21 24 69
21 25 -36
21 26 -8
21 27 -40
21 28 -70
21 29 -4
21 31 45
21 32 -31
21 33 -19
21 35 -96
21 36 56
21 37 -54
21 38 -15
21 40 7
21 41 47
21 42 92
21 45 -84
21 46 -37
21 47 60
21 48 -58
21 50 81
21 51 38
21 52 82
21 53 -89
21 55 -7
21 56 -85
21 57 48
21 58 -59
21 59 -41
21 61 100
21 62 -59
21 63 20
21 64 61
21 65 -94
21 66 -73
21 67 -54
21 68 60
21 69 -95
21 70 -30
21 71 -45
21 73 57
21 74 16
21 75 -2
21 76 58
21 77 93
21 79 -68
21 80 -71
21 81 -11
21 82 -4
21 83 -75
21 84 57
21 86 -68
21 87 -62
21 88 -99
21 89 56
21 90 77
21 91 -65
21 92 20
21 95 56
21 96 -62
21 97 -61
21 98 -64
21 99 5
22 0 -44
22 1 -51
22 3 97
22 4 57
22 6 33
22 7 90
22 8 -46
22 9 -35
22 10 -82
22 11 14
22 12 71
22 13 -66
22 14 96
22 15 99
22 16 -33
22 17 -67
22 18 -62
22 21 -38
22 22 61
22 23 40
22 24 94
22 25 50
22 27 -17
22 28 63
22 29 69
22 30 -40
22 32 52
22 33 63
22 34 -25
22 37 -66
22 38 -41
22 39 -95
22 40 -64
22 41 3
22 42 49
22 44 -78
22 45 68
22 46 -23
22 47 -33
22 48 34
22 50 73
22 51 44
22 53 90
22 54 -38
22 55 -63
22 56 -51
22 57 3
22 60 -19
22 61 -79
22 62 -79
22 64 29
22 65 -8
22 67 -48
22 68 32
22 69 -78
22 70 -12
22 72 78
22 73 -6
22 74 4
22 77 7
22 78 47
22 79 -20
22 80 -49
22 81 -56
22 83 64
22 84 -78
22 85 -8
22 86 -87
22 87 22
22 88 51
22 89 -79
22 90 93
22 91 -14
22 92 56
22 93 -96
22 95 -25
22 96 -15
22 97 -52
22 99 -62
23 0 8
23 1 94
23 2 -58
23 3 81
23 5 -50
23 6 34
23 8 -41
23 9 -23
23 10 -65
23 12 -50
23 13 -69
23 14 41
23 15 -76
23 16 -44
23 17 -13
23 18 44
23 20 81
23 21 25
23 22 -29
23 23 42
23 24 66
23 25 51
23 26 -36
23 27 25
23 30 -76
23 32 -67
23 33 7
23 36 -29
23 37 90
23 38 37
23 40 -21
23 41 -90
23 43 -47
23 45 -17
23 46 59
23 47 -99
23 49 23
23 50 81
23 51 -15
23 52 -9
23 53 -51
23 54 57
23 55 70
23 56 -16
23 58 48
23 60 25
23 62 -69
23 63 -76
23 65 23
23 66 34
23 68 2
23 69 -10
23 71 -63
23 72 71
23 74 25
23 75 -93
23 76 7
23 77 30
23 80 -1
23 82 -72
23 87 29
23 88 73
23 89 83
23 90 85
23 91 -14
23 92 -72
23 93 -58
23 94 -55
23 95 -47
23 96 30
23 98 -50
24 1 45
24 3 89
24 6 -30
24 7 37
24 8 -67
24 10 -36
24 12 48
24 14 -7
24 16 -24
24 17 -36
24 18 67
24 19 50
24 20 -88
24 21 -18
24 22 35
24 23 42
24 24 -26
24 25 28
24 26 -100
24 27 72
24 28 96
24 29 -43
24 30 -46
24 31 -59
24 32 72
24 33 -55
24 34 -48
24 35 -33
24 36 8
24 37 54
24 38 -6
24 39 -65
24 40 96
24 41 55
24 42 78
24 44 87
24 45 -33
24 46 -51
24 47 24
24 48 -89
24 52 69
24 53 52
24 55 -62
24 58 20
24 59 88
24 61 41
24 62 -55
24 63 74
24 64 -65
24 65 95
24 66 -99
24 68 -11
24 70 -88
24 76 70
24 77 67
24 78 -27
24 79 -7
24 81 11
24 82 -56
24 83 -61
24 84 20
24 85 93
24 86 -6
24 87 19
24 88 -93
24 90 44
24 91 96
24 93 -87
24 94 -76
24 95 100
24 96 72
24 97 -1
24 98 18
24 99 18
25 0 28
25 1 78
25 4 -69
25 6 -91
25 8 -73
25 9 18
25 10 27
25 11 -11
25 12 -99
25 16 96
25 17 26
25 18 -90
25 19 35
25 20 -29
25 21 -40
25 22 85
25 23 -16
25 25 58
25 26 63
25 27 -18
25 28 -90
25 29 58
25 30 46
25 33 -43
25 34 -4
25 35 -98
25 36 63
25 37 22
25 38 -2
25 39 80
25 40 -33
25 41 51
25 42 39
25 43 -85
25 44 98
25 45 61
25 47 35
25 48 73
25 49 52
25 50 -59
25 53 -92
25 54 -18
25 55 -76
25 56 89
25 58 2
25 59 16
25 60 91
25 62 77
25 63 -7
25 65 -69
25 66 -7
25 69 -8
25 70 -63
25 71 83
25 72 26
25 73 67
25 77 -41
25 78 -79
25 80 -43
25 81 28
25 82 94
25 83 -19
25 84 -13
25 85 -84
25 86 60
25 87 -21
25 90 42
25 91 8
25 92 -16
25 94 27
25 95 -23
25 96 1
25 97 -88
25 98 9
26 1 -11
26 3 -63
26 4 31
26 5 46
26 6 29
26 7 -63
26 9 40
26 10 21
26 11 39
26 12 15
26 13 73
26 17 -89
26 18 -61
26 19 9
26 20 -48
26 21 -4
26 23 -66
26 24 -49
26 25 80
26 26 44
26 27 49
26 28 4
26 31 -32
26 33 76
26 34 -81
26 35 78
26 37 -64
26 40 -22
26 41 73
26 43 58
26 44 54
26 47 25
26 48 56
26 51 -19
26 52 47
26 53 32
26 55 -8
26 57 -16
26 58 -30
26 59 -48
26 60 -83
26 62 73
26 63 8
26 64 -1
26 66 96
26 67 89
26 69 -89
26 71 88
26 72 -87
26 73 -17
26 74 -65
26 75 51
26 76 23
26 78 -61
26 79 79
26 80 88
26 83 17
26 85 -65
26 86 23
26 87 -94
26 88 61
26 90 -7
26 91 41
26 92 -56
26 93 40
26 95 -43
26 96 -43
26 97 -5
26 98 15
26 99 -62
27 0 -85
27 2 55
27 3 45
27 4 -15
27 5 -6
27 6 92
27 8 -72
27 9 10
27 10 -44
27 11 31
27 12 15
27 13 85
27 14 -51
27 15 -83
27 16 85
27 17 -47
27 18 83
27 19 100
27 20 -82
27 21 42
27 24 -16
27 25 80
27 26 78
27 28 -47
27 29 91
27 30 -42
27 31 -73
27 33 -74
27 34 27
27 35 -75
27 36 -83
27 38 84
27 40 -81
27 41 15
27 42 72
27 44 -56
27 46 -22
27 47 -34
27 48 -9
27 49 -10
27 50 -71
27 51 -37
27 53 -4
27 54 79
27 55 -55
27 56 41
27 58 -44
27 59 -52
27 61 2
27 65 -36
27 67 -56
27 69 -89
27 70 74
27 72 -43
27 73 -12
27 74 -76
27 76 1
27 78 -69
27 79 -84
27 82 65
27 83 77
27 84 10
27 85 -10
27 86 -84
27 88 -76
27 89 -90
27 90 79
27 91 -61
27 92 -81
27 94 -85
27 95 16
27 96 93
27 97 17
28 0 -1
28 1 -79
28 2 46
28 3 71
28 4 39
28 6 20
28 7 1
28 8 99
28 9 -64
28 10 -56
28 11 69
28 12 14
28 14 75
28 15 45
28 16 -18
28 17 -87
28 18 -36
28 19 -82
28 21 98
28 22 -58
28 23 76
28 24 -5
28 25 23
28 26 19
28 27 77
28 28 -72
28 29 17
28 30 33
28 31 23
28 32 -92
28 33 81
28 38 -91
28 40 31
28 41 -71
28 42 60
28 43 -17
28 44 -42
28 45 71
28 46 -55
28 47 -83
28 49 -37
28 50 14
28 51 20
28 52 52
28 53 4
28 55 72
28 57 89
28 58 -25
28 59 -92
28 60 -83
28 62 49
28 63 -15
28 64 -52
28 66 -55
28 67 -75
28 68 98
28 69 48
28 70 27
28 71 75
28 72 -15
28 73 63
28 75 44
28 76 -85
28 77 90
28 78 -87
28 79 66
28 81 -1
28 83 8
28 84 61
28 85 58
28 86 22
28 87 -4
28 88 -36
28 89 -81
28 90 57
28 91 72
28 92 -51
28 93 -89
28 94 -63
28 95 -39
28 96 -31
28 97 -40
28 98 -44
28 99 -22
29 0 68
29 3 79
29 4 38
29 5 -45
29 6 -94
29 8 -16
29 9 34
29 10 25
29 11 -51
29 12 -72
29 13 91
29 14 74
29 15 85
29 16 33
29 17 -87
29 18 -11
29 19 67
29 21 -47
29 22 65
29 25 61
29 26 -77
29 27 40
29 29 80
29 30 7
29 31 -11
29 32 -28
29 33 -45
29 34 19
29 35 -5
29 36 11
29 37 -72
29 38 20
29 39 36
29 44 -51
29 45 11
29 46 -68
29 47 -11
29 48 -60
29 49 1
29 50 6
29 51 25
29 52 85
29 53 -28
29 54 -73
29 55 -7
29 56 50
29 60 24
29 62 -84
29 63 -40
29 64 -43
29 65 -79
29 66 99
29 67 -81
29 69 -72
29 70 38
29 71 -10
29 74 -74
29 75 55
29 76 10
29 78 -19
29 79 -66
29 80 72
29 81 -13
29 83 -2
29 85 -28
29 87 51
29 88 -65
29 89 54
29 91 16
29 92 96
29 93 -26
29 95 82
29 96 -47
29 99 5
30 2 -81
30 3 -5
30 4 -19
30 5 -96
30 6 99
30 7 98
30 8 25
30 9 -91
30 11 -20
30 12 86
30 13 -67
30 15 66
30 16 98
30 17 -66
30 18 -50
30 19 19
30 21 28
30 22 19
30 25 -90
30 26 -38
30 28 -99
30 30 -15
30 31 -2
30 32 -92
30 33 -96
30 34 34
30 35 3
30 36 3
30 37 22
30 38 16
30 39 -98
30 41 92
30 42 42
30 43 43
30 44 -37
30 45 -92
30 46 94
30 49 14
30 50 39
30 51 -90
30 52 -76
30 53 80
30 54 -95
30 55 92
30 56 54
30 58 -60
30 59 -4
30 60 -1
30 61 65
30 62 -28
30 64 -89
30 65 96
30 66 4
30 67 39
30 68 -37
30 69 -61
30 71 79
30 72 -31
30 73 -34
30 74 40
30 75 -53
30 76 50
30 77 -92
30 78 -19
30 79 60
30 81 -68
30 83 91
30 85 95
30 88 74
30 89 -90
30 91 3
30 92 -64
30 93 59
30 95 -34
30 96 -95
30 98 21
31 0 -27
31 1 -81
31 3 89
31 4 -15
31 5 -64
31 7 -72
31 8 17
31 9 -68
31 11 48
31 12 -11
31 13 -58
31 14 83
31 15 -82
31 17 89
31 18 9
31 19 10
31 20 -48
31 22 1
31 24 38
31 25 -62
31 26 -21
31 27 90
31 28 79
31 29 -7
31 31 39
31 32 -79
31 33 85
31 34 -83
31 35 4
31 38 -22
31 40 65
31 42 37
31 43 70
31 44 -58
31 45 -19
31 47 -50
31 48 10
31 49 2
31 50 12
31 51 -36
31 52 -89
31 54 -74
31 55 59
31 56 51
31 57 -27
31 59 -96
31 60 52
31 62 -43
31 64 -98
31 66 81
31 68 -14
31 70 -66
31 71 29
31 72 31
31 73 -49
31 75 25
31 77 -57
31 78 31
31 79 65
31 80 -55
31 81 -24
31 82 -80
31 84 -68
31 85 64
31 87 10
31 89 85
31 91 74
31 92 50
31 93 -91
31 95 41
31 96 -34
31 98 72
32 0 66
32 4 89
32 5 40
32 6 -58
32 7 -71
32 8 18
32 9 -95
32 11 -16
32 12 5
32 13 -46
32 14 100
32 17 -71
32 18 6
32 19 35
32 20 -9
32 21 12
32 22 67
32 24 20
32 25 -88
32 27 81
32 28 20
32 30 83
32 31 -5
32 32 -41
32 33 -21
32 34 -32
32 35 91
32 37 -69
32 38 -8
32 40 83
32 41 45
32 42 89
32 43 -8
32 44 -45
32 45 -23
32 47 -55
32 48 92
32 53 56
32 54 13
32 55 94
32 56 -31
32 57 -29
32 58 -89
32 59 -16
32 60 36
32 61 -45
32 63 13
32 64 -48
32 65 30
32 66 -91
32 67 41
32 68 -33
32 69 29
32 70 -55
32 71 54
32 74 -94
32 75 17
32 76 59
32 77 79
32 78 4
32 79 -38
32 81 -44
32 82 -36
32 83 86
32 84 96
32 85 22
32 86 -56
32 87 -6
32 88 30
32 89 -31
32 90 -16
32 91 51
32 92 -31
32 94 86
32 95 -52
32 96 89
32 97 48
32 98 6
32 99 -9
33 1 35
33 2 -5
33 3 -89
33 4 -51
33 5 96
33 6 -45
33 8 55
33 9 -10
33 10 -5
33 11 -77
33 12 32
33 13 -69
33 14 -74
33 15 -98
33 16 58
33 17 16
33 18 24
33 20 -24
33 21 -53
33 22 33
33 24 -43
33 25 -45
33 26 -89
33 27 -89
33 29 -57
33 30 -22
33 32 -64
33 33 50
33 34 20
33 35 -76
33 36 -99
33 37 -21
33 38 -91
33 40 25
33 42 3
33 44 56
33 45 -99
33 46 -14
33 47 17
33 48 30
33 49 57
33 50 69
33 52 96
33 53 -77
33 54 -5
33 57 -88
33 58 91
33 61 69
33 62 64
33 64 24
33 65 -59
33 66 -6
33 67 -15
33 68 -73
33 69 -63
33 72 76
33 75 74
33 76 -28
33 78 -26
33 79 65
33 80 -65
33 81 -81
33 83 26
33 84 -32
33 86 -34
33 87 -25
33 88 39
33 90 -72
33 92 -56
33 94 -92
33 95 47
33 97 -59
33 98 1
34 0 -39
34 1 -2
34 2 37
34 3 -93
34 4 11
34 5 96
34 6 -34
34 7 -46
34 8 -54
34 9 39
34 10 90
34 12 -84
34 13 85
34 14 63
34 15 60
34 16 -7
34 17 45
34 18 -37
34 19 72
34 20 -67
34 21 -14
34 23 95
34 24 26
34 25 -87
34 26 93
34 27 70
34 28 13
34 29 61
34 31 50
34 32 -76
34 35 29
34 36 -46
34 37 -3
34 38 -17
34 39 98
34 40 72
34 41 -59
34 44 -40
34 45 63
34 46 7
34 47 -54
34 48 -52
34 50 34
34 51 -84
34 52 71
34 54 23
34 55 -52
34 56 86
34 58 -95
34 60 -52
34 61 -34
34 62 20
34 64 -10
34 65 -6
34 66 -15
34 67 5
34 68 46
34 69 5
34 70 -79
34 72 -74
34 73 18
34 74 -42
34 75 9
34 76 -98
34 77 57
34 78 2
34 79 67
34 80 -24
34 81 -19
34 82 81
34 83 -22
34 84 -85
34 86 -98
34 87 -57
34 88 -27
34 89 -78
34 90 47
34 91 28
34 93 -84
34 94 -80
34 95 37
34 96 -98
34 98 -70
34 99 55
35 0 -51
35 1 -8
35 4 -55
35 5 49
35 6 -55
35 8 -3
35 9 12
35 10 -98
35 11 -75
35 12 1
35 13 -68
35 14 74
35 16 20
35 17 33
35 18 -51
35 19 -42
35 20 37
35 23 92
35 24 -36
35 25 14
35 26 1
35 28 -51
35 29 86
35 30 38
35 31 -65
35 32 -22
35 33 85
35 35 -18
35 36 81
35 37 93
35 38 65
35 39 20
35 40 24
35 41 -68
35 42 79
35 43 -22
35 44 -93
35 46 -74
35 47 10
35 48 5
35 49 73
35 50 62
35 52 -71
35 54 25
35 55 82
35 56 53
35 57 -27
35 58 -60
35 59 -17
35 60 40
35 61 62
35 62 -97
35 63 89
35 64 -33
35 65 47
35 66 9
35 67 26
35 71 -58
35 72 23
35 75 -87
35 77 -46
35 80 -7
35 81 -56
35 82 15
35 85 -34
35 86 27
35 87 11
35 89 -49
35 91 -6
35 92 -73
35 93 97
35 95 85
35 96 63
35 98 -20
36 0 -74
36 1 -66
36 2 39
36 3 -51
36 4 -18
36 7 -65
36 8 -95
36 9 15
36 10 -92
36 11 -10
36 12 -78
36 13 -29
36 15 -46
36 17 -38
36 18 -90
36 19 25
36 20 -45
36 21 -92
36 22 -69
36 23 -98
36 25 -98
36 26 -44
36 27 -63
36 29 -3
36 30 20
36 32 90
36 33 27
36 34 98
36 35 -52
36 36 -50
36 38 -54
36 39 22
36 41 -73
36 44 -15
36 45 -20
36 47 -44
36 48 95
36 49 -7
36 51 -8
36 52 4
36 54 -88
36 55 -100
36 56 -30
36 58 91
36 59 69
36 60 -67
36 61 -47
36 63 8
36 64 9
36 65 12
36 68 3
36 70 -95
36 71 13
36 72 -27
36 73 9
36 74 -26
36 75 -10
36 76 -72
36 77 -26
36 78 87
36 80 68
36 81 -33
36 82 94
36 84 -18
36 85 95
36 86 -72
36 88 68
36 89 -71
36 90 5
36 91 70
36 92 79
36 93 75
36 94 -19
36 95 -2
36 98 39
36 99 -56
37 3 34
37 4 41
37 5 -30
37 7 -9
37 9 -94
37 10 -22
37 11 -92
37 12 -74
37 13 -20
37 14 -23
37 15 30
37 16 -48
37 17 -55
37 18 -72
37 19 72
37 20 30
37 21 23
37 23 65
37 24 -84
37 25 66
37 26 -52
37 27 -50
37 28 5
37 29 73
37 30 50
37 32 -32
37 33 -3
37 34 -96
37 35 -70
37 36 -86
37 37 -81
37 38 -99
37 39 -86
37 40 22
37 41 81
37 45 -77
37 46 -76
37 47 73
37 48 -6
37 49 -30
37 50 49
37 51 31
37 52 13
37 55 76
37 56 15
37 57 80
37 58 84
37 60 5
37 61 82
37 62 62
37 63 54
37 64 91
37 66 64
37 67 77
37 69 30
37 70 -35
37 71 -24
37 72 -59
37 74 -22
37 75 15
37 76 78
37 77 -57
37 79 -69
37 80 -33
37 81 -84
37 82 -53
37 83 -81
37 84 73
37 85 14
37 86 88
37 87 -67
37 88 -26
37 90 67
37 93 -85
37 94 90
37 95 -50
37 96 -33
37 98 -49
37 99 -55
38 0 95
38 1 27
38 2 -97
38 3 -98
38 4 21
38 5 3
38 7 -73
38 8 -92
38 9 58
38 10 79
38 11 -98
38 13 50
38 14 15
38 16 18
38 17 -8
38 19 40
38 20 98
38 21 43
38 23 -51
38 24 87
38 25 -91
38 26 -1
38 27 26
38 28 53
38 29 -35
38 30 4
38 32 24
38 33 -85
38 34 -56
38 37 73
38 39 98
38 42 36
38 43 90
38 45 -54
38 46 20
38 47 89
38 48 -89
38 49 -8
38 50 -35
38 51 28
38 52 14
38 53 23
38 54 7
38 55 72
38 56 61
38 57 33
38 58 42
38 60 33
38 62 46
38 65 55
38 66 -65
38 69 61
38 70 -95
38 71 36
38 72 -2
38 73 -81
38 74 54
38 75 -62
38 77 -23
38 79 -1
38 81 -92
38 82 58
38 83 30
38 84 -44
38 85 -65
38 86 -32
38 87 -35
38 88 94
38 90 -46
38 92 -91
38 93 -87
38 94 7
38 95 31
38 96 72
38 97 -89
38 99 -76
39 0 95
39 2 -70
39 3 36
39 5 -27
39 6 -71
39 7 -97
39 10 5
39 11 -47
39 12 62
39 13 2
39 14 -83
39 15 -82
39 16 -6
39 18 -39
39 19 -65
39 20 -20
39 21 -17
39 23 -58
39 24 81
39 25 -6
39 26 -42
39 27 -6
39 28 90
39 29 87
39 30 -81
39 32 -79
39 33 34
39 34 -80
39 35 -88
39 36 -17
39 37 1
39 38 -49
39 39 -85
39 40 -52
39 41 34
39 43 90
39 44 -22
39 46 -20
39 47 79
39 48 39
39 49 -77
39 52 83
39 53 46
39 54 5
39 55 -83
39 56 45
39 58 -12
39 60 48
39 61 71
39 63 -50
39 64 -42
39 65 87
39 66 -37
39 67 67
39 68 40
39 69 18
39 73 50
39 75 3
39 76 20
39 78 100
39 79 6
39 80 -67
39 81 -21
39 82 -1
39 84 -49
39 85 -75
39 86 24
39 87 34
39 88 -60
39 89 -28
39 90 60
39 92 -59
39 93 22
39 94 -76
39 95 6
39 97 -56
39 99 54
40 0 21
40 2 -26
40 3 -82
40 6 39
40 7 -55
40 8 67
40 10 -71
40 11 3
40 12 13
40 13 27
40 16 -54
40 17 6
40 18 -66
40 19 75
40 20 -44
40 22 49
40 24 50
40 25 4
40 27 -92
40 30 51
40 31 62
40 34 42
40 37 -72
40 38 36
40 40 -86
40 41 -75
40 43 35
40 45 -71
40 46 23
40 47 -7
40 48 -90
40 50 84
40 53 14
40 54 4
40 55 -76
40 56 -89
40 59 19
40 60 -47
40 63 -41
40 64 -21
40 65 -45
40 67 -11
40 68 -76
40 69 -61
40 70 -74
40 71 36
40 72 -1
40 73 89
40 75 -94
40 76 76
40 78 -66
40 80 -100
40 81 -75
40 82 -48
40 83 3
40 84 91
40 85 -48
40 86 58
40 87 -70
40 90 57
40 94 90
40 95 59
40 96 -68
40 97 -52
40 99 43
41 1 22
41 2 63
41 3 -78
41 4 71
41 6 60
41 7 -10
41 8 33
41 10 -61
41 11 97
41 12 -25
41 13 32
41 14 -10
41 15 -49
41 17 84
41 18 -37
41 20 41
41 24 7
41 25 86
41 26 -47
41 28 -41
41 29 -52
41 30 49
41 31 -62
41 32 50
41 33 -76
41 35 64
41 36 24
41 37 -94
41 39 -93
41 41 55
41 42 37
41 43 77
41 45 13
41 46 -17
41 47 -60
41 48 -60
41 49 -62
41 50 10
41 51 -13
41 52 39
41 53 75
41 56 79
41 57 74
41 60 49
41 61 26
41 62 68
41 63 -73
41 66 55
41 67 -56
41 68 -78
41 69 -90
41 70 -1
41 71 -56
41 72 -31
41 73 -39
41 74 -66
41 75 21
41 76 12
41 78 -74
41 79 7
41 80 -27
41 81 30
41 82 -79
41 84 9
41 85 -16
41 86 -56
41 87 86
41 88 -90
41 92 -68
41 94 51
41 96 -45
41 97 -24
41 99 7
42 0 -89
42 1 11
42 2 -76
42 3 10
42 4 -34
42 5 44
42 6 69
42 7 -12
42 8 8
42 10 72
42 11 61
42 13 11
42 14 -2
42 16 79
42 17 -95
42 18 71
42 20 -21
42 21 -61
42 22 53
42 24 -44
42 25 72
42 26 46
42 30 -32
42 31 19
42 32 9
42 33 -30
42 34 -63
42 35 29
42 36 22
42 37 47
42 38 -78
42 39 -79
42 40 -34
42 41 94
42 42 -30
42 44 -7
42 45 75
42 46 43
42 47 -92
42 48 53
42 49 -99
42 50 8
42 51 -39
42 55 46
42 56 -100
42 57 55
42 58 43
42 59 -34
42 60 -35
42 61 25
42 62 -41
42 63 45
42 64 84
42 65 -33
42 66 -3
42 67 28
42 70 30
42 71 59
42 72 -84
42 73 -87
42 74 -60
42 75 -35
42 76 -46
42 77 46
42 79 8
42 80 8
42 81 29
42 82 -47
42 83 -66
42 84 35
42 85 -4
42 86 37
42 87 -28
42 88 86
42 89 -91
42 90 -58
42 92 47
42 94 -45
42 95 -51
42 96 -37
42 97 -43
42 98 -3
42 99 28
43 3 -33
43 5 75
43 7 72
43 8 -82
43 9 -95
43 10 46
43 11 41
43 12 -4
43 13 81
43 15 -98
43 16 -93
43 17 34
43 19 -38
43 20 -79
43 21 45
43 22 -59
43 24 3
43 26 36
43 27 15
43 28 70
43 31 34
43 32 96
43 33 6
43 35 34
43 37 85
43 38 -63
43 39 13
43 40 -4
43 41 -62
43 42 3
43 43 -32
43 44 90
43 45 -14
43 46 -9
43 47 63
43 49 -81
43 50 6
43 52 -36
43 53 49
43 54 -10
43 55 82
43 56 26
43 58 20
43 59 -52
43 60 -51
43 61 -80
43 63 18
43 65 47
43 66 -89
43 67 60
43 68 -82
43 69 -80
43 70 -81
43 72 -72
43 73 68
43 74 20
43 75 28
43 76 36
43 77 -34
43 78 7
43 80 84
43 81 -49
43 82 40
43 85 14
43 86 -98
43 87 37
43 88 77
43 89 100
43 90 -9
43 92 -6
43 94 -17
43 95 35
43 97 100
43 98 -26
43 99 -72
44 0 -70
44 1 47
44 4 69
44 5 -50
44 6 98
44 7 -44
44 8 77
44 9 -10
44 10 41
44 11 84
44 12 -55
44 13 80
44 14 57
44 15 47
44 16 86
44 17 -18
44 18 -22
44 20 14
44 21 22
44 22 -19
44 23 21
44 25 -42
44 26 -58
44 27 -57
44 28 69
44 30 22
44 31 81
44 32 75
44 33 82
44 35 10
44 37 -40
44 38 13
44 39 -7
44 41 -100
44 42 -79
44 43 -74
44 44 91
44 45 24
44 47 -51
44 49 74
44 50 -45
44 53 69
44 54 -41
44 55 68
44 56 71
44 57 -59
44 58 -70
44 59 49
44 60 -90
44 61 94
44 63 95
44 64 91
44 66 -47
44 71 -51
44 72 -69
44 73 55
44 74 74
44 75 -66
44 76 -4
44 79 -38
44 80 -74
44 81 53
44 82 -73
44 83 19
44 85 39
44 86 -34
44 87 -57
44 88 -50
44 90 -27
44 91 87
44 92 85
44 95 11
44 96 65
44 97 -14
44 98 9
44 99 -38
45 0 73
45 1 88
45 2 14
45 5 98
45 7 -86
45 9 -31
45 10 -12
45 11 40
45 12 -52
45 13 -42
45 14 -61
45 16 -59
45 17 11
45 18 -29
45 19 -7
45 21 31
45 22 84
45 23 -89
45 24 -67
45 25 -71
45 26 -11
45 28 70
45 29 23
45 32 77
45 34 92
45 35 -85
45 36 -10
45 37 27
45 38 -69
45 39 -59
45 41 16
45 42 70
45 43 18
45 44 -48
45 45 51
45 47 6
45 48 84
45 49 63
45 50 -46
45 51 17
45 52 -66
45 53 -44
45 55 47
45 56 19
45 57 -77
45 58 75
45 59 -16
45 60 73
45 62 -39
45 63 43
45 64 -32
45 65 -86
45 67 58
45 68 -20
45 70 -33
45 71 63
45 72 -41
45 73 26
45 74 20
45 76 -68
45 77 52
45 78 93
45 79 35
45 80 91
45 82 27
45 83 -7
45 85 -13
45 87 -18
45 89 -38
45 90 33
45 92 -79
45 93 -70
45 94 34
45 95 -65
45 96 -77
45 97 47
45 99 31
46 0 7
46 1 50
46 2 -49
46 3 15
46 4 16
46 5 -79
46 6 71
46 7 8
46 8 73
46 9 68
46 10 -91
46 11 53
46 13 79
46 14 -38
46 15 34
46 16 57
46 18 82
46 19 100
46 20 82
46 21 -6
46 22 76
46 23 -57
46 24 84
46 25 81
46 26 86
46 27 -56
46 28 -29
46 29 52
46 31 -17
46 32 -37
46 34 39
46 36 -78
46 38 82
46 39 -78
46 40 94
46 41 76
46 42 43
46 43 76
46 44 -54
46 45 46
46 46 25
46 47 -16
46 49 -87
46 50 21
46 51 32
46 52 28
46 53 -71
46 54 19
46 55 79
46 56 -11
46 57 -8
46 58 80
46 59 74
46 60 62
46 61 -85
46 62 -37
46 63 84
46 64 -18
46 67 85
46 68 42
46 69 7
46 70 89
46 71 -8
46 72 99
46 73 49
46 75 -15
46 76 87
46 77 11
46 79 29
46 81 7
46 85 49
46 86 -59
46 89 -9
46 90 -79
46 91 16
46 93 54
46 94 26
46 95 16
46 96 91
46 98 68
46 99 -96
47 0 -87
47 1 78
47 2 95
47 3 57
47 4 -59
47 6 4
47 7 67
47 8 60
47 9 -57
47 10 15
47 11 31
47 12 -79
47 13 90
47 15 -38
47 16 -59
47 17 11
47 18 -60
47 19 53
47 20 22
47 21 -32
47 23 -50
47 24 93
47 25 -37
47 26 63
47 27 26
47 28 -7
47 29 -65
47 30 90
47 31 78
47 32 43
47 33 61
47 34 53
47 36 -41
47 37 -37
47 38 67
47 39 -74
47 40 78
47 41 -58
47 42 78
47 43 -79
47 44 -1
47 45 -1
47 46 -56
47 47 30
47 48 25
47 49 -30
47 50 -32
47 51 -66
47 52 -12
47 53 -94
47 54 -12
47 55 -26
47 56 18
47 57 -33
47 58 85
47 60 45
47 61 -96
47 63 -27
47 66 -93
47 67 83
47 68 -40
47 69 68
47 73 -54
47 74 -69
47 75 93
47 76 86
47 77 85
47 78 -9
47 79 -59
47 80 -30
47 81 -45
47 82 -7
47 83 -15
47 84 82
47 85 -89
47 86 -2
47 88 20
47 89 -91
47 90 -24
47 91 34
47 92 -60
47 93 -95
47 94 -33
47 96 59
47 97 15
47 98 -64
48 0 37
48 1 88
48 2 46
48 4 -43
48 5 92
48 6 40
48 7 -94
48 8 -69
48 9 -32
48 10 -77
48 12 -82
48 13 -4
48 14 30
48 15 42
48 16 55
48 17 -51
48 18 -22
48 19 -95
48 21 1
48 22 -2
48 23 -63
48 24 -51
48 25 8
48 26 -75
48 27 93
48 28 42
48 29 63
48 30 -93
48 31 23
48 32 -55
48 36 94
48 37 -46
48 39 -93
48 40 11
48 41 -32
48 43 59
48 45 -1
48 47 61
48 48 -55
48 50 21
48 51 60
48 54 1
48 55 -86
48 56 14
48 57 -10
48 60 -98
48 61 -33
48 62 65
48 63 -87
48 65 86
48 66 77
48 67 62
48 69 -45
48 70 -97
48 71 18
48 72 -67
48 73 -14
48 74 -58
48 76 94
48 77 21
48 79 -29
48 80 -68
48 81 64
48 84 64
48 86 55
48 87 20
48 92 -16
48 93 33
48 94 40
48 95 -99
48 96 46
48 97 100
48 98 62
48 99 13
49 0 -27
49 1 -1
49 4 -80
49 5 94
49 6 -17
49 7 72
49 9 -100
49 10 94
49 11 90
49 12 -45
49 14 -66
49 15 89
49 16 -87
49 17 46
49 18 -28
49 19 86
49 20 69
49 21 40
49 22 26
49 23 17
49 25 70
49 26 28
49 29 -34
49 31 77
49 32 45
49 34 -59
49 35 9
49 36 62
49 39 -7
49 41 -97
49 42 30
49 43 -9
49 44 -50
49 45 77
49 46 99
49 47 -56
49 48 34
49 49 -49
49 50 -71
49 53 38
49 54 19
49 55 81
49 57 3
49 58 89
49 59 -65
49 60 54
49 61 -55
49 63 63
49 64 -7
49 65 96
49 66 80
49 67 -70
49 68 85
49 69 -99
49 70 -83
49 71 55
49 72 -36
49 73 68
49 74 70
49 75 -88
49 76 68
49 77 -84
49 78 -44
49 79 22
49 80 -72
49 82 36
49 83 -3
49 85 2
49 86 -62
49 87 90
49 89 16
49 91 -77
49 92 62
49 93 -38
49 94 -7
49 95 39
49 96 33
49 97 71
49 98 -90
49 99 -75
50 0 30
50 1 -88
50 3 41
50 4 -68
50 5 95
50 6 -25
50 7 17
50 8 -35
50 9 9
50 10 -23
50 11 -25
50 12 98
50 13 36
50 14 -8
50 15 -96
50 16 -58
50 17 -24
50 18 50
50 19 86
50 20 100
50 21 58
50 25 -50
50 27 9
50 29 -29
50 31 63
50 32 49
50 34 -19
50 35 -55
50 36 26
50 37 -62
50 38 61
50 39 -10
50 41 -46
50 42 -81
50 43 -18
50 47 -84
50 48 65
50 49 44
50 50 87
50 51 -84
50 52 64
50 54 73
50 55 94
50 56 -93
50 57 -18
50 58 -39
50 60 -2
50 61 42
50 62 98
50 63 -96
50 65 81
50 67 74
50 68 73
50 69 34
50 70 -12
50 73 59
50 74 -37
50 75 16
50 77 82
50 78 88
50 79 -43
50 80 63
50 81 77
50 82 37
50 83 -31
50 85 89
50 86 49
50 87 55
50 88 77
50 90 39
50 91 -62
50 93 -78
50 94 -96
50 95 -97
50 96 -12
50 97 -55
50 98 -31
50 99 -100
51 2 8
51 3 -48
51 5 -5
51 6 -80
51 8 84
51 9 -22
51 10 -54
51 12 84
51 13 34
51 15 -42
51 17 -20
51 18 -85
51 20 -52
51 21 -72
51 22 78
51 23 79
51 24 53
51 26 74
51 27 -11
51 28 18
51 30 -70
51 31 26
51 32 44
51 33 -97
51 34 -2
51 35 -20
51 36 66
51 37 -53
51 38 -59
51 39 28
51 40 -87
51 42 -2
51 44 94
51 45 86
51 47 68
51 48 -99
51 49 5
51 52 -23
51 54 -36
51 55 -35
51 56 -54
51 57 -25
51 58 75
51 60 -16
51 62 -48
51 63 -38
51 64 -42
51 66 77
51 68 -32
51 69 -57
51 72 90
51 73 73
51 74 77
51 77 -86
51 78 -25
51 79 96
51 80 97
51 81 -12
51 83 32
51 84 68
51 85 -31
51 86 -92
51 88 9
51 89 -53
51 90 67
51 93 -10
51 95 51
51 97 -100
51 99 29
52 1 -83
52 3 -4
52 4 -36
52 6 -83
52 7 5
52 8 -21
52 9 2
52 10 -95
52 11 95
52 12 -43
52 15 -23
52 16 68
52 18 -11
52 21 -74
52 23 -59
52 25 -50
52 29 -15
52 30 -36
52 31 -72
52 34 57
52 35 -46
52 38 -25
52 41 72
52 42 -49
52 43 59
52 44 -5
52 45 20
52 46 -27
52 48 -21
52 49 17
52 50 -24
52 51 -83
52 52 33
52 53 -87
52 55 -45
52 56 19
52 59 -94
52 60 -94
52 61 90
52 62 41
52 63 87
52 64 -3
52 65 -1
52 67 37
52 68 73
52 70 8
52 71 -36
52 72 92
52 73 -42
52 74 12
52 75 71
52 76 -56
52 77 -11
52 78 -19
52 79 -64
52 81 40
52 82 45
52 84 8
52 85 -57
52 86 80
52 87 -53
52 89 30
52 90 -18
52 91 -6
52 92 -74
52 93 58
52 94 -60
52 96 -57
52 97 -54
52 98 -68
52 99 -40
53 1 -7
53 2 -40
53 4 57
53 5 -51
53 6 87
53 7 -57
53 9 -1
53 11 97
53 13 -72
53 14 -15
53 15 88
53 16 -91
53 17 89
53 18 -65
53 19 5
53 20 31
53 21 -4
53 22 7
53 23 12
53 24 -18
53 25 -44
53 26 47
53 30 -100
53 33 85
53 35 -15
53 36 26
53 37 -73
53 38 -72
53 39 93
53 42 27
53 43 -80
53 44 59
53 45 -49
53 47 99
53 48 24
53 50 21
53 52 -33
53 54 -83
53 55 62
53 58 -75
53 59 -53
53 60 13
53 61 49
53 62 36
53 63 66
53 65 3
53 66 -91
53 67 -71
53 68 -42
53 69 -21
53 70 -10
53 71 83
53 72 -79
53 76 43
53 77 2
53 78 63
53 79 10
53 80 99
53 81 -22
53 82 26
53 83 -67
53 84 22
53 85 -83
53 86 -70
53 87 58
53 88 94
53 89 76
53 92 60
53 95 -47
53 96 39
53 97 43
53 99 -43
54 0 83
54 1 -1
54 4 3
54 8 -57
54 9 -76
54 10 17
54 12 8
54 14 -75
54 15 -24
54 16 16
54 17 -16
54 19 14
54 21 -57
54 22 77
54 23 -24
54 25 -10
54 27 -82
54 29 96
54 31 -12
54 32 -50
54 34 73
54 35 31
54 36 -41
54 37 -55
54 38 25
54 39 -34
54 40 32
54 41 -65
54 42 -86
54 43 57
54 44 -67
54 45 -90
54 46 84
54 47 25
54 48 2
54 50 92
54 51 30
54 52 -85
54 53 -68
54 54 57
54 55 32
54 57 43
54 58 -48
54 59 -84
54 60 72
54 61 -7
54 62 68
54 64 -71
54 65 28
54 66 -37
54 67 3
54 69 -56
54 70 -66
54 71 69
54 72 81
54 73 100
54 74 -22
54 75 86
54 77 -3
54 80 33
54 81 -26
54 83 -31
54 84 -15
54 87 3
54 88 81
54 89 2
54 91 -36
54 92 -3
54 94 -65
54 95 91
54 96 -61
54 98 -92
55 0 -8
55 1 -52
55 2 -85
55 3 87
55 4 26
55 5 -22
55 6 -18
55 7 -35
55 8 -53
55 9 4
55 10 60
55 11 -49
55 14 -95
55 15 -98
55 16 -46
55 17 -26
55 18 -72
55 19 -15
55 20 69
55 21 -20
55 24 55
55 26 -48
55 27 78
55 28 19
55 29 -2
55 30 -17
55 31 60
55 33 64
55 34 -62
55 35 72
55 36 57
55 37 98
55 38 79
55 39 65
55 40 -35
55 41 9
55 42 -55
55 43 -100
55 46 93
55 48 -80
55 50 15
55 51 39
55 52 89
55 53 -38
55 54 5
55 55 -10
55 56 -34
55 57 29
55 59 -9
55 60 12
55 62 -39
55 63 -2
55 64 87
55 65 45
55 67 72
55 69 72
55 70 82
55 72 75
55 73 75
55 74 86
55 75 69
55 77 98
55 78 -90
55 80 41
55 81 -77
55 82 -3
55 85 -88
55 91 -9
55 93 -10
55 94 -82
55 95 87
55 96 81
55 97 68
55 98 -95
56 0 -60
56 1 -84
56 2 80
56 3 88
56 5 -97
56 6 -6
56 7 -49
56 8 10
56 9 -89
56 10 17
56 11 54
56 12 24
56 14 19
56 15 40
56 16 -18
56 18 -39
56 19 -86
56 20 -87
56 22 30
56 25 99
56 26 21
56 27 30
56 28 29
56 30 -57
56 31 -98
56 34 -94
56 35 49
56 36 -24
56 37 39
56 38 -21
56 40 56
56 42 16
56 43 -22
56 45 -27
56 46 37
56 47 23
56 48 58
56 49 -12
56 50 -11
56 51 96
56 52 85
56 53 35
56 54 17
56 55 -97
56 56 -3
56 57 23
56 58 33
56 59 90
56 60 63
56 61 -35
56 62 92
56 63 67
56 64 -56
56 65 -35
56 66 -78
56 67 -68
56 69 -68
56 70 31
56 71 53
56 72 77
56 73 -61
56 75 -85
56 80 -53
56 82 -18
56 84 -41
56 85 -8
56 86 -96
56 87 92
56 88 95
56 89 34
56 91 9
56 92 -59
56 93 -44
56 95 26
56 96 95
56 97 92
57 0 -57
57 1 78
57 2 91
57 3 -43
57 4 29
57 7 24
57 9 -11
57 13 -63
57 14 46
57 15 76
57 16 62
57 18 -69
57 19 -23
57 24 -71
57 25 -64
57 26 -32
57 27 -27
57 29 25
57 30 26
57 31 19
57 32 -71
57 33 -48
57 35 -92
57 36 77
57 37 5
57 39 67
57 40 67
57 42 -79
57 43 55
57 44 87
57 45 40
57 46 -17
57 47 -49
57 48 -80
57 49 43
57 50 12
57 51 -35
57 52 7
57 55 -10
57 56 87
57 57 53
57 58 -5
57 59 -44
57 60 -48
57 62 77
57 64 75
57 65 -14
57 66 -31
57 70 49
57 71 -15
57 72 -21
57 73 7
57 74 -73
57 76 24
57 77 15
57 78 73
57 80 56
57 81 -71
57 82 -44
57 84 -17
57 86 26
57 87 54
57 88 9
57 89 -53
57 90 -89
57 94 -65
57 95 -78
57 96 -22
57 99 93
58 0 -25
58 2 -26
58 3 10
58 4 92
58 5 88
58 6 -28
58 7 -45
58 9 2
58 10 -64
58 11 87
58 12 64
58 13 1
58 14 -61
58 15 48
58 16 -84
58 18 -20
58 19 79
58 20 93
58 21 100
58 22 89
58 24 -32
58 26 -50
58 28 100
58 32 80
58 33 -11
58 36 57
58 38 50
58 40 -93
58 42 66
58 44 -20
58 45 8
58 46 28
58 47 -64
58 48 -85
58 50 42
58 51 -10
58 55 -32
58 56 2
58 57 -52
58 58 -51
58 59 94
58 61 18
58 62 69
58 63 -30
58 65 47
58 66 3
58 67 58
58 69 -98
58 70 -55
58 71 -65
58 72 -69
58 73 -42
58 74 -69
58 75 7
58 76 70
58 77 -10
58 78 43
58 79 -56
58 81 49
58 83 72
58 84 -32
58 85 8
58 86 35
58 87 -75
58 88 80
58 89 -89
58 90 -52
58 91 8
58 92 -40
58 93 25
58 94 35
58 96 33
58 98 -24
58 99 -10
59 0 -93
59 1 -93
59 3 55
59 4 -8
59 7 58
59 9 -96
59 10 -24
59 11 84
59 12 -29
59 14 -15
59 15 28
59 16 67
59 17 73
59 19 -21
59 20 -6
59 21 78
59 22 -45
59 23 60
59 26 23
59 27 85
59 28 51
59 30 -35
59 31 28
59 33 7
59 34 -46
59 35 -31
59 36 14
59 37 66
59 39 -7
59 40 72
59 41 51
59 42 25
59 43 -21
59 44 -48
59 45 18
59 46 -98
59 47 35
59 48 -22
59 49 -68
59 51 82
59 52 -91
59 53 83
59 54 12
59 55 -60
59 57 -90
59 58 27
59 59 -47
59 62 -64
59 64 -55
59 66 25
59 67 -96
59 68 -39
59 69 -54
59 70 -25
59 71 44
59 73 -68
59 74 9
59 75 92
59 76 81
59 77 3
59 78 -87
59 79 58
59 80 -57
59 81 89
59 83 58
59 84 48
59 85 -25
59 86 42
59 87 55
59 88 54
59 90 -14
59 91 57
59 92 -80
59 93 62
59 95 -53
59 96 -35
59 97 -11
59 98 -16
59 99 51
60 1 12
60 2 37
60 3 4
60 4 -17
60 5 -72
60 8 29
60 9 -21
60 10 45
60 11 -55
60 12 3
60 13 68
60 14 38
60 15 91
60 16 94
60 17 97
60 19 -9
60 20 66
60 21 -54
60 22 -79
60 25 -58
60 26 -72
60 27 -70
60 28 -9
60 29 -37
60 30 76
60 31 83
60 32 -24
60 33 -88
60 35 -72
60 37 -2
60 38 -90
60 39 -82
60 40 -27
60 41 68
60 43 -59
60 45 16
60 47 -35
60 48 -53
60 49 -40
60 50 40
60 51 -68
60 52 22
60 53 -83
60 54 -70
60 55 100
60 56 -91
60 57 40
60 58 26
60 59 7
60 60 -50
60 61 -7
60 62 -37
60 63 99
60 64 69
60 65 15
60 66 37
60 67 5
60 68 -65
60 69 -75
60 70 82
60 71 -40
60 72 54
60 73 -52
60 74 -98
60 75 42
60 76 -13
60 77 86
60 78 -30
60 79 -65
60 81 -54
60 84 -33
60 85 6
60 86 -84
60 87 74
60 89 -25
60 90 75
60 91 -7
60 92 7
60 93 -87
60 94 28
60 95 29
60 97 -39
60 98 -40
60 99 97
61 0 -94
61 1 -92
61 3 -71
61 4 73
61 5 -86
61 7 -84
61 8 -9
61 11 -96
61 13 14
61 14 85
61 16 -95
61 19 41
61 20 98
61 21 98
61 22 -60
61 23 -80
61 25 80
61 27 41
61 28 21
61 29 -7
61 30 -73
61 31 96
61 32 27
61 35 -41
61 40 -8
61 41 -29
61 42 -6
61 43 87
61 44 14
61 45 -2
61 46 89
61 47 74
61 49 16
61 52 33
61 53 -53
61 54 32
61 55 89
61 56 19
61 57 -84
61 58 11
61 62 80
61 63 60
61 64 -7
61 65 90
61 66 89
61 67 48
61 68 66
61 70 -60
61 71 34
61 73 -75
61 75 19
61 77 19
61 79 -48
61 80 -74
61 81 -58
61 82 79
61 83 -53
61 89 51
61 90 -77
61 91 -68
61 92 -91
61 93 89
61 94 -34
61 95 -70
61 96 92
61 97 99
61 98 28
61 99 -40
62 0 -58
62 1 -71
62 2 37
62 4 78
62 5 -38
62 6 61
62 7 76
62 8 -100
62 10 70
62 11 -57
62 12 99
62 13 73
62 14 68
62 15 -94
62 16 22
62 17 -36
62 19 61
62 21 -25
62 23 38
62 24 -77
62 25 -85
62 26 -24
62 27 19
62 28 95
62 29 56
62 31 36
62 32 2
62 35 39
62 36 55
62 37 18
62 38 75
62 39 92
62 40 77
62 42 -40
62 43 44
62 44 -31
62 45 -47
62 46 -76
62 47 -72
62 48 -26
62 49 -57
62 51 16
62 52 83
62 53 40
62 54 -100
62 55 84
62 56 -16
62 57 22
62 58 -41
62 59 -46
62 60 -75
62 61 31
62 62 -29
62 63 -88
62 64 92
62 65 84
62 69 28
62 70 15
62 71 -97
62 72 5
62 78 -80
62 79 -82
62 80 29
62 81 20
62 82 -14
62 83 -25
62 84 23
62 85 92
62 86 -26
62 87 29
62 88 13
62 89 67
62 91 41
62 92 -100
62 93 -32
62 94 -61
62 95 -41
62 96 25
62 97 89
62 98 97
62 99 46
63 0 12
63 1 -80
63 2 12
63 3 86
63 4 -98
63 5 -75
63 6 80
63 7 9
63 8 -76
63 9 73
63 10 -8
63 11 50
63 12 40
63 14 29
63 16 -41
63 17 69
63 19 47
63 20 -71
63 21 39
63 22 -51
63 23 80
63 24 -64
63 25 -33
63 27 -27
63 28 -83
63 29 -97
63 30 -25
63 32 6
63 33 -10
63 34 90
63 35 -48
63 36 -8
63 37 46
63 38 -1
63 39 61
63 42 19
63 43 41
63 44 15
63 45 60
63 46 -91
63 48 69
63 51 27
63 52 31
63 55 -42
63 57 -9
63 59 58
63 60 -50
63 61 3
63 62 -13
63 63 90
63 64 -23
63 65 -32
63 67 62
63 68 7
63 70 -31
63 71 43
63 72 -27
63 73 50
63 75 64
63 76 82
63 77 -14
63 78 -25
63 79 53
63 80 85
63 81 -85
63 83 -65
63 84 36
63 85 -4
63 86 -7
63 87 -71
63 88 82
63 89 11
63 90 78
63 93 -49
63 94 35
63 95 -63
63 96 23
63 97 82
63 98 -65
64 0 -90
64 2 60
64 3 9
64 4 94
64 5 -35
64 6 -87
64 7 -89
64 8 9
64 10 98
64 11 47
64 12 -8
64 13 -64
64 14 -61
64 15 80
64 16 46
64 17 -8
64 18 -28
64 19 68
64 21 90
64 22 -81
64 23 -27
64 24 62
64 25 -14
64 26 -70
64 27 72
64 28 90
64 29 81
64 30 -43
64 31 -29
64 32 74
64 33 2
64 34 -47
64 35 5
64 36 26
64 37 -26
64 38 -72
64 40 84
64 41 28
64 42 78
64 43 63
64 44 -42
64 45 43
64 46 65
64 48 66
64 49 91
64 50 -14
64 51 -29
64 53 -41
64 54 99
64 55 -52
64 56 94
64 57 -88
64 58 26
64 59 -11
64 60 45
64 61 15
64 62 53
64 63 72
64 64 62
64 67 76
64 68 17
64 69 -53
64 72 31
64 73 34
64 74 57
64 75 81
64 76 46
64 77 -99
64 78 23
64 79 6
64 81 49
64 82 -41
64 85 -48
64 88 -63
64 91 -37
64 92 81
64 93 11
64 94 -85
64 95 -71
64 96 17
64 97 -10
64 98 -98
64 99 79
65 0 -66
65 3 15
65 4 31
65 6 -85
65 7 -31
65 8 30
65 9 48
65 10 79
65 11 80
65 12 -41
65 13 -25
65 14 52
65 15 -55
65 16 -45
65 17 57
65 18 -48
65 19 -93
65 20 64
65 21 -93
65 22 -85
65 25 -53
65 27 -88
65 29 91
65 30 -19
65 33 50
65 34 -75
65 36 33
65 37 -7
65 38 -9
65 39 29
65 40 54
65 41 44
65 42 -6
65 43 -63
65 46 82
65 47 -66
65 51 -90
65 53 26
65 55 35
65 57 -55
65 58 87
65 59 -14
65 60 19
65 61 97
65 62 -18
65 64 -50
65 67 63
65 68 29
65 71 38
65 72 -27
65 73 50
65 75 98
65 76 -5
65 77 32
65 78 -4
65 79 -38
65 81 -31
65 82 -69
65 83 -28
65 85 -96
65 86 -3
65 87 -77
65 88 -99
65 89 80
65 91 78
65 92 -95
65 93 -6
65 94 -37
65 97 -94
65 98 -10
65 99 -1
66 0 74
66 1 -24
66 2 -47
66 3 -3
66 4 -82
66 5 -31
66 6 70
66 7 69
66 8 44
66 10 88
66 11 91
66 12 92
66 13 56
66 14 -21
66 15 -96
66 16 -2
66 17 -60
66 18 70
66 20 -60
66 23 -76
66 24 74
66 26 -51
66 27 -59
66 28 -67
66 29 -70
66 30 92
66 32 94
66 35 63
66 36 45
66 37 -98
66 38 -93
66 41 -44
66 42 19
66 43 -44
66 44 52
66 45 -15
66 47 -43
66 50 74
66 51 -86
66 54 87
66 55 -61
66 56 18
66 58 35
66 59 -27
66 60 -86
66 61 -61
66 62 75
66 63 -63
66 65 59
66 66 -74
66 68 -98
66 70 -21
66 71 6
66 72 -84
66 73 -82
66 76 15
66 77 56
66 78 -51
66 79 43
66 80 92
66 81 -34
66 82 -35
66 84 -29
66 86 -85
66 88 -41
66 89 -79
66 90 58
66 92 55
66 93 -62
66 94 75
66 95 -15
66 96 12
66 97 64
66 98 -6
66 99 100
67 0 8
67 1 70
67 2 -80
67 3 98
67 4 50
67 5 -92
67 7 99
67 8 39
67 9 95
67 10 44
67 12 -33
67 14 -15
67 15 -17
67 16 -82
67 17 33
67 19 35
67 20 -95
67 22 10
67 26 35
67 27 -87
67 28 -12
67 30 -82
67 31 60
67 32 -52
67 33 7
67 34 -30
67 35 19
67 36 -93
67 37 -44
67 39 -36
67 40 -79
67 41 -28
67 45 -65
67 46 46
67 49 -56
67 50 100
67 54 -18
67 57 62
67 58 98
67 59 49
67 61 -28
67 62 32
67 63 1
67 64 80
67 66 -60
67 67 -37
67 68 72
67 69 -29
67 70 54
67 71 29
67 73 -15
67 74 -30
67 77 -3
67 78 83
67 79 3
67 80 -75
67 81 -60
67 82 -30
67 83 -35
67 84 27
67 85 79
67 86 51
67 89 31
67 91 -86
67 92 62
67 93 67
67 95 -57
67 97 16
67 98 -32
67 99 20
68 0 65
68 2 48
68 3 9
68 5 85
68 7 -88
68 8 55
68 9 -86
68 10 -26
68 11 -100
68 12 -38
68 13 -46
68 14 -33
68 15 67
68 17 -30
68 18 16
68 19 50
68 20 49
68 21 -23
68 22 65
68 23 76
68 24 7
68 25 -55
68 26 -69
68 27 -5
68 28 76
68 30 -69
68 31 -40
68 33 39
68 34 45
68 36 -78
68 37 -46
68 38 -96
68 39 -87
68 40 -39
68 41 99
68 42 -62
68 43 -4
68 45 -25
68 46 -100
68 47 -97
68 49 82
68 50 -5
68 51 -81
68 52 94
68 53 51
68 55 66
68 57 -46
68 58 -37
68 59 -36
68 60 -89
68 62 -94
68 63 -98
68 64 -41
68 65 33
68 67 -3
68 68 -53
68 69 -28
68 70 -20
68 71 -37
68 72 -30
68 73 -100
68 75 98
68 76 -19
68 77 -78
68 78 77
68 80 49
68 81 -9
68 82 -92
68 83 -64
68 84 -92
68 85 -77
68 86 67
68 87 64
68 90 -45
68 92 90
68 93 94
68 94 -9
68 97 -98
68 98 76
68 99 60
69 1 -48
69 2 -54
69 4 89
69 5 -55
69 6 -43
69 7 -40
69 8 18
69 9 68
69 11 -20
69 12 -76
69 13 -95
69 14 -45
69 16 94
69 17 16
69 20 -71
69 21 -27
69 22 -33
69 23 -75
69 25 65
69 27 51
69 28 72
69 29 -47
69 30 10
69 31 -19
69 32 76
69 34 -13
69 35 70
69 37 89
69 38 -98
69 39 -19
69 40 -96
69 43 2
69 47 85
69 48 -59
69 51 -34
69 52 94
69 53 -33
69 55 41
69 58 -65
69 59 11
69 61 -14
69 62 -91
69 63 -80
69 64 14
69 66 -80
69 67 -62
69 68 -91
69 69 -52
69 71 55
69 72 -57
69 73 -34
69 74 -7
69 75 -47
69 76 40
69 77 89
69 79 37
69 80 2
69 81 23
69 82 -91
69 83 -30
69 84 -27
69 85 54
69 86 4
69 87 50
69 88 58
69 89 94
69 90 -64
69 92 91
69 93 83
69 94 -37
69 95 61
69 96 89
69 97 -93
69 98 -47
69 99 -85
70 1 96
70 2 -5
70 5 64
70 6 -36
70 7 46
70 8 -1
70 9 28
70 12 69
70 14 -6
70 15 -87
70 18 29
70 20 -43
70 21 -17
70 22 -67
70 23 -28
70 24 58
70 25 -32
70 26 86
70 27 5
70 30 -1
70 32 -75
70 33 -77
70 34 -75
70 35 46
70 37 69
70 38 21
70 39 58
70 42 62
70 43 27
70 44 13
70 45 77
70 46 -21
70 48 -49
70 49 -13
70 50 90
70 51 -19
70 54 91
70 55 79
70 56 -9
70 57 55
70 58 87
70 60 -58
70 61 -58
70 62 50
70 63 -51
70 64 25
70 66 12
70 67 19
70 68 -6
70 70 3
70 71 -85
70 72 29
70 73 93
70 74 3
70 75 54
70 77 -55
70 79 -79
70 80 -47
70 81 34
70 82 58
70 84 19
70 85 -33
70 88 43
70 91 -82
70 92 95
70 93 76
70 94 72
70 95 -78
70 97 -19
70 98 -41
70 99 -54
71 0 -4
71 1 96
71 2 98
71 3 30
71 5 21
71 6 -61
71 7 -35
71 9 -15
71 11 -14
71 12 84
71 13 -2
71 15 93
71 16 34
71 17 19
71 19 78
71 20 -93
71 21 61
71 22 -73
71 24 17
71 25 83
71 27 -94
71 28 89
71 30 -61
71 31 -20
71 32 60
71 33 87
71 34 20
71 35 96
71 36 -26
71 37 7
71 38 86
71 39 -28
71 40 22
71 41 -72
71 43 -57
71 44 78
71 46 50
71 47 45
71 51 95
71 54 84
71 55 -27
71 56 95
71 58 16
71 59 -21
71 60 -61
71 61 -12
71 63 30
71 64 68
71 65 -6
71 66 -21
71 67 3
71 68 44
71 69 18
71 70 -27
71 71 -43
71 72 -22
71 73 -42
71 74 -41
71 75 -95
71 77 40
71 78 -56
71 79 -18
71 80 48
71 81 60
71 83 23
71 86 -58
71 87 -47
71 88 35
71 89 -8
71 91 9
71 92 -90
71 93 43
71 94 55
71 95 74
71 96 6
71 97 -19
71 98 -90
71 99 -97
72 0 83
72 1 78
72 2 -32
72 3 -4
72 4 -57
72 6 -94
72 7 -90
72 8 -41
72 9 36
72 10 92
72 12 -58
72 14 22
72 15 -51
72 16 2
72 17 -72
72 19 -57
72 20 -44
72 22 -62
72 23 -55
72 25 -13
72 26 94
72 27 94
72 28 64
72 29 -49
72 30 -3
72 32 16
72 33 -45
72 34 33
72 35 87
72 36 -14
72 37 -82
72 39 -12
72 40 66
72 42 -40
72 43 -26
72 45 18
72 46 35
72 47 -25
72 48 -31
72 49 -92
72 50 56
72 51 -16
72 52 -42
72 53 -36
72 55 -98
72 56 -12
72 59 -38
72 61 3
72 62 92
72 63 46
72 64 -67
72 65 -57
72 66 -3
72 67 -7
72 68 88
72 69 -36
72 70 -45
72 73 -36
72 75 -27
72 77 -65
72 79 30
72 80 -94
72 81 -93
72 82 -52
72 83 52
72 84 8
72 87 -22
72 88 20
72 90 -12
72 91 -69
72 92 -10
72 93 -81
72 94 82
72 95 -60
72 96 15
72 97 -51
72 98 -69
72 99 29
73 0 31
73 1 -12
73 2 35
73 3 18
73 5 41
73 6 -30
73 7 -82
73 8 -6
73 9 -55
73 10 33
73 11 49
73 12 -40
73 13 -28
73 14 2
73 15 15
73 18 -30
73 19 -73
73 20 16
73 22 39
73 23 -69
73 24 12
73 26 -79
73 28 78
73 29 -31
73 30 -62
73 32 -22
73 33 94
73 34 29
73 35 -91
73 37 86
73 38 -24
73 39 50
73 40 -53
73 41 -81
73 46 83
73 48 57
73 49 -68
73 50 38
73 51 -24
73 52 -2
73 53 33
73 54 -24
73 55 -55
73 56 -56
73 57 59
73 58 34
73 59 -69
73 60 46
73 62 33
73 63 96
73 64 -21
73 65 -91
73 67 -57
73 69 31
73 71 -97
73 72 87
73 73 -100
73 75 24
73 76 2
73 77 74
73 78 -75
73 79 -4
73 80 -11
73 83 -5
73 84 92
73 85 -94
73 86 82
73 87 -7
73 88 -72
73 90 4
73 91 -22
73 92 -31
73 94 -42
73 96 55
73 97 -25
73 98 60
74 0 -30
74 2 20
74 3 100
74 4 -31
74 6 60
74 7 75
74 10 -40
74 11 -19
74 14 58
74 15 -63
74 16 -93
74 17 94
74 19 52
74 20 -28
74 22 -59
74 23 -40
74 25 -31
74 26 -67
74 27 -81
74 28 64
74 29 -64
74 30 -16
74 31 -91
74 32 -77
74 34 -91
74 35 -51
74 36 17
74 42 -96
74 43 39
74 44 18
74 45 5
74 46 34
74 47 -19
74 48 -76
74 49 -1
74 50 -24
74 51 -72
74 52 32
74 53 97
74 54 -38
74 57 -51
74 58 -91
74 59 -7
74 61 97
74 62 56
74 64 69
74 65 -16
74 66 14
74 67 -66
74 68 57
74 69 -91
74 71 -41
74 72 -75
74 73 52
74 74 13
74 75 -66
74 76 84
74 77 -2
74 78 1
74 79 -35
74 80 -95
74 81 -69
74 82 84
74 84 -12
74 85 1
74 87 -64
74 88 13
74 89 33
74 90 90
74 91 -89
74 93 -99
74 94 -35
74 95 88
74 96 -55
74 97 -18
74 98 22
74 99 5
75 0 3
75 2 -70
75 3 31
75 4 93
75 7 25
75 8 -61
75 10 -40
75 12 98
75 14 -18
75 15 64
75 17 -58
75 19 52
75 20 45
75 21 11
75 23 -100
75 25 -77
75 26 64
75 27 67
75 28 32
75 29 -89
75 30 64
75 31 66
75 32 -43
75 33 68
75 34 16
75 35 26
75 37 -9
75 38 56
75 39 -98
75 40 -79
75 41 60
75 42 -55
75 43 -61
75 44 -26
75 45 92
75 48 -31
75 49 -26
75 50 -21
75 52 -85
75 54 -39
75 55 -45
75 56 83
75 57 93
75 58 4
75 59 37
75 60 65
75 61 75
75 62 -63
75 64 75
75 65 100
75 67 -60
75 68 -72
75 69 48
75 70 91
75 71 -91
75 72 -32
75 74 24
75 75 69
75 76 43
75 77 -87
75 79 25
75 80 16
75 81 43
75 82 85
75 83 68
75 84 -51
75 85 -95
75 86 -75
75 87 43
75 88 23
75 89 50
75 91 21
75 92 -11
75 93 -56
75 94 84
75 95 -2
75 96 28
75 97 -55
75 98 -14
75 99 68
76 0 -78
76 2 -71
76 7 -47
76 8 94
76 9 99
76 11 -40
76 12 2
76 13 83
76 14 -5
76 15 34
76 17 35
76 18 -46
76 19 -72
76 20 37
76 21 24
76 22 38
76 23 -17
76 24 27
76 25 89
76 26 -72
76 27 -57
76 28 59
76 29 -52
76 32 -56
76 33 -67
76 34 -70
76 35 58
76 36 30
76 37 88
76 38 83
76 39 33
76 41 67
76 43 91
76 45 28
76 46 85
76 47 80
76 48 -21
76 49 -82
76 50 83
76 51 -41
76 52 66
76 53 -99
76 54 -14
76 56 -76
76 57 -31
76 58 48
76 59 75
76 60 86
76 61 16
76 65 -62
76 66 68
76 68 100
76 69 99
76 70 -23
76 71 -69
76 72 -16
76 73 -39
76 74 26
76 76 -14
76 78 -2
76 80 25
76 81 57
76 82 -75
76 83 78
76 84 31
76 85 46
76 86 -86
76 87 79
76 88 -58
76 89 -27
76 91 25
76 92 7
76 93 82
76 94 -31
76 95 -59
76 96 29
76 97 -51
76 98 -68
77 1 -55
77 2 72
77 3 -95
77 4 44
77 7 -4
77 8 64
77 9 -63
77 11 -32
77 12 80
77 13 -88
77 14 -58
77 15 -37
77 16 85
77 18 -100
77 19 25
77 20 63
77 23 -53
77 25 17
77 27 -33
77 28 84
77 29 84
77 31 89
77 32 -71
77 33 -51
77 34 65
77 35 -49
77 36 58
77 37 100
77 38 97
77 41 -46
77 42 -44
77 43 3
77 45 15
77 46 -57
77 47 52
77 49 -58
77 54 -91
77 55 -23
77 57 12
77 58 -71
77 59 -73
77 60 -76
77 61 6
77 62 -97
77 63 -27
77 64 32
77 65 -40
77 66 -5
77 67 57
77 68 78
77 69 93
77 71 96
77 72 -12
77 74 82
77 75 -97
77 77 40
77 78 9
77 79 87
77 81 -100
77 82 -88
77 83 -67
77 84 64
77 85 -32
77 86 -23
77 87 52
77 89 -13
77 90 28
77 92 -41
77 93 21
77 97 97
77 98 -50
77 99 13
78 0 25
78 2 79
78 4 40
78 6 -56
78 7 94
78 8 81
78 9 -45
78 10 33
78 11 94
78 12 99
78 15 22
78 16 34
78 17 -64
78 18 -75
78 19 71
78 20 -39
78 21 67
78 22 98
78 23 -79
78 24 51
78 25 -37
78 26 50
78 27 2
78 28 -72
78 29 44
78 30 41
78 31 95
78 32 76
78 33 -76
78 34 93
78 35 -11
78 36 33
78 37 16
78 40 47
78 42 -23
78 43 -43
78 44 55
78 46 100
78 47 35
78 49 37
78 50 14
78 52 71
78 53 -4
78 54 -68
78 55 -91
78 58 -95
78 59 17
78 60 -47
78 63 76
78 65 -94
78 66 41
78 69 85
78 70 -23
78 71 -61
78 72 3
78 73 93
78 74 82
78 75 3
78 76 -73
78 78 -12
78 79 17
78 80 47
78 81 69
78 82 18
78 85 65
78 86 -80
78 88 -60
78 89 36
78 90 -32
78 91 -69
78 92 7
78 93 52
78 94 92
78 95 -69
78 97 58
79 0 26
79 1 -69
79 2 -49
79 4 72
79 5 -33
79 7 60
79 9 53
79 10 49
79 11 -53
79 12 -36
79 14 45
79 15 23
79 16 -83
79 17 32
79 18 -52
79 19 29
79 20 7
79 21 53
79 23 73
79 24 85
79 25 32
79 26 30
79 28 71
79 29 80
79 30 -3
79 32 -51
79 33 -31
79 35 95
79 36 -22
79 38 94
79 39 -94
79 40 -89
79 41 -81
79 43 -98
79 44 -54
79 45 -100
79 46 -97
79 47 -11
79 49 67
79 50 26
79 51 -92
79 52 98
79 53 13
79 55 -80
79 58 -69
79 59 -31
79 60 9
79 62 -1
79 63 92
79 65 -100
79 66 -18
79 67 64
79 68 41
79 69 -10
79 70 16
79 71 -46
79 72 39
79 73 68
79 74 -90
79 75 48
79 76 -78
79 77 28
79 80 -47
79 82 1
79 84 -75
79 85 30
79 87 7
79 88 -13
79 90 27
79 91 -3
79 92 -31
79 93 81
79 95 -99
79 97 -96
79 98 94
79 99 36
80 1 32
80 2 47
80 4 94
80 5 1
80 6 54
80 7 38
80 8 -37
80 9 -96
80 10 -28
80 13 -86
80 14 -56
80 15 96
80 16 -85
80 17 -72
80 18 -99
80 19 22
80 20 12
80 21 70
80 22 85
80 23 -18
80 24 11
80 25 -14
80 26 -41
80 27 15
80 28 64
80 29 -24
80 30 73
80 32 58
80 34 -10
80 36 6
80 37 43
80 40 9
80 41 -11
80 42 -63
80 43 -71
80 44 -8
80 45 73
80 47 90
80 49 21
80 50 -55
80 52 38
80 53 31
80 54 35
80 55 43
80 57 63
80 58 76
80 59 -7
80 60 100
80 61 43
80 63 -85
80 64 -50
80 65 -19
80 66 -75
80 67 -6
80 68 -5
80 70 -17
80 71 62
80 72 -51
80 73 -71
80 74 60
80 76 36
80 77 -28
80 79 47
80 80 -99
80 81 -89
80 82 -78
80 84 89
80 86 27
80 88 74
80 90 38
80 92 -77
80 93 94
80 94 -99
80 96 68
80 97 -41
80 98 -34
81 0 17
81 2 -17
81 3 7
81 4 48
81 5 48
81 6 99
81 8 -80
81 10 -87
81 13 -69
81 14 -88
81 15 87
81 17 39
81 19 -75
81 20 -46
81 21 57
81 22 -92
81 23 26
81 24 -99
81 25 21
81 26 99
81 27 -8
81 28 94
81 30 -20
81 31 -86
81 32 -100
81 33 62
81 34 -9
81 35 1
81 36 13
81 37 75
81 39 20
81 41 -58
81 43 61
81 44 -11
81 45 -28
81 46 81
81 47 45
81 48 -82
81 49 56
81 50 16
81 51 -33
81 52 30
81 53 6
81 54 86
81 55 73
81 56 91
81 57 86
81 58 19
81 60 -17
81 61 67
81 62 19
81 63 53
81 65 -2
81 66 7
81 69 66
81 70 -53
81 71 59
81 73 8
81 74 78
81 75 -24
81 77 -37
81 81 -69
81 82 -50
81 83 6
81 84 -22
81 85 47
81 86 33
81 87 -28
81 88 -80
81 89 -35
81 90 72
81 91 -1
81 92 53
81 93 5
81 94 87
81 95 25
81 96 -13
81 97 64
81 98 75
81 99 98
82 0 28
82 1 -90
82 2 -94
82 3 85
82 4 39
82 5 3
82 15 2
82 16 -90
82 17 -26
82 19 43
82 20 -49
82 21 -1
82 22 -65
82 23 -80
82 25 86
82 26 -43
82 27 -86
82 29 81
82 30 -49
82 31 55
82 32 99
82 33 89
82 34 -16
82 35 57
82 37 7
82 38 93
82 39 -69
82 40 -52
82 41 20
82 42 -31
82 44 -38
82 45 96
82 46 90
82 47 45
82 48 -99
82 50 36
82 51 39
82 52 12
82 53 32
82 54 8
82 55 78
82 56 -14
82 57 -95
82 58 -28
82 59 17
82 60 23
82 62 33
82 63 4
82 64 43
82 65 -78
82 66 5
82 67 -46
82 71 -47
82 72 41
82 74 31
82 75 -42
82 76 5
82 77 -26
82 78 -19
82 79 -70
82 80 77
82 82 -20
82 83 -79
82 84 30
82 85 51
82 86 35
82 87 -45
82 89 7
82 90 -93
82 91 69
82 92 33
82 94 73
82 95 4
82 96 -16
82 97 -66
82 99 88
83 0 -99
83 1 64
83 3 27
83 4 -11
83 5 -32
83 6 100
83 7 -8
83 8 -57
83 9 33
83 10 14
83 11 -16
83 12 -80
83 15 93
83 17 7
83 19 -94
83 20 10
83 21 78
83 22 -18
83 23 15
83 24 77
83 25 -3
83 26 -93
83 27 -57
83 29 -52
83 30 82
83 31 -12
83 32 30
83 34 -52
83 36 -8
83 37 -56
83 39 31
83 40 -63
83 42 -23
83 48 40
83 49 57
83 53 -50
83 54 -16
83 55 95
83 57 -93
83 58 78
83 59 -4
83 60 24
83 61 -62
83 62 81
83 63 -52
83 64 -24
83 65 -18
83 67 53
83 68 -3
83 69 -92
83 70 17
83 71 -92
83 73 39
83 74 92
83 75 -38
83 76 -37
83 77 29
83 78 -8
83 79 90
83 80 -32
83 81 -68
83 82 -15
83 83 -43
83 85 38
83 86 -19
83 87 -34
83 88 -52
83 89 -42
83 90 40
83 91 28
83 92 41
83 93 -50
83 95 24
83 96 -67
83 97 16
83 98 -37
83 99 -99
84 0 -61
84 2 -23
84 4 -22
84 6 -63
84 8 83
84 9 -45
84 10 -65
84 11 78
84 12 69
84 13 13
84 14 -93
84 16 44
84 17 -2
84 18 -12
84 19 -68
84 20 87
84 21 -43
84 23 -59
84 27 -43
84 29 99
84 30 -47
84 32 -63
84 33 -91
84 34 -49
84 35 -31
84 36 31
84 37 64
84 38 -10
84 39 75
84 40 95
84 41 -16
84 43 -43
84 44 -31
84 45 -83
84 46 41
84 47 66
84 48 -70
84 49 -41
84 50 -93
84 51 -71
84 53 95
84 55 -37
84 57 18
84 58 86
84 59 56
84 60 74
84 62 -66
84 63 -93
84 65 6
84 66 39
84 67 15
84 68 46
84 69 79
84 71 -22
84 72 29
84 73 70
84 74 29
84 76 40
84 77 17
84 78 -26
84 81 -39
84 82 68
84 83 29
84 84 -51
84 85 47
84 86 -3
84 87 49
84 90 -81
84 92 31
84 93 18
84 94 -82
84 95 -99
84 96 80
84 98 21
84 99 53
85 0 83
85 1 -64
85 2 83
85 3 -71
85 4 -5
85 5 -98
85 6 71
85 7 54
85 8 78
85 11 -13
85 12 96
85 13 -58
85 16 -20
85 18 74
85 20 -23
85 22 -53
85 23 -85
85 24 97
85 25 -79
85 26 2
85 27 35
85 28 22
85 29 -47
85 30 -70
85 31 35
85 32 51
85 33 -31
85 34 -53
85 35 51
85 36 -53
85 37 42
85 39 94
85 40 -24
85 41 -57
85 42 -52
85 44 17
85 45 60
85 46 74
85 47 56
85 48 83
85 49 83
85 50 -5
85 52 -69
85 53 75
85 54 -47
85 56 -52
85 57 -69
85 59 -12
85 60 55
85 61 -18
85 63 -96
85 64 -26
85 65 -8
85 67 72
85 69 87
85 71 -43
85 72 32
85 74 -25
85 76 7
85 77 31
85 78 89
85 79 87
85 80 -56
85 81 -1
85 82 37
85 83 -48
85 84 84
85 86 -36
85 87 -57
85 89 61
85 90 -26
85 91 10
85 93 -76
85 94 3
85 96 -81
85 97 -28
85 99 18
86 0 -8
86 1 -81
86 2 -80
86 3 62
86 5 63
86 6 -70
86 7 -58
86 8 -54
86 9 -85
86 10 36
86 12 -54
86 13 42
86 14 -51
86 15 47
86 16 -76
86 17 19
86 18 73
86 20 -48
86 24 96
86 25 -49
86 26 -27
86 28 -49
86 29 -46
86 30 -56
86 31 -20
86 32 7
86 33 -69
86 34 13
86 35 -10
86 36 -86
86 37 25
86 38 55
86 39 -30
86 40 -82
86 41 95
86 43 80
86 44 95
86 46 -37
86 47 -79
86 49 66
86 50 -66
86 51 24
86 52 1
86 53 74
86 55 -72
86 58 -75
86 59 -16
86 60 31
86 61 -71
86 62 -34
86 63 -26
86 65 -4
86 68 90
86 70 52
86 72 22
86 73 87
86 74 4
86 76 -25
86 77 -88
86 79 -56
86 81 56
86 82 97
86 83 -31
86 84 -73
86 85 -7
86 86 50
86 87 91
86 88 91
86 89 26
86 90 62
86 91 50
86 92 -90
86 93 -48
86 94 61
86 96 29
86 97 49
86 98 -19
86 99 -36
87 0 -50
87 1 -23
87 2 22
87 3 -79
87 4 -87
87 5 -13
87 7 -82
87 8 16
87 9 68
87 10 -20
87 12 59
87 13 -72
87 14 48
87 15 -46
87 16 42
87 18 -96
87 19 -54
87 20 -63
87 22 -100
87 23 -1
87 24 -79
87 25 68
87 26 -80
87 27 95
87 28 -68
87 29 -16
87 30 94
87 31 -39
87 33 -89
87 36 20
87 38 43
87 41 -40
87 42 -73
87 44 -22
87 46 61
87 49 56
87 50 -11
87 51 -95
87 53 -97
87 55 77
87 56 89
87 58 -10
87 59 51
87 60 90
87 61 -35
87 62 26
87 63 38
87 64 -45
87 65 -5
87 66 45
87 69 93
87 70 64
87 71 -80
87 72 44
87 73 -40
87 74 -81
87 75 -12
87 76 87
87 77 -25
87 78 -35
87 79 63
87 80 56
87 81 -29
87 82 37
87 84 79
87 85 -16
87 86 -92
87 88 74
87 91 11
87 92 -36
87 94 94
87 95 -26
87 96 86
87 97 79
87 98 44
88 0 45
88 1 -63
88 2 25
88 3 17
88 4 63
88 5 54
88 6 -63
88 7 -10
88 8 50
88 9 -42
88 10 70
88 11 47
88 12 51
88 13 -47
88 14 64
88 16 13
88 17 -24
88 18 84
88 20 -37
88 21 17
88 23 -35
88 24 -52
88 26 72
88 27 -73
88 28 48
88 29 41
88 30 32
88 31 2
88 33 -62
88 34 61
88 36 22
88 38 12
88 39 -81
88 40 44
88 41 8
88 42 68
88 43 -13
88 44 8
88 46 -94
88 47 -72
88 50 -7
88 51 -54
88 52 38
88 54 87
88 56 19
88 57 4
88 58 18
88 59 -48
88 60 -28
88 61 -49
88 62 1
88 63 86
88 64 -20
88 66 -15
88 67 4
88 68 -24
88 69 -94
88 71 37
88 73 -32
88 75 75
88 78 5
88 79 53
88 80 -37
88 81 -56
88 83 -58
88 84 25
88 88 -58
88 89 43
88 90 -31
88 91 27
88 92 27
88 93 31
88 94 -64
88 95 -41
88 96 -7
88 97 -67
88 98 -72
89 0 -61
89 1 -66
89 2 79
89 3 52
89 5 92
89 7 -88
89 8 64
89 9 50
89 10 21
89 13 11
89 14 72
89 15 2
89 16 -77
89 17 98
89 18 -43
89 19 -32
89 21 10
89 22 16
89 24 -46
89 26 21
89 27 77
89 28 -20
89 29 31
89 30 -12
89 31 14
89 32 97
89 34 99
89 35 -17
89 36 -54
89 37 39
89 39 -39
89 40 79
89 41 -40
89 42 42
89 43 -95
89 44 -78
89 45 -68
89 46 -96
89 47 41
89 48 99
89 51 44
89 52 9
89 53 52
89 54 27
89 55 -7
89 56 -74
89 57 90
89 58 84
89 59 61
89 60 -64
89 63 33
89 64 -13
89 65 -85
89 69 -2
89 70 -10
89 71 -35
89 72 68
89 74 64
89 76 79
89 77 -24
89 79 95
89 80 85
89 81 -90
89 84 2
89 85 68
89 87 54
89 88 -50
89 89 12
89 91 16
89 93 89
89 94 49
89 95 31
89 97 23
89 98 22
89 99 76
90 0 -21
90 3 62
90 4 -86
90 5 -63
90 6 -20
90 7 -28
90 8 -49
90 9 80
90 10 -23
90 11 -28
90 15 46
90 19 50
90 20 70
90 21 24
90 22 -56
90 23 -45
90 24 -61
90 27 -44
90 28 66
90 29 46
90 30 -13
90 31 -45
90 32 -43
90 33 87
90 35 -32
90 36 55
90 37 -75
90 39 5
90 40 41
90 41 54
90 42 -87
90 45 -49
90 46 23
90 47 94
90 49 -7
90 50 64
90 52 16
90 54 13
90 55 18
90 56 -95
90 57 83
90 58 38
90 59 92
90 60 67
90 61 -76
90 62 60
90 63 -88
90 64 -68
90 65 -81
90 66 96
90 67 -66
90 68 -3
90 69 -72
90 70 19
90 71 66
90 72 9
90 73 40
90 74 -49
90 75 77
90 78 -4
90 79 72
90 82 -37
90 83 -36
90 84 30
90 85 40
90 87 -92
90 89 37
90 90 -1
90 92 -49
90 93 -64
90 94 80
90 95 36
90 96 -1
90 98 12
90 99 1
91 0 -48
91 1 -86
91 2 -48
91 3 -74
91 5 -79
91 7 6
91 8 22
91 11 -15
91 12 -2
91 13 28
91 16 86
91 17 -82
91 18 -17
91 21 -53
91 22 -33
91 24 39
91 25 61
91 26 48
91 28 -50
91 29 -100
91 30 -85
91 31 -99
91 32 -96
91 33 92
91 35 -31
91 36 -100
91 37 69
91 38 54
91 39 92
91 40 -33
91 41 62
91 42 23
91 43 -96
91 45 -76
91 46 -62
91 47 19
91 48 -32
91 50 -52
91 51 54
91 52 -4
91 53 68
91 55 2
91 56 81
91 57 -86
91 58 -20
91 59 27
91 62 87
91 63 -100
91 64 -33
91 65 54
91 66 -56
91 67 -87
91 68 60
91 69 -69
91 71 -98
91 72 -46
91 73 55
91 74 -59
91 75 -17
91 76 -89
91 79 99
91 80 62
91 81 -94
91 83 -50
91 85 14
91 86 -32
91 87 -90
91 88 -62
91 92 -59
91 94 10
91 95 10
91 97 67
91 98 -1
91 99 30
92 1 -41
92 2 38
92 5 -89
92 6 -100
92 7 37
92 8 12
92 9 80
92 10 -95
92 13 -93
92 14 -43
92 15 -95
92 16 96
92 17 1
92 18 88
92 20 -20
92 21 -43
92 22 -52
92 23 44
92 27 1
92 29 -38
92 31 -86
92 32 -88
92 33 57
92 34 10
92 36 -30
92 37 -20
92 38 100
92 39 -16
92 40 -45
92 42 31
92 43 -81
92 44 23
92 45 -39
92 46 7
92 47 41
92 49 68
92 50 7
92 51 49
92 52 -84
92 54 43
92 56 -60
92 58 75
92 59 -5
92 61 -27
92 63 -50
92 64 -9
92 65 -55
92 66 -87
92 67 89
92 69 -69
92 70 42
92 71 -73
92 72 -81
92 73 -79
92 74 -34
92 77 -17
92 78 -4
92 81 -47
92 83 -77
92 84 -93
92 85 -45
92 86 -7
92 88 -94
92 89 84
92 90 91
92 91 71
92 92 -34
92 93 70
92 95 54
92 96 85
92 97 58
92 98 -99
92 99 93
93 0 -72
93 1 -85
93 2 20
93 3 -81
93 4 -41
93 5 65
93 6 85
93 7 -86
93 9 -4
93 12 -36
93 13 -55
93 14 -57
93 15 -46
93 16 39
93 17 -58
93 18 18
93 19 -91
93 20 2
93 21 -1
93 22 56
93 25 53
93 26 20
93 29 -70
93 30 9
93 32 -16
93 34 -1
93 35 -95
93 36 17
93 38 46
93 39 70
93 40 79
93 41 14
93 43 30
93 44 -56
93 46 38
93 48 82
93 50 18
93 51 -34
93 52 -51
93 53 29
93 54 -72
93 55 -29
93 56 -74
93 58 -30
93 60 -63
93 62 73
93 63 -72
93 64 80
93 65 -93
93 66 43
93 68 -12
93 69 44
93 70 85
93 71 50
93 73 -98
93 74 -73
93 75 -88
93 77 11
93 78 -68
93 79 -41
93 80 29
93 81 80
93 82 36
93 83 -15
93 84 -73
93 87 57
93 89 -42
93 90 94
93 91 100
93 92 -65
93 94 -3
93 95 -89
93 96 -52
93 97 -84
93 98 -81
93 99 -87
94 0 -13
94 1 41
94 2 18
94 3 -8
94 4 31
94 5 73
94 7 8
94 9 -86
94 11 77
94 12 52
94 13 -13
94 14 97
94 17 -20
94 18 87
94 19 -91
94 20 7
94 21 -2
94 22 -17
94 23 -100
94 24 48
94 25 63
94 26 -3
94 27 67
94 29 -49
94 32 -61
94 33 -34
94 34 48
94 35 -20
94 36 93
94 37 -42
94 39 10
94 40 -50
94 41 10
94 42 -57
94 44 -99
94 46 -46
94 47 -43
94 48 31
94 49 50
94 50 1
94 51 17
94 53 -25
94 54 -100
94 55 -69
94 56 -91
94 57 -27
94 58 -17
94 59 16
94 61 -59
94 62 -52
94 63 14
94 64 83
94 65 87
94 66 -39
94 67 -33
94 68 87
94 70 -91
94 71 89
94 72 -52
94 73 -54
94 74 54
94 75 27
94 77 -20
94 78 -97
94 79 -87
94 80 -73
94 82 -7
94 83 -44
94 84 81
94 85 34
94 87 -79
94 89 79
94 90 90
94 91 81
94 92 -97
94 93 -34
94 94 -26
94 95 68
94 96 -99
94 97 91
94 98 -47
94 99 -54
95 0 81
95 1 -7
95 2 -68
95 3 86
95 4 26
95 5 -84
95 6 -61
95 7 42
95 8 -73
95 10 7
95 13 -62
95 14 -26
95 15 6
95 16 -6
95 17 37
95 18 -9
95 19 54
95 20 -58
95 22 67
95 23 22
95 24 -70
95 26 49
95 32 28
95 33 15
95 34 84
95 35 81
95 37 97
95 38 54
95 39 -35
95 41 16
95 43 71
95 44 87
95 45 -16
95 46 -19
95 47 69
95 48 75
95 51 17
95 52 -27
95 54 41
95 55 -78
95 57 -52
95 58 95
95 59 94
95 60 -52
95 62 13
95 63 -39
95 64 -25
95 65 -35
95 66 33
95 67 28
95 68 21
95 69 -12
95 71 79
95 72 -29
95 73 98
95 74 55
95 75 40
95 77 -61
95 78 -15
95 79 85
95 80 -3
95 81 5
95 82 -26
95 84 -100
95 87 72
95 88 36
95 90 63
95 91 -35
95 92 94
95 93 -73
95 94 58
95 95 -50
95 97 62
95 99 34
96 0 30
96 1 72
96 2 92
96 3 79
96 4 74
96 5 -34
96 7 -17
96 8 73
96 9 -78
96 10 24
96 11 42
96 12 49
96 13 9
96 14 -74
96 15 -11
96 16 37
96 19 55
96 20 -2
96 21 -85
96 22 -35
96 23 -65
96 24 -57
96 26 -21
96 27 -3
96 28 -23
96 29 47
96 30 -47
96 31 -98
96 32 -96
96 33 57
96 34 -56
96 36 -18
96 37 48
96 38 2
96 40 -43
96 42 -90
96 46 -94
96 47 -33
96 48 13
96 50 38
96 51 1
96 52 77
96 60 87
96 61 -100
96 63 -17
96 66 3
96 67 14
96 68 -31
96 70 -42
96 71 -97
96 72 -33
96 73 50
96 74 -86
96 75 -42
96 76 44
96 77 14
96 78 73
96 79 -81
96 80 -25
96 81 -92
96 82 67
96 83 42
96 84 49
96 85 92
96 87 82
96 88 -82
96 89 -20
96 90 87
96 91 51
96 92 18
96 93 49
96 94 14
96 95 66
96 96 -30
96 97 -54
96 98 -80
97 0 -37
97 1 -17
97 2 -46
97 5 42
97 7 60
97 8 -24
97 10 26
97 11 -83
97 13 92
97 15 -92
97 16 -17
97 19 35
97 20 -96
97 21 42
97 23 57
97 24 -86
97 25 25
97 27 85
97 28 76
97 29 7
97 30 10
97 31 -78
97 32 27
97 33 -35
97 34 -65
97 35 75
97 36 99
97 38 33
97 40 61
97 41 34
97 43 -74
97 45 -86
97 46 58
97 47 95
97 50 46
97 51 14
97 52 84
97 53 -92
97 54 73
97 56 -80
97 57 42
97 59 62
97 60 4
97 61 75
97 64 35
97 65 30
97 66 -29
97 68 48
97 69 -76
97 70 -46
97 71 -81
97 72 -64
97 74 -9
97 76 -77
97 77 100
97 78 -18
97 79 -60
97 85 -36
97 86 -21
97 87 46
97 89 -65
97 90 3
97 91 -91
97 92 -77
97 93 99
97 95 22
97 96 -35
97 97 -42
97 99 -25
98 0 -59
98 1 49
98 2 -66
98 3 85
98 6 -71
98 7 69
98 8 67
98 9 -7
98 10 27
98 11 -37
98 12 -74
98 13 -66
98 14 72
98 16 32
98 17 93
98 18 59
98 19 -78
98 20 -3
98 21 -72
98 22 83
98 23 -68
98 24 -80
98 25 -45
98 26 40
98 28 2
98 29 60
98 30 45
98 31 25
98 32 3
98 33 64
98 35 79
98 36 -32
98 38 -46
98 39 -90
98 40 -52
98 42 -8
98 43 -4
98 45 29
98 46 -79
98 47 -3
98 48 -97
98 49 45
98 50 66
98 51 -51
98 53 16
98 54 65
98 55 53
98 57 -33
98 58 45
98 61 -11
98 64 -66
98 65 -58
98 66 13
98 67 -39
98 68 -23
98 69 63
98 70 -45
98 72 45
98 73 -18
98 74 58
98 75 30
98 76 66
98 77 9
98 79 5
98 80 -90
98 82 90
98 83 67
98 85 58
98 86 28
98 87 -96
98 89 -18
98 91 -40
98 92 81
98 93 51
98 94 80
98 95 -58
98 96 -9
98 98 41
99 0 32
99 1 42
99 2 55
99 3 15
99 4 -48
99 5 5
99 6 -45
99 7 62
99 8 54
99 9 60
99 10 -31
99 12 26
99 13 18
99 14 -65
99 15 70
99 16 87
99 17 -59
99 18 68
99 19 -68
99 20 -94
99 21 -66
99 23 -67
99 24 53
99 26 -29
99 27 73
99 28 -65
99 29 -90
99 30 78
99 31 -50
99 33 -44
99 35 86
99 36 37
99 38 21
99 40 77
99 41 -64
99 42 34
99 43 63
99 44 33
99 45 -76
99 46 -62
99 47 66
99 48 -6
99 49 -73
99 50 -95
99 51 74
99 52 48
99 53 79
99 55 99
99 56 38
99 59 -56
99 62 28
99 63 -30
99 64 90
99 65 45
99 66 -28
99 67 63
99 68 38
99 69 76
99 70 47
99 71 -41
99 73 -12
99 74 17
99 75 23
99 76 -51
99 77 15
99 78 77
99 79 31
99 82 81
99 83 36
99 84 95
99 86 -11
99 88 -74
99 89 -3
99 91 -99
99 92 -64
99 95 33
99 97 -99
99 98 22
99 99 -7