0 0 75
0 4 19
0 5 -80
0 6 -61
0 7 -76
0 11 41
0 12 74
0 13 -48
0 17 51
0 21 58
0 24 68
0 25 -55
0 26 96
0 33 90
0 36 90
0 41 32
0 43 30
0 46 -39
0 47 -83
0 52 -92
0 53 -87
0 61 -32
0 63 -55
0 71 -91
0 72 -52
0 77 -49
0 78 -68
0 80 -24
0 81 -60
0 84 26
0 88 17
0 89 18
0 90 -28
0 92 36
0 93 -12
0 94 71
0 96 45
0 98 -54
0 100 32
0 103 14
0 106 -33
0 109 37
0 110 -25
0 113 72
0 116 -87
0 117 69
0 123 75
0 127 -92
0 131 -20
0 140 65
0 145 13
0 147 -38
1 0 65
1 1 13
1 2 10
1 3 -47
1 6 28
1 7 63
1 12 41
1 13 1
1 14 -52
1 19 -100
1 20 -8
1 21 -65
1 22 7
1 23 46
1 26 14
1 34 -94
1 42 64
1 43 73
1 45 62
1 48 95
1 49 62
1 55 -70
1 58 9
1 65 85
1 69 -3
1 70 -29
1 71 40
1 72 29
1 74 83
1 75 -80
1 78 -65
1 79 35
1 83 -70
1 86 46
1 87 18
1 88 67
1 93 -99
1 94 -35
1 100 -73
1 102 73
1 103 79
1 104 84
1 105 -61
1 106 15
1 107 -60
1 109 34
1 110 54
1 113 94
1 114 85
1 116 21
1 118 -80
1 122 10
1 123 -41
1 124 -83
1 125 -87
1 126 26
1 127 29
1 131 -49
1 132 -98
1 135 -97
1 137 -65
1 138 -20
1 139 -45
1 144 24
1 146 -20
1 147 -67
1 148 46
1 149 -69
2 0 -35
2 1 -83
2 2 18
2 6 -19
2 8 -60
2 9 79
2 11 -33
2 13 87
2 14 68
2 16 20
2 17 -48
2 18 -24
2 20 -86
2 22 -39
2 24 16
2 25 -1
2 29 -61
2 35 82
2 38 100
2 41 -38
2 43 48
2 51 -63
2 52 -30
2 53 -100
2 55 56
2 57 99
2 61 20
2 62 -72
2 63 -90
2 64 -66
2 66 51
2 67 -34
2 70 14
2 71 19
2 72 49
2 73 66
2 75 -47
2 79 -20
2 80 -54
2 83 -47
2 84 -21
2 85 15
2 86 100
2 89 -8
2 91 -78
2 94 30
2 97 73
2 100 -93
2 101 6
2 102 51
2 104 -66
2 106 -90
2 112 -22
2 114 -63
2 115 -32
2 118 -26
2 119 -89
2 124 -26
2 129 -52
2 131 14
2 132 17
2 136 -38
2 137 -9
2 139 58
2 141 -17
2 143 11
2 144 46
2 148 -60
3 0 88
3 2 28
3 4 59
3 6 87
3 7 -35
3 9 73
3 10 -43
3 14 -42
3 16 -66
3 17 -59
3 18 -75
3 22 -74
3 23 4
3 25 41
3 28 -47
3 29 18
3 30 55
3 32 71
3 39 21
3 40 3
3 41 -81
3 43 -72
3 55 -5
3 56 15
3 57 77
3 58 3
3 59 -92
3 62 31
3 63 47
3 64 17
3 67 -36
3 71 -57
3 72 10
3 74 -51
3 75 -76
3 80 -13
3 83 -10
3 86 -8
3 90 21
3 91 54
3 93 78
3 94 -7
3 98 -9
3 99 10
3 102 -3
3 108 93
3 110 31
3 112 49
3 113 -99
3 117 -68
3 119 35
3 120 -1
3 121 -68
3 125 58
3 127 -87
3 129 -43
3 130 -70
3 131 62
3 132 79
3 136 -13
3 142 95
3 143 -17
3 146 -82
3 147 -86
3 148 44
4 0 -91
4 3 -59
4 6 -84
4 7 -48
4 8 -61
4 13 38
4 14 -81
4 15 50
4 16 -98
4 21 39
4 22 9
4 30 31
4 32 93
4 36 73
4 38 -49
4 43 -92
4 44 97
4 45 93
4 46 3
4 48 -11
4 51 -23
4 52 21
4 54 -14
4 58 -71
4 59 -99
4 61 -77
4 64 63
4 65 -63
4 66 -87
4 67 82
4 68 31
4 75 72
4 76 -19
4 79 -70
4 80 -66
4 81 52
4 82 -77
4 83 51
4 86 -84
4 87 16
4 88 37
4 91 73
4 95 47
4 98 14
4 99 -53
4 102 68
4 104 -78
4 107 4
4 108 97
4 110 4
4 117 48
4 119 33
4 120 -88
4 123 27
4 124 -32
4 125 -85
4 131 68
4 132 86
4 135 42
4 137 -56
4 139 9
4 140 52
4 141 52
4 142 16
4 143 96
4 146 -1
5 2 76
5 4 47
5 10 -84
5 11 -91
5 12 -66
5 13 -21
5 14 -81
5 16 84
5 20 26
5 23 72
5 24 24
5 29 -80
5 32 -84
5 38 31
5 39 78
5 40 40
5 46 57
5 56 10
5 61 -35
5 64 -14
5 66 38
5 71 5
5 72 -68
5 78 90
5 81 -2
5 82 -70
5 83 72
5 84 -44
5 85 32
5 88 -94
5 90 -66
5 91 -18
5 92 6
5 94 63
5 97 -78
5 100 -49
5 101 89
5 104 3
5 107 -27
5 110 52
5 117 99
5 119 -83
5 120 -5
5 123 72
5 125 -89
5 126 67
5 127 -80
5 128 37
5 131 -57
5 133 -78
5 135 -56
5 138 85
5 140 55
5 142 -79
5 143 -39
5 144 8
5 146 17
5 147 -95
5 148 16
6 0 71
6 4 -77
6 7 -36
6 14 38
6 17 -36
6 20 95
6 23 -31
6 30 99
6 34 -50
6 39 -23
6 40 -50
6 42 -26
6 44 27
6 48 -21
6 50 12
6 57 35
6 62 70
6 65 65
6 68 -6
6 73 -100
6 74 -63
6 77 -77
6 82 44
6 84 -13
6 87 -17
6 89 -56
6 92 -93
6 94 67
6 95 62
6 99 30
6 105 78
6 106 -29
6 108 22
6 112 44
6 114 84
6 115 -68
6 117 -13
6 120 -99
6 124 61
6 128 -80
6 130 -89
6 131 -19
6 132 -53
6 134 -29
6 135 60
6 136 29
6 137 -47
6 144 14
6 146 -42
6 147 47
7 1 -93
7 13 -47
7 14 33
7 16 -92
7 20 -61
7 23 71
7 26 100
7 27 -59
7 31 75
7 33 34
7 37 -49
7 38 16
7 42 59
7 43 15
7 45 -89
7 49 -74
7 53 -30
7 54 87
7 57 15
7 61 -23
7 64 -71
7 66 -53
7 68 1
7 69 -95
7 70 96
7 71 90
7 72 14
7 73 -78
7 74 -38
7 76 -72
7 82 -57
7 83 -23
7 85 99
7 86 -60
7 89 57
7 91 -49
7 92 97
7 93 -9
7 95 14
7 102 -67
7 104 24
7 105 -76
7 106 88
7 108 16
7 111 -6
7 112 19
7 116 -4
7 117 -56
7 122 52
7 123 -38
7 124 42
7 125 93
7 126 -62
7 127 63
7 130 28
7 138 -82
7 139 -88
7 140 -91
7 143 -85
7 146 -95
7 147 65
7 149 36
8 1 -73
8 2 -61
8 5 96
8 7 72
8 10 92
8 17 -63
8 19 9
8 26 13
8 28 83
8 29 36
8 32 41
8 35 55
8 36 -76
8 38 -15
8 39 -41
8 41 62
8 49 37
8 51 -37
8 53 63
8 54 -46
8 57 -89
8 58 -82
8 59 -18
8 60 -74
8 64 -44
8 65 38
8 67 18
8 70 -58
8 72 99
8 76 -65
8 78 14
8 79 42
8 80 -80
8 81 -25
8 87 59
8 88 29
8 92 2
8 96 49
8 98 56
8 100 66
8 103 19
8 105 97
8 106 73
8 107 28
8 109 10
8 114 22
8 119 4
8 126 55
8 129 15
8 132 -73
8 133 57
8 135 -82
8 141 -62
8 143 -70
8 144 98
8 145 16
8 146 76
8 147 70
8 148 -24
8 149 7
9 1 -30
9 3 1
9 6 74
9 7 16
9 8 -39
9 11 -73
9 12 -30
9 15 67
9 21 -79
9 22 41
9 24 -24
9 25 -50
9 27 -27
9 30 -14
9 31 -63
9 35 95
9 36 92
9 38 -32
9 39 34
9 41 98
9 42 -47
9 47 -64
9 48 40
9 49 -24
9 50 -18
9 54 -80
9 59 -27
9 61 -33
9 62 43
9 64 93
9 67 30
9 70 -22
9 75 16
9 76 5
9 78 -11
9 82 25
9 83 -38
9 86 26
9 89 92
9 90 72
9 92 -70
9 95 -71
9 101 53
9 103 90
9 104 -1
9 105 -6
9 106 -39
9 107 89
9 109 31
9 110 77
9 112 20
9 115 57
9 119 -82
9 120 36
9 121 16
9 122 -88
9 125 -5
9 132 65
9 135 -28
9 138 43
9 139 -82
9 140 30
9 142 -23
9 144 3
9 149 11
10 0 44
10 2 -82
10 4 -31
10 7 -8
10 10 15
10 11 -45
10 12 -92
10 19 -70
10 23 33
10 24 60
10 25 -72
10 27 -70
10 28 49
10 29 68
10 30 -17
10 32 19
10 34 26
10 35 21
10 36 85
10 37 74
10 38 89
10 41 50
10 42 -98
10 44 42
10 45 -16
10 47 81
10 48 22
10 52 -79
10 56 -22
10 57 -10
10 58 -100
10 59 -4
10 61 86
10 62 -80
10 68 95
10 70 2
10 71 98
10 72 -66
10 74 -80
10 76 -33
10 81 -31
10 85 -23
10 86 -61
10 87 -31
10 88 47
10 89 -89
10 95 -92
10 99 80
10 100 -77
10 101 50
10 104 20
10 105 56
10 107 -47
10 109 40
10 117 99
10 119 58
10 120 -90
10 124 -42
10 126 -95
10 129 -15
10 132 79
10 134 -44
10 135 30
10 137 19
10 139 -52
10 141 13
10 142 -63
10 143 -63
10 145 74
10 146 52
10 147 -3
10 148 -90
11 0 43
11 4 -23
11 5 65
11 6 -63
11 14 -100
11 17 -61
11 19 32
11 20 92
11 22 -58
11 25 -84
11 26 -10
11 29 85
11 30 50
11 31 -89
11 33 90
11 34 93
11 37 28
11 38 82
11 40 2
11 43 -92
11 46 -40
11 48 -89
11 51 -96
11 52 -87
11 66 35
11 70 -44
11 72 -85
11 77 -69
11 79 3
11 80 -32
11 82 -68
11 83 1
11 85 51
11 86 -11
11 89 -76
11 93 68
11 94 14
11 97 76
11 99 -63
11 106 -21
11 108 62
11 111 -71
11 112 -80
11 113 -75
11 117 79
11 118 31
11 121 23
11 125 -93
11 126 -40
11 128 -80
11 131 -82
11 133 -4
11 135 81
11 136 -60
11 138 -70
11 140 80
11 141 -22
11 143 73
11 147 -9
12 2 8
12 3 -46
12 7 -56
12 10 -82
12 12 68
12 13 43
12 15 -7
12 17 22
12 19 93
12 24 90
12 26 11
12 36 54
12 37 19
12 38 50
12 40 -37
12 41 92
12 43 31
12 44 81
12 47 96
12 48 70
12 49 -35
12 52 -16
12 53 -91
12 55 -27
12 57 58
12 59 -48
12 60 39
12 61 6
12 62 96
12 63 -67
12 65 81
12 68 -29
12 69 -86
12 71 -39
12 73 -34
12 74 -45
12 75 -1
12 80 -54
12 81 -84
12 82 -79
12 86 -45
12 87 58
12 90 -42
12 92 88
12 93 -63
12 95 -82
12 97 -23
12 99 4
12 102 37
12 105 -65
12 113 82
12 122 -84
12 125 -8
12 126 95
12 127 69
12 128 -65
12 131 6
12 135 27
12 137 -62
12 140 -87
12 143 24
12 145 -67
12 146 -70
12 147 26
12 148 -100
13 1 55
13 15 91
13 21 -84
13 22 -84
13 23 29
13 24 -91
13 25 -1
13 26 -22
13 29 -88
13 30 12
13 31 -5
13 33 9
13 37 -11
13 39 35
13 40 91
13 42 -75
13 44 46
13 45 50
13 55 64
13 56 98
13 57 33
13 59 54
13 62 -40
13 63 -21
13 65 -29
13 67 -63
13 68 73
13 71 100
13 75 10
13 76 27
13 77 -14
13 80 -2
13 81 -22
13 85 -2
13 87 44
13 88 54
13 89 -25
13 90 70
13 91 -31
13 93 49
13 94 82
13 95 -95
13 96 -83
13 99 45
13 104 -11
13 108 44
13 110 51
13 114 49
13 118 48
13 119 32
13 120 17
13 124 38
13 125 -25
13 127 -53
13 128 -93
13 130 15
13 133 -69
13 135 14
13 140 -66
13 142 -58
13 143 -5
13 144 -18
13 149 -65
14 2 80
14 3 -17
14 15 6
14 17 -92
14 19 63
14 24 95
14 26 -26
14 27 -43
14 31 82
14 34 62
14 35 12
14 38 64
14 39 36
14 42 -57
14 45 -17
14 48 -80
14 50 -92
14 51 4
14 55 5
14 56 27
14 61 -12
14 65 -4
14 66 -39
14 69 -81
14 70 11
14 71 66
14 73 89
14 77 1
14 79 78
14 81 55
14 83 71
14 85 78
14 87 33
14 89 28
14 92 45
14 93 80
14 94 -67
14 95 55
14 100 -49
14 101 74
14 103 -64
14 104 -65
14 105 -13
14 109 -53
14 112 -41
14 113 79
14 114 71
14 116 -20
14 117 -97
14 120 51
14 121 -71
14 126 -37
14 127 -42
14 128 14
14 132 60
14 134 -36
14 135 -7
14 136 -32
14 138 -57
14 142 -58
14 143 15
15 0 89
15 1 -19
15 2 -18
15 4 35
15 7 6
15 19 2
15 20 53
15 21 1
15 24 -41
15 25 78
15 27 49
15 28 -48
15 30 54
15 32 47
15 34 -44
15 36 15
15 38 72
15 40 -69
15 43 25
15 44 -17
15 46 74
15 47 62
15 50 49
15 51 -21
15 52 8
15 56 16
15 61 -8
15 63 86
15 64 9
15 69 5
15 72 5
15 74 11
15 75 -96
15 77 -10
15 79 96
15 81 -28
15 82 -64
15 86 40
15 87 27
15 88 -21
15 91 -44
15 93 29
15 94 59
15 98 96
15 100 91
15 101 -21
15 102 24
15 106 -69
15 111 -71
15 117 68
15 118 44
15 121 -82
15 122 84
15 123 -52
15 127 -57
15 128 -44
15 130 -73
15 131 -13
15 134 57
15 135 67
15 136 -12
15 140 -76
15 142 7
15 143 26
15 144 22
15 145 20
15 147 -17
15 149 -59
16 0 -78
16 1 -65
16 4 94
16 6 -22
16 7 -37
16 10 -72
16 11 -81
16 17 -53
16 18 49
16 21 33
16 31 90
16 36 -89
16 37 19
16 39 74
16 40 87
16 41 9
16 43 51
16 44 37
16 47 -10
16 48 94
16 49 -92
16 51 -16
16 52 -63
16 55 65
16 56 4
16 58 23
16 60 -23
16 61 -70
16 70 -40
16 72 -24
16 78 -17
16 79 -76
16 84 -74
16 85 28
16 86 -34
16 90 88
16 95 -73
16 97 96
16 103 66
16 104 -65
16 106 -85
16 107 -68
16 108 -41
16 109 73
16 110 69
16 114 -83
16 120 -97
16 123 70
16 124 10
16 125 33
16 126 49
16 129 20
16 131 -5
16 135 5
16 136 -79
16 139 48
16 142 -20
16 143 1
16 146 -57
17 1 8
17 3 -42
17 4 71
17 13 -64
17 14 83
17 17 -93
17 21 13
17 22 -32
17 25 -55
17 27 80
17 34 -12
17 35 7
17 38 -89
17 39 25
17 41 -98
17 46 79
17 48 29
17 49 63
17 50 36
17 51 44
17 61 67
17 67 -1
17 73 42
17 74 -73
17 75 67
17 76 97
17 80 -47
17 83 21
17 86 -84
17 88 -21
17 91 -67
17 93 57
17 94 44
17 95 55
17 96 -43
17 97 -41
17 100 12
17 102 65
17 107 47
17 109 15
17 113 -84
17 114 -26
17 116 -39
17 118 -50
17 119 37
17 120 78
17 121 16
17 122 -78
17 126 -15
17 127 -21
17 129 51
17 130 -98
17 138 -27
17 139 -43
17 140 40
17 146 92
17 147 61
18 0 -63
18 1 -95
18 10 7
18 13 83
18 14 -34
18 15 78
18 18 -80
18 19 -100
18 20 31
18 21 36
18 25 -80
18 29 -45
18 30 87
18 33 -38
18 34 -52
18 38 -42
18 40 100
18 42 49
18 43 -100
18 45 27
18 49 -98
18 51 -48
18 52 10
18 55 -47
18 57 31
18 58 -80
18 60 -43
18 61 63
18 65 -8
18 68 -91
18 71 30
18 72 -24
18 74 15
18 75 -43
18 76 -41
18 77 11
18 79 -11
18 88 -23
18 94 57
18 95 -15
18 96 -100
18 97 47
18 99 93
18 101 33
18 103 92
18 104 54
18 109 70
18 110 5
18 111 -72
18 114 -39
18 115 -3
18 120 -88
18 122 93
18 124 -1
18 125 -15
18 126 -49
18 130 39
18 132 -71
18 137 33
18 138 87
18 139 -53
18 141 -47
18 142 72
18 144 -18
18 146 66
18 149 1
19 0 -62
19 4 -42
19 5 -54
19 7 -89
19 12 66
19 13 74
19 16 -76
19 21 -93
19 22 -40
19 26 -62
19 27 -50
19 28 91
19 29 83
19 34 82
19 36 -19
19 38 -83
19 39 85
19 43 92
19 44 28
19 48 91
19 51 -56
19 52 -44
19 53 -77
19 54 -22
19 56 34
19 57 62
19 58 11
19 60 -52
19 62 10
19 64 -30
19 66 -14
19 68 -28
19 73 96
19 74 26
19 76 -61
19 78 26
19 79 34
19 81 -13
19 86 85
19 87 -8
19 88 74
19 90 -43
19 92 86
19 95 9
19 96 73
19 97 3
19 98 -61
19 99 -15
19 100 -49
19 102 24
19 103 -67
19 106 -35
19 109 3
19 114 21
19 115 63
19 119 3
19 120 17
19 121 -6
19 123 -86
19 125 -16
19 128 84
19 130 80
19 136 -8
19 139 -87
19 140 -96
19 141 -42
19 142 28
19 143 34
19 145 -42
19 148 -81
20 1 -31
20 7 -34
20 15 21
20 16 -31
20 18 3
20 19 97
20 22 48
20 23 61
20 24 -82
20 25 36
20 26 -13
20 27 -55
20 29 19
20 31 48
20 32 -43
20 36 44
20 38 -90
20 42 -67
20 44 -52
20 55 -96
20 56 -63
20 57 -72
20 58 -52
20 63 -90
20 65 -72
20 66 -25
20 67 81
20 69 3
20 71 66
20 74 11
20 78 -79
20 79 70
20 81 -12
20 82 -10
20 83 51
20 84 39
20 88 69
20 89 -44
20 92 -5
20 94 -14
20 95 -68
20 96 -71
20 103 -93
20 104 -1
20 105 -31
20 107 24
20 108 -14
20 109 -23
20 113 52
20 115 -59
20 117 75
20 120 -58
20 121 -8
20 123 83
20 125 3
20 127 82
20 128 -67
20 132 -15
20 134 56
20 137 -77
20 138 -39
20 139 -99
20 142 -93
20 143 -5
20 145 -8
20 147 2
20 148 68
21 1 -36
21 3 61
21 4 -81
21 7 33
21 9 9
21 10 -73
21 12 -77
21 19 -52
21 23 6
21 28 61
21 29 17
21 31 -70
21 32 67
21 33 80
21 34 81
21 41 48
21 46 63
21 47 90
21 48 25
21 49 -67
21 52 -80
21 54 -15
21 55 50
21 61 99
21 65 -9
21 66 60
21 67 14
21 69 -7
21 71 -73
21 74 46
21 78 35
21 81 -74
21 83 82
21 84 -61
21 93 22
21 95 -90
21 98 35
21 101 -29
21 108 21
21 114 77
21 120 -91
21 122 10
21 123 25
21 125 19
21 126 54
21 128 48
21 130 -57
21 131 -10
21 135 -10
21 137 37
21 139 37
21 140 20
21 141 34
21 142 33
21 145 -60
21 146 45
21 147 -79
22 5 -34
22 7 84
22 9 -42
22 11 63
22 16 -53
22 19 21
22 20 70
22 21 33
22 22 5
22 23 -32
22 30 -79
22 31 -66
22 32 65
22 33 6
22 34 -98
22 35 -97
22 38 100
22 41 73
22 43 26
22 45 37
22 46 -59
22 48 -94
22 50 15
22 51 -14
22 54 -74
22 58 -25
22 59 -92
22 60 22
22 61 -45
22 62 41
22 63 73
22 65 -32
22 66 -40
22 68 -84
22 69 22
22 70 87
22 72 -71
22 73 -37
22 75 13
22 76 -71
22 77 66
22 78 32
22 81 -28
22 82 100
22 83 3
22 86 34
22 88 -18
22 89 89
22 90 5
22 91 86
22 93 27
22 98 -31
22 103 7
22 105 -3
22 107 10
22 112 46
22 114 -89
22 115 7
22 117 -94
22 119 -46
22 122 -96
22 126 85
22 128 -40
22 129 -80
22 131 -62
22 135 47
22 136 -21
22 139 46
22 143 -58
22 145 32
22 147 34
22 148 -11
23 0 -11
23 1 -91
23 2 -100
23 3 16
23 4 -22
23 7 -38
23 10 -57
23 14 -31
23 16 -79
23 17 -33
23 18 62
23 21 28
23 22 -72
23 23 34
23 24 -12
23 25 4
23 27 -85
23 28 3
23 31 87
23 33 89
23 34 8
23 36 -66
23 37 -29
23 38 -73
23 39 -14
23 40 -57
23 41 13
23 42 -89
23 45 18
23 46 -70
23 49 77
23 50 -99
23 52 11
23 53 36
23 56 -60
23 57 30
23 62 1
23 64 8
23 68 -67
23 71 72
23 75 -90
23 77 -17
23 80 -22
23 81 92
23 82 -50
23 87 -66
23 90 27
23 94 -56
23 98 54
23 99 20
23 101 3
23 102 -58
23 108 3
23 116 -18
23 118 -68
23 124 -65
23 125 -96
23 128 46
23 132 52
23 134 -19
23 140 37
23 141 -87
23 145 -84
23 146 -56
23 149 -25
24 0 50
24 2 50
24 5 50
24 7 76
24 10 21
24 12 -16
24 14 27
24 18 41
24 19 30
24 23 79
24 24 32
24 25 -92
24 26 89
24 28 59
24 29 87
24 31 -41
24 32 29
24 33 55
24 37 -58
24 38 -69
24 40 -83
24 41 99
24 42 76
24 44 -70
24 46 61
24 49 -96
24 50 -21
24 61 -36
24 63 86
24 64 -31
24 65 34
24 66 36
24 70 -35
24 71 -50
24 74 84
24 76 -89
24 77 -35
24 78 -25
24 80 32
24 83 3
24 84 -49
24 87 -48
24 88 28
24 89 80
24 96 52
24 97 90
24 99 23
24 103 -33
24 104 88
24 107 74
24 110 -45
24 111 6
24 113 48
24 118 97
24 128 -94
24 135 82
24 137 -98
24 139 -61
24 140 -18
24 142 2
24 145 -88
25 3 -39
25 4 -7
25 8 -23
25 10 -57
25 11 -89
25 14 66
25 16 -89
25 17 -100
25 18 76
25 20 2
25 21 -6
25 22 -33
25 24 -53
25 25 80
25 29 3
25 31 -82
25 32 66
25 39 -90
25 41 -32
25 44 88
25 45 48
25 54 85
25 57 -10
25 59 54
25 62 -23
25 63 79
25 66 12
25 69 -39
25 70 -24
25 71 14
25 73 70
25 74 -99
25 76 70
25 77 -12
25 78 -27
25 82 21
25 85 -12
25 87 -68
25 88 -22
25 90 -3
25 92 -83
25 94 -77
25 96 42
25 101 31
25 104 -65
25 105 9
25 106 -84
25 111 7
25 113 99
25 114 40
25 115 -40
25 117 79
25 121 69
25 122 -83
25 123 -18
25 125 2
25 126 -46
25 127 62
25 128 -22
25 129 53
25 130 -94
25 132 -96
25 133 44
25 135 -84
25 142 69
25 144 -24
25 145 24
25 146 -76
25 149 -74
26 3 90
26 4 8
26 8 -28
26 11 20
26 13 -32
26 16 -97
26 18 -78
26 21 -1
26 26 34
26 27 -96
26 29 -42
26 31 -25
26 33 -72
26 35 -88
26 36 -60
26 38 46
26 40 25
26 41 -58
26 43 -29
26 44 -61
26 46 4
26 54 -24
26 58 92
26 61 -76
26 62 -78
26 65 -4
26 66 91
26 68 -68
26 69 47
26 71 57
26 73 -34
26 75 29
26 78 72
26 83 -98
26 84 -78
26 85 80
26 86 43
26 90 -21
26 94 -88
26 96 97
26 97 43
26 104 10
26 107 -53
26 109 61
26 110 1
26 113 90
26 115 -76
26 116 76
26 122 42
26 127 -43
26 134 -41
26 135 -30
26 137 94
26 143 19
26 147 -85
26 148 51
26 149 -20
27 1 27
27 2 23
27 5 -71
27 6 16
27 8 32
27 10 -40
27 16 38
27 18 91
27 21 21
27 24 -86
27 25 -7
27 28 48
27 31 20
27 32 100
27 33 29
27 34 89
27 37 -2
27 38 -8
27 41 -100
27 43 32
27 44 33
27 45 -14
27 48 48
27 50 -55
27 53 -66
27 59 16
27 60 9
27 61 7
27 62 -80
27 66 -36
27 67 28
27 70 77
27 72 -57
27 77 26
27 80 36
27 81 75
27 82 6
27 88 7
27 89 -6
27 90 85
27 95 70
27 96 91
27 97 -96
27 101 28
27 103 55
27 106 -11
27 107 -28
27 108 32
27 110 -92
27 115 71
27 120 33
27 122 -12
27 124 -97
27 125 81
27 126 -90
27 127 -48
27 128 -6
27 129 -51
27 130 7
27 132 79
27 136 -28
27 137 68
27 146 -81
28 10 58
28 13 39
28 14 92
28 16 -49
28 17 19
28 21 72
28 25 -11
28 30 -68
28 32 86
28 38 59
28 40 -38
28 41 82
28 45 79
28 46 87
28 49 21
28 51 51
28 52 -61
28 54 -79
28 59 87
28 61 70
28 63 -12
28 65 -88
28 75 -46
28 77 17
28 78 58
28 79 -69
28 84 80
28 91 68
28 93 4
28 94 34
28 96 -60
28 98 69
28 100 15
28 102 -75
28 104 -2
28 112 54
28 115 -54
28 117 20
28 122 -57
28 124 43
28 126 -8
28 127 96
28 129 -40
28 133 -45
28 138 -5
28 140 -33
28 143 -29
28 147 61
28 148 -28
29 0 51
29 2 59
29 3 -24
29 4 28
29 6 -32
29 8 3
29 9 -16
29 10 55
29 11 -1
29 16 -44
29 18 22
29 20 47
29 26 11
29 30 68
29 31 87
29 32 27
29 36 -69
29 44 48
29 49 59
29 50 -71
29 51 45
29 61 40
29 63 78
29 67 -72
29 70 100
29 74 89
29 76 -56
29 77 41
29 78 85
29 79 -4
29 81 32
29 86 43
29 88 22
29 89 73
29 91 80
29 92 92
29 93 48
29 96 90
29 97 -57
29 98 31
29 99 65
29 100 71
29 101 -34
29 108 93
29 109 96
29 111 13
29 112 29
29 114 -58
29 115 28
29 116 52
29 117 -26
29 123 49
29 124 84
29 126 -40
29 129 57
29 130 42
29 132 -88
29 134 11
29 136 -42
29 137 32
29 138 78
29 141 91
29 143 61
29 145 47
29 146 70
29 147 -46
29 148 -25
30 6 -46
30 7 29
30 8 17
30 9 -28
30 10 10
30 14 23
30 16 -52
30 18 33
30 23 11
30 24 -35
30 27 -1
30 28 62
30 31 9
30 32 -74
30 35 51
30 36 -92
30 38 -63
30 43 -73
30 44 100
30 47 -14
30 50 -74
30 51 -47
30 52 -9
30 57 -59
30 60 -7
30 62 -42
30 63 41
30 64 -79
30 65 66
30 67 10
30 69 16
30 72 93
30 75 22
30 76 -45
30 77 55
30 80 58
30 82 42
30 83 -39
30 85 -100
30 87 94
30 88 -92
30 91 -12
30 95 -88
30 96 81
30 99 62
30 103 -72
30 107 -2
30 108 68
30 109 78
30 111 7
30 115 -13
30 119 21
30 121 23
30 123 -36
30 129 69
30 130 -70
30 135 58
30 142 43
30 144 -8
30 145 90
30 147 26
30 149 -9
31 1 3
31 3 -77
31 4 -61
31 5 49
31 14 71
31 20 -80
31 22 -91
31 23 -58
31 26 12
31 27 8
31 34 47
31 36 75
31 39 16
31 47 74
31 48 -94
31 50 22
31 52 -52
31 53 100
31 56 -68
31 65 -55
31 67 -72
31 68 -51
31 69 12
31 70 38
31 71 -27
31 73 67
31 75 77
31 76 -81
31 81 -97
31 82 83
31 83 -90
31 84 68
31 87 3
31 88 -57
31 89 -68
31 91 -50
31 93 -62
31 94 61
31 98 -40
31 99 -33
31 100 -77
31 103 78
31 104 80
31 105 -70
31 106 76
31 107 -72
31 108 -79
31 113 -78
31 121 39
31 122 40
31 123 92
31 124 -95
31 129 -59
31 130 -50
31 131 32
31 133 -39
31 134 -80
31 135 -2
31 136 16
31 137 38
31 138 -7
31 139 47
31 140 84
31 145 29
31 148 -87
32 1 -74
32 2 94
32 9 -8
32 12 55
32 14 -29
32 20 29
32 21 -46
32 22 24
32 23 84
32 26 -94
32 29 48
32 30 91
32 31 62
32 32 -31
32 33 -20
32 38 -34
32 40 -7
32 41 -27
32 42 78
32 45 -78
32 46 -34
32 48 -35
32 52 42
32 53 -11
32 55 48
32 56 -6
32 59 65
32 62 -97
32 66 94
32 68 -50
32 69 -84
32 71 -72
32 73 -44
32 74 4
32 76 -42
32 77 -6
32 78 55
32 80 -84
32 82 80
32 86 95
32 87 -2
32 89 -8
32 90 44
32 93 -17
32 95 50
32 98 29
32 102 48
32 104 -34
32 110 -49
32 113 27
32 115 -58
32 117 -59
32 119 24
32 122 51
32 125 -71
32 126 15
32 127 -62
32 134 -85
32 136 35
32 141 60
32 142 30
32 144 96
32 145 71
32 147 49
33 3 21
33 4 14
33 5 70
33 8 -91
33 10 -7
33 13 -74
33 14 8
33 19 -72
33 20 -55
33 21 -17
33 23 95
33 24 54
33 27 26
33 30 -26
33 31 -5
33 34 -81
33 35 91
33 37 98
33 38 14
33 40 67
33 44 33
33 46 69
33 47 -13
33 49 -16
33 52 27
33 54 71
33 58 20
33 61 59
33 63 12
33 65 -19
33 72 13
33 74 71
33 76 6
33 81 92
33 85 -27
33 89 -72
33 90 -50
33 93 -88
33 94 10
33 95 -34
33 99 3
33 100 11
33 106 57
33 107 -62
33 108 -27
33 109 -25
33 110 81
33 113 50
33 114 32
33 116 -10
33 119 76
33 120 51
33 123 88
33 126 -71
33 128 48
33 130 -77
33 133 34
33 138 -93
33 139 -21
33 146 59
33 149 -81
34 3 74
34 4 10
34 6 -71
34 7 -74
34 9 -84
34 10 -51
34 11 80
34 13 -29
34 16 -74
34 18 23
34 22 -21
34 25 -38
34 26 35
34 30 35
34 31 -78
34 32 -65
34 33 67
34 35 80
34 36 -55
34 37 -68
34 38 -69
34 39 -33
34 41 93
34 43 84
34 48 -60
34 50 30
34 55 66
34 57 -83
34 58 46
34 60 73
34 61 50
34 67 6
34 69 -99
34 70 -46
34 74 -79
34 76 -91
34 81 84
34 84 41
34 85 50
34 89 11
34 95 -39
34 100 -41
34 103 56
34 106 70
34 107 -38
34 110 20
34 114 73
34 115 76
34 116 -10
34 118 42
34 119 -61
34 120 -85
34 121 5
34 122 63
34 124 -64
34 126 89
34 133 -66
34 134 24
34 136 -79
34 137 26
34 140 62
34 143 -28
34 146 -27
35 1 59
35 7 -25
35 8 31
35 12 -29
35 13 -49
35 14 -16
35 16 95
35 17 97
35 21 -20
35 22 -79
35 25 -92
35 26 -46
35 28 -61
35 31 56
35 33 -93
35 34 83
35 36 63
35 37 -47
35 38 63
35 40 -51
35 42 -26
35 45 -57
35 46 -62
35 48 14
35 49 -26
35 51 -44
35 52 -85
35 53 -51
35 58 80
35 59 -95
35 60 30
35 61 -72
35 65 -79
35 66 15
35 68 -45
35 71 -71
35 72 -8
35 75 -3
35 77 -30
35 78 39
35 81 41
35 82 95
35 85 -68
35 91 54
35 94 28
35 97 -44
35 99 -4
35 100 82
35 105 -4
35 108 -91
35 109 42
35 110 -6
35 112 52
35 114 20
35 116 72
35 118 -52
35 121 71
35 122 36
35 125 -61
35 128 67
35 130 75
35 132 -30
35 137 24
35 140 -13
35 143 -52
35 145 -2
35 146 81
35 147 10
35 148 -19
35 149 56
36 1 2
36 8 -19
36 9 100
36 12 -72
36 13 -74
36 14 -50
36 18 45
36 25 52
36 26 -5
36 28 16
36 29 24
36 30 -99
36 31 -3
36 36 93
36 44 13
36 45 37
36 46 -73
36 56 33
36 57 7
36 59 90
36 62 22
36 65 66
36 69 -64
36 72 -40
36 76 85
36 78 21
36 80 -75
36 82 74
36 83 76
36 90 48
36 91 47
36 98 74
36 105 -52
36 106 39
36 107 -60
36 112 -66
36 113 -70
36 118 -86
36 122 66
36 123 27
36 125 -43
36 129 -23
36 130 -50
36 131 -26
36 132 -60
36 133 42
36 136 89
36 138 -89
36 142 -70
36 144 52
37 3 90
37 5 -61
37 7 -71
37 10 54
37 13 28
37 17 98
37 18 -7
37 20 -39
37 23 -33
37 25 -72
37 26 71
37 28 -89
37 34 -56
37 35 -62
37 38 -96
37 39 -82
37 42 -2
37 43 40
37 44 38
37 45 43
37 46 58
37 48 40
37 51 9
37 52 -59
37 54 -35
37 58 -14
37 62 75
37 63 -39
37 66 -71
37 67 61
37 69 -61
37 72 56
37 73 -75
37 79 81
37 82 75
37 83 -84
37 87 90
37 93 -58
37 96 -80
37 97 -85
37 98 -7
37 99 94
37 101 -45
37 103 -28
37 105 55
37 109 51
37 113 32
37 117 -87
37 125 83
37 126 85
37 129 -25
37 131 79
37 132 81
37 137 -45
37 141 28
37 142 32
37 144 51
37 148 -53
37 149 45
38 0 -5
38 5 93
38 9 65
38 14 -85
38 22 96
38 26 -11
38 28 -6
38 30 39
38 34 -79
38 35 -39
38 36 -64
38 37 -14
38 39 42
38 41 37
38 42 73
38 43 -85
38 45 -63
38 50 -76
38 51 10
38 57 -8
38 58 23
38 59 4
38 60 1
38 61 64
38 62 -42
38 66 -4
38 70 -35
38 71 -11
38 72 16
38 73 43
38 75 71
38 76 -50
38 77 -100
38 81 -74
38 84 69
38 86 15
38 90 21
38 94 81
38 102 -99
38 108 46
38 112 78
38 113 71
38 115 36
38 116 -40
38 118 -90
38 119 65
38 121 -52
38 122 -66
38 128 36
38 129 -71
38 131 57
38 132 67
38 136 -64
38 137 -72
38 138 -7
38 142 -25
38 143 -42
38 144 -50
38 147 -5
38 148 -79
38 149 -88
39 5 31
39 6 -37
39 7 56
39 8 -45
39 10 -32
39 13 -91
39 14 -39
39 16 -81
39 17 -84
39 19 -20
39 21 56
39 22 -4
39 24 -66
39 27 -20
39 28 17
39 30 -67
39 31 28
39 34 -42
39 35 74
39 37 -5
39 45 70
39 49 -91
39 51 91
39 52 87
39 58 -23
39 59 -96
39 60 19
39 62 49
39 63 58
39 66 21
39 67 42
39 68 -35
39 70 -14
39 71 -36
39 73 74
39 75 -52
39 79 -23
39 81 37
39 87 76
39 94 -40
39 95 -77
39 100 -26
39 104 13
39 106 18
39 107 -5
39 109 85
39 110 -52
39 113 7
39 115 -44
39 116 -99
39 117 -96
39 120 45
39 122 -22
39 127 5
39 130 88
39 134 95
39 141 -32
39 147 88
40 0 -46
40 1 17
40 3 96
40 5 -38
40 7 58
40 11 -12
40 12 78
40 14 -60
40 15 -26
40 18 -96
40 19 -45
40 21 -83
40 24 44
40 26 90
40 27 38
40 28 43
40 29 -87
40 32 -55
40 34 -17
40 35 -89
40 37 87
40 38 -6
40 39 -42
40 41 -99
40 42 -45
40 44 -7
40 45 60
40 46 71
40 51 62
40 52 45
40 54 72
40 56 -30
40 58 -21
40 61 -16
40 62 -82
40 63 -83
40 64 -31
40 65 67
40 67 -77
40 68 -86
40 70 -93
40 73 -43
40 75 -51
40 78 -49
40 80 -55
40 83 -98
40 84 80
40 85 31
40 86 -52
40 92 -16
40 95 -53
40 96 -92
40 97 -63
40 98 -19
40 101 -59
40 102 10
40 104 53
40 110 -76
40 117 -58
40 118 75
40 119 53
40 121 23
40 123 91
40 125 -46
40 126 -12
40 127 73
40 130 -52
40 134 -36
40 139 -68
40 142 -85
40 143 -64
40 146 -74
40 147 -28
41 4 -28
41 5 -12
41 6 22
41 10 -68
41 11 59
41 12 -53
41 19 -17
41 21 82
41 24 -88
41 27 49
41 29 -65
41 34 97
41 37 28
41 38 72
41 42 89
41 44 3
41 47 -65
41 48 50
41 50 80
41 51 78
41 52 -43
41 53 -82
41 55 64
41 58 17
41 59 -67
41 60 31
41 61 91
41 62 -12
41 65 87
41 67 -58
41 68 -93
41 74 30
41 77 11
41 79 70
41 81 -39
41 83 96
41 85 -66
41 88 -72
41 89 -12
41 90 -6
41 92 96
41 93 59
41 96 28
41 98 -39
41 104 -3
41 106 13
41 110 91
41 111 38
41 112 -21
41 113 60
41 119 77
41 120 -24
41 123 -92
41 125 -40
41 126 97
41 128 -60
41 129 -43
41 131 10
41 132 -25
41 134 98
41 138 -18
41 139 63
41 142 64
41 143 -52
41 145 9
41 148 -44
42 0 54
42 1 -81
42 5 100
42 6 2
42 7 -14
42 10 -16
42 11 89
42 12 62
42 15 -64
42 16 46
42 20 84
42 22 -77
42 29 29
42 30 30
42 31 -83
42 33 -30
42 42 20
42 44 -40
42 45 -36
42 46 82
42 47 -68
42 51 -6
42 53 52
42 54 -94
42 55 -19
42 61 92
42 62 38
42 63 32
42 64 -16
42 70 -41
42 72 -14
42 76 -40
42 78 47
42 84 37
42 85 15
42 88 91
42 92 21
42 93 -58
42 95 -70
42 98 26
42 99 -73
42 100 1
42 101 -58
42 105 -76
42 107 -21
42 108 -3
42 110 -20
42 111 -23
42 112 35
42 114 -63
42 117 95
42 125 -13
42 127 80
42 131 35
42 132 79
42 136 74
42 146 84
42 148 7
42 149 28
43 0 13
43 1 75
43 2 -4
43 5 -33
43 7 84
43 9 15
43 12 57
43 13 -35
43 14 96
43 15 80
43 17 -28
43 23 93
43 25 59
43 26 3
43 27 55
43 29 32
43 31 -58
43 32 -51
43 34 -96
43 35 65
43 36 -57
43 45 -1
43 47 6
43 49 -49
43 50 -55
43 53 -68
43 54 18
43 55 -43
43 56 41
43 58 38
43 59 -43
43 60 -44
43 61 34
43 67 21
43 68 56
43 69 28
43 70 -4
43 74 36
43 75 -4
43 77 72
43 78 76
43 79 -65
43 80 -85
43 81 -14
43 82 64
43 83 15
43 86 -74
43 87 -33
43 89 -43
43 90 -2
43 93 67
43 96 -100
43 99 -67
43 100 12
43 104 -58
43 106 27
43 111 -34
43 113 -45
43 121 -66
43 123 -75
43 126 48
43 127 39
43 129 73
43 134 -47
43 135 15
43 138 52
43 140 52
43 141 -29
43 144 -89
43 147 4
43 148 -45
44 0 71
44 1 -97
44 2 65
44 8 50
44 16 21
44 17 -32
44 18 32
44 19 -81
44 20 -96
44 21 -66
44 24 -70
44 28 -33
44 30 35
44 32 10
44 37 80
44 40 72
44 43 -81
44 46 -80
44 47 -38
44 49 56
44 54 -96
44 56 -23
44 58 24
44 62 -1
44 64 32
44 66 12
44 67 -11
44 70 -89
44 72 57
44 73 80
44 74 -19
44 77 -61
44 84 -45
44 86 45
44 87 -76
44 90 -82
44 91 10
44 93 -41
44 98 -83
44 99 -83
44 100 -41
44 102 80
44 104 50
44 105 -58
44 110 64
44 113 17
44 114 99
44 115 -4
44 116 36
44 117 61
44 118 -70
44 119 -86
44 121 -74
44 123 -86
44 126 -38
44 127 -21
44 131 19
44 132 -58
44 134 81
44 136 -17
44 137 37
44 138 24
44 140 -62
44 141 -41
44 143 -32
44 144 23
44 149 39
45 1 -95
45 2 -58
45 3 41
45 7 -7
45 9 -54
45 10 37
45 14 13
45 16 28
45 18 -90
45 21 -62
45 23 -85
45 25 -21
45 27 59
45 30 21
45 39 59
45 42 -8
45 43 56
45 44 41
45 47 25
45 50 -92
45 52 74
45 60 94
45 64 81
45 65 13
45 67 -60
45 68 35
45 70 -17
45 72 63
45 77 42
45 78 -33
45 79 16
45 81 41
45 82 32
45 84 -31
45 92 -68
45 98 -20
45 100 -8
45 103 65
45 106 -43
45 114 41
45 117 35
45 125 39
45 128 51
45 129 -43
45 131 -66
45 132 82
45 134 -82
45 135 58
45 136 52
45 140 -16
45 144 -88
45 148 -55
46 1 27
46 5 -77
46 6 18
46 11 90
46 16 36
46 19 57
46 23 96
46 24 -33
46 29 88
46 32 57
46 33 38
46 34 70
46 35 -47
46 36 -36
46 37 91
46 38 -88
46 43 80
46 47 -72
46 48 -68
46 49 -74
46 50 -33
46 56 46
46 57 24
46 58 -2
46 59 -42
46 62 47
46 63 94
46 67 58
46 68 100
46 69 -93
46 72 57
46 74 -53
46 76 57
46 79 95
46 81 -40
46 85 -87
46 88 63
46 89 83
46 93 -27
46 94 -87
46 97 68
46 98 85
46 101 -30
46 103 16
46 105 -58
46 106 97
46 111 11
46 114 52
46 117 45
46 118 100
46 121 -78
46 122 100
46 123 84
46 127 -63
46 128 63
46 130 51
46 135 51
46 137 -74
46 140 -7
46 142 -18
47 0 49
47 2 70
47 5 55
47 7 43
47 9 21
47 12 -25
47 14 -89
47 16 26
47 17 -44
47 18 25
47 19 4
47 21 23
47 23 -44
47 25 62
47 26 -62
47 29 90
47 37 -60
47 39 75
47 44 -12
47 46 -3
47 47 -2
47 50 -57
47 51 43
47 52 25
47 53 -33
47 54 68
47 55 -21
47 58 23
47 61 -79
47 62 53
47 63 -88
47 65 97
47 68 -70
47 69 23
47 73 26
47 76 34
47 77 83
47 80 84
47 81 -96
47 86 -93
47 87 16
47 89 -90
47 93 -85
47 94 -66
47 99 -20
47 100 -94
47 102 -35
47 104 60
47 107 36
47 110 28
47 113 98
47 114 40
47 117 30
47 119 -39
47 120 -12
47 121 -62
47 122 45
47 123 55
47 127 -45
47 128 23
47 129 -48
47 131 10
47 136 27
47 138 38
47 145 -7
48 2 59
48 5 61
48 6 14
48 8 -34
48 13 87
48 15 -97
48 16 -66
48 17 2
48 19 -37
48 24 -76
48 25 62
48 26 40
48 29 20
48 30 -100
48 34 -14
48 36 91
48 42 -21
48 47 8
48 48 26
48 50 48
48 52 -20
48 54 -81
48 55 47
48 58 -11
48 60 29
48 61 18
48 63 6
48 67 4
48 69 32
48 71 4
48 74 -53
48 81 -35
48 82 26
48 84 93
48 85 76
48 86 -89
48 90 -12
48 91 -22
48 95 -54
48 98 28
48 100 -51
48 102 -94
48 104 97
48 111 92
48 114 86
48 115 44
48 118 41
48 119 -33
48 120 50
48 122 77
48 123 -67
48 124 -90
48 125 35
48 126 31
48 127 81
48 130 -27
48 135 99
48 136 -8
48 137 7
48 138 16
48 139 -36
48 141 -90
48 147 -31
48 148 -3
49 0 -61
49 2 72
49 5 43
49 7 65
49 8 61
49 13 58
49 14 -80
49 18 -34
49 21 34
49 24 -30
49 25 26
49 26 20
49 27 25
49 30 65
49 33 -7
49 34 93
49 38 76
49 39 -10
49 40 -7
49 43 62
49 44 46
49 48 80
49 49 -58
49 54 70
49 56 -53
49 57 86
49 58 -91
49 59 -62
49 61 -14
49 62 22
49 64 88
49 67 96
49 68 -12
49 69 -94
49 71 -49
49 75 -38
49 76 81
49 77 44
49 80 -42
49 81 85
49 83 -51
49 85 66
49 89 28
49 92 -70
49 93 78
49 95 -13
49 101 -12
49 103 8
49 104 87
49 106 89
49 109 67
49 111 -91
49 112 -53
49 113 77
49 117 -25
49 120 -98
49 123 81
49 124 -51
49 125 -31
49 131 -80
49 132 1
49 135 -28
49 136 50
49 140 64
49 144 -4
49 145 73
49 147 34
49 149 -78
50 6 -70
50 9 96
50 12 -54
50 19 -3
50 20 -72
50 22 33
50 24 -86
50 25 95
50 28 46
50 29 -46
50 31 -61
50 33 -37
50 34 -100
50 35 -46
50 43 53
50 44 50
50 45 -43
50 47 -30
50 50 -4
50 54 29
50 56 23
50 57 36
50 58 -69
50 59 55
50 61 -21
50 63 -92
50 65 -14
50 66 51
50 68 -96
50 69 9
50 70 24
50 73 -22
50 76 89
50 80 -12
50 86 29
50 89 -13
50 90 -3
50 91 87
50 92 -91
50 93 11
50 96 -75
50 97 -19
50 100 51
50 102 -97
50 104 62
50 106 -50
50 113 98
50 115 38
50 117 82
50 118 -10
50 119 -31
50 120 52
50 121 -52
50 125 -37
50 130 5
50 132 -94
50 134 -55
50 135 -23
50 136 29
50 141 -55
50 143 66
50 147 3
50 148 -26
51 0 -5
51 1 -48
51 3 14
51 6 -75
51 10 44
51 11 -64
51 14 27
51 15 86
51 20 81
51 23 -5
51 24 72
51 26 57
51 30 91
51 31 38
51 35 16
51 38 36
51 40 -62
51 41 24
51 44 31
51 45 37
51 46 -20
51 49 -61
51 51 -34
51 54 66
51 55 -100
51 59 51
51 60 -60
51 62 -37
51 64 100
51 66 -87
51 67 89
51 69 -17
51 70 7
51 71 -23
51 73 -84
51 74 9
51 75 -71
51 77 -91
51 83 -16
51 86 47
51 89 -71
51 98 -6
51 100 1
51 102 -80
51 103 -58
51 104 -53
51 106 8
51 108 88
51 109 -87
51 111 -7
51 113 -46
51 114 -63
51 122 -62
51 124 23
51 130 -87
51 131 9
51 132 95
51 137 -85
51 140 68
51 141 87
51 145 69
51 149 -42
52 0 89
52 1 81
52 2 47
52 4 8
52 6 49
52 8 -58
52 11 61
52 20 100
52 21 84
52 22 -36
52 25 -64
52 26 23
52 27 -85
52 29 -93
52 32 74
52 33 -94
52 34 58
52 35 -15
52 38 4
52 39 -42
52 42 -9
52 48 -77
52 50 -21
52 56 -31
52 58 -19
52 63 49
52 64 -18
52 65 -27
52 67 3
52 69 4
52 75 74
52 78 -75
52 79 -53
52 80 -67
52 82 29
52 85 -88
52 86 67
52 87 30
52 89 -1
52 90 62
52 93 -24
52 96 91
52 97 6
52 100 -68
52 101 -82
52 105 87
52 108 1
52 110 9
52 112 -35
52 113 11
52 117 -16
52 122 24
52 125 98
52 126 -75
52 128 80
52 129 59
52 135 72
52 136 70
52 137 -40
52 139 -25
52 147 63
52 149 -7
53 1 -15
53 2 -64
53 5 -13
53 7 19
53 8 -28
53 9 78
53 17 94
53 18 -88
53 20 13
53 21 25
53 23 -27
53 27 -5
53 29 91
53 31 -58
53 36 -37
53 37 16
53 38 -48
53 40 78
53 44 88
53 49 -62
53 50 -67
53 52 91
53 54 19
53 55 -15
53 56 93
53 57 -3
53 58 -5
53 61 28
53 63 23
53 65 -53
53 68 -1
53 70 -69
53 74 -28
53 75 -15
53 76 10
53 77 43
53 79 16
53 81 -85
53 82 -87
53 87 -69
53 91 -40
53 97 100
53 99 -60
53 101 46
53 109 -40
53 111 79
53 112 83
53 113 93
53 114 -68
53 120 96
53 123 47
53 125 84
53 128 33
53 129 -75
53 133 52
53 135 25
53 136 -45
53 137 -91
53 138 13
53 144 -58
53 145 15
53 146 -65
53 147 -76
53 149 -31
54 1 -30
54 3 -36
54 6 55
54 10 -95
54 12 -14
54 13 -24
54 14 3
54 15 -90
54 18 60
54 20 29
54 21 35
54 22 29
54 25 61
54 27 -76
54 34 -60
54 35 -93
54 36 67
54 37 -50
54 39 68
54 43 -89
54 45 77
54 46 -73
54 54 59
54 57 52
54 61 24
54 65 -40
54 67 38
54 68 -79
54 76 -43
54 77 49
54 78 -95
54 83 -83
54 85 -38
54 87 -47
54 88 66
54 90 97
54 91 -35
54 97 14
54 100 -94
54 103 9
54 110 78
54 111 78
54 114 89
54 118 23
54 119 -4
54 124 36
54 129 16
54 130 -44
54 132 27
54 134 61
54 136 51
54 137 41
54 138 86
54 141 -5
54 144 -68
54 148 17
54 149 14
55 0 83
55 1 -22
55 2 -15
55 3 70
55 5 -76
55 7 -76
55 9 48
55 12 59
55 13 -38
55 14 77
55 15 -4
55 17 39
55 19 -32
55 20 85
55 21 36
55 23 35
55 27 55
55 28 86
55 30 96
55 33 -10
55 35 -53
55 36 35
55 37 -32
55 38 44
55 43 44
55 44 -72
55 46 -58
55 47 13
55 51 -91
55 53 -54
55 54 17
55 58 82
55 60 -82
55 62 97
55 63 -8
55 67 -38
55 69 90
55 70 93
55 75 -29
55 76 -73
55 77 85
55 85 83
55 89 -7
55 90 -20
55 92 -32
55 94 54
55 97 -75
55 100 85
55 101 -46
55 102 -95
55 104 -98
55 106 38
55 108 89
55 110 -81
55 113 -25
55 114 39
55 121 92
55 123 41
55 124 4
55 131 50
55 133 -57
55 134 -48
55 138 -99
55 139 -100
55 140 -29
55 142 56
55 143 1
55 147 78
55 149 11
56 5 -88
56 10 -56
56 11 65
56 16 -48
56 17 49
56 19 37
56 23 -60
56 24 4
56 25 87
56 27 -21
56 32 75
56 35 -73
56 36 -58
56 38 -43
56 40 -62
56 41 -30
56 42 85
56 43 79
56 44 -96
56 49 8
56 51 -47
56 52 41
56 55 11
56 57 -45
56 58 -7
56 59 -50
56 61 -74
56 62 -33
56 63 -25
56 64 -53
56 65 -81
56 69 -38
56 70 27
56 76 -82
56 80 92
56 82 -33
56 85 -20
56 90 46
56 91 -69
56 92 -32
56 93 -18
56 95 42
56 96 51
56 98 58
56 99 49
56 105 40
56 106 -27
56 107 -22
56 109 -25
56 111 -82
56 116 84
56 120 96
56 124 100
56 129 84
56 131 93
56 132 -3
56 133 -73
56 135 46
56 140 -52
56 145 -28
56 146 40
57 0 85
57 5 11
57 7 -74
57 10 -50
57 15 -56
57 18 37
57 19 85
57 21 80
57 23 -31
57 24 74
57 27 30
57 40 -3
57 41 -47
57 51 66
57 57 30
57 58 18
57 63 -62
57 64 -36
57 66 35
57 68 60
57 69 -35
57 72 18
57 75 46
57 78 -14
57 83 19
57 84 -80
57 88 73
57 90 68
57 92 20
57 94 45
57 97 -84
57 98 -24
57 99 -52
57 100 72
57 101 46
57 103 24
57 104 61
57 108 45
57 111 -71
57 112 61
57 114 -35
57 120 81
57 124 74
57 125 88
57 128 -64
57 129 -83
57 131 35
57 132 18
57 135 -57
57 136 -22
57 138 9
57 139 50
57 140 -44
57 141 25
57 143 28
57 145 -80
57 147 -25
57 148 17
57 149 55
58 0 93
58 2 -30
58 3 74
58 4 -7
58 11 -48
58 12 -7
58 14 -16
58 15 -76
58 16 93
58 19 -69
58 21 -16
58 25 -71
58 27 -50
58 30 -53
58 37 -92
58 38 -8
58 39 67
58 40 -43
58 41 -82
58 48 77
58 49 -98
58 56 -51
58 57 72
58 59 95
58 64 25
58 65 -94
58 66 80
58 69 -31
58 70 71
58 71 95
58 72 33
58 75 41
58 76 34
58 77 8
58 78 33
58 79 -78
58 81 28
58 82 -38
58 83 23
58 84 -18
58 85 31
58 86 19
58 88 -92
58 89 -42
58 93 23
58 95 -39
58 99 -13
58 105 -83
58 106 87
58 109 11
58 111 8
58 114 -66
58 115 95
58 117 -23
58 119 32
58 120 4
58 121 -20
58 126 53
58 127 -21
58 128 -12
58 129 -4
58 131 38
58 135 86
58 141 24
58 142 -47
58 143 12
58 144 -85
58 148 -49
59 3 -10
59 7 17
59 8 -32
59 12 -77
59 14 -13
59 16 70
59 17 -30
59 21 88
59 22 -79
59 24 53
59 26 86
59 27 24
59 28 21
59 30 57
59 35 -64
59 36 -90
59 39 -53
59 40 -4
59 41 48
59 42 11
59 43 28
59 44 -94
59 47 -28
59 49 -90
59 52 81
59 53 90
59 54 97
59 56 16
59 61 19
59 64 5
59 65 -83
59 68 32
59 73 -48
59 79 32
59 82 34
59 85 -6
59 86 -6
59 89 96
59 90 -96
59 92 -52
59 97 -35
59 99 40
59 103 61
59 115 -27
59 118 48
59 126 -69
59 128 -67
59 138 57
59 139 -42
59 140 -28
59 145 5
59 148 81
60 1 -38
60 5 -48
60 6 73
60 9 6
60 11 56
60 13 56
60 17 -61
60 20 76
60 25 -55
60 26 -18
60 31 -76
60 32 15
60 34 -95
60 38 67
60 39 -52
60 43 67
60 44 -29
60 47 64
60 50 38
60 51 48
60 53 84
60 57 90
60 58 -22
60 59 -82
60 60 -64
60 63 64
60 64 -23
60 66 -33
60 67 64
60 68 -53
60 71 -74
60 75 -20
60 76 -53
60 78 -89
60 79 -29
60 83 29
60 84 -61
60 85 29
60 88 68
60 95 97
60 101 88
60 102 30
60 103 26
60 105 7
60 107 -29
60 108 -45
60 110 89
60 117 33
60 122 -3
60 129 -99
60 130 -42
60 131 -76
60 132 75
60 134 -3
60 135 -34
60 140 91
60 143 33
60 145 -48
60 147 90
61 2 44
61 3 95
61 4 87
61 5 66
61 7 62
61 8 26
61 9 -1
61 14 61
61 21 9
61 22 -30
61 25 24
61 27 -72
61 29 -28
61 30 -12
61 31 -47
61 34 -70
61 42 29
61 44 -64
61 50 -31
61 52 -78
61 53 -39
61 55 -64
61 63 40
61 65 -77
61 68 10
61 71 38
61 75 -46
61 78 -4
61 80 -68
61 83 -7
61 85 -52
61 86 -38
61 88 42
61 90 37
61 91 73
61 92 -69
61 103 47
61 104 -9
61 106 92
61 108 44
61 109 1
61 110 11
61 111 88
61 116 38
61 120 -1
61 126 -5
61 127 61
61 130 -13
61 133 92
61 135 -55
61 139 -25
61 140 -34
61 141 1
61 142 31
61 143 -62
61 144 89
61 146 -94
61 147 -48
61 148 20
61 149 -94
62 3 -88
62 4 19
62 5 -18
62 8 -46
62 11 -15
62 12 9
62 15 -91
62 18 -28
62 19 -33
62 22 96
62 23 -15
62 29 -76
62 30 -37
62 33 -69
62 36 15
62 38 -48
62 39 -19
62 42 38
62 44 -23
62 45 -28
62 47 -39
62 51 81
62 52 -14
62 53 63
62 54 2
62 56 -58
62 59 -71
62 60 6
62 61 -21
62 63 -89
62 67 51
62 68 89
62 70 4
62 71 36
62 76 44
62 77 -20
62 79 84
62 80 71
62 81 33
62 82 53
62 83 -38
62 85 39
62 88 -29
62 91 -75
62 94 41
62 99 91
62 102 -18
62 105 -57
62 108 -1
62 112 65
62 113 40
62 114 -11
62 115 -72
62 121 83
62 126 29
62 128 60
62 129 -65
62 132 27
62 141 78
62 142 -57
62 143 27
62 144 66
62 146 85
62 148 88
62 149 21
63 1 38
63 8 68
63 9 48
63 10 25
63 11 -58
63 13 -89
63 17 34
63 18 -29
63 19 4
63 23 -83
63 25 40
63 26 64
63 28 97
63 30 -65
63 31 57
63 32 -80
63 33 -48
63 34 66
63 35 38
63 41 -67
63 44 13
63 45 6
63 47 44
63 49 -66
63 50 -98
63 56 56
63 57 33
63 58 -83
63 63 -24
63 66 92
63 70 -85
63 71 -77
63 72 71
63 73 87
63 74 36
63 76 -33
63 89 -35
63 90 17
63 92 92
63 94 -78
63 99 -11
63 100 -98
63 102 22
63 103 -54
63 104 68
63 105 96
63 107 -18
63 108 50
63 110 96
63 111 -85
63 113 40
63 114 -5
63 116 -70
63 119 5
63 124 -74
63 127 30
63 130 -66
63 132 -9
63 133 -22
63 135 -99
63 138 19
63 141 -82
63 146 -18
64 1 -5
64 3 -5
64 4 -16
64 6 11
64 7 -16
64 8 -14
64 9 33
64 12 63
64 13 18
64 17 -72
64 18 -13
64 20 -31
64 29 4
64 35 18
64 37 63
64 39 -31
64 40 9
64 41 -84
64 42 89
64 43 -16
64 45 63
64 49 -94
64 51 -8
64 52 37
64 53 -81
64 54 -31
64 55 -55
64 58 -87
64 60 -14
64 64 -53
64 67 55
64 68 -25
64 70 64
64 73 89
64 80 47
64 82 99
64 88 -62
64 89 83
64 91 -60
64 92 99
64 93 -85
64 94 -87
64 96 98
64 97 -65
64 99 2
64 100 -90
64 102 82
64 106 73
64 108 -42
64 110 -48
64 117 -11
64 118 -37
64 121 -90
64 131 9
64 132 -43
64 137 94
64 138 -53
64 140 68
64 144 -12
64 145 65
64 147 -68
64 148 -16
65 1 33
65 2 71
65 3 -20
65 4 46
65 9 -86
65 11 -30
65 18 67
65 22 -47
65 24 -80
65 25 43
65 26 25
65 27 61
65 28 8
65 31 69
65 33 -62
65 35 -16
65 37 -95
65 39 -60
65 40 32
65 42 23
65 43 -30
65 48 -26
65 50 -40
65 56 55
65 57 -83
65 58 78
65 62 -20
65 63 3
65 64 -35
65 66 -21
65 68 -74
65 75 8
65 79 -91
65 84 -34
65 86 79
65 89 -21
65 92 -5
65 95 14
65 97 -77
65 98 -37
65 102 82
65 106 100
65 107 -60
65 109 -59
65 110 20
65 111 43
65 112 7
65 115 -39
65 121 5
65 122 -14
65 123 -73
65 125 47
65 126 49
65 127 19
65 128 18
65 129 -7
65 134 -17
65 135 63
65 146 70
65 147 32
65 149 33
66 0 -77
66 3 -25
66 5 -10
66 6 1
66 9 -41
66 11 74
66 12 18
66 15 -85
66 20 -44
66 21 22
66 22 -17
66 26 18
66 28 -53
66 30 -73
66 34 58
66 36 13
66 37 -21
66 39 -97
66 42 10
66 43 28
66 47 -18
66 49 93
66 50 100
66 51 -59
66 52 100
66 61 96
66 64 -28
66 65 41
66 66 -16
66 71 59
66 74 -95
66 76 32
66 77 -58
66 80 1
66 85 -33
66 86 -28
66 92 -3
66 97 -21
66 98 -20
66 99 -88
66 100 61
66 102 -47
66 104 88
66 106 -44
66 107 -25
66 110 90
66 114 31
66 115 -61
66 120 -47
66 132 17
66 134 43
66 135 -35
66 137 71
66 139 38
66 142 21
66 143 -8
66 146 -59
66 147 9
67 0 3
67 4 -58
67 7 -5
67 9 16
67 10 81
67 14 47
67 15 65
67 16 78
67 19 -68
67 25 -40
67 27 15
67 28 -37
67 31 43
67 36 16
67 37 -31
67 38 -16
67 42 -32
67 43 67
67 46 65
67 47 59
67 48 82
67 49 -95
67 60 84
67 63 30
67 64 52
67 67 -26
67 69 -55
67 70 33
67 71 -34
67 72 79
67 75 -39
67 76 -6
67 78 -35
67 82 68
67 83 -86
67 84 9
67 87 97
67 89 -38
67 90 12
67 91 39
67 93 64
67 96 4
67 103 -50
67 109 -13
67 110 -35
67 112 -57
67 113 62
67 114 96
67 116 56
67 119 -10
67 120 40
67 121 99
67 126 73
67 128 -81
67 131 -21
67 134 -46
67 140 42
67 141 -81
67 143 -35
68 0 66
68 1 28
68 12 70
68 14 -69
68 15 1
68 23 -50
68 24 46
68 26 -35
68 29 -98
68 32 78
68 34 15
68 35 -53
68 37 67
68 38 -40
68 39 -7
68 41 -36
68 43 -81
68 45 71
68 49 -86
68 50 -43
68 53 -74
68 56 -72
68 57 88
68 58 -22
68 60 -72
68 61 -51
68 62 -38
68 66 -31
68 71 76
68 73 16
68 74 -49
68 76 8
68 77 50
68 79 57
68 80 -96
68 82 60
68 85 -4
68 94 11
68 99 53
68 101 -86
68 104 -67
68 108 -49
68 111 -80
68 114 91
68 115 92
68 120 -81
68 122 -21
68 126 48
68 131 61
68 134 77
68 137 -3
68 140 6
68 141 37
68 142 -69
68 143 -56
68 145 84
68 149 -58
69 1 -44
69 3 -9
69 8 -37
69 12 -29
69 21 -3
69 22 -65
69 24 42
69 25 22
69 27 27
69 28 52
69 29 96
69 37 -77
69 41 39
69 43 18
69 45 45
69 53 86
69 55 -90
69 56 -75
69 59 -48
69 61 -84
69 62 95
69 64 -76
69 65 60
69 67 -68
69 70 -52
69 71 61
69 72 -32
69 73 -28
69 75 54
69 76 32
69 77 -1
69 78 -94
69 80 56
69 83 -29
69 84 -24
69 85 76
69 89 -1
69 90 82
69 91 88
69 93 33
69 96 2
69 99 73
69 101 69
69 102 -10
69 106 -8
69 108 -46
69 113 -35
69 114 91
69 118 32
69 119 26
69 120 -63
69 122 82
69 123 -34
69 128 -20
69 130 36
69 132 -51
69 136 -61
69 138 17
69 141 13
69 142 -36
69 143 -43
69 144 -92
69 147 53
69 148 -29
70 0 -46
70 1 -15
70 2 72
70 4 93
70 6 82
70 7 -63
70 9 8
70 10 -70
70 11 58
70 14 -69
70 16 -79
70 18 -19
70 19 -61
70 22 9
70 23 -65
70 25 -1
70 26 -30
70 27 -40
70 32 -35
70 35 -15
70 36 -30
70 38 -86
70 39 -70
70 40 -87
70 42 -24
70 46 -100
70 48 14
70 51 8
70 52 90
70 53 45
70 59 64
70 61 95
70 67 -47
70 74 31
70 75 43
70 76 -38
70 83 -29
70 86 -65
70 90 55
70 91 -79
70 92 53
70 94 -89
70 95 31
70 97 -45
70 100 66
70 103 -51
70 105 40
70 116 31
70 117 -40
70 121 81
70 126 -72
70 127 52
70 131 83
70 132 -38
70 133 24
70 135 58
70 136 53
70 138 -81
70 141 -17
70 142 -39
70 143 -34
70 148 -98
71 2 56
71 3 -47
71 6 2
71 9 -35
71 10 -54
71 13 -91
71 14 85
71 17 30
71 18 25
71 19 86
71 21 -79
71 23 97
71 26 46
71 27 -30
71 28 -60
71 29 -45
71 30 -76
71 34 17
71 35 33
71 43 -52
71 44 -90
71 45 -65
71 46 -79
71 48 -6
71 51 -13
71 55 -80
71 56 -2
71 57 -98
71 58 85
71 59 -40
71 60 51
71 65 2
71 67 -15
71 69 10
71 71 57
71 72 98
71 74 -47
71 76 88
71 79 -2
71 81 -23
71 86 -17
71 89 -70
71 90 75
71 94 88
71 97 65
71 110 -30
71 113 -53
71 114 -13
71 118 -100
71 119 -22
71 120 64
71 122 52
71 124 17
71 125 82
71 128 -44
71 130 -7
71 135 44
71 136 -5
71 137 -42
71 139 -75
71 142 44
71 144 -83
71 148 -29
72 0 60
72 2 84
72 3 40
72 5 57
72 6 71
72 8 15
72 10 33
72 13 14
72 14 -56
72 22 -16
72 24 50
72 28 79
72 31 13
72 32 95
72 34 -28
72 37 39
72 38 19
72 41 -1
72 43 97
72 46 -86
72 47 62
72 53 -21
72 54 26
72 57 96
72 58 58
72 59 96
72 68 73
72 69 50
72 71 97
72 73 1
72 74 -96
72 77 11
72 78 -11
72 80 -95
72 82 67
72 85 -2
72 86 -74
72 88 6
72 94 -5
72 95 95
72 97 58
72 98 -100
72 99 -89
72 101 14
72 103 92
72 104 -87
72 105 -63
72 106 10
72 107 97
72 110 72
72 114 -43
72 117 -20
72 120 11
72 121 -52
72 123 91
72 124 19
72 125 45
72 126 -73
72 127 -16
72 129 15
72 130 -49
72 131 -20
72 132 -34
72 134 -6
72 135 79
72 137 63
72 141 2
72 145 -73
72 146 76
72 147 18
72 148 -35
72 149 -47
73 0 -32
73 2 50
73 3 -71
73 6 -44
73 12 20
73 13 57
73 14 -97
73 18 -30
73 23 41
73 26 77
73 27 -33
73 28 8
73 29 -61
73 31 -41
73 32 83
73 34 92
73 35 16
73 37 55
73 45 9
73 47 67
73 48 -53
73 52 -65
73 53 77
73 54 -62
73 59 -50
73 61 -78
73 62 59
73 64 76
73 74 19
73 75 50
73 76 -59
73 80 -57
73 84 39
73 85 -1
73 88 67
73 90 85
73 99 -36
73 100 6
73 103 38
73 104 -47
73 112 -80
73 114 -55
73 116 -99
73 119 -51
73 120 73
73 121 -26
73 122 -29
73 127 76
73 131 -27
73 133 -98
73 137 -51
73 139 -32
73 143 -57
73 145 14
73 148 -65
74 0 36
74 1 96
74 3 -51
74 5 -99
74 8 65
74 10 -56
74 11 25
74 12 -58
74 15 -82
74 16 -27
74 17 -82
74 18 -94
74 19 32
74 23 50
74 24 63
74 25 -100
74 26 -26
74 27 -51
74 30 -56
74 31 -93
74 32 57
74 33 74
74 34 76
74 36 -17
74 37 60
74 38 68
74 40 -41
74 41 73
74 42 -2
74 45 98
74 52 -94
74 58 -12
74 59 8
74 60 -63
74 61 54
74 68 -48
74 69 -21
74 70 100
74 71 -96
74 72 -72
74 74 87
74 75 -45
74 77 98
74 80 98
74 82 -58
74 83 -9
74 87 -85
74 89 51
74 91 89
74 94 -18
74 97 -64
74 99 15
74 100 6
74 101 85
74 103 -91
74 105 71
74 107 36
74 108 15
74 109 72
74 110 -40
74 113 -61
74 117 -86
74 118 -18
74 123 -25
74 127 20
74 128 -19
74 132 42
74 134 -4
74 138 95
74 139 -97
74 141 80
74 142 13
74 144 -27
74 145 63
74 146 37
74 147 37
74 149 -49
75 0 24
75 7 26
75 9 -26
75 10 -49
75 11 -47
75 12 -37
75 16 -5
75 20 51
75 25 92
75 29 60
75 32 68
75 33 -41
75 35 -11
75 38 91
75 40 25
75 41 -35
75 44 -6
75 45 -41
75 47 51
75 49 -67
75 54 42
75 55 -61
75 56 -79
75 58 -100
75 59 -51
75 60 -77
75 63 -36
75 65 -92
75 66 88
75 68 -96
75 69 -44
75 72 92
75 77 -3
75 79 84
75 82 45
75 85 -100
75 88 -96
75 92 93
75 93 -91
75 95 -1
75 99 -8
75 100 -50
75 101 3
75 102 -10
75 103 5
75 105 2
75 106 -98
75 109 55
75 111 -78
75 117 75
75 120 -80
75 122 88
75 125 -80
75 135 7
75 136 -78
75 142 -57
75 143 -78
75 144 93
75 145 -95
75 147 32
75 149 -64
76 5 -69
76 6 -24
76 7 -24
76 9 -100
76 12 -37
76 14 -3
76 15 -18
76 17 -3
76 19 68
76 23 -11
76 24 100
76 29 -91
76 33 84
76 36 -65
76 38 30
76 40 -21
76 45 -98
76 46 -30
76 47 3
76 48 -87
76 54 -69
76 55 2
76 57 11
76 58 -25
76 59 9
76 66 -1
76 70 -57
76 71 -40
76 72 -78
76 79 70
76 80 78
76 81 36
76 82 -42
76 85 -67
76 86 -89
76 92 71
76 93 7
76 94 93
76 95 3
76 96 -30
76 99 33
76 100 -38
76 103 94
76 105 12
76 106 88
76 108 48
76 109 -24
76 113 -45
76 114 64
76 115 -18
76 116 -14
76 118 -37
76 119 -32
76 120 -36
76 121 -12
76 123 -22
76 124 58
76 129 37
76 132 -20
76 134 -57
76 138 -16
76 139 63
76 140 -25
76 142 70
76 147 -34
76 149 -47
77 4 -67
77 12 37
77 13 -85
77 14 -55
77 18 19
77 19 -89
77 20 -42
77 21 81
77 22 -53
77 23 52
77 26 -35
77 27 -63
77 33 83
77 35 -79
77 38 -7
77 39 13
77 40 -34
77 41 -24
77 46 56
77 48 -39
77 54 79
77 56 73
77 57 88
77 58 -87
77 59 39
77 65 -70
77 66 -88
77 69 14
77 70 9
77 73 -100
77 77 -45
77 78 -71
77 79 77
77 84 90
77 85 33
77 86 9
77 88 -53
77 90 -83
77 91 -47
77 94 87
77 99 77
77 104 -94
77 106 50
77 107 -30
77 115 -81
77 117 15
77 119 -68
77 120 -93
77 122 -89
77 123 -82
77 124 62
77 126 -73
77 131 -92
77 132 51
77 135 100
77 136 -8
77 138 -26
77 139 55
77 140 -89
77 141 -44
77 146 92
77 147 5
78 1 12
78 2 17
78 3 -72
78 10 10
78 11 68
78 16 93
78 17 22
78 19 33
78 21 -22
78 28 78
78 31 80
78 39 -35
78 40 -32
78 43 -14
78 45 -98
78 46 52
78 47 16
78 51 -83
78 53 46
78 54 64
78 55 17
78 56 39
78 58 98
78 59 32
78 60 26
78 64 11
78 66 55
78 67 84
78 68 -34
78 70 -24
78 71 -46
78 79 -34
78 81 38
78 84 -92
78 85 -30
78 87 -76
78 91 -28
78 92 -16
78 95 -60
78 96 -85
78 98 20
78 99 -52
78 102 -36
78 103 20
78 104 64
78 105 59
78 107 71
78 109 -15
78 111 -95
78 113 -74
78 116 -90
78 117 45
78 122 -90
78 125 28
78 126 32
78 127 45
78 128 -21
78 132 -72
78 136 -4
78 140 -99
78 141 35
78 144 -74
78 145 -17
78 146 64
78 147 32
79 0 -38
79 2 -28
79 3 71
79 9 -22
79 10 -33
79 11 14
79 12 -99
79 13 8
79 14 -6
79 16 -84
79 19 -95
79 22 65
79 23 -41
79 30 24
79 31 6
79 33 -23
79 41 -7
79 44 -74
79 46 -36
79 54 68
79 56 34
79 61 45
79 65 38
79 68 -53
79 70 95
79 71 94
79 74 62
79 75 9
79 76 48
79 77 54
79 78 52
79 79 52
79 83 -35
79 85 94
79 87 -9
79 90 -13
79 93 -25
79 95 -96
79 96 21
79 99 -50
79 105 -33
79 107 88
79 109 62
79 110 6
79 114 -41
79 115 -45
79 117 -87
79 118 63
79 119 -63
79 124 43
79 125 42
79 127 -43
79 131 -23
79 139 47
79 142 -76
79 143 5
79 145 -97
79 149 -88
80 2 -79
80 4 -78
80 5 -33
80 11 -97
80 13 48
80 19 -99
80 20 -94
80 21 40
80 22 64
80 23 -48
80 28 56
80 31 -40
80 33 3
80 34 -75
80 37 -38
80 39 91
80 41 -100
80 44 79
80 45 -1
80 47 -89
80 50 -35
80 51 57
80 58 -64
80 63 -28
80 66 57
80 67 54
80 68 -78
80 69 -7
80 70 55
80 72 -51
80 74 11
80 76 -16
80 78 -61
80 79 -27
80 80 98
80 82 41
80 84 -25
80 85 -44
80 89 -11
80 90 -98
80 91 52
80 92 -32
80 93 -55
80 95 -61
80 96 -76
80 98 74
80 100 -53
80 101 30
80 102 -43
80 103 3
80 104 98
80 105 -78
80 109 83
80 110 39
80 111 30
80 112 40
80 114 -93
80 115 -39
80 116 -82
80 117 45
80 118 -42
80 123 -86
80 125 22
80 127 97
80 131 49
80 133 -3
80 134 92
80 135 -70
80 139 -93
80 141 -92
80 143 -71
80 147 40
80 148 -31
81 4 -96
81 5 5
81 7 42
81 8 -6
81 10 48
81 11 100
81 15 24
81 18 34
81 19 72
81 20 -48
81 22 -12
81 23 59
81 30 12
81 31 87
81 33 -56
81 35 44
81 36 7
81 38 69
81 40 18
81 41 -15
81 42 94
81 45 -1
81 46 -44
81 48 41
81 49 10
81 50 -71
81 51 42
81 53 51
81 54 44
81 57 -2
81 58 -79
81 59 -12
81 60 -59
81 61 -28
81 62 94
81 65 -73
81 67 -72
81 70 -4
81 74 86
81 75 -91
81 77 -49
81 80 63
81 82 26
81 83 -88
81 84 -69
81 85 65
81 87 -1
81 88 39
81 89 -12
81 96 20
81 97 38
81 100 -78
81 105 -28
81 107 57
81 114 36
81 118 95
81 120 -83
81 123 -32
81 124 79
81 125 -25
81 127 10
81 130 97
81 133 44
81 134 92
81 135 16
81 137 4
81 138 -59
81 139 -63
81 141 65
81 142 -7
81 145 -70
81 146 -4
81 147 79
82 0 89
82 3 -25
82 4 -64
82 7 -20
82 8 13
82 10 -6
82 12 -9
82 13 26
82 15 47
82 20 -79
82 22 67
82 23 -76
82 24 17
82 30 8
82 35 99
82 37 58
82 44 39
82 48 12
82 52 14
82 55 -54
82 58 78
82 62 -42
82 63 12
82 65 -11
82 66 13
82 67 94
82 68 -15
82 71 49
82 75 24
82 79 21
82 80 -8
82 81 36
82 84 89
82 87 -69
82 88 -69
82 90 95
82 91 -40
82 96 -81
82 100 66
82 107 65
82 108 -80
82 109 -4
82 110 60
82 113 25
82 118 30
82 119 9
82 122 -95
82 123 98
82 130 1
82 133 52
82 134 -30
82 135 -28
82 137 -12
82 138 43
82 142 19
82 143 -51
82 144 56
82 146 39
83 0 -41
83 3 -63
83 9 -29
83 11 52
83 12 -95
83 14 -47
83 24 -77
83 25 3
83 26 -61
83 29 58
83 33 80
83 35 66
83 36 -64
83 42 -6
83 43 77
83 45 52
83 48 -27
83 53 -32
83 56 82
83 58 -33
83 60 14
83 62 -59
83 67 -73
83 69 36
83 73 -82
83 77 59
83 78 -95
83 79 -22
83 80 29
83 83 46
83 85 6
83 86 26
83 87 40
83 92 63
83 93 -20
83 94 35
83 95 -14
83 97 55
83 99 61
83 103 27
83 104 81
83 107 36
83 108 -48
83 114 -92
83 117 -18
83 118 53
83 119 -85
83 120 -34
83 122 94
83 126 24
83 131 15
83 132 -73
83 133 60
83 135 74
83 137 44
83 142 97
83 145 -91
83 147 14
84 0 -57
84 2 -62
84 3 63
84 6 28
84 7 -16
84 8 18
84 9 49
84 10 24
84 13 25
84 14 26
84 16 9
84 19 -27
84 22 -48
84 23 -11
84 25 -58
84 29 68
84 31 84
84 34 22
84 36 91
84 39 54
84 40 100
84 42 41
84 44 -78
84 47 -50
84 48 56
84 51 10
84 54 48
84 55 -53
84 56 27
84 57 -19
84 59 -82
84 62 -77
84 63 -92
84 64 -46
84 67 27
84 68 68
84 70 91
84 73 -82
84 77 -30
84 79 -26
84 80 32
84 87 -45
84 88 -12
84 89 71
84 90 -43
84 91 -21
84 92 84
84 94 2
84 95 45
84 96 69
84 98 -11
84 100 93
84 102 90
84 107 -82
84 111 -81
84 117 -57
84 118 55
84 120 -28
84 123 98
84 124 -59
84 129 -53
84 131 49
84 132 87
84 145 -77
84 147 -61
84 149 -49
85 3 87
85 4 85
85 5 4
85 7 -9
85 8 71
85 12 73
85 13 -3
85 14 -58
85 17 -43
85 19 97
85 21 -86
85 23 44
85 24 -10
85 25 77
85 26 -58
85 27 -22
85 29 7
85 31 -37
85 34 -2
85 39 -19
85 45 -67
85 47 -38
85 50 53
85 54 85
85 56 -71
85 57 -99
85 63 -15
85 76 13
85 82 12
85 84 -48
85 87 60
85 89 27
85 90 -96
85 94 -78
85 102 32
85 104 -27
85 108 94
85 113 50
85 118 63
85 119 7
85 123 52
85 128 -100
85 131 -60
85 132 -32
85 137 -97
85 141 94
85 144 93
85 145 -53
85 146 -41
85 148 -32
86 1 59
86 2 38
86 3 -47
86 6 99
86 7 -40
86 10 -33
86 11 -3
86 12 -78
86 15 38
86 19 71
86 21 60
86 23 69
86 24 96
86 30 -21
86 31 -85
86 32 -93
86 33 71
86 34 84
86 35 4
86 36 74
86 38 -63
86 43 -34
86 44 -97
86 45 21
86 46 -94
86 47 5
86 48 -49
86 51 -61
86 53 -61
86 55 90
86 65 99
86 66 -14
86 67 52
86 68 -77
86 70 -31
86 72 -11
86 74 54
86 75 -77
86 77 -43
86 79 33
86 80 -27
86 83 -6
86 85 -50
86 88 16
86 90 -62
86 91 62
86 96 1
86 97 54
86 98 -6
86 100 -48
86 103 -42
86 104 13
86 105 55
86 107 21
86 108 81
86 110 92
86 111 52
86 112 72
86 114 -1
86 115 60
86 118 -25
86 121 -57
86 124 -28
86 125 41
86 126 94
86 127 -5
86 128 9
86 129 -77
86 130 12
86 131 -99
86 133 13
86 134 30
86 135 -39
86 143 -1
86 145 -92
86 146 27
86 148 38
86 149 9
87 1 66
87 2 -43
87 3 -13
87 4 36
87 6 -25
87 7 -82
87 10 7
87 11 -75
87 15 24
87 17 7
87 18 -7
87 25 -89
87 26 5
87 29 -79
87 31 -62
87 32 -53
87 34 -93
87 35 -28
87 43 -49
87 44 77
87 46 40
87 48 -18
87 51 7
87 52 94
87 53 2
87 54 -98
87 56 55
87 58 -44
87 65 79
87 67 -56
87 68 -79
87 71 -86
87 72 -32
87 74 -39
87 75 -33
87 76 30
87 77 11
87 78 -79
87 83 -22
87 85 60
87 86 29
87 90 -25
87 92 -61
87 93 -17
87 94 84
87 96 18
87 98 -75
87 100 6
87 101 58
87 104 -71
87 105 50
87 107 91
87 108 31
87 110 67
87 112 83
87 116 -42
87 121 -89
87 123 56
87 125 65
87 126 40
87 127 -27
87 130 4
87 133 -46
87 134 44
87 135 -61
87 136 -21
87 139 -43
87 148 32
88 0 -59
88 2 -95
88 6 -79
88 9 -73
88 11 -3
88 12 98
88 16 -40
88 17 -99
88 21 7
88 22 100
88 23 -38
88 25 -47
88 27 -55
88 28 -57
88 29 73
88 30 80
88 34 -25
88 36 -37
88 37 -50
88 39 -36
88 42 29
88 45 10
88 47 -22
88 49 42
88 50 8
88 51 90
88 52 57
88 53 13
88 60 19
88 61 61
88 62 -74
88 66 -21
88 71 47
88 75 -57
88 79 25
88 80 74
88 87 52
88 88 79
88 89 19
88 95 -6
88 96 -29
88 97 88
88 102 12
88 103 -58
88 104 -92
88 106 63
88 110 92
88 113 40
88 117 -30
88 118 -79
88 122 35
88 123 42
88 124 84
88 125 88
88 130 -64
88 132 -45
88 133 48
88 136 14
88 137 -74
88 141 79
88 142 71
88 145 -16
88 147 -4
88 148 38
89 0 -81
89 6 -41
89 11 -65
89 12 47
89 15 -99
89 16 -13
89 19 69
89 20 -5
89 24 -10
89 26 63
89 27 42
89 31 29
89 32 -12
89 38 -70
89 41 -48
89 42 -29
89 43 46
89 45 95
89 48 56
89 53 78
89 54 85
89 55 42
89 60 -100
89 62 96
89 63 34
89 66 -29
89 67 27
89 68 31
89 69 12
89 70 47
89 71 24
89 72 23
89 80 48
89 81 35
89 85 77
89 90 -60
89 91 23
89 92 -15
89 93 13
89 95 -96
89 96 -90
89 97 -4
89 103 -58
89 105 -96
89 106 79
89 109 -55
89 110 -2
89 113 37
89 115 92
89 116 74
89 120 -44
89 124 55
89 126 -68
89 129 -48
89 134 13
89 136 -52
89 137 -67
89 139 -2
89 143 -80
89 147 -22
89 149 16
90 4 -30
90 5 -14
90 7 -63
90 10 -16
90 15 -55
90 18 1
90 19 17
90 21 72
90 22 -53
90 27 -58
90 30 -53
90 31 -25
90 33 -59
90 34 -4
90 35 -13
90 37 53
90 38 -18
90 43 26
90 47 8
90 48 12
90 49 -15
90 57 90
90 58 72
90 60 24
90 63 42
90 64 2
90 70 67
90 75 94
90 76 -82
90 78 -6
90 79 65
90 80 -43
90 82 -57
90 84 10
90 85 -36
90 86 -24
90 89 59
90 90 94
90 91 59
90 92 -1
90 93 72
90 94 -95
90 95 28
90 96 -83
90 100 -39
90 101 52
90 105 6
90 106 -33
90 111 93
90 112 29
90 113 30
90 124 52
90 129 -99
90 140 12
90 141 -69
90 143 -90
90 148 34
91 0 70
91 3 5
91 4 88
91 6 -86
91 7 93
91 8 -7
91 11 -66
91 14 83
91 18 -78
91 23 67
91 24 -97
91 26 -63
91 27 -58
91 28 -82
91 30 -75
91 32 -94
91 40 -86
91 44 -44
91 46 3
91 47 43
91 51 17
91 52 51
91 54 -4
91 55 -65
91 57 78
91 58 90
91 59 -82
91 62 -67
91 63 100
91 64 -21
91 66 -68
91 71 42
91 74 -50
91 75 48
91 77 41
91 78 -92
91 83 9
91 84 -1
91 88 54
91 95 -57
91 99 -34
91 100 -40
91 104 -21
91 106 -48
91 107 -59
91 109 76
91 111 -48
91 113 8
91 118 54
91 120 -63
91 121 -21
91 127 -14
91 128 10
91 129 -85
91 131 -4
91 135 90
91 138 32
91 140 -59
91 145 -40
92 1 -81
92 2 -97
92 3 82
92 4 -46
92 7 -56
92 8 -50
92 9 80
92 10 -82
92 15 -4
92 18 78
92 19 -40
92 22 -7
92 26 78
92 27 -84
92 30 -60
92 31 67
92 41 42
92 45 -31
92 48 -37
92 50 -17
92 52 7
92 54 -91
92 58 -44
92 59 50
92 63 67
92 64 -19
92 68 95
92 71 9
92 73 -90
92 75 86
92 76 98
92 79 85
92 84 -29
92 85 -23
92 88 95
92 89 -88
92 90 -36
92 92 54
92 93 -77
92 95 -39
92 97 24
92 103 21
92 105 34
92 106 41
92 107 -21
92 110 36
92 113 -4
92 115 59
92 117 67
92 118 -47
92 119 67
92 120 -57
92 121 77
92 122 89
92 127 -29
92 130 -21
92 131 -20
92 136 93
92 137 -48
92 138 -36
92 141 -77
92 144 -48
92 146 68
93 0 -83
93 1 -53
93 2 8
93 8 45
93 9 85
93 19 43
93 21 14
93 22 -48
93 24 100
93 26 13
93 29 -69
93 30 76
93 31 -90
93 33 99
93 34 77
93 39 91
93 48 79
93 49 -94
93 52 -77
93 55 -48
93 56 24
93 60 -55
93 63 -65
93 64 -96
93 65 -9
93 67 -22
93 69 31
93 71 -41
93 73 -65
93 74 -47
93 76 -10
93 77 23
93 80 -67
93 82 95
93 85 78
93 86 -95
93 87 28
93 89 -55
93 91 62
93 94 -82
93 97 82
93 98 52
93 99 66
93 100 -73
93 101 -18
93 102 -22
93 105 -40
93 106 15
93 111 29
93 112 22
93 115 36
93 123 44
93 124 -37
93 126 66
93 128 51
93 129 -33
93 130 -97
93 136 1
93 137 -48
93 139 82
93 141 60
93 142 50
93 145 -78
93 147 17
93 148 -91
94 2 69
94 3 2
94 4 -37
94 6 -93
94 8 38
94 9 -1
94 10 72
94 11 -55
94 13 -82
94 16 -65
94 17 26
94 19 33
94 20 -56
94 24 50
94 32 -61
94 33 65
94 36 -40
94 37 2
94 39 87
94 40 -19
94 41 -8
94 44 -45
94 45 -47
94 47 -93
94 50 71
94 52 -98
94 53 -31
94 56 20
94 58 -50
94 59 62
94 60 -36
94 61 3
94 63 -30
94 65 64
94 68 85
94 70 10
94 76 -87
94 80 26
94 81 84
94 82 -87
94 83 -81
94 87 58
94 88 96
94 89 -15
94 90 -37
94 91 79
94 94 -36
94 96 -39
94 102 41
94 104 -24
94 107 -79
94 108 -15
94 111 -67
94 112 95
94 114 -15
94 115 74
94 118 27
94 119 -66
94 122 32
94 123 82
94 125 -79
94 127 -43
94 128 56
94 132 -5
94 134 -90
94 135 30
94 139 -3
94 144 -21
94 145 61
94 149 -91
95 0 42
95 2 33
95 6 64
95 8 64
95 10 31
95 11 44
95 12 -90
95 14 -61
95 16 -10
95 18 -57
95 22 56
95 24 17
95 27 18
95 28 12
95 31 -9
95 34 -30
95 37 -84
95 40 -69
95 41 -40
95 43 21
95 45 8
95 48 93
95 50 47
95 60 78
95 62 54
95 65 -22
95 67 38
95 69 -54
95 71 -97
95 72 -41
95 75 -85
95 76 -32
95 77 93
95 79 -53
95 81 23
95 82 -57
95 85 -2
95 86 91
95 87 -18
95 88 -87
95 90 -77
95 94 58
95 96 84
95 97 34
95 98 -47
95 99 -60
95 100 32
95 101 -39
95 102 -31
95 105 24
95 106 20
95 107 -6
95 108 75
95 109 6
95 111 12
95 112 66
95 116 32
95 119 27
95 120 18
95 121 58
95 125 33
95 126 8
95 127 78
95 128 96
95 129 17
95 134 37
95 139 -34
95 141 87
95 144 86
95 148 37
96 2 -31
96 4 91
96 7 80
96 8 -71
96 9 87
96 10 -100
96 13 -71
96 14 -8
96 18 -47
96 19 -64
96 23 -36
96 24 -79
96 25 35
96 26 -11
96 28 6
96 29 33
96 32 52
96 33 93
96 38 65
96 40 -93
96 44 44
96 45 -88
96 46 -32
96 48 -76
96 49 16
96 53 41
96 54 -61
96 55 90
96 57 -61
96 58 99
96 62 85
96 65 -55
96 66 -74
96 67 54
96 68 -21
96 72 -26
96 74 -6
96 75 74
96 77 51
96 78 95
96 79 -22
96 80 -33
96 84 -63
96 93 -83
96 94 54
96 98 -88
96 104 -5
96 105 -80
96 106 -96
96 113 -41
96 117 -27
96 118 98
96 119 -43
96 122 76
96 123 81
96 125 82
96 126 -33
96 128 -91
96 129 -97
96 135 18
96 141 -29
96 144 -60
96 145 -18
96 146 -68
96 147 -40
96 149 72
97 10 31
97 12 -12
97 13 -60
97 15 -45
97 21 75
97 23 -47
97 25 12
97 26 -18
97 27 -65
97 31 93
97 32 -60
97 34 77
97 35 25
97 36 -40
97 41 -4
97 43 54
97 44 -45
97 45 75
97 46 59
97 49 47
97 51 -66
97 52 -86
97 53 -26
97 55 -57
97 67 43
97 69 69
97 74 6
97 77 -94
97 78 -48
97 79 58
97 85 15
97 86 93
97 94 17
97 98 -34
97 102 -86
97 103 -68
97 104 25
97 106 3
97 108 -54
97 110 42
97 111 -17
97 112 15
97 113 28
97 115 14
97 116 14
97 121 -68
97 124 72
97 125 99
97 128 -8
97 131 -79
97 133 43
97 134 90
97 138 16
97 140 21
97 144 3
97 146 -36
98 3 12
98 8 45
98 15 -21
98 17 -53
98 19 -62
98 22 33
98 24 68
98 25 67
98 28 -49
98 30 -47
98 31 79
98 34 50
98 35 -90
98 37 99
98 44 25
98 47 56
98 48 18
98 50 5
98 55 71
98 56 -61
98 62 20
98 63 4
98 64 37
98 66 68
98 70 78
98 71 -77
98 72 -18
98 74 -41
98 81 -64
98 82 -33
98 83 -68
98 92 -83
98 96 -16
98 98 -99
98 100 -52
98 102 -54
98 104 27
98 105 50
98 106 19
98 110 -13
98 111 -83
98 112 -12
98 116 15
98 117 85
98 118 -94
98 122 -70
98 123 47
98 125 68
98 128 23
98 131 74
98 134 -83
98 135 -44
98 138 43
98 139 100
98 147 92
98 148 98
98 149 98
99 1 95
99 5 75
99 6 95
99 7 -33
99 8 -68
99 11 34
99 15 4
99 16 93
99 19 -5
99 20 81
99 24 -11
99 25 -6
99 28 49
99 29 -49
99 31 69
99 32 -46
99 33 -57
99 35 -11
99 36 -23
99 39 45
99 45 47
99 46 -35
99 51 -15
99 52 29
99 55 86
99 57 48
99 59 -6
99 65 54
99 70 66
99 71 -7
99 73 99
99 74 49
99 78 -24
99 85 -6
99 86 74
99 90 48
99 94 80
99 95 93
99 96 -19
99 99 -56
99 101 -13
99 107 -21
99 108 -85
99 111 -88
99 115 -41
99 116 99
99 117 -8
99 119 30
99 120 67
99 123 -5
99 124 78
99 128 24
99 130 -7
99 132 -14
99 133 -43
99 135 -30
99 137 -53
99 140 -89
99 141 97
99 142 83
100 1 -49
100 2 48
100 3 9
100 6 11
100 7 12
100 10 100
100 11 35
100 13 23
100 18 -41
100 19 -89
100 21 -50
100 22 56
100 24 63
100 29 -82
100 34 86
100 37 25
100 38 74
100 39 26
100 40 81
100 41 21
100 42 52
100 45 -13
100 48 -73
100 50 77
100 51 60
100 56 47
100 58 -16
100 59 -100
100 62 -14
100 63 -80
100 64 -26
100 65 57
100 70 34
100 72 92
100 75 -58
100 76 4
100 83 67
100 84 -73
100 85 -50
100 91 -81
100 92 -56
100 99 -55
100 100 59
100 102 -26
100 103 -70
100 105 22
100 106 -34
100 107 -10
100 115 77
100 118 15
100 124 -41
100 127 100
100 128 94
100 132 -87
100 135 11
100 136 33
100 138 -54
100 142 -77
100 143 55
100 144 5
100 145 94
100 147 -27
100 148 21
101 1 84
101 4 -53
101 5 62
101 8 24
101 10 68
101 15 68
101 16 75
101 17 36
101 18 86
101 21 -23
101 26 77
101 27 -81
101 28 36
101 34 -68
101 36 20
101 38 -57
101 39 -17
101 40 25
101 41 14
101 42 -29
101 43 14
101 44 -10
101 45 75
101 46 29
101 47 -97
101 51 23
101 52 45
101 54 -100
101 56 -62
101 57 75
101 59 -15
101 61 88
101 65 -17
101 69 64
101 73 -99
101 78 66
101 79 89
101 81 54
101 82 27
101 84 67
101 89 -65
101 90 -97
101 92 -74
101 94 -71
101 98 -72
101 102 76
101 103 -43
101 104 54
101 107 69
101 111 79
101 112 85
101 113 -37
101 116 36
101 121 39
101 124 72
101 125 79
101 126 -57
101 128 -43
101 129 -20
101 130 63
101 131 -44
101 132 94
101 134 100
101 135 -86
101 136 56
101 138 83
101 139 -36
101 140 -49
101 143 -67
101 145 -2
101 146 64
101 147 22
102 5 -73
102 8 90
102 9 -72
102 13 55
102 18 -85
102 22 -74
102 27 -94
102 28 -54
102 30 -82
102 31 11
102 33 -21
102 35 -59
102 38 30
102 41 -49
102 44 12
102 45 44
102 46 -53
102 48 90
102 49 -47
102 52 -39
102 53 -52
102 55 41
102 61 2
102 62 -7
102 63 -92
102 67 -89
102 68 -75
102 70 28
102 71 32
102 77 -63
102 80 6
102 82 -66
102 83 66
102 87 -13
102 88 48
102 90 -6
102 94 -50
102 96 23
102 106 -62
102 109 -49
102 110 91
102 114 -65
102 115 47
102 118 9
102 122 -71
102 124 -9
102 125 -12
102 131 8
102 132 33
102 135 19
102 140 93
102 141 -35
102 142 -84
102 144 38
102 145 -38
102 148 50
103 0 -98
103 3 -24
103 5 -95
103 6 -40
103 10 -33
103 12 59
103 17 13
103 25 -71
103 27 89
103 30 -64
103 34 -3
103 36 15
103 47 17
103 50 -87
103 59 3
103 65 19
103 69 -68
103 71 -30
103 73 -87
103 74 86
103 75 78
103 76 96
103 77 84
103 78 53
103 79 22
103 82 -36
103 85 25
103 86 -56
103 88 20
103 93 50
103 94 -10
103 98 -39
103 99 94
103 102 10
103 104 56
103 106 66
103 114 24
103 117 -42
103 118 -17
103 119 59
103 122 -88
103 126 -50
103 128 23
103 129 -80
103 133 75
103 135 13
103 136 -33
103 138 -29
103 140 -83
103 142 53
103 144 54
103 147 57
104 0 -63
104 6 -21
104 7 -21
104 8 96
104 9 48
104 12 -30
104 16 -3
104 18 -39
104 20 -69
104 21 81
104 24 15
104 26 -41
104 28 -64
104 29 -1
104 30 -33
104 31 -97
104 32 54
104 33 99
104 34 -53
104 39 -39
104 40 47
104 44 95
104 47 -17
104 55 -76
104 57 -73
104 62 91
104 63 -48
104 65 13
104 75 -52
104 80 -1
104 81 62
104 82 -45
104 83 -33
104 90 -81
104 97 6
104 99 -75
104 100 33
104 102 -29
104 103 10
104 107 35
104 108 -96
104 109 -11
104 110 -29
104 111 29
104 112 -68
104 116 60
104 117 -6
104 118 -6
104 120 25
104 121 31
104 125 -81
104 126 -38
104 129 -8
104 130 91
104 132 -96
104 133 -49
104 134 38
104 135 99
104 136 70
104 139 57
104 142 77
105 3 71
105 5 62
105 7 -58
105 10 8
105 11 -78
105 13 22
105 14 76
105 15 98
105 19 51
105 20 -62
105 21 -70
105 22 47
105 24 -87
105 28 22
105 29 -70
105 32 72
105 33 67
105 34 89
105 36 -12
105 41 -82
105 47 49
105 54 -46
105 55 43
105 57 -1
105 59 -81
105 60 43
105 62 -86
105 65 47
105 67 99
105 68 -3
105 71 -36
105 75 14
105 78 -94
105 83 -2
105 84 -52
105 95 72
105 96 -77
105 97 47
105 98 -93
105 104 7
105 106 33
105 107 -54
105 112 88
105 113 13
105 114 -22
105 115 48
105 117 -32
105 119 -79
105 121 -51
105 122 -34
105 123 75
105 125 -62
105 127 5
105 131 -21
105 132 4
105 135 -79
105 138 -54
105 140 -98
105 148 97
106 0 75
106 8 -54
106 9 93
106 10 -31
106 11 -77
106 15 -83
106 16 -77
106 19 72
106 23 47
106 24 41
106 26 -60
106 27 -32
106 28 -35
106 30 31
106 33 24
106 34 -52
106 38 48
106 39 90
106 40 34
106 42 -16
106 49 38
106 50 53
106 51 19
106 53 6
106 57 -95
106 63 -86
106 64 -85
106 65 51
106 69 41
106 72 -84
106 73 60
106 74 -98
106 77 1
106 82 -10
106 83 41
106 85 -49
106 87 31
106 88 47
106 90 80
106 93 -13
106 95 67
106 96 77
106 98 -26
106 103 41
106 105 99
106 112 -58
106 117 -79
106 120 -14
106 124 62
106 125 -1
106 128 -55
106 130 19
106 132 -84
106 134 -27
106 138 -1
106 141 -52
106 142 -28
106 144 -9
106 145 91
106 147 -21
107 2 -34
107 3 100
107 5 76
107 7 30
107 9 6
107 10 63
107 18 22
107 19 -56
107 22 98
107 24 3
107 33 -19
107 34 97
107 38 8
107 40 5
107 41 88
107 45 -76
107 46 -4
107 53 6
107 56 -3
107 57 68
107 58 54
107 59 -84
107 62 94
107 63 -54
107 66 90
107 67 -25
107 71 -27
107 73 53
107 76 -92
107 78 99
107 82 81
107 83 -46
107 85 -63
107 91 -72
107 92 11
107 94 -3
107 98 -67
107 103 43
107 105 -33
107 106 41
107 107 52
107 108 -32
107 111 -69
107 117 57
107 120 -96
107 121 55
107 123 98
107 131 -81
107 132 -25
107 135 -61
107 137 -19
107 140 -73
107 142 -77
107 144 -78
107 148 -83
108 0 7
108 1 -2
108 3 -42
108 11 -28
108 12 58
108 14 -81
108 16 98
108 17 100
108 20 86
108 28 -44
108 29 -33
108 31 40
108 32 29
108 33 -77
108 34 46
108 39 -40
108 40 -66
108 41 -98
108 45 -50
108 46 43
108 48 71
108 49 26
108 52 31
108 54 52
108 55 -92
108 56 -24
108 57 92
108 59 65
108 61 -55
108 62 -40
108 68 -96
108 70 39
108 76 50
108 77 -19
108 79 -47
108 88 38
108 89 3
108 93 16
108 95 -56
108 96 -36
108 98 21
108 101 -25
108 103 29
108 108 49
108 110 -8
108 113 -71
108 115 -54
108 118 65
108 119 -87
108 121 -27
108 122 87
108 124 -28
108 128 -98
108 129 -16
108 131 38
108 137 12
108 138 8
108 139 -59
108 140 42
108 142 34
108 143 -80
108 145 89
108 146 -2
109 2 69
109 4 -79
109 7 68
109 8 3
109 9 32
109 10 39
109 11 24
109 13 -80
109 14 -88
109 16 67
109 17 -49
109 19 85
109 20 46
109 21 30
109 23 -81
109 26 17
109 27 35
109 30 97
109 31 -27
109 34 90
109 35 -24
109 38 9
109 39 76
109 41 31
109 43 67
109 48 -40
109 52 -8
109 53 3
109 54 -48
109 55 -27
109 56 -89
109 57 33
109 60 100
109 62 20
109 63 -10
109 65 1
109 68 46
109 70 -69
109 71 -60
109 72 -3
109 74 -26
109 76 -49
109 77 72
109 78 -17
109 79 49
109 82 -2
109 83 80
109 87 91
109 88 -6
109 89 14
109 93 -48
109 94 -81
109 100 15
109 103 -100
109 107 40
109 113 -2
109 115 -12
109 117 36
109 118 -36
109 129 24
109 133 73
109 134 14
109 139 48
109 140 -22
109 142 18
109 143 73
109 145 -47
109 146 -66
109 147 -69
110 0 4
110 2 54
110 3 96
110 8 -20
110 11 57
110 13 94
110 18 -71
110 20 81
110 22 -15
110 25 -45
110 26 43
110 29 -74
110 30 -83
110 31 -40
110 34 -14
110 37 83
110 39 86
110 41 8
110 43 87
110 44 58
110 45 42
110 48 25
110 51 -63
110 52 32
110 53 40
110 55 -85
110 58 69
110 61 94
110 63 37
110 66 32
110 68 86
110 71 24
110 74 42
110 75 -79
110 76 62
110 77 21
110 81 -10
110 84 99
110 85 99
110 87 67
110 89 -69
110 90 89
110 98 -98
110 100 87
110 105 45
110 107 57
110 109 -5
110 112 -10
110 115 18
110 118 -30
110 120 70
110 121 -53
110 123 -81
110 124 44
110 125 -20
110 128 29
110 131 2
110 132 -48
110 133 48
110 135 67
110 137 -73
110 138 -87
110 139 82
110 141 40
110 142 -19
110 144 20
110 146 -56
110 147 -50
110 149 28
111 0 68
111 4 -85
111 6 98
111 9 81
111 10 -91
111 13 88
111 15 -58
111 16 -71
111 18 -41
111 19 -73
111 20 1
111 22 87
111 23 65
111 27 -38
111 29 72
111 31 98
111 32 -97
111 35 -70
111 37 -75
111 40 33
111 41 100
111 45 -86
111 46 -25
111 49 21
111 50 -97
111 53 -42
111 56 -56
111 60 -13
111 63 68
111 64 -66
111 68 52
111 71 -90
111 73 -52
111 75 13
111 81 -83
111 83 -51
111 84 -47
111 85 -8
111 88 -52
111 91 47
111 93 95
111 94 -24
111 96 -38
111 98 64
111 99 60
111 100 80
111 102 32
111 103 -49
111 109 55
111 110 53
111 111 -37
111 116 93
111 123 22
111 126 70
111 127 84
111 128 -73
111 132 49
111 133 11
111 136 -53
111 139 -26
111 140 61
111 144 34
111 147 80
111 148 -77
111 149 100
112 0 -56
112 6 2
112 7 -71
112 9 -62
112 12 70
112 14 62
112 15 49
112 16 -71
112 17 -28
112 20 9
112 22 -98
112 28 98
112 29 -28
112 31 -18
112 32 18
112 33 -16
112 36 -40
112 38 -77
112 39 70
112 41 60
112 43 -18
112 44 -41
112 46 -46
112 49 -59
112 52 -91
112 54 -9
112 55 50
112 56 -85
112 57 75
112 59 -81
112 61 -62
112 62 49
112 63 -75
112 65 -27
112 67 -5
112 68 55
112 74 67
112 75 97
112 76 88
112 78 78
112 79 43
112 82 99
112 85 77
112 86 92
112 87 -51
112 88 -25
112 90 -93
112 91 -81
112 92 100
112 93 3
112 94 -66
112 95 22
112 97 71
112 98 -1
112 100 -43
112 103 31
112 105 -100
112 108 -48
112 110 -32
112 111 -69
112 112 97
112 114 32
112 117 23
112 119 -11
112 123 90
112 125 -48
112 127 -27
112 129 69
112 130 2
112 134 -52
112 137 -92
112 141 -32
112 144 -44
112 145 -19
112 147 22
113 0 77
113 3 12
113 6 -79
113 7 12
113 8 27
113 9 -49
113 12 -59
113 15 15
113 16 69
113 17 -23
113 18 27
113 19 28
113 20 14
113 22 -43
113 24 45
113 31 91
113 33 -57
113 35 95
113 36 24
113 38 84
113 40 67
113 41 -53
113 42 73
113 43 65
113 44 -66
113 45 -36
113 46 21
113 48 -60
113 49 -11
113 53 76
113 55 -84
113 56 -27
113 58 10
113 61 43
113 66 -100
113 67 -51
113 69 -74
113 70 11
113 72 -60
113 73 -94
113 75 -67
113 82 -35
113 88 59
113 89 -27
113 95 -10
113 96 -31
113 97 -87
113 99 -14
113 104 40
113 105 -10
113 108 -27
113 110 -51
113 120 45
113 121 79
113 123 100
113 124 -92
113 126 -91
113 132 -81
113 134 -17
113 138 -85
113 139 -23
113 140 -6
113 141 -44
113 142 -22
113 143 67
113 147 31
113 148 -5
114 1 -31
114 7 -41
114 8 -78
114 9 -50
114 10 -81
114 13 79
114 14 63
114 15 95
114 16 -92
114 17 -69
114 20 -66
114 21 68
114 22 97
114 23 49
114 24 65
114 25 -80
114 28 69
114 35 -63
114 37 96
114 39 -72
114 40 66
114 43 -65
114 45 -81
114 49 99
114 54 -56
114 55 -48
114 57 98
114 58 94
114 59 -96
114 61 68
114 66 47
114 67 -98
114 68 88
114 70 -23
114 72 -18
114 74 71
114 80 -56
114 81 -38
114 82 66
114 84 62
114 87 -76
114 91 -89
114 92 -11
114 96 91
114 97 -3
114 99 8
114 101 -59
114 104 -55
114 106 3
114 107 56
114 112 -28
114 114 47
114 115 -90
114 116 72
114 121 46
114 123 23
114 124 51
114 125 -5
114 126 -98
114 127 53
114 129 97
114 132 100
114 133 -92
114 135 59
114 140 65
114 142 -10
114 146 84
115 0 -36
115 1 83
115 2 69
115 3 10
115 4 -23
115 5 -53
115 6 -90
115 9 -7
115 11 -88
115 12 82
115 13 35
115 14 34
115 19 59
115 21 44
115 22 -61
115 28 -47
115 29 90
115 30 -49
115 31 -88
115 32 93
115 35 32
115 36 41
115 42 -54
115 45 74
115 46 -4
115 51 -81
115 54 59
115 55 -89
115 58 31
115 61 -44
115 64 80
115 65 79
115 67 17
115 68 -1
115 69 71
115 70 -47
115 71 -15
115 72 -50
115 73 -97
115 74 -14
115 75 -32
115 78 -63
115 80 75
115 81 67
115 90 -37
115 91 45
115 92 -60
115 93 -10
115 99 -71
115 100 72
115 102 -19
115 103 2
115 104 15
115 105 -93
115 107 -89
115 110 62
115 116 -52
115 118 -73
115 121 -39
115 122 94
115 125 71
115 128 -73
115 131 24
115 133 -85
115 134 33
115 136 4
115 141 29
115 142 -53
115 143 35
116 3 -72
116 5 80
116 11 -68
116 12 49
116 14 23
116 17 51
116 18 3
116 19 8
116 20 -27
116 25 81
116 29 21
116 33 -81
116 34 33
116 35 60
116 36 -36
116 39 -45
116 43 -3
116 44 75
116 45 72
116 48 95
116 49 84
116 50 -38
116 51 -77
116 52 13
116 55 14
116 57 18
116 59 -80
116 64 17
116 66 -21
116 67 -24
116 68 58
116 69 -35
116 70 -20
116 72 -35
116 74 -51
116 75 66
116 76 -76
116 77 -40
116 78 57
116 79 16
116 81 -54
116 87 -54
116 88 -22
116 89 -24
116 90 86
116 92 -87
116 96 -3
116 97 59
116 98 -35
116 99 -31
116 100 27
116 104 93
116 107 64
116 113 79
116 114 48
116 115 -81
116 116 75
116 119 100
116 120 26
116 124 26
116 126 59
116 128 -17
116 131 -61
116 132 -19
116 133 -7
116 134 14
116 137 -40
116 139 -70
116 141 42
116 142 51
116 144 -86
116 145 84
116 146 39
116 147 -92
116 148 56
117 10 97
117 11 64
117 13 -32
117 18 -40
117 19 -22
117 20 -8
117 22 53
117 24 -17
117 27 9
117 28 -41
117 30 10
117 31 -36
117 32 84
117 36 -76
117 38 -42
117 40 -10
117 43 -8
117 44 94
117 46 82
117 51 -85
117 54 84
117 55 20
117 56 -16
117 59 -77
117 64 -74
117 66 -48
117 69 -39
117 71 1
117 75 -76
117 86 29
117 89 79
117 92 -76
117 93 -13
117 94 -96
117 95 -3
117 96 56
117 98 70
117 104 -54
117 108 -31
117 111 -92
117 112 -22
117 113 -44
117 114 -74
117 117 9
117 119 -22
117 120 94
117 126 -39
117 127 -21
117 129 26
117 135 -19
117 145 29
117 146 81
118 2 -86
118 7 87
118 8 -1
118 9 -50
118 13 -1
118 15 -28
118 20 -9
118 25 -92
118 27 47
118 30 98
118 31 -72
118 34 61
118 38 91
118 40 71
118 41 -85
118 42 -68
118 45 -15
118 51 21
118 52 76
118 54 81
118 57 73
118 61 48
118 64 -32
118 65 86
118 71 -22
118 73 40
118 74 -14
118 76 -100
118 77 59
118 79 49
118 82 -84
118 84 95
118 85 95
118 86 43
118 87 29
118 89 4
118 90 -90
118 91 24
118 93 -47
118 94 82
118 96 -54
118 97 95
118 99 -44
118 102 31
118 104 84
118 107 12
118 108 47
118 110 -84
118 113 -100
118 116 19
118 118 -70
118 122 -73
118 123 63
118 124 -88
118 125 94
118 126 -87
118 127 77
118 129 38
118 130 -86
118 132 42
118 134 -25
118 136 21
118 137 -32
118 138 43
118 139 -20
118 140 -49
118 141 -59
118 142 55
118 144 -46
118 148 39
119 0 -15
119 2 -64
119 5 -64
119 7 -52
119 8 -5
119 9 -6
119 13 -73
119 15 33
119 16 92
119 18 -45
119 21 21
119 22 -27
119 23 63
119 25 53
119 27 18
119 28 70
119 30 51
119 32 24
119 34 4
119 38 14
119 41 84
119 48 97
119 49 10
119 52 49
119 55 -68
119 56 57
119 57 90
119 59 -67
119 60 61
119 61 53
119 63 81
119 66 39
119 67 -29
119 68 66
119 69 31
119 75 -82
119 76 70
119 82 54
119 86 -45
119 87 47
119 90 60
119 98 37
119 99 -47
119 101 -29
119 103 -96
119 104 47
119 105 28
119 106 -88
119 107 -7
119 109 58
119 115 -1
119 118 67
119 120 -92
119 123 13
119 124 86
119 126 73
119 127 -63
119 130 -99
119 132 -67
119 136 92
119 137 -27
119 140 -76
119 141 5
119 143 3
119 144 86
119 145 -94
119 149 -36
120 3 -56
120 7 -47
120 9 -100
120 10 -27
120 20 23
120 23 91
120 26 -92
120 29 56
120 30 73
120 31 -15
120 33 -41
120 34 10
120 36 71
120 39 -99
120 42 19
120 45 -24
120 48 -68
120 51 -25
120 53 -76
120 54 4
120 57 60
120 58 -94
120 60 -38
120 61 74
120 62 -34
120 65 -82
120 68 53
120 70 49
120 75 18
120 76 93
120 80 15
120 82 -49
120 84 15
120 86 94
120 89 57
120 92 90
120 95 95
120 98 54
120 99 4
120 100 86
120 104 -60
120 107 71
120 108 -97
120 109 5
120 110 61
120 114 92
120 116 11
120 118 53
120 119 -74
120 123 40
120 126 -9
120 136 -35
120 137 -33
120 142 64
120 143 41
120 148 60
121 0 69
121 1 53
121 3 51
121 6 61
121 12 -21
121 16 -66
121 17 66
121 18 -63
121 19 -67
121 20 -10
121 21 -53
121 22 -77
121 23 29
121 24 -29
121 25 -29
121 26 -33
121 29 -83
121 36 -2
121 37 -69
121 39 82
121 40 43
121 47 -94
121 50 2
121 51 12
121 54 -44
121 55 69
121 56 58
121 59 -1
121 64 77
121 66 -69
121 67 -69
121 69 55
121 73 -80
121 75 20
121 78 46
121 80 40
121 86 -36
121 87 -7
121 88 -32
121 89 -56
121 91 82
121 92 -95
121 93 58
121 94 12
121 95 20
121 96 91
121 97 34
121 98 -51
121 100 6
121 104 -57
121 106 2
121 107 -68
121 112 -62
121 113 53
121 114 77
121 116 -54
121 117 51
121 118 -43
121 119 -78
121 124 -77
121 127 58
121 129 -98
121 133 98
121 136 -59
121 138 -12
121 139 60
121 141 65
121 146 96
122 0 65
122 3 -34
122 4 53
122 5 -5
122 6 69
122 7 -75
122 13 86
122 14 -77
122 15 20
122 16 -88
122 19 94
122 21 -2
122 22 -10
122 25 -3
122 26 3
122 32 -37
122 40 -22
122 41 92
122 43 77
122 44 -34
122 45 -6
122 50 -3
122 51 -12
122 53 -43
122 56 -37
122 57 -89
122 60 -84
122 61 -17
122 64 -97
122 72 39
122 73 9
122 74 26
122 76 -3
122 79 -19
122 82 -14
122 89 3
122 90 -40
122 91 -16
122 93 -67
122 100 -66
122 101 46
122 102 -94
122 106 73
122 107 -22
122 109 94
122 110 -36
122 116 35
122 117 75
122 120 -25
122 128 63
122 129 -7
122 130 88
122 131 35
122 133 -84
122 134 -18
122 135 83
122 136 78
122 138 -79
122 139 20
122 140 -51
122 145 57
122 146 -79
122 149 -32
123 1 86
123 2 -17
123 3 71
123 4 -96
123 5 6
123 9 -7
123 10 -18
123 12 81
123 14 -68
123 15 11
123 16 66
123 20 92
123 21 -49
123 22 -29
123 23 70
123 24 40
123 25 31
123 26 84
123 27 -84
123 28 -26
123 30 37
123 31 30
123 33 37
123 34 -24
123 35 -23
123 36 -49
123 37 -56
123 39 -63
123 43 82
123 51 -65
123 53 -54
123 54 38
123 55 -58
123 58 99
123 59 -29
123 61 -13
123 62 27
123 65 -34
123 68 -83
123 75 -51
123 80 -88
123 81 -27
123 87 -96
123 88 61
123 89 -65
123 92 42
123 94 78
123 98 98
123 102 30
123 106 28
123 107 -10
123 109 -83
123 112 -42
123 114 -32
123 115 25
123 117 75
123 121 33
123 122 -92
123 124 -57
123 125 -97
123 126 29
123 128 -40
123 129 71
123 131 -67
123 133 92
123 137 40
123 139 7
123 141 -74
123 144 76
123 146 52
123 149 70
124 3 76
124 5 62
124 9 98
124 10 72
124 11 2
124 13 -62
124 17 1
124 19 58
124 21 25
124 24 -29
124 26 8
124 30 -51
124 31 97
124 36 -33
124 44 -32
124 49 63
124 50 10
124 52 16
124 53 -31
124 54 -63
124 56 84
124 57 64
124 61 -21
124 64 5
124 65 -90
124 66 -22
124 68 -5
124 69 -41
124 72 -30
124 73 7
124 75 69
124 82 -9
124 83 7
124 84 28
124 85 -66
124 86 61
124 89 59
124 92 -45
124 94 92
124 95 -42
124 96 55
124 100 72
124 103 18
124 106 28
124 107 -46
124 110 -34
124 113 -47
124 115 -94
124 117 -90
124 121 63
124 122 72
124 123 -35
124 124 -65
124 125 -71
124 127 15
124 128 -75
124 131 92
124 133 57
124 134 16
124 135 92
124 136 14
124 140 -77
124 141 -83
124 143 -96
124 144 3
124 145 85
124 146 38
125 2 30
125 3 24
125 4 77
125 6 -42
125 8 -92
125 14 -32
125 15 -15
125 17 55
125 18 9
125 19 -46
125 21 -73
125 23 63
125 25 97
125 27 -100
125 29 -28
125 32 11
125 37 -59
125 39 -73
125 41 61
125 42 -61
125 43 -65
125 48 -60
125 49 -95
125 52 60
125 53 26
125 54 -99
125 56 19
125 57 38
125 60 83
125 65 -18
125 67 85
125 69 -12
125 71 -15
125 74 39
125 77 -33
125 78 95
125 79 89
125 81 61
125 83 -28
125 86 -62
125 87 -64
125 90 96
125 94 64
125 95 11
125 100 30
125 101 82
125 108 -16
125 110 -88
125 111 -7
125 112 97
125 113 -63
125 117 -33
125 119 -72
125 120 98
125 121 94
125 123 -75
125 125 -87
125 127 -37
125 129 -5
125 130 61
125 131 27
125 134 -35
125 138 28
125 139 3
125 140 -51
125 144 42
125 147 23
126 3 66
126 6 -69
126 7 52
126 8 38
126 9 -94
126 13 93
126 15 -28
126 24 -63
126 26 98
126 27 -13
126 28 -39
126 31 -25
126 35 -76
126 36 -10
126 37 -17
126 40 91
126 45 -30
126 48 71
126 51 -1
126 54 45
126 55 -40
126 57 -64
126 58 58
126 61 -79
126 66 46
126 67 36
126 68 43
126 70 -82
126 71 62
126 75 -76
126 77 3
126 80 -95
126 81 87
126 84 4
126 85 -9
126 87 -76
126 89 -92
126 92 -45
126 95 98
126 97 -24
126 98 52
126 99 -33
126 100 40
126 101 -98
126 102 -62
126 104 -5
126 106 -14
126 108 96
126 109 91
126 111 -5
126 112 -59
126 113 -7
126 114 -13
126 115 36
126 117 -32
126 120 6
126 128 -97
126 134 -57
126 137 34
126 139 23
126 140 -97
126 142 54
126 144 -68
127 1 55
127 5 92
127 6 -22
127 7 -57
127 10 -36
127 13 -67
127 19 45
127 21 77
127 23 46
127 24 92
127 26 32
127 30 85
127 31 37
127 33 -45
127 37 42
127 40 -70
127 41 38
127 42 -3
127 43 9
127 44 -93
127 49 89
127 50 -72
127 54 73
127 60 97
127 62 33
127 64 18
127 65 -57
127 67 40
127 71 -41
127 73 64
127 74 81
127 75 88
127 76 33
127 78 29
127 79 -12
127 87 -9
127 88 8
127 89 -93
127 91 84
127 92 67
127 94 91
127 97 -58
127 98 45
127 99 -49
127 100 -26
127 101 -53
127 106 65
127 107 36
127 108 65
127 109 11
127 111 -88
127 113 38
127 114 -70
127 117 -94
127 119 29
127 121 13
127 122 95
127 123 39
127 125 89
127 128 43
127 131 6
127 132 23
127 133 -62
127 134 24
127 135 19
127 136 -44
127 137 20
127 141 -51
127 142 -77
127 143 51
127 144 77
127 149 97
128 0 -14
128 1 -42
128 2 63
128 3 -50
128 6 10
128 9 -42
128 10 53
128 11 57
128 12 4
128 14 -75
128 15 -93
128 22 33
128 26 -50
128 28 -65
128 32 19
128 34 -93
128 36 -4
128 38 5
128 39 26
128 44 -33
128 47 42
128 49 -59
128 53 49
128 54 -58
128 55 -90
128 56 45
128 57 25
128 60 -81
128 61 -91
128 62 15
128 63 36
128 68 71
128 76 95
128 78 -30
128 80 -3
128 81 -47
128 82 -17
128 84 -39
128 88 70
128 89 -12
128 90 78
128 98 50
128 102 14
128 103 -14
128 105 36
128 106 10
128 109 26
128 113 -53
128 115 -45
128 116 -16
128 120 85
128 121 33
128 123 -57
128 124 27
128 125 -84
128 129 -24
128 130 48
128 134 -60
128 135 30
128 136 79
128 138 -37
128 142 76
128 143 49
128 145 -66
128 146 80
128 147 -11
128 148 40
129 0 49
129 1 -35
129 4 -56
129 13 -100
129 14 -45
129 15 94
129 16 -24
129 19 -56
129 23 -41
129 24 37
129 26 57
129 27 -83
129 28 12
129 29 -27
129 31 6
129 32 -59
129 35 -45
129 36 -47
129 38 63
129 39 95
129 40 -64
129 41 77
129 43 -13
129 45 62
129 48 20
129 49 15
129 51 -9
129 52 9
129 54 37
129 56 -73
129 57 -89
129 58 24
129 59 45
129 69 -54
129 70 43
129 71 56
129 73 -55
129 74 54
129 77 -8
129 78 -41
129 81 8
129 84 72
129 85 -59
129 86 41
129 87 -45
129 88 44
129 89 38
129 92 30
129 94 -26
129 95 71
129 97 -94
129 98 -50
129 99 33
129 100 93
129 101 70
129 102 -71
129 103 33
129 105 -76
129 106 45
129 109 74
129 110 -92
129 111 55
129 113 -33
129 114 97
129 118 79
129 121 8
129 122 -82
129 126 55
129 127 2
129 131 66
129 133 -89
129 139 41
129 142 33
129 144 -6
129 145 86
129 148 6
130 0 -47
130 6 -2
130 12 36
130 14 -82
130 16 32
130 21 11
130 22 42
130 23 -49
130 25 -20
130 26 43
130 27 -61
130 31 -100
130 36 -60
130 37 -88
130 39 -10
130 40 48
130 41 -64
130 42 -100
130 43 34
130 44 23
130 45 -76
130 47 -28
130 52 -42
130 56 -53
130 58 47
130 60 -41
130 62 74
130 66 -95
130 67 81
130 68 -63
130 72 -17
130 76 59
130 77 41
130 79 16
130 84 53
130 85 -43
130 87 45
130 89 -92
130 94 99
130 97 -43
130 98 30
130 104 -30
130 105 79
130 106 51
130 107 -20
130 108 -10
130 112 55
130 113 46
130 115 79
130 118 88
130 119 43
130 121 32
130 128 42
130 129 -64
130 130 -72
130 132 -26
130 134 -11
130 136 -3
130 137 18
130 139 -35
130 140 19
130 149 -51
131 7 -87
131 9 -68
131 11 70
131 13 33
131 15 14
131 18 -89
131 19 -15
131 29 -5
131 30 55
131 31 -69
131 34 80
131 36 -64
131 39 65
131 41 -20
131 43 -57
131 44 16
131 45 -83
131 47 -78
131 48 27
131 52 57
131 53 45
131 58 -24
131 59 -8
131 62 89
131 64 71
131 66 44
131 68 -72
131 77 -76
131 78 -97
131 83 -78
131 85 -73
131 87 -93
131 88 -21
131 90 -89
131 93 -78
131 95 -70
131 98 20
131 99 -83
131 100 -56
131 101 -21
131 104 72
131 106 -92
131 108 -97
131 110 82
131 114 -19
131 115 -98
131 117 94
131 118 66
131 119 49
131 121 98
131 122 -21
131 123 43
131 124 29
131 125 -65
131 126 -31
131 127 -27
131 129 -1
131 134 -18
131 135 -36
131 136 93
131 137 -62
131 139 -30
131 144 -77
131 146 65
131 147 -77
132 0 74
132 4 -51
132 5 50
132 6 73
132 7 -50
132 8 -90
132 15 50
132 17 73
132 23 29
132 24 7
132 25 42
132 28 80
132 30 99
132 31 -75
132 33 -33
132 38 -64
132 39 -4
132 41 -37
132 43 33
132 44 -69
132 46 90
132 49 34
132 53 36
132 58 20
132 61 -10
132 63 -29
132 68 79
132 69 -12
132 73 51
132 74 91
132 75 39
132 77 -13
132 78 39
132 79 13
132 81 40
132 82 49
132 83 85
132 87 85
132 90 -64
132 91 70
132 92 -85
132 99 -86
132 100 -44
132 101 -55
132 106 85
132 107 5
132 108 20
132 109 -7
132 112 38
132 116 -85
132 117 -62
132 121 -74
132 123 91
132 124 6
132 126 69
132 127 -8
132 129 15
132 133 -64
132 135 -100
132 136 41
132 139 43
132 140 57
132 142 29
132 143 72
132 146 -92
132 147 -97
132 148 -89
133 0 90
133 1 62
133 3 75
133 4 -36
133 6 87
133 7 -1
133 13 -45
133 17 -93
133 18 -53
133 19 54
133 20 -30
133 23 24
133 24 77
133 29 96
133 30 100
133 31 50
133 33 -23
133 34 -32
133 35 18
133 38 67
133 43 -11
133 44 96
133 45 -75
133 46 -81
133 52 69
133 53 -76
133 54 38
133 55 -68
133 56 43
133 59 95
133 60 -59
133 62 95
133 63 78
133 68 37
133 69 -12
133 71 -83
133 73 -19
133 74 -74
133 84 -34
133 86 43
133 87 45
133 89 -57
133 90 67
133 103 -13
133 104 15
133 105 74
133 106 -62
133 109 -77
133 110 -13
133 113 -38
133 117 87
133 121 11
133 123 -45
133 125 -66
133 127 -34
133 129 75
133 130 -86
133 132 39
133 134 50
133 138 3
133 140 6
133 146 -90
133 147 36
133 148 -47
134 0 -62
134 1 -98
134 5 -77
134 6 25
134 11 -88
134 15 84
134 17 -94
134 22 -7
134 25 -37
134 26 -55
134 27 -3
134 29 -54
134 30 -17
134 31 -36
134 34 5
134 38 -30
134 40 -65
134 44 -44
134 48 -46
134 49 48
134 54 -85
134 57 38
134 58 -95
134 60 -61
134 63 -53
134 64 89
134 68 55
134 69 -100
134 71 11
134 73 43
134 74 22
134 76 -100
134 77 29
134 78 -96
134 81 -50
134 83 88
134 84 92
134 85 52
134 88 95
134 96 71
134 101 -35
134 104 66
134 105 -96
134 106 -14
134 108 74
134 109 46
134 113 13
134 115 41
134 116 -8
134 119 -96
134 125 40
134 128 -63
134 129 -80
134 130 -82
134 131 1
134 133 71
134 134 22
134 135 -87
134 137 -62
134 145 -37
134 147 87
134 149 -49
135 1 49
135 3 68
135 5 87
135 6 -3
135 8 31
135 10 84
135 14 97
135 18 84
135 19 -33
135 20 -64
135 22 8
135 25 9
135 27 -9
135 28 -36
135 30 -48
135 33 61
135 34 58
135 38 17
135 40 -22
135 42 2
135 43 -66
135 46 -49
135 47 98
135 49 -45
135 53 58
135 54 -5
135 55 -69
135 56 12
135 57 -47
135 60 54
135 66 19
135 68 6
135 69 100
135 70 -41
135 75 6
135 77 -12
135 81 -3
135 82 -15
135 84 8
135 87 -61
135 88 40
135 91 -36
135 92 84
135 94 45
135 98 -5
135 102 23
135 106 15
135 108 90
135 113 -81
135 114 58
135 116 -79
135 121 -1
135 122 34
135 125 36
135 127 66
135 128 80
135 132 1
135 133 -62
135 136 -59
135 138 -14
135 140 20
135 141 -70
135 142 -94
135 145 -89
135 147 86
135 149 19
136 3 68
136 5 19
136 6 -74
136 8 58
136 13 50
136 23 6
136 26 39
136 28 -6
136 29 -77
136 31 -98
136 34 -26
136 36 -5
136 44 64
136 47 -13
136 48 30
136 54 40
136 55 -11
136 56 68
136 57 13
136 78 -47
136 79 32
136 84 22
136 85 -92
136 86 -49
136 89 20
136 90 60
136 91 67
136 94 -17
136 95 -79
136 96 62
136 98 8
136 100 -20
136 105 64
136 110 -89
136 111 -62
136 114 12
136 116 50
136 117 -7
136 118 70
136 120 -41
136 121 -67
136 123 63
136 127 88
136 128 -70
136 130 -94
136 132 78
136 135 56
136 137 -64
136 138 -65
136 140 81
136 141 56
136 144 -16
136 145 88
137 1 67
137 2 26
137 5 55
137 8 -97
137 11 14
137 13 74
137 15 9
137 16 41
137 18 38
137 20 67
137 21 -17
137 25 -6
137 29 77
137 30 78
137 31 48
137 32 50
137 33 -60
137 34 -16
137 36 56
137 41 84
137 42 70
137 43 37
137 44 -60
137 54 -47
137 55 -47
137 56 67
137 59 -39
137 60 -21
137 61 4
137 62 -68
137 64 57
137 65 -54
137 69 11
137 70 -85
137 72 -83
137 75 93
137 76 -56
137 78 -49
137 79 -23
137 81 66
137 82 51
137 84 -18
137 90 -97
137 93 -89
137 100 -49
137 102 -38
137 103 -60
137 104 -5
137 105 -83
137 109 -51
137 110 7
137 122 51
137 128 7
137 133 -58
137 134 -22
137 135 -85
137 138 28
137 141 -3
137 142 89
137 144 38
137 145 85
137 148 -49
138 2 85
138 4 -99
138 8 -1
138 9 -20
138 10 35
138 12 -39
138 19 -25
138 20 71
138 21 -9
138 25 30
138 27 3
138 28 -60
138 29 85
138 30 -58
138 33 -26
138 34 -1
138 37 -37
138 38 -10
138 39 -3
138 40 -57
138 43 79
138 47 -54
138 53 -26
138 55 -86
138 62 -7
138 63 -5
138 64 11
138 68 95
138 70 56
138 71 84
138 74 -20
138 79 -35
138 81 -97
138 86 -51
138 88 77
138 94 45
138 96 -38
138 97 -45
138 101 -65
138 104 36
138 107 -48
138 108 25
138 112 -25
138 113 74
138 115 39
138 120 67
138 121 62
138 122 58
138 125 -75
138 129 -64
138 132 -21
138 133 90
138 134 -14
138 135 -17
138 136 55
138 138 -13
138 147 -86
138 149 57
139 1 -3
139 6 -87
139 7 -28
139 10 -69
139 11 71
139 12 93
139 14 -85
139 18 40
139 19 59
139 20 6
139 21 39
139 22 -84
139 23 -70
139 24 -74
139 28 76
139 29 -39
139 30 -51
139 33 92
139 34 79
139 38 -99
139 39 -17
139 40 -91
139 45 98
139 51 -74
139 53 -3
139 54 -51
139 57 -41
139 60 88
139 62 68
139 63 -57
139 66 -58
139 68 42
139 71 -77
139 72 -80
139 73 -94
139 74 -2
139 78 -57
139 82 89
139 84 70
139 85 -37
139 86 53
139 88 88
139 94 46
139 95 75
139 96 -91
139 97 -87
139 99 -53
139 102 16
139 103 16
139 104 22
139 105 -43
139 106 -71
139 109 10
139 110 31
139 114 4
139 115 -15
139 116 28
139 119 -58
139 121 -97
139 124 -55
139 129 -98
139 134 -22
139 135 -11
139 143 16
139 148 30
139 149 41
140 3 -99
140 7 10
140 10 80
140 12 6
140 13 -67
140 19 81
140 22 -85
140 23 -14
140 25 -41
140 27 -40
140 29 -32
140 30 44
140 35 -29
140 40 -92
140 41 55
140 45 75
140 46 40
140 49 75
140 50 8
140 54 12
140 58 87
140 61 35
140 62 7
140 63 25
140 67 35
140 70 21
140 73 20
140 81 -1
140 82 -13
140 86 46
140 87 37
140 88 -15
140 93 58
140 94 37
140 99 -93
140 100 -70
140 104 74
140 105 -97
140 106 24
140 107 -16
140 108 54
140 109 -43
140 110 -46
140 111 7
140 112 24
140 114 -19
140 124 -97
140 125 -99
140 127 -83
140 130 -40
140 133 -57
140 134 72
140 137 -40
140 138 89
140 142 -9
140 143 90
140 146 -59
140 147 92
140 149 50
141 0 -86
141 1 89
141 2 -49
141 6 -92
141 8 -94
141 10 66
141 11 92
141 12 21
141 14 -26
141 15 -16
141 17 79
141 19 -55
141 21 14
141 22 16
141 25 -41
141 34 59
141 43 11
141 45 -67
141 46 -5
141 48 86
141 52 -93
141 53 -88
141 55 5
141 60 38
141 61 28
141 66 -70
141 70 39
141 71 74
141 74 24
141 76 75
141 77 -44
141 78 40
141 86 -69
141 87 -39
141 89 2
141 92 -7
141 96 -99
141 98 -9
141 100 -10
141 103 85
141 108 18
141 112 -40
141 113 -8
141 117 88
141 119 63
141 124 -57
141 132 11
141 133 -33
141 135 24
141 136 77
141 142 37
141 143 -86
141 146 -99
141 148 47
142 4 -18
142 5 -54
142 6 96
142 11 20
142 17 88
142 20 -16
142 23 60
142 28 -5
142 29 22
142 32 -71
142 33 -19
142 38 45
142 42 -11
142 43 63
142 48 -75
142 50 -9
142 51 -55
142 52 -41
142 55 -100
142 57 84
142 59 -3
142 62 -54
142 65 -92
142 67 11
142 69 30
142 70 21
142 72 8
142 73 -43
142 75 45
142 76 17
142 78 -65
142 80 -16
142 83 -39
142 87 -2
142 88 12
142 91 -22
142 92 50
142 93 -37
142 96 -4
142 97 -13
142 98 70
142 101 35
142 104 60
142 107 56
142 108 -33
142 110 81
142 111 34
142 113 -2
142 115 1
142 116 18
142 118 -11
142 122 -8
142 124 24
142 126 22
142 132 86
142 135 -15
142 139 -23
142 141 23
143 0 -18
143 2 -66
143 6 47
143 7 -5
143 16 54
143 18 62
143 23 57
143 24 57
143 29 89
143 30 40
143 34 38
143 36 -77
143 37 44
143 42 19
143 43 -6
143 45 -83
143 46 71
143 47 -62
143 48 45
143 53 11
143 60 -90
143 70 43
143 74 -89
143 75 97
143 76 74
143 77 -41
143 78 -9
143 80 81
143 81 -69
143 82 -63
143 91 -69
143 93 -98
143 94 75
143 95 37
143 97 22
143 98 -46
143 99 77
143 101 1
143 103 39
143 107 27
143 108 -89
143 112 66
143 119 81
143 122 -58
143 123 30
143 124 -82
143 125 -66
143 126 -61
143 128 -59
143 129 -44
143 138 13
143 139 41
143 140 2
143 142 15
143 143 -45
143 145 3
143 147 22
143 148 -75
144 4 78
144 7 83
144 8 88
144 9 -64
144 10 -28
144 11 -22
144 12 35
144 15 -45
144 20 -65
144 24 55
144 30 -46
144 31 -79
144 32 -92
144 38 -47
144 40 44
144 44 67
144 46 -51
144 49 37
144 51 -51
144 54 -5
144 56 62
144 58 81
144 60 12
144 65 -12
144 66 31
144 68 86
144 69 24
144 70 -40
144 72 11
144 77 -74
144 81 58
144 91 -20
144 92 30
144 94 -95
144 95 -25
144 97 92
144 99 47
144 100 -92
144 105 -95
144 106 -58
144 107 99
144 108 88
144 111 -5
144 113 -93
144 115 -9
144 116 44
144 118 57
144 122 56
144 124 -85
144 127 37
144 129 -47
144 134 -4
144 136 23
144 137 81
144 143 55
144 145 -64
144 147 -81
145 1 -45
145 2 89
145 3 98
145 4 -65
145 5 7
145 6 86
145 7 -71
145 8 34
145 13 45
145 14 -99
145 17 -79
145 19 63
145 20 -13
145 21 -14
145 23 67
145 29 -15
145 31 -46
145 36 -46
145 37 -74
145 39 7
145 40 64
145 41 44
145 43 -50
145 50 -86
145 51 -99
145 57 -44
145 64 73
145 67 21
145 69 -7
145 70 -37
145 71 70
145 72 -99
145 74 -71
145 75 12
145 76 -52
145 78 -20
145 80 -41
145 82 -60
145 84 -46
145 85 40
145 86 38
145 88 -93
145 90 51
145 91 62
145 93 -50
145 102 59
145 107 91
145 108 -93
145 113 -88
145 114 -25
145 116 -19
145 119 17
145 121 -38
145 128 58
145 131 -35
145 133 75
145 134 47
145 135 88
145 138 86
145 139 -69
145 140 79
145 141 -40
145 142 59
146 3 -27
146 4 63
146 5 -83
146 9 52
146 10 46
146 19 36
146 22 -89
146 25 -59
146 26 41
146 31 15
146 32 95
146 33 14
146 38 -90
146 39 38
146 41 81
146 46 73
146 50 -52
146 54 -37
146 57 -66
146 59 30
146 60 17
146 64 24
146 65 10
146 66 86
146 68 10
146 69 -61
146 70 48
146 73 98
146 75 -17
146 76 -67
146 78 -57
146 79 14
146 81 -4
146 83 -26
146 84 -57
146 89 25
146 92 35
146 93 -75
146 94 43
146 96 7
146 97 43
146 99 -76
146 100 95
146 101 55
146 103 69
146 106 46
146 107 -28
146 110 -16
146 116 -64
146 117 -71
146 119 85
146 122 78
146 123 71
146 124 -27
146 134 -4
146 135 85
146 136 -38
146 137 -35
146 138 -72
146 142 82
146 144 91
146 146 -34
146 148 -56
147 7 -51
147 8 4
147 9 90
147 11 49
147 12 75
147 14 62
147 15 75
147 16 26
147 18 1
147 20 26
147 22 26
147 23 -5
147 25 25
147 26 -9
147 27 -52
147 35 -74
147 40 -11
147 41 -4
147 45 -43
147 49 29
147 50 18
147 51 -28
147 52 -50
147 54 62
147 57 67
147 58 -95
147 60 -70
147 61 -86
147 68 59
147 69 -35
147 70 -55
147 77 62
147 81 19
147 86 9
147 89 -14
147 90 -70
147 91 -75
147 95 76
147 100 66
147 101 4
147 107 -90
147 109 -28
147 111 -63
147 112 -36
147 115 -15
147 121 32
147 122 12
147 131 -16
147 132 -19
147 137 -64
147 139 -1
147 141 70
147 142 -10
147 147 39
148 2 -26
148 3 46
148 4 -79
148 6 -24
148 7 59
148 8 -31
148 11 -48
148 13 -20
148 14 96
148 15 71
148 18 -47
148 23 -36
148 24 -22
148 25 16
148 26 34
148 28 -45
148 35 -25
148 36 -49
148 38 82
148 39 -10
148 40 99
148 41 -51
148 47 -31
148 48 -45
148 50 -51
148 55 -42
148 56 23
148 58 -85
148 64 -60
148 66 15
148 70 -63
148 71 38
148 74 -39
148 77 -60
148 78 21
148 84 -34
148 85 -96
148 87 -67
148 88 -30
148 91 18
148 93 -27
148 96 -59
148 105 -36
148 108 5
148 110 90
148 113 -1
148 116 -80
148 117 12
148 121 32
148 122 -58
148 124 68
148 127 54
148 128 76
148 129 15
148 131 74
148 136 -84
148 137 -57
148 138 -38
148 148 21
148 149 47
149 0 -77
149 4 6
149 5 75
149 7 -99
149 8 -90
149 9 -63
149 12 -70
149 14 -94
149 16 -75
149 18 51
149 28 -44
149 31 68
149 39 -39
149 40 -83
149 43 73
149 44 25
149 50 -47
149 51 -32
149 53 56
149 55 76
149 56 74
149 57 -30
149 58 -85
149 59 -41
149 60 25
149 62 82
149 63 -61
149 69 -61
149 70 -88
149 72 14
149 73 -41
149 74 -23
149 76 40
149 77 19
149 78 -92
149 79 -1
149 81 -50
149 82 53
149 83 8
149 84 -94
149 88 -41
149 91 -64
149 94 84
149 96 -77
149 103 53
149 104 -56
149 107 80
149 109 -47
149 112 -46
149 114 54
149 115 -93
149 116 12
149 117 -60
149 118 42
149 122 32
149 125 -52
149 128 -39
149 131 -85
149 133 81
149 135 29
149 137 -66
149 140 -30
149 144 -51
149 145 -45
149 149 85