0 2 -71
0 12 98
0 16 -60
0 21 -71
0 24 -6
0 34 20
0 36 89
0 42 70
0 64 -12
0 71 -65
0 74 -42
0 88 -4
0 92 12
1 3 27
1 11 -65
1 12 31
1 15 -12
1 18 -58
1 23 85
1 26 79
1 28 7
1 29 88
1 35 49
1 49 -20
1 52 2
1 55 3
1 60 2
1 61 21
1 63 -49
1 64 -33
1 65 -43
1 66 -51
1 69 -100
1 73 74
1 76 -65
1 79 15
1 80 -44
1 83 8
2 0 -31
2 2 67
2 7 -61
2 8 -68
2 9 -14
2 10 -5
2 12 -96
2 31 1
2 32 25
2 36 -72
2 43 -58
2 48 87
2 52 -99
2 54 -34
2 55 55
2 56 64
2 67 27
2 68 -10
2 74 -88
2 83 -53
2 94 31
3 4 -41
3 8 89
3 11 -88
3 23 -5
3 24 35
3 25 -65
3 31 -24
3 34 -3
3 35 67
3 37 33
3 47 95
3 53 -85
3 62 51
3 76 91
3 87 40
3 93 -57
3 94 51
3 97 -22
4 6 -21
4 9 67
4 11 -63
4 18 -55
4 34 -75
4 35 47
4 39 -70
4 41 -45
4 42 -27
4 44 71
4 54 -69
4 61 41
4 62 -88
4 66 -63
4 68 66
4 84 -58
4 86 -31
4 91 -35
4 93 91
4 99 -39
5 1 2
5 4 -70
5 7 -46
5 8 25
5 13 32
5 14 72
5 15 -12
5 16 69
5 18 -2
5 21 -10
5 22 -56
5 26 -51
5 30 79
5 33 59
5 43 -94
5 47 84
5 48 -87
5 49 -14
5 53 -44
5 67 62
5 70 -58
5 74 -22
5 75 57
5 80 46
5 86 -83
5 89 -59
5 93 -97
5 95 -21
5 96 -2
6 4 38
6 16 -76
6 22 50
6 26 82
6 30 -40
6 34 94
6 39 -27
6 41 -13
6 42 36
6 49 8
6 52 -3
6 53 -47
6 57 -42
6 59 14
6 64 -72
6 65 29
6 70 60
6 71 -63
6 73 6
6 74 -20
6 75 -27
6 94 -49
7 2 44
7 3 82
7 6 33
7 7 45
7 14 90
7 17 -16
7 20 97
7 23 91
7 26 56
7 33 -48
7 36 38
7 37 34
7 40 -30
7 42 38
7 44 -91
7 53 -42
7 55 -24
7 63 60
7 66 17
7 67 -69
7 70 100
7 73 3
7 78 -65
7 80 -23
7 96 -26
8 6 97
8 8 100
8 10 85
8 21 72
8 32 64
8 35 -65
8 36 -53
8 42 -30
8 51 -60
8 52 39
8 55 49
8 57 -3
8 63 -79
8 64 15
8 65 49
8 71 -60
8 72 -17
8 77 60
8 83 -3
8 90 32
8 91 -68
8 92 29
8 97 -26
9 2 32
9 6 -80
9 11 -86
9 18 -95
9 20 75
9 21 55
9 30 92
9 34 -18
9 38 -34
9 39 85
9 41 -71
9 43 66
9 48 39
9 52 -83
9 63 14
9 65 -96
9 77 60
9 79 3
9 81 -3
9 87 -48
9 91 -23
9 96 44
9 99 23
10 1 -27
10 2 -81
10 5 -35
10 11 -54
10 19 9
10 21 -32
10 22 88
10 34 -95
10 40 32
10 41 -22
10 43 -10
10 47 -97
10 52 58
10 54 -60
10 59 52
10 63 -35
10 72 -92
10 79 79
10 87 -24
10 91 20
10 96 -3
10 97 -92
11 0 -40
11 20 -71
11 23 53
11 27 -19
11 29 -42
11 33 87
11 34 41
11 36 48
11 39 -69
11 43 77
11 47 -1
11 50 69
11 58 -29
11 59 -1
11 65 100
11 70 83
11 79 -86
11 80 -32
11 91 34
11 94 59
12 0 29
12 14 -62
12 17 -85
12 21 58
12 23 71
12 24 -5
12 31 -57
12 47 -59
12 55 17
12 58 93
12 61 -22
12 62 -100
12 64 76
12 67 -29
12 71 -58
12 72 -89
12 76 44
12 83 -40
12 86 -76
12 92 -54
12 98 81
13 3 -25
13 4 23
13 8 -42
13 11 87
13 12 88
13 14 -20
13 17 25
13 18 -50
13 23 -90
13 24 49
13 26 -24
13 29 -47
13 30 18
13 33 -48
13 40 -82
13 46 -20
13 55 -8
13 75 87
13 77 -19
13 79 -68
13 81 81
13 89 65
13 90 7
13 96 89
13 99 -83
14 6 -96
14 9 -92
14 13 8
14 17 -49
14 20 -54
14 25 45
14 29 -87
14 30 -16
14 31 -91
14 34 -11
14 36 -83
14 37 -21
14 38 -76
14 42 -79
14 47 36
14 48 65
14 52 73
14 53 -100
14 54 -28
14 56 -47
14 62 -63
14 67 -74
14 70 2
14 73 81
14 84 41
14 87 -46
14 91 -58
14 96 54
15 11 83
15 28 -50
15 33 84
15 35 27
15 36 -95
15 51 39
15 54 -65
15 56 -35
15 64 -85
15 67 58
15 72 -86
15 76 -10
15 78 22
15 79 75
15 81 -47
15 82 19
15 85 -10
15 86 -98
16 2 -26
16 5 92
16 8 -88
16 11 -78
16 13 61
16 18 6
16 21 -20
16 27 26
16 41 -82
16 43 74
16 45 74
16 47 -41
16 49 -84
16 57 -44
16 58 39
16 66 70
16 70 -7
16 74 61
16 79 89
16 81 -48
16 90 39
16 94 2
16 97 -42
17 0 -72
17 5 -33
17 8 -19
17 11 -79
17 14 15
17 18 -85
17 20 85
17 24 23
17 32 -61
17 35 -87
17 36 -24
17 40 90
17 41 63
17 45 -39
17 49 -46
17 54 -52
17 60 -16
17 62 -71
17 72 -14
17 74 40
17 79 96
17 83 -27
17 84 43
17 88 -46
17 92 -9
17 94 53
17 96 83
18 4 86
18 6 64
18 16 63
18 18 -83
18 22 -44
18 23 28
18 24 13
18 30 95
18 45 30
18 49 96
18 56 4
18 57 -40
18 62 -49
18 74 53
18 82 -24
18 83 10
18 84 -80
18 92 -45
18 95 45
19 1 -18
19 2 57
19 6 76
19 9 -24
19 15 9
19 21 98
19 31 -35
19 34 99
19 37 14
19 39 -2
19 43 -38
19 51 16
19 57 22
19 67 -30
19 69 -67
19 71 10
19 75 2
19 82 -94
19 89 -30
20 3 16
20 6 -40
20 12 54
20 15 -54
20 16 5
20 19 -48
20 30 -78
20 31 -68
20 32 96
20 35 4
20 37 37
20 48 -26
20 49 90
20 56 7
20 58 -89
20 61 40
20 64 17
20 66 1
20 69 90
20 73 -16
20 75 -78
20 76 6
20 90 -5
20 98 69
20 99 -92
21 2 -16
21 3 -5
21 7 70
21 12 76
21 13 86
21 20 -19
21 22 30
21 31 -93
21 33 27
21 34 -62
21 35 -7
21 37 -67
21 39 70
21 45 -19
21 46 -99
21 49 -89
21 52 -65
21 54 18
21 78 81
21 79 -46
21 81 42
21 89 -24
21 90 6
21 93 78
21 94 22
22 1 -65
22 2 11
22 3 -87
22 7 -100
22 13 30
22 14 19
22 27 73
22 32 73
22 35 75
22 40 -85
22 41 52
22 43 -62
22 44 -79
22 49 77
22 50 -76
22 52 -58
22 54 96
22 77 34
22 86 -79
22 88 -92
22 91 -9
23 3 -51
23 8 54
23 9 22
23 17 19
23 21 -27
23 22 -44
23 25 -15
23 27 90
23 30 -92
23 31 -48
23 36 -96
23 40 44
23 41 21
23 48 -75
23 59 26
23 61 29
23 63 -5
23 67 -52
23 71 19
23 72 -30
23 81 25
23 83 -21
23 85 4
23 89 -48
23 91 74
24 2 -58
24 3 15
24 9 -76
24 16 -35
24 17 26
24 21 -3
24 22 1
24 24 -74
24 28 -78
24 36 -78
24 40 38
24 43 -67
24 50 -29
24 71 -26
24 72 -28
24 74 -64
24 82 -90
24 89 -51
24 99 -89
25 1 -6
25 2 71
25 22 61
25 24 9
25 37 -16
25 40 92
25 42 -13
25 58 -92
25 68 -8
25 77 -93
25 82 66
25 86 -93
25 91 15
25 92 6
25 99 -34
26 4 -70
26 6 -93
26 8 -89
26 10 -10
26 23 -85
26 27 -38
26 31 89
26 32 25
26 37 -2
26 40 -73
26 42 -45
26 43 100
26 45 45
26 50 79
26 57 64
26 59 70
26 66 15
26 71 -50
26 78 28
26 81 50
26 82 -96
26 85 -44
26 86 -19
27 4 -32
27 7 42
27 8 10
27 9 27
27 16 72
27 21 29
27 23 22
27 25 -52
27 33 -18
27 37 -93
27 38 -68
27 40 -27
27 42 -9
27 44 10
27 46 29
27 55 -33
27 56 10
27 58 -17
27 60 54
27 62 4
27 64 60
27 79 82
27 87 -41
27 88 57
27 90 76
27 95 76
27 96 45
27 99 -49
28 0 -7
28 1 80
28 4 92
28 12 13
28 14 -18
28 16 -7
28 18 -42
28 22 -64
28 32 -77
28 39 50
28 41 -34
28 46 24
28 49 -19
28 50 -25
28 51 -79
28 57 -58
28 58 1
28 75 20
28 76 -8
28 84 -43
28 90 -11
28 92 -92
29 3 40
29 10 74
29 12 -48
29 14 69
29 16 35
29 19 -56
29 23 -28
29 30 47
29 32 -2
29 49 66
29 70 -75
29 82 85
29 84 -77
29 90 54
30 4 -53
30 7 -50
30 8 57
30 16 -91
30 22 76
30 23 42
30 28 -9
30 29 -95
30 30 93
30 31 27
30 34 -58
30 42 -72
30 45 98
30 46 23
30 47 -23
30 49 29
30 51 -95
30 52 7
30 56 47
30 59 71
30 72 -8
30 74 12
30 77 -79
30 82 6
30 85 -75
30 87 -54
30 99 55
31 5 73
31 6 -68
31 12 -52
31 23 -47
31 32 10
31 43 100
31 45 -99
31 52 -75
31 53 17
31 54 52
31 55 -81
31 56 -99
31 59 -38
31 60 69
31 61 30
31 64 65
31 67 -93
31 68 23
31 71 13
31 76 42
31 78 -70
31 81 -3
31 88 -68
31 89 51
31 92 -79
31 96 7
31 97 -7
32 6 -12
32 7 61
32 12 12
32 18 -37
32 20 78
32 26 -32
32 29 -29
32 38 -6
32 39 -62
32 42 -86
32 47 -94
32 64 11
32 84 34
32 85 98
32 89 -60
32 90 5
32 96 -65
33 3 42
33 8 -16
33 11 76
33 15 4
33 16 -74
33 19 -93
33 28 85
33 29 62
33 30 -37
33 33 -10
33 36 -1
33 37 74
33 38 -49
33 43 85
33 50 -32
33 51 -82
33 60 -56
33 61 90
33 70 21
33 74 9
33 76 -7
33 79 -45
34 7 -100
34 14 46
34 22 -37
34 29 -59
34 35 9
34 36 50
34 43 75
34 57 -23
34 66 10
34 68 83
34 69 48
34 72 -11
34 74 41
35 2 -60
35 12 -24
35 13 3
35 16 -66
35 20 11
35 22 60
35 26 80
35 30 94
35 31 14
35 32 -12
35 37 -17
35 47 92
35 62 -52
35 64 -38
35 70 -12
35 72 -20
35 74 -38
35 77 40
35 78 -55
35 79 -41
35 84 17
35 85 60
35 92 -50
35 97 -2
36 6 -99
36 10 96
36 15 83
36 18 -92
36 20 64
36 23 51
36 25 -90
36 32 -7
36 34 -43
36 35 42
36 37 -32
36 42 99
36 44 22
36 53 -70
36 59 -57
36 63 -42
36 64 88
36 65 29
36 93 84
36 97 2
37 1 -27
37 4 35
37 5 -54
37 11 -5
37 15 78
37 18 76
37 19 -11
37 20 -6
37 23 78
37 26 -6
37 27 -30
37 38 -50
37 41 21
37 44 -4
37 46 67
37 57 -83
37 59 -85
37 68 -63
37 69 -59
37 75 71
37 77 34
37 84 -26
37 89 58
37 95 98
37 99 44
38 2 -10
38 4 -62
38 27 -31
38 32 -27
38 35 67
38 39 5
38 55 -28
38 57 74
38 60 47
38 71 -21
38 74 55
38 79 -49
38 86 83
38 90 30
38 93 -20
38 94 -10
38 97 -44
39 0 53
39 1 -84
39 7 27
39 12 6
39 14 72
39 24 46
39 25 -25
39 27 12
39 32 8
39 36 -80
39 38 5
39 41 -40
39 47 -11
39 52 81
39 53 -68
39 54 40
39 55 87
39 62 -59
39 65 7
39 71 -89
39 72 92
39 75 74
39 84 58
39 86 55
39 91 -50
39 92 -46
39 93 -96
40 2 -43
40 3 45
40 7 18
40 10 14
40 23 -97
40 25 -52
40 30 96
40 35 82
40 40 -77
40 45 69
40 52 -100
40 54 77
40 55 1
40 57 -72
40 61 -17
40 63 98
40 64 29
40 67 54
40 77 76
40 85 84
40 91 82
40 93 -3
40 96 96
41 3 -11
41 5 -14
41 8 55
41 14 -95
41 17 -65
41 20 -78
41 21 57
41 24 2
41 30 -63
41 38 -72
41 44 -17
41 51 59
41 55 11
41 61 83
41 67 -1
41 76 -11
41 78 -28
41 80 19
41 86 95
41 92 -21
41 93 -90
42 5 66
42 9 53
42 23 -17
42 25 -60
42 26 16
42 31 -64
42 32 74
42 34 25
42 42 65
42 54 92
42 58 -62
42 59 88
42 66 -51
42 69 42
42 86 89
42 88 -11
42 90 82
42 93 -68
43 6 5
43 7 87
43 9 -95
43 15 -67
43 16 -56
43 27 36
43 30 67
43 43 70
43 49 11
43 51 56
43 52 25
43 59 -12
43 66 75
43 78 -24
43 80 45
43 82 16
43 88 6
43 89 -29
43 92 -37
44 3 -77
44 8 63
44 10 46
44 13 3
44 22 -90
44 32 -100
44 39 11
44 40 -100
44 47 87
44 50 -78
44 54 -18
44 57 33
44 58 -70
44 61 -17
44 71 1
44 72 63
44 78 -77
44 81 64
44 82 -43
44 83 100
44 84 81
44 88 55
44 89 79
44 99 15
45 0 11
45 2 13
45 3 40
45 8 -26
45 10 26
45 12 -23
45 18 31
45 21 -49
45 24 90
45 32 88
45 38 -63
45 39 -29
45 42 40
45 47 88
45 52 3
45 55 91
45 57 -46
45 58 -92
45 59 20
45 63 5
45 68 64
45 77 -41
45 78 1
45 79 79
45 83 -49
45 88 -38
45 93 -91
45 94 34
46 2 -36
46 4 21
46 6 -61
46 20 23
46 24 -33
46 34 -96
46 35 60
46 38 8
46 39 -30
46 42 69
46 45 -59
46 49 -95
46 52 29
46 68 -23
46 69 1
46 78 -25
46 81 -27
46 82 -74
46 87 16
46 88 42
47 1 -88
47 3 59
47 7 -55
47 9 -81
47 10 26
47 16 -9
47 17 -1
47 18 -86
47 22 -99
47 23 -8
47 25 -63
47 30 -25
47 40 92
47 43 -25
47 46 -23
47 49 -31
47 57 95
47 63 -2
47 72 -86
47 77 41
47 78 98
47 95 -73
47 99 -16
48 5 98
48 7 -13
48 10 -4
48 15 10
48 18 49
48 46 -36
48 56 -80
48 59 70
48 63 85
48 64 -86
48 66 -60
48 67 59
48 75 92
48 76 89
48 87 -72
48 91 5
48 92 92
48 93 -36
48 97 68
49 4 -3
49 10 49
49 14 68
49 15 77
49 19 -98
49 20 54
49 21 27
49 23 -14
49 25 48
49 27 1
49 28 10
49 29 24
49 31 53
49 32 83
49 38 -56
49 46 32
49 50 50
49 52 -24
49 55 94
49 60 17
49 61 -57
49 62 -80
49 77 54
49 93 -22
49 94 -27
50 0 87
50 6 1
50 10 85
50 18 -11
50 32 18
50 34 -79
50 41 -50
50 42 -56
50 49 24
50 51 -21
50 56 29
50 57 -4
50 74 -97
50 76 99
50 82 -54
50 90 -18
50 92 89
50 93 99
51 4 -59
51 7 100
51 9 50
51 13 -71
51 18 -49
51 20 9
51 25 -93
51 30 -43
51 43 -16
51 49 -18
51 54 79
51 57 29
51 60 -67
51 62 93
51 67 -11
51 70 63
51 71 47
51 73 14
51 75 -38
51 76 6
51 88 -82
51 89 -92
51 90 88
51 92 -26
51 93 33
51 97 70
51 99 -60
52 0 86
52 1 99
52 6 59
52 9 -54
52 12 8
52 13 94
52 23 -79
52 30 -74
52 33 -73
52 37 -64
52 39 -13
52 42 -11
52 47 -36
52 49 100
52 51 -12
52 54 -90
52 56 -92
52 58 27
52 59 -77
52 60 79
52 68 99
52 69 28
52 74 -73
52 86 55
52 93 2
52 94 6
53 0 45
53 6 -67
53 12 85
53 15 -20
53 18 60
53 20 28
53 25 71
53 27 39
53 30 84
53 34 -39
53 41 -62
53 45 77
53 46 -27
53 47 -14
53 49 -83
53 52 68
53 53 -66
53 58 60
53 60 -21
53 64 -43
53 65 26
53 71 -39
53 77 88
53 78 43
53 79 -85
53 87 19
53 90 79
53 93 -43
53 95 9
54 3 9
54 6 -94
54 11 -8
54 12 -21
54 15 -91
54 20 62
54 23 69
54 24 -75
54 25 17
54 28 69
54 29 57
54 33 -94
54 35 93
54 36 27
54 37 -1
54 38 91
54 43 -2
54 45 6
54 48 -62
54 59 -53
54 62 31
54 66 82
54 69 -6
54 76 -50
54 77 -64
54 83 -41
54 84 60
54 93 25
55 7 -73
55 8 3
55 9 -68
55 11 96
55 15 -33
55 16 46
55 21 57
55 36 75
55 40 91
55 41 63
55 52 -35
55 55 87
55 57 91
55 58 -54
55 60 -13
55 67 -79
55 69 98
55 75 -13
55 78 -5
55 82 -3
55 86 -93
55 94 44
55 96 -12
56 2 98
56 6 79
56 20 -2
56 24 26
56 33 -28
56 34 27
56 48 78
56 51 65
56 60 77
56 68 -14
56 70 -20
56 77 -7
56 80 5
56 81 -85
56 87 -98
56 94 87
56 98 96
57 7 68
57 10 -95
57 13 21
57 35 44
57 42 91
57 53 41
57 55 3
57 56 -12
57 62 59
57 65 -5
57 71 63
57 75 78
57 78 -1
57 81 -81
57 82 -95
57 85 -40
57 89 51
57 92 -26
58 9 -74
58 10 -41
58 16 10
58 23 8
58 28 -59
58 29 -69
58 37 -10
58 41 -11
58 48 -82
58 52 9
58 59 90
58 64 -9
58 69 -25
58 70 -32
58 75 83
58 77 -72
58 83 3
58 86 4
58 98 19
59 1 61
59 8 32
59 11 -62
59 24 1
59 26 27
59 29 -76
59 37 -73
59 41 -79
59 42 74
59 43 60
59 45 63
59 50 -57
59 61 88
59 62 -24
59 64 -92
59 65 -43
59 71 -2
59 91 -32
59 96 -42
60 10 -9
60 18 29
60 28 -71
60 30 45
60 45 -33
60 59 -98
60 64 87
60 76 48
60 81 -33
60 86 -37
60 88 -70
60 90 -38
61 0 -49
61 2 -15
61 6 21
61 21 -53
61 24 26
61 26 -72
61 31 35
61 85 -8
61 88 -48
62 3 -40
62 11 59
62 12 -51
62 20 -8
62 29 -32
62 30 -32
62 32 56
62 52 34
62 58 -33
62 59 12
62 60 -37
62 65 59
62 66 14
62 69 50
62 72 -85
62 78 68
62 80 -2
62 98 25
63 1 43
63 3 81
63 6 -65
63 7 -9
63 9 74
63 11 23
63 16 -79
63 18 -43
63 24 -87
63 27 29
63 28 -77
63 32 84
63 34 69
63 40 96
63 43 36
63 44 84
63 50 47
63 51 -11
63 53 27
63 54 -90
63 56 -47
63 59 33
63 62 -96
63 65 -46
63 77 -96
63 84 -58
63 90 -92
63 94 40
63 95 58
63 96 49
64 0 -43
64 2 -30
64 4 -47
64 5 46
64 7 60
64 14 54
64 17 83
64 24 32
64 26 -87
64 32 100
64 34 -79
64 36 18
64 49 -89
64 58 61
64 60 8
64 61 -58
64 67 -17
64 69 -69
64 74 93
64 79 -21
64 85 68
64 93 73
64 94 -66
64 97 39
65 0 31
65 1 -78
65 3 77
65 6 -89
65 7 -99
65 8 3
65 9 64
65 12 -100
65 18 41
65 20 -21
65 24 3
65 31 -27
65 34 -7
65 35 -18
65 47 -2
65 48 -69
65 54 -7
65 55 77
65 64 5
65 69 -36
65 75 -63
65 76 -98
65 77 -38
65 78 -48
65 79 -24
65 81 -19
65 83 -79
66 0 -52
66 16 -87
66 18 -100
66 19 13
66 22 92
66 23 -97
66 24 90
66 26 -21
66 27 59
66 29 -49
66 31 96
66 33 2
66 36 -50
66 38 -10
66 41 -80
66 46 -92
66 48 74
66 66 48
66 78 -12
66 85 99
66 88 66
66 95 -91
66 96 8
67 6 58
67 9 97
67 11 -78
67 15 61
67 18 -17
67 24 87
67 29 -51
67 39 -42
67 42 50
67 43 -14
67 55 76
67 56 -46
67 57 11
67 65 -15
67 70 31
67 83 -100
67 86 -93
67 89 10
67 92 36
67 97 -12
67 99 32
68 3 55
68 5 10
68 9 12
68 10 3
68 12 -25
68 14 91
68 19 4
68 25 21
68 31 87
68 33 50
68 34 -81
68 36 5
68 39 3
68 46 1
68 47 -33
68 48 -26
68 54 80
68 55 28
68 59 12
68 61 -28
68 64 79
68 65 83
68 71 27
68 76 3
68 78 -70
68 81 26
68 86 -40
68 87 23
68 93 -75
68 97 -41
69 2 60
69 4 45
69 10 30
69 12 20
69 14 87
69 19 51
69 20 1
69 21 39
69 22 73
69 29 12
69 60 -57
69 61 -63
69 66 -16
69 75 -13
69 81 48
69 88 -22
69 92 -60
69 93 -26
70 2 -97
70 3 -80
70 10 9
70 14 1
70 18 -19
70 29 -40
70 34 -64
70 36 80
70 46 64
70 47 -28
70 54 -60
70 70 -10
70 76 -96
70 79 55
70 82 27
70 84 74
70 88 3
70 92 22
70 96 -5
70 98 -39
71 0 41
71 1 -97
71 6 69
71 13 36
71 20 96
71 22 19
71 33 45
71 35 -59
71 38 94
71 42 43
71 43 37
71 45 2
71 46 62
71 51 85
71 55 -84
71 56 -18
71 58 15
71 61 -6
71 64 -27
71 68 18
71 73 16
71 78 99
71 85 40
71 96 -18
71 98 -84
71 99 -75
72 0 69
72 2 -1
72 3 -35
72 4 98
72 5 -77
72 7 76
72 9 3
72 21 -88
72 24 37
72 25 -26
72 28 -9
72 29 92
72 34 49
72 36 -62
72 39 79
72 42 -83
72 45 59
72 48 -82
72 49 28
72 50 34
72 51 84
72 53 -1
72 54 -64
72 70 23
72 78 91
72 81 -81
72 85 -40
72 88 -81
72 95 -87
72 98 58
72 99 36
73 2 52
73 3 -20
73 9 -4
73 11 -88
73 15 -82
73 20 10
73 23 -29
73 24 70
73 25 -97
73 27 18
73 29 2
73 33 -57
73 34 -56
73 35 -47
73 40 -65
73 41 78
73 42 -19
73 44 15
73 45 -21
73 54 -2
73 60 28
73 63 -92
73 67 -35
73 80 -81
73 87 54
73 91 79
73 92 -90
74 3 -54
74 5 -5
74 6 5
74 8 71
74 12 -77
74 15 84
74 16 -39
74 21 -49
74 23 -14
74 26 26
74 38 -80
74 43 -15
74 45 33
74 47 63
74 50 -94
74 53 29
74 71 76
74 73 1
74 74 -85
74 75 72
74 83 3
74 85 59
74 90 68
74 94 92
74 95 -31
74 97 64
75 2 44
75 5 73
75 6 -97
75 20 42
75 25 -94
75 27 -92
75 30 79
75 31 63
75 35 -27
75 43 58
75 50 -12
75 53 -11
75 58 -67
75 59 -48
75 61 83
75 73 46
75 87 -3
75 91 -74
75 97 93
76 1 -15
76 14 17
76 17 -36
76 21 98
76 26 -46
76 27 31
76 32 7
76 33 -58
76 37 48
76 39 20
76 43 25
76 44 -84
76 45 55
76 47 29
76 55 -16
76 57 14
76 62 -21
76 63 -41
76 65 -76
76 66 -1
76 76 -26
76 91 -77
76 93 10
76 94 61
77 5 -51
77 6 -41
77 11 78
77 13 26
77 22 68
77 24 -76
77 27 -81
77 30 -94
77 37 11
77 45 -70
77 48 71
77 49 49
77 52 -81
77 53 88
77 62 12
77 64 -63
77 66 24
77 67 88
77 68 -79
77 73 -30
77 79 11
77 80 -37
77 86 94
77 88 -54
77 95 -21
77 96 66
77 97 18
78 9 40
78 19 -97
78 28 88
78 32 8
78 33 22
78 37 -36
78 51 -20
78 52 -15
78 54 29
78 58 -50
78 63 -64
78 71 -75
78 79 -15
78 83 -62
78 85 -7
78 88 -59
78 89 -62
79 3 -69
79 5 -51
79 8 -54
79 10 -48
79 12 6
79 13 -47
79 17 -24
79 18 90
79 19 -9
79 30 90
79 36 6
79 37 21
79 38 -57
79 46 45
79 47 88
79 49 -78
79 58 10
79 68 23
79 71 -76
79 82 9
79 83 19
79 96 43
79 97 69
79 98 -71
80 18 70
80 21 38
80 25 -27
80 34 -17
80 35 34
80 37 -5
80 51 98
80 53 65
80 58 29
80 63 1
80 66 51
80 68 -94
80 71 81
80 74 -63
80 75 96
80 81 34
80 83 -84
80 87 -2
81 4 21
81 7 -48
81 10 -94
81 11 47
81 13 -83
81 22 -19
81 28 -77
81 36 -56
81 37 -90
81 39 -68
81 40 -53
81 51 -98
81 53 59
81 56 72
81 58 -2
81 64 -28
81 69 -34
81 75 69
81 80 77
81 86 71
81 88 7
82 1 18
82 2 98
82 7 -10
82 11 -47
82 12 -71
82 13 81
82 18 -56
82 23 -30
82 29 43
82 37 52
82 42 43
82 45 86
82 48 34
82 52 16
82 62 91
82 72 -29
82 76 87
82 77 -93
82 80 -96
82 83 -100
82 88 -12
82 90 24
82 93 -2
82 95 -9
83 19 87
83 22 83
83 26 -51
83 41 -35
83 45 -59
83 60 60
83 64 98
83 66 40
83 81 -68
83 87 -54
83 93 12
83 95 59
83 99 95
84 1 76
84 9 64
84 10 50
84 13 13
84 15 52
84 21 26
84 22 -18
84 23 60
84 24 25
84 26 -71
84 30 40
84 35 -21
84 40 93
84 41 17
84 48 55
84 51 -66
84 65 -62
84 66 -66
84 70 -41
84 74 -48
84 78 -1
84 79 -81
84 86 -12
84 88 -62
84 94 -7
85 2 78
85 4 7
85 6 11
85 11 1
85 22 -49
85 27 80
85 28 24
85 41 43
85 46 -3
85 56 37
85 63 -78
85 68 -78
85 71 -76
85 77 99
85 79 58
85 82 49
85 92 89
85 95 11
86 2 -64
86 5 8
86 11 99
86 16 -85
86 19 31
86 21 -48
86 22 65
86 25 63
86 32 -90
86 36 -74
86 38 57
86 39 -79
86 42 90
86 44 -39
86 45 -44
86 47 -49
86 50 -64
86 52 -1
86 54 12
86 63 -88
86 74 94
86 75 -52
86 81 3
86 92 -53
86 94 -79
86 99 48
87 0 -16
87 1 -40
87 3 27
87 7 9
87 10 94
87 12 -76
87 17 85
87 20 -90
87 22 58
87 24 23
87 25 28
87 26 -76
87 32 -1
87 37 -84
87 38 28
87 40 80
87 42 94
87 44 42
87 54 3
87 57 57
87 58 -61
87 61 -58
87 63 -79
87 64 57
87 68 -84
87 73 -47
87 78 21
87 82 83
87 84 29
87 87 42
88 0 6
88 1 -11
88 6 -95
88 7 34
88 10 66
88 12 -35
88 26 35
88 28 54
88 36 3
88 39 48
88 48 -32
88 61 -26
88 74 31
88 81 10
88 85 -87
88 86 -98
88 88 -21
89 0 84
89 1 -41
89 8 -7
89 13 -7
89 19 8
89 23 -9
89 25 7
89 28 85
89 33 79
89 37 -68
89 38 -71
89 41 5
89 47 -38
89 51 2
89 52 -48
89 55 -40
89 57 22
89 59 -18
89 71 94
89 74 40
89 75 83
89 83 76
89 88 -57
90 1 69
90 7 89
90 10 78
90 12 89
90 19 -70
90 20 82
90 22 -5
90 28 65
90 32 -29
90 36 -40
90 39 1
90 41 -18
90 42 -76
90 44 6
90 47 -92
90 49 -87
90 68 32
90 74 -95
90 75 -32
90 79 -31
90 81 21
90 90 -23
90 97 -19
91 9 -34
91 11 51
91 12 46
91 17 37
91 31 40
91 33 75
91 34 -27
91 40 -29
91 46 -29
91 47 -5
91 48 79
91 53 -97
91 56 -81
91 76 -60
91 84 26
91 92 -39
91 95 -92
91 97 73
92 7 39
92 20 11
92 25 9
92 27 -11
92 32 32
92 33 -50
92 34 -96
92 35 80
92 39 59
92 43 -79
92 48 36
92 49 -45
92 54 10
92 58 90
92 60 54
92 63 10
92 65 -8
92 67 -16
92 71 -38
92 74 -34
92 75 -27
92 83 51
92 85 25
92 86 -98
92 88 6
92 90 -38
92 93 -43
93 0 -55
93 1 -36
93 3 53
93 11 -9
93 28 3
93 29 -86
93 32 57
93 34 92
93 35 75
93 37 57
93 39 27
93 51 -37
93 55 -53
93 56 92
93 60 45
93 64 -53
93 67 45
93 68 -32
93 75 16
93 80 -24
93 96 -23
93 98 -100
94 4 -8
94 16 7
94 18 -31
94 22 8
94 37 85
94 48 -29
94 65 3
94 67 22
94 70 99
94 78 -59
94 85 -13
94 86 -33
94 88 -59
94 89 -24
94 91 2
94 94 -82
94 95 -46
94 97 68
95 6 -39
95 9 1
95 20 -77
95 25 88
95 37 -18
95 45 85
95 51 93
95 52 -52
95 56 -34
95 57 51
95 66 27
95 68 -52
95 73 87
95 76 35
95 87 -50
95 91 -14
96 3 -49
96 9 -86
96 11 65
96 20 72
96 23 9
96 30 -41
96 35 26
96 46 75
96 48 -76
96 49 -11
96 50 86
96 53 -24
96 54 -67
96 57 69
96 67 -63
96 77 99
96 79 -86
96 81 29
96 88 94
96 99 -74
97 0 -88
97 9 -56
97 17 -40
97 29 -55
97 38 37
97 39 23
97 44 -10
97 48 29
97 50 -83
97 55 87
97 57 79
97 61 -54
97 65 -53
97 66 97
97 69 17
97 71 -69
97 73 68
97 75 25
97 77 -53
97 81 -32
97 85 -9
97 92 59
97 96 -63
98 3 -85
98 5 -94
98 7 66
98 8 64
98 20 -33
98 30 -90
98 31 -70
98 36 -47
98 44 3
98 47 83
98 48 -32
98 53 -65
98 56 -96
98 61 -9
98 66 65
98 73 -13
98 76 -84
98 80 -26
98 91 -26
98 97 -73
99 3 24
99 5 96
99 17 -41
99 20 -75
99 21 -76
99 24 6
99 28 -63
99 44 7
99 46 48
99 47 -82
99 63 94
99 64 -76
99 69 96
99 71 8
99 76 13
99 84 24
99 85 72
99 87 27
99 88 82
99 89 38
99 93 80
99 94 -64
99 96 -94
99 97 -39