0 0 -65
0 4 -6
0 5 -93
0 7 -88
0 8 71
0 9 -46
0 11 70
0 12 85
0 13 -98
0 14 -83
0 15 20
0 16 -35
0 18 -49
0 21 43
0 23 -19
0 24 58
0 25 -65
0 26 -52
0 28 23
0 29 98
0 31 100
0 34 -32
0 35 -100
0 36 -56
0 41 -14
0 42 31
0 47 -53
0 49 82
1 0 -91
1 1 -88
1 2 -45
1 3 64
1 4 50
1 5 -8
1 6 -12
1 8 -70
1 11 89
1 12 99
1 13 -78
1 14 58
1 16 -42
1 20 -25
1 22 -86
1 23 66
1 24 -88
1 25 -57
1 26 91
1 27 -59
1 28 -22
1 29 7
1 31 76
1 32 -90
1 34 -49
1 35 -66
1 36 49
1 38 18
1 39 54
1 40 65
1 42 -48
1 43 65
1 44 -23
1 46 -86
1 48 -76
2 0 -74
2 2 76
2 3 69
2 5 73
2 7 -26
2 8 84
2 9 97
2 10 -12
2 11 97
2 12 46
2 14 14
2 15 -96
2 16 -41
2 18 -37
2 19 -75
2 21 5
2 23 -15
2 24 89
2 25 -67
2 27 -18
2 28 86
2 30 22
2 31 25
2 34 10
2 36 -54
2 39 -81
2 40 4
2 41 86
2 45 2
2 46 -98
2 49 59
3 0 -28
3 1 93
3 3 69
3 4 15
3 5 77
3 6 -31
3 7 -35
3 8 -14
3 10 38
3 11 71
3 12 1
3 14 71
3 15 25
3 16 -45
3 17 -25
3 19 91
3 21 -43
3 22 -50
3 23 45
3 26 24
3 28 -26
3 31 37
3 32 83
3 33 35
3 34 -17
3 35 24
3 36 -4
3 37 15
3 38 -70
3 39 14
3 41 -12
3 42 59
3 43 32
3 44 59
3 45 -55
3 46 3
3 47 -6
3 49 -98
4 0 33
4 1 80
4 2 -97
4 4 2
4 7 50
4 8 -13
4 10 75
4 11 -77
4 13 -81
4 14 13
4 15 -2
4 19 -46
4 20 59
4 21 53
4 22 -93
4 23 -21
4 24 -46
4 25 -47
4 28 43
4 29 -44
4 30 61
4 31 35
4 33 -48
4 35 43
4 36 75
4 38 33
4 40 -16
4 41 36
4 43 -54
4 45 15
4 47 -19
4 48 91
4 49 -41
5 2 83
5 4 -11
5 7 -72
5 9 -76
5 10 63
5 11 23
5 12 -47
5 13 64
5 14 -61
5 15 42
5 17 43
5 18 62
5 20 -86
5 21 19
5 22 -80
5 23 8
5 24 73
5 25 63
5 26 -90
5 29 -23
5 30 -25
5 31 63
5 32 -53
5 33 -1
5 34 -9
5 35 94
5 37 -10
5 38 -96
5 39 -33
5 41 -84
5 42 -8
5 43 -90
5 45 -66
5 46 13
5 47 21
5 48 70
5 49 -4
6 1 -87
6 2 14
6 3 24
6 4 -18
6 5 2
6 6 91
6 7 1
6 8 -88
6 9 17
6 10 37
6 13 -51
6 14 60
6 15 27
6 16 -95
6 19 -72
6 20 67
6 21 -68
6 23 -58
6 24 60
6 25 1
6 26 -24
6 28 -76
6 29 -87
6 30 76
6 31 -57
6 33 4
6 35 96
6 36 -75
6 38 47
6 39 48
6 40 -29
6 41 67
6 42 77
6 44 -66
6 46 -12
6 47 -96
6 48 45
6 49 70
7 1 80
7 3 11
7 5 47
7 6 -25
7 8 -56
7 9 96
7 10 79
7 11 -96
7 12 88
7 14 -99
7 16 -89
7 17 72
7 20 -41
7 21 66
7 22 87
7 25 -30
7 26 85
7 27 15
7 35 -99
7 37 19
7 38 -42
7 40 -17
7 41 97
7 42 25
7 43 43
7 44 67
7 45 -99
7 47 23
7 48 78
8 3 68
8 5 4
8 6 -28
8 8 -19
8 10 -84
8 12 -25
8 13 5
8 14 -33
8 15 -56
8 16 9
8 18 -9
8 19 79
8 20 -92
8 21 5
8 22 73
8 23 1
8 24 -56
8 25 2
8 26 9
8 27 -79
8 28 -100
8 29 95
8 30 59
8 31 -93
8 33 31
8 35 77
8 36 -5
8 39 -1
8 40 -60
8 42 -56
8 43 -4
8 44 65
8 46 -86
8 48 97
8 49 -89
9 0 9
9 1 20
9 2 8
9 3 -3
9 4 -56
9 5 -56
9 8 -70
9 10 -61
9 12 89
9 13 -66
9 14 -48
9 15 72
9 16 -35
9 19 30
9 21 59
9 23 -6
9 24 -94
9 25 -34
9 26 -62
9 28 83
9 30 -37
9 33 -13
9 34 -62
9 35 72
9 37 79
9 38 79
9 40 7
9 44 -75
9 45 -63
9 46 -88
9 47 -28
9 48 98
10 1 20
10 2 4
10 4 -99
10 5 21
10 6 83
10 7 31
10 8 -12
10 9 90
10 10 52
10 14 -22
10 15 65
10 16 -95
10 17 39
10 18 -44
10 20 -82
10 21 51
10 22 -96
10 23 26
10 25 -7
10 26 -10
10 29 -81
10 30 100
10 31 -11
10 32 -36
10 33 25
10 34 48
10 35 -44
10 37 -16
10 39 -93
10 40 -74
10 41 -65
10 43 -98
10 44 -96
10 46 100
10 47 30
10 48 37
11 1 -65
11 2 20
11 3 71
11 4 -69
11 5 44
11 9 39
11 10 -89
11 11 -8
11 13 32
11 15 -77
11 17 48
11 20 96
11 26 51
11 27 -67
11 28 -14
11 29 31
11 30 8
11 31 96
11 32 -50
11 33 38
11 35 73
11 36 33
11 38 -79
11 39 40
11 40 -51
11 41 60
11 42 97
11 43 -54
11 44 56
11 45 -57
11 47 -43
11 48 86
12 2 80
12 4 -3
12 5 -40
12 9 70
12 10 -28
12 12 -12
12 13 -94
12 15 -23
12 16 48
12 18 40
12 19 -8
12 20 -28
12 21 -85
12 22 -11
12 25 98
12 26 98
12 27 54
12 28 -93
12 29 -42
12 30 43
12 32 61
12 33 -82
12 34 14
12 36 -39
12 37 -6
12 38 83
12 40 -81
12 41 9
12 42 -81
12 43 -68
12 45 72
12 47 -17
12 48 -82
12 49 -52
13 0 19
13 1 -33
13 3 -13
13 4 47
13 6 -68
13 7 -1
13 8 -46
13 9 67
13 10 -73
13 12 21
13 13 -53
13 14 48
13 15 -26
13 18 20
13 19 38
13 20 -58
13 21 -23
13 22 -25
13 25 21
13 26 4
13 27 19
13 29 -48
13 30 -94
13 31 78
13 32 -42
13 35 -37
13 36 13
13 38 48
13 39 -38
13 40 -19
13 42 65
13 43 -63
13 45 -96
13 46 -59
13 48 -42
13 49 7
14 0 -56
14 1 74
14 3 -70
14 4 77
14 5 -10
14 6 82
14 7 -42
14 8 -6
14 9 -65
14 10 -93
14 11 -63
14 12 -50
14 13 -7
14 14 54
14 16 -20
14 20 83
14 22 -52
14 23 -71
14 24 -35
14 25 54
14 27 28
14 28 -10
14 29 34
14 31 -34
14 33 -54
14 35 80
14 36 99
14 38 19
14 39 70
14 40 -83
14 45 -83
14 47 -40
14 48 88
14 49 6
15 0 -44
15 1 -98
15 2 11
15 3 -46
15 4 -27
15 5 -32
15 6 -41
15 7 -70
15 8 82
15 10 24
15 11 -86
15 14 -9
15 17 -12
15 19 -93
15 21 -40
15 23 6
15 24 85
15 26 -88
15 27 -87
15 30 -23
15 31 22
15 35 64
15 36 -47
15 37 68
15 38 -99
15 39 71
15 40 -90
15 41 -37
15 42 4
15 43 -30
15 45 88
15 46 -47
15 47 -96
16 1 -23
16 4 27
16 5 98
16 6 22
16 8 -53
16 9 -94
16 10 -97
16 11 -88
16 12 -19
16 13 27
16 14 -29
16 15 4
16 17 -99
16 18 30
16 19 -72
16 21 -35
16 22 52
16 24 95
16 26 74
16 27 -91
16 29 -77
16 30 69
16 34 -7
16 35 59
16 36 -67
16 38 14
16 39 -82
16 40 -52
16 41 12
16 43 -42
16 44 20
16 45 -67
16 46 -81
16 47 -31
16 48 -29
17 0 -65
17 2 2
17 5 98
17 7 59
17 8 23
17 10 31
17 11 21
17 12 68
17 13 94
17 14 95
17 15 98
17 17 -69
17 18 23
17 19 57
17 21 -42
17 23 -5
17 25 -67
17 26 94
17 27 68
17 28 -63
17 29 94
17 30 81
17 32 -93
17 33 -17
17 36 100
17 37 -84
17 38 8
17 40 55
17 41 -78
17 42 4
17 43 45
17 44 49
17 45 59
17 46 96
17 47 -5
17 48 -61
18 0 -50
18 2 22
18 4 6
18 7 76
18 8 4
18 9 -25
18 10 -1
18 11 15
18 14 39
18 16 -35
18 17 -44
18 18 97
18 19 49
18 24 -95
18 26 -16
18 27 -27
18 28 86
18 30 100
18 32 -82
18 36 11
18 37 -47
18 38 92
18 39 -9
18 40 -78
18 41 -4
18 42 -95
18 47 84
19 0 35
19 3 -100
19 4 31
19 5 59
19 8 -11
19 10 50
19 11 -24
19 12 1
19 13 75
19 14 -13
19 16 75
19 20 -13
19 21 5
19 22 -82
19 24 -16
19 26 77
19 29 76
19 30 -23
19 32 31
19 33 -66
19 34 -66
19 35 -59
19 37 31
19 38 -95
19 39 -62
19 43 -42
19 45 -30
19 46 4
19 47 -24
19 48 -1
19 49 -69
20 0 89
20 2 -40
20 3 -3
20 4 36
20 5 -89
20 6 -38
20 7 -39
20 8 -84
20 9 47
20 10 -6
20 12 -76
20 13 32
20 14 -37
20 18 -53
20 20 -1
20 21 -82
20 25 -88
20 26 35
20 29 88
20 30 -45
20 31 12
20 33 56
20 34 -52
20 35 -11
20 37 -8
20 38 -6
20 40 26
20 41 2
20 43 91
20 44 28
20 45 -90
20 46 -22
20 47 -87
20 49 27
21 0 -62
21 3 87
21 4 59
21 5 70
21 6 -1
21 7 17
21 8 5
21 9 71
21 12 47
21 13 -5
21 14 -84
21 19 74
21 20 45
21 24 -78
21 28 73
21 29 73
21 30 31
21 31 -48
21 32 33
21 34 -44
21 35 -64
21 39 38
21 40 27
21 44 74
21 45 -82
21 48 3
21 49 -96
22 0 49
22 1 -87
22 4 -87
22 5 -98
22 6 -21
22 8 -37
22 12 78
22 14 -95
22 15 50
22 17 71
22 18 84
22 19 -10
22 23 -22
22 25 86
22 26 34
22 27 -85
22 29 48
22 31 95
22 32 20
22 36 -56
22 37 -11
22 38 94
22 39 55
22 41 80
22 42 21
22 43 96
22 44 -66
22 45 -99
22 46 32
23 0 -25
23 2 29
23 3 17
23 5 60
23 6 55
23 7 85
23 8 -13
23 9 54
23 10 84
23 11 -8
23 12 44
23 13 -58
23 14 67
23 15 -87
23 16 -29
23 17 -91
23 18 28
23 19 95
23 21 16
23 22 -90
23 23 -32
23 24 16
23 26 15
23 27 -22
23 29 65
23 30 -62
23 31 -97
23 32 -56
23 34 29
23 38 83
23 40 -91
23 43 81
23 44 -9
23 46 -78
23 48 92
23 49 85
24 1 36
24 2 -32
24 3 68
24 4 78
24 5 -84
24 7 8
24 9 71
24 12 82
24 13 34
24 15 5
24 18 -46
24 19 38
24 21 -31
24 24 -86
24 25 -69
24 27 19
24 28 -66
24 30 -25
24 31 -33
24 32 97
24 33 13
24 38 -53
24 40 -65
24 41 -21
24 43 -28
24 47 -47
24 48 23
24 49 46
25 0 -29
25 1 76
25 2 17
25 3 91
25 5 -84
25 6 -38
25 7 -18
25 10 92
25 11 82
25 12 -48
25 13 -25
25 14 83
25 17 69
25 19 8
25 20 -28
25 21 -54
25 22 -43
25 24 -14
25 25 95
25 26 13
25 27 -71
25 28 -95
25 29 -46
25 30 67
25 33 -63
25 35 59
25 40 25
25 42 -12
25 44 37
25 45 72
25 48 8
25 49 83
26 0 -79
26 1 95
26 2 14
26 3 74
26 4 -35
26 6 -32
26 7 74
26 9 37
26 12 12
26 13 -19
26 14 -83
26 16 -51
26 17 39
26 18 10
26 19 54
26 20 33
26 21 26
26 25 90
26 27 -91
26 28 91
26 32 -28
26 33 -83
26 35 51
26 38 75
26 39 22
26 40 10
26 41 -32
26 42 -98
26 45 -69
26 46 38
26 49 18
27 0 -48
27 1 23
27 2 62
27 3 -80
27 4 -48
27 5 -91
27 6 -4
27 8 67
27 9 44
27 10 -6
27 12 -77
27 13 48
27 14 46
27 16 78
27 17 37
27 18 -98
27 20 38
27 23 99
27 24 -73
27 25 47
27 29 42
27 30 -68
27 31 22
27 32 95
27 34 -7
27 37 84
27 38 67
27 39 68
27 40 85
27 42 38
27 43 75
27 44 97
27 47 24
27 48 -17
28 1 -34
28 2 -14
28 4 -35
28 5 17
28 6 38
28 7 16
28 8 -66
28 9 58
28 14 -33
28 15 -59
28 17 -61
28 18 97
28 19 -98
28 20 93
28 21 -22
28 24 18
28 25 20
28 27 -31
28 28 36
28 30 13
28 31 -54
28 32 -98
28 33 -98
28 34 -69
28 35 18
28 37 42
28 38 50
28 42 8
28 43 -71
28 44 -25
28 47 -48
28 48 -53
29 0 -27
29 2 -66
29 3 -84
29 4 34
29 5 -81
29 8 -73
29 10 63
29 11 43
29 16 29
29 18 55
29 19 -99
29 20 75
29 21 100
29 22 -18
29 24 1
29 25 -34
29 26 -37
29 27 -10
29 28 2
29 32 -61
29 34 58
29 35 45
29 36 -75
29 38 18
29 41 -1
29 42 96
29 44 -40
29 45 -66
29 46 -94
29 47 18
29 48 63
29 49 -72
30 1 -13
30 3 82
30 5 31
30 7 -71
30 10 73
30 11 -61
30 13 -41
30 14 -19
30 15 -69
30 16 -11
30 19 -41
30 20 4
30 21 55
30 22 86
30 23 64
30 24 -72
30 25 95
30 26 -68
30 27 -77
30 28 81
30 29 36
30 32 44
30 33 -57
30 35 97
30 36 -54
30 38 100
30 39 73
30 41 -33
30 42 84
30 44 2
30 45 11
30 46 -88
30 47 37
30 48 -94
30 49 16
31 1 -56
31 3 -48
31 4 -46
31 7 77
31 8 4
31 9 95
31 10 89
31 11 -97
31 12 51
31 14 52
31 17 -100
31 19 -59
31 20 -12
31 21 52
31 24 97
31 26 -65
31 27 80
31 28 -25
31 29 5
31 30 79
31 31 51
31 34 5
31 35 37
31 36 -28
31 38 69
31 40 45
31 41 -72
31 42 53
31 43 -85
31 44 77
31 49 -87
32 0 22
32 3 36
32 4 66
32 6 -9
32 7 -34
32 10 -93
32 11 -69
32 12 63
32 13 65
32 14 -46
32 15 96
32 16 -47
32 17 -67
32 18 6
32 19 -35
32 21 79
32 22 -22
32 23 80
32 25 -70
32 27 -90
32 29 69
32 30 -30
32 32 38
32 33 -91
32 34 63
32 36 69
32 38 92
32 39 39
32 40 -68
32 41 -33
32 42 -95
32 44 68
32 46 63
32 47 -4
32 48 -7
32 49 -83
33 0 62
33 1 65
33 2 40
33 5 -6
33 7 -25
33 8 31
33 9 -90
33 10 -14
33 11 56
33 12 -4
33 13 -28
33 15 -47
33 16 -9
33 17 -100
33 18 -30
33 19 -85
33 20 97
33 22 93
33 23 91
33 25 65
33 26 -12
33 29 39
33 30 33
33 31 -90
33 32 -96
33 33 -85
33 35 -12
33 36 -90
33 38 26
33 39 -4
33 41 54
33 42 83
33 43 -12
33 44 -80
33 46 29
33 48 96
34 2 81
34 3 99
34 4 -13
34 5 -51
34 8 -60
34 9 -13
34 11 -65
34 13 55
34 14 -53
34 15 20
34 16 -19
34 19 63
34 20 53
34 21 -61
34 22 -16
34 23 -64
34 24 63
34 25 60
34 29 5
34 30 16
34 31 -47
34 32 -15
34 33 2
34 36 -55
34 37 37
34 38 6
34 39 37
34 40 -73
34 42 -56
34 43 77
34 47 -35
34 48 -30
34 49 37
35 0 31
35 1 62
35 2 67
35 3 -36
35 4 -28
35 6 -78
35 7 -16
35 8 37
35 9 -19
35 10 -71
35 12 -74
35 13 35
35 14 -23
35 15 -52
35 16 10
35 17 -41
35 19 -26
35 20 18
35 21 -40
35 23 -95
35 24 84
35 25 59
35 26 -41
35 29 82
35 31 -66
35 33 -54
35 34 90
35 36 48
35 37 89
35 38 -54
35 41 99
35 42 10
35 43 83
35 44 -70
35 45 -75
35 46 87
36 0 4
36 3 82
36 4 32
36 6 51
36 7 -71
36 8 -69
36 9 -83
36 10 -42
36 12 -73
36 13 -5
36 14 -8
36 15 100
36 16 77
36 17 94
36 19 61
36 20 13
36 21 61
36 22 48
36 24 -58
36 26 -52
36 27 -19
36 29 90
36 30 48
36 31 -58
36 33 35
36 35 -63
36 38 76
36 39 -10
36 40 -25
36 43 17
36 44 -95
36 45 61
36 47 -84
37 0 38
37 2 22
37 5 49
37 7 -95
37 9 17
37 10 -44
37 12 -60
37 13 69
37 14 40
37 16 33
37 17 53
37 18 -48
37 19 -45
37 22 80
37 23 34
37 25 78
37 27 40
37 29 4
37 30 -11
37 31 -92
37 32 -54
37 33 -28
37 34 -88
37 35 78
37 36 -46
37 37 -45
37 39 99
37 40 4
37 41 -48
37 42 85
37 43 78
37 44 43
37 45 9
37 46 58
37 47 -87
37 48 -83
38 0 -95
38 1 -58
38 3 74
38 5 19
38 6 -79
38 7 -63
38 10 -66
38 11 -80
38 13 -87
38 14 -42
38 15 -17
38 16 63
38 17 9
38 18 43
38 19 18
38 20 14
38 22 -31
38 23 24
38 24 45
38 25 25
38 26 22
38 27 -8
38 30 82
38 31 -54
38 32 -83
38 33 39
38 34 86
38 37 -75
38 38 25
38 40 -23
38 41 -67
38 43 10
38 44 -10
38 45 -16
38 46 -18
38 47 63
39 0 2
39 1 -66
39 2 -70
39 5 -73
39 6 66
39 7 57
39 10 68
39 13 15
39 14 -39
39 16 48
39 17 24
39 18 -47
39 19 -63
39 20 56
39 21 83
39 22 -43
39 24 42
39 27 -15
39 28 75
39 29 52
39 30 16
39 31 -58
39 32 84
39 33 7
39 34 13
39 36 -83
39 38 -44
39 39 -87
39 43 65
39 44 -69
39 47 -72
39 49 -29
40 0 26
40 1 81
40 2 -73
40 7 -46
40 9 69
40 11 89
40 16 86
40 17 77
40 18 56
40 20 -52
40 22 14
40 25 61
40 28 40
40 29 57
40 30 -35
40 31 82
40 32 -63
40 34 95
40 35 -26
40 37 -49
40 38 26
40 39 25
40 40 76
40 42 -38
40 44 14
40 45 -91
40 47 -74
41 2 -24
41 4 -9
41 6 -72
41 8 93
41 9 -44
41 10 100
41 11 76
41 14 80
41 15 35
41 16 -57
41 17 78
41 18 96
41 19 -22
41 23 67
41 24 57
41 26 58
41 29 47
41 30 -1
41 31 15
41 33 -51
41 34 70
41 35 -30
41 37 -55
41 38 -5
41 39 22
41 41 68
41 42 96
41 43 60
41 44 -29
41 45 -74
41 46 88
41 47 100
41 48 -91
41 49 93
42 1 -95
42 2 28
42 5 79
42 6 66
42 9 -72
42 11 -97
42 12 24
42 14 -77
42 15 -23
42 16 -53
42 19 -59
42 20 -45
42 23 -100
42 26 -21
42 28 -81
42 29 -16
42 30 25
42 32 -84
42 34 -22
42 37 92
42 41 -35
42 43 96
42 45 -68
42 46 29
42 47 -96
42 48 -77
42 49 -76
43 1 63
43 2 -100
43 3 72
43 4 -13
43 5 -59
43 6 75
43 7 64
43 8 4
43 9 38
43 10 13
43 11 88
43 12 96
43 13 -60
43 15 -77
43 17 16
43 19 1
43 23 -10
43 26 63
43 27 42
43 28 -77
43 29 -12
43 35 75
43 36 -63
43 40 90
43 41 40
43 42 57
43 43 -43
43 44 -3
43 45 -47
43 46 87
43 47 74
43 48 -5
43 49 -69
44 3 -11
44 5 -19
44 6 52
44 7 1
44 8 -36
44 9 40
44 11 -29
44 12 -29
44 13 -12
44 15 84
44 16 -75
44 19 97
44 20 94
44 21 -5
44 22 65
44 26 -94
44 27 -27
44 29 74
44 30 -14
44 32 36
44 33 35
44 34 22
44 35 69
44 36 66
44 37 4
44 38 75
44 39 63
44 40 86
44 42 50
44 43 83
44 44 78
44 46 -93
44 48 -99
44 49 -59
45 0 84
45 1 -10
45 2 -28
45 3 -59
45 4 91
45 7 22
45 8 10
45 10 67
45 13 -40
45 14 -89
45 15 86
45 16 -41
45 18 -51
45 19 -71
45 21 34
45 22 94
45 23 -60
45 24 36
45 26 65
45 27 -73
45 28 76
45 29 -26
45 30 42
45 32 -69
45 33 70
45 34 -85
45 35 82
45 36 68
45 37 -70
45 38 38
45 39 7
45 41 -52
45 44 -66
45 45 77
45 46 -77
45 48 83
46 0 88
46 1 -30
46 2 53
46 4 -31
46 5 15
46 7 -32
46 9 72
46 12 72
46 14 33
46 15 -18
46 18 60
46 19 -31
46 21 9
46 23 -33
46 24 81
46 26 40
46 27 -94
46 28 -72
46 29 32
46 30 53
46 31 -9
46 32 5
46 35 -76
46 36 98
46 39 90
46 41 -5
46 42 69
46 44 -60
46 45 -66
46 46 -39
46 47 58
46 49 -59
47 0 -76
47 1 79
47 4 -56
47 5 -12
47 7 41
47 8 93
47 10 80
47 14 -51
47 15 7
47 16 -66
47 18 100
47 19 -36
47 20 -69
47 21 33
47 22 66
47 23 -12
47 24 28
47 25 99
47 26 58
47 28 -63
47 30 78
47 32 -80
47 36 -62
47 37 56
47 38 -59
47 39 -19
47 40 -35
47 41 -39
47 42 -14
47 43 -79
47 44 -6
47 45 49
47 48 -78
47 49 41
48 0 -30
48 1 100
48 2 -99
48 3 -42
48 5 85
48 7 -6
48 11 67
48 12 100
48 14 -7
48 15 -4
48 18 -96
48 20 41
48 21 2
48 22 50
48 23 -15
48 24 -83
48 25 90
48 26 -10
48 29 -35
48 31 98
48 32 34
48 33 98
48 34 -96
48 36 -46
48 38 38
48 39 81
48 40 16
48 42 -75
48 44 97
48 45 26
48 46 93
48 48 64
49 0 -8
49 1 -78
49 2 -99
49 3 -42
49 4 -26
49 6 11
49 8 -1
49 10 -16
49 14 76
49 16 -72
49 17 67
49 20 -44
49 21 -26
49 22 98
49 23 -84
49 24 -91
49 25 -56
49 26 -96
49 27 -63
49 28 95
49 33 -30
49 34 25
49 36 80
49 37 26
49 38 68
49 40 -46
49 41 20
49 42 -78
49 43 82
49 46 68
49 47 30
49 49 -38