0 1 -79
0 2 19
0 4 16
0 5 -71
0 7 -4
0 8 -44
0 11 38
0 13 64
0 15 41
0 17 80
0 18 56
0 20 -71
0 21 -19
0 25 -24
0 26 7
0 28 -74
0 29 -63
0 31 9
0 32 -7
0 34 14
0 38 50
0 40 -74
0 41 11
0 43 -96
0 44 -34
0 45 45
0 46 93
0 48 64
0 49 -69
0 52 80
0 55 -73
0 56 89
0 59 61
0 60 95
0 61 -12
0 62 -70
0 63 41
0 65 44
0 67 -54
0 68 -16
0 69 -63
0 70 -35
0 71 -46
0 72 -69
0 73 66
0 74 -65
0 76 -91
0 79 48
0 80 84
0 81 81
0 83 -72
0 84 97
0 85 93
0 87 18
0 88 53
0 92 -97
0 94 -5
0 95 1
0 96 75
0 97 90
0 98 -64
0 99 -91
1 1 5
1 3 95
1 4 -1
1 6 55
1 7 -70
1 9 19
1 10 32
1 11 78
1 12 62
1 14 -71
1 15 -13
1 16 53
1 17 -99
1 18 74
1 19 88
1 20 -49
1 21 72
1 22 91
1 23 -51
1 24 74
1 27 98
1 28 -9
1 29 -51
1 30 -96
1 31 -89
1 32 -22
1 33 -54
1 34 56
1 35 28
1 36 32
1 37 -99
1 40 82
1 43 48
1 44 99
1 45 -48
1 46 -16
1 47 88
1 49 19
1 50 -50
1 51 15
1 52 8
1 53 -31
1 54 -3
1 55 -69
1 56 -8
1 57 -82
1 58 19
1 59 -29
1 61 32
1 62 -5
1 63 37
1 64 -60
1 65 74
1 66 -23
1 69 89
1 72 77
1 74 -72
1 75 -88
1 76 -64
1 77 99
1 78 -53
1 80 -91
1 81 2
1 82 -33
1 85 98
1 87 71
1 90 50
1 94 63
1 95 -59
1 96 62
1 97 77
1 98 -38
2 0 -40
2 1 -97
2 3 66
2 8 -76
2 11 -91
2 12 72
2 14 51
2 15 90
2 16 58
2 17 84
2 18 -29
2 21 33
2 22 -33
2 23 9
2 24 -61
2 25 -4
2 26 -55
2 28 -69
2 29 90
2 30 55
2 31 70
2 33 -8
2 35 -99
2 36 -51
2 38 40
2 39 67
2 40 30
2 43 41
2 44 -55
2 45 89
2 46 2
2 47 -51
2 48 -15
2 50 59
2 52 55
2 53 -69
2 54 -9
2 55 -98
2 57 64
2 60 88
2 61 31
2 62 -47
2 64 -58
2 65 69
2 67 -20
2 68 -71
2 69 60
2 70 -16
2 71 76
2 72 -1
2 73 -59
2 74 -93
2 75 98
2 76 98
2 77 -66
2 78 -17
2 79 46
2 80 72
2 81 -76
2 82 15
2 85 -34
2 86 -81
2 88 -16
2 89 19
2 91 81
2 96 -78
2 97 -58
2 99 72
3 0 9
3 1 -60
3 4 -19
3 6 -27
3 8 36
3 9 -96
3 10 57
3 12 -40
3 13 -92
3 14 -92
3 15 -19
3 17 42
3 19 -100
3 22 -100
3 24 78
3 25 -44
3 27 94
3 28 -31
3 30 38
3 32 -95
3 33 -66
3 37 -90
3 38 58
3 39 53
3 40 -98
3 41 83
3 42 -40
3 43 -65
3 45 -53
3 46 60
3 48 11
3 49 100
3 52 66
3 54 -97
3 55 17
3 57 -41
3 58 25
3 59 12
3 60 8
3 61 -39
3 62 -34
3 63 77
3 64 -82
3 65 -54
3 66 4
3 67 53
3 68 -85
3 70 59
3 74 54
3 75 -89
3 76 -28
3 79 -35
3 80 23
3 81 -91
3 84 -92
3 87 -41
3 91 80
3 92 -28
3 93 -75
3 94 -95
3 96 -28
3 97 34
3 98 1
3 99 -76
4 0 39
4 2 79
4 3 -64
4 4 79
4 5 70
4 6 -70
4 7 27
4 8 -11
4 9 -46
4 10 7
4 14 99
4 16 75
4 17 77
4 18 2
4 19 -79
4 21 78
4 22 -82
4 23 -21
4 25 -15
4 27 -27
4 29 -81
4 30 78
4 34 40
4 35 -21
4 37 81
4 38 -39
4 40 52
4 41 -95
4 43 -19
4 44 -71
4 47 -32
4 50 -4
4 51 -18
4 52 67
4 58 -27
4 59 51
4 60 -48
4 62 26
4 63 -58
4 64 77
4 65 -40
4 66 -46
4 67 81
4 68 -63
4 69 -83
4 70 -55
4 71 -66
4 72 34
4 73 -50
4 74 20
4 75 -59
4 76 91
4 77 57
4 79 -20
4 83 -46
4 84 -11
4 86 17
4 87 -39
4 88 -68
4 89 -67
4 90 6
4 91 55
4 93 41
4 96 -32
4 98 92
4 99 4
5 1 44
5 3 29
5 4 61
5 5 77
5 6 23
5 7 -9
5 10 -80
5 11 -4
5 15 -57
5 18 46
5 19 -12
5 21 -96
5 22 -41
5 23 -3
5 24 79
5 25 16
5 26 -17
5 27 -36
5 29 -97
5 30 63
5 31 39
5 32 -62
5 33 76
5 34 -9
5 36 -63
5 37 -6
5 38 39
5 39 -46
5 40 23
5 41 84
5 42 62
5 43 -74
5 46 71
5 47 57
5 48 55
5 50 86
5 51 5
5 52 -23
5 54 5
5 55 44
5 57 -70
5 58 27
5 59 95
5 61 45
5 62 12
5 63 -57
5 66 -75
5 68 -10
5 70 60
5 71 -35
5 72 42
5 73 -45
5 75 -1
5 76 -35
5 77 84
5 79 -4
5 80 100
5 82 77
5 83 57
5 86 -37
5 87 50
5 88 24
5 90 46
5 95 48
5 97 -88
5 98 -57
5 99 -80
6 6 -27
6 8 -83
6 13 17
6 14 36
6 16 99
6 17 -67
6 18 75
6 20 11
6 21 -87
6 24 25
6 25 41
6 26 -29
6 28 -96
6 30 -93
6 31 1
6 33 -3
6 34 66
6 36 -70
6 38 40
6 40 -12
6 41 40
6 42 73
6 43 11
6 44 -65
6 45 93
6 46 60
6 48 76
6 49 87
6 52 -18
6 53 -67
6 54 93
6 56 -46
6 58 3
6 59 -29
6 60 41
6 61 -68
6 62 10
6 63 53
6 66 76
6 67 -70
6 68 34
6 69 -41
6 70 65
6 73 30
6 74 -18
6 77 94
6 80 -53
6 83 -58
6 84 48
6 86 47
6 87 26
6 88 67
6 93 98
6 94 -96
6 96 70
6 99 69
7 0 -15
7 1 58
7 3 32
7 4 -69
7 5 34
7 6 25
7 9 43
7 10 -57
7 11 -15
7 12 -55
7 13 3
7 14 96
7 15 -18
7 16 -80
7 17 -77
7 18 -73
7 19 -56
7 20 100
7 21 79
7 22 45
7 24 -41
7 25 -74
7 26 27
7 27 95
7 28 -75
7 29 -2
7 30 3
7 31 -28
7 32 -19
7 34 -71
7 35 -62
7 39 -89
7 40 -19
7 41 -1
7 43 79
7 45 11
7 46 -93
7 47 42
7 48 -58
7 49 75
7 53 93
7 55 59
7 56 95
7 57 -43
7 58 79
7 59 51
7 60 15
7 61 1
7 63 -1
7 64 3
7 65 6
7 67 51
7 68 36
7 69 70
7 70 69
7 71 -87
7 72 63
7 74 -17
7 75 56
7 76 -57
7 77 39
7 78 -23
7 80 -1
7 82 -66
7 86 -94
7 87 -16
7 88 -12
7 89 43
7 90 -51
7 91 -59
7 92 91
7 93 -72
7 94 -84
7 95 77
7 96 39
7 97 23
7 99 11
8 0 2
8 1 81
8 2 -37
8 3 57
8 4 46
8 5 41
8 6 76
8 7 -77
8 8 13
8 9 -27
8 11 -44
8 12 -75
8 13 25
8 14 54
8 16 80
8 17 -86
8 18 25
8 20 -19
8 24 -29
8 26 100
8 28 23
8 29 65
8 30 41
8 31 -87
8 33 -56
8 34 7
8 35 80
8 36 -3
8 37 -55
8 38 3
8 40 -46
8 41 -61
8 42 -55
8 43 47
8 44 -50
8 48 9
8 50 -77
8 51 31
8 52 57
8 53 54
8 54 -5
8 55 97
8 56 -47
8 57 1
8 58 -15
8 60 88
8 61 -47
8 62 -91
8 64 -9
8 67 -66
8 68 80
8 69 -40
8 70 -74
8 73 -3
8 75 -23
8 76 -79
8 78 -37
8 79 66
8 80 -30
8 82 -54
8 83 32
8 85 58
8 87 18
8 88 -98
8 89 -19
8 90 83
8 91 86
8 93 76
8 94 94
8 95 20
8 97 -63
8 98 67
8 99 55
9 0 -32
9 1 -35
9 2 69
9 3 31
9 4 70
9 6 -35
9 8 8
9 9 -72
9 10 71
9 11 -8
9 12 18
9 13 -71
9 14 -41
9 15 -46
9 17 -82
9 18 -47
9 20 82
9 22 -58
9 23 46
9 24 -16
9 25 -88
9 26 54
9 27 -38
9 28 -36
9 30 -45
9 31 -54
9 32 53
9 33 -31
9 35 -88
9 36 9
9 37 -93
9 38 75
9 39 -46
9 40 -3
9 42 34
9 43 -55
9 44 14
9 45 -41
9 47 -46
9 48 69
9 49 61
9 50 -60
9 51 -1
9 52 -50
9 53 -80
9 54 -68
9 58 37
9 59 63
9 61 30
9 63 -51
9 64 -4
9 66 -40
9 67 72
9 68 47
9 70 -28
9 71 -8
9 73 85
9 75 75
9 77 -73
9 79 -1
9 80 -52
9 81 8
9 82 58
9 83 -90
9 84 24
9 86 -10
9 88 -14
9 89 -84
9 90 -3
9 91 56
9 93 -62
9 94 74
9 96 58
9 97 30
9 98 53
10 0 20
10 1 -64
10 4 81
10 6 -14
10 8 -40
10 10 -81
10 12 76
10 13 -35
10 14 -73
10 16 95
10 17 41
10 19 -12
10 21 -77
10 23 13
10 24 19
10 25 -72
10 27 -83
10 28 84
10 29 -85
10 32 92
10 33 47
10 35 81
10 36 -8
10 37 -10
10 39 -76
10 40 -11
10 41 -53
10 42 23
10 43 16
10 44 45
10 45 -30
10 46 18
10 47 73
10 48 -83
10 49 -96
10 51 -67
10 52 -59
10 53 -69
10 55 -57
10 56 -55
10 57 75
10 58 -33
10 61 33
10 62 59
10 63 57
10 65 95
10 66 13
10 67 22
10 68 -19
10 69 -71
10 70 79
10 71 -57
10 72 13
10 73 84
10 74 83
10 77 -3
10 79 -74
10 80 -82
10 81 -95
10 83 -64
10 84 -19
10 85 -59
10 87 12
10 90 -33
10 92 14
10 94 3
10 96 -65
10 97 78
10 98 40
10 99 71
11 0 -25
11 1 -20
11 3 -75
11 4 -84
11 6 -33
11 8 58
11 9 -21
11 10 71
11 11 16
11 12 91
11 13 -100
11 14 9
11 15 79
11 17 55
11 18 87
11 21 58
11 22 -3
11 25 22
11 26 -61
11 27 -90
11 28 45
11 31 73
11 33 91
11 34 77
11 35 -62
11 36 29
11 37 -64
11 41 73
11 42 10
11 44 -28
11 45 100
11 46 -70
11 47 85
11 48 -18
11 49 65
11 50 34
11 52 -90
11 53 -26
11 55 68
11 57 42
11 58 34
11 60 61
11 62 52
11 63 -60
11 64 -85
11 65 -41
11 66 31
11 67 60
11 68 -80
11 69 -100
11 70 -23
11 71 -94
11 72 32
11 73 -9
11 74 -44
11 75 -10
11 76 28
11 77 12
11 78 59
11 79 -36
11 80 62
11 81 47
11 82 -4
11 84 -70
11 86 -95
11 87 -15
11 88 -93
11 89 79
11 90 -73
11 92 20
11 93 85
11 95 -83
11 97 77
11 98 17
12 0 -89
12 1 15
12 2 -22
12 3 -90
12 4 51
12 6 -30
12 10 15
12 11 -47
12 12 -5
12 13 -76
12 14 42
12 15 -86
12 17 13
12 18 18
12 19 -78
12 20 32
12 25 -10
12 27 62
12 28 -42
12 29 35
12 30 4
12 32 -64
12 34 -16
12 36 31
12 37 -48
12 39 69
12 40 48
12 41 41
12 42 -11
12 44 -3
12 46 -27
12 47 -16
12 48 89
12 49 -25
12 50 69
12 51 22
12 52 -47
12 56 -55
12 58 80
12 61 7
12 63 59
12 64 55
12 65 -40
12 66 42
12 67 95
12 68 -54
12 69 4
12 70 12
12 71 24
12 72 37
12 74 -6
12 76 57
12 79 -86
12 81 18
12 82 -15
12 83 -61
12 84 -67
12 86 -59
12 87 14
12 88 -40
12 89 -79
12 90 46
12 91 -96
12 93 26
12 94 -46
12 96 55
12 97 -68
12 98 62
12 99 7
13 1 92
13 2 -82
13 3 -83
13 7 -70
13 8 -36
13 9 -49
13 10 -22
13 11 -41
13 13 2
13 14 5
13 15 -59
13 16 -49
13 17 36
13 18 38
13 20 -21
13 21 -60
13 22 -91
13 23 68
13 26 -24
13 28 -8
13 29 -9
13 30 -15
13 31 19
13 32 -77
13 33 81
13 35 -61
13 36 99
13 37 -60
13 38 -45
13 39 -3
13 40 36
13 41 68
13 43 33
13 44 62
13 45 88
13 47 -43
13 48 88
13 50 51
13 53 45
13 55 -50
13 56 87
13 57 -48
13 58 72
13 59 14
13 60 8
13 61 10
13 63 86
13 65 21
13 66 31
13 68 99
13 69 -42
13 70 62
13 71 14
13 72 -15
13 74 -64
13 77 -23
13 80 -24
13 81 42
13 83 -41
13 85 54
13 86 -56
13 88 -68
13 91 -69
13 92 -59
13 93 28
13 94 17
13 95 -40
13 98 -13
13 99 17
14 0 -75
14 1 98
14 4 51
14 5 -99
14 6 -52
14 7 92
14 12 28
14 13 12
14 18 38
14 19 -53
14 21 70
14 23 -26
14 24 -14
14 25 12
14 26 -63
14 29 -55
14 30 -92
14 31 25
14 32 69
14 33 -72
14 34 -86
14 35 -25
14 37 94
14 39 -13
14 40 59
14 41 52
14 42 -56
14 43 -53
14 44 32
14 46 11
14 48 -60
14 50 19
14 51 62
14 53 -20
14 55 81
14 57 -40
14 61 -72
14 62 84
14 63 35
14 66 -52
14 69 -91
14 70 -20
14 71 48
14 72 -61
14 73 69
14 75 -61
14 76 -41
14 77 -71
14 79 74
14 80 35
14 81 -22
14 83 59
14 84 69
14 86 -82
14 87 -15
14 88 22
14 89 -2
14 90 -48
14 91 -73
14 93 -12
14 94 -18
14 95 -87
14 96 -83
14 97 63
15 0 45
15 3 -84
15 4 32
15 7 -74
15 8 95
15 10 84
15 15 65
15 16 55
15 17 36
15 18 -96
15 19 -63
15 20 -84
15 22 16
15 24 12
15 25 72
15 26 71
15 27 41
15 28 -79
15 31 -24
15 32 -78
15 34 -55
15 35 91
15 37 -9
15 38 -73
15 40 -20
15 41 14
15 42 19
15 43 -56
15 44 -58
15 46 51
15 47 52
15 49 75
15 50 -35
15 51 44
15 52 19
15 54 87
15 56 -14
15 57 22
15 60 -52
15 61 -20
15 64 -100
15 65 -21
15 66 -85
15 67 -2
15 70 56
15 71 -5
15 72 -46
15 73 32
15 74 -12
15 75 -57
15 76 -99
15 77 -30
15 78 16
15 80 57
15 83 89
15 84 67
15 85 39
15 90 -75
15 91 13
15 93 -43
15 94 -49
15 95 55
15 99 -84
16 0 95
16 2 55
16 5 60
16 6 -97
16 7 40
16 8 49
16 10 92
16 11 -97
16 12 51
16 13 -78
16 14 3
16 15 -58
16 17 -38
16 19 15
16 21 -65
16 22 70
16 23 -85
16 24 -70
16 25 76
16 26 -81
16 27 -71
16 28 -83
16 29 29
16 31 71
16 33 -28
16 34 20
16 35 -100
16 36 6
16 37 9
16 40 80
16 41 6
16 43 -99
16 44 -1
16 45 93
16 46 44
16 47 -70
16 48 100
16 50 -10
16 51 49
16 52 -100
16 53 -43
16 55 -76
16 56 -91
16 60 23
16 63 80
16 67 -17
16 70 -66
16 71 -82
16 72 57
16 74 -66
16 75 54
16 76 -92
16 78 -17
16 79 -47
16 80 -34
16 81 -62
16 82 7
16 83 -97
16 85 -9
16 86 66
16 87 17
16 90 66
16 91 -77
16 92 82
16 95 49
16 97 -36
16 98 78
16 99 -45
17 1 -81
17 2 -13
17 4 -17
17 5 -38
17 6 -80
17 7 -92
17 8 -10
17 9 -73
17 10 56
17 17 -8
17 18 33
17 19 -24
17 20 77
17 22 94
17 24 -88
17 25 -13
17 28 94
17 29 -88
17 30 95
17 32 -35
17 33 88
17 34 24
17 35 99
17 36 -57
17 38 -89
17 39 -73
17 40 56
17 41 -88
17 42 -56
17 44 -56
17 45 63
17 49 75
17 51 -41
17 52 -96
17 54 97
17 55 -47
17 58 26
17 60 -19
17 61 -39
17 63 11
17 64 -25
17 67 -37
17 68 80
17 70 82
17 76 44
17 77 -57
17 80 -84
17 81 70
17 82 -69
17 85 35
17 86 -14
17 87 39
17 88 -51
17 89 26
17 90 -6
17 91 18
17 94 -2
17 96 59
17 98 -97
18 1 -47
18 2 6
18 3 16
18 5 -97
18 9 -57
18 10 -82
18 11 -63
18 12 49
18 14 -60
18 17 -22
18 18 -60
18 19 -39
18 20 -81
18 22 -76
18 24 -62
18 26 59
18 27 9
18 28 -96
18 29 -25
18 30 -70
18 31 50
18 32 -8
18 35 60
18 37 -58
18 38 -81
18 39 30
18 42 -1
18 44 8
18 45 59
18 46 -100
18 50 68
18 51 68
18 52 80
18 54 -86
18 55 -12
18 61 70
18 62 -40
18 64 -62
18 66 48
18 67 8
18 70 -50
18 71 -49
18 73 -10
18 75 -1
18 76 -100
18 77 29
18 79 -73
18 81 67
18 83 -22
18 85 85
18 86 14
18 87 78
18 89 -95
18 90 83
18 91 -76
18 92 -10
18 93 -17
18 94 93
18 95 -49
18 96 22
18 97 -49
18 98 36
18 99 42
19 0 82
19 1 -38
19 2 -1
19 3 92
19 4 -54
19 5 -42
19 6 21
19 7 -17
19 8 85
19 9 -86
19 10 10
19 11 -58
19 13 78
19 14 -91
19 15 -34
19 16 -99
19 17 79
19 19 40
19 21 47
19 22 71
19 24 94
19 25 20
19 26 -63
19 27 -22
19 30 36
19 31 -29
19 33 74
19 34 71
19 35 26
19 36 70
19 37 -25
19 39 -58
19 41 20
19 42 87
19 45 -18
19 46 -88
19 47 25
19 49 -94
19 53 -55
19 54 92
19 55 -97
19 56 -10
19 58 -75
19 60 53
19 61 -85
19 62 59
19 64 -30
19 65 78
19 66 13
19 67 -31
19 68 7
19 69 95
19 70 41
19 71 -27
19 72 28
19 75 7
19 76 -36
19 77 -84
19 79 16
19 80 -61
19 81 43
19 82 -19
19 83 9
19 84 2
19 85 22
19 86 -82
19 87 -71
19 88 -80
19 89 -90
19 91 32
19 92 51
19 93 -46
19 95 75
19 96 -24
19 98 -8
20 0 84
20 1 -53
20 2 -13
20 4 -98
20 5 -49
20 6 98
20 7 -81
20 8 48
20 9 -20
20 10 -26
20 11 -88
20 12 21
20 13 -85
20 14 -18
20 16 38
20 17 -97
20 18 -20
20 19 39
20 20 -75
20 21 -58
20 22 4
20 23 12
20 24 -10
20 25 53
20 26 -27
20 27 -62
20 28 -82
20 30 23
20 31 -12
20 32 -4
20 33 -3
20 34 9
20 36 9
20 39 66
20 40 -100
20 42 34
20 44 10
20 47 -45
20 49 26
20 50 -90
20 52 86
20 54 -77
20 55 -55
20 56 70
20 58 -7
20 60 91
20 61 -53
20 62 63
20 64 78
20 65 -21
20 70 78
20 72 -54
20 73 -53
20 76 -80
20 77 31
20 78 86
20 79 -75
20 80 48
20 84 51
20 85 -99
20 87 68
20 88 -10
20 91 -18
20 92 -90
20 93 -49
20 96 12
20 97 -20
21 1 4
21 2 36
21 4 -11
21 5 69
21 8 36
21 10 -56
21 11 66
21 14 -33
21 16 5
21 17 -69
21 18 -30
21 23 -44
21 24 85
21 25 86
21 27 -62
21 28 -53
21 30 35
21 31 20
21 32 36
21 34 98
21 35 88
21 36 53
21 37 -60
21 38 23
21 45 77
21 51 -55
21 52 -66
21 53 -20
21 54 -56
21 55 -73
21 57 17
21 58 42
21 60 -4
21 61 -99
21 62 2
21 64 39
21 67 -27
21 70 -27
21 72 81
21 73 -27
21 74 33
21 75 56
21 76 -34
21 77 -97
21 78 30
21 80 92
21 82 8
21 83 58
21 84 -24
21 85 -8
21 86 -15
21 87 8
21 89 81
21 93 36
21 94 30
21 95 -43
21 96 -74
21 98 72
22 0 17
22 2 22
22 4 -11
22 5 36
22 7 -94
22 8 -80
22 9 -64
22 10 29
22 11 -75
22 12 -39
22 13 6
22 15 4
22 16 -67
22 17 -66
22 18 94
22 19 -16
22 20 -14
22 21 -18
22 22 96
22 24 69
22 26 -22
22 27 100
22 29 -12
22 30 -100
22 32 -49
22 33 -67
22 34 -70
22 35 -75
22 36 -3
22 37 -85
22 38 -25
22 39 71
22 40 -82
22 42 49
22 43 58
22 44 -20
22 48 -28
22 49 -88
22 50 -72
22 54 -95
22 55 66
22 56 -13
22 58 85
22 60 69
22 61 -21
22 62 -78
22 63 -25
22 64 51
22 65 32
22 66 42
22 68 97
22 71 21
22 73 -31
22 74 63
22 75 -50
22 76 4
22 77 -50
22 78 33
22 79 23
22 81 -5
22 82 -59
22 83 97
22 85 -11
22 89 -75
22 93 -14
22 94 5
22 96 -88
22 98 -21
23 0 55
23 3 82
23 4 -10
23 5 17
23 7 55
23 8 -78
23 9 41
23 10 -17
23 11 73
23 12 -94
23 13 -84
23 14 8
23 15 -6
23 16 79
23 18 -95
23 19 45
23 20 -60
23 21 87
23 23 -39
23 25 -32
23 26 1
23 27 26
23 29 -10
23 30 -36
23 31 84
23 32 -38
23 34 57
23 35 44
23 36 97
23 37 -19
23 38 -84
23 39 98
23 40 76
23 41 34
23 42 66
23 45 81
23 47 81
23 48 -94
23 49 59
23 50 15
23 52 13
23 53 27
23 54 -65
23 56 -71
23 58 -49
23 60 53
23 61 -78
23 63 -19
23 64 2
23 65 -13
23 66 -20
23 68 -8
23 69 -56
23 70 49
23 71 -50
23 72 -88
23 75 -38
23 76 76
23 77 -72
23 78 -86
23 79 94
23 80 -17
23 81 62
23 82 91
23 83 73
23 84 56
23 86 -47
23 88 29
23 89 -87
23 90 -80
23 91 -11
23 92 -39
23 93 42
23 96 32
23 97 20
23 98 61
23 99 -91
24 0 19
24 3 32
24 4 -9
24 6 -12
24 7 -55
24 8 -89
24 10 -24
24 11 -74
24 12 -70
24 14 -57
24 17 94
24 18 88
24 21 39
24 23 -58
24 24 73
24 26 83
24 27 93
24 28 68
24 29 -24
24 30 89
24 31 -54
24 32 -13
24 33 61
24 34 -76
24 35 11
24 36 64
24 37 71
24 38 1
24 39 -10
24 40 14
24 41 8
24 42 94
24 43 -91
24 45 -38
24 46 -29
24 47 67
24 48 57
24 49 41
24 50 -12
24 51 -81
24 54 16
24 55 44
24 56 1
24 57 -6
24 58 -28
24 59 99
24 60 20
24 62 -67
24 63 9
24 64 -75
24 66 -25
24 68 -93
24 69 -16
24 70 25
24 72 -12
24 73 90
24 75 15
24 76 83
24 77 89
24 78 -7
24 79 84
24 81 95
24 82 -32
24 83 -24
24 84 -21
24 85 75
24 89 72
24 90 -35
24 91 -11
24 94 -39
24 96 -38
24 99 57
25 0 -93
25 1 -67
25 2 -93
25 3 85
25 5 69
25 6 -5
25 8 -36
25 9 -23
25 10 -9
25 12 -58
25 14 26
25 15 -43
25 17 -47
25 20 42
25 21 3
25 23 99
25 25 49
25 26 -58
25 27 -41
25 29 -23
25 30 53
25 31 -44
25 32 35
25 33 -4
25 34 46
25 35 86
25 36 -17
25 37 8
25 39 75
25 43 52
25 44 19
25 45 37
25 47 -29
25 51 -92
25 52 -57
25 53 -46
25 54 53
25 56 -76
25 58 -9
25 59 52
25 61 8
25 62 -39
25 63 -56
25 64 -63
25 65 -60
25 66 10
25 67 44
25 68 -84
25 70 86
25 76 -98
25 78 -45
25 80 -76
25 81 28
25 82 -56
25 83 9
25 84 -53
25 85 -62
25 86 -61
25 87 72
25 91 -58
25 92 -16
25 93 -72
25 95 -86
25 96 -70
25 97 49
26 0 -15
26 2 86
26 3 -11
26 4 -22
26 5 -64
26 6 56
26 7 -24
26 8 -11
26 10 -29
26 11 -89
26 12 -36
26 13 14
26 15 -66
26 17 28
26 18 -65
26 19 54
26 20 3
26 23 75
26 24 18
26 25 67
26 26 54
26 28 36
26 29 -73
26 30 18
26 31 54
26 33 46
26 35 -20
26 37 -31
26 38 -94
26 39 -75
26 41 -64
26 42 65
26 43 65
26 44 -65
26 45 -94
26 46 44
26 47 61
26 49 -38
26 52 -46
26 54 84
26 57 -30
26 58 60
26 59 94
26 62 5
26 65 -94
26 67 -69
26 68 -87
26 69 -21
26 70 -78
26 71 88
26 73 15
26 74 88
26 75 42
26 76 60
26 80 -58
26 82 37
26 83 -39
26 84 -54
26 85 -8
26 86 100
26 88 -78
26 90 -5
26 91 25
26 92 -54
26 94 -12
26 95 14
26 97 -49
26 98 -59
26 99 -3
27 0 25
27 2 -31
27 3 -72
27 4 81
27 6 -9
27 7 70
27 8 -55
27 10 74
27 11 57
27 15 -51
27 16 -3
27 17 91
27 18 40
27 19 30
27 22 -58
27 24 96
27 25 -13
27 27 76
27 28 -62
27 30 -3
27 31 -84
27 32 -26
27 33 -85
27 34 -92
27 36 -57
27 37 5
27 38 52
27 39 -35
27 42 -97
27 43 -83
27 44 -7
27 45 12
27 46 -2
27 48 48
27 49 -89
27 50 -4
27 51 49
27 52 -3
27 53 -58
27 54 40
27 56 -93
27 57 81
27 59 -96
27 60 86
27 61 -94
27 62 -34
27 64 -82
27 65 27
27 66 85
27 67 48
27 68 71
27 70 14
27 72 6
27 74 -97
27 76 7
27 78 -61
27 80 27
27 82 -100
27 83 -34
27 84 46
27 86 -91
27 87 -63
27 88 98
27 91 -67
27 94 -34
27 95 -37
27 96 71
27 97 -34
28 0 -76
28 1 -7
28 2 -43
28 3 27
28 4 -16
28 5 -52
28 7 56
28 8 12
28 12 14
28 13 -38
28 15 73
28 16 75
28 18 -61
28 20 89
28 21 -65
28 24 69
28 25 -69
28 26 63
28 27 38
28 28 91
28 30 -8
28 31 45
28 32 65
28 33 -35
28 35 -93
28 36 -31
28 37 82
28 38 -59
28 39 58
28 40 6
28 41 -30
28 42 -39
28 44 68
28 46 47
28 48 -41
28 49 -75
28 50 -21
28 51 47
28 52 -73
28 53 78
28 54 21
28 55 -87
28 56 -7
28 59 -46
28 60 -53
28 63 74
28 64 62
28 65 64
28 66 53
28 68 87
28 70 70
28 71 8
28 72 -64
28 73 -44
28 75 -92
28 77 14
28 78 -57
28 79 6
28 81 -98
28 82 59
28 83 -59
28 85 70
28 86 -41
28 88 -47
28 90 88
28 91 -80
28 92 99
28 93 31
28 94 57
28 96 88
28 97 -62
28 99 -73
29 0 79
29 1 -29
29 2 10
29 3 -72
29 4 95
29 5 -90
29 6 15
29 7 70
29 8 36
29 9 98
29 10 -47
29 11 93
29 16 57
29 18 40
29 19 -22
29 20 50
29 21 81
29 23 15
29 26 42
29 27 -82
29 28 88
29 30 -24
29 31 -32
29 32 84
29 33 -53
29 34 -49
29 35 -93
29 36 68
29 40 65
29 41 26
29 42 -7
29 44 -59
29 45 -90
29 46 -55
29 48 86
29 49 -24
29 51 -5
29 52 -70
29 53 54
29 54 -60
29 55 -96
29 57 -38
29 59 82
29 60 98
29 63 -18
29 66 -63
29 67 -70
29 68 -31
29 69 -77
29 71 94
29 72 -91
29 76 78
29 81 -35
29 83 73
29 84 62
29 85 57
29 86 2
29 90 89
29 92 45
29 93 -70
29 94 -35
29 95 -73
29 96 7
30 1 100
30 4 63
30 6 13
30 7 -52
30 9 71
30 10 75
30 11 29
30 12 68
30 13 -19
30 15 -91
30 16 63
30 17 96
30 18 92
30 19 5
30 21 52
30 22 -10
30 23 -40
30 24 3
30 25 -18
30 26 -52
30 27 95
30 29 89
30 30 -19
30 31 -47
30 33 -73
30 34 10
30 37 -38
30 39 66
30 40 57
30 41 87
30 42 59
30 43 -51
30 44 -27
30 46 34
30 47 -85
30 48 50
30 49 -96
30 50 -4
30 51 -90
30 52 -77
30 53 68
30 54 78
30 55 -86
30 57 -42
30 63 80
30 65 -53
30 66 -91
30 67 2
30 68 51
30 69 -19
30 71 47
30 72 -72
30 75 -35
30 78 -17
30 80 -33
30 82 82
30 83 42
30 84 -2
30 85 73
30 86 83
30 89 -52
30 90 -7
30 91 -76
30 92 76
30 93 98
30 95 -93
30 96 41
31 2 -94
31 3 58
31 4 83
31 7 3
31 8 57
31 13 49
31 14 -45
31 15 49
31 16 -62
31 17 -76
31 18 -69
31 20 -36
31 21 8
31 22 25
31 23 76
31 24 76
31 25 66
31 30 33
31 31 19
31 33 51
31 35 -61
31 36 24
31 37 -89
31 38 87
31 41 -2
31 43 60
31 44 100
31 45 1
31 46 -47
31 47 -27
31 48 48
31 50 -28
31 51 89
31 52 -19
31 54 -32
31 56 -41
31 58 -47
31 61 64
31 62 -94
31 63 -72
31 64 -58
31 66 97
31 67 21
31 68 -27
31 70 -5
31 72 75
31 73 -80
31 75 72
31 78 88
31 81 25
31 82 100
31 83 90
31 84 9
31 85 -20
31 87 60
31 89 92
31 90 100
31 91 -5
31 92 -58
31 93 -62
31 94 58
31 95 29
31 96 -88
31 97 -37
31 98 11
32 0 -87
32 1 -93
32 2 -36
32 6 93
32 7 40
32 8 -12
32 12 56
32 13 89
32 14 -41
32 15 -81
32 16 -77
32 17 86
32 18 4
32 19 65
32 20 -99
32 21 -57
32 23 -4
32 24 96
32 26 -17
32 28 94
32 30 -61
32 33 -72
32 34 -85
32 35 -96
32 36 -78
32 37 -63
32 38 -73
32 41 -11
32 42 11
32 43 -58
32 44 -83
32 45 -6
32 46 38
32 48 71
32 51 -62
32 52 67
32 54 19
32 55 48
32 56 -33
32 59 80
32 61 -8
32 62 8
32 63 -50
32 65 75
32 67 18
32 68 56
32 69 12
32 70 81
32 72 95
32 73 94
32 76 -94
32 77 73
32 78 5
32 79 69
32 81 -25
32 82 23
32 83 -30
32 85 -85
32 87 -8
32 89 33
32 90 30
32 91 44
32 92 59
32 95 86
32 96 -43
32 97 59
32 98 -46
32 99 -61
33 0 -52
33 1 -40
33 2 49
33 3 73
33 5 6
33 6 27
33 7 -53
33 8 -65
33 9 -9
33 10 34
33 11 -28
33 13 -35
33 14 11
33 15 11
33 16 -65
33 18 -84
33 19 -68
33 20 34
33 22 -95
33 23 -44
33 26 31
33 27 23
33 28 74
33 29 67
33 30 65
33 31 -42
33 32 -44
33 34 -41
33 36 59
33 37 -82
33 38 97
33 39 -44
33 40 3
33 41 56
33 42 41
33 43 -100
33 45 -18
33 46 -48
33 47 -32
33 48 -86
33 49 -48
33 50 21
33 51 -67
33 52 72
33 53 -98
33 54 97
33 55 -9
33 56 79
33 57 98
33 58 97
33 59 -7
33 60 -57
33 62 -15
33 65 26
33 66 -75
33 67 54
33 68 59
33 69 -25
33 70 72
33 71 64
33 72 93
33 74 -89
33 75 72
33 76 -15
33 77 -59
33 78 -73
33 80 72
33 82 -95
33 83 3
33 84 -76
33 86 -55
33 87 75
33 91 57
33 92 93
33 94 71
33 95 29
33 96 -83
33 99 -82
34 4 70
34 5 -57
34 6 64
34 7 -89
34 10 -79
34 14 40
34 15 5
34 16 44
34 17 29
34 19 42
34 20 -92
34 23 -100
34 26 47
34 27 -70
34 28 -73
34 30 -47
34 31 99
34 32 -69
34 33 30
34 36 15
34 38 -41
34 40 38
34 41 23
34 42 39
34 43 44
34 45 -26
34 48 -56
34 49 46
34 52 53
34 54 -46
34 55 96
34 56 20
34 57 78
34 58 38
34 59 -44
34 60 43
34 61 -51
34 62 74
34 63 77
34 65 17
34 68 37
34 69 -2
34 70 69
34 71 55
34 72 35
34 73 -41
34 75 77
34 77 -13
34 78 98
34 79 96
34 80 -84
34 81 40
34 83 -64
34 84 69
34 86 -67
34 88 -97
34 90 39
34 92 -68
34 94 -91
34 95 -71
34 97 22
34 98 90
34 99 53
35 0 -96
35 1 -14
35 2 -14
35 6 9
35 8 49
35 9 -18
35 10 48
35 11 48
35 12 -80
35 13 -19
35 15 -12
35 16 -15
35 18 43
35 19 -21
35 20 -80
35 21 -67
35 22 23
35 23 71
35 25 61
35 26 -85
35 27 -31
35 28 -19
35 29 -91
35 30 -14
35 33 -99
35 35 80
35 36 65
35 37 -36
35 38 45
35 39 -79
35 40 31
35 41 -77
35 42 -1
35 44 51
35 45 -9
35 46 10
35 47 12
35 48 -68
35 49 -50
35 52 57
35 54 -19
35 55 -49
35 56 -23
35 57 3
35 58 -8
35 60 78
35 62 -2
35 63 50
35 65 79
35 67 75
35 69 -24
35 70 -74
35 71 61
35 72 12
35 73 55
35 74 -37
35 75 23
35 76 5
35 80 -16
35 81 13
35 82 99
35 83 49
35 86 50
35 87 -38
35 88 92
35 89 14
35 90 90
35 93 86
35 94 92
35 95 -74
35 99 23
36 0 13
36 2 5
36 4 1
36 8 -23
36 9 -88
36 10 3
36 11 -54
36 13 87
36 14 -59
36 15 50
36 17 88
36 18 -76
36 19 -77
36 20 100
36 23 -55
36 25 -73
36 26 28
36 28 -34
36 29 -47
36 30 -69
36 31 -4
36 32 34
36 33 -96
36 34 -68
36 35 -70
36 38 -16
36 39 42
36 41 95
36 42 -45
36 43 66
36 44 -46
36 45 3
36 47 -59
36 48 74
36 49 -19
36 50 28
36 54 26
36 55 2
36 56 -98
36 57 100
36 59 64
36 60 10
36 63 -5
36 65 98
36 67 -27
36 68 28
36 69 -100
36 70 -46
36 71 -54
36 72 71
36 73 -4
36 74 -81
36 75 22
36 76 36
36 77 -38
36 78 8
36 79 42
36 80 5
36 82 -83
36 83 11
36 84 21
36 85 -79
36 86 -90
36 87 -61
36 89 -51
36 91 63
36 92 57
36 93 -16
36 94 99
36 95 33
36 96 38
36 97 19
36 98 -87
37 0 67
37 2 -58
37 4 43
37 5 48
37 6 64
37 9 -65
37 10 9
37 11 -21
37 13 -67
37 15 34
37 16 48
37 17 -28
37 18 -9
37 20 14
37 21 -53
37 22 -81
37 23 -40
37 26 8
37 27 54
37 30 100
37 34 45
37 36 70
37 37 55
37 38 70
37 39 -15
37 40 76
37 42 -44
37 43 13
37 44 -39
37 46 -40
37 47 16
37 48 9
37 50 89
37 53 -51
37 54 -66
37 55 -67
37 56 -51
37 59 -93
37 61 -100
37 63 -84
37 65 22
37 66 66
37 67 -72
37 68 -45
37 69 14
37 70 78
37 71 -36
37 74 -33
37 77 31
37 82 50
37 83 61
37 84 -31
37 85 -89
37 86 28
37 87 -57
37 90 75
37 91 52
37 92 60
37 93 -48
37 94 -47
37 95 46
37 97 -45
37 99 84
38 2 -26
38 3 23
38 5 -53
38 9 -43
38 10 75
38 11 81
38 12 -75
38 14 30
38 15 -17
38 16 23
38 18 -58
38 20 -27
38 21 22
38 22 -45
38 24 38
38 25 27
38 26 -52
38 27 -81
38 30 24
38 31 45
38 32 22
38 33 -28
38 34 50
38 35 26
38 36 -64
38 38 -18
38 41 -85
38 42 -80
38 43 30
38 45 48
38 46 4
38 47 -28
38 48 -11
38 49 2
38 50 48
38 52 34
38 54 78
38 55 -24
38 56 -10
38 57 100
38 58 -63
38 59 -79
38 61 64
38 62 -8
38 63 75
38 67 29
38 68 77
38 69 55
38 71 -60
38 72 48
38 74 45
38 75 78
38 76 -70
38 77 46
38 80 -62
38 82 20
38 83 -23
38 86 3
38 91 69
38 92 51
38 93 -30
38 94 85
38 96 -36
38 97 -9
39 1 69
39 2 -52
39 4 -5
39 6 -45
39 7 -5
39 10 -12
39 11 40
39 12 -75
39 13 37
39 14 21
39 15 -60
39 17 -53
39 20 41
39 21 -36
39 22 81
39 23 37
39 24 -73
39 25 77
39 28 23
39 29 77
39 32 48
39 34 97
39 35 -5
39 37 -48
39 39 -69
39 40 57
39 41 -30
39 43 57
39 44 94
39 45 -10
39 46 -51
39 47 29
39 48 -81
39 50 -29
39 51 13
39 52 -82
39 55 -24
39 57 -87
39 58 98
39 59 18
39 61 31
39 62 -5
39 63 -71
39 64 32
39 65 80
39 66 81
39 68 53
39 69 -100
39 70 50
39 71 -95
39 72 100
39 73 -42
39 74 -76
39 75 -21
39 76 48
39 77 15
39 78 -61
39 79 52
39 80 76
39 81 -94
39 82 -19
39 83 44
39 84 22
39 85 -80
39 86 41
39 87 20
39 88 -77
39 90 -48
39 92 -99
39 93 24
39 94 19
39 95 91
39 96 -82
39 97 -68
39 98 42
39 99 86
40 2 94
40 3 53
40 4 64
40 6 98
40 9 -69
40 11 55
40 16 36
40 17 -80
40 18 -56
40 19 -35
40 20 27
40 22 79
40 24 -27
40 26 -30
40 27 -46
40 28 45
40 29 -48
40 32 -43
40 33 -40
40 34 -72
40 35 40
40 36 -60
40 37 4
40 41 56
40 42 -91
40 43 57
40 45 -96
40 46 -42
40 47 13
40 49 -22
40 50 -37
40 51 -80
40 52 -77
40 53 -32
40 55 46
40 56 -12
40 57 20
40 58 94
40 59 76
40 60 26
40 62 -51
40 63 -97
40 64 53
40 65 60
40 66 -14
40 67 -15
40 68 -44
40 69 45
40 70 -58
40 71 -44
40 73 21
40 74 -27
40 75 64
40 76 73
40 77 -40
40 78 -60
40 80 -7
40 81 72
40 82 -71
40 83 -39
40 84 -90
40 85 67
40 86 -44
40 87 -96
40 88 -62
40 89 -83
40 91 -13
40 92 -65
40 93 -71
40 95 35
40 97 -16
40 98 26
41 3 -96
41 5 -63
41 7 -98
41 9 54
41 12 10
41 16 -90
41 17 -74
41 18 64
41 19 97
41 20 29
41 22 3
41 23 -80
41 24 6
41 25 60
41 26 -33
41 27 84
41 28 -20
41 30 -99
41 31 -38
41 33 -3
41 35 31
41 36 -34
41 37 -42
41 39 49
41 40 -74
41 41 -92
41 42 -40
41 43 22
41 44 66
41 46 -97
41 48 40
41 50 57
41 53 26
41 54 96
41 55 8
41 56 40
41 59 -30
41 60 3
41 61 -67
41 62 41
41 63 -83
41 64 -26
41 66 -70
41 68 -96
41 69 -24
41 70 79
41 71 100
41 72 -53
41 73 -96
41 74 12
41 75 85
41 76 -79
41 77 30
41 80 82
41 81 -100
41 85 50
41 86 -71
41 87 2
41 88 8
41 90 56
41 91 90
41 93 20
41 94 15
41 96 10
41 98 7
41 99 20
42 0 -77
42 1 42
42 2 92
42 4 -95
42 5 -17
42 7 -68
42 8 94
42 10 -5
42 11 82
42 12 -27
42 14 -90
42 15 74
42 16 32
42 17 -67
42 19 -69
42 20 -92
42 21 73
42 22 -97
42 25 68
42 26 -53
42 28 40
42 30 -14
42 32 3
42 33 50
42 37 -61
42 38 29
42 40 -25
42 43 100
42 44 40
42 45 -15
42 46 -36
42 47 -32
42 48 71
42 54 14
42 55 -18
42 56 68
42 57 -1
42 59 69
42 61 11
42 62 -91
42 63 -44
42 65 16
42 66 65
42 69 79
42 71 50
42 72 -73
42 73 -93
42 74 75
42 76 79
42 77 -62
42 78 71
42 79 -57
42 80 -6
42 82 23
42 83 92
42 84 -100
42 85 70
42 86 97
42 87 65
42 89 92
42 90 -10
42 91 24
42 92 -70
42 93 -40
42 94 -74
42 95 -4
42 96 -51
42 97 11
42 98 -95
43 0 18
43 1 -54
43 2 -8
43 3 -5
43 4 54
43 6 92
43 7 90
43 8 15
43 9 -98
43 12 -35
43 13 7
43 15 -6
43 16 -64
43 20 -85
43 21 64
43 22 -81
43 23 43
43 25 82
43 26 6
43 28 8
43 29 54
43 30 1
43 31 87
43 32 -16
43 34 54
43 37 56
43 39 33
43 40 87
43 42 59
43 43 -30
43 44 -51
43 46 -37
43 48 -96
43 49 -95
43 50 51
43 51 46
43 52 -20
43 53 8
43 55 -51
43 56 4
43 58 -96
43 59 -8
43 60 -69
43 63 -94
43 66 -75
43 68 18
43 69 -17
43 70 -3
43 75 10
43 76 2
43 77 80
43 78 -73
43 79 -50
43 82 25
43 83 82
43 84 71
43 86 45
43 88 89
43 94 38
43 96 100
43 98 24
44 1 -5
44 4 -28
44 5 -64
44 8 -41
44 9 81
44 10 13
44 11 86
44 12 -58
44 13 99
44 14 20
44 15 -22
44 16 52
44 17 79
44 18 99
44 19 -1
44 20 76
44 21 14
44 22 1
44 23 -92
44 25 26
44 26 71
44 27 36
44 28 17
44 30 80
44 31 39
44 32 -66
44 33 -70
44 34 -86
44 36 -4
44 37 -56
44 38 -4
44 39 -48
44 40 66
44 41 35
44 42 60
44 45 -36
44 46 -69
44 48 -47
44 49 80
44 50 87
44 52 -15
44 54 7
44 55 54
44 56 -94
44 57 -37
44 58 75
44 59 -53
44 60 -43
44 61 60
44 62 5
44 64 7
44 65 -33
44 66 -95
44 67 -97
44 69 -93
44 71 68
44 72 9
44 74 -4
44 75 -18
44 76 73
44 77 42
44 78 46
44 80 -20
44 81 74
44 83 40
44 84 -7
44 85 -78
44 86 -73
44 87 69
44 89 -13
44 91 -98
44 94 -64
44 95 78
44 96 -15
44 97 -87
44 98 69
44 99 -34
45 1 13
45 2 -88
45 3 -20
45 6 -86
45 7 71
45 11 40
45 12 2
45 13 21
45 14 84
45 15 -23
45 16 100
45 20 74
45 21 62
45 22 22
45 23 -14
45 24 90
45 25 -3
45 27 -2
45 28 -56
45 30 79
45 31 62
45 32 57
45 33 36
45 34 92
45 35 -68
45 37 54
45 39 8
45 40 74
45 41 71
45 42 -14
45 43 24
45 44 -2
45 45 -76
45 46 89
45 48 75
45 49 100
45 50 79
45 51 -79
45 52 55
45 53 -62
45 54 42
45 55 20
45 58 48
45 60 -26
45 61 20
45 62 -43
45 63 -53
45 64 60
45 65 -10
45 66 -74
45 68 -32
45 69 -75
45 70 18
45 71 -88
45 73 -53
45 75 -12
45 77 -23
45 79 90
45 83 -36
45 85 -61
45 88 -51
45 93 99
45 94 -84
45 95 68
45 97 18
46 1 91
46 2 -16
46 3 -80
46 6 21
46 8 72
46 11 22
46 14 71
46 15 -99
46 16 24
46 17 3
46 19 94
46 20 -10
46 21 27
46 22 36
46 23 -47
46 24 48
46 25 82
46 27 31
46 28 -51
46 31 56
46 33 78
46 34 -4
46 35 23
46 36 -83
46 37 -62
46 38 -51
46 39 28
46 40 -5
46 41 -7
46 42 -69
46 43 -72
46 45 51
46 46 19
46 47 -79
46 50 87
46 51 85
46 53 -52
46 56 -95
46 58 -79
46 59 -37
46 61 100
46 62 -49
46 64 85
46 65 54
46 66 -62
46 68 -71
46 70 -51
46 71 -45
46 72 32
46 73 -74
46 74 -87
46 75 55
46 76 97
46 81 55
46 82 80
46 84 -81
46 88 -73
46 89 -6
46 94 -16
46 96 45
46 97 16
46 98 80
46 99 -84
47 0 37
47 3 -63
47 4 -84
47 5 -21
47 6 -96
47 8 -14
47 9 -65
47 11 -22
47 14 -90
47 15 41
47 17 -63
47 18 -88
47 19 54
47 20 48
47 21 44
47 24 -44
47 25 -37
47 26 -31
47 30 7
47 31 36
47 32 36
47 33 -2
47 34 -61
47 35 -3
47 38 -88
47 39 91
47 40 -80
47 41 -94
47 42 -95
47 44 -98
47 45 -2
47 46 89
47 47 42
47 48 14
47 50 9
47 51 -56
47 52 48
47 53 -51
47 54 63
47 55 -64
47 56 -56
47 57 -71
47 61 46
47 62 16
47 63 -53
47 65 98
47 68 45
47 69 -11
47 70 89
47 71 -92
47 73 73
47 74 -29
47 75 10
47 76 -53
47 77 -71
47 79 -10
47 80 -97
47 81 89
47 82 95
47 83 -39
47 87 -60
47 88 16
47 89 22
47 90 -58
47 92 90
47 96 -52
47 97 -1
47 98 59
48 2 -2
48 3 -41
48 4 99
48 6 59
48 7 91
48 9 -62
48 10 87
48 12 -32
48 14 -29
48 15 -81
48 16 -75
48 17 -31
48 19 90
48 25 -3
48 26 8
48 27 51
48 31 -96
48 32 -100
48 34 16
48 36 49
48 39 72
48 40 3
48 41 24
48 43 25
48 45 -81
48 46 45
48 47 -14
48 52 82
48 54 93
48 55 67
48 56 -30
48 57 99
48 58 -24
48 59 15
48 60 -18
48 61 41
48 63 -81
48 64 -72
48 65 78
48 68 94
48 69 -30
48 71 52
48 72 41
48 73 31
48 76 85
48 77 -43
48 80 -59
48 81 26
48 82 -33
48 84 13
48 85 9
48 86 88
48 88 14
48 89 -79
48 90 -97
48 92 23
48 93 94
48 95 18
48 98 89
49 1 1
49 2 -41
49 4 -83
49 6 31
49 7 27
49 8 -47
49 9 93
49 11 93
49 12 -71
49 13 64
49 15 -32
49 16 8
49 18 -69
49 20 11
49 22 23
49 24 47
49 25 18
49 26 -72
49 27 40
49 30 13
49 32 52
49 33 -80
49 34 66
49 35 59
49 37 49
49 38 -77
49 40 -89
49 41 1
49 44 -20
49 45 71
49 47 -59
49 50 -18
49 51 72
49 53 -80
49 54 -50
49 56 88
49 60 2
49 63 -85
49 65 14
49 67 83
49 68 -24
49 71 13
49 72 -19
49 74 -38
49 75 37
49 76 -56
49 77 -50
49 78 -34
49 79 72
49 81 29
49 82 -33
49 83 90
49 84 -98
49 87 30
49 88 77
49 90 -26
49 91 63
49 92 44
49 93 -72
49 94 -5
49 95 50
49 96 -30
49 99 50
50 0 -82
50 3 97
50 4 -75
50 6 8
50 7 -91
50 8 -97
50 10 85
50 12 23
50 13 31
50 14 -93
50 16 8
50 17 -71
50 18 35
50 20 -19
50 21 8
50 25 -27
50 26 -80
50 27 13
50 28 86
50 29 -4
50 30 -98
50 31 59
50 33 -43
50 34 19
50 36 35
50 37 -40
50 39 -1
50 40 88
50 41 -58
50 42 57
50 44 39
50 45 -61
50 46 38
50 47 53
50 48 12
50 49 95
50 50 -72
50 53 28
50 54 52
50 55 12
50 56 97
50 58 69
50 60 -93
50 61 88
50 63 97
50 70 99
50 71 54
50 77 26
50 79 -52
50 81 -40
50 82 2
50 85 -70
50 86 72
50 87 -65
50 88 -51
50 89 -17
50 90 -21
50 91 83
50 92 -100
50 94 43
50 95 98
50 96 -55
50 97 -13
51 1 -64
51 2 -15
51 3 67
51 4 79
51 5 17
51 6 15
51 7 -63
51 9 -100
51 10 -89
51 11 2
51 13 -76
51 14 -5
51 15 27
51 17 -60
51 18 -74
51 19 -5
51 20 -28
51 21 -10
51 22 -2
51 23 -34
51 24 13
51 26 56
51 28 93
51 29 25
51 30 85
51 31 -1
51 33 -83
51 34 25
51 35 -76
51 36 -54
51 37 86
51 38 66
51 40 -92
51 41 -57
51 42 32
51 45 -39
51 47 -99
51 48 3
51 49 -40
51 50 32
51 51 80
51 53 -52
51 55 -39
51 56 69
51 57 -4
51 58 -44
51 60 8
51 65 80
51 67 31
51 69 -94
51 70 9
51 71 28
51 72 -89
51 73 100
51 74 32
51 75 95
51 78 48
51 80 -46
51 81 -44
51 82 69
51 83 22
51 85 28
51 86 -2
51 88 20
51 89 54
51 90 -9
51 92 -8
51 93 -42
51 95 31
51 97 40
51 98 -91
51 99 -9
52 1 -11
52 2 54
52 4 -13
52 5 -43
52 6 -16
52 8 -65
52 9 -93
52 10 -36
52 12 -95
52 13 60
52 15 97
52 16 -3
52 18 42
52 19 58
52 20 63
52 21 97
52 22 99
52 24 -93
52 25 89
52 27 36
52 28 54
52 29 -23
52 31 -70
52 33 84
52 35 9
52 37 17
52 38 -98
52 40 73
52 41 -97
52 42 -45
52 43 51
52 45 -89
52 46 -32
52 47 93
52 48 -35
52 49 -67
52 50 -24
52 51 -52
52 54 22
52 55 92
52 56 -3
52 58 -43
52 59 -95
52 61 -95
52 62 -54
52 63 -85
52 64 -55
52 65 8
52 66 -70
52 67 -6
52 68 64
52 70 1
52 71 9
52 72 -78
52 73 -21
52 74 60
52 76 -88
52 77 92
52 78 -75
52 79 98
52 80 12
52 81 -35
52 82 -97
52 85 85
52 86 -15
52 87 100
52 88 72
52 89 14
52 90 27
52 91 31
52 92 32
52 94 34
52 95 72
52 96 -98
52 97 -10
52 98 -62
52 99 -20
53 0 19
53 1 29
53 4 13
53 6 -89
53 7 44
53 8 50
53 9 -66
53 12 -26
53 14 37
53 15 99
53 17 -64
53 18 -95
53 19 86
53 20 35
53 21 -38
53 22 30
53 23 1
53 25 96
53 26 40
53 27 -32
53 29 -11
53 32 6
53 34 -70
53 36 52
53 39 -26
53 40 -36
53 41 -30
53 44 -51
53 47 57
53 49 72
53 50 -61
53 52 4
53 53 -53
53 54 84
53 55 -52
53 56 59
53 57 -11
53 58 -72
53 59 -90
53 60 5
53 61 -23
53 62 -92
53 63 -51
53 64 68
53 66 -24
53 70 23
53 71 -85
53 72 46
53 73 -21
53 76 -80
53 77 93
53 78 -96
53 80 64
53 81 66
53 82 -35
53 83 -39
53 85 -69
53 86 -20
53 87 65
53 90 78
53 91 77
53 93 13
53 94 -64
53 95 -56
53 96 -3
53 97 -20
53 98 43
54 0 81
54 5 -24
54 7 20
54 8 64
54 9 -44
54 10 88
54 11 -14
54 12 47
54 14 43
54 15 90
54 16 -44
54 17 -69
54 18 -74
54 20 -47
54 21 -46
54 22 -48
54 23 -18
54 24 22
54 25 16
54 26 -62
54 27 13
54 28 -33
54 29 -9
54 30 53
54 31 25
54 32 88
54 34 17
54 35 64
54 36 -28
54 37 -82
54 39 -34
54 40 14
54 41 -73
54 47 -27
54 48 -59
54 50 -6
54 51 -27
54 52 63
54 53 -8
54 54 49
54 57 91
54 58 -72
54 59 24
54 64 -5
54 65 -100
54 66 -61
54 68 -79
54 69 24
54 70 -77
54 71 -49
54 72 13
54 73 -81
54 78 38
54 79 31
54 82 -41
54 83 -91
54 85 -68
54 86 34
54 87 48
54 90 10
54 91 -3
54 92 -31
54 93 19
54 94 8
54 95 40
54 96 77
54 97 9
54 98 52
55 0 66
55 1 33
55 2 -53
55 3 -46
55 6 -37
55 7 -81
55 9 11
55 10 -64
55 11 18
55 12 -85
55 13 -60
55 15 44
55 16 92
55 17 16
55 18 -18
55 19 -59
55 20 -58
55 22 58
55 23 -17
55 24 64
55 25 -79
55 26 67
55 27 -14
55 29 8
55 30 -80
55 31 52
55 32 100
55 34 63
55 37 -38
55 38 -35
55 39 25
55 40 -12
55 42 -22
55 43 77
55 46 25
55 47 46
55 48 -97
55 49 -40
55 50 62
55 51 4
55 52 51
55 54 -58
55 56 -74
55 57 61
55 59 59
55 60 -43
55 61 -100
55 62 -14
55 64 -77
55 65 -68
55 66 94
55 70 -73
55 72 -21
55 73 33
55 74 6
55 77 -52
55 78 59
55 79 -11
55 81 -79
55 83 58
55 84 -38
55 86 -93
55 87 -93
55 88 67
55 89 58
55 91 -16
55 94 38
55 95 -29
55 96 36
55 99 -84
56 1 -15
56 2 41
56 3 8
56 4 -97
56 6 39
56 9 24
56 10 -46
56 12 38
56 13 67
56 14 86
56 15 -6
56 16 77
56 17 -19
56 18 -16
56 19 -87
56 20 -19
56 21 -11
56 22 -52
56 27 -10
56 28 72
56 29 43
56 30 6
56 32 -73
56 36 -57
56 37 -91
56 38 79
56 39 62
56 40 75
56 41 88
56 43 66
56 45 55
56 47 -11
56 48 -12
56 49 41
56 50 -34
56 51 51
56 52 67
56 53 -22
56 55 -44
56 59 -54
56 60 57
56 61 -26
56 62 -92
56 63 -100
56 64 65
56 65 87
56 69 48
56 70 22
56 71 -27
56 74 -28
56 75 -2
56 76 74
56 78 83
56 79 96
56 80 -14
56 81 27
56 82 -75
56 83 -40
56 84 -72
56 85 94
56 86 80
56 87 46
56 88 33
56 90 -10
56 92 81
56 93 -83
56 95 97
56 96 -30
56 97 74
56 98 -88
56 99 -57
57 0 64
57 2 48
57 4 -28
57 5 57
57 6 80
57 8 51
57 9 38
57 10 -86
57 11 -64
57 12 66
57 13 -96
57 16 18
57 17 -67
57 19 94
57 20 -9
57 21 -39
57 24 -92
57 25 35
57 26 -76
57 27 -82
57 29 83
57 31 -75
57 33 68
57 35 -73
57 37 -8
57 38 18
57 39 -48
57 40 -96
57 41 -12
57 42 90
57 44 33
57 45 -13
57 47 82
57 48 33
57 50 -78
57 51 -46
57 52 62
57 54 -22
57 56 12
57 57 56
57 58 -80
57 59 79
57 60 -61
57 61 43
57 62 -18
57 64 69
57 67 6
57 68 -90
57 69 71
57 71 49
57 72 -16
57 73 29
57 74 32
57 75 -56
57 77 65
57 78 -67
57 79 -60
57 80 47
57 81 81
57 82 18
57 83 42
57 84 -47
57 85 33
57 86 -57
57 87 -27
57 88 -65
57 89 -90
57 90 9
57 92 14
57 94 17
57 95 -57
57 96 95
57 97 90
57 99 63
58 0 82
58 2 -8
58 3 -68
58 5 83
58 6 -24
58 7 33
58 8 -20
58 9 -86
58 10 5
58 11 14
58 12 85
58 13 46
58 15 -57
58 16 39
58 19 -92
58 21 -3
58 23 11
58 24 -23
58 25 54
58 26 88
58 27 -74
58 28 83
58 29 80
58 32 -28
58 33 22
58 36 -57
58 37 -32
58 38 -20
58 39 64
58 40 -57
58 42 22
58 43 -11
58 44 29
58 45 -83
58 46 20
58 47 27
58 48 92
58 49 56
58 50 71
58 52 59
58 53 74
58 54 63
58 55 50
58 56 53
58 57 90
58 58 -81
58 60 12
58 61 -83
58 62 7
58 65 1
58 66 25
58 68 -60
58 69 -17
58 70 -39
58 71 19
58 74 21
58 75 43
58 76 -90
58 78 -32
58 79 10
58 80 31
58 82 100
58 86 2
58 90 89
58 91 28
58 92 2
58 93 26
58 94 12
58 97 29
58 99 27
59 0 -24
59 4 73
59 5 13
59 6 -15
59 7 -15
59 9 -37
59 11 17
59 12 50
59 13 21
59 16 91
59 17 23
59 19 -9
59 21 -42
59 22 68
59 23 24
59 24 76
59 25 98
59 27 -44
59 28 65
59 29 -36
59 33 37
59 34 -56
59 35 -33
59 38 51
59 40 -79
59 41 -58
59 42 46
59 43 -12
59 44 75
59 45 -53
59 48 -98
59 49 8
59 52 4
59 53 4
59 54 -1
59 55 -32
59 58 47
59 59 53
59 60 -81
59 61 -2
59 64 -10
59 66 -38
59 67 82
59 68 25
59 69 22
59 70 25
59 71 15
59 72 69
59 73 34
59 74 7
59 77 30
59 78 50
59 79 -50
59 80 -1
59 81 41
59 82 6
59 84 65
59 87 35
59 88 -85
59 89 1
59 91 -87
59 93 27
59 96 -92
59 97 21
59 99 -40
60 0 -65
60 2 -2
60 3 -61
60 4 -54
60 5 -70
60 8 100
60 10 -16
60 11 -24
60 12 -36
60 13 28
60 14 81
60 15 70
60 17 67
60 19 18
60 20 100
60 21 -33
60 22 44
60 23 6
60 24 74
60 26 31
60 27 -66
60 28 -32
60 29 70
60 30 55
60 31 73
60 36 -2
60 37 -34
60 40 -6
60 41 -90
60 43 56
60 44 -8
60 46 64
60 47 -94
60 50 -66
60 51 -60
60 52 -98
60 53 -54
60 55 -9
60 56 -76
60 57 87
60 60 72
60 61 47
60 62 100
60 65 -31
60 66 41
60 67 28
60 69 -19
60 70 -31
60 71 -47
60 72 -75
60 73 94
60 74 -98
60 75 -92
60 76 5
60 77 98
60 79 39
60 80 -43
60 81 -84
60 82 -50
60 83 -56
60 84 3
60 85 -1
60 86 -71
60 88 -86
60 90 -91
60 92 90
60 94 47
60 96 -53
60 98 -22
61 1 17
61 2 -56
61 4 2
61 6 80
61 8 -40
61 10 -22
61 11 91
61 12 84
61 16 26
61 17 -62
61 18 85
61 19 -71
61 20 -32
61 21 -53
61 22 -15
61 23 -8
61 26 50
61 27 48
61 29 35
61 30 70
61 33 -87
61 34 -53
61 35 -23
61 37 -40
61 38 36
61 42 7
61 43 -42
61 44 -57
61 45 -97
61 46 -30
61 47 2
61 48 35
61 49 -75
61 51 -44
61 53 73
61 56 -35
61 57 -28
61 60 -83
61 61 79
61 62 -98
61 63 -22
61 66 13
61 67 -9
61 68 31
61 69 -100
61 72 -55
61 76 5
61 77 -77
61 78 94
61 80 -99
61 82 20
61 83 -32
61 85 -96
61 86 7
61 87 -50
61 88 46
61 89 -69
61 92 -51
61 93 51
61 94 -71
61 96 -77
62 0 90
62 1 -36
62 2 48
62 3 59
62 4 -42
62 6 49
62 8 -10
62 10 -56
62 12 -15
62 15 -22
62 16 47
62 17 -41
62 18 88
62 24 -98
62 25 -56
62 26 74
62 30 -92
62 31 -84
62 32 -3
62 33 30
62 35 -86
62 36 46
62 37 -92
62 40 -79
62 41 -60
62 42 -65
62 44 83
62 45 -19
62 46 45
62 47 -27
62 49 94
62 51 -54
62 53 -92
62 56 -20
62 57 34
62 59 79
62 60 52
62 61 -72
62 62 31
62 63 -23
62 64 -18
62 68 -90
62 70 -61
62 73 100
62 74 19
62 75 -60
62 77 22
62 78 61
62 79 36
62 81 48
62 82 69
62 85 -54
62 86 84
62 87 -83
62 88 -35
62 89 44
62 92 -83
62 94 -54
62 97 -39
62 98 24
62 99 -60
63 1 -78
63 2 29
63 3 -100
63 4 -5
63 6 28
63 8 -64
63 9 21
63 10 96
63 11 39
63 12 -88
63 14 72
63 15 -49
63 16 -70
63 17 77
63 18 -64
63 19 68
63 21 70
63 22 41
63 24 54
63 26 43
63 27 91
63 28 42
63 30 -80
63 31 -32
63 33 21
63 34 -98
63 35 85
63 37 -84
63 38 29
63 39 -60
63 40 40
63 41 11
63 42 -18
63 43 24
63 44 78
63 46 -90
63 47 -27
63 48 93
63 49 -7
63 50 51
63 53 -31
63 54 56
63 56 -19
63 57 -60
63 59 -74
63 60 -53
63 61 -2
63 62 -2
63 63 70
63 64 -83
63 65 -72
63 67 7
63 70 58
63 72 -20
63 73 65
63 74 -60
63 75 -99
63 76 48
63 77 57
63 78 41
63 79 52
63 80 -53
63 81 91
63 82 -6
63 83 1
63 84 -7
63 85 -6
63 87 -37
63 89 78
63 90 -94
63 91 -3
63 92 -2
63 93 -26
63 95 2
63 96 11
63 98 80
64 2 -32
64 3 -8
64 4 -82
64 5 15
64 6 26
64 7 68
64 9 75
64 10 33
64 11 19
64 12 -36
64 13 25
64 14 86
64 16 94
64 18 -23
64 20 -79
64 21 -21
64 23 43
64 24 38
64 26 97
64 28 50
64 30 39
64 31 -43
64 32 -79
64 34 -47
64 35 79
64 37 -66
64 38 -15
64 40 -61
64 42 -60
64 43 46
64 44 56
64 45 -40
64 47 68
64 48 62
64 50 64
64 51 62
64 53 -19
64 54 -71
64 55 17
64 57 60
64 58 -19
64 59 69
64 61 81
64 62 -86
64 63 25
64 64 85
64 65 100
64 66 -99
64 67 -12
64 68 31
64 69 -64
64 70 -89
64 75 14
64 77 -13
64 78 -28
64 79 25
64 80 -81
64 81 -71
64 82 7
64 83 3
64 84 20
64 86 -6
64 87 -78
64 88 -71
64 91 -78
64 92 43
64 95 -72
64 97 31
64 98 16
64 99 94
65 2 -72
65 4 -91
65 5 -89
65 6 33
65 7 40
65 8 93
65 10 -35
65 11 -18
65 12 -81
65 13 -90
65 15 -33
65 16 36
65 18 -55
65 20 -3
65 21 -47
65 22 -62
65 24 -46
65 25 -68
65 27 -82
65 28 -28
65 29 -64
65 30 -6
65 31 -20
65 35 -29
65 37 -94
65 38 -86
65 39 -1
65 40 -71
65 41 34
65 43 73
65 44 93
65 45 2
65 46 -30
65 47 -79
65 48 -43
65 49 94
65 50 3
65 52 -20
65 54 20
65 56 15
65 59 22
65 60 21
65 61 70
65 62 12
65 63 2
65 66 83
65 67 -42
65 68 65
65 69 -67
65 70 -99
65 71 55
65 72 -37
65 74 -42
65 75 36
65 76 -59
65 77 71
65 79 -37
65 80 78
65 81 59
65 82 -95
65 83 -47
65 84 -4
65 88 45
65 92 33
65 93 21
65 96 58
65 97 -63
66 1 5
66 3 -36
66 4 1
66 5 -45
66 8 -30
66 10 -84
66 12 -4
66 13 83
66 16 99
66 17 42
66 18 34
66 19 11
66 21 13
66 24 -68
66 27 2
66 28 59
66 30 -65
66 31 65
66 33 -84
66 34 72
66 36 65
66 37 33
66 39 -98
66 40 -20
66 41 -22
66 42 -17
66 43 84
66 47 8
66 49 -35
66 50 -10
66 52 -65
66 53 -9
66 54 -79
66 55 27
66 56 85
66 57 -19
66 60 -71
66 61 -49
66 62 44
66 64 -6
66 65 77
66 66 27
66 67 -96
66 68 -98
66 69 -82
66 70 6
66 73 -56
66 74 45
66 75 7
66 76 96
66 78 22
66 79 -87
66 80 -100
66 81 97
66 82 -29
66 83 72
66 84 -90
66 85 4
66 86 49
66 87 86
66 88 -91
66 90 -72
66 91 -79
66 92 3
66 93 -33
66 94 4
66 97 76
66 98 -93
66 99 99
67 1 31
67 3 -16
67 7 -52
67 8 53
67 9 16
67 11 -17
67 12 31
67 15 -94
67 16 99
67 17 41
67 18 9
67 19 4
67 20 -16
67 23 76
67 24 -9
67 26 59
67 27 -44
67 28 -1
67 29 -52
67 32 -51
67 33 -73
67 37 30
67 38 14
67 39 -49
67 40 -86
67 41 -52
67 42 100
67 43 -48
67 44 -17
67 47 54
67 48 14
67 50 74
67 51 3
67 52 25
67 53 21
67 54 42
67 56 29
67 58 -71
67 59 82
67 60 47
67 61 21
67 62 91
67 63 12
67 64 35
67 65 40
67 66 -53
67 68 36
67 70 42
67 74 -42
67 75 60
67 78 68
67 79 -42
67 81 -66
67 83 94
67 84 64
67 85 34
67 86 85
67 87 89
67 88 25
67 89 -33
67 91 -81
67 92 24
67 93 73
67 94 -94
67 95 44
67 96 87
67 97 66
68 2 -65
68 3 -80
68 5 -48
68 6 -24
68 7 74
68 10 -49
68 12 -1
68 14 13
68 15 -54
68 17 -30
68 18 -65
68 22 20
68 23 -4
68 24 -35
68 25 10
68 26 72
68 27 38
68 28 -90
68 29 -42
68 30 -80
68 31 84
68 32 -66
68 33 -61
68 34 5
68 35 34
68 36 -94
68 37 -72
68 42 -70
68 43 -34
68 44 -37
68 45 -21
68 52 15
68 53 -84
68 54 36
68 55 59
68 58 -9
68 59 -14
68 60 6
68 61 89
68 62 -96
68 63 -10
68 64 36
68 65 -33
68 66 -91
68 67 77
68 68 70
68 69 35
68 70 -29
68 71 -44
68 72 85
68 73 27
68 75 72
68 76 -14
68 78 -21
68 79 -60
68 80 22
68 82 57
68 83 98
68 85 14
68 87 -44
68 89 96
68 91 -20
68 92 -33
68 95 8
68 96 -74
68 97 11
68 98 -49
68 99 -4
69 0 -16
69 1 -49
69 2 -23
69 3 20
69 5 74
69 6 80
69 8 39
69 9 -67
69 10 -35
69 11 79
69 12 -94
69 13 -88
69 14 -53
69 16 -14
69 17 92
69 19 -22
69 20 -61
69 21 -66
69 22 91
69 23 31
69 24 11
69 25 7
69 26 -79
69 28 -41
69 29 60
69 31 -80
69 34 34
69 35 -46
69 37 -26
69 39 57
69 41 18
69 46 13
69 47 -22
69 50 -9
69 51 -54
69 53 1
69 54 14
69 56 -90
69 57 -50
69 58 -15
69 59 45
69 60 69
69 61 4
69 63 53
69 65 -88
69 66 30
69 67 -5
69 68 29
69 71 -25
69 72 -80
69 73 -58
69 75 -93
69 76 -53
69 79 47
69 80 -56
69 82 -25
69 85 67
69 86 12
69 92 -2
69 95 -49
70 0 -50
70 2 -36
70 3 41
70 4 45
70 5 48
70 6 -56
70 7 27
70 10 -71
70 12 -34
70 14 -70
70 16 -4
70 17 36
70 19 91
70 22 -40
70 23 -71
70 24 27
70 27 66
70 28 34
70 29 11
70 30 59
70 32 65
70 33 44
70 35 -93
70 36 22
70 37 82
70 38 62
70 40 94
70 43 94
70 44 -83
70 45 81
70 46 49
70 47 13
70 48 -88
70 49 6
70 50 20
70 51 31
70 53 -72
70 54 -99
70 57 -84
70 58 27
70 60 -63
70 61 70
70 63 -17
70 64 -23
70 65 87
70 66 15
70 67 -32
70 68 8
70 70 3
70 72 -85
70 73 39
70 74 10
70 75 43
70 76 45
70 78 91
70 79 -55
70 81 -62
70 83 -47
70 85 -42
70 86 69
70 87 95
70 89 -87
70 91 94
70 92 -16
70 93 37
70 94 -37
70 95 -90
70 97 67
70 98 -26
70 99 -41
71 0 -100
71 3 -14
71 6 -6
71 7 63
71 9 86
71 10 18
71 15 -23
71 16 -32
71 17 59
71 18 55
71 21 -100
71 23 -59
71 24 -78
71 25 -7
71 26 -26
71 27 -10
71 28 95
71 29 58
71 31 74
71 32 7
71 33 60
71 34 -19
71 37 62
71 38 72
71 39 -28
71 42 -15
71 43 39
71 45 73
71 46 53
71 48 -32
71 50 -13
71 51 46
71 52 84
71 53 -95
71 55 -11
71 56 -7
71 57 22
71 59 -24
71 60 -85
71 61 60
71 62 -36
71 63 -71
71 64 -94
71 65 -96
71 68 -72
71 70 84
71 74 -82
71 75 -67
71 76 47
71 81 83
71 82 62
71 83 -8
71 84 77
71 88 13
71 89 21
71 90 -65
71 91 -69
71 92 -97
71 93 49
71 95 59
71 96 83
71 97 14
71 98 -75
71 99 -88
72 0 -32
72 1 97
72 4 -10
72 6 -19
72 8 -74
72 10 38
72 11 83
72 12 -61
72 13 96
72 14 -100
72 15 -3
72 16 59
72 17 -30
72 18 -76
72 19 -48
72 20 -19
72 21 46
72 22 22
72 23 54
72 27 -79
72 28 -47
72 29 62
72 31 -63
72 32 94
72 33 88
72 36 -10
72 37 -82
72 38 2
72 39 -67
72 41 -49
72 42 -75
72 43 -74
72 45 -23
72 46 -74
72 47 72
72 48 -16
72 51 -38
72 54 47
72 56 96
72 57 -38
72 58 42
72 61 45
72 62 -92
72 63 -99
72 65 -41
72 66 -31
72 68 -16
72 69 34
72 70 43
72 74 63
72 75 18
72 76 88
72 78 37
72 79 25
72 80 -57
72 81 -53
72 82 62
72 84 -39
72 85 76
72 86 88
72 87 -23
72 88 -29
72 90 37
72 91 -14
72 93 43
72 94 -39
72 96 -31
72 98 -17
72 99 -41
73 1 99
73 2 -81
73 7 39
73 8 81
73 9 37
73 10 -97
73 12 -71
73 13 -64
73 15 96
73 17 -66
73 18 -57
73 19 45
73 20 -52
73 21 -36
73 26 44
73 28 -55
73 29 -92
73 30 -95
73 31 -59
73 34 68
73 35 -74
73 36 80
73 37 16
73 39 -63
73 40 23
73 42 88
73 43 -96
73 45 64
73 46 46
73 47 45
73 51 -61
73 52 -70
73 53 -17
73 56 17
73 57 -77
73 58 12
73 59 -4
73 61 6
73 62 65
73 63 -98
73 64 99
73 65 -49
73 66 -25
73 68 -54
73 69 -69
73 70 -22
73 72 35
73 73 37
73 74 9
73 75 80
73 78 -89
73 79 -46
73 80 41
73 82 19
73 84 -61
73 88 -15
73 89 -10
73 90 95
73 93 -52
73 94 -81
73 96 -44
73 98 -51
73 99 -95
74 0 54
74 2 -6
74 3 -9
74 4 82
74 6 32
74 7 36
74 8 50
74 10 40
74 13 11
74 14 39
74 15 -95
74 18 13
74 19 10
74 22 49
74 24 22
74 27 -55
74 28 46
74 29 27
74 31 -54
74 33 20
74 34 -58
74 36 -19
74 37 49
74 39 -79
74 40 -78
74 42 2
74 43 48
74 46 71
74 50 97
74 51 -6
74 52 9
74 53 25
74 54 20
74 55 70
74 56 5
74 57 -10
74 58 -60
74 59 -25
74 60 26
74 61 47
74 63 90
74 64 6
74 65 -76
74 69 -50
74 71 -97
74 72 26
74 73 44
74 74 99
74 75 -9
74 78 53
74 79 52
74 80 -70
74 81 -62
74 82 45
74 84 31
74 85 56
74 88 3
74 91 -7
74 92 -5
74 93 86
74 94 -58
74 95 -3
74 96 -92
74 99 -45
75 0 -66
75 2 36
75 5 -77
75 6 -41
75 7 10
75 8 -54
75 9 -72
75 10 42
75 12 -67
75 13 60
75 14 -41
75 15 52
75 16 -91
75 18 23
75 19 -7
75 20 -33
75 23 67
75 24 60
75 25 15
75 26 -99
75 27 38
75 28 -76
75 29 -54
75 32 35
75 33 -98
75 38 56
75 39 -52
75 42 84
75 43 -53
75 47 82
75 48 -15
75 49 51
75 50 43
75 51 52
75 52 -69
75 57 33
75 58 34
75 59 -23
75 60 4
75 61 17
75 63 92
75 64 59
75 65 -32
75 66 22
75 68 78
75 69 -48
75 70 -59
75 71 67
75 72 39
75 73 87
75 74 99
75 75 15
75 76 -86
75 77 -93
75 79 -29
75 80 -71
75 83 2
75 84 -65
75 85 -2
75 86 -87
75 89 -69
75 90 -2
75 91 -84
75 92 -31
75 93 29
75 94 53
75 95 -95
75 96 -14
75 97 -66
76 1 76
76 2 -53
76 4 -95
76 5 -61
76 6 73
76 7 -7
76 8 14
76 10 28
76 12 41
76 13 13
76 14 -28
76 15 21
76 16 -69
76 17 -65
76 19 -75
76 20 -45
76 22 78
76 23 35
76 24 92
76 25 -19
76 26 -81
76 27 88
76 28 -27
76 30 -73
76 31 63
76 33 79
76 34 -7
76 35 2
76 36 -13
76 39 -26
76 40 25
76 41 -71
76 42 92
76 43 -60
76 45 81
76 48 84
76 49 -88
76 51 -61
76 52 -22
76 53 90
76 54 -24
76 55 30
76 56 -34
76 57 -93
76 58 7
76 59 -36
76 60 40
76 61 -84
76 62 84
76 63 58
76 64 -68
76 65 -25
76 66 30
76 67 -63
76 69 100
76 70 12
76 71 -81
76 72 -28
76 73 67
76 75 -17
76 76 5
76 78 54
76 80 31
76 81 -12
76 82 -95
76 83 44
76 84 53
76 85 -26
76 88 -81
76 89 -37
76 91 80
76 92 -39
76 94 24
76 95 -79
76 96 -92
76 97 60
76 99 82
77 2 -70
77 4 46
77 5 -95
77 6 42
77 7 10
77 8 38
77 9 54
77 10 -4
77 15 -35
77 16 81
77 17 -93
77 18 2
77 20 23
77 22 96
77 23 1
77 25 -45
77 26 1
77 27 -37
77 28 95
77 30 90
77 31 -79
77 32 73
77 33 -56
77 34 56
77 35 90
77 37 -94
77 40 5
77 44 94
77 45 29
77 48 22
77 51 8
77 52 -5
77 54 30
77 59 8
77 60 -87
77 61 5
77 62 42
77 64 -32
77 68 35
77 71 22
77 73 -28
77 74 52
77 75 91
77 76 -27
77 77 42
77 78 8
77 80 -67
77 81 -86
77 83 43
77 85 67
77 86 -71
77 87 13
77 88 -47
77 89 15
77 91 56
77 92 69
77 93 81
77 94 59
77 96 -40
77 98 -56
77 99 -46
78 0 -68
78 1 95
78 2 -6
78 7 3
78 8 -93
78 9 -6
78 10 5
78 12 -13
78 13 47
78 14 31
78 16 89
78 18 -12
78 19 -30
78 20 60
78 22 3
78 23 76
78 24 -3
78 25 55
78 28 -4
78 30 24
78 31 65
78 33 97
78 34 52
78 35 78
78 36 3
78 37 -80
78 38 31
78 39 -12
78 42 71
78 43 -29
78 44 -78
78 46 36
78 51 -8
78 53 27
78 56 -5
78 57 67
78 58 -62
78 59 39
78 61 74
78 63 -3
78 65 -63
78 67 47
78 68 47
78 69 88
78 70 -83
78 71 -76
78 72 76
78 74 -73
78 75 -54
78 76 40
78 80 57
78 83 28
78 84 1
78 85 33
78 87 76
78 89 94
78 90 100
78 93 95
78 94 33
78 96 11
78 97 -21
78 98 67
79 0 42
79 1 73
79 3 53
79 4 -16
79 6 -83
79 8 -44
79 11 -63
79 12 29
79 13 -46
79 14 74
79 15 86
79 16 -5
79 17 50
79 18 70
79 19 -38
79 20 28
79 22 -28
79 23 64
79 24 -5
79 25 -43
79 26 48
79 30 84
79 31 47
79 33 -33
79 35 76
79 36 -86
79 37 7
79 38 -65
79 39 70
79 40 -61
79 41 -58
79 43 29
79 45 -38
79 46 62
79 47 33
79 48 -57
79 49 93
79 50 -4
79 51 38
79 54 -33
79 55 -55
79 56 -67
79 57 80
79 60 95
79 61 -57
79 62 23
79 63 41
79 64 46
79 65 -88
79 67 96
79 68 -32
79 70 -77
79 72 -30
79 75 21
79 76 76
79 77 -59
79 80 -71
79 81 83
79 82 -49
79 85 27
79 86 -93
79 87 19
79 88 100
79 89 83
79 90 63
79 91 -19
79 93 -37
79 95 -91
79 98 77
79 99 -46
80 1 22
80 2 87
80 4 95
80 5 31
80 6 -89
80 7 -50
80 9 24
80 11 -58
80 15 18
80 17 -44
80 21 -41
80 22 57
80 23 60
80 24 41
80 25 29
80 29 4
80 30 -25
80 31 -33
80 32 -97
80 33 26
80 34 -81
80 35 -38
80 36 -2
80 37 -100
80 38 62
80 39 -75
80 41 42
80 42 -31
80 43 -86
80 44 66
80 47 -87
80 48 56
80 50 -37
80 51 85
80 52 -6
80 53 -78
80 54 -61
80 55 -51
80 56 25
80 58 -11
80 59 76
80 60 12
80 64 81
80 66 -19
80 70 15
80 71 33
80 73 26
80 74 -55
80 75 -1
80 76 59
80 79 88
80 83 83
80 86 30
80 88 -4
80 89 -73
80 90 -5
80 91 -83
80 92 -53
80 93 -9
80 95 -84
80 96 -19
80 97 -45
80 98 79
80 99 -21
81 0 -29
81 1 47
81 2 -10
81 4 14
81 7 -66
81 8 72
81 9 62
81 10 -3
81 11 -6
81 13 82
81 14 -12
81 17 -7
81 21 77
81 22 -44
81 23 -12
81 24 -98
81 25 20
81 26 -73
81 27 3
81 29 -92
81 31 -72
81 32 -1
81 33 70
81 37 -32
81 39 70
81 40 -76
81 41 -80
81 42 -72
81 43 67
81 45 12
81 48 -36
81 49 22
81 56 62
81 57 82
81 59 87
81 60 7
81 61 99
81 63 39
81 65 -81
81 66 23
81 67 -10
81 68 16
81 69 8
81 70 -28
81 71 15
81 72 52
81 73 -58
81 77 -62
81 78 -96
81 79 -90
81 80 57
81 81 -44
81 82 -94
81 83 -66
81 84 90
81 85 -55
81 86 42
81 89 -26
81 90 47
81 91 -98
81 92 -97
81 93 -94
81 94 69
81 95 95
81 96 82
81 97 83
81 99 91
82 1 52
82 5 -58
82 9 -70
82 10 55
82 11 -7
82 12 67
82 13 49
82 15 -83
82 16 25
82 17 -44
82 18 74
82 24 44
82 28 55
82 29 44
82 31 26
82 33 9
82 34 47
82 35 -20
82 37 -67
82 38 63
82 39 -63
82 41 -78
82 42 84
82 43 -52
82 44 -69
82 45 -47
82 47 -63
82 48 -47
82 49 -51
82 50 -42
82 54 -87
82 55 61
82 56 94
82 57 9
82 58 28
82 60 -47
82 61 30
82 63 41
82 64 -68
82 65 36
82 67 11
82 68 -17
82 69 -73
82 72 70
82 73 52
82 75 -41
82 76 -39
82 77 -30
82 78 56
82 79 -36
82 80 96
82 81 -73
82 82 -84
82 83 -52
82 84 99
82 85 -50
82 86 -18
82 87 -15
82 88 7
82 89 -94
82 90 -57
82 91 -7
82 92 -24
82 93 24
82 94 77
82 95 -60
82 96 63
82 97 -38
82 98 -14
82 99 -58
83 0 -26
83 1 -9
83 2 -82
83 3 89
83 6 -45
83 7 -67
83 8 58
83 9 -38
83 10 20
83 12 -69
83 13 40
83 14 -34
83 15 39
83 17 14
83 18 32
83 19 64
83 20 -95
83 21 47
83 22 19
83 23 -64
83 24 87
83 25 20
83 27 53
83 28 -14
83 29 -35
83 30 -79
83 31 -12
83 32 84
83 33 -20
83 34 1
83 35 -35
83 37 -84
83 38 -17
83 39 -59
83 40 18
83 43 -31
83 47 10
83 51 -34
83 52 81
83 53 -41
83 54 -83
83 55 88
83 56 -88
83 57 20
83 58 45
83 61 71
83 62 -95
83 64 59
83 65 13
83 66 -34
83 67 17
83 68 94
83 69 -66
83 70 87
83 71 48
83 72 41
83 75 53
83 77 56
83 78 -48
83 79 -67
83 82 -6
83 83 8
83 85 -48
83 86 95
83 87 87
83 91 -18
83 92 -61
83 93 62
83 95 16
83 96 92
83 97 8
83 99 -38
84 1 -40
84 2 -56
84 4 47
84 6 -42
84 7 -1
84 9 91
84 10 -99
84 12 -60
84 13 64
84 14 76
84 15 -87
84 16 42
84 17 -46
84 20 -13
84 22 -25
84 23 7
84 26 5
84 27 -27
84 29 -26
84 30 -11
84 32 -97
84 33 -90
84 34 -88
84 35 -25
84 36 -42
84 37 61
84 39 21
84 40 -70
84 41 57
84 42 -1
84 44 -79
84 45 -9
84 46 -80
84 49 67
84 50 42
84 51 -4
84 54 -49
84 55 77
84 57 -79
84 58 -62
84 59 7
84 62 -39
84 63 -82
84 64 31
84 65 81
84 66 -52
84 67 62
84 68 27
84 70 76
84 71 -72
84 72 -58
84 73 71
84 75 -61
84 76 -64
84 78 13
84 79 -21
84 80 74
84 82 -38
84 84 -5
84 85 -50
84 86 69
84 87 87
84 88 -13
84 91 10
84 92 12
84 94 -9
84 95 84
84 96 10
84 97 92
84 98 79
84 99 73
85 0 5
85 1 -25
85 2 2
85 4 -70
85 7 40
85 8 54
85 10 -10
85 11 41
85 12 88
85 13 -5
85 14 28
85 15 -60
85 16 20
85 17 -41
85 18 27
85 22 -49
85 23 -86
85 24 -6
85 26 -55
85 28 36
85 29 16
85 31 2
85 32 -90
85 34 4
85 37 99
85 39 25
85 40 -43
85 43 33
85 44 -19
85 45 -29
85 46 -38
85 47 15
85 48 -78
85 51 -2
85 52 -68
85 53 -93
85 54 -62
85 55 25
85 56 -43
85 57 2
85 59 -8
85 60 -16
85 62 12
85 63 -42
85 64 78
85 65 -69
85 66 44
85 68 -88
85 70 74
85 71 62
85 77 -32
85 78 -69
85 79 84
85 80 -32
85 81 32
85 82 -40
85 86 -4
85 87 -74
85 88 11
85 89 53
85 90 -11
85 91 52
85 93 5
85 95 54
85 97 -20
85 99 39
86 1 50
86 4 47
86 6 9
86 7 -5
86 8 -68
86 10 -28
86 13 35
86 15 23
86 16 -55
86 18 34
86 19 52
86 20 -63
86 22 2
86 23 38
86 24 -44
86 25 -32
86 26 78
86 28 -95
86 29 -30
86 30 14
86 31 -85
86 33 -22
86 34 57
86 35 74
86 36 97
86 37 -72
86 38 86
86 39 -27
86 41 79
86 42 -98
86 43 -18
86 45 57
86 47 -47
86 50 36
86 52 -41
86 53 28
86 54 -11
86 55 -28
86 56 18
86 57 16
86 60 37
86 61 100
86 62 25
86 64 5
86 65 20
86 66 -100
86 67 53
86 68 27
86 69 -21
86 70 -53
86 71 70
86 72 -56
86 74 51
86 79 -18
86 81 -47
86 82 66
86 83 -92
86 84 36
86 85 40
86 86 94
86 87 -30
86 88 -64
86 89 -72
86 90 -8
86 92 11
86 93 8
86 94 84
86 97 12
86 98 -32
86 99 11
87 0 34
87 2 -49
87 3 56
87 4 -83
87 5 -30
87 6 -1
87 7 -38
87 9 -100
87 10 36
87 11 50
87 13 59
87 14 -39
87 15 -43
87 16 -48
87 17 -31
87 18 4
87 22 -2
87 23 -58
87 24 25
87 26 14
87 27 -25
87 28 34
87 29 -5
87 31 -95
87 33 -55
87 34 60
87 36 -86
87 37 -47
87 38 -38
87 39 73
87 40 59
87 42 -90
87 43 -100
87 44 -1
87 47 -91
87 48 65
87 49 -62
87 50 -19
87 51 -14
87 52 53
87 53 -49
87 54 -19
87 55 6
87 57 51
87 59 -13
87 61 -88
87 63 -70
87 64 -90
87 66 70
87 67 8
87 68 10
87 69 -62
87 73 -10
87 74 -99
87 76 -60
87 77 -60
87 78 24
87 79 -9
87 81 -29
87 82 -82
87 83 67
87 84 2
87 85 -76
87 86 77
87 90 35
87 91 48
87 92 21
87 93 -45
87 95 -20
87 98 71
88 0 13
88 1 -99
88 2 -6
88 3 -1
88 4 8
88 5 44
88 6 18
88 7 -77
88 8 -62
88 9 69
88 11 97
88 12 -65
88 13 -28
88 14 -16
88 15 -32
88 16 -31
88 17 37
88 19 -68
88 20 -68
88 21 50
88 22 -13
88 23 -29
88 24 -34
88 25 -39
88 28 46
88 30 89
88 33 -24
88 35 -13
88 36 65
88 37 70
88 38 92
88 39 86
88 40 -61
88 41 -54
88 43 -71
88 44 50
88 45 -35
88 46 28
88 48 62
88 49 85
88 52 -27
88 53 17
88 54 55
88 56 -56
88 57 87
88 58 -7
88 60 -72
88 61 -37
88 62 92
88 63 29
88 65 6
88 66 -9
88 67 73
88 68 65
88 70 -66
88 71 -16
88 73 53
88 75 36
88 77 -12
88 81 -17
88 82 -1
88 83 55
88 85 -51
88 86 37
88 87 91
88 88 12
88 91 39
88 94 -77
88 95 6
88 96 47
88 99 -71
89 0 30
89 2 2
89 3 49
89 5 -36
89 6 -19
89 7 -21
89 8 57
89 9 49
89 10 30
89 11 47
89 13 63
89 14 50
89 15 -12
89 16 84
89 17 -100
89 18 -96
89 19 50
89 21 -15
89 22 -18
89 23 57
89 24 -75
89 26 -62
89 28 -54
89 29 -51
89 30 66
89 31 -98
89 34 -51
89 35 -78
89 36 -17
89 37 78
89 38 3
89 39 -74
89 40 28
89 42 18
89 43 30
89 44 28
89 46 -75
89 48 -100
89 49 17
89 51 -90
89 52 29
89 53 -62
89 54 -67
89 57 72
89 58 41
89 59 -24
89 60 -16
89 62 39
89 63 22
89 64 90
89 65 15
89 68 -48
89 71 -63
89 73 96
89 74 70
89 75 21
89 76 -38
89 78 -91
89 79 2
89 82 -15
89 83 95
89 84 96
89 85 89
89 86 56
89 88 -97
89 89 28
89 90 -48
89 93 55
89 96 -30
89 99 41
90 0 71
90 1 34
90 2 85
90 4 90
90 6 35
90 7 -64
90 8 -88
90 10 -87
90 11 26
90 12 -13
90 13 -79
90 14 37
90 15 66
90 16 32
90 18 62
90 19 48
90 20 66
90 23 16
90 26 70
90 28 11
90 29 -50
90 30 -19
90 31 -14
90 32 -4
90 33 100
90 34 76
90 35 59
90 36 -20
90 38 -7
90 39 11
90 40 -38
90 41 -32
90 42 -35
90 43 98
90 45 -78
90 46 -11
90 47 66
90 48 -10
90 51 23
90 53 -5
90 54 -76
90 55 72
90 57 -32
90 59 38
90 60 33
90 61 15
90 63 25
90 64 45
90 65 -73
90 66 51
90 67 71
90 69 48
90 70 43
90 71 -81
90 72 -91
90 73 63
90 76 -100
90 77 -67
90 79 -70
90 80 80
90 84 24
90 85 -52
90 86 70
90 87 -18
90 88 -51
90 91 66
90 92 -16
90 93 -75
90 94 51
90 96 -95
90 98 1
90 99 13
91 0 55
91 1 -34
91 3 -52
91 4 91
91 5 -78
91 6 -42
91 7 -76
91 8 -77
91 9 85
91 10 -91
91 11 -6
91 12 63
91 13 81
91 14 93
91 17 -91
91 18 -22
91 19 -6
91 20 64
91 23 -68
91 24 -19
91 25 -20
91 26 -15
91 27 -44
91 28 -42
91 29 -55
91 30 -23
91 32 -38
91 34 32
91 35 13
91 36 -54
91 37 -52
91 38 -22
91 39 63
91 40 -91
91 42 -4
91 43 58
91 44 89
91 45 -24
91 47 87
91 49 -86
91 51 91
91 52 -71
91 53 -33
91 55 69
91 57 19
91 59 27
91 60 -90
91 61 -92
91 62 65
91 63 -83
91 65 45
91 66 -26
91 68 -71
91 69 -34
91 70 7
91 71 -85
91 72 14
91 74 -41
91 75 51
91 76 -74
91 78 -27
91 80 -4
91 81 61
91 82 -15
91 83 -96
91 86 99
91 92 55
91 93 -96
91 94 -66
91 95 -28
91 96 -13
91 97 12
91 98 36
91 99 -13
92 0 -69
92 1 68
92 4 -85
92 6 -57
92 7 35
92 8 -83
92 9 -80
92 11 -91
92 13 -79
92 14 32
92 15 51
92 16 40
92 20 -61
92 21 84
92 22 2
92 23 68
92 24 65
92 26 -37
92 29 -6
92 30 28
92 31 -30
92 32 -44
92 33 -22
92 35 4
92 36 92
92 37 -97
92 38 31
92 41 -98
92 42 -82
92 43 83
92 45 -67
92 46 -15
92 48 80
92 49 93
92 51 -28
92 52 16
92 54 -87
92 56 -37
92 58 24
92 59 52
92 61 70
92 62 59
92 63 48
92 65 -83
92 66 53
92 67 9
92 69 2
92 72 62
92 73 63
92 74 -40
92 75 -69
92 77 51
92 78 -32
92 80 -71
92 82 -87
92 84 45
92 86 -20
92 89 -26
92 90 29
92 91 83
92 92 -71
92 93 -68
92 94 -86
92 95 -40
92 96 -28
92 97 -46
92 98 -76
93 0 -29
93 1 -10
93 2 36
93 3 -17
93 4 10
93 5 -54
93 6 95
93 7 70
93 10 63
93 11 75
93 12 49
93 13 4
93 14 1
93 15 -22
93 17 56
93 18 -53
93 21 -4
93 23 61
93 24 -94
93 25 -75
93 28 33
93 29 -83
93 32 2
93 33 -66
93 35 -81
93 36 23
93 37 -47
93 38 -30
93 40 -98
93 41 -55
93 42 37
93 43 32
93 44 -39
93 46 9
93 48 6
93 50 -76
93 52 -98
93 53 96
93 54 63
93 57 -37
93 58 -48
93 59 -7
93 62 -73
93 63 -77
93 64 98
93 65 53
93 67 -43
93 69 14
93 71 22
93 73 37
93 74 88
93 76 14
93 77 9
93 79 -56
93 80 -68
93 81 -45
93 82 90
93 83 79
93 84 27
93 85 54
93 87 -63
93 89 -39
93 90 -54
93 91 -39
93 92 -32
93 94 25
93 98 63
94 0 14
94 1 -74
94 2 75
94 5 -12
94 6 -94
94 7 50
94 10 -70
94 11 24
94 13 -68
94 14 -74
94 15 53
94 17 -7
94 18 89
94 19 -74
94 20 -83
94 21 -21
94 23 70
94 24 -13
94 25 62
94 26 -6
94 27 83
94 29 -50
94 31 82
94 33 97
94 34 19
94 36 -52
94 37 -54
94 38 51
94 39 -81
94 40 -71
94 42 99
94 43 -41
94 44 83
94 45 -83
94 47 24
94 48 -43
94 50 -81
94 51 -2
94 53 -73
94 55 7
94 56 1
94 57 17
94 58 -25
94 59 38
94 61 12
94 62 -70
94 64 -100
94 65 -30
94 66 -48
94 68 -89
94 69 -42
94 70 3
94 72 100
94 74 11
94 75 95
94 76 -98
94 78 47
94 79 -75
94 80 89
94 81 89
94 82 18
94 84 -32
94 85 -100
94 86 -52
94 87 -100
94 92 -46
94 93 -90
94 94 -92
94 96 8
94 97 -75
94 99 -99
95 1 -59
95 3 44
95 4 15
95 5 43
95 7 94
95 8 64
95 9 -17
95 12 -12
95 13 -56
95 14 -95
95 15 44
95 18 -44
95 21 78
95 22 -26
95 23 -9
95 25 95
95 28 15
95 29 73
95 30 -65
95 31 -91
95 32 53
95 34 84
95 35 32
95 36 92
95 37 97
95 39 -9
95 40 29
95 43 -3
95 44 -80
95 45 -33
95 48 38
95 49 -99
95 50 -28
95 51 30
95 52 60
95 53 40
95 54 96
95 55 11
95 56 -54
95 57 -35
95 58 -90
95 59 -89
95 61 -62
95 62 -38
95 63 -55
95 66 -70
95 67 -49
95 70 -80
95 73 32
95 74 -95
95 75 -33
95 76 8
95 77 -76
95 78 -58
95 80 75
95 81 89
95 83 29
95 84 -85
95 87 -42
95 88 11
95 89 52
95 90 -25
95 92 -85
95 93 11
95 95 -90
95 97 62
95 98 37
95 99 -43
96 0 -47
96 2 -22
96 6 47
96 7 48
96 10 7
96 11 -16
96 12 -82
96 13 59
96 14 -21
96 15 -21
96 16 70
96 19 -49
96 20 16
96 22 -40
96 23 -49
96 25 56
96 27 27
96 28 -13
96 29 20
96 30 -12
96 32 -12
96 33 19
96 34 -62
96 35 90
96 36 -18
96 37 19
96 38 34
96 39 -23
96 42 -4
96 44 -60
96 45 -84
96 47 48
96 51 87
96 53 -5
96 54 17
96 55 23
96 56 -92
96 58 -47
96 59 -44
96 60 9
96 61 44
96 62 -85
96 63 28
96 64 50
96 65 85
96 66 -98
96 67 100
96 68 -66
96 69 2
96 71 66
96 72 76
96 73 88
96 75 3
96 76 12
96 77 -18
96 78 91
96 79 -54
96 81 64
96 82 58
96 83 -12
96 84 50
96 85 74
96 86 60
96 87 66
96 88 -71
96 90 -7
96 91 95
96 92 -72
96 93 -28
96 94 -78
96 95 -83
96 96 -11
96 97 11
96 98 -20
96 99 27
97 3 -1
97 4 -47
97 5 -39
97 8 -69
97 9 -20
97 12 5
97 14 70
97 19 -40
97 20 13
97 21 26
97 24 -73
97 26 65
97 27 2
97 29 14
97 30 68
97 31 58
97 32 -43
97 33 42
97 35 -68
97 36 68
97 37 96
97 41 -83
97 44 5
97 45 -33
97 46 50
97 47 64
97 48 39
97 49 -38
97 51 -9
97 52 -60
97 54 7
97 56 11
97 57 75
97 58 -62
97 59 -7
97 60 -48
97 61 39
97 63 -5
97 64 -6
97 65 -19
97 66 -99
97 67 24
97 68 -42
97 70 -59
97 71 -72
97 72 38
97 73 18
97 75 -32
97 76 -1
97 78 99
97 79 49
97 80 -92
97 81 -80
97 84 55
97 85 65
97 86 79
97 87 16
97 88 58
97 89 71
97 90 31
97 94 -29
97 95 -76
97 98 53
97 99 -90
98 1 72
98 2 -98
98 3 1
98 4 44
98 5 -9
98 8 8
98 9 -25
98 11 92
98 12 -39
98 13 41
98 14 68
98 15 -47
98 16 1
98 17 3
98 19 -82
98 21 89
98 22 -57
98 24 83
98 27 35
98 28 -37
98 29 97
98 30 16
98 32 79
98 33 -96
98 34 83
98 35 73
98 37 6
98 39 -45
98 42 -27
98 43 74
98 44 88
98 46 5
98 47 52
98 48 6
98 50 -76
98 53 -48
98 57 -24
98 58 -12
98 61 -17
98 65 49
98 66 89
98 67 -61
98 68 13
98 69 -5
98 70 47
98 72 -19
98 73 -40
98 76 -59
98 77 -83
98 78 3
98 79 4
98 81 -89
98 82 43
98 86 50
98 87 -85
98 88 -18
98 89 -94
98 91 -54
98 92 89
98 94 -38
98 95 47
98 96 60
98 97 50
98 98 -97
98 99 78
99 0 -65
99 1 45
99 2 -45
99 3 90
99 4 20
99 6 -80
99 7 -6
99 8 76
99 9 -69
99 11 38
99 12 50
99 13 5
99 17 -98
99 19 45
99 20 -8
99 21 -38
99 22 46
99 24 -5
99 26 90
99 28 -42
99 29 87
99 30 -96
99 31 77
99 32 -83
99 33 33
99 34 -11
99 37 58
99 38 13
99 39 58
99 40 -16
99 42 -93
99 44 -60
99 45 -28
99 46 5
99 47 -8
99 51 -28
99 52 -39
99 53 35
99 54 64
99 56 -95
99 57 23
99 58 6
99 59 -75
99 60 -100
99 62 89
99 64 -28
99 66 97
99 67 -93
99 70 -69
99 72 -35
99 73 -79
99 74 -97
99 75 97
99 76 15
99 77 14
99 78 -78
99 80 25
99 81 -15
99 82 -24
99 86 -33
99 87 50
99 88 -55
99 89 19
99 94 50
99 95 -27
99 96 -89
99 97 66
99 99 63