0 0 -23
0 1 9
0 2 -93
0 3 -32
0 4 -61
0 5 42
0 6 98
0 7 64
0 8 -72
0 9 19
1 0 51
1 1 55
1 2 -3
1 3 95
1 4 29
1 5 15
1 6 69
1 7 -6
1 8 -22
1 9 -39
2 0 -57
2 1 -70
2 2 -57
2 3 50
2 4 32
2 5 15
2 6 -82
2 8 -60
2 9 27
3 0 50
3 1 -6
3 2 -99
3 3 19
3 4 -53
3 5 -53
3 6 47
3 7 47
3 8 -60
3 9 98
4 0 -45
4 2 29
4 3 80
4 4 30
4 5 14
4 6 -42
4 7 99
4 8 -9
4 9 20
5 0 65
5 1 -4
5 2 91
5 3 -92
5 4 -25
5 5 39
5 6 -86
5 7 15
5 8 58
5 9 23
6 0 93
6 1 -79
6 2 -8
6 3 56
6 4 69
6 5 46
6 6 93
6 7 -74
6 8 -85
6 9 96
7 0 -82
7 1 -44
7 2 76
7 3 27
7 4 -38
7 5 20
7 6 58
7 7 -46
7 8 99
7 9 1
8 0 -49
8 1 -2
8 2 -15
8 4 69
8 5 39
8 6 17
8 7 7
8 8 23
8 9 -89
9 0 -63
9 1 15
9 2 20
9 3 35
9 4 -52
9 5 1
9 6 9
9 8 -76
9 9 -58