0 2 1
0 27 83
0 58 36
0 69 85
0 73 24
0 98 52
1 18 -66
1 53 -22
1 61 91
1 63 2
1 92 -12
2 0 97
2 40 -42
2 59 70
3 2 1
3 17 55
3 24 99
3 43 14
3 44 50
3 46 -95
3 55 64
3 58 61
3 90 40
3 98 -44
5 56 89
5 57 19
5 65 56
5 98 68
6 25 -100
6 41 -15
6 54 59
6 82 97
7 11 -27
7 13 16
7 51 -99
7 63 59
7 95 27
7 96 -2
8 53 80
8 73 -94
8 77 81
8 89 62
8 90 -56
9 41 -85
9 62 -39
9 74 9
9 82 74
9 83 -51
9 84 6
9 86 -88
9 95 40
10 17 -51
10 61 18
10 80 24
11 0 -55
11 47 12
11 48 58
12 0 72
12 39 -19
12 51 -10
13 6 -75
13 9 -68
13 31 53
13 35 93
13 67 -50
13 77 -19
13 78 -90
13 94 -83
13 95 63
14 19 -6
14 28 -20
14 44 -72
14 60 83
14 75 -53
14 76 -48
15 66 -17
15 84 -26
16 15 27
16 36 -13
16 45 -97
16 78 92
17 77 -50
17 96 15
18 10 60
18 46 62
18 52 -88
18 58 -7
18 65 56
18 72 -73
18 82 41
19 31 -35
19 35 94
20 3 83
20 54 99
21 5 64
21 20 -69
21 54 91
21 86 81
21 92 -46
21 93 75
22 29 -88
22 54 -70
22 58 -71
23 17 -70
23 26 17
23 60 72
23 86 42
24 30 2
24 95 3
25 19 71
25 37 60
25 41 -92
26 8 9
26 50 -34
27 7 -49
27 33 -26
27 59 -20
28 83 -66
29 49 -92
29 64 -57
30 12 69
30 17 33
30 28 65
30 73 -86
30 75 -92
31 37 84
31 42 -83
31 54 -79
32 9 -66
32 23 -46
32 28 71
33 42 -60
33 43 -7
33 44 -17
33 60 -8
33 92 -98
34 36 59
34 40 71
34 59 -4
34 92 -65
35 5 -11
35 6 -94
35 67 -74
35 81 55
35 92 -54
36 29 57
36 67 77
36 68 87
36 90 -8
37 6 -78
37 17 89
37 75 44
37 83 100
37 90 23
38 37 65
38 88 -36
38 96 -33
39 7 -8
39 8 32
39 25 69
39 36 -53
39 91 75
40 21 68
40 30 98
40 35 6
40 48 97
40 74 -6
40 80 18
41 7 93
41 11 68
41 16 -10
41 20 -100
41 30 69
41 49 94
41 67 -81
41 78 65
42 25 4
42 29 21
42 30 -81
42 68 42
43 9 58
43 61 -13
43 68 40
43 73 59
43 78 -75
44 7 -71
44 15 46
44 42 -85
44 48 -18
44 74 3
45 14 -42
45 80 -33
46 0 -96
46 28 38
46 49 38
46 70 9
46 71 -4
47 40 -57
47 86 71
48 30 31
48 47 20
48 51 -33
48 63 56
48 92 16
49 6 -69
49 19 -88
49 30 -88
49 36 -34
49 45 -58
49 51 -33
50 59 -6
50 95 -95
51 13 44
51 21 -97
51 31 45
51 62 -37
51 72 61
51 76 51
52 2 -91
52 40 35
52 50 -76
53 3 -75
53 23 -79
53 42 -98
53 97 -23
54 13 30
54 19 -30
54 25 72
54 32 51
54 54 74
54 70 -14
54 72 -80
54 85 41
55 27 86
55 32 -97
55 45 -62
55 86 -80
55 89 87
56 72 -59
57 23 21
58 5 -26
58 17 62
58 49 -60
58 60 -21
58 77 84
59 11 86
59 24 -48
59 60 -47
59 67 -81
60 83 -21
60 87 -9
61 58 33
61 71 -1
61 84 -89
61 87 -80
61 90 -78
61 93 42
62 23 -95
62 69 27
63 15 68
63 34 -30
63 48 68
63 78 -61
65 14 -12
65 43 81
65 52 75
65 53 62
65 54 72
65 88 -31
66 23 -60
66 30 77
66 41 82
66 73 -69
67 3 49
67 29 -60
67 44 93
67 49 -16
67 55 -55
67 93 -8
67 96 58
68 59 -12
68 61 -1
69 1 90
69 4 15
69 22 26
69 24 -35
69 27 -32
70 12 -75
70 80 -26
71 27 83
71 28 -47
71 69 43
71 97 -59
72 39 -40
72 46 -39
72 52 75
72 91 15
72 93 91
73 15 1
73 23 -12
73 56 1
73 83 53
74 38 -42
74 63 -25
74 69 -40
74 74 17
75 9 23
75 23 85
75 27 -40
75 33 -48
75 42 -38
75 82 -22
76 13 -61
76 40 53
76 60 55
76 87 -20
77 5 -61
77 8 -81
77 14 79
77 24 16
78 7 26
79 27 -79
79 98 93
80 49 -94
80 74 -60
80 76 -56
81 0 24
81 7 -61
81 27 12
81 29 11
81 52 5
81 59 -47
81 75 56
81 97 10
82 58 95
82 72 89
83 25 -7
83 38 -89
83 60 -37
83 65 -44
84 16 54
84 38 82
84 39 -90
84 65 10
85 52 53
85 72 -61
86 4 56
86 9 5
86 12 83
86 34 -33
86 38 -33
87 13 -54
87 32 -99
87 86 51
87 90 -81
87 96 -54
88 1 55
88 5 47
88 30 -44
88 35 43
88 61 29
88 67 47
88 74 -49
88 86 74
89 56 -56
89 65 -88
90 18 5
90 20 -29
90 34 -30
90 49 14
90 73 11
91 8 49
91 50 -98
91 65 -87
91 94 89
91 96 -73
92 11 2
92 34 28
92 77 -56
93 2 29
94 46 -72
94 61 -17
94 85 75
94 87 -100
94 93 43
95 9 75
95 25 -17
95 57 -23
95 86 -90
96 3 68
96 11 14
96 12 -51
96 17 -65
96 50 78
97 86 20
97 89 -82
98 60 -87
99 72 -53
99 80 -56
99 94 36