0 0 -60
0 1 -95
0 2 19
0 4 -97
0 5 -67
0 6 -28
0 9 -95
1 3 33
1 4 -54
1 5 -44
1 7 69
1 8 70
1 9 -75
2 0 28
2 1 -73
2 2 73
2 4 -27
2 6 -51
2 7 55
2 8 93
2 9 -21
3 2 -15
3 4 -79
3 5 -12
3 6 -69
3 9 17
4 0 20
4 1 53
4 3 81
4 5 66
4 6 -74
4 7 88
4 8 -76
4 9 73
5 0 -71
5 1 -74
5 2 6
5 5 -4
5 6 67
5 7 -72
5 8 64
5 9 89
6 0 48
6 1 -10
6 2 48
6 3 77
6 4 90
6 5 4
6 8 -38
7 0 -90
7 1 -74
7 2 7
7 3 83
7 4 32
7 6 19
7 7 41
7 8 -82
8 0 49
8 2 56
8 4 34
8 6 -53
8 7 59
8 9 68
9 0 -23
9 2 33
9 3 -37
9 4 74
9 5 85
9 7 -4
9 8 -16