0 1 21
0 15 -93
0 25 49
0 34 72
0 50 -10
0 63 -67
0 64 73
0 68 -71
0 85 82
0 95 -57
0 104 21
0 106 35
0 108 -80
0 122 -28
0 125 -31
0 131 -91
0 133 55
0 135 -22
1 2 70
1 18 -34
1 29 -56
1 36 11
1 44 16
1 51 -63
1 52 -77
1 55 -47
1 58 3
1 66 -45
1 81 -94
1 127 31
1 145 -40
2 3 43
2 28 -44
2 29 10
2 41 -11
2 56 -19
2 58 -86
2 70 54
2 71 -97
2 82 -75
2 98 -91
2 108 -38
2 110 -34
2 126 -55
2 131 24
2 135 -32
2 136 98
2 137 -22
2 146 41
2 148 26
2 149 16
3 14 21
3 22 -42
3 44 3
3 47 -62
3 48 -44
3 51 93
3 65 100
3 70 -16
3 71 25
3 78 -45
3 80 -72
3 84 -90
3 93 75
3 109 -22
3 111 -19
3 119 -22
3 121 -99
3 124 27
3 128 -67
3 133 -99
3 140 6
3 143 -53
4 2 67
4 16 5
4 21 -55
4 24 -49
4 36 -20
4 41 -22
4 43 -74
4 47 83
4 54 79
4 56 35
4 78 82
4 84 -34
4 88 -66
4 91 -97
4 97 17
4 100 14
4 119 -56
4 127 -26
4 138 -79
4 139 7
4 144 -53
5 4 -93
5 36 -14
5 54 -30
5 58 -42
5 60 60
5 69 52
5 71 100
5 79 -89
5 94 81
5 95 -25
5 112 1
5 124 65
5 126 51
5 128 -86
6 5 56
6 11 -6
6 21 47
6 36 -76
6 37 -75
6 40 93
6 55 -2
6 56 24
6 60 29
6 69 64
6 77 -94
6 85 48
6 86 -53
6 93 -78
6 104 63
6 119 -13
6 129 67
6 133 19
6 139 29
6 146 -94
6 147 -90
7 11 54
7 12 83
7 15 -2
7 30 4
7 31 -19
7 37 52
7 39 38
7 51 -68
7 52 80
7 56 -40
7 64 -24
7 69 20
7 83 92
7 93 -45
7 97 90
7 102 -11
7 106 50
7 111 -20
7 113 13
7 132 -60
7 139 6
7 142 -52
7 143 96
7 145 -57
7 148 52
8 0 -6
8 2 41
8 6 -84
8 8 60
8 11 7
8 12 29
8 19 -67
8 29 -1
8 36 -27
8 39 -93
8 42 51
8 46 -86
8 49 -22
8 57 -32
8 59 25
8 76 36
8 82 -78
8 97 92
8 98 57
8 120 -18
8 121 74
8 122 -6
8 128 48
8 137 -80
8 142 -96
8 144 -97
8 146 92
9 0 24
9 3 25
9 22 17
9 24 76
9 26 58
9 28 32
9 31 100
9 38 -67
9 40 -64
9 59 49
9 77 46
9 79 83
9 82 -98
9 87 54
9 89 55
9 95 55
9 100 -17
9 104 34
9 113 36
9 115 -59
9 128 38
9 133 45
9 149 -49
10 2 -64
10 11 -26
10 16 -99
10 20 -88
10 27 79
10 52 -55
10 53 41
10 58 16
10 67 -70
10 71 99
10 76 91
10 79 43
10 87 9
10 98 -80
10 102 -81
10 103 100
10 106 -76
10 115 92
10 116 17
10 136 -15
10 145 19
10 146 -20
11 5 -11
11 25 -77
11 27 54
11 43 10
11 49 -67
11 54 53
11 58 94
11 63 69
11 76 -57
11 80 -28
11 84 -98
11 91 -38
11 94 -28
11 109 28
11 111 39
11 118 -92
11 128 -46
11 133 3
11 140 -63
11 141 -93
11 146 67
11 149 -16
12 3 66
12 6 40
12 9 -74
12 15 -65
12 26 -76
12 32 56
12 42 49
12 59 54
12 64 50
12 70 -40
12 94 27
12 96 58
12 102 48
12 103 57
12 104 -23
12 113 74
12 116 -75
12 123 64
12 131 27
12 136 -49
13 0 -51
13 11 -98
13 22 -36
13 25 27
13 32 45
13 33 17
13 35 -12
13 38 66
13 54 28
13 65 67
13 75 32
13 78 65
13 93 86
13 104 76
13 105 -38
13 117 14
13 122 6
13 127 58
13 140 -54
13 147 -16
13 148 22
14 3 29
14 7 -42
14 9 -98
14 14 18
14 16 2
14 24 -4
14 33 -37
14 37 -3
14 44 7
14 50 75
14 65 -44
14 68 13
14 73 -47
14 74 54
14 96 87
14 102 96
14 104 92
14 109 -58
14 118 -16
14 119 50
14 130 53
14 142 37
14 148 25
15 7 -11
15 8 -96
15 9 -80
15 15 60
15 19 27
15 57 -83
15 60 -9
15 65 93
15 68 -72
15 70 39
15 84 65
15 90 -58
15 100 -72
15 102 -73
15 103 -2
15 112 24
15 122 -28
15 127 -1
15 130 -46
15 131 -72
15 139 -58
15 146 64
15 147 -52
16 12 15
16 21 10
16 32 -7
16 41 -76
16 54 -8
16 58 6
16 77 -49
16 84 -20
16 89 -72
16 91 -20
16 99 94
16 101 76
16 122 -29
16 137 -13
17 2 -16
17 13 -98
17 20 44
17 31 14
17 42 95
17 49 13
17 53 31
17 55 -61
17 62 5
17 70 -45
17 71 25
17 76 -20
17 77 -7
17 86 72
17 88 32
17 91 -17
17 94 70
17 100 93
17 101 -70
17 114 28
17 125 -48
17 135 -7
17 140 -81
17 148 -2
18 4 12
18 7 61
18 14 -13
18 21 -91
18 23 -48
18 36 1
18 39 -5
18 51 -12
18 66 30
18 68 -10
18 69 34
18 71 -68
18 90 24
18 102 26
18 108 -33
18 113 1
18 116 -4
18 119 70
18 129 62
18 132 2
18 137 -9
18 146 -69
19 0 56
19 10 -81
19 11 -12
19 19 -25
19 28 -39
19 41 28
19 47 57
19 50 84
19 57 26
19 64 -10
19 66 88
19 68 -31
19 85 23
19 92 89
19 102 15
19 103 -22
19 131 -64
19 132 7
19 144 85
20 11 33
20 15 2
20 27 61
20 33 89
20 35 86
20 39 -22
20 42 68
20 43 -87
20 45 -42
20 46 21
20 51 37
20 53 17
20 54 -57
20 64 -60
20 70 -18
20 73 42
20 79 80
20 80 61
20 89 -68
20 92 33
20 128 86
20 137 -82
20 143 9
21 3 -100
21 10 98
21 12 73
21 17 78
21 23 -77
21 40 -89
21 48 -71
21 50 -47
21 57 56
21 67 -90
21 69 -76
21 70 5
21 81 75
21 84 -74
21 87 61
21 95 -57
21 104 -38
21 117 34
21 120 -72
21 124 41
21 130 -71
21 133 97
21 137 36
22 0 20
22 11 52
22 28 83
22 35 -5
22 37 -83
22 43 5
22 49 -74
22 60 68
22 66 1
22 71 -11
22 78 100
22 84 34
22 98 15
22 109 -82
22 113 17
22 114 95
22 119 -33
22 120 88
22 124 92
22 126 82
22 133 64
22 146 -57
23 5 -34
23 9 81
23 11 -86
23 41 -55
23 51 -13
23 52 -57
23 65 -38
23 67 -24
23 70 -6
23 71 -73
23 90 21
23 110 -47
23 123 73
23 131 -97
23 136 75
23 139 81
23 140 -71
23 144 7
24 1 -16
24 28 92
24 35 -37
24 37 1
24 47 87
24 59 -86
24 70 -98
24 74 -63
24 82 -10
24 90 49
24 92 86
24 97 80
24 120 83
24 124 10
24 128 -17
24 136 64
24 137 10
24 144 -77
24 146 43
25 5 74
25 12 43
25 24 36
25 27 13
25 41 -64
25 46 -95
25 65 14
25 66 57
25 74 14
25 76 42
25 83 6
25 88 88
25 97 -21
25 113 53
25 114 70
25 115 47
25 118 21
25 124 40
25 149 -62
26 0 83
26 10 77
26 14 -42
26 26 63
26 44 -8
26 52 1
26 54 -26
26 60 63
26 70 -42
26 72 -75
26 75 -96
26 82 -97
26 85 -3
26 87 49
26 94 68
26 97 36
26 102 -17
26 111 -21
26 116 81
26 119 -21
26 124 82
26 127 -100
26 128 -100
26 134 100
26 139 27
26 142 -47
26 147 16
27 2 89
27 4 -90
27 26 91
27 34 -62
27 38 31
27 45 -8
27 46 91
27 55 58
27 69 41
27 72 -79
27 76 8
27 83 -29
27 87 -54
27 88 -44
27 90 -27
27 116 8
27 119 35
27 123 68
28 7 58
28 16 46
28 33 98
28 43 -35
28 45 27
28 50 64
28 51 -70
28 54 77
28 56 90
28 63 -50
28 64 -72
28 66 11
28 67 -50
28 70 23
28 80 73
28 81 25
28 92 57
28 96 83
28 97 -32
28 111 -27
28 113 -76
28 120 73
28 131 -36
28 144 41
28 145 -98
29 4 34
29 23 -35
29 40 -87
29 43 -78
29 51 72
29 52 -10
29 63 66
29 67 46
29 76 -37
29 82 -82
29 118 77
29 138 61
29 144 -26
29 147 18
30 3 -14
30 4 -72
30 7 -48
30 13 -57
30 18 87
30 43 -56
30 44 16
30 46 -31
30 49 85
30 62 2
30 70 27
30 71 -44
30 82 94
30 88 10
30 96 95
30 106 -48
30 115 19
30 117 3
30 129 -93
30 130 -81
30 131 68
30 135 -66
30 143 8
30 146 -19
30 148 5
31 3 91
31 5 94
31 18 -15
31 36 -8
31 38 -20
31 48 -95
31 52 -96
31 53 -5
31 70 88
31 79 -8
31 103 -10
31 104 44
31 106 8
31 108 78
31 119 61
31 124 -31
31 131 -29
31 136 3
31 138 -21
31 139 5
31 145 -26
32 2 -95
32 21 6
32 28 76
32 30 78
32 44 -20
32 45 -10
32 51 -76
32 70 -25
32 79 45
32 104 35
32 126 40
32 131 -1
32 133 81
32 137 37
32 142 -66
33 15 23
33 24 -88
33 34 82
33 36 -45
33 39 17
33 42 99
33 49 -96
33 51 28
33 54 22
33 57 81
33 75 25
33 76 -21
33 82 13
33 102 -60
33 105 99
33 113 25
33 126 23
33 129 78
33 146 58
33 148 47
34 5 58
34 25 -30
34 41 98
34 42 26
34 43 19
34 64 -17
34 65 -87
34 67 91
34 73 -20
34 78 -95
34 88 -47
34 100 3
34 121 -15
34 123 1
34 130 -46
34 137 -6
34 139 -25
35 14 -92
35 15 99
35 18 72
35 37 83
35 38 -47
35 51 -47
35 57 44
35 75 21
35 85 -35
35 86 97
35 88 -30
35 93 -29
35 95 34
35 96 -68
35 108 -48
35 113 -53
35 114 -47
35 127 -37
35 129 -63
36 12 -71
36 14 -48
36 22 86
36 29 86
36 33 70
36 44 -16
36 55 79
36 69 -21
36 71 74
36 76 -73
36 88 18
36 90 -74
36 92 45
36 97 67
36 101 24
36 111 -39
36 112 -78
36 120 26
36 133 41
36 139 29
36 144 -38
36 146 -89
37 9 -87
37 20 -5
37 22 75
37 32 -88
37 36 -78
37 41 82
37 43 24
37 52 53
37 57 63
37 64 11
37 72 -35
37 89 49
37 90 -92
37 93 99
37 105 -49
37 107 32
37 113 -64
37 115 -59
37 118 -35
37 130 53
37 142 59
37 143 1
38 4 83
38 19 46
38 42 96
38 46 -98
38 55 65
38 68 -24
38 85 47
38 96 -85
38 99 87
38 115 -65
38 117 79
38 126 -41
38 132 77
38 135 -28
39 2 63
39 15 -98
39 21 -54
39 22 -50
39 52 -17
39 53 7
39 57 -98
39 73 6
39 74 67
39 76 88
39 116 72
39 128 -83
39 130 63
39 132 45
39 137 -25
39 142 39
39 143 -72
39 148 93
40 2 10
40 30 -77
40 39 -3
40 46 24
40 51 33
40 60 -50
40 61 84
40 63 49
40 65 -17
40 67 64
40 76 27
40 86 37
40 88 30
40 92 -82
40 96 -67
40 103 52
40 111 32
40 115 100
40 126 18
40 143 -8
40 144 -51
40 147 -36
41 9 -46
41 19 -41
41 23 8
41 24 -91
41 26 89
41 38 -97
41 40 -17
41 54 -12
41 61 -40
41 62 95
41 63 -28
41 65 -93
41 67 -52
41 78 -99
41 80 28
41 96 18
41 103 -19
41 119 41
41 127 -64
42 2 -69
42 8 47
42 16 -60
42 21 -44
42 22 -45
42 33 -66
42 36 -53
42 37 38
42 49 90
42 78 -37
42 79 82
42 87 48
42 88 -94
42 93 40
42 96 56
42 102 34
42 110 90
42 113 27
42 116 -2
42 120 68
42 125 23
42 135 28
43 4 65
43 6 21
43 8 51
43 15 -62
43 29 46
43 39 -30
43 42 3
43 46 50
43 50 39
43 65 8
43 68 -59
43 69 -43
43 76 -36
43 86 -52
43 87 -100
43 92 -47
43 106 -77
43 117 -92
43 125 -62
43 126 -36
43 127 -73
43 138 -12
44 9 21
44 10 86
44 32 60
44 36 -3
44 53 -38
44 73 36
44 85 -56
44 92 -94
44 108 71
44 110 -77
44 113 -14
44 117 7
44 119 23
44 125 44
44 126 54
44 127 -4
44 129 20
45 2 71
45 6 -72
45 13 7
45 16 -86
45 38 74
45 52 81
45 81 39
45 99 5
45 105 -67
45 114 9
45 128 -53
45 130 -42
45 140 54
45 147 -50
45 149 -22
46 8 -73
46 16 -74
46 18 -61
46 23 -74
46 29 -92
46 48 9
46 49 -98
46 56 21
46 62 33
46 64 -89
46 72 -44
46 75 -54
46 81 35
46 86 14
46 90 -56
46 105 17
46 106 -54
46 111 -79
46 120 42
46 126 -73
46 127 75
46 128 53
47 7 25
47 9 94
47 12 70
47 16 53
47 25 68
47 26 65
47 28 1
47 41 -93
47 50 -88
47 58 -61
47 71 -40
47 74 73
47 84 68
47 89 -16
47 93 46
47 97 31
47 109 68
47 118 84
47 131 -43
47 142 -33
47 145 14
47 149 67
48 42 68
48 63 15
48 65 3
48 77 10
48 80 -52
48 84 78
48 85 62
48 88 -18
48 91 94
48 95 -12
48 100 82
48 106 -70
48 110 -79
48 117 43
49 3 -51
49 5 -60
49 14 29
49 16 -51
49 19 -60
49 25 73
49 32 -79
49 46 -26
49 50 -67
49 51 6
49 52 -15
49 53 -76
49 65 -37
49 68 -52
49 72 91
49 76 -98
49 86 -90
49 120 -42
49 127 69
49 144 -55
50 17 30
50 38 -99
50 42 -68
50 43 -69
50 57 -25
50 70 -16
50 76 -6
50 81 -81
50 85 -84
50 100 -12
50 108 36
50 144 -99
51 7 -42
51 12 93
51 16 -85
51 25 63
51 26 46
51 27 -32
51 29 17
51 45 -37
51 51 -34
51 70 -72
51 89 39
51 94 -76
51 117 22
51 126 -98
51 133 98
51 139 19
52 1 -2
52 3 -82
52 32 -60
52 38 5
52 41 -63
52 45 56
52 64 -82
52 77 19
52 82 40
52 88 32
52 89 85
52 99 -35
52 101 -77
52 116 -47
52 125 -44
52 129 42
52 131 -39
52 139 93
53 6 7
53 11 -80
53 19 27
53 44 -69
53 47 -74
53 48 -4
53 58 11
53 62 51
53 71 -13
53 78 36
53 87 -44
53 92 -53
53 100 -71
53 126 -41
53 129 78
53 132 13
54 3 82
54 7 45
54 10 -72
54 12 85
54 37 3
54 38 37
54 39 -20
54 49 -16
54 71 19
54 74 95
54 76 21
54 105 -34
54 107 10
54 115 66
54 116 -74
54 119 11
54 123 49
54 143 -97
54 144 84
55 0 -99
55 1 -66
55 10 -11
55 20 98
55 23 -17
55 37 -80
55 56 1
55 59 49
55 64 46
55 76 -21
55 82 69
55 83 -57
55 87 65
55 106 -41
55 122 -36
55 123 -98
55 130 -34
55 137 -38
55 139 -24
55 141 -50
56 3 82
56 11 -85
56 19 18
56 54 -66
56 57 60
56 59 -34
56 63 58
56 69 33
56 86 21
56 98 26
56 108 82
56 109 37
56 114 25
56 117 20
56 118 -37
56 128 -36
56 132 1
56 135 -48
56 144 59
56 145 81
56 149 29
57 15 40
57 22 66
57 24 -39
57 35 19
57 36 96
57 40 -19
57 45 18
57 46 -31
57 70 12
57 71 -51
57 73 99
57 78 -23
57 85 62
57 101 15
57 114 44
57 136 52
57 144 73
57 148 12
58 12 23
58 40 77
58 45 40
58 46 59
58 55 -55
58 59 16
58 64 97
58 77 57
58 81 -40
58 82 -82
58 90 8
58 91 59
58 119 -18
58 130 -75
58 138 39
58 141 -33
59 7 46
59 13 -71
59 16 37
59 31 -91
59 35 -64
59 36 -54
59 39 79
59 41 -64
59 49 -9
59 50 -34
59 54 70
59 60 47
59 63 26
59 71 -90
59 77 -4
59 90 -13
59 91 89
59 93 27
59 98 8
59 108 -11
59 126 89
59 128 -56
59 135 -13
59 141 84
60 6 93
60 8 36
60 13 21
60 34 36
60 39 -54
60 40 -9
60 44 8
60 50 95
60 56 39
60 64 -91
60 68 -13
60 82 29
60 88 -93
60 91 -52
60 92 -50
60 98 41
60 103 94
60 104 -91
60 120 -100
60 131 30
60 136 41
60 140 28
60 146 67
61 5 12
61 8 -87
61 10 -92
61 19 -22
61 25 6
61 42 -82
61 44 -100
61 52 37
61 53 1
61 56 39
61 62 -73
61 72 -36
61 81 -16
61 85 84
61 89 -74
61 95 -65
61 98 89
61 101 92
61 108 -82
61 110 -17
61 111 19
61 118 78
61 124 20
61 138 -51
61 141 81
61 142 -89
61 143 -4
61 147 -58
62 16 -74
62 20 -79
62 35 79
62 38 -7
62 46 -9
62 66 42
62 70 23
62 74 56
62 76 -51
62 78 -13
62 79 20
62 87 -48
62 89 57
62 98 -18
62 100 -83
62 118 62
62 122 -83
62 134 -16
63 0 43
63 10 -78
63 17 15
63 20 23
63 22 68
63 26 15
63 37 79
63 38 48
63 58 34
63 75 -46
63 84 62
63 102 44
63 108 -53
63 111 -67
63 115 -8
63 135 14
63 146 52
64 18 -6
64 24 -12
64 35 28
64 79 -81
64 104 -28
64 108 -55
64 117 100
64 128 9
64 134 -87
64 136 60
64 137 -91
64 142 49
64 146 34
65 0 49
65 24 -63
65 35 16
65 42 53
65 45 77
65 48 52
65 49 79
65 74 75
65 101 -7
65 106 -4
65 107 62
65 108 83
65 111 -58
65 148 51
66 4 13
66 13 -65
66 19 14
66 33 -46
66 54 -90
66 71 -59
66 72 38
66 79 76
66 94 70
66 118 -58
66 119 -78
66 125 -76
66 126 19
66 128 -17
66 132 -65
66 137 -81
66 139 -44
66 148 -41
67 4 90
67 15 -53
67 20 84
67 35 53
67 50 30
67 74 -83
67 79 -64
67 80 -48
67 102 68
67 103 66
67 106 -49
67 113 27
67 127 48
67 128 95
67 141 100
67 144 60
67 146 -12
68 0 72
68 12 -51
68 28 42
68 33 -66
68 42 72
68 49 1
68 51 26
68 55 80
68 79 25
68 80 -46
68 90 -13
68 95 5
68 97 -85
68 103 25
68 104 12
68 122 -30
69 4 -80
69 11 -27
69 19 -34
69 28 -50
69 51 57
69 64 -89
69 69 16
69 79 -46
69 82 -30
69 88 -34
69 91 85
69 92 -41
69 96 -72
69 108 -90
69 111 -96
69 116 -62
69 129 92
69 135 -98
70 7 -29
70 10 -27
70 11 -25
70 20 16
70 28 -64
70 31 -14
70 34 -94
70 38 -88
70 40 -35
70 43 -19
70 51 82
70 68 72
70 69 99
70 71 -95
70 76 62
70 79 -48
70 81 47
70 86 -17
70 103 47
70 107 24
70 109 24
70 128 59
70 140 59
71 23 26
71 25 39
71 43 67
71 51 -94
71 65 -83
71 70 59
71 75 -69
71 78 14
71 79 51
71 84 40
71 95 -28
71 98 86
71 120 -88
71 144 2
72 0 -6
72 2 -57
72 9 -56
72 18 100
72 23 76
72 29 -66
72 32 4
72 36 -37
72 39 45
72 44 1
72 50 31
72 52 16
72 53 34
72 55 -34
72 71 40
72 87 41
72 89 -33
72 106 -78
72 132 21
73 0 -15
73 1 -56
73 12 -51
73 14 -94
73 22 -66
73 40 100
73 41 -12
73 56 25
73 59 -32
73 60 32
73 80 -24
73 85 -67
73 95 8
73 98 -88
73 110 -63
73 114 79
73 124 49
73 126 -89
73 127 -12
73 128 -60
73 133 -23
73 135 8
74 0 -59
74 2 28
74 20 -49
74 43 48
74 46 66
74 59 48
74 67 68
74 76 63
74 83 -53
74 88 7
74 93 92
74 94 16
74 97 -27
74 103 -5
74 104 -20
74 111 -11
74 114 65
74 126 12
74 146 -43
74 149 -21
75 1 -19
75 10 93
75 18 -60
75 22 -84
75 33 -28
75 39 19
75 55 45
75 57 -58
75 58 45
75 73 65
75 76 -2
75 90 -3
75 91 86
75 95 74
75 104 -69
75 105 29
75 109 55
75 115 12
75 124 -69
75 125 -28
75 133 -29
75 135 -72
75 141 -64
75 144 82
76 5 27
76 11 -61
76 15 52
76 16 9
76 24 -81
76 25 -89
76 33 -1
76 37 -70
76 56 24
76 63 -37
76 66 -81
76 69 57
76 73 40
76 77 -55
76 78 85
76 84 24
76 86 95
76 91 -67
76 94 -72
76 103 80
76 107 -75
76 123 -85
76 130 20
76 140 -84
76 143 -88
76 148 14
77 7 19
77 25 10
77 48 31
77 49 -44
77 54 -85
77 69 -18
77 75 -20
77 78 -43
77 85 -44
77 96 -33
77 100 1
77 101 80
77 104 23
77 107 61
77 113 21
77 128 30
77 146 -99
78 2 22
78 20 -39
78 24 -11
78 27 71
78 29 -28
78 31 -56
78 32 46
78 33 99
78 42 -71
78 45 -31
78 49 -90
78 52 78
78 68 57
78 83 -14
78 85 13
78 97 93
78 117 7
78 120 -51
78 129 54
78 134 -87
78 141 38
78 142 56
79 5 56
79 6 88
79 10 38
79 12 -19
79 14 -58
79 38 -15
79 67 -70
79 71 59
79 84 7
79 111 -12
79 115 10
79 117 -67
79 131 93
79 136 -15
79 137 -22
79 140 -83
80 9 -38
80 11 65
80 13 72
80 31 -45
80 36 12
80 50 -98
80 51 -82
80 71 -80
80 77 5
80 79 14
80 85 36
80 86 24
80 100 -5
80 102 -61
80 103 14
80 116 68
80 142 -23
80 145 -70
81 2 68
81 4 88
81 13 -89
81 20 -34
81 26 -36
81 33 -53
81 38 -7
81 47 3
81 51 -61
81 54 59
81 57 95
81 67 5
81 70 -91
81 83 -97
81 87 -94
81 90 -23
81 92 -25
81 93 -69
81 94 -7
81 95 83
81 101 79
81 107 -7
81 117 64
81 140 -48
81 146 -50
82 13 -58
82 14 -71
82 21 65
82 25 6
82 27 20
82 35 -50
82 38 84
82 39 28
82 51 -54
82 57 81
82 62 -12
82 76 82
82 87 -80
82 103 -79
82 104 -51
82 116 -86
82 121 -11
82 125 67
82 141 31
82 145 -86
82 149 -6
83 0 -63
83 5 -78
83 15 -45
83 23 -81
83 35 -66
83 45 22
83 52 -95
83 62 -20
83 66 1
83 85 63
83 88 -42
83 93 -80
83 98 -88
83 115 -24
83 119 88
83 134 100
83 135 58
83 142 99
83 143 31
83 148 58
84 5 70
84 13 -27
84 28 90
84 32 76
84 37 -38
84 40 -89
84 42 -53
84 45 -97
84 46 -41
84 52 73
84 54 6
84 57 -36
84 63 -46
84 72 -42
84 76 8
84 77 -19
84 78 3
84 79 44
84 91 -60
84 105 80
84 127 -43
84 128 65
84 134 48
84 148 -35
85 8 -70
85 29 15
85 35 3
85 37 53
85 56 26
85 57 50
85 77 -57
85 80 -39
85 100 -35
85 108 48
85 146 -15
86 9 19
86 21 80
86 37 -96
86 42 67
86 54 47
86 65 100
86 66 70
86 90 -15
86 114 47
86 132 -99
86 136 -91
86 141 4
87 8 95
87 14 87
87 15 -72
87 40 -65
87 46 43
87 52 66
87 63 61
87 76 4
87 82 76
87 88 -16
87 92 77
87 96 20
87 103 60
87 110 71
87 112 -96
87 113 90
87 120 43
87 124 -93
87 138 97
87 147 71
88 4 12
88 13 40
88 26 -91
88 29 -68
88 44 39
88 49 -100
88 56 45
88 72 75
88 74 19
88 81 -14
88 87 58
88 93 -35
88 98 -51
88 99 60
88 102 -54
88 105 34
88 109 83
88 115 88
88 116 -5
88 122 -98
88 137 -43
88 141 28
88 149 -68
89 5 -54
89 16 14
89 21 33
89 29 60
89 30 98
89 44 91
89 45 37
89 69 88
89 70 39
89 92 28
89 93 4
89 98 34
89 100 -55
89 107 63
89 110 -84
89 111 -30
89 116 14
89 117 18
89 124 55
89 130 92
89 136 93
89 149 -15
90 0 47
90 1 -4
90 4 -55
90 8 -64
90 50 -90
90 51 80
90 59 -35
90 60 -16
90 61 32
90 69 86
90 71 100
90 81 -39
90 84 6
90 92 79
90 94 -78
90 101 16
90 105 72
90 112 90
90 117 44
90 122 12
90 137 -91
90 139 -7
91 2 17
91 5 -18
91 16 32
91 23 59
91 47 81
91 71 -44
91 74 -21
91 80 48
91 96 -36
91 106 -16
91 115 44
91 128 -90
92 1 -85
92 11 47
92 15 -86
92 16 49
92 26 -51
92 36 -38
92 82 -83
92 83 -44
92 88 -23
92 90 33
92 93 -41
92 96 -91
92 118 26
92 122 -90
92 136 16
93 13 32
93 25 -29
93 27 -53
93 40 -29
93 41 -77
93 43 37
93 51 37
93 54 -100
93 63 -8
93 67 65
93 76 -19
93 77 -82
93 83 -90
93 88 -58
93 89 84
93 91 73
93 95 -92
93 96 -80
93 99 -46
93 101 -97
93 102 -90
93 104 74
93 119 -94
93 123 85
93 143 -62
94 3 -72
94 19 47
94 25 -96
94 27 88
94 31 27
94 34 59
94 47 -68
94 54 47
94 61 46
94 66 -38
94 78 -14
94 85 -97
94 102 65
94 109 -32
94 140 -81
94 145 -54
94 147 -88
95 11 -23
95 13 40
95 16 33
95 18 -17
95 42 -84
95 44 32
95 59 57
95 70 91
95 74 41
95 76 -44
95 77 -40
95 80 73
95 94 -28
95 102 3
95 103 -85
95 106 8
95 118 62
95 119 -11
95 123 -78
96 10 -76
96 12 53
96 13 -80
96 15 -83
96 17 -88
96 23 97
96 27 10
96 36 -6
96 61 17
96 62 15
96 78 -79
96 83 -25
96 92 1
96 95 -81
96 111 41
96 112 65
96 114 70
96 116 40
96 123 13
96 129 41
96 138 64
97 0 7
97 17 -16
97 26 53
97 27 -58
97 29 -61
97 51 -94
97 64 46
97 76 19
97 77 -87
97 79 10
97 87 -39
97 88 -6
97 89 -45
97 90 -8
97 92 51
97 94 76
97 97 54
97 101 -47
97 138 61
97 149 98
98 2 89
98 35 -52
98 37 51
98 41 -64
98 44 -96
98 52 18
98 53 -6
98 68 -42
98 71 79
98 74 -9
98 84 32
98 95 -82
98 106 -19
98 108 -11
98 122 56
98 126 -37
98 128 29
98 130 -36
98 142 31
99 3 -100
99 18 71
99 38 -27
99 40 18
99 41 53
99 46 -44
99 51 55
99 78 -52
99 79 -83
99 83 87
99 88 14
99 111 -46
99 126 -30
99 134 85
99 138 -47
99 140 90
99 141 -41
100 1 56
100 13 31
100 17 -4
100 26 78
100 41 99
100 44 69
100 47 76
100 48 22
100 57 53
100 58 -53
100 86 -99
100 94 -92
100 95 -68
100 104 -8
100 117 77
100 120 59
100 121 -26
100 128 -9
100 131 12
100 132 -29
101 24 54
101 36 45
101 42 48
101 47 52
101 51 -89
101 58 -66
101 64 -36
101 80 31
101 84 83
101 91 -7
101 97 -66
101 111 85
101 127 9
101 145 -63
102 0 25
102 1 59
102 15 -87
102 18 -96
102 19 70
102 24 92
102 51 59
102 56 53
102 57 70
102 60 -52
102 71 -24
102 72 6
102 74 -37
102 86 -23
102 90 6
102 96 -68
102 100 26
102 103 -23
102 114 27
102 116 54
102 118 32
102 130 -39
102 135 -76
102 137 64
103 9 46
103 18 24
103 27 -79
103 32 -3
103 36 71
103 41 79
103 51 45
103 53 -21
103 57 -60
103 59 32
103 65 -37
103 77 22
103 78 98
103 83 -95
103 85 8
103 91 -31
103 127 -38
103 134 66
103 138 -11
104 30 53
104 36 71
104 45 -12
104 50 -95
104 51 56
104 67 -18
104 70 -79
104 73 82
104 77 88
104 82 12
104 86 13
104 107 -63
104 116 50
104 119 -96
104 122 -97
104 131 -6
104 133 -46
104 148 69
105 5 34
105 9 -6
105 12 -4
105 26 -46
105 30 -11
105 37 -81
105 40 -77
105 41 -41
105 46 -39
105 53 -26
105 63 -84
105 73 46
105 78 -99
105 87 -93
105 95 -86
105 100 -12
105 112 -58
105 114 31
105 116 59
105 125 74
106 4 -72
106 8 -81
106 11 -53
106 42 10
106 45 -43
106 46 55
106 54 91
106 71 -36
106 77 74
106 81 45
106 87 54
106 90 23
106 105 -12
106 123 78
106 126 -15
106 129 -32
106 132 38
106 136 33
106 138 90
107 5 19
107 13 -96
107 25 70
107 26 -95
107 32 -15
107 35 -26
107 38 -17
107 43 88
107 54 61
107 61 -37
107 69 -44
107 78 96
107 83 17
107 102 -69
107 103 -92
107 110 -16
107 131 -22
107 140 58
107 141 51
108 1 71
108 15 96
108 18 79
108 21 93
108 36 41
108 38 -45
108 49 -69
108 51 -66
108 54 46
108 59 65
108 64 85
108 82 -33
108 89 -24
108 98 26
108 102 -45
108 104 89
108 123 -52
108 142 23
109 11 -8
109 24 -51
109 25 60
109 50 -10
109 56 -3
109 78 60
109 85 90
109 87 72
109 90 58
109 95 -45
109 103 -17
109 104 -72
109 108 -49
109 110 -83
109 114 76
109 121 36
109 126 98
110 0 -11
110 2 -65
110 3 31
110 5 72
110 12 -36
110 36 73
110 46 -99
110 51 53
110 54 1
110 61 -59
110 64 -85
110 68 -24
110 75 86
110 87 100
110 88 46
110 89 -68
110 97 -63
110 103 80
110 107 48
110 130 -65
110 132 -56
110 133 57
111 4 63
111 10 -40
111 19 -43
111 21 47
111 32 78
111 39 -27
111 44 -55
111 55 -34
111 75 97
111 76 -99
111 80 -94
111 84 -16
111 86 39
111 87 -3
111 94 35
111 97 -19
111 102 -50
111 105 -96
111 122 -80
111 125 -96
111 129 96
111 142 80
111 148 -9
112 13 -57
112 28 30
112 29 -50
112 37 30
112 39 -22
112 53 -4
112 62 -97
112 64 -8
112 70 -9
112 85 -76
112 94 18
112 100 25
112 103 64
112 116 -85
112 123 29
112 136 42
112 142 -14
112 144 75
112 149 -72
113 0 99
113 13 33
113 23 -72
113 25 -39
113 37 68
113 40 71
113 76 -28
113 80 -38
113 87 55
113 93 97
113 100 29
113 105 -26
113 108 -64
113 112 31
113 117 -69
113 123 -8
113 136 -30
114 5 48
114 18 90
114 23 -35
114 49 -79
114 51 6
114 54 -55
114 56 -20
114 57 -59
114 59 50
114 61 38
114 71 56
114 92 -25
114 102 -70
114 105 -31
114 142 -82
115 19 -44
115 45 52
115 50 93
115 71 -35
115 83 18
115 92 -21
115 99 61
115 100 43
115 101 28
115 121 -58
115 125 12
115 126 -24
115 128 9
115 129 -30
115 147 5
115 148 -62
115 149 -27
116 5 -60
116 7 23
116 8 -11
116 14 21
116 22 -64
116 35 -62
116 41 60
116 44 25
116 50 -98
116 67 46
116 70 -63
116 72 -97
116 76 51
116 91 3
116 93 64
116 94 -99
116 95 -24
116 110 98
116 119 -22
116 123 15
116 137 34
116 139 -87
116 143 56
116 147 -95
117 5 -87
117 11 82
117 18 34
117 31 1
117 34 100
117 39 -77
117 47 97
117 55 72
117 57 30
117 64 -4
117 71 -50
117 75 -8
117 81 -11
117 91 -64
117 93 30
117 133 -81
117 140 42
117 149 -51
118 0 -4
118 1 -40
118 17 -90
118 24 -96
118 30 -30
118 31 -100
118 32 60
118 35 94
118 43 14
118 52 -40
118 60 37
118 62 60
118 77 -35
118 86 49
118 91 -39
118 99 -2
118 102 20
118 119 43
118 133 -99
118 142 67
118 143 -13
118 146 12
118 148 60
119 3 25
119 16 45
119 19 -50
119 22 -13
119 32 -74
119 36 -27
119 38 64
119 39 -13
119 45 -3
119 48 49
119 53 12
119 55 -84
119 70 -41
119 85 52
119 90 60
119 92 41
119 93 -77
119 94 99
119 106 48
119 107 44
119 110 -79
119 115 69
119 118 -91
119 130 70
119 134 -77
119 136 -89
119 142 17
119 147 -67
120 17 -35
120 26 -27
120 28 95
120 31 -68
120 33 -45
120 38 -34
120 51 -92
120 53 18
120 54 -92
120 71 28
120 72 -60
120 75 -67
120 79 28
120 81 23
120 87 -30
120 94 28
120 95 -60
120 119 74
120 120 -44
120 126 -15
120 127 86
120 132 34
120 141 32
120 147 73
121 2 94
121 21 28
121 28 -69
121 34 -21
121 40 3
121 57 36
121 67 22
121 77 -2
121 90 -100
121 99 -64
121 111 89
121 129 -22
121 131 -92
121 139 77
121 148 21
122 2 81
122 5 72
122 16 36
122 24 37
122 28 76
122 45 31
122 55 20
122 59 10
122 79 89
122 82 38
122 83 73
122 90 -68
122 92 -41
122 96 -56
122 101 -77
122 103 -12
122 109 4
122 110 85
122 111 -80
122 115 5
122 116 33
122 130 -22
122 136 -61
123 6 24
123 36 14
123 49 7
123 53 37
123 57 82
123 60 -10
123 62 -40
123 69 51
123 73 28
123 81 -33
123 82 -3
123 89 -22
123 98 83
123 99 -35
123 100 27
123 115 85
123 120 -4
123 121 -93
123 125 -29
123 139 -23
123 147 -7
124 6 71
124 8 -74
124 21 26
124 24 69
124 26 53
124 28 83
124 53 -88
124 62 70
124 65 -15
124 71 -25
124 90 75
124 94 77
124 99 50
124 104 21
124 115 73
124 135 -74
124 141 45
125 16 -87
125 18 67
125 40 -14
125 46 -62
125 48 -58
125 57 98
125 60 85
125 76 -36
125 79 55
125 90 10
125 92 86
125 95 6
125 114 80
125 116 80
125 117 99
125 121 44
125 123 53
125 133 -78
125 147 98
126 3 54
126 13 88
126 16 -27
126 22 47
126 30 -98
126 39 -50
126 52 -79
126 54 59
126 58 98
126 64 -25
126 65 -25
126 75 -36
126 77 27
126 83 -63
126 101 -6
126 104 78
126 108 -69
126 126 35
126 144 -76
127 5 77
127 6 -67
127 36 37
127 46 -19
127 53 -56
127 61 78
127 65 -96
127 67 -25
127 69 4
127 78 -58
127 80 -12
127 81 -72
127 87 -24
127 91 -46
127 92 17
127 94 -47
127 101 -86
127 103 27
127 123 72
127 134 70
128 8 77
128 11 97
128 19 -49
128 21 94
128 28 -70
128 34 60
128 42 83
128 47 75
128 48 -59
128 56 -7
128 60 -69
128 66 -98
128 72 -57
128 83 47
128 94 80
128 98 44
128 102 62
128 109 9
128 122 -12
128 124 97
128 137 48
128 139 59
128 145 -73
129 9 52
129 12 -85
129 15 33
129 18 42
129 24 20
129 32 25
129 53 -7
129 62 3
129 66 61
129 67 -71
129 74 -21
129 77 32
129 107 44
129 109 17
129 139 37
129 142 45
130 1 -36
130 11 -26
130 15 50
130 17 100
130 32 31
130 43 -28
130 47 -7
130 48 -15
130 57 31
130 59 -56
130 75 -68
130 77 -26
130 89 -72
130 109 -82
130 114 53
130 120 10
130 139 11
130 143 -59
130 148 1
131 2 56
131 13 -2
131 27 94
131 50 43
131 56 57
131 62 -38
131 68 21
131 70 90
131 97 -97
131 102 86
131 116 11
131 122 84
131 128 45
131 129 -82
131 149 -13
132 5 -1
132 32 -13
132 38 -67
132 42 54
132 45 62
132 51 98
132 52 -59
132 54 -72
132 57 -66
132 58 -92
132 60 -55
132 65 19
132 70 88
132 72 35
132 82 58
132 84 85
132 88 -34
132 97 73
132 106 -16
132 108 39
132 111 -53
132 118 -14
132 128 95
132 130 -61
132 137 4
132 138 28
132 148 -84
133 9 71
133 10 -51
133 34 -97
133 45 -38
133 59 13
133 65 -51
133 72 80
133 83 27
133 93 91
133 94 49
133 101 -3
133 103 -69
133 113 97
133 115 -19
133 117 -42
133 118 6
133 125 67
133 128 -70
133 131 3
133 134 48
133 143 -10
134 7 -36
134 13 71
134 16 35
134 29 -90
134 33 28
134 52 73
134 61 -93
134 78 3
134 87 50
134 92 -66
134 97 -86
134 115 -10
134 120 68
134 122 -25
134 123 31
134 134 -70
134 136 -91
134 138 -93
135 40 91
135 41 -4
135 54 -55
135 71 66
135 72 33
135 76 -57
135 78 -38
135 83 30
135 84 17
135 91 57
135 93 -49
135 105 42
135 116 74
135 138 58
135 139 30
136 40 -64
136 46 -92
136 47 53
136 59 -67
136 69 80
136 74 75
136 106 -49
136 107 49
136 115 26
136 126 66
136 139 -42
136 149 42
137 15 -30
137 18 61
137 29 41
137 42 25
137 49 -60
137 51 -33
137 58 -33
137 59 93
137 69 -41
137 100 -3
137 101 -72
137 102 85
137 103 76
137 114 16
137 115 -29
137 121 -92
137 128 -7
137 136 29
138 1 65
138 26 17
138 27 -44
138 37 62
138 38 -24
138 42 75
138 43 -46
138 50 -32
138 51 -92
138 53 27
138 60 -54
138 68 80
138 75 -25
138 87 -77
138 88 -63
138 103 24
138 131 -27
138 133 -8
138 139 67
138 145 60
138 147 -14
138 149 -95
139 3 -56
139 8 -24
139 12 -50
139 19 53
139 22 -91
139 23 57
139 25 -48
139 28 -13
139 38 -15
139 43 -49
139 53 51
139 54 3
139 58 97
139 83 68
139 85 83
139 93 -34
139 112 -80
139 132 37
139 135 -88
140 2 9
140 4 86
140 10 -97
140 15 95
140 18 -89
140 19 72
140 24 -27
140 25 2
140 26 -44
140 36 -18
140 42 35
140 56 73
140 57 33
140 59 78
140 62 53
140 72 -7
140 74 -100
140 85 58
140 92 70
140 97 -87
140 137 20
141 3 69
141 6 -78
141 9 -93
141 10 -66
141 18 -30
141 31 -44
141 33 -87
141 35 -49
141 41 -79
141 46 76
141 63 61
141 82 -63
141 85 53
141 86 64
141 93 -86
141 97 -20
141 101 -39
141 112 43
141 126 -73
141 128 47
141 130 89
141 141 -96
142 12 31
142 21 53
142 26 -92
142 28 48
142 33 -43
142 41 29
142 50 63
142 53 33
142 58 -40
142 70 52
142 73 7
142 98 -57
142 101 -61
142 112 9
142 115 65
142 116 89
142 120 -56
142 125 4
142 126 -62
142 133 61
142 138 81
142 139 17
142 140 34
142 146 -54
143 0 3
143 22 -74
143 56 -69
143 60 25
143 67 51
143 75 13
143 77 -79
143 79 24
143 107 74
143 117 -21
143 119 -34
143 127 -64
143 134 18
144 0 40
144 2 -74
144 6 -73
144 15 -15
144 18 -53
144 19 81
144 27 -9
144 33 -78
144 39 44
144 42 63
144 45 14
144 48 -38
144 75 17
144 84 45
144 96 -16
144 100 -90
144 117 52
144 127 -68
144 145 -46
145 4 -5
145 9 -41
145 21 -99
145 26 -39
145 36 55
145 42 -47
145 47 19
145 70 43
145 81 -10
145 85 8
145 87 -21
145 96 -11
145 105 8
145 107 -8
145 108 -13
145 109 -20
145 110 77
145 117 -86
145 137 -30
145 138 21
145 141 -31
145 148 -60
145 149 -51
146 1 -65
146 10 -1
146 15 -37
146 23 -33
146 53 54
146 66 -84
146 69 -84
146 79 5
146 85 -75
146 87 33
146 92 -24
146 94 -75
146 96 72
146 119 35
146 125 -25
146 135 -75
147 0 6
147 3 55
147 5 -21
147 9 84
147 14 62
147 27 44
147 29 -26
147 38 78
147 46 -17
147 59 45
147 69 20
147 70 -71
147 74 -88
147 75 45
147 77 25
147 85 -37
147 94 31
147 97 76
147 126 1
147 134 30
147 136 -27
147 142 -32
147 144 -55
148 11 15
148 18 11
148 44 1
148 48 -79
148 57 -96
148 63 -53
148 66 61
148 71 75
148 90 61
148 96 9
148 116 17
148 120 68
148 124 81
148 129 13
148 138 48
148 148 44
148 149 -20
149 10 -96
149 16 3
149 23 -49
149 31 -56
149 41 -31
149 47 93
149 49 -80
149 53 -5
149 80 72
149 92 -47
149 135 -13
149 146 -86