0 1 54
0 4 -13
0 5 -14
0 6 -37
0 9 -19
0 13 49
0 17 -48
0 20 55
0 21 66
0 22 50
0 25 59
0 26 89
0 30 -88
0 31 64
0 36 -15
0 39 26
0 40 61
0 44 83
0 46 4
0 47 -10
1 0 8
1 1 -2
1 5 -1
1 6 68
1 9 79
1 11 2
1 12 -73
1 14 82
1 16 -24
1 17 45
1 18 -66
1 22 -32
1 23 -49
1 24 28
1 28 51
1 29 -65
1 31 -36
1 33 -25
1 38 -49
1 42 59
1 46 -5
2 0 4
2 1 55
2 2 91
2 3 -84
2 4 10
2 10 -3
2 11 -57
2 12 34
2 13 83
2 16 -59
2 17 -73
2 18 38
2 19 -13
2 21 -63
2 23 -30
2 25 34
2 27 -18
2 31 51
2 33 1
2 42 31
2 43 -5
2 44 -26
2 45 92
2 46 -64
2 48 8
3 1 24
3 2 63
3 6 -86
3 8 -2
3 9 -4
3 10 58
3 11 69
3 13 -54
3 15 34
3 17 83
3 19 66
3 21 -28
3 22 -38
3 23 -27
3 24 -80
3 25 68
3 27 5
3 28 96
3 29 -33
3 31 -14
3 32 82
3 33 70
3 36 27
3 37 -94
3 38 23
3 39 79
3 40 -1
3 44 42
3 45 -59
3 49 96
4 0 -40
4 2 -53
4 3 2
4 5 89
4 9 48
4 10 -38
4 14 5
4 15 70
4 16 -35
4 17 72
4 20 -62
4 23 74
4 24 62
4 30 88
4 31 66
4 32 86
4 33 5
4 35 98
4 36 87
4 37 44
4 40 -19
4 41 -16
4 44 -44
4 47 30
4 48 42
4 49 16
5 0 -24
5 1 -35
5 3 38
5 4 -59
5 5 -70
5 6 -3
5 7 -89
5 12 20
5 13 -18
5 16 -21
5 17 12
5 18 -100
5 19 -1
5 20 81
5 24 24
5 25 -18
5 26 33
5 27 -53
5 28 -64
5 31 9
5 33 19
5 34 -80
5 35 -57
5 36 -2
5 37 -36
5 38 -54
5 40 -64
5 44 -55
5 45 -34
5 47 -75
6 0 -91
6 2 9
6 4 41
6 7 22
6 8 -57
6 9 52
6 11 -94
6 12 100
6 15 40
6 17 -60
6 21 24
6 22 46
6 23 53
6 24 -18
6 25 -6
6 26 -25
6 27 86
6 30 -22
6 32 48
6 34 -16
6 35 2
6 36 -2
6 38 -35
6 40 -39
6 44 67
6 45 23
6 46 75
6 48 6
6 49 -28
7 1 31
7 3 54
7 6 69
7 8 -32
7 9 14
7 11 98
7 13 19
7 15 38
7 16 -40
7 17 62
7 18 47
7 19 56
7 26 91
7 33 10
7 36 80
7 37 91
7 38 -57
7 42 -51
7 43 81
7 46 -54
8 0 -78
8 2 60
8 3 -39
8 5 36
8 6 3
8 10 -30
8 11 -7
8 12 23
8 13 -35
8 14 -49
8 15 -4
8 16 -63
8 20 -10
8 23 24
8 24 77
8 25 -52
8 28 -41
8 30 -12
8 32 -89
8 34 -76
8 36 52
8 40 -69
8 43 1
8 46 -59
8 47 19
8 48 -51
9 0 19
9 1 -55
9 2 -35
9 3 68
9 7 48
9 8 -44
9 10 51
9 14 13
9 15 -94
9 16 -28
9 19 90
9 21 -44
9 22 -33
9 24 -49
9 25 3
9 28 -28
9 29 -86
9 30 16
9 32 -75
9 34 -100
9 35 -42
9 36 77
9 37 13
9 38 -98
9 43 76
9 44 45
9 49 60
10 1 17
10 5 -7
10 7 50
10 9 -24
10 15 -13
10 16 -92
10 19 46
10 20 -25
10 21 15
10 26 53
10 28 96
10 30 -97
10 32 -74
10 33 -82
10 34 38
10 36 48
10 37 -61
10 38 -59
10 40 83
10 41 -14
10 42 -45
10 44 -32
10 45 -40
10 46 -70
10 48 -36
11 2 15
11 3 -29
11 4 -70
11 5 59
11 7 44
11 8 -11
11 10 97
11 11 32
11 12 17
11 14 28
11 15 -94
11 24 -9
11 26 -87
11 27 -28
11 28 -87
11 29 72
11 33 -21
11 34 -87
11 35 95
11 38 57
11 40 -86
11 42 -41
11 43 66
11 45 34
11 46 -61
11 47 35
11 48 -52
11 49 -33
12 1 72
12 6 -67
12 9 6
12 12 79
12 13 97
12 16 13
12 17 -87
12 22 82
12 24 49
12 25 5
12 26 -40
12 27 -11
12 28 33
12 30 -70
12 31 23
12 34 -96
12 35 -99
12 39 -99
12 40 -45
12 41 -51
12 43 -42
12 44 53
12 45 -73
12 46 -94
12 47 -37
12 49 -35
13 1 58
13 3 -7
13 6 -83
13 8 -68
13 9 -99
13 12 62
13 13 -11
13 14 44
13 15 -69
13 16 74
13 20 -39
13 21 66
13 23 41
13 25 -49
13 28 70
13 29 84
13 31 95
13 32 -67
13 34 22
13 35 -10
13 36 15
13 39 -96
13 44 -87
13 46 -68
13 47 18
13 49 -91
14 2 29
14 5 68
14 6 -61
14 8 -73
14 10 -35
14 11 54
14 13 -83
14 14 31
14 17 -82
14 18 -75
14 20 -49
14 21 -38
14 23 92
14 31 -54
14 33 -96
14 34 54
14 35 -64
14 36 -86
14 37 12
14 39 -88
14 44 -2
14 46 15
14 47 11
14 49 11
15 0 -7
15 1 69
15 3 -99
15 4 -60
15 7 -42
15 13 -99
15 16 -15
15 18 51
15 19 -30
15 20 76
15 23 33
15 24 -27
15 27 64
15 28 -48
15 29 26
15 31 -8
15 33 -19
15 35 -82
15 36 -84
15 39 -47
15 40 -98
15 43 -15
15 44 28
15 45 -67
15 47 -72
15 48 2
16 1 83
16 2 44
16 3 -25
16 5 -26
16 6 -71
16 9 -79
16 10 9
16 12 -50
16 14 -26
16 20 83
16 21 -46
16 23 -51
16 24 23
16 25 11
16 26 -37
16 28 -89
16 30 35
16 31 -91
16 32 64
16 33 51
16 34 -86
16 36 44
16 37 -37
16 38 -12
16 40 62
16 43 43
16 47 52
16 49 31
17 0 62
17 3 12
17 4 -44
17 7 40
17 8 48
17 10 82
17 12 99
17 13 -53
17 20 -80
17 25 96
17 26 78
17 29 -77
17 30 54
17 32 -77
17 34 -69
17 35 93
17 37 -41
17 40 -85
17 45 -60
17 46 -54
17 49 78
18 0 -31
18 1 91
18 2 8
18 7 11
18 8 56
18 9 93
18 14 90
18 15 84
18 19 15
18 22 -83
18 24 60
18 25 -79
18 26 73
18 29 55
18 35 -12
18 36 -81
18 38 81
18 39 -49
18 40 -38
18 41 -31
18 42 78
18 43 95
18 45 -17
18 48 86
18 49 61
19 1 -2
19 2 26
19 4 97
19 6 -79
19 9 50
19 11 34
19 13 -94
19 16 -6
19 18 53
19 19 -10
19 20 -63
19 22 87
19 24 -87
19 25 46
19 31 -64
19 32 -100
19 33 -5
19 34 41
19 38 83
19 40 -87
19 41 -37
19 43 -46
19 44 48
19 45 51
19 47 -14
19 49 10
20 0 -85
20 1 -66
20 2 -57
20 4 92
20 5 -63
20 8 30
20 10 -27
20 15 -90
20 17 -33
20 19 12
20 20 -39
20 23 84
20 26 -40
20 27 10
20 28 92
20 29 -6
20 32 -36
20 34 67
20 35 -38
20 36 22
20 37 -98
20 38 60
20 45 60
20 46 59
20 49 -14
21 0 -49
21 1 86
21 5 25
21 8 98
21 9 -43
21 10 -83
21 12 22
21 15 -82
21 17 -31
21 22 97
21 23 77
21 25 -19
21 26 -38
21 33 32
21 36 -22
21 37 -13
21 38 98
21 39 -3
21 40 -51
21 43 -69
21 44 -64
21 46 -85
21 48 -20
22 0 -10
22 3 17
22 4 -14
22 6 -51
22 7 62
22 10 -69
22 11 91
22 15 -60
22 17 -93
22 19 95
22 20 13
22 21 28
22 23 31
22 28 64
22 30 9
22 33 69
22 34 -68
22 35 8
22 37 51
22 40 57
22 41 -96
22 42 95
22 48 -34
23 1 -78
23 2 -45
23 7 -78
23 8 29
23 9 -72
23 10 82
23 12 -58
23 13 3
23 16 93
23 19 -55
23 21 -46
23 22 -18
23 24 72
23 27 39
23 28 98
23 29 -72
23 30 14
23 31 29
23 33 73
23 34 -91
23 35 52
23 36 4
23 37 -23
23 38 -62
23 39 56
23 40 92
23 43 74
23 46 90
23 47 -54
23 48 90
23 49 -8
24 0 -12
24 1 -54
24 6 17
24 10 17
24 11 -37
24 13 -97
24 17 79
24 19 -59
24 22 18
24 24 -7
24 25 -43
24 26 62
24 27 -31
24 35 -20
24 37 63
24 38 -88
24 40 -68
24 41 -61
24 44 -83
24 45 -11
24 47 8
24 49 -87
25 0 84
25 1 17
25 6 -10
25 12 44
25 16 47
25 17 63
25 18 -17
25 21 -4
25 22 -1
25 24 71
25 25 -90
25 26 -29
25 28 73
25 29 86
25 30 -20
25 33 73
25 35 -28
25 39 -28
25 40 -54
25 42 -74
25 44 -81
26 2 59
26 4 -73
26 5 -40
26 6 33
26 7 32
26 13 57
26 14 -10
26 15 56
26 18 -21
26 19 -22
26 22 -78
26 23 -29
26 24 63
26 26 -8
26 29 72
26 30 65
26 31 -90
26 32 62
26 33 -61
26 34 -13
26 35 -67
26 36 30
26 40 34
26 41 60
26 48 -54
27 0 -32
27 1 -60
27 5 86
27 6 39
27 10 8
27 11 90
27 12 71
27 13 86
27 14 85
27 16 -21
27 18 54
27 19 20
27 20 -68
27 21 -71
27 22 22
27 23 83
27 24 97
27 25 -11
27 26 97
27 27 -75
27 28 3
27 29 25
27 30 -84
27 32 -84
27 37 36
27 38 42
27 44 18
27 49 49
28 2 90
28 3 -10
28 7 18
28 10 98
28 12 -44
28 13 56
28 14 16
28 15 41
28 16 46
28 19 13
28 20 -77
28 22 34
28 26 -37
28 30 10
28 31 100
28 32 15
28 33 11
28 35 -41
28 36 -18
28 37 -94
28 38 2
28 40 89
28 41 -89
28 46 46
28 47 72
28 48 63
28 49 79
29 0 14
29 2 -70
29 5 20
29 6 16
29 7 -56
29 9 96
29 10 -4
29 11 -43
29 12 -22
29 14 -4
29 15 6
29 21 -66
29 22 -69
29 25 -56
29 26 9
29 30 11
29 33 93
29 34 20
29 35 -15
29 38 -56
29 42 -79
29 44 -4
29 45 32
29 46 59
29 48 83
30 0 -49
30 1 -20
30 2 79
30 7 67
30 8 27
30 9 72
30 10 35
30 11 39
30 14 33
30 15 -87
30 16 5
30 19 30
30 23 -97
30 26 23
30 27 51
30 28 67
30 31 41
30 36 -55
30 38 -51
30 39 -25
30 44 -40
30 45 18
30 46 83
30 49 -2
31 1 -92
31 2 59
31 6 -69
31 11 86
31 15 36
31 16 71
31 20 82
31 21 31
31 22 70
31 24 -5
31 25 98
31 26 26
31 34 -63
31 36 49
31 37 -84
31 38 56
31 40 76
31 41 -84
31 42 56
31 44 37
31 45 68
31 47 45
32 2 11
32 4 -24
32 7 84
32 8 -89
32 9 -20
32 10 -29
32 15 -34
32 17 -55
32 18 -52
32 19 -50
32 21 -84
32 22 -48
32 23 2
32 26 17
32 28 -6
32 29 15
32 30 -48
32 32 -46
32 34 -76
32 36 -65
32 37 -51
32 40 -47
32 41 -25
32 44 -43
32 45 46
33 0 -77
33 1 10
33 3 29
33 6 45
33 9 63
33 14 -62
33 16 -87
33 21 -75
33 23 73
33 24 -39
33 25 -100
33 30 10
33 31 76
33 32 -78
33 34 -36
33 35 -79
33 36 -96
33 41 78
33 42 46
33 48 42
33 49 20
34 0 99
34 1 76
34 2 -98
34 5 45
34 6 -27
34 7 -57
34 9 53
34 11 -9
34 13 -30
34 14 -94
34 16 -62
34 17 85
34 18 12
34 19 -5
34 24 63
34 25 84
34 26 -85
34 29 1
34 30 13
34 33 -70
34 34 -17
34 35 91
34 36 28
34 37 23
34 38 18
34 39 26
34 40 -40
34 42 74
34 43 82
34 44 1
34 45 -57
34 48 -11
34 49 -91
35 1 -55
35 2 37
35 5 -12
35 6 -16
35 7 -67
35 10 86
35 12 -84
35 14 -14
35 17 62
35 18 97
35 19 24
35 20 -94
35 21 -58
35 24 -74
35 25 -72
35 29 -29
35 30 -48
35 31 -43
35 32 -40
35 34 62
35 35 -47
35 36 -59
35 37 96
35 38 75
35 39 13
35 40 23
35 42 12
35 44 43
35 48 -72
35 49 31
36 0 4
36 2 15
36 3 65
36 4 -5
36 5 85
36 12 97
36 14 59
36 15 27
36 16 95
36 17 -56
36 19 83
36 22 33
36 24 17
36 25 -64
36 26 12
36 27 97
36 30 35
36 31 -75
36 32 -10
36 34 -85
36 35 30
36 37 -23
36 38 94
36 39 6
36 40 15
36 42 32
36 49 -53
37 0 18
37 1 -80
37 2 -95
37 3 -21
37 4 7
37 6 -23
37 7 -32
37 8 97
37 9 -92
37 10 -56
37 11 56
37 14 64
37 16 -68
37 18 17
37 20 54
37 22 -59
37 24 20
37 25 53
37 26 10
37 28 82
37 29 100
37 30 -12
37 34 -95
37 38 -61
37 41 21
37 45 -80
37 46 70
37 47 9
37 48 19
38 0 -70
38 1 33
38 2 76
38 7 82
38 8 11
38 10 16
38 11 61
38 12 -6
38 14 -27
38 16 50
38 20 5
38 21 -42
38 22 -57
38 23 -96
38 26 20
38 27 -56
38 28 -36
38 29 -3
38 30 38
38 32 -78
38 35 73
38 38 -46
38 43 39
38 46 10
38 49 58
39 0 74
39 3 -64
39 4 -69
39 5 -87
39 6 -35
39 8 23
39 10 -21
39 12 25
39 14 -100
39 15 93
39 16 54
39 18 -54
39 19 -8
39 20 -91
39 21 43
39 26 -81
39 28 -87
39 31 99
39 34 21
39 36 32
39 37 38
39 38 -32
39 39 -55
39 43 85
39 44 99
39 46 59
39 48 -16
39 49 -46
40 2 -27
40 4 -77
40 6 27
40 7 -21
40 8 39
40 11 -99
40 12 -95
40 14 45
40 16 -71
40 17 -95
40 18 59
40 19 16
40 20 -12
40 22 -22
40 23 23
40 25 -48
40 26 8
40 28 -73
40 30 -86
40 33 96
40 35 17
40 37 -93
40 41 48
40 42 13
40 44 -14
40 48 -18
40 49 -49
41 0 -2
41 2 76
41 4 -55
41 6 17
41 8 8
41 9 44
41 12 -82
41 13 -68
41 14 -33
41 15 88
41 16 77
41 18 34
41 22 16
41 24 -41
41 25 13
41 26 -99
41 27 37
41 30 10
41 32 -29
41 33 -98
41 34 81
41 35 -75
41 37 6
41 38 -83
41 39 63
41 40 68
41 44 -24
41 45 -63
41 46 -81
41 47 -57
41 48 -79
42 0 -50
42 1 -71
42 2 8
42 5 87
42 7 84
42 8 -67
42 11 53
42 14 27
42 16 -11
42 18 89
42 19 69
42 20 85
42 22 -96
42 23 -11
42 24 67
42 27 56
42 33 74
42 35 -68
42 38 42
42 40 22
42 41 42
42 45 44
42 47 -3
42 48 2
43 0 72
43 3 -100
43 5 75
43 6 -5
43 8 -84
43 9 88
43 11 84
43 13 68
43 14 92
43 15 -12
43 16 77
43 20 -16
43 25 -67
43 26 -57
43 29 24
43 31 -89
43 33 18
43 34 7
43 35 91
43 37 -87
43 38 -34
43 40 76
43 41 66
43 43 -40
43 47 19
43 48 -29
44 0 -58
44 2 96
44 4 -26
44 6 -75
44 13 -9
44 14 92
44 16 -92
44 17 -63
44 18 71
44 21 -69
44 23 63
44 25 23
44 26 -2
44 28 13
44 29 -83
44 34 51
44 36 -94
44 37 43
44 38 -13
44 40 -40
44 41 16
44 44 83
44 46 -44
44 48 43
44 49 63
45 1 -42
45 3 -14
45 4 62
45 5 51
45 6 81
45 7 27
45 8 -12
45 10 -20
45 19 -68
45 20 -22
45 21 3
45 22 57
45 23 -100
45 25 -79
45 26 -98
45 28 30
45 33 -61
45 34 93
45 35 53
45 36 -23
45 37 -52
45 39 10
45 40 -79
45 41 55
45 44 87
45 45 -98
45 48 1
46 0 -70
46 1 38
46 3 83
46 6 14
46 7 -61
46 9 -52
46 11 -78
46 14 93
46 16 -74
46 19 44
46 20 86
46 24 -21
46 29 13
46 30 48
46 33 7
46 36 11
46 39 22
46 42 -24
46 43 -14
46 44 -63
46 45 -68
46 47 -76
46 48 -21
46 49 36
47 0 13
47 2 -38
47 4 -44
47 8 1
47 17 -61
47 20 7
47 21 -18
47 23 -13
47 24 -90
47 25 -43
47 28 -4
47 29 41
47 31 -87
47 32 -50
47 33 54
47 36 -37
47 37 5
47 39 -61
47 40 72
47 43 -26
47 45 -91
47 47 -4
47 48 98
47 49 36
48 0 -87
48 1 25
48 2 -35
48 3 53
48 4 87
48 13 59
48 20 -52
48 25 -46
48 28 -59
48 31 12
48 32 -99
48 33 51
48 35 -36
48 36 80
48 42 99
48 43 -1
48 45 -46
48 49 -25
49 0 15
49 1 19
49 2 87
49 4 40
49 5 44
49 7 8
49 8 -96
49 10 32
49 11 -74
49 12 -12
49 14 97
49 16 -87
49 17 -43
49 18 -86
49 20 45
49 24 -16
49 25 -40
49 26 80
49 28 30
49 31 30
49 34 -77
49 37 58
49 38 26
49 42 -5
49 43 -57
49 44 -45