0 0 -92
0 3 55
0 4 -36
0 5 -35
0 7 52
0 9 -64
0 10 17
0 12 41
0 13 -92
0 15 -43
0 17 83
0 19 88
0 21 83
0 24 -7
0 27 31
0 28 -54
0 29 95
0 30 96
0 32 13
0 33 -30
0 34 -86
0 35 21
0 36 24
0 41 84
0 43 -99
0 47 81
0 49 -96
1 0 73
1 2 -19
1 3 2
1 5 -40
1 6 -12
1 7 -6
1 8 18
1 9 -58
1 10 -68
1 12 53
1 14 -4
1 15 -62
1 16 94
1 18 78
1 19 -53
1 21 -6
1 23 91
1 25 -28
1 26 -41
1 30 1
1 32 61
1 33 22
1 34 -22
1 37 -65
1 38 -37
1 41 56
1 43 -29
1 44 -18
1 45 100
1 46 -40
1 47 -29
1 48 -4
1 49 10
2 1 24
2 3 17
2 4 -23
2 5 -92
2 12 42
2 14 -28
2 16 97
2 17 -45
2 19 35
2 23 63
2 24 21
2 28 -49
2 31 2
2 32 51
2 34 74
2 35 69
2 36 -33
2 37 38
2 39 -7
2 40 -39
2 41 -10
2 42 -36
2 44 -59
2 46 -63
3 0 -97
3 3 -66
3 4 19
3 5 45
3 6 70
3 10 -17
3 12 -3
3 13 -63
3 17 46
3 20 1
3 22 48
3 23 -96
3 25 73
3 29 -45
3 30 -20
3 32 70
3 33 59
3 34 -9
3 35 -34
3 36 -34
3 38 -35
3 40 17
3 41 -25
3 45 34
3 46 -95
3 47 -83
3 48 67
3 49 70
4 1 -4
4 3 77
4 4 -56
4 6 -65
4 7 59
4 8 43
4 10 22
4 11 33
4 13 80
4 14 -9
4 15 -49
4 18 -31
4 19 66
4 20 -53
4 22 19
4 27 -92
4 28 36
4 29 19
4 31 -30
4 35 -44
4 36 66
4 37 23
4 40 -22
4 47 -89
4 48 83
4 49 -83
5 1 -24
5 3 67
5 5 47
5 10 -59
5 12 22
5 14 9
5 16 -26
5 17 -20
5 19 9
5 20 -2
5 21 -49
5 23 64
5 24 -65
5 27 -4
5 28 71
5 29 -21
5 30 -80
5 32 15
5 33 15
5 34 -39
5 42 70
5 44 23
5 45 50
5 46 -10
5 47 -38
6 1 -75
6 2 77
6 8 -90
6 9 -12
6 10 12
6 11 33
6 13 46
6 14 38
6 15 87
6 16 50
6 18 92
6 19 67
6 20 73
6 21 -83
6 23 13
6 26 81
6 27 -91
6 29 -30
6 30 90
6 31 16
6 34 29
6 37 97
6 38 -36
6 40 -80
6 41 50
6 42 -60
6 43 2
6 47 79
6 48 44
6 49 41
7 0 -94
7 2 65
7 6 -99
7 8 -96
7 9 -97
7 14 -56
7 15 64
7 16 -38
7 17 51
7 18 64
7 19 77
7 20 15
7 22 -74
7 23 61
7 25 29
7 26 60
7 29 14
7 30 91
7 31 34
7 32 75
7 34 -44
7 36 -19
7 40 45
7 42 66
7 43 34
7 46 -27
7 48 7
7 49 -15
8 0 -14
8 2 -4
8 4 81
8 5 -27
8 10 17
8 11 -54
8 15 96
8 16 77
8 17 16
8 19 -29
8 20 -40
8 22 -87
8 23 6
8 27 -84
8 31 86
8 32 -99
8 34 60
8 35 34
8 36 70
8 37 -100
8 40 42
8 42 86
8 44 18
8 47 -54
8 48 33
8 49 -17
9 2 -84
9 4 71
9 5 -30
9 7 -17
9 8 -3
9 10 48
9 11 37
9 12 19
9 13 73
9 15 -41
9 16 12
9 18 17
9 23 72
9 25 97
9 27 96
9 30 25
9 32 -6
9 33 -24
9 35 -88
9 36 -6
9 37 -58
9 38 -74
9 39 45
9 40 -32
9 41 -53
9 42 -1
9 44 60
9 47 83
9 49 -6
10 1 -83
10 2 19
10 3 -45
10 4 -51
10 5 83
10 7 -98
10 8 -88
10 14 -82
10 15 71
10 16 11
10 17 -69
10 20 -85
10 21 -14
10 23 94
10 24 -96
10 26 -29
10 27 -17
10 29 68
10 31 -99
10 32 -50
10 33 -4
10 34 -62
10 37 56
10 39 -73
10 40 -74
10 44 30
10 45 -86
10 46 -71
10 48 -80
10 49 10
11 0 -40
11 1 45
11 2 -93
11 3 42
11 5 -69
11 7 -63
11 8 21
11 11 90
11 15 -61
11 17 14
11 19 76
11 22 -9
11 25 65
11 26 -78
11 27 89
11 31 -84
11 33 -85
11 36 -73
11 37 69
11 39 63
11 42 -94
11 43 -71
11 44 -54
11 45 -32
12 1 91
12 2 -13
12 3 -77
12 4 55
12 8 96
12 9 33
12 10 69
12 11 -49
12 12 -8
12 13 -91
12 15 -56
12 16 97
12 17 37
12 18 -6
12 19 -66
12 22 -14
12 23 -75
12 24 68
12 28 -100
12 29 -58
12 30 -26
12 33 64
12 34 13
12 35 -45
12 38 -8
12 39 46
12 41 33
12 42 18
12 44 77
12 47 -49
12 48 81
13 0 70
13 2 -44
13 5 -20
13 7 -6
13 11 34
13 12 48
13 13 -20
13 18 56
13 19 -53
13 21 -50
13 25 -9
13 27 5
13 28 -64
13 29 54
13 30 26
13 31 -5
13 32 -77
13 34 87
13 35 -5
13 38 18
13 39 -56
13 40 22
13 41 -99
13 44 87
13 45 7
13 47 89
13 48 -66
13 49 48
14 2 22
14 4 -9
14 6 -66
14 10 58
14 11 -54
14 12 2
14 13 40
14 14 45
14 15 41
14 16 92
14 19 -96
14 20 -57
14 22 -49
14 23 -100
14 24 -37
14 26 51
14 27 93
14 28 40
14 31 100
14 32 67
14 33 -51
14 34 -9
14 35 -22
14 37 -15
14 39 45
14 41 28
14 45 97
14 48 -15
15 1 5
15 6 -30
15 7 15
15 9 -20
15 10 -76
15 11 -17
15 13 -96
15 14 42
15 15 -14
15 19 -62
15 21 91
15 23 -41
15 24 43
15 26 28
15 27 99
15 29 100
15 30 8
15 31 43
15 32 87
15 33 90
15 34 68
15 35 19
15 37 -27
15 39 -100
15 41 93
15 42 -48
15 46 81
15 48 13
16 0 49
16 1 81
16 2 -78
16 4 -9
16 5 -58
16 6 69
16 7 42
16 9 72
16 10 -23
16 11 95
16 12 3
16 16 78
16 23 -43
16 24 18
16 25 74
16 28 9
16 31 -99
16 33 -100
16 34 70
16 36 -73
16 37 -87
16 39 50
16 43 -47
16 46 -72
16 47 -70
16 48 64
16 49 43
17 0 1
17 2 68
17 3 89
17 7 9
17 8 16
17 12 19
17 15 -65
17 19 33
17 20 -14
17 22 -38
17 23 -27
17 26 21
17 27 -80
17 29 100
17 34 -24
17 35 -82
17 36 35
17 37 60
17 38 12
17 40 49
17 43 7
17 45 -43
17 47 -29
17 49 -89
18 0 -44
18 3 -16
18 8 -91
18 9 -84
18 10 -76
18 13 -38
18 16 46
18 17 22
18 18 -93
18 20 52
18 22 14
18 23 87
18 25 -47
18 26 75
18 32 -86
18 35 -25
18 36 33
18 39 80
18 40 88
18 41 96
18 43 -24
18 44 100
18 45 76
18 48 50
19 0 -41
19 1 -71
19 9 54
19 10 7
19 11 31
19 12 93
19 14 -21
19 18 -2
19 20 4
19 25 37
19 26 51
19 27 -7
19 31 -5
19 32 18
19 33 -69
19 34 -72
19 37 -64
19 38 93
19 39 35
19 40 39
19 42 -44
19 44 -22
19 46 93
19 47 -59
19 48 69
20 2 31
20 5 -100
20 8 -54
20 10 90
20 13 42
20 14 49
20 15 -10
20 17 64
20 19 52
20 21 -15
20 23 -8
20 25 -77
20 29 84
20 33 43
20 34 -24
20 35 10
20 41 51
20 42 -58
20 46 42
20 48 74
20 49 78
21 0 -66
21 3 66
21 7 60
21 8 11
21 10 -76
21 14 -65
21 16 -64
21 17 -63
21 21 52
21 22 -46
21 24 -95
21 25 53
21 26 25
21 28 20
21 33 -5
21 36 -96
21 38 97
21 40 -40
21 41 -14
21 42 -52
21 43 -9
21 45 80
21 46 58
21 47 96
21 48 78
22 0 -53
22 1 70
22 2 -39
22 5 3
22 6 30
22 9 -33
22 11 39
22 15 64
22 18 -71
22 22 -53
22 24 -54
22 26 -35
22 28 -82
22 32 53
22 33 -74
22 34 -4
22 36 2
22 37 79
22 38 -6
22 41 22
22 43 23
22 45 -25
22 48 38
22 49 -55
23 1 12
23 2 91
23 4 -55
23 5 33
23 6 -21
23 8 85
23 10 82
23 12 31
23 15 65
23 17 20
23 20 -95
23 21 13
23 22 -2
23 23 65
23 26 64
23 27 -71
23 29 40
23 31 48
23 32 -97
23 33 -41
23 34 70
23 37 -57
23 38 -55
23 39 -76
23 40 70
23 42 -97
23 43 1
23 47 -34
24 0 -36
24 5 -68
24 6 -44
24 7 53
24 8 84
24 10 44
24 11 32
24 12 40
24 13 85
24 14 5
24 15 76
24 18 -13
24 19 -67
24 20 79
24 21 -97
24 23 -4
24 24 -80
24 25 83
24 26 17
24 27 62
24 28 -45
24 29 -23
24 34 -35
24 36 24
24 37 -54
24 38 -23
24 40 63
24 41 40
24 42 -100
24 43 -16
24 44 73
24 48 -36
25 2 70
25 3 -30
25 4 21
25 6 56
25 9 -54
25 10 -85
25 13 89
25 14 -98
25 15 48
25 17 -58
25 18 -41
25 20 -54
25 22 68
25 23 -30
25 27 -63
25 31 32
25 33 77
25 35 41
25 37 66
25 38 13
25 40 95
25 42 32
25 44 -48
25 49 -41
26 0 -82
26 1 67
26 2 82
26 3 22
26 4 85
26 5 -48
26 6 62
26 7 49
26 8 73
26 9 -35
26 10 85
26 12 26
26 13 -11
26 14 6
26 16 88
26 17 -90
26 20 -5
26 21 -26
26 24 27
26 25 -95
26 27 -81
26 31 45
26 34 -45
26 35 -8
26 37 -83
26 41 63
26 42 -35
26 43 53
26 45 29
26 46 34
26 47 -42
26 48 83
27 1 59
27 5 55
27 8 -75
27 9 26
27 10 -77
27 13 -9
27 15 -77
27 17 -90
27 21 43
27 22 -19
27 23 -63
27 24 -71
27 25 -58
27 26 35
27 27 -33
27 29 -53
27 31 -32
27 34 -15
27 35 6
27 36 98
27 42 37
27 44 -21
27 47 -51
28 0 35
28 2 -59
28 4 58
28 7 5
28 8 78
28 9 35
28 10 -95
28 11 -40
28 13 7
28 14 86
28 16 -55
28 17 93
28 18 10
28 19 -91
28 21 83
28 22 -73
28 23 -83
28 25 19
28 28 97
28 29 6
28 30 -32
28 31 73
28 32 71
28 34 -60
28 35 46
28 36 15
28 37 37
28 38 7
28 40 84
28 41 -52
28 42 100
29 0 20
29 1 36
29 2 33
29 3 46
29 5 -64
29 7 -9
29 8 27
29 9 48
29 10 -43
29 12 -41
29 15 13
29 16 -54
29 17 88
29 19 -26
29 20 -60
29 21 96
29 24 8
29 25 71
29 26 -14
29 27 -77
29 28 32
29 29 -60
29 31 -100
29 32 44
29 34 -22
29 35 -50
29 36 86
29 38 -75
29 39 3
29 40 -5
29 41 30
29 43 -21
29 44 41
29 45 -7
29 47 -52
29 48 -28
30 0 70
30 5 -9
30 6 -17
30 8 55
30 9 -89
30 10 -65
30 11 42
30 14 -66
30 16 9
30 19 84
30 20 -25
30 22 -92
30 28 -29
30 30 -14
30 31 -74
30 33 -3
30 36 -95
30 39 -72
30 40 56
30 41 39
30 42 63
30 46 15
30 47 -47
30 48 -54
30 49 -23
31 0 -93
31 1 -22
31 3 -61
31 5 -7
31 6 84
31 8 54
31 9 -94
31 12 17
31 14 -11
31 15 62
31 17 74
31 18 37
31 19 -90
31 20 93
31 22 52
31 23 51
31 24 -21
31 28 2
31 29 58
31 30 62
31 32 7
31 34 -24
31 37 13
31 41 -31
31 46 39
31 49 -30
32 0 -32
32 1 74
32 3 -10
32 7 -53
32 8 13
32 9 52
32 10 -65
32 11 -28
32 12 -90
32 13 68
32 22 92
32 23 25
32 24 -83
32 25 77
32 26 -81
32 27 -64
32 28 6
32 33 80
32 34 47
32 38 -69
32 42 -88
32 43 89
32 45 -47
32 46 -65
32 47 32
32 48 92
33 0 94
33 1 -2
33 4 73
33 5 86
33 7 -51
33 9 -12
33 12 -63
33 13 -44
33 15 -93
33 17 8
33 19 -3
33 20 86
33 21 -17
33 24 13
33 26 -93
33 27 -59
33 28 13
33 30 -46
33 32 -44
33 35 -18
33 36 68
33 40 -19
33 43 -57
33 44 -35
33 45 -78
34 0 -92
34 2 23
34 3 -80
34 4 -95
34 6 20
34 8 96
34 11 66
34 12 94
34 13 62
34 14 76
34 15 -96
34 16 43
34 19 -88
34 21 -63
34 23 -72
34 24 74
34 25 90
34 26 57
34 28 -37
34 30 100
34 34 21
34 36 -55
34 37 -50
34 38 24
34 40 -9
34 43 -62
34 44 -70
34 46 73
34 47 82
34 48 38
34 49 42
35 1 90
35 2 46
35 5 -73
35 6 -2
35 7 15
35 11 -22
35 13 -92
35 17 -64
35 18 5
35 19 -10
35 20 -14
35 24 14
35 25 -90
35 26 5
35 31 39
35 33 -25
35 35 26
35 36 -62
35 37 70
35 39 -19
35 41 -5
35 43 64
35 45 -86
35 48 -59
35 49 49
36 0 -16
36 3 89
36 4 -70
36 5 16
36 7 -8
36 8 54
36 9 55
36 11 -44
36 14 70
36 17 -3
36 20 91
36 21 -31
36 22 -9
36 28 -54
36 29 -27
36 30 -52
36 34 46
36 35 -65
36 36 71
36 37 -37
36 39 -24
36 41 -70
36 42 -5
36 44 -30
36 45 -95
36 47 63
36 49 98
37 3 -47
37 7 -88
37 8 28
37 9 -55
37 10 -18
37 11 -95
37 12 -56
37 13 -15
37 15 32
37 18 -4
37 19 51
37 20 7
37 25 -83
37 26 -16
37 27 -21
37 28 60
37 31 6
37 33 -52
37 34 43
37 37 31
37 40 -48
37 41 53
37 43 29
37 44 -14
37 46 7
37 49 35
38 0 82
38 1 -50
38 2 -91
38 3 33
38 6 -76
38 7 -76
38 8 94
38 9 -22
38 10 23
38 11 -75
38 12 65
38 13 -82
38 15 -88
38 16 33
38 18 49
38 19 63
38 20 -21
38 22 49
38 25 -71
38 26 37
38 27 54
38 29 84
38 30 14
38 31 10
38 32 60
38 33 -25
38 34 36
38 37 -73
38 39 39
38 40 1
38 41 47
38 42 -64
38 43 -82
39 0 -46
39 1 -69
39 2 90
39 3 17
39 4 81
39 5 -81
39 6 -88
39 7 70
39 9 53
39 11 -1
39 15 47
39 16 3
39 19 38
39 20 3
39 23 69
39 24 7
39 26 -66
39 29 -86
39 32 -98
39 34 -6
39 35 -53
39 36 91
39 39 25
39 41 94
39 42 99
39 43 78
39 49 24
40 0 -19
40 1 -92
40 2 20
40 3 -89
40 4 84
40 5 -96
40 6 37
40 7 15
40 8 -61
40 9 21
40 11 99
40 13 -50
40 14 -50
40 15 99
40 16 -50
40 17 82
40 18 -21
40 19 -15
40 20 -3
40 23 21
40 26 -51
40 27 65
40 35 -62
40 37 18
40 39 16
40 40 95
40 41 -3
40 42 41
40 44 -54
40 45 76
40 46 1
40 47 -76
40 49 74
41 1 82
41 2 -54
41 3 -48
41 6 99
41 7 -18
41 8 -62
41 9 91
41 10 38
41 14 -21
41 16 -77
41 17 -44
41 18 -28
41 19 -17
41 21 61
41 22 -94
41 23 44
41 24 90
41 25 41
41 26 51
41 27 14
41 29 -54
41 30 95
41 31 31
41 32 27
41 34 33
41 37 23
41 38 -94
41 41 58
41 43 -47
41 45 -54
41 48 -55
41 49 -32
42 0 11
42 5 22
42 7 3
42 8 63
42 12 -84
42 15 -66
42 16 23
42 18 76
42 20 -76
42 21 -22
42 25 -34
42 27 -73
42 30 54
42 31 22
42 32 2
42 38 22
42 39 6
42 41 7
42 42 24
42 43 83
42 45 -28
42 46 50
42 47 -92
42 49 -39
43 0 -33
43 1 -68
43 2 -79
43 5 1
43 6 65
43 7 99
43 8 -89
43 10 -95
43 11 -6
43 12 -59
43 14 -71
43 15 48
43 16 -73
43 20 -33
43 21 74
43 24 46
43 25 1
43 26 -67
43 28 76
43 29 -16
43 33 30
43 34 27
43 35 -19
43 37 -69
43 38 -76
43 41 -57
43 42 -62
43 49 1
44 2 70
44 8 7
44 9 89
44 11 59
44 12 68
44 13 98
44 14 92
44 16 -8
44 17 40
44 18 84
44 21 -82
44 22 42
44 23 21
44 24 6
44 25 65
44 26 -71
44 28 49
44 29 -69
44 30 -34
44 31 86
44 32 -90
44 33 -25
44 34 39
44 35 -66
44 40 -16
44 41 -75
44 42 48
44 44 40
44 45 -22
44 46 -55
44 47 -26
45 4 -85
45 5 -89
45 7 34
45 9 92
45 13 51
45 14 100
45 17 -72
45 21 82
45 24 37
45 25 71
45 27 40
45 28 -17
45 30 60
45 31 -75
45 32 -30
45 33 85
45 35 -58
45 36 -87
45 37 76
45 38 26
45 39 -92
45 45 49
46 0 78
46 1 37
46 3 85
46 4 54
46 5 -36
46 6 83
46 7 -40
46 8 12
46 12 87
46 14 76
46 16 -31
46 17 59
46 19 71
46 22 32
46 24 -15
46 27 -27
46 28 -9
46 29 91
46 33 14
46 35 67
46 36 -64
46 38 -7
46 39 -38
46 42 -73
46 44 57
46 45 -68
46 47 -91
46 49 97
47 1 -78
47 5 -40
47 7 -3
47 8 -56
47 9 65
47 10 84
47 11 46
47 14 20
47 16 38
47 17 15
47 19 -82
47 20 5
47 21 73
47 23 -34
47 25 -71
47 26 -56
47 27 48
47 28 -82
47 31 5
47 32 -98
47 33 96
47 34 -60
47 38 84
47 40 50
47 41 -27
47 44 -56
47 46 -50
48 0 -65
48 2 -35
48 3 52
48 5 31
48 6 70
48 11 -61
48 12 18
48 14 52
48 15 32
48 16 -29
48 17 93
48 18 -83
48 20 24
48 21 96
48 22 -13
48 24 82
48 26 -100
48 27 78
48 31 95
48 32 -59
48 34 35
48 35 -30
48 36 72
48 39 -57
48 40 41
48 42 12
48 43 -34
48 44 65
48 45 -96
48 48 4
48 49 98
49 0 10
49 2 -69
49 4 -24
49 6 48
49 8 100
49 9 -43
49 12 12
49 13 -13
49 14 59
49 15 -75
49 17 -46
49 19 -87
49 20 -30
49 21 -36
49 22 -73
49 23 -5
49 25 -32
49 27 15
49 33 -81
49 34 -84
49 38 -79
49 40 1
49 43 84
49 44 18
49 45 96
49 46 30
49 49 12