0 0 72
0 1 -17
0 2 22
0 3 23
0 4 27
0 5 -13
0 6 -50
0 7 -86
0 9 -70
1 0 1
1 1 88
1 2 -66
1 3 -28
1 4 -57
1 5 5
1 6 -4
1 7 27
1 8 69
1 9 29
2 0 -60
2 1 -64
2 2 -67
2 3 -95
2 4 75
2 5 -65
2 6 -43
2 7 -51
2 8 49
2 9 -99
3 0 -33
3 1 -39
3 2 96
3 3 19
3 4 15
3 5 -22
3 7 -65
3 8 -66
3 9 -94
4 0 -37
4 1 -83
4 2 -61
4 3 59
4 4 84
4 5 -1
4 6 73
4 7 -15
4 8 -50
4 9 24
5 0 82
5 1 -93
5 2 -39
5 3 72
5 4 71
5 5 63
5 6 -5
5 7 26
5 8 -24
5 9 -90
6 0 70
6 1 -71
6 2 47
6 4 18
6 5 -58
6 6 -94
6 7 80
6 8 -10
6 9 37
7 0 -49
7 2 45
7 3 14
7 4 6
7 5 -100
7 7 22
7 8 50
7 9 60
8 0 -48
8 1 -85
8 2 -47
8 5 -5
8 6 69
8 7 -65
8 8 -19
8 9 -28
9 0 56
9 1 87
9 2 82
9 3 -42
9 4 -24
9 5 32
9 6 68
9 7 9
9 8 95
9 9 -45