0 0 94
0 1 57
0 2 -44
0 4 -57
0 5 44
0 6 93
0 7 -55
0 8 -81
0 10 -61
0 11 29
0 13 -89
0 14 -100
0 16 -79
0 17 -28
0 18 32
0 19 -94
0 20 18
0 21 64
0 22 -87
0 23 89
0 24 -70
0 25 80
0 26 -57
0 27 43
0 29 -56
0 30 -40
0 31 68
0 32 -83
0 33 -48
0 34 45
0 36 -13
0 37 13
0 39 20
0 40 -66
0 41 51
0 42 67
0 43 -87
0 44 -8
0 45 -56
0 46 -16
0 47 -45
0 48 67
0 49 61
0 50 -4
0 51 99
0 52 56
0 54 -20
0 58 88
0 59 -38
0 60 86
0 61 9
0 63 58
0 64 -46
0 65 -77
0 66 -57
0 67 78
0 68 -41
0 69 -21
0 70 -28
0 71 91
0 72 -84
0 73 39
0 74 59
0 75 48
0 76 -65
0 77 50
0 78 -5
0 79 50
0 84 42
0 85 83
0 86 -43
0 87 78
0 89 -12
0 90 -5
0 92 -50
0 93 45
0 94 -69
0 95 51
0 96 95
0 97 75
0 98 2
0 99 14
1 0 76
1 1 -35
1 2 -3
1 3 -61
1 4 -46
1 5 -55
1 7 27
1 8 12
1 9 83
1 10 57
1 12 1
1 14 27
1 15 70
1 16 92
1 17 -32
1 19 -29
1 20 94
1 21 -47
1 22 -95
1 23 28
1 24 -31
1 25 56
1 26 -42
1 27 8
1 28 70
1 29 11
1 30 -99
1 31 72
1 32 -57
1 33 6
1 35 67
1 36 39
1 37 45
1 38 -60
1 39 83
1 40 49
1 42 92
1 43 -51
1 44 59
1 46 -48
1 47 71
1 49 84
1 50 -32
1 51 -62
1 53 88
1 54 92
1 55 -4
1 56 -49
1 57 -53
1 58 -28
1 59 -63
1 60 -12
1 61 37
1 62 -61
1 64 -14
1 66 -90
1 67 -77
1 68 -69
1 69 -87
1 70 -13
1 71 52
1 72 83
1 73 -56
1 74 -42
1 75 -58
1 76 -29
1 77 74
1 78 -19
1 79 91
1 80 19
1 81 17
1 83 48
1 85 36
1 87 -38
1 89 -42
1 90 -52
1 91 -45
1 92 -3
1 93 -97
1 94 6
1 95 -2
1 97 -12
1 98 76
1 99 -32
2 0 -44
2 1 -3
2 2 41
2 3 -20
2 4 51
2 5 38
2 6 78
2 7 70
2 8 99
2 9 39
2 12 -17
2 13 88
2 14 -89
2 15 -67
2 17 -52
2 18 66
2 20 -12
2 21 54
2 23 -26
2 24 -31
2 25 26
2 26 78
2 27 -60
2 28 -69
2 29 -59
2 30 82
2 31 52
2 32 23
2 35 -67
2 37 19
2 38 41
2 39 -3
2 41 -19
2 42 -17
2 43 -7
2 44 95
2 45 71
2 49 -50
2 50 -79
2 51 76
2 52 83
2 53 1
2 54 -57
2 55 -36
2 56 58
2 57 -2
2 58 72
2 59 -90
2 60 89
2 61 85
2 62 -86
2 63 -85
2 64 -81
2 65 -20
2 67 45
2 68 -5
2 69 -13
2 70 -89
2 71 -83
2 72 37
2 73 99
2 74 66
2 76 9
2 78 -77
2 80 45
2 81 -91
2 82 74
2 84 27
2 85 58
2 86 30
2 87 -75
2 88 -73
2 89 -14
2 90 -66
2 91 -45
2 92 73
2 93 86
2 94 21
2 95 -90
2 96 -15
2 97 24
2 98 -80
3 0 -98
3 1 -38
3 2 -79
3 3 69
3 4 37
3 5 29
3 6 38
3 7 67
3 10 40
3 12 -61
3 13 55
3 14 -34
3 18 -35
3 19 -41
3 20 66
3 21 26
3 22 -17
3 24 41
3 27 -92
3 29 3
3 30 2
3 32 -75
3 33 76
3 34 -73
3 35 18
3 36 -91
3 39 10
3 40 -100
3 41 -3
3 42 -86
3 44 57
3 45 -13
3 46 7
3 49 80
3 50 -81
3 51 -68
3 52 -55
3 53 -100
3 54 13
3 55 13
3 56 -59
3 57 96
3 58 73
3 60 -41
3 61 -40
3 62 -36
3 63 -45
3 64 87
3 66 -63
3 68 -54
3 69 93
3 70 88
3 71 -49
3 72 51
3 73 -85
3 74 57
3 75 -49
3 76 29
3 77 -62
3 78 88
3 80 -44
3 81 -57
3 82 -96
3 83 -40
3 84 47
3 85 -7
3 86 17
3 87 -96
3 88 -44
3 89 17
3 91 47
3 92 68
3 93 51
3 94 72
3 96 -71
3 97 97
3 98 -37
3 99 20
4 0 -21
4 1 -3
4 2 -94
4 3 -32
4 4 1
4 5 95
4 6 52
4 8 -83
4 9 -46
4 10 27
4 11 -64
4 12 72
4 14 -82
4 15 -29
4 16 9
4 17 -13
4 19 -76
4 20 39
4 21 43
4 22 82
4 23 44
4 24 -7
4 25 77
4 26 78
4 27 -23
4 28 65
4 32 96
4 33 -36
4 34 17
4 35 14
4 36 99
4 38 -52
4 39 -73
4 40 18
4 42 36
4 44 -86
4 46 -98
4 47 -57
4 48 -85
4 51 -33
4 52 61
4 54 40
4 56 -70
4 57 32
4 58 86
4 59 -81
4 60 -53
4 61 -31
4 62 82
4 63 -93
4 64 31
4 65 -75
4 66 11
4 67 100
4 68 25
4 69 -72
4 70 21
4 71 -53
4 74 -90
4 76 -7
4 79 -75
4 82 40
4 83 -7
4 84 -5
4 85 86
4 86 -68
4 88 -28
4 89 58
4 90 -32
4 91 100
4 92 45
4 93 68
4 94 -76
4 95 -80
4 96 -36
4 97 17
4 98 -46
4 99 -26
5 0 51
5 1 -8
5 2 6
5 3 -74
5 4 10
5 5 15
5 7 82
5 9 85
5 11 -3
5 12 -22
5 14 -57
5 15 75
5 16 -48
5 17 -7
5 18 -59
5 19 83
5 21 73
5 22 45
5 24 18
5 26 14
5 27 -17
5 29 44
5 30 -76
5 31 -16
5 33 71
5 34 27
5 35 -15
5 36 19
5 38 93
5 39 -74
5 40 70
5 41 45
5 42 91
5 43 -46
5 44 43
5 45 -63
5 46 -20
5 47 34
5 48 89
5 49 11
5 51 -76
5 52 -40
5 53 85
5 54 -87
5 56 12
5 57 -5
5 58 -17
5 59 -59
5 61 -87
5 62 -58
5 64 72
5 65 24
5 66 100
5 67 -83
5 69 92
5 71 23
5 72 -43
5 73 -26
5 74 39
5 75 11
5 76 -75
5 77 15
5 78 -60
5 79 67
5 80 -7
5 81 -33
5 82 -47
5 83 -50
5 84 59
5 85 -19
5 86 49
5 88 -21
5 89 37
5 90 5
5 91 30
5 92 -60
5 93 -45
5 94 14
5 95 -15
5 96 -43
5 97 -81
5 98 -31
5 99 85
6 0 -26
6 2 9
6 5 9
6 8 18
6 9 -31
6 10 -25
6 11 43
6 12 76
6 14 -83
6 15 31
6 16 -5
6 17 14
6 19 -7
6 20 86
6 21 -37
6 23 -21
6 24 27
6 25 44
6 26 85
6 27 38
6 28 31
6 31 46
6 32 12
6 33 -85
6 34 88
6 35 12
6 36 96
6 37 79
6 38 -89
6 39 -98
6 40 -95
6 41 -7
6 42 69
6 43 -37
6 46 80
6 47 -77
6 48 -43
6 51 -50
6 52 9
6 53 -65
6 54 88
6 55 -54
6 56 50
6 58 27
6 59 -53
6 60 16
6 61 28
6 62 66
6 63 49
6 64 94
6 65 39
6 66 76
6 67 15
6 68 -59
6 70 -97
6 71 64
6 72 -51
6 74 -85
6 75 94
6 76 5
6 77 85
6 78 -58
6 80 -52
6 81 28
6 82 -82
6 83 37
6 84 -9
6 85 -16
6 86 -74
6 87 -71
6 89 -54
6 90 43
6 91 -25
6 92 51
6 93 53
6 95 28
6 96 -94
6 99 -22
7 0 56
7 1 64
7 3 54
7 4 45
7 5 -69
7 6 -62
7 7 -73
7 8 77
7 9 -49
7 10 84
7 11 -38
7 12 -37
7 13 89
7 14 83
7 15 100
7 16 -69
7 17 -79
7 18 -41
7 19 -35
7 20 95
7 21 -96
7 22 -17
7 23 46
7 24 57
7 25 83
7 26 -54
7 28 66
7 30 -40
7 31 -22
7 32 66
7 33 74
7 34 -8
7 35 43
7 37 72
7 40 -66
7 41 -51
7 42 -21
7 43 -82
7 44 53
7 45 74
7 46 -69
7 47 -43
7 48 -30
7 49 49
7 50 -74
7 51 -13
7 53 88
7 54 34
7 55 -59
7 56 48
7 59 35
7 61 64
7 63 46
7 65 -1
7 66 -77
7 67 16
7 68 -55
7 69 -50
7 70 -56
7 71 -9
7 74 -71
7 75 60
7 78 4
7 81 42
7 83 -36
7 84 -98
7 85 -15
7 86 21
7 87 -83
7 88 96
7 89 -59
7 90 84
7 91 -6
7 92 -52
7 93 40
7 95 -97
7 96 -48
7 97 82
7 98 -97
7 99 29
8 1 97
8 3 91
8 4 -56
8 5 -99
8 6 32
8 8 18
8 9 43
8 10 -71
8 11 -19
8 13 -41
8 14 49
8 16 -42
8 17 5
8 19 38
8 21 -25
8 23 90
8 24 -54
8 27 -28
8 28 -68
8 29 -75
8 30 -75
8 32 -88
8 33 81
8 34 -66
8 35 -12
8 36 15
8 37 -69
8 38 -95
8 40 64
8 42 -69
8 43 -87
8 44 -50
8 45 31
8 46 -62
8 47 -83
8 48 -100
8 49 23
8 50 45
8 51 -11
8 52 -56
8 53 53
8 54 23
8 55 -100
8 58 83
8 60 -73
8 61 17
8 62 -53
8 63 57
8 64 -10
8 65 82
8 66 95
8 67 -37
8 69 94
8 70 3
8 71 30
8 72 -38
8 73 -17
8 74 33
8 76 -79
8 77 23
8 78 1
8 79 17
8 80 -6
8 81 -89
8 82 -58
8 83 -54
8 84 -44
8 85 18
8 86 21
8 87 24
8 88 14
8 89 78
8 90 -57
8 91 -74
8 92 77
8 93 82
8 94 70
8 95 -9
8 97 -14
8 98 -40
8 99 -29
9 2 -47
9 3 67
9 4 -1
9 6 65
9 7 -9
9 9 -11
9 10 7
9 11 -22
9 12 -49
9 14 -45
9 15 97
9 19 5
9 20 5
9 21 -37
9 22 62
9 24 -4
9 25 72
9 26 -91
9 27 -23
9 28 65
9 29 48
9 30 30
9 31 99
9 32 49
9 34 88
9 35 11
9 36 18
9 37 -93
9 38 24
9 42 2
9 44 91
9 47 -58
9 48 77
9 50 -41
9 51 60
9 52 -25
9 53 -66
9 54 -57
9 56 96
9 58 -89
9 60 -82
9 61 9
9 62 -36
9 63 -17
9 64 -83
9 67 46
9 69 18
9 70 69
9 71 -42
9 72 -84
9 73 -35
9 74 13
9 76 24
9 77 -2
9 78 13
9 79 -69
9 80 2
9 81 -67
9 82 92
9 83 72
9 84 93
9 86 -81
9 87 40
9 88 94
9 89 -29
9 90 4
9 91 -90
9 92 -3
9 94 -33
9 95 -86
9 98 -72
9 99 -97
10 0 91
10 1 -51
10 3 23
10 4 -83
10 6 90
10 7 23
10 8 100
10 9 51
10 11 -33
10 12 30
10 13 -85
10 14 -75
10 15 85
10 16 -44
10 19 45
10 20 55
10 21 54
10 22 28
10 24 39
10 25 52
10 26 26
10 28 81
10 29 -43
10 30 82
10 31 -6
10 32 69
10 33 84
10 34 6
10 35 -3
10 36 -49
10 39 -69
10 41 -62
10 42 93
10 44 28
10 45 78
10 46 88
10 47 -38
10 48 74
10 49 59
10 50 -55
10 51 72
10 52 30
10 54 -69
10 55 37
10 56 -70
10 58 -61
10 60 77
10 63 -85
10 64 70
10 66 -2
10 67 50
10 68 -89
10 69 54
10 71 -76
10 72 -38
10 73 -94
10 74 -4
10 75 84
10 76 13
10 78 -96
10 79 -96
10 80 -7
10 82 -26
10 83 61
10 85 82
10 86 11
10 87 -83
10 88 -9
10 89 39
10 90 -14
10 91 74
10 92 -21
10 93 -54
10 94 13
10 95 -13
10 96 -34
10 97 -50
10 98 -71
10 99 -92
11 0 -82
11 1 -14
11 2 -85
11 3 -63
11 4 41
11 5 -85
11 6 79
11 7 95
11 8 -45
11 9 19
11 10 -63
11 11 34
11 12 39
11 13 59
11 14 84
11 15 68
11 16 68
11 19 79
11 20 -28
11 21 -27
11 22 54
11 23 19
11 24 72
11 25 60
11 26 -14
11 28 100
11 29 87
11 31 -60
11 33 30
11 34 94
11 35 49
11 36 80
11 37 -6
11 38 58
11 39 -40
11 40 24
11 42 46
11 43 -82
11 44 26
11 45 -72
11 46 -100
11 47 69
11 48 -37
11 49 -7
11 52 -11
11 54 -26
11 56 -95
11 57 26
11 58 42
11 59 -73
11 62 57
11 63 93
11 64 55
11 65 -14
11 66 -23
11 67 4
11 68 29
11 69 -11
11 70 50
11 71 66
11 72 41
11 73 80
11 74 92
11 75 -67
11 76 -96
11 77 20
11 78 -44
11 79 55
11 80 -31
11 82 -93
11 83 -82
11 84 -17
11 85 -27
11 86 -74
11 87 33
11 89 69
11 90 -67
11 91 -38
11 93 83
11 94 -14
11 96 29
11 97 42
11 98 -91
11 99 24
12 0 94
12 1 -22
12 2 -64
12 3 -67
12 4 -83
12 5 96
12 6 73
12 7 -72
12 9 75
12 10 -40
12 12 39
12 13 -15
12 15 100
12 16 3
12 17 -54
12 18 -28
12 19 -42
12 20 -27
12 26 36
12 27 -70
12 28 -86
12 29 -40
12 30 -70
12 32 83
12 33 -21
12 35 -47
12 36 80
12 37 -39
12 39 -77
12 41 -5
12 42 45
12 44 3
12 45 -2
12 48 39
12 50 -82
12 51 -62
12 53 -46
12 54 33
12 55 98
12 56 44
12 57 -94
12 58 -36
12 61 41
12 63 -36
12 64 -18
12 65 -4
12 67 87
12 68 5
12 69 -71
12 70 -45
12 71 2
12 72 -7
12 74 -97
12 75 54
12 76 5
12 77 -65
12 78 45
12 79 -64
12 81 69
12 83 13
12 84 -26
12 85 31
12 86 39
12 87 75
12 88 -30
12 89 16
12 91 -34
12 92 8
12 94 44
12 95 -55
12 97 37
12 98 63
12 99 -75
13 0 42
13 1 15
13 2 -93
13 4 100
13 5 21
13 6 -20
13 7 41
13 8 -14
13 9 23
13 10 -30
13 11 -32
13 12 62
13 14 -89
13 15 50
13 16 82
13 17 -67
13 18 2
13 21 -95
13 22 75
13 23 -93
13 24 -89
13 25 -37
13 26 -23
13 29 -98
13 30 -20
13 31 -57
13 32 83
13 34 -23
13 35 -73
13 36 13
13 37 2
13 38 -95
13 39 -35
13 40 -94
13 41 95
13 42 98
13 43 28
13 44 52
13 45 67
13 46 -83
13 47 -53
13 48 -93
13 50 -46
13 52 -12
13 53 -87
13 54 -34
13 55 25
13 56 -45
13 59 -34
13 60 -100
13 61 -16
13 62 24
13 63 68
13 64 -7
13 66 -13
13 67 1
13 70 36
13 71 11
13 72 -34
13 73 7
13 74 37
13 75 60
13 76 -47
13 77 92
13 79 71
13 80 -44
13 81 58
13 82 5
13 83 -41
13 85 -4
13 86 35
13 87 -95
13 88 -69
13 89 -90
13 90 51
13 92 61
13 93 -20
13 94 31
13 95 -93
13 96 -19
13 97 -80
13 98 -24
13 99 -54
14 0 -71
14 1 60
14 2 44
14 4 -49
14 5 -5
14 6 -12
14 7 -12
14 8 -2
14 10 88
14 11 -40
14 12 -76
14 13 -34
14 14 11
14 15 90
14 16 -3
14 18 -43
14 19 -83
14 20 46
14 21 5
14 22 99
14 23 -20
14 24 -90
14 25 -8
14 26 -93
14 27 71
14 28 30
14 29 -25
14 31 -11
14 32 54
14 33 -24
14 34 -98
14 36 -62
14 37 -75
14 38 15
14 39 11
14 40 25
14 41 -96
14 42 -83
14 44 -38
14 45 -46
14 47 73
14 48 42
14 49 -95
14 51 -37
14 52 77
14 53 62
14 54 -66
14 55 -92
14 56 44
14 57 -46
14 60 55
14 61 25
14 62 76
14 63 1
14 64 10
14 65 -42
14 67 -21
14 68 -83
14 69 -64
14 70 -99
14 71 92
14 72 3
14 73 -25
14 74 -28
14 75 63
14 76 86
14 78 29
14 79 20
14 81 -91
14 82 -39
14 84 94
14 85 -3
14 86 -87
14 88 17
14 90 -9
14 91 -16
14 93 -19
14 95 96
14 96 6
14 97 35
14 98 -87
14 99 -77
15 0 56
15 1 36
15 2 -30
15 3 -79
15 4 85
15 6 82
15 8 44
15 9 13
15 10 -19
15 11 -42
15 12 -30
15 13 -83
15 14 -54
15 15 -100
15 16 -62
15 17 -59
15 20 52
15 21 16
15 22 62
15 23 52
15 24 96
15 26 92
15 29 -18
15 30 -69
15 31 55
15 33 67
15 34 -8
15 35 -65
15 39 -46
15 41 -82
15 42 -92
15 43 82
15 44 35
15 46 -100
15 47 -66
15 48 79
15 49 51
15 51 38
15 52 96
15 53 -13
15 54 -83
15 55 -22
15 56 -37
15 57 14
15 58 73
15 59 -63
15 60 -67
15 61 26
15 63 46
15 64 99
15 65 76
15 66 42
15 67 12
15 68 78
15 69 -11
15 72 27
15 73 -84
15 75 -73
15 76 83
15 77 -65
15 79 -8
15 81 -40
15 82 28
15 83 -17
15 84 54
15 85 -22
15 86 10
15 87 52
15 90 -64
15 91 -60
15 92 33
15 93 -71
15 94 90
15 95 -81
15 96 20
15 99 47
16 0 76
16 3 -18
16 5 26
16 6 -30
16 8 66
16 9 -19
16 10 -38
16 13 -69
16 14 68
16 15 12
16 16 -50
16 19 -15
16 20 8
16 21 -16
16 22 -74
16 23 79
16 24 -51
16 25 6
16 27 71
16 28 -24
16 29 -22
16 30 21
16 31 43
16 33 -53
16 34 46
16 35 -44
16 36 -59
16 37 35
16 38 -36
16 40 52
16 41 -95
16 42 64
16 43 6
16 45 -10
16 46 86
16 47 -23
16 48 -47
16 49 -93
16 52 -92
16 53 48
16 54 55
16 55 -95
16 56 -56
16 57 59
16 58 -96
16 59 -93
16 60 -20
16 61 -12
16 62 77
16 63 69
16 64 -79
16 65 16
16 69 -82
16 70 61
16 71 -2
16 73 -64
16 74 4
16 75 74
16 77 65
16 78 59
16 81 19
16 82 68
16 83 -97
16 84 -66
16 86 -17
16 87 -9
16 88 51
16 92 79
16 93 28
16 95 33
16 97 -13
16 98 75
17 1 -85
17 2 34
17 3 62
17 4 -7
17 5 -27
17 7 -28
17 8 15
17 9 73
17 10 4
17 11 -87
17 12 -3
17 13 -76
17 14 -13
17 15 95
17 16 51
17 17 -18
17 18 -92
17 20 92
17 22 -76
17 23 -22
17 25 -78
17 26 -62
17 28 11
17 29 -54
17 31 57
17 32 91
17 33 84
17 34 2
17 35 -43
17 39 -30
17 41 -32
17 42 96
17 43 -58
17 44 58
17 45 -12
17 46 3
17 48 79
17 49 -94
17 50 86
17 51 -14
17 52 25
17 53 45
17 54 99
17 55 -39
17 57 -49
17 58 78
17 59 -79
17 60 41
17 63 53
17 64 -14
17 65 56
17 66 17
17 69 -84
17 70 3
17 71 -43
17 73 44
17 75 -75
17 76 66
17 77 76
17 78 -50
17 79 86
17 80 -91
17 81 -49
17 82 54
17 83 -83
17 84 74
17 86 -70
17 87 11
17 90 -43
17 91 -26
17 92 79
17 94 23
17 95 -38
17 97 -19
17 98 -10
18 0 -36
18 1 -25
18 2 70
18 3 -69
18 4 54
18 5 65
18 6 -17
18 7 78
18 8 81
18 9 42
18 11 63
18 13 -98
18 14 89
18 15 -50
18 16 -23
18 17 70
18 19 -41
18 20 98
18 22 96
18 23 91
18 24 81
18 26 72
18 27 -13
18 29 -1
18 30 -89
18 31 -96
18 32 -99
18 33 11
18 35 -71
18 36 57
18 39 -77
18 40 -22
18 41 -74
18 42 -78
18 44 46
18 46 18
18 47 2
18 48 93
18 49 25
18 52 -37
18 54 -61
18 55 -49
18 56 -59
18 57 -3
18 58 -36
18 59 95
18 60 91
18 61 56
18 62 -78
18 63 -85
18 64 33
18 66 28
18 67 -89
18 68 91
18 69 -72
18 70 -73
18 71 28
18 72 -2
18 73 -13
18 74 28
18 75 -70
18 76 -16
18 77 68
18 78 97
18 79 -66
18 80 79
18 81 47
18 82 -66
18 83 30
18 84 42
18 86 34
18 87 -41
18 89 52
18 90 39
18 91 13
18 92 -28
18 93 -58
18 95 46
18 97 -100
18 98 -82
18 99 76
19 0 -99
19 1 34
19 3 5
19 4 47
19 5 -39
19 6 43
19 7 -15
19 9 -90
19 10 -86
19 13 -87
19 14 36
19 16 -49
19 17 -32
19 19 18
19 20 58
19 21 40
19 23 54
19 24 89
19 26 -87
19 27 -76
19 28 32
19 29 14
19 32 -77
19 33 -30
19 34 65
19 36 -31
19 37 -89
19 38 -20
19 40 11
19 41 27
19 42 32
19 43 -54
19 44 11
19 45 -50
19 46 -23
19 47 -79
19 49 -14
19 51 -65
19 52 -37
19 53 9
19 55 -1
19 56 69
19 57 1
19 58 -73
19 59 78
19 60 -97
19 61 12
19 62 -28
19 63 -65
19 66 16
19 68 -78
19 69 -5
19 70 58
19 71 59
19 73 -36
19 74 87
19 75 -22
19 76 -25
19 77 83
19 78 -81
19 79 -56
19 80 -98
19 81 51
19 82 -94
19 83 84
19 85 16
19 86 99
19 87 -13
19 89 -76
19 90 72
19 91 -22
19 92 41
19 96 66
19 97 89
19 98 -15
19 99 94
20 0 93
20 1 -100
20 2 -81
20 3 -59
20 4 19
20 7 -71
20 9 -57
20 11 -16
20 12 85
20 13 -73
20 14 -58
20 15 -47
20 16 3
20 17 34
20 18 84
20 19 100
20 21 -51
20 22 58
20 24 -40
20 26 -75
20 28 92
20 29 35
20 31 -28
20 34 -87
20 35 -56
20 37 2
20 38 49
20 39 53
20 41 -67
20 42 -71
20 43 -84
20 44 -28
20 45 -36
20 46 -42
20 47 6
20 48 77
20 49 50
20 50 33
20 51 91
20 52 62
20 53 49
20 54 81
20 56 -75
20 57 -31
20 58 74
20 59 -15
20 60 -93
20 61 61
20 62 -97
20 63 -80
20 64 -97
20 65 -32
20 67 -85
20 68 -79
20 69 35
20 70 86
20 72 64
20 73 -49
20 74 84
20 75 -54
20 76 87
20 77 -55
20 78 94
20 79 -55
20 82 -62
20 83 -77
20 85 -59
20 86 -82
20 87 -64
20 88 54
20 89 -6
20 90 -94
20 91 -17
20 92 56
20 93 -56
20 94 -100
20 95 -36
20 96 -6
20 97 71
20 98 17
20 99 23
21 0 -48
21 1 -14
21 2 -15
21 3 -95
21 4 72
21 5 68
21 6 55
21 7 -11
21 8 -36
21 9 96
21 10 63
21 11 61
21 12 17
21 14 -29
21 16 68
21 17 24
21 18 13
21 19 -28
21 20 12
21 21 62
21 22 -60
21 24 -2
21 25 -19
21 26 37
21 27 64
21 31 -97
21 32 -55
21 33 25
21 34 -10
21 35 -44
21 36 39
21 37 99
21 38 -3
21 39 -99
21 41 -50
21 42 -31
21 43 -13
21 44 41
21 46 11
21 47 -89
21 48 -36
21 49 -93
21 50 3
21 51 7
21 52 11
21 53 24
21 54 23
21 55 -72
21 57 78
21 58 1
21 59 94
21 60 -17
21 61 -53
21 62 38
21 63 -92
21 64 46
21 67 12
21 69 34
21 70 5
21 71 69
21 72 36
21 73 -55
21 74 89
21 77 -9
21 78 -98
21 79 7
21 80 32
21 81 -79
21 82 -12
21 83 30
21 84 -45
21 85 -36
21 86 4
21 87 -84
21 88 -26
21 89 92
21 93 -36
21 94 65
21 95 -73
21 97 -24
21 98 -21
21 99 6
22 1 -48
22 2 -54
22 3 -92
22 4 -50
22 5 -65
22 6 64
22 7 96
22 8 43
22 9 18
22 10 67
22 11 97
22 12 -7
22 13 -63
22 14 86
22 15 24
22 16 55
22 17 55
22 19 34
22 20 56
22 22 -48
22 23 -34
22 24 -20
22 25 100
22 26 7
22 27 11
22 29 -40
22 31 15
22 32 84
22 33 9
22 34 -60
22 35 84
22 36 80
22 37 -18
22 38 99
22 39 -45
22 40 -41
22 41 40
22 42 -59
22 43 -10
22 45 83
22 46 98
22 48 29
22 49 33
22 51 -8
22 52 32
22 53 -48
22 54 -15
22 55 -30
22 56 -17
22 57 85
22 58 -82
22 59 -56
22 60 -43
22 61 44
22 62 -60
22 63 -18
22 65 -76
22 69 -72
22 70 32
22 71 -38
22 72 31
22 73 41
22 74 -3
22 75 -32
22 76 72
22 78 -54
22 79 68
22 80 -47
22 81 93
22 82 24
22 83 87
22 84 -43
22 86 56
22 87 52
22 89 100
22 90 4
22 91 -45
22 92 95
22 93 70
22 94 -60
22 95 80
22 96 72
22 99 -10
23 0 -75
23 1 -34
23 2 70
23 3 31
23 4 5
23 5 18
23 6 12
23 7 -66
23 8 -97
23 9 -82
23 10 25
23 11 24
23 12 23
23 14 43
23 15 -73
23 16 -15
23 18 60
23 21 63
23 23 50
23 24 100
23 26 -70
23 27 51
23 28 43
23 29 -21
23 30 -31
23 31 -68
23 33 6
23 34 33
23 35 82
23 36 58
23 37 -94
23 38 -37
23 39 30
23 40 -50
23 41 23
23 42 -74
23 43 -3
23 45 -75
23 48 58
23 49 -29
23 50 82
23 51 74
23 53 44
23 54 -37
23 55 91
23 56 33
23 57 60
23 58 -87
23 59 -46
23 60 6
23 61 15
23 62 -61
23 63 -48
23 64 -62
23 65 -11
23 66 61
23 67 75
23 68 -26
23 69 -39
23 70 60
23 71 6
23 72 56
23 73 -66
23 75 97
23 77 15
23 78 -23
23 79 99
23 82 86
23 83 -67
23 87 -81
23 88 -66
23 89 -94
23 90 30
23 93 -68
23 94 60
23 95 1
23 96 77
23 97 7
23 98 88
23 99 76
24 1 -83
24 3 -5
24 4 6
24 5 -57
24 7 25
24 9 63
24 10 9
24 11 -40
24 13 -8
24 16 42
24 17 -66
24 19 91
24 20 -10
24 23 -35
24 25 8
24 26 -74
24 27 82
24 28 85
24 29 -50
24 30 -99
24 32 74
24 33 -99
24 34 -10
24 35 -28
24 36 -30
24 37 56
24 39 45
24 40 -75
24 41 4
24 42 -72
24 43 -38
24 44 15
24 45 3
24 46 -36
24 47 66
24 49 47
24 50 -61
24 52 -90
24 53 -36
24 54 37
24 56 -75
24 57 -81
24 58 -29
24 59 97
24 60 -56
24 61 62
24 62 77
24 63 -54
24 64 84
24 65 -51
24 66 55
24 68 89
24 69 -16
24 70 55
24 71 -36
24 72 -76
24 73 13
24 74 94
24 76 97
24 82 92
24 84 63
24 85 -25
24 86 -46
24 87 -62
24 88 26
24 90 37
24 91 -49
24 92 -56
24 93 64
24 94 -2
24 95 84
24 96 -31
24 98 -46
24 99 -54
25 0 26
25 1 -92
25 2 -11
25 4 34
25 6 -92
25 7 -5
25 8 -37
25 9 42
25 10 8
25 11 87
25 12 91
25 13 -22
25 14 -41
25 16 -81
25 17 91
25 19 -39
25 20 19
25 21 9
25 22 68
25 23 -2
25 24 -2
25 25 -47
25 26 -96
25 27 -100
25 28 -50
25 29 85
25 30 -68
25 33 20
25 34 -6
25 35 23
25 36 -94
25 37 -35
25 38 73
25 39 -53
25 40 -4
25 41 58
25 45 -72
25 46 54
25 47 -6
25 48 32
25 50 -57
25 51 39
25 53 5
25 54 -36
25 56 56
25 57 17
25 58 84
25 59 -60
25 60 5
25 61 -98
25 62 -97
25 63 55
25 64 63
25 65 42
25 66 -20
25 67 -14
25 70 69
25 72 -57
25 73 -66
25 74 5
25 75 -99
25 76 -11
25 77 76
25 78 90
25 79 14
25 80 84
25 82 100
25 83 73
25 84 89
25 85 14
25 86 -94
25 87 40
25 88 -66
25 90 -99
25 91 -77
25 92 -77
25 94 30
25 95 -49
25 96 -37
25 97 -42
25 99 -54
26 0 -88
26 1 83
26 2 -64
26 4 -5
26 5 37
26 7 -86
26 8 -80
26 9 -72
26 10 -27
26 11 14
26 12 -83
26 13 -13
26 14 8
26 15 -18
26 16 -56
26 17 25
26 18 40
26 19 66
26 20 43
26 21 -8
26 22 44
26 23 34
26 24 -60
26 25 -36
26 26 20
26 27 -30
26 28 -15
26 29 51
26 30 -88
26 31 25
26 34 2
26 35 -53
26 36 -72
26 37 40
26 38 23
26 40 -21
26 41 -71
26 42 37
26 43 71
26 45 -82
26 46 64
26 48 38
26 49 -66
26 50 10
26 51 15
26 52 -61
26 54 17
26 55 78
26 56 68
26 57 57
26 58 -46
26 59 70
26 60 74
26 61 -15
26 63 6
26 65 -81
26 66 -39
26 67 -26
26 68 -85
26 69 -22
26 70 -33
26 71 -1
26 72 58
26 75 -44
26 76 4
26 77 40
26 78 98
26 79 80
26 81 41
26 82 -99
26 83 2
26 84 7
26 87 34
26 88 99
26 89 45
26 90 30
26 92 16
26 93 -56
26 94 -45
26 96 17
26 97 67
26 98 -21
26 99 -69
27 0 -64
27 1 -18
27 2 -27
27 3 41
27 4 -45
27 5 100
27 6 -100
27 7 -31
27 8 -54
27 9 -64
27 10 75
27 12 -36
27 13 34
27 14 -65
27 15 -18
27 16 45
27 17 7
27 18 53
27 19 -16
27 20 63
27 21 24
27 23 -100
27 25 -57
27 26 22
27 27 56
27 28 -98
27 30 -5
27 31 -35
27 32 -97
27 33 -48
27 35 -13
27 36 -57
27 37 -61
27 38 57
27 39 58
27 40 -53
27 43 58
27 45 -99
27 47 -6
27 48 3
27 49 73
27 50 53
27 51 -43
27 52 -63
27 53 8
27 54 -89
27 55 2
27 56 -15
27 58 -34
27 59 96
27 61 53
27 63 99
27 65 -42
27 66 -52
27 67 -35
27 68 50
27 70 54
27 71 74
27 72 19
27 74 9
27 75 -5
27 76 -88
27 77 28
27 78 45
27 79 73
27 80 64
27 81 -70
27 83 31
27 84 2
27 85 69
27 86 -53
27 87 -85
27 89 57
27 91 5
27 92 98
27 93 -47
27 94 -18
27 95 69
27 96 -1
27 97 -43
27 98 49
28 0 -74
28 4 -84
28 5 -82
28 6 93
28 7 -28
28 9 87
28 10 -81
28 11 -14
28 12 -51
28 13 -96
28 14 70
28 16 30
28 17 -63
28 18 -16
28 19 74
28 20 64
28 21 10
28 22 58
28 23 -90
28 24 -87
28 26 69
28 27 -25
28 28 -27
28 30 -88
28 31 -96
28 32 74
28 33 -38
28 34 82
28 35 -26
28 36 -97
28 37 93
28 38 60
28 39 50
28 40 -8
28 41 -6
28 42 -48
28 43 37
28 44 55
28 46 -33
28 47 97
28 48 -12
28 49 -83
28 50 35
28 51 5
28 52 34
28 53 22
28 54 -84
28 56 -33
28 57 97
28 58 13
28 59 55
28 60 -26
28 61 -71
28 62 -84
28 63 -30
28 64 -36
28 65 15
28 67 -70
28 68 -86
28 69 -25
28 70 80
28 71 59
28 72 85
28 73 -2
28 75 -3
28 76 24
28 77 11
28 79 -98
28 80 48
28 81 30
28 82 -77
28 83 45
28 84 -56
28 85 49
28 86 96
28 87 -34
28 90 78
28 91 -36
28 92 -42
28 95 93
28 96 19
28 97 84
28 99 -7
29 0 -93
29 1 -50
29 2 45
29 3 15
29 4 72
29 5 52
29 7 29
29 8 31
29 9 -83
29 10 84
29 11 99
29 12 -34
29 14 32
29 15 -20
29 16 -94
29 17 -71
29 18 35
29 19 98
29 20 64
29 21 -7
29 24 50
29 25 -65
29 26 -35
29 27 -64
29 29 -19
29 30 88
29 32 -28
29 34 87
29 35 -1
29 36 19
29 37 -32
29 38 27
29 39 52
29 41 -68
29 43 36
29 44 -86
29 45 -31
29 46 48
29 47 36
29 48 91
29 50 -60
29 51 57
29 52 6
29 53 -36
29 55 67
29 56 -43
29 58 69
29 59 -63
29 62 56
29 63 -100
29 64 60
29 65 -82
29 66 -12
29 67 -17
29 68 -47
29 69 -27
29 70 -74
29 71 92
29 72 -36
29 73 59
29 74 50
29 75 52
29 76 78
29 77 -29
29 78 -82
29 79 -20
29 80 45
29 83 -3
29 84 -85
29 85 12
29 86 -83
29 87 -56
29 88 -76
29 89 -14
29 90 -99
29 91 24
29 92 53
29 93 14
29 94 49
29 95 -46
30 0 57
30 1 91
30 2 -48
30 3 -64
30 5 -36
30 6 -58
30 7 -11
30 8 14
30 10 59
30 11 7
30 13 90
30 15 38
30 16 37
30 17 7
30 18 -52
30 19 -22
30 22 29
30 23 58
30 24 61
30 25 -42
30 26 80
30 27 -16
30 28 14
30 29 70
30 30 29
30 31 -73
30 32 52
30 33 54
30 34 24
30 36 89
30 37 -100
30 38 -88
30 39 -67
30 40 -54
30 41 -73
30 43 32
30 44 32
30 45 -93
30 47 35
30 49 97
30 50 -58
30 52 -30
30 53 21
30 55 -16
30 58 71
30 59 -2
30 61 -77
30 62 11
30 63 -96
30 64 38
30 66 50
30 67 -39
30 68 39
30 70 48
30 72 32
30 73 99
30 74 2
30 76 82
30 78 -32
30 79 -19
30 80 -78
30 81 -17
30 82 78
30 83 8
30 84 65
30 87 -7
30 88 30
30 89 92
30 90 31
30 91 -54
30 93 20
30 94 -31
30 95 -52
30 96 83
30 97 -53
30 98 82
30 99 -54
31 0 -65
31 1 -8
31 3 -60
31 4 86
31 5 -49
31 7 20
31 8 -71
31 9 5
31 10 86
31 11 -40
31 12 27
31 13 49
31 14 -84
31 15 -69
31 17 29
31 18 -78
31 19 20
31 20 25
31 22 -81
31 23 -82
31 24 -57
31 27 64
31 30 62
31 31 72
31 33 51
31 34 -13
31 35 29
31 36 -43
31 37 75
31 38 80
31 39 9
31 40 -71
31 42 -48
31 43 66
31 44 51
31 45 -33
31 46 -89
31 47 -11
31 48 -85
31 49 45
31 50 20
31 51 14
31 52 1
31 53 41
31 54 92
31 55 -50
31 56 -46
31 57 36
31 58 17
31 60 90
31 61 -44
31 62 -1
31 63 71
31 64 -76
31 65 82
31 66 42
31 67 60
31 68 7
31 69 51
31 70 16
31 71 70
31 72 -13
31 73 -23
31 74 54
31 75 81
31 76 -35
31 77 42
31 78 58
31 79 -6
31 80 57
31 82 87
31 83 93
31 84 -27
31 86 25
31 87 -96
31 88 -34
31 89 46
31 90 74
31 91 82
31 92 -88
31 93 -29
31 94 -100
31 95 35
31 97 49
31 98 -9
32 0 -36
32 1 -55
32 3 58
32 6 47
32 7 -60
32 8 69
32 9 -80
32 10 -49
32 12 92
32 13 55
32 14 72
32 15 63
32 16 -48
32 17 -78
32 18 -29
32 19 -31
32 20 -74
32 21 -26
32 22 76
32 23 22
32 24 38
32 25 -50
32 26 -92
32 27 -13
32 28 -28
32 29 50
32 30 19
32 31 89
32 32 -33
32 33 86
32 34 29
32 35 -86
32 36 33
32 37 -88
32 38 74
32 40 -94
32 41 18
32 42 -87
32 44 -24
32 46 75
32 48 -74
32 49 50
32 50 39
32 51 -84
32 52 -84
32 54 47
32 55 40
32 57 -22
32 59 -68
32 60 -78
32 61 -88
32 62 -33
32 63 -80
32 64 -38
32 65 -75
32 66 69
32 67 88
32 69 -90
32 70 72
32 71 -17
32 72 -85
32 73 24
32 75 -54
32 76 -73
32 77 -98
32 78 35
32 79 -28
32 80 -1
32 81 -45
32 82 -78
32 83 72
32 84 44
32 86 36
32 87 34
32 88 -59
32 89 -15
32 90 66
32 91 72
32 92 -61
32 93 28
32 94 -99
32 95 -86
32 96 43
32 98 -1
32 99 -69
33 0 75
33 1 -6
33 5 9
33 6 -78
33 7 -96
33 8 22
33 9 73
33 10 10
33 11 -79
33 12 8
33 13 55
33 15 41
33 16 55
33 17 61
33 18 27
33 19 4
33 21 90
33 22 -53
33 24 56
33 25 42
33 27 5
33 28 -96
33 29 96
33 30 63
33 31 -21
33 32 79
33 33 64
33 34 -13
33 35 -95
33 36 19
33 37 3
33 38 100
33 39 -67
33 40 77
33 41 26
33 42 -27
33 43 43
33 44 -43
33 45 29
33 46 -54
33 47 -3
33 50 -74
33 52 50
33 53 -91
33 54 51
33 55 86
33 56 8
33 57 -49
33 58 97
33 60 84
33 63 39
33 65 22
33 67 100
33 68 -7
33 69 65
33 70 -52
33 72 53
33 73 -1
33 75 -72
33 76 27
33 77 9
33 78 -45
33 79 -69
33 81 13
33 82 -38
33 83 -84
33 84 -49
33 85 46
33 86 9
33 87 25
33 90 62
33 92 80
33 93 -29
33 94 11
33 96 99
33 97 -33
33 98 -73
34 0 -18
34 1 -7
34 2 93
34 5 -26
34 6 -65
34 7 68
34 8 -77
34 9 -98
34 10 37
34 12 6
34 13 16
34 14 5
34 15 -77
34 17 6
34 19 61
34 20 54
34 21 -65
34 22 -46
34 24 -100
34 26 48
34 27 91
34 28 85
34 29 -30
34 30 100
34 31 -24
34 32 11
34 33 86
34 34 -2
34 36 16
34 38 65
34 40 -21
34 41 34
34 42 47
34 43 -81
34 44 59
34 45 -98
34 46 -12
34 47 -70
34 48 50
34 52 -55
34 53 20
34 54 100
34 55 -98
34 56 24
34 57 3
34 58 -17
34 59 75
34 60 -46
34 61 -79
34 62 52
34 63 -50
34 64 -52
34 65 -26
34 66 62
34 67 -88
34 68 -65
34 69 98
34 70 67
34 72 -29
34 73 97
34 76 28
34 77 29
34 78 -61
34 79 -32
34 80 95
34 81 1
34 82 -19
34 84 37
34 85 16
34 86 -70
34 87 53
34 88 66
34 89 -100
34 91 75
34 92 11
34 93 -41
34 96 -48
34 97 65
34 98 -64
34 99 22
35 1 87
35 3 69
35 4 -56
35 5 -40
35 7 -33
35 8 4
35 11 79
35 12 81
35 13 57
35 14 47
35 16 -10
35 17 -35
35 18 -81
35 19 -34
35 20 85
35 22 -49
35 23 -49
35 24 -98
35 25 100
35 26 52
35 28 -32
35 29 7
35 30 32
35 32 -44
35 33 -43
35 34 14
35 36 -92
35 38 -19
35 39 -28
35 41 80
35 42 -76
35 43 62
35 44 -11
35 45 94
35 46 88
35 47 -31
35 48 37
35 51 -50
35 53 -64
35 54 -91
35 55 99
35 56 -92
35 58 -88
35 59 -3
35 60 -13
35 61 -87
35 63 -93
35 66 -57
35 69 -16
35 70 72
35 71 43
35 72 -59
35 73 -18
35 74 11
35 75 -48
35 76 91
35 77 -2
35 78 -13
35 81 53
35 82 -59
35 84 -20
35 85 7
35 86 67
35 87 -38
35 89 -69
35 90 -100
35 91 64
35 92 -96
35 93 -19
35 94 -1
35 95 -32
35 96 -20
35 97 66
35 98 90
35 99 81
36 0 79
36 3 -21
36 4 -12
36 5 93
36 9 -68
36 10 -19
36 11 28
36 12 16
36 13 96
36 14 -9
36 15 -47
36 16 83
36 17 -56
36 19 -70
36 20 2
36 21 -61
36 22 -18
36 23 52
36 24 -69
36 25 55
36 26 -93
36 27 -23
36 28 -31
36 29 -87
36 30 -54
36 31 21
36 32 -11
36 33 69
36 35 76
36 37 -3
36 38 63
36 39 -71
36 40 -96
36 41 46
36 42 -72
36 43 56
36 44 -3
36 48 -71
36 49 -77
36 51 13
36 54 -20
36 55 23
36 56 53
36 58 -8
36 59 -90
36 60 -89
36 62 6
36 63 -97
36 64 -64
36 66 6
36 67 -27
36 68 -41
36 70 -56
36 71 -66
36 73 -50
36 74 66
36 75 80
36 78 -62
36 79 76
36 80 69
36 81 -68
36 82 23
36 83 31
36 84 34
36 85 -79
36 86 -10
36 87 19
36 88 -29
36 89 46
36 92 32
36 93 -99
36 94 -68
36 95 35
36 96 -42
36 97 26
36 98 75
37 0 -61
37 3 -80
37 4 2
37 6 80
37 8 22
37 9 28
37 11 -96
37 14 37
37 15 -97
37 16 -10
37 17 -71
37 18 16
37 19 -95
37 20 -93
37 21 63
37 22 15
37 23 19
37 24 -67
37 25 -2
37 26 74
37 27 29
37 28 -25
37 29 63
37 30 -86
37 32 44
37 34 -8
37 35 70
37 37 60
37 38 -29
37 40 54
37 42 7
37 43 70
37 44 53
37 45 -68
37 46 -92
37 47 84
37 48 -21
37 49 -74
37 50 -75
37 51 25
37 52 -73
37 53 46
37 54 -61
37 55 57
37 56 -14
37 58 87
37 59 83
37 60 -27
37 62 10
37 63 19
37 64 68
37 65 95
37 66 64
37 67 -19
37 69 42
37 70 15
37 71 53
37 73 82
37 74 38
37 75 6
37 76 34
37 77 -18
37 78 40
37 80 3
37 81 100
37 82 -36
37 83 24
37 84 -75
37 85 80
37 86 -63
37 88 -19
37 89 -14
37 90 -60
37 91 -87
37 92 31
37 93 -31
37 94 -89
37 96 4
37 97 -57
37 98 89
37 99 32
38 2 -39
38 3 -69
38 4 49
38 5 68
38 6 73
38 7 82
38 8 -8
38 9 -92
38 10 92
38 11 53
38 12 24
38 13 -49
38 14 -70
38 15 -85
38 16 79
38 17 -46
38 18 22
38 19 44
38 21 26
38 22 -46
38 23 59
38 25 50
38 26 -66
38 27 40
38 28 -5
38 29 97
38 30 -52
38 31 -29
38 32 -16
38 33 -26
38 34 80
38 35 46
38 36 -23
38 38 -79
38 39 99
38 40 -21
38 42 43
38 43 -11
38 44 39
38 46 52
38 47 15
38 48 49
38 49 6
38 50 2
38 51 -19
38 52 -55
38 53 99
38 54 9
38 55 99
38 56 85
38 57 -96
38 58 40
38 59 87
38 60 19
38 61 83
38 62 82
38 63 43
38 64 -20
38 65 4
38 67 51
38 68 -3
38 69 -37
38 72 -22
38 73 56
38 74 18
38 75 42
38 76 6
38 77 37
38 79 46
38 80 -10
38 82 36
38 83 -18
38 84 -31
38 85 45
38 86 -37
38 87 67
38 88 -49
38 90 -42
38 91 -100
38 92 -89
38 93 -41
38 95 -34
38 97 -84
38 98 -34
38 99 70
39 0 85
39 1 63
39 3 -38
39 4 -91
39 5 -28
39 6 5
39 7 45
39 8 -27
39 9 -69
39 10 18
39 12 -40
39 13 -49
39 14 22
39 15 -76
39 16 91
39 17 -59
39 18 60
39 19 -66
39 20 -29
39 21 38
39 22 34
39 24 -39
39 26 -27
39 27 -77
39 30 -32
39 31 19
39 32 8
39 33 -76
39 34 -88
39 37 -23
39 38 -27
39 40 6
39 41 53
39 42 50
39 43 49
39 44 58
39 45 76
39 46 29
39 47 -89
39 48 -100
39 49 -77
39 50 84
39 51 -29
39 52 -37
39 54 -7
39 55 -2
39 56 48
39 58 -15
39 59 -93
39 60 -62
39 61 -28
39 62 -60
39 63 -2
39 64 81
39 65 -85
39 66 -87
39 67 -17
39 69 69
39 71 20
39 74 -76
39 75 -14
39 76 39
39 77 -45
39 78 -57
39 79 54
39 80 58
39 81 -86
39 82 -43
39 84 -32
39 85 40
39 86 39
39 87 -1
39 90 -30
39 92 8
39 93 76
39 94 -45
39 95 -11
39 96 -47
39 97 -79
39 98 -97
39 99 83
40 0 -38
40 1 16
40 2 73
40 3 37
40 4 -82
40 5 54
40 6 -63
40 7 74
40 8 57
40 9 54
40 10 -1
40 11 21
40 12 59
40 13 -42
40 18 10
40 20 50
40 21 -9
40 22 -100
40 24 58
40 26 10
40 27 25
40 28 66
40 30 10
40 31 -65
40 32 -39
40 33 -86
40 35 21
40 36 96
40 37 -45
40 38 -87
40 39 -64
40 40 -86
40 42 -80
40 45 -19
40 46 85
40 47 -95
40 48 45
40 50 -46
40 51 74
40 52 57
40 53 -82
40 55 -64
40 56 92
40 57 -8
40 60 52
40 61 65
40 62 -78
40 65 -43
40 66 38
40 67 -63
40 68 -1
40 69 -67
40 70 51
40 71 -34
40 72 -28
40 73 -59
40 74 -63
40 75 83
40 76 -69
40 77 -91
40 78 -66
40 79 -67
40 80 -99
40 81 -44
40 82 72
40 83 17
40 84 -92
40 85 29
40 86 -47
40 87 33
40 88 14
40 89 -9
40 93 75
40 95 22
40 96 -31
40 97 81
40 98 -21
40 99 -99
41 0 77
41 2 -83
41 3 -65
41 4 53
41 5 43
41 6 -21
41 7 2
41 8 -85
41 10 28
41 11 35
41 12 -45
41 13 -2
41 14 -69
41 15 1
41 16 32
41 17 11
41 19 -88
41 21 46
41 23 -79
41 24 94
41 25 49
41 26 44
41 29 -92
41 30 32
41 32 -100
41 34 -27
41 35 -44
41 36 48
41 38 62
41 39 57
41 40 37
41 41 69
41 42 38
41 43 81
41 44 -49
41 45 39
41 47 -3
41 50 13
41 51 63
41 53 51
41 54 -35
41 55 -71
41 57 -39
41 58 -27
41 59 -13
41 60 69
41 61 96
41 62 -9
41 63 24
41 64 45
41 65 -69
41 66 35
41 67 -51
41 68 -67
41 69 -51
41 71 82
41 72 -14
41 73 19
41 74 78
41 75 -8
41 76 64
41 77 -63
41 78 -73
41 79 59
41 80 -58
41 81 19
41 82 -50
41 83 -24
41 84 66
41 85 -96
41 86 -92
41 87 48
41 88 56
41 89 20
41 90 82
41 91 60
41 92 -57
41 93 33
41 94 -38
41 95 22
41 97 6
41 98 -17
41 99 -88
42 0 -55
42 1 9
42 2 97
42 3 22
42 4 10
42 6 8
42 7 -20
42 8 -23
42 9 -39
42 10 100
42 11 -63
42 12 16
42 13 32
42 14 99
42 15 -13
42 16 -15
42 17 -41
42 18 -59
42 19 81
42 20 -51
42 21 -98
42 22 -45
42 23 -71
42 24 -83
42 26 51
42 27 -1
42 28 -64
42 29 -71
42 30 68
42 31 5
42 32 -1
42 33 -39
42 34 4
42 35 -94
42 36 32
42 37 56
42 38 46
42 39 83
42 40 70
42 41 -51
42 42 -97
42 43 74
42 44 -59
42 45 4
42 48 26
42 49 -95
42 50 -20
42 51 -1
42 52 98
42 53 -58
42 56 92
42 58 40
42 59 -10
42 60 53
42 61 60
42 62 -63
42 63 38
42 64 -91
42 66 33
42 67 59
42 68 82
42 69 -54
42 70 -37
42 71 -95
42 72 93
42 73 -61
42 74 -18
42 75 37
42 76 -91
42 77 -66
42 78 -21
42 79 -11
42 80 -4
42 82 -62
42 84 75
42 85 -22
42 87 65
42 91 -98
42 92 71
42 93 -36
42 94 44
42 95 -82
42 96 62
42 97 -39
43 0 75
43 2 47
43 3 -21
43 4 -63
43 5 -44
43 6 13
43 8 -76
43 9 -57
43 11 -31
43 12 -88
43 13 55
43 14 -36
43 15 -13
43 16 57
43 18 37
43 19 14
43 20 28
43 21 24
43 23 -52
43 24 63
43 25 1
43 26 94
43 27 -81
43 29 -90
43 30 -78
43 31 22
43 32 -19
43 33 46
43 35 90
43 36 -36
43 37 47
43 38 -56
43 39 -5
43 40 -50
43 42 31
43 44 -84
43 45 -1
43 47 94
43 48 10
43 49 1
43 50 81
43 51 -4
43 52 32
43 53 -64
43 55 -87
43 56 -22
43 57 95
43 58 -6
43 59 -15
43 60 -79
43 61 -98
43 62 -48
43 63 26
43 64 -100
43 65 -10
43 66 -81
43 67 -2
43 68 27
43 70 39
43 71 -25
43 72 -48
43 73 5
43 75 -65
43 76 -37
43 77 -20
43 78 51
43 80 61
43 81 -12
43 82 31
43 83 -82
43 84 73
43 85 86
43 87 -99
43 88 -43
43 89 -61
43 92 33
43 93 88
43 95 32
43 97 65
43 98 -35
43 99 -75
44 0 75
44 2 -91
44 3 76
44 4 12
44 5 66
44 7 -49
44 8 27
44 9 22
44 10 85
44 11 -45
44 12 -36
44 13 13
44 14 71
44 15 -38
44 16 32
44 17 1
44 18 51
44 20 -71
44 21 -55
44 22 -14
44 23 28
44 25 53
44 26 -85
44 27 65
44 28 96
44 29 26
44 30 36
44 31 96
44 32 -44
44 33 -61
44 34 -66
44 35 -91
44 36 -18
44 37 38
44 38 -5
44 39 -51
44 40 -28
44 41 -62
44 44 -78
44 45 -58
44 46 13
44 47 -18
44 49 -11
44 50 -73
44 51 48
44 52 60
44 53 77
44 55 44
44 56 31
44 57 -31
44 58 17
44 59 18
44 60 81
44 62 100
44 63 -80
44 64 97
44 65 2
44 66 -93
44 67 68
44 68 -31
44 69 -58
44 70 74
44 71 43
44 72 -71
44 73 72
44 74 14
44 76 -18
44 77 -31
44 78 -66
44 79 -96
44 80 -24
44 81 42
44 82 85
44 83 -13
44 84 -68
44 85 -75
44 86 54
44 87 67
44 89 -23
44 90 -10
44 92 -49
44 93 -90
44 95 -72
44 98 -45
44 99 -51
45 0 57
45 1 -43
45 2 98
45 3 -57
45 4 -79
45 5 -81
45 6 -82
45 7 5
45 8 17
45 12 -19
45 13 -22
45 14 27
45 15 32
45 16 88
45 18 37
45 20 78
45 21 78
45 22 48
45 24 -4
45 26 -74
45 27 -16
45 28 19
45 29 -59
45 31 98
45 32 92
45 33 -11
45 34 -27
45 35 17
45 36 58
45 37 6
45 39 -1
45 40 57
45 41 -3
45 44 -19
45 46 34
45 47 -53
45 48 -13
45 49 -79
45 50 -72
45 51 -39
45 52 -2
45 54 5
45 55 82
45 56 100
45 57 30
45 58 7
45 59 48
45 60 -29
45 62 84
45 63 -68
45 64 74
45 66 27
45 67 -35
45 68 -22
45 69 -95
45 72 71
45 73 -14
45 75 99
45 76 54
45 77 -16
45 80 32
45 82 -84
45 83 -87
45 84 -13
45 85 -97
45 86 13
45 87 41
45 88 27
45 89 -8
45 90 44
45 91 9
45 92 52
45 94 -10
45 95 45
45 96 -44
45 98 -57
45 99 -20
46 0 -46
46 1 -20
46 2 33
46 3 -37
46 4 -89
46 5 45
46 7 1
46 8 -22
46 9 -39
46 10 -53
46 11 11
46 15 16
46 16 -99
46 17 -86
46 18 91
46 19 32
46 20 94
46 21 39
46 23 -30
46 25 99
46 26 -16
46 27 36
46 28 -56
46 29 -81
46 30 -61
46 32 56
46 33 -44
46 34 -98
46 35 -25
46 36 -70
46 38 -62
46 39 -99
46 40 -19
46 41 65
46 43 8
46 44 46
46 45 -43
46 46 56
46 47 -12
46 49 -56
46 51 76
46 53 -65
46 54 -81
46 55 39
46 56 24
46 59 10
46 60 -6
46 61 -52
46 62 -74
46 63 -5
46 64 23
46 65 54
46 69 -24
46 70 -84
46 72 -32
46 73 -27
46 74 -7
46 75 -48
46 76 -78
46 77 -74
46 78 -33
46 81 -45
46 83 31
46 84 -22
46 86 3
46 87 -16
46 88 57
46 89 -89
46 90 -67
46 91 -1
46 92 -23
46 93 -14
46 94 -13
46 95 -73
46 96 -19
46 97 47
46 98 -68
46 99 10
47 0 46
47 1 30
47 2 92
47 3 34
47 4 -95
47 5 -41
47 9 -43
47 10 56
47 11 -91
47 12 17
47 13 3
47 14 46
47 16 100
47 17 -91
47 19 -60
47 20 -70
47 21 -39
47 23 34
47 24 70
47 25 -95
47 26 58
47 27 14
47 28 77
47 29 78
47 30 -38
47 31 82
47 32 94
47 33 -55
47 34 85
47 35 60
47 36 100
47 37 44
47 38 -93
47 39 32
47 40 -41
47 41 -71
47 42 -2
47 44 -100
47 45 -55
47 47 60
47 49 -10
47 50 96
47 51 78
47 52 91
47 53 59
47 54 -33
47 55 64
47 56 61
47 57 2
47 58 -86
47 59 -98
47 60 16
47 61 95
47 62 -67
47 64 67
47 65 55
47 66 -3
47 70 85
47 71 50
47 72 37
47 75 -41
47 76 -99
47 79 44
47 80 73
47 81 -34
47 83 44
47 84 35
47 85 82
47 86 -73
47 87 2
47 88 -9
47 89 -66
47 90 -28
47 91 52
47 92 -34
47 93 65
47 96 -28
47 97 27
47 99 -76
48 0 -44
48 1 -75
48 2 58
48 3 -5
48 4 -42
48 5 -100
48 6 -90
48 7 77
48 8 -27
48 9 100
48 10 60
48 13 -33
48 16 84
48 18 49
48 19 53
48 20 -53
48 21 -22
48 22 -18
48 23 30
48 25 94
48 26 71
48 27 16
48 28 81
48 30 28
48 31 32
48 32 38
48 35 -61
48 36 -28
48 38 -88
48 40 -21
48 41 -3
48 42 24
48 44 22
48 46 -68
48 47 57
48 48 -79
48 49 -60
48 50 56
48 51 -17
48 53 -76
48 54 37
48 55 -17
48 58 -35
48 59 87
48 61 -18
48 62 33
48 63 39
48 64 -28
48 65 -74
48 67 -77
48 68 -2
48 69 -68
48 71 32
48 72 -4
48 73 -98
48 74 -12
48 76 -52
48 77 -14
48 78 -36
48 79 -22
48 80 58
48 81 -66
48 82 85
48 83 26
48 84 -34
48 85 -53
48 86 95
48 87 -39
48 88 6
48 89 65
48 90 6
48 91 17
48 92 19
48 93 -55
48 94 80
48 95 34
48 97 -71
48 98 -98
48 99 -7
49 0 -57
49 1 40
49 2 -49
49 3 -78
49 4 -75
49 5 99
49 6 75
49 7 -4
49 8 -5
49 10 92
49 11 -61
49 14 97
49 15 -36
49 16 88
49 17 85
49 18 56
49 20 75
49 21 15
49 22 94
49 23 -97
49 25 80
49 26 39
49 27 -37
49 28 66
49 29 81
49 30 86
49 31 26
49 35 40
49 36 62
49 37 -51
49 38 86
49 39 -23
49 40 7
49 42 94
49 43 51
49 44 -98
49 46 14
49 48 29
49 50 -83
49 51 -1
49 52 25
49 53 34
49 56 -93
49 57 71
49 58 87
49 60 43
49 62 -73
49 63 -81
49 64 -81
49 65 -85
49 66 79
49 67 -34
49 68 63
49 69 -2
49 70 -73
49 71 23
49 73 -47
49 75 81
49 76 28
49 77 -23
49 78 80
49 80 -61
49 81 15
49 82 62
49 83 83
49 84 -64
49 85 61
49 86 -3
49 87 -84
49 88 97
49 90 98
49 91 -43
49 92 49
49 93 -95
49 94 94
49 95 -15
49 96 68
49 97 -38
49 98 -72
50 0 -52
50 1 -39
50 2 -86
50 3 -5
50 4 -37
50 5 -79
50 6 -97
50 7 8
50 8 -25
50 9 82
50 10 -93
50 11 71
50 13 40
50 15 -83
50 16 -39
50 17 25
50 18 -36
50 19 -57
50 20 81
50 21 -24
50 22 -54
50 25 3
50 26 20
50 27 -4
50 29 -23
50 30 20
50 31 -12
50 32 -12
50 33 -69
50 34 -74
50 35 -33
50 36 58
50 39 41
50 40 -77
50 41 -25
50 42 70
50 43 -68
50 44 47
50 45 -63
50 46 -12
50 47 -22
50 48 -67
50 49 24
50 50 -13
50 51 34
50 52 -59
50 53 23
50 55 94
50 56 -54
50 57 -80
50 58 27
50 59 -22
50 60 -10
50 61 73
50 62 61
50 63 -25
50 64 75
50 65 56
50 66 -30
50 67 21
50 68 -61
50 69 -21
50 70 -25
50 72 -54
50 73 77
50 74 -33
50 75 -28
50 76 23
50 78 62
50 80 -56
50 81 59
50 82 -26
50 83 -17
50 84 -34
50 86 -56
50 87 19
50 88 59
50 90 -62
50 91 57
50 92 -41
50 93 -60
50 94 65
50 96 -15
50 97 -32
50 98 -91
50 99 -67
51 0 -68
51 1 -29
51 3 77
51 4 19
51 5 -27
51 9 32
51 10 39
51 11 56
51 12 -28
51 13 90
51 14 32
51 16 -35
51 17 -17
51 18 73
51 19 -46
51 20 17
51 21 -34
51 22 89
51 23 -84
51 24 73
51 25 2
51 26 -67
51 27 24
51 28 -61
51 31 -88
51 32 -76
51 33 17
51 34 -55
51 35 54
51 36 -77
51 38 53
51 40 58
51 41 77
51 42 -11
51 44 -95
51 45 -12
51 47 -37
51 49 27
51 50 53
51 51 59
51 52 -76
51 53 -29
51 54 62
51 55 94
51 57 -2
51 58 83
51 59 99
51 60 96
51 61 18
51 62 -88
51 63 5
51 64 98
51 65 95
51 66 -48
51 68 -26
51 69 -91
51 70 -98
51 71 7
51 72 -42
51 73 25
51 74 66
51 75 -48
51 76 44
51 78 -25
51 80 22
51 81 21
51 83 65
51 84 -98
51 85 61
51 86 -48
51 87 -1
51 88 -20
51 89 -65
51 91 27
51 92 28
51 93 -73
51 94 -37
51 95 -18
51 98 72
51 99 -53
52 1 -92
52 2 -95
52 4 -66
52 5 36
52 6 98
52 7 89
52 8 -58
52 9 15
52 10 -71
52 11 98
52 13 -52
52 15 -20
52 17 -10
52 18 36
52 20 -27
52 21 100
52 22 -24
52 23 -43
52 25 -68
52 26 15
52 27 97
52 28 44
52 30 -69
52 31 48
52 32 -16
52 33 4
52 34 36
52 35 -20
52 36 61
52 37 -49
52 38 62
52 39 97
52 40 -95
52 41 -48
52 42 -13
52 43 19
52 44 -28
52 45 49
52 46 18
52 47 -33
52 48 77
52 49 83
52 50 56
52 51 -47
52 52 81
52 53 99
52 54 -61
52 55 97
52 56 -54
52 57 -100
52 58 39
52 60 -51
52 61 -78
52 62 -75
52 63 78
52 64 29
52 65 -54
52 66 -73
52 70 70
52 72 15
52 74 36
52 76 -73
52 77 -34
52 78 -6
52 80 -18
52 81 -66
52 82 93
52 83 -81
52 84 4
52 85 -3
52 90 53
52 91 14
52 92 -28
52 93 82
52 94 -1
52 95 78
52 96 -28
52 97 29
52 98 20
52 99 -88
53 0 59
53 1 -41
53 2 -67
53 4 98
53 5 2
53 7 -36
53 8 -75
53 9 88
53 11 18
53 12 -59
53 13 96
53 15 43
53 16 26
53 17 -69
53 18 -49
53 19 96
53 20 -76
53 21 -2
53 22 53
53 23 51
53 25 -24
53 26 -59
53 27 9
53 31 -100
53 32 -12
53 36 -62
53 38 97
53 39 -77
53 40 -30
53 41 -85
53 43 11
53 44 22
53 46 -78
53 47 -89
53 48 11
53 49 40
53 50 55
53 52 -56
53 53 -49
53 54 -53
53 55 61
53 57 -86
53 59 -40
53 60 73
53 62 -28
53 63 96
53 64 70
53 67 42
53 68 19
53 69 -10
53 70 -2
53 71 19
53 72 29
53 74 14
53 75 88
53 76 -94
53 77 69
53 78 -68
53 79 -66
53 80 15
53 81 40
53 82 -94
53 83 -57
53 84 89
53 85 92
53 86 34
53 88 -46
53 89 -90
53 90 77
53 91 5
53 92 56
53 93 9
53 94 40
53 95 -22
53 96 6
53 97 95
53 99 -64
54 0 57
54 2 45
54 3 -47
54 4 2
54 5 -24
54 6 2
54 7 5
54 8 80
54 9 -78
54 10 74
54 11 -64
54 12 73
54 13 -86
54 14 -52
54 15 -28
54 16 -39
54 17 81
54 19 -64
54 21 58
54 22 91
54 24 81
54 25 -21
54 26 45
54 27 3
54 28 99
54 29 -1
54 30 -44
54 31 -27
54 32 14
54 33 -25
54 35 -2
54 36 -25
54 37 -78
54 38 -14
54 40 18
54 41 89
54 42 -82
54 46 87
54 48 -91
54 49 53
54 50 46
54 51 46
54 52 44
54 53 71
54 54 -53
54 55 -96
54 56 -57
54 57 35
54 58 -20
54 59 29
54 60 -55
54 61 48
54 62 -64
54 64 5
54 65 -62
54 67 45
54 68 79
54 69 -67
54 70 58
54 71 -15
54 72 54
54 73 -20
54 74 95
54 75 13
54 78 22
54 79 12
54 80 -78
54 82 -48
54 83 -48
54 84 -67
54 85 -79
54 87 17
54 88 -23
54 89 33
54 91 -4
54 92 5
54 93 -94
54 94 14
54 95 -20
54 96 47
54 98 80
54 99 -57
55 0 27
55 4 93
55 5 49
55 6 91
55 7 -9
55 8 -77
55 9 28
55 10 -37
55 11 7
55 12 -61
55 15 -91
55 16 34
55 17 23
55 18 -75
55 19 24
55 20 89
55 21 76
55 22 -19
55 23 -91
55 24 66
55 25 96
55 26 28
55 27 -59
55 28 41
55 30 -43
55 31 29
55 32 33
55 34 60
55 35 -38
55 36 86
55 37 23
55 38 40
55 40 -74
55 42 48
55 43 55
55 44 31
55 46 27
55 47 82
55 49 -55
55 51 -11
55 53 -100
55 54 -52
55 55 -44
55 57 34
55 58 51
55 59 -5
55 60 -89
55 61 30
55 62 -85
55 64 13
55 65 -26
55 66 -5
55 67 8
55 68 36
55 69 -95
55 70 75
55 71 -53
55 73 -96
55 75 -88
55 76 -34
55 78 44
55 79 -16
55 80 -8
55 81 91
55 82 57
55 83 36
55 84 95
55 85 30
55 86 -36
55 87 63
55 91 -68
55 92 6
55 94 9
55 96 32
55 97 -88
55 98 -38
55 99 -96
56 0 3
56 1 -91
56 2 96
56 3 66
56 4 -15
56 5 -90
56 7 1
56 8 -88
56 9 92
56 11 -2
56 12 -78
56 14 -71
56 18 41
56 19 71
56 20 -47
56 23 61
56 24 12
56 25 -85
56 26 -86
56 27 23
56 28 20
56 29 52
56 31 30
56 33 55
56 35 41
56 36 2
56 37 7
56 38 -8
56 39 33
56 40 -11
56 41 -12
56 42 -86
56 44 27
56 45 -92
56 46 85
56 47 -44
56 49 93
56 50 -54
56 51 -33
56 52 -96
56 53 25
56 54 -31
56 55 -13
56 57 -87
56 59 66
56 60 -54
56 61 59
56 63 62
56 65 96
56 68 49
56 69 -45
56 70 -34
56 73 81
56 74 -94
56 75 -74
56 77 93
56 78 49
56 79 -12
56 80 -70
56 81 -14
56 82 -53
56 83 -60
56 85 -14
56 86 27
56 87 -64
56 88 -77
56 89 4
56 90 -39
56 91 -69
56 92 5
56 93 99
56 95 -84
56 96 -80
56 97 -82
56 98 15
56 99 -75
57 0 37
57 1 82
57 2 -82
57 4 -44
57 5 -9
57 6 44
57 9 19
57 10 20
57 11 60
57 12 8
57 13 -11
57 17 -90
57 19 -31
57 20 90
57 25 88
57 26 -24
57 27 -55
57 28 -9
57 29 -29
57 30 18
57 31 -75
57 32 51
57 33 -24
57 37 49
57 38 -22
57 39 63
57 41 45
57 42 40
57 43 -68
57 44 1
57 45 -69
57 46 -10
57 47 87
57 48 -63
57 50 -27
57 51 -87
57 52 -15
57 53 -67
57 54 -84
57 55 20
57 56 50
57 57 -30
57 58 -61
57 59 -61
57 61 -100
57 62 -11
57 63 25
57 64 4
57 69 -50
57 70 64
57 71 83
57 72 17
57 73 -68
57 74 -90
57 75 -14
57 76 -30
57 77 15
57 78 50
57 79 70
57 81 -65
57 82 12
57 86 52
57 90 42
57 91 -41
57 92 38
57 93 59
57 94 -75
57 95 -50
57 96 30
57 97 26
57 98 -24
57 99 -60
58 1 -60
58 2 -92
58 3 18
58 4 -84
58 5 -55
58 6 1
58 7 66
58 8 -87
58 9 -26
58 10 51
58 13 -36
58 14 -54
58 15 20
58 16 52
58 17 37
58 18 1
58 19 24
58 20 14
58 23 93
58 24 100
58 25 -89
58 26 -1
58 27 21
58 29 39
58 30 72
58 31 -20
58 32 61
58 33 2
58 34 -54
58 35 -54
58 36 20
58 38 4
58 39 93
58 40 -50
58 41 -95
58 42 29
58 43 8
58 44 81
58 45 79
58 47 53
58 48 83
58 49 -8
58 51 -79
58 52 65
58 53 -64
58 54 -44
58 55 -86
58 57 54
58 58 66
58 59 48
58 60 -16
58 61 9
58 62 -58
58 63 28
58 64 -33
58 65 88
58 66 -79
58 67 -28
58 69 -75
58 70 -25
58 72 41
58 73 -47
58 74 -1
58 75 -42
58 76 -62
58 77 48
58 78 34
58 79 -87
58 80 79
58 82 -82
58 84 54
58 85 -84
58 86 -80
58 87 -28
58 88 24
58 90 -34
58 91 29
58 93 68
58 94 23
58 95 -72
58 96 15
58 97 20
59 0 91
59 1 5
59 3 46
59 4 21
59 5 9
59 6 66
59 7 12
59 8 -42
59 10 -44
59 11 -28
59 12 16
59 13 -52
59 14 14
59 17 3
59 18 67
59 19 21
59 21 -82
59 22 59
59 23 -99
59 24 49
59 25 -24
59 27 39
59 28 60
59 29 38
59 30 -73
59 31 -84
59 32 100
59 33 71
59 34 39
59 35 -83
59 36 -100
59 37 69
59 40 -88
59 42 75
59 43 91
59 44 92
59 45 -79
59 46 13
59 47 -78
59 48 36
59 50 -88
59 51 4
59 52 24
59 54 10
59 56 -50
59 57 -6
59 58 91
59 59 -64
59 60 -97
59 61 4
59 62 -21
59 63 57
59 64 -84
59 65 56
59 66 29
59 67 -2
59 68 72
59 70 98
59 71 13
59 72 -18
59 73 25
59 74 -17
59 75 -89
59 77 -40
59 78 27
59 79 -100
59 80 89
59 81 14
59 82 -32
59 83 -17
59 84 -64
59 85 -39
59 86 12
59 87 -77
59 89 -21
59 91 -63
59 92 -15
59 93 83
59 94 -44
59 95 -72
59 96 -80
59 97 15
59 99 -78
60 0 -98
60 1 73
60 3 -85
60 4 -94
60 5 -26
60 6 60
60 7 -61
60 8 94
60 9 -55
60 12 -5
60 14 46
60 15 74
60 16 81
60 17 53
60 18 -21
60 19 77
60 21 97
60 22 50
60 25 -65
60 26 -76
60 28 29
60 29 -11
60 31 81
60 33 77
60 34 20
60 35 91
60 36 28
60 37 24
60 38 89
60 40 -49
60 41 7
60 42 -96
60 43 -15
60 44 -71
60 46 31
60 48 -95
60 50 -44
60 51 -71
60 53 -19
60 54 -70
60 55 -86
60 56 -84
60 57 66
60 58 -43
60 59 97
60 60 -37
60 61 -2
60 62 83
60 63 -80
60 64 -17
60 65 38
60 66 -30
60 67 31
60 68 13
60 69 31
60 70 9
60 71 22
60 72 4
60 73 72
60 74 84
60 75 32
60 77 -7
60 79 -38
60 80 -67
60 81 -100
60 82 -65
60 83 -96
60 84 44
60 85 -42
60 86 83
60 89 -2
60 90 8
60 91 -92
60 93 -67
60 94 71
60 95 -52
60 96 19
60 97 -53
60 98 -51
60 99 71
61 0 -8
61 2 54
61 3 99
61 4 -27
61 5 -45
61 6 -16
61 7 51
61 8 -76
61 9 48
61 11 -83
61 12 16
61 13 -94
61 14 -7
61 15 -88
61 17 -93
61 18 -85
61 19 -58
61 20 -57
61 21 24
61 22 57
61 23 -11
61 24 -50
61 25 -74
61 27 78
61 28 69
61 29 -9
61 30 -11
61 31 -83
61 32 -82
61 33 -15
61 35 -55
61 36 71
61 38 20
61 39 51
61 40 -45
61 41 69
61 42 -27
61 43 -62
61 45 27
61 48 65
61 49 -74
61 50 12
61 51 78
61 53 71
61 54 -10
61 55 -79
61 56 -6
61 57 19
61 61 -5
61 62 -21
61 63 47
61 64 50
61 65 -32
61 66 76
61 67 -26
61 68 -98
61 69 -77
61 71 -59
61 72 -53
61 73 -62
61 74 -68
61 75 28
61 76 8
61 77 46
61 78 -54
61 79 27
61 80 -63
61 81 32
61 82 58
61 84 27
61 85 -39
61 86 -16
61 87 48
61 89 63
61 90 55
61 91 -80
61 92 11
61 93 -48
61 94 58
61 95 84
61 96 -9
61 97 -58
61 98 47
61 99 -30
62 0 54
62 1 49
62 2 -35
62 3 3
62 4 -56
62 7 -13
62 10 99
62 11 -2
62 12 -76
62 13 -93
62 15 -71
62 18 66
62 19 -36
62 20 65
62 22 -80
62 23 93
62 24 68
62 27 -5
62 28 16
62 29 -5
62 32 -81
62 34 83
62 35 57
62 36 -20
62 38 74
62 40 -72
62 41 84
62 42 51
62 43 -86
62 44 79
62 45 -57
62 46 88
62 47 -33
62 50 -75
62 51 66
62 52 -14
62 53 56
62 54 17
62 55 -58
62 56 -45
62 58 6
62 59 -40
62 60 -56
62 61 -82
62 63 -38
62 65 30
62 66 -17
62 67 93
62 68 -52
62 69 -80
62 70 -80
62 74 87
62 76 -58
62 77 -43
62 78 18
62 79 -73
62 80 -4
62 81 27
62 82 -19
62 83 -32
62 85 -10
62 86 30
62 88 -40
62 89 44
62 91 -19
62 92 57
62 93 -8
62 94 78
62 95 -40
62 96 -47
62 97 -79
62 98 31
62 99 -16
63 1 -97
63 2 54
63 4 -19
63 5 31
63 6 4
63 8 81
63 9 -20
63 11 -84
63 12 -15
63 13 -43
63 15 -96
63 16 64
63 18 31
63 20 66
63 21 -34
63 22 -93
63 24 29
63 25 87
63 26 80
63 27 68
63 28 -62
63 31 -75
63 32 -49
63 33 69
63 34 80
63 37 -22
63 38 -42
63 40 55
63 41 97
63 43 31
63 44 -18
63 45 51
63 47 -98
63 48 25
63 49 77
63 50 43
63 51 -46
63 53 -63
63 56 84
63 57 83
63 58 -89
63 59 -31
63 60 48
63 61 -44
63 63 28
63 64 5
63 65 15
63 66 -30
63 68 -26
63 69 19
63 71 92
63 72 -32
63 73 -81
63 74 -24
63 75 17
63 76 79
63 77 -74
63 79 72
63 80 -58
63 81 3
63 82 57
63 83 45
63 85 -50
63 87 -95
63 88 -19
63 89 -41
63 90 -49
63 91 -3
63 92 -8
63 93 -11
63 94 57
63 95 -91
63 96 -48
63 97 66
63 98 -39
64 0 -3
64 1 -32
64 2 -70
64 5 63
64 6 -83
64 7 99
64 8 5
64 9 -39
64 10 74
64 11 72
64 12 -47
64 13 -18
64 14 -6
64 16 92
64 18 -62
64 19 8
64 20 -10
64 21 1
64 22 -96
64 25 57
64 26 -69
64 27 -42
64 28 92
64 29 -2
64 30 78
64 31 -41
64 32 53
64 33 -5
64 34 -66
64 35 82
64 36 -73
64 37 31
64 38 -21
64 39 72
64 40 17
64 41 -68
64 42 10
64 45 -28
64 46 -26
64 47 28
64 48 65
64 49 25
64 50 -29
64 51 -23
64 53 13
64 54 -50
64 56 -63
64 57 -99
64 58 -66
64 59 -54
64 60 92
64 61 80
64 62 -56
64 63 -77
64 64 39
64 65 100
64 66 76
64 67 -90
64 69 -51
64 70 -98
64 71 78
64 72 -93
64 73 8
64 77 76
64 79 -92
64 82 65
64 83 29
64 84 42
64 85 97
64 86 -58
64 87 -37
64 88 81
64 90 73
64 91 47
64 92 76
64 93 -17
64 94 -96
64 95 20
64 96 28
64 97 -3
64 99 74
65 0 87
65 1 100
65 2 39
65 3 76
65 4 89
65 6 -27
65 7 -42
65 8 -43
65 9 -45
65 10 13
65 11 -49
65 13 -9
65 14 -58
65 16 -27
65 17 -79
65 19 -80
65 20 -35
65 21 41
65 22 25
65 23 -86
65 26 -80
65 27 48
65 28 95
65 30 -100
65 31 62
65 33 33
65 34 63
65 36 -9
65 37 -87
65 39 -55
65 40 -71
65 41 49
65 42 -52
65 43 16
65 44 -16
65 45 -50
65 46 23
65 48 3
65 49 -34
65 50 59
65 51 -96
65 52 -38
65 53 63
65 54 61
65 55 51
65 56 95
65 57 -97
65 58 12
65 59 -71
65 61 64
65 62 -73
65 63 36
65 64 -74
65 65 -58
65 66 -67
65 67 -14
65 68 -94
65 69 -89
65 71 80
65 73 38
65 74 -12
65 75 -38
65 76 47
65 77 58
65 79 -46
65 80 14
65 81 -66
65 82 -2
65 84 36
65 86 -12
65 87 21
65 88 -2
65 89 74
65 90 -28
65 91 56
65 93 92
65 94 62
65 96 -23
65 97 -87
65 99 37
66 0 -76
66 2 -93
66 3 -22
66 4 -12
66 5 -59
66 6 -41
66 7 -2
66 8 70
66 9 8
66 10 -91
66 11 76
66 12 7
66 13 -83
66 14 -71
66 16 54
66 17 -23
66 18 63
66 19 -80
66 20 28
66 21 -21
66 22 15
66 23 48
66 25 -14
66 26 -65
66 27 -74
66 28 -11
66 29 57
66 30 11
66 32 -86
66 33 49
66 34 51
66 35 -46
66 37 -57
66 38 63
66 39 28
66 40 66
66 41 10
66 47 99
66 48 55
66 50 -82
66 51 70
66 52 22
66 54 -27
66 55 73
66 56 54
66 57 -38
66 58 57
66 59 -3
66 60 -2
66 61 3
66 62 -87
66 63 -10
66 64 68
66 66 -4
66 67 -80
66 68 96
66 69 -33
66 70 44
66 71 2
66 72 50
66 73 -56
66 74 -70
66 75 58
66 76 -68
66 77 38
66 78 -22
66 80 84
66 82 -35
66 84 -46
66 85 -67
66 86 -1
66 87 66
66 88 -56
66 89 19
66 90 -38
66 91 -45
66 92 55
66 95 74
66 97 -53
66 98 -91
66 99 85
67 0 5
67 1 -3
67 2 52
67 3 -38
67 5 -4
67 6 -71
67 7 25
67 8 56
67 9 57
67 10 -78
67 11 -88
67 12 -91
67 13 -55
67 15 14
67 16 -46
67 18 84
67 20 -93
67 21 -52
67 22 6
67 23 46
67 24 34
67 25 -35
67 27 13
67 28 56
67 29 82
67 30 39
67 31 -43
67 32 -67
67 33 -1
67 34 -51
67 37 -99
67 38 13
67 39 -69
67 42 -50
67 43 -56
67 46 -11
67 47 89
67 48 -96
67 49 4
67 50 90
67 51 -11
67 53 -40
67 54 76
67 55 83
67 56 -38
67 57 56
67 59 67
67 60 -91
67 62 -51
67 63 79
67 64 26
67 66 25
67 68 31
67 69 -5
67 70 -91
67 72 83
67 73 27
67 75 -55
67 76 -67
67 77 13
67 79 -88
67 80 -2
67 81 -15
67 83 93
67 84 1
67 85 -51
67 87 -9
67 88 46
67 90 99
67 91 -45
67 92 -90
67 93 -14
67 94 -84
67 95 -7
67 96 21
67 97 30
67 99 97
68 0 -98
68 2 46
68 3 -38
68 4 77
68 5 60
68 6 -40
68 8 71
68 9 39
68 10 -71
68 11 -58
68 12 -27
68 13 -96
68 14 -80
68 16 -23
68 17 -71
68 20 -34
68 22 -71
68 23 -45
68 25 39
68 26 -62
68 27 -67
68 28 -15
68 29 42
68 30 39
68 32 -17
68 34 -45
68 35 -45
68 36 -79
68 38 1
68 39 -86
68 40 -6
68 42 81
68 43 80
68 44 -42
68 47 -32
68 48 -19
68 49 -56
68 50 65
68 51 -92
68 52 -38
68 53 75
68 54 -37
68 55 -99
68 57 76
68 58 53
68 59 50
68 60 2
68 61 31
68 62 56
68 64 22
68 65 62
68 69 -33
68 70 50
68 71 -76
68 72 27
68 74 30
68 76 -21
68 77 -22
68 80 29
68 81 61
68 82 90
68 83 -44
68 84 13
68 85 -46
68 86 -42
68 89 76
68 92 -61
68 93 33
68 94 -50
68 95 -49
68 97 29
69 0 64
69 1 54
69 2 59
69 3 34
69 4 -60
69 5 68
69 6 25
69 8 15
69 9 -28
69 11 99
69 12 -84
69 13 -25
69 16 38
69 17 -97
69 18 11
69 19 -10
69 20 10
69 21 65
69 22 53
69 23 43
69 24 -65
69 26 -48
69 27 4
69 30 61
69 31 -14
69 32 62
69 35 85
69 36 92
69 37 25
69 38 -87
69 39 -33
69 41 -27
69 43 -58
69 44 -15
69 45 -38
69 46 79
69 47 6
69 48 -71
69 49 -83
69 50 70
69 52 35
69 53 -39
69 54 -72
69 55 -19
69 56 16
69 57 52
69 58 -100
69 59 3
69 60 -65
69 61 -27
69 62 -55
69 64 5
69 65 -73
69 66 62
69 67 16
69 68 -19
69 69 58
69 70 56
69 71 59
69 74 29
69 75 36
69 77 13
69 79 24
69 80 -30
69 81 16
69 82 -90
69 84 25
69 85 -34
69 86 -99
69 88 -65
69 89 -93
69 90 -48
69 92 -42
69 93 17
69 94 -76
69 98 -98
69 99 -99
70 0 -40
70 1 -29
70 2 -47
70 3 -87
70 4 -47
70 5 91
70 6 12
70 7 64
70 8 40
70 9 -96
70 10 64
70 13 58
70 15 -21
70 16 -62
70 17 -99
70 19 -94
70 22 -4
70 24 -9
70 27 -40
70 28 -96
70 29 -73
70 30 83
70 31 -6
70 32 12
70 34 -58
70 35 21
70 36 -13
70 37 -84
70 39 15
70 41 -70
70 43 -55
70 44 -14
70 45 -59
70 46 -72
70 47 23
70 48 48
70 49 -27
70 50 -2
70 51 -59
70 52 -76
70 53 -66
70 54 91
70 57 -88
70 58 -34
70 59 10
70 60 -84
70 62 -91
70 63 50
70 64 35
70 65 -17
70 67 74
70 68 14
70 69 -82
70 70 -89
70 71 49
70 73 -33
70 74 -26
70 75 -28
70 76 -61
70 77 -81
70 78 -25
70 79 -80
70 81 -58
70 84 -3
70 86 -61
70 87 -13
70 89 -28
70 91 96
70 92 -69
70 93 -66
70 94 -58
70 95 -34
70 96 -86
70 97 -88
70 98 -44
71 0 13
71 1 -43
71 2 -21
71 3 75
71 4 46
71 5 -14
71 6 46
71 7 -55
71 8 -54
71 10 57
71 11 79
71 13 -80
71 14 -1
71 15 24
71 16 47
71 17 43
71 18 -80
71 19 -63
71 20 86
71 21 -24
71 22 -1
71 23 38
71 24 7
71 25 6
71 26 70
71 27 14
71 29 44
71 30 -70
71 31 -95
71 32 86
71 33 -24
71 34 -7
71 35 65
71 36 46
71 38 -60
71 39 94
71 40 54
71 41 64
71 42 -40
71 43 -37
71 44 93
71 46 -27
71 47 79
71 48 -74
71 49 -5
71 50 -84
71 51 99
71 54 52
71 55 91
71 56 74
71 57 27
71 58 56
71 59 -94
71 61 68
71 62 73
71 64 58
71 66 59
71 68 6
71 70 25
71 71 -53
71 73 50
71 75 10
71 76 62
71 77 21
71 79 64
71 80 -54
71 81 -77
71 82 -42
71 84 -34
71 85 35
71 86 -29
71 87 27
71 91 -42
71 92 -15
71 93 -90
71 94 1
71 95 75
71 97 -48
72 1 62
72 2 -62
72 3 -43
72 4 44
72 6 -14
72 7 -43
72 9 63
72 10 73
72 11 -72
72 12 80
72 13 -31
72 14 81
72 15 -95
72 18 90
72 19 58
72 20 54
72 21 -36
72 22 -11
72 23 53
72 24 47
72 25 -45
72 26 34
72 27 8
72 28 8
72 29 73
72 30 -98
72 31 -24
72 32 14
72 33 44
72 35 -43
72 36 38
72 37 78
72 38 -12
72 40 -33
72 42 70
72 43 -96
72 44 10
72 45 -46
72 46 42
72 47 -98
72 48 -89
72 49 -11
72 50 44
72 51 45
72 52 -70
72 53 -43
72 54 -71
72 55 52
72 56 53
72 57 -21
72 59 -16
72 60 -58
72 62 -23
72 63 99
72 64 -56
72 65 53
72 66 13
72 67 42
72 68 -52
72 70 37
72 71 20
72 72 34
72 73 -68
72 74 -61
72 76 -82
72 77 58
72 79 62
72 80 -96
72 82 19
72 83 -47
72 85 -33
72 87 81
72 89 -80
72 90 -69
72 91 85
72 92 -72
72 93 56
72 94 -87
72 95 -97
72 96 -15
72 97 70
72 98 30
73 0 -54
73 1 89
73 2 -38
73 3 -92
73 4 -95
73 5 2
73 7 -95
73 8 95
73 10 -91
73 11 -71
73 12 -25
73 13 -15
73 14 59
73 15 -8
73 16 65
73 19 93
73 20 -39
73 21 -59
73 22 57
73 23 -56
73 24 -51
73 25 -9
73 26 21
73 27 61
73 28 -7
73 29 -66
73 30 -3
73 31 -83
73 32 25
73 33 47
73 35 61
73 36 -36
73 37 92
73 38 22
73 39 -62
73 40 -87
73 41 -53
73 42 -18
73 43 -78
73 44 -63
73 45 -100
73 46 55
73 47 -3
73 49 11
73 50 2
73 51 30
73 53 -3
73 54 -61
73 58 49
73 59 -46
73 61 -48
73 62 -44
73 63 -88
73 66 -82
73 67 -93
73 69 -71
73 70 -32
73 71 98
73 72 -80
73 73 -60
73 74 -18
73 75 -6
73 76 95
73 77 -31
73 79 87
73 80 -95
73 81 85
73 83 22
73 84 -1
73 85 97
73 86 -47
73 87 -18
73 88 75
73 89 34
73 90 99
73 91 -40
73 92 -76
73 93 13
73 95 30
73 96 85
73 97 14
73 98 -81
73 99 -90
74 2 -74
74 3 -97
74 4 -73
74 5 89
74 6 55
74 7 -72
74 8 78
74 9 -8
74 10 -59
74 11 71
74 12 29
74 13 -42
74 14 -37
74 15 -100
74 16 5
74 17 -42
74 18 27
74 19 -81
74 20 26
74 21 -5
74 24 -94
74 25 -100
74 27 -39
74 28 -59
74 29 83
74 30 43
74 34 -51
74 36 70
74 37 56
74 38 -71
74 40 -35
74 41 -50
74 42 32
74 43 52
74 44 11
74 45 61
74 46 78
74 47 54
74 49 72
74 50 8
74 51 41
74 53 -70
74 55 94
74 56 91
74 58 -75
74 59 44
74 60 -12
74 61 24
74 62 -8
74 63 -30
74 64 34
74 65 38
74 66 30
74 68 53
74 69 -54
74 70 -27
74 71 -26
74 72 -8
74 73 53
74 74 17
74 75 -19
74 76 -53
74 77 25
74 79 3
74 80 90
74 81 72
74 83 -21
74 84 -59
74 86 12
74 87 92
74 88 26
74 89 91
74 90 61
74 92 -77
74 94 -58
74 96 -91
74 97 -78
74 98 -26
74 99 -78
75 0 -58
75 1 37
75 2 -54
75 3 37
75 4 -51
75 6 -63
75 8 -94
75 9 37
75 10 93
75 11 -83
75 12 -11
75 13 -18
75 14 42
75 15 -57
75 17 1
75 18 -27
75 19 -45
75 21 63
75 23 -45
75 24 -63
75 25 91
75 26 39
75 27 -61
75 28 90
75 29 30
75 30 53
75 31 -56
75 32 -25
75 36 -91
75 37 -94
75 38 -70
75 39 92
75 41 -14
75 42 -88
75 47 -42
75 48 -12
75 49 88
75 50 -14
75 52 90
75 53 59
75 54 -64
75 56 -82
75 57 -10
75 58 -38
75 59 -15
75 60 8
75 61 -28
75 62 -66
75 63 90
75 64 -74
75 65 35
75 66 -70
75 68 -92
75 69 19
75 70 -1
75 71 57
75 72 5
75 73 -30
75 75 4
75 76 -57
75 78 -80
75 79 41
75 80 -31
75 81 39
75 82 -40
75 84 11
75 85 -78
75 86 -31
75 87 95
75 88 -21
75 89 56
75 90 -40
75 91 -5
75 93 -1
75 94 -66
75 96 -1
75 98 -62
76 0 -4
76 1 -4
76 2 -40
76 3 -15
76 4 27
76 5 -59
76 6 -90
76 7 60
76 8 -32
76 9 -93
76 10 -57
76 11 -56
76 13 -52
76 14 -76
76 15 -24
76 16 -15
76 17 99
76 18 7
76 19 78
76 20 5
76 21 73
76 24 -20
76 25 45
76 26 -97
76 27 -82
76 28 46
76 29 37
76 30 -56
76 31 4
76 32 -39
76 33 21
76 34 -49
76 37 -13
76 38 42
76 39 -16
76 40 62
76 41 -38
76 44 70
76 46 7
76 47 -38
76 48 -21
76 49 56
76 50 22
76 53 72
76 54 48
76 55 -14
76 56 81
76 57 22
76 59 85
76 60 41
76 61 8
76 64 83
76 65 -26
76 67 -26
76 68 52
76 70 -77
76 71 17
76 72 54
76 75 9
76 76 94
76 77 -25
76 78 -55
76 79 86
76 80 -56
76 81 7
76 82 56
76 83 -89
76 84 -34
76 86 71
76 87 88
76 89 -26
76 90 12
76 91 -5
76 92 -97
76 93 -59
76 94 -95
76 95 -9
76 97 -33
76 98 13
76 99 55
77 0 77
77 1 1
77 2 -98
77 3 55
77 4 39
77 5 72
77 7 -36
77 8 69
77 11 -69
77 12 -86
77 13 5
77 15 -72
77 16 42
77 18 -87
77 19 77
77 21 48
77 22 2
77 23 -61
77 26 44
77 27 74
77 28 43
77 29 -74
77 30 -36
77 32 -74
77 33 -89
77 35 -47
77 36 4
77 37 -60
77 38 28
77 39 11
77 40 14
77 41 99
77 42 -72
77 44 42
77 46 -40
77 47 93
77 48 -89
77 49 -1
77 50 44
77 51 77
77 52 -86
77 53 -19
77 54 -34
77 56 54
77 58 86
77 59 69
77 60 -72
77 61 -65
77 62 -7
77 63 26
77 64 62
77 65 -8
77 66 72
77 67 99
77 68 52
77 69 33
77 70 -82
77 71 -13
77 72 34
77 74 40
77 75 99
77 76 -100
77 77 -16
77 78 38
77 79 67
77 80 16
77 81 55
77 82 -96
77 84 6
77 85 53
77 86 -71
77 87 43
77 88 86
77 90 -97
77 91 98
77 92 6
77 96 -37
77 97 -3
77 98 -52
78 0 -64
78 1 66
78 2 -33
78 4 22
78 5 22
78 6 -74
78 8 64
78 9 76
78 10 17
78 11 43
78 12 -46
78 14 -83
78 15 -44
78 17 58
78 18 92
78 19 57
78 20 58
78 21 -15
78 22 -42
78 23 16
78 24 -29
78 25 -25
78 26 -6
78 28 63
78 29 -24
78 31 -46
78 34 -6
78 35 -75
78 37 49
78 38 -30
78 39 66
78 41 -34
78 42 17
78 44 66
78 45 78
78 46 83
78 48 43
78 49 -32
78 51 -7
78 52 -53
78 53 -4
78 54 70
78 56 -69
78 57 -13
78 58 90
78 59 13
78 61 11
78 62 9
78 63 11
78 65 68
78 66 42
78 67 60
78 68 85
78 70 -87
78 71 17
78 72 -44
78 73 -69
78 74 16
78 75 -92
78 77 -100
78 78 76
78 80 95
78 81 -55
78 83 15
78 84 -63
78 85 -62
78 86 29
78 87 -35
78 88 74
78 90 -13
78 91 44
78 92 21
78 94 16
78 95 17
78 97 -60
78 98 34
78 99 68
79 1 -95
79 3 -27
79 4 10
79 5 2
79 6 45
79 7 29
79 8 30
79 9 99
79 10 -25
79 11 79
79 12 -87
79 15 -46
79 16 -18
79 17 -49
79 18 -32
79 19 6
79 21 80
79 22 -60
79 24 -2
79 25 -95
79 28 27
79 30 -31
79 31 -45
79 33 82
79 34 18
79 35 18
79 38 55
79 40 -62
79 41 56
79 42 75
79 43 -24
79 44 6
79 45 -73
79 46 19
79 48 -50
79 49 -5
79 50 100
79 51 -8
79 52 -60
79 53 67
79 54 -100
79 56 13
79 58 -25
79 59 -86
79 60 -71
79 62 25
79 64 73
79 65 14
79 66 -98
79 67 -17
79 71 -72
79 72 9
79 73 46
79 74 46
79 78 -55
79 79 -49
79 80 -32
79 82 92
79 83 17
79 84 -13
79 85 -45
79 86 86
79 87 -97
79 88 -61
79 90 -99
79 91 -71
79 92 26
79 93 48
79 94 -71
79 95 39
79 97 72
80 1 85
80 3 82
80 5 -4
80 6 -26
80 8 34
80 9 59
80 10 63
80 11 47
80 12 79
80 15 -85
80 16 13
80 18 51
80 19 18
80 20 99
80 21 -49
80 22 66
80 23 -73
80 25 29
80 26 -88
80 28 49
80 29 79
80 30 -24
80 33 -72
80 35 -71
80 36 -78
80 37 50
80 39 63
80 40 88
80 41 -39
80 42 75
80 43 -100
80 46 5
80 49 -21
80 50 31
80 51 -39
80 52 26
80 54 -34
80 55 -91
80 56 -96
80 57 34
80 58 -19
80 59 -63
80 61 -35
80 63 -66
80 64 -25
80 67 99
80 68 45
80 69 10
80 70 39
80 72 -94
80 73 33
80 74 -50
80 75 -66
80 80 -43
80 81 72
80 82 -77
80 84 44
80 85 -87
80 86 29
80 87 -43
80 88 -34
80 89 80
80 90 78
80 91 -92
80 92 80
80 93 15
80 94 -95
80 95 69
80 96 99
80 97 -32
80 98 -43
80 99 -99
81 0 -27
81 2 50
81 3 -19
81 4 64
81 5 94
81 6 -93
81 7 -39
81 8 35
81 9 79
81 10 64
81 12 -64
81 13 -52
81 14 11
81 15 -80
81 16 83
81 17 93
81 18 -63
81 19 -45
81 22 58
81 23 59
81 24 6
81 26 6
81 27 69
81 28 -75
81 29 -34
81 30 -84
81 31 36
81 32 -53
81 33 -58
81 34 -96
81 35 59
81 39 68
81 41 -59
81 42 44
81 44 13
81 45 -1
81 46 -38
81 47 -18
81 48 -74
81 49 15
81 51 77
81 52 -84
81 54 64
81 56 -46
81 57 -46
81 58 -3
81 59 78
81 60 18
81 61 -99
81 63 31
81 64 -51
81 65 71
81 66 97
81 67 10
81 68 38
81 69 83
81 70 -87
81 71 70
81 74 -5
81 75 47
81 76 -28
81 77 41
81 78 18
81 79 -65
81 80 -30
81 82 -31
81 83 75
81 85 72
81 86 -48
81 87 -58
81 88 78
81 89 33
81 91 25
81 92 69
81 94 -50
81 95 -3
81 96 -78
81 97 -19
81 98 -93
81 99 81
82 0 -38
82 1 -20
82 2 -77
82 3 70
82 5 31
82 6 -98
82 7 83
82 8 -46
82 9 -4
82 10 -99
82 11 12
82 13 30
82 14 75
82 15 98
82 16 -58
82 17 72
82 18 -69
82 19 38
82 21 1
82 22 12
82 23 -27
82 24 -31
82 25 -74
82 26 -91
82 27 26
82 28 -42
82 29 33
82 30 64
82 31 63
82 32 9
82 33 -25
82 34 6
82 35 43
82 36 90
82 37 -44
82 38 -41
82 39 80
82 40 33
82 41 -18
82 42 -85
82 43 -51
82 44 -93
82 45 -18
82 46 13
82 47 -43
82 48 29
82 49 -97
82 50 -17
82 51 81
82 52 -42
82 53 25
82 54 -29
82 55 -76
82 56 92
82 58 -25
82 60 52
82 63 -31
82 65 -60
82 66 -50
82 67 -61
82 68 -52
82 69 43
82 70 -100
82 71 -35
82 72 80
82 73 68
82 75 -62
82 76 -31
82 77 -89
82 79 -63
82 80 56
82 81 -63
82 82 68
82 83 73
82 84 61
82 85 73
82 86 -12
82 87 -60
82 88 -92
82 89 -6
82 92 16
82 94 46
82 95 -67
82 96 -19
82 97 -78
83 1 -73
83 2 -50
83 3 -86
83 5 17
83 6 88
83 8 -53
83 9 35
83 10 69
83 11 72
83 12 -90
83 14 32
83 15 -59
83 17 81
83 18 41
83 19 97
83 20 57
83 21 24
83 22 -86
83 23 61
83 24 -6
83 25 84
83 26 -47
83 27 57
83 28 -92
83 31 -73
83 32 75
83 34 -51
83 39 50
83 40 -31
83 41 40
83 42 99
83 43 13
83 44 -65
83 45 -28
83 46 -21
83 47 64
83 48 14
83 49 -100
83 52 46
83 54 72
83 55 28
83 58 15
83 59 -53
83 60 -100
83 61 -95
83 62 -11
83 63 -80
83 64 97
83 65 -70
83 66 63
83 68 54
83 69 50
83 74 47
83 75 -38
83 76 66
83 77 91
83 78 18
83 79 -66
83 82 -11
83 83 -6
83 84 -99
83 86 -90
83 90 -69
83 91 81
83 93 -55
83 94 70
83 97 -31
83 99 46
84 0 29
84 1 -49
84 2 -31
84 4 -63
84 5 88
84 6 -62
84 8 -84
84 9 97
84 10 84
84 12 60
84 13 -23
84 14 -99
84 15 1
84 16 65
84 17 100
84 18 36
84 19 -78
84 20 -96
84 21 13
84 22 24
84 23 81
84 24 37
84 25 -20
84 26 41
84 27 10
84 28 40
84 29 6
84 30 -22
84 31 -97
84 32 -62
84 34 7
84 35 -57
84 38 -18
84 40 4
84 41 3
84 42 25
84 43 -74
84 44 -66
84 45 6
84 47 -35
84 48 15
84 49 66
84 50 -3
84 51 100
84 52 -1
84 53 -4
84 55 87
84 56 18
84 57 -74
84 60 -53
84 61 8
84 62 -85
84 63 28
84 64 -24
84 65 22
84 66 7
84 67 48
84 69 -22
84 70 -32
84 71 -27
84 73 -10
84 75 1
84 76 78
84 77 -57
84 78 -12
84 79 82
84 80 9
84 82 26
84 83 -81
84 84 87
84 85 -88
84 88 72
84 89 75
84 90 24
84 91 94
84 94 -12
84 95 -57
84 96 -61
84 97 -13
84 98 93
84 99 8
85 0 87
85 1 -48
85 2 -29
85 3 62
85 4 -73
85 6 -88
85 7 -34
85 10 -23
85 11 57
85 12 55
85 15 5
85 16 -53
85 17 -83
85 18 12
85 20 91
85 21 36
85 22 36
85 23 -17
85 24 -8
85 26 43
85 27 47
85 28 -14
85 29 99
85 31 53
85 32 57
85 33 51
85 34 17
85 35 53
85 36 -11
85 38 57
85 40 92
85 41 2
85 43 -32
85 45 25
85 46 -18
85 47 -52
85 48 -15
85 49 -37
85 50 -59
85 51 3
85 53 88
85 54 -75
85 55 86
85 56 -91
85 57 41
85 58 12
85 59 -39
85 60 80
85 61 100
85 62 14
85 63 24
85 65 -21
85 66 91
85 67 -72
85 69 40
85 70 25
85 71 -77
85 73 -71
85 74 -61
85 75 -76
85 76 8
85 77 -63
85 78 -67
85 79 78
85 81 40
85 82 8
85 83 -66
85 85 -43
85 86 -52
85 87 -67
85 88 63
85 89 -27
85 90 -79
85 91 -16
85 93 -6
85 94 -77
85 95 -45
85 96 -49
85 97 20
85 99 -27
86 0 79
86 1 -24
86 2 -35
86 3 16
86 4 -83
86 7 17
86 8 36
86 9 88
86 10 -19
86 11 -49
86 12 -33
86 15 21
86 17 -72
86 18 -40
86 19 -65
86 20 66
86 21 16
86 22 72
86 23 -65
86 24 86
86 26 68
86 27 15
86 28 62
86 29 -5
86 31 -50
86 32 8
86 33 -53
86 35 -62
86 36 80
86 37 54
86 38 24
86 39 -86
86 41 91
86 43 -18
86 44 -72
86 45 -38
86 47 -23
86 49 74
86 50 1
86 51 15
86 52 -96
86 53 -5
86 54 -1
86 55 43
86 57 6
86 58 79
86 59 -4
86 60 -4
86 61 31
86 62 14
86 63 -46
86 64 55
86 65 95
86 66 100
86 67 -33
86 68 67
86 69 -84
86 71 -2
86 72 -53
86 73 23
86 75 93
86 76 -43
86 77 -78
86 80 -77
86 83 -28
86 84 -99
86 85 43
86 86 -31
86 87 -69
86 88 87
86 89 19
86 90 45
86 91 98
86 93 1
86 95 -83
86 96 -32
86 97 -83
86 98 35
86 99 35
87 1 71
87 2 80
87 3 -1
87 4 99
87 5 97
87 6 -71
87 7 -34
87 8 -4
87 10 -83
87 12 -96
87 14 -79
87 15 -88
87 16 -95
87 17 88
87 18 5
87 21 88
87 22 97
87 24 22
87 25 -26
87 26 95
87 27 -89
87 28 94
87 29 -59
87 30 84
87 32 1
87 34 14
87 35 -58
87 36 44
87 37 4
87 38 80
87 39 -61
87 40 43
87 41 87
87 42 72
87 43 -80
87 44 51
87 45 -78
87 48 27
87 50 -60
87 51 -17
87 52 68
87 53 -1
87 54 -74
87 56 -36
87 57 -22
87 59 -41
87 60 -61
87 61 94
87 63 33
87 64 -68
87 65 -42
87 66 75
87 67 -80
87 68 -25
87 70 -88
87 71 21
87 72 93
87 73 -96
87 74 21
87 76 99
87 77 84
87 78 -13
87 81 53
87 84 -87
87 85 -6
87 86 90
87 87 23
87 88 -52
87 89 49
87 90 -7
87 91 -95
87 92 -21
87 93 62
87 94 -48
87 95 -33
87 96 -84
87 97 83
87 98 11
87 99 -11
88 0 -84
88 1 -69
88 2 36
88 3 82
88 7 10
88 8 -38
88 9 -33
88 10 43
88 11 -93
88 12 24
88 13 8
88 14 -34
88 15 -43
88 17 13
88 18 81
88 19 13
88 20 84
88 21 79
88 22 3
88 23 49
88 24 -30
88 26 17
88 27 -19
88 28 -2
88 29 23
88 30 15
88 31 -66
88 32 -72
88 36 -92
88 37 -2
88 38 50
88 40 62
88 41 -6
88 42 -24
88 43 35
88 44 71
88 45 61
88 46 -32
88 47 99
88 49 -44
88 50 -50
88 52 -96
88 53 -65
88 54 -19
88 58 -62
88 60 22
88 61 69
88 62 51
88 63 -81
88 64 -32
88 65 72
88 66 -52
88 67 49
88 68 -39
88 69 -43
88 70 50
88 71 -62
88 74 -4
88 75 -44
88 76 56
88 77 100
88 78 33
88 79 -20
88 80 49
88 81 27
88 82 28
88 83 21
88 84 2
88 85 -76
88 86 -40
88 88 54
88 89 22
88 91 16
88 93 -97
88 94 -67
88 95 -28
88 96 -45
88 97 -13
88 99 48
89 0 2
89 3 -17
89 4 39
89 5 88
89 6 85
89 7 -38
89 8 68
89 9 70
89 10 6
89 11 26
89 12 -72
89 13 -51
89 14 -84
89 15 -44
89 16 55
89 17 49
89 18 33
89 19 -74
89 20 58
89 21 98
89 23 -18
89 24 87
89 25 -85
89 26 -87
89 27 92
89 28 2
89 29 36
89 30 -13
89 31 -49
89 32 -70
89 33 86
89 34 -67
89 35 -58
89 36 45
89 37 -47
89 38 68
89 39 -77
89 40 40
89 42 60
89 43 35
89 44 -7
89 47 -4
89 48 -80
89 49 -76
89 51 -78
89 52 -62
89 53 -75
89 54 -38
89 55 71
89 57 10
89 59 9
89 60 47
89 61 36
89 62 -94
89 63 39
89 64 -50
89 65 84
89 66 -8
89 67 18
89 68 4
89 70 -85
89 73 7
89 74 -29
89 77 51
89 78 46
89 79 -39
89 80 -6
89 81 -52
89 82 60
89 83 -1
89 84 4
89 85 12
89 86 64
89 87 -96
89 88 -26
89 89 -62
89 90 86
89 92 55
89 93 -28
89 94 -65
89 95 -43
89 96 46
89 97 42
89 98 49
89 99 -43
90 0 -68
90 1 -10
90 2 31
90 3 -51
90 4 -62
90 7 -100
90 8 17
90 9 -16
90 10 77
90 11 -44
90 12 -69
90 13 98
90 14 -18
90 15 8
90 16 -48
90 17 -20
90 18 -96
90 19 -74
90 20 -13
90 21 -74
90 22 56
90 23 -100
90 24 -89
90 26 75
90 27 -62
90 28 -97
90 29 -67
90 31 -57
90 32 -81
90 33 -20
90 34 -96
90 35 -88
90 36 13
90 38 -20
90 39 8
90 42 -84
90 43 93
90 44 63
90 45 -1
90 46 -88
90 47 -76
90 48 70
90 49 -48
90 50 -48
90 51 -39
90 53 -69
90 54 18
90 55 -36
90 56 76
90 57 78
90 58 7
90 60 -41
90 61 -82
90 62 43
90 63 19
90 64 61
90 67 23
90 68 1
90 69 35
90 70 -28
90 71 -94
90 72 -78
90 73 -44
90 74 27
90 77 -66
90 79 42
90 80 -14
90 83 -66
90 84 2
90 85 51
90 86 -20
90 87 -49
90 88 21
90 90 20
90 91 -44
90 92 -61
90 93 83
90 96 56
90 97 -79
90 99 30
91 0 -63
91 1 -5
91 2 57
91 3 26
91 4 90
91 6 17
91 7 51
91 8 35
91 9 -68
91 10 53
91 11 -22
91 12 -64
91 13 -33
91 14 81
91 15 -38
91 16 -99
91 17 -86
91 18 -48
91 19 -77
91 20 -32
91 22 -52
91 23 -69
91 25 67
91 26 50
91 27 87
91 29 -47
91 30 95
91 31 -63
91 32 -34
91 33 -62
91 34 77
91 35 90
91 36 77
91 37 -32
91 39 -38
91 42 31
91 43 68
91 44 -86
91 45 -1
91 46 96
91 48 81
91 49 -7
91 50 -64
91 52 17
91 53 -91
91 55 -63
91 56 -79
91 57 -72
91 58 40
91 59 -57
91 60 -76
91 61 16
91 62 -7
91 63 -91
91 65 94
91 66 20
91 69 41
91 71 -40
91 72 -34
91 73 19
91 74 51
91 75 -75
91 76 87
91 77 68
91 78 96
91 80 79
91 82 41
91 83 93
91 84 60
91 86 90
91 87 79
91 89 23
91 90 3
91 92 -36
91 93 40
91 95 -72
91 96 -65
91 98 54
92 0 34
92 1 -47
92 2 38
92 3 1
92 5 44
92 6 4
92 9 25
92 11 -99
92 12 35
92 13 -66
92 18 94
92 19 81
92 20 82
92 21 78
92 23 7
92 24 -51
92 26 25
92 27 -70
92 30 -79
92 31 -86
92 32 -23
92 33 20
92 35 -2
92 36 85
92 37 65
92 38 33
92 40 -82
92 42 -80
92 47 3
92 48 14
92 49 82
92 50 -84
92 51 -56
92 52 67
92 54 17
92 55 -27
92 56 26
92 58 -53
92 61 -45
92 62 -4
92 65 70
92 66 7
92 67 59
92 68 8
92 69 81
92 70 46
92 71 6
92 72 62
92 73 24
92 74 6
92 75 15
92 76 20
92 77 1
92 78 -29
92 80 -51
92 81 -2
92 82 -34
92 83 -40
92 84 59
92 86 3
92 88 53
92 89 77
92 90 -3
92 93 -26
92 94 -46
92 95 29
92 96 -27
92 97 88
92 98 -1
92 99 66
93 0 46
93 1 -27
93 2 14
93 7 -8
93 8 60
93 9 26
93 10 -34
93 11 93
93 12 -5
93 13 42
93 14 -5
93 15 76
93 16 -52
93 17 -94
93 18 71
93 19 -79
93 21 -39
93 23 -78
93 24 -87
93 25 93
93 26 -90
93 27 -95
93 28 -30
93 29 -63
93 30 -96
93 31 -38
93 35 -17
93 36 -20
93 37 -82
93 38 68
93 39 -46
93 41 -36
93 42 -92
93 43 -10
93 44 -9
93 45 26
93 46 -31
93 47 1
93 50 -58
93 51 -6
93 52 82
93 53 -13
93 54 -47
93 55 -86
93 56 -90
93 57 67
93 58 -86
93 59 -49
93 60 -54
93 61 -8
93 62 -56
93 64 -65
93 65 59
93 66 90
93 67 -19
93 68 -27
93 69 81
93 71 55
93 72 -85
93 73 84
93 74 20
93 75 27
93 76 7
93 77 30
93 78 -89
93 79 55
93 82 -45
93 83 -30
93 84 -60
93 85 -88
93 86 8
93 87 87
93 89 -83
93 90 -76
93 91 -98
93 92 69
93 93 70
93 94 67
93 95 -69
93 97 -98
93 99 2
94 1 1
94 2 -94
94 3 93
94 4 93
94 5 -18
94 6 78
94 7 -86
94 8 58
94 9 -84
94 10 8
94 12 85
94 13 -27
94 14 91
94 15 71
94 16 62
94 19 -30
94 20 -59
94 21 77
94 22 -41
94 24 44
94 25 47
94 26 17
94 27 -16
94 29 20
94 30 -6
94 31 -43
94 32 -11
94 33 93
94 34 -57
94 35 95
94 36 -57
94 38 -22
94 41 74
94 42 94
94 43 61
94 46 6
94 47 34
94 49 78
94 50 42
94 51 -31
94 52 -88
94 53 69
94 54 -21
94 56 -94
94 57 63
94 58 16
94 59 15
94 60 65
94 61 72
94 62 -67
94 64 5
94 66 88
94 67 32
94 68 -84
94 69 -1
94 70 -48
94 71 -61
94 72 -84
94 74 42
94 75 -62
94 76 70
94 77 78
94 79 -3
94 80 -23
94 81 5
94 82 19
94 83 -21
94 85 -21
94 86 24
94 87 -99
94 89 -3
94 90 50
94 91 -85
94 92 -100
94 95 36
94 98 -75
94 99 97
95 0 37
95 1 -23
95 4 -56
95 5 -85
95 6 -75
95 7 63
95 8 30
95 9 -19
95 10 -20
95 11 -65
95 13 -56
95 15 -51
95 16 -94
95 17 37
95 18 97
95 19 95
95 20 -42
95 21 -89
95 23 61
95 24 91
95 25 29
95 26 -35
95 27 -65
95 28 -98
95 29 -62
95 30 41
95 31 59
95 32 -32
95 33 16
95 34 49
95 35 -87
95 36 -94
95 37 -75
95 39 79
95 40 8
95 41 65
95 43 90
95 44 40
95 45 -16
95 46 -77
95 48 -7
95 50 -57
95 51 -97
95 52 47
95 53 -7
95 54 -70
95 55 55
95 57 -81
95 60 -47
95 61 93
95 62 -49
95 63 47
95 64 10
95 65 -26
95 66 -38
95 67 53
95 69 20
95 70 49
95 72 -11
95 73 -17
95 75 60
95 76 -88
95 79 -97
95 80 50
95 81 1
95 82 9
95 83 70
95 84 -60
95 85 -45
95 86 79
95 87 47
95 90 3
95 91 80
95 92 5
95 93 43
95 95 49
95 96 -2
95 99 -72
96 0 72
96 1 -1
96 2 33
96 3 89
96 5 60
96 7 -26
96 8 33
96 9 97
96 11 64
96 12 -35
96 15 58
96 16 -8
96 17 79
96 18 -65
96 21 65
96 22 -16
96 23 90
96 24 -77
96 26 82
96 27 83
96 29 -66
96 30 21
96 31 70
96 32 -30
96 33 -98
96 35 -83
96 36 55
96 37 2
96 40 91
96 41 -96
96 42 17
96 44 -53
96 45 76
96 49 -22
96 52 -75
96 53 -86
96 55 -39
96 57 -48
96 58 46
96 59 84
96 60 -5
96 61 -2
96 63 78
96 64 60
96 65 -29
96 66 95
96 67 -40
96 69 32
96 70 -84
96 72 -49
96 73 -49
96 75 -54
96 76 -36
96 78 -46
96 79 11
96 80 21
96 82 -55
96 84 55
96 85 -69
96 86 -27
96 87 100
96 88 -47
96 89 85
96 90 -40
96 91 -41
96 92 -12
96 93 4
96 94 -41
96 95 -77
96 97 31
96 98 71
97 0 20
97 1 11
97 2 19
97 3 -50
97 4 -38
97 5 -62
97 6 -51
97 7 58
97 8 82
97 9 -84
97 10 89
97 11 8
97 12 51
97 13 -32
97 14 29
97 15 45
97 16 -20
97 17 4
97 18 -30
97 19 -3
97 21 93
97 22 -52
97 23 -3
97 25 -54
97 27 95
97 29 -50
97 30 -20
97 31 54
97 34 74
97 37 91
97 38 47
97 39 -57
97 40 -6
97 42 88
97 43 -8
97 44 -23
97 46 -39
97 48 77
97 49 68
97 50 -94
97 52 6
97 53 -8
97 54 -77
97 55 30
97 56 -74
97 57 -65
97 59 -18
97 60 9
97 61 -59
97 62 37
97 63 -47
97 64 5
97 65 32
97 66 -43
97 67 34
97 68 -60
97 69 -96
97 70 11
97 71 -38
97 72 78
97 73 83
97 74 -51
97 75 30
97 78 71
97 79 8
97 81 -14
97 82 83
97 83 -4
97 84 -4
97 85 -79
97 88 -11
97 90 -58
97 91 -63
97 92 8
97 96 -17
97 97 86
98 1 75
98 3 23
98 4 65
98 5 -34
98 6 59
98 7 72
98 8 -26
98 10 9
98 11 -86
98 13 50
98 15 -27
98 16 77
98 17 -67
98 18 -29
98 19 72
98 20 -22
98 22 -46
98 23 -50
98 26 19
98 27 -96
98 29 -89
98 30 -90
98 31 99
98 33 57
98 34 28
98 35 26
98 36 -82
98 37 -95
98 38 28
98 41 -94
98 42 -48
98 43 7
98 45 -36
98 46 -62
98 47 93
98 49 94
98 50 -59
98 51 -76
98 52 100
98 53 37
98 54 -55
98 55 -44
98 56 16
98 58 -79
98 59 -73
98 61 -86
98 62 -12
98 64 -29
98 65 72
98 66 5
98 67 -44
98 70 -18
98 71 88
98 73 -31
98 74 -5
98 75 48
98 76 -2
98 77 23
98 79 31
98 80 62
98 81 -76
98 82 16
98 83 31
98 84 66
98 86 -88
98 87 82
98 88 26
98 90 -58
98 91 -93
98 92 -48
98 93 14
98 94 -73
98 95 -89
98 96 -88
98 97 -91
99 0 -82
99 1 -27
99 2 62
99 3 -36
99 5 39
99 7 62
99 8 80
99 9 -12
99 10 67
99 11 -60
99 13 46
99 14 -77
99 17 63
99 19 12
99 20 -73
99 21 90
99 23 31
99 24 24
99 25 50
99 27 83
99 29 -50
99 30 -25
99 31 -46
99 32 -75
99 33 93
99 34 90
99 36 -49
99 37 87
99 38 95
99 39 -100
99 41 -7
99 42 18
99 43 -28
99 45 93
99 46 -72
99 47 93
99 49 95
99 51 2
99 52 -62
99 53 -46
99 54 -66
99 55 53
99 57 100
99 58 9
99 59 16
99 60 11
99 61 -12
99 62 86
99 63 66
99 64 -100
99 65 -43
99 66 30
99 67 -31
99 68 49
99 70 -45
99 72 -92
99 73 75
99 74 86
99 75 18
99 76 -74
99 77 -40
99 78 -82
99 79 24
99 80 88
99 81 55
99 83 100
99 84 -39
99 86 32
99 87 31
99 88 78
99 91 -25
99 92 61
99 93 -48
99 94 6
99 95 74
99 96 -89
99 97 -25
99 98 39
99 99 63