0 4 -20
0 7 92
0 9 30
0 12 24
0 14 -65
0 15 -87
0 19 -47
0 20 85
0 21 -28
0 26 -32
0 29 -52
0 31 -49
0 32 43
0 33 29
0 35 13
0 37 -36
0 38 -91
0 40 -67
0 42 74
0 45 -53
0 48 31
0 50 -35
0 56 -29
0 57 -2
0 62 -58
0 64 40
0 67 70
0 71 50
0 77 -44
0 78 84
0 79 -8
0 80 -55
0 81 -76
0 82 -88
0 83 -71
0 84 45
0 85 43
0 86 57
0 87 58
0 89 52
0 90 -4
0 91 15
0 92 -4
0 94 -19
0 101 -76
0 105 -34
0 109 -39
0 110 9
0 114 35
0 122 -28
0 125 63
0 129 -46
0 130 14
0 131 58
0 133 24
0 136 -41
0 140 -54
0 143 -27
0 145 -73
0 147 -29
1 8 13
1 11 84
1 22 51
1 27 67
1 29 -86
1 30 51
1 31 -44
1 32 -43
1 35 -11
1 36 29
1 39 -67
1 42 26
1 45 -58
1 46 -45
1 48 2
1 50 -14
1 53 -74
1 58 3
1 59 -43
1 61 21
1 62 -74
1 63 77
1 68 -61
1 73 -27
1 82 -27
1 84 -58
1 88 45
1 92 -84
1 95 12
1 96 -38
1 99 8
1 107 63
1 108 -28
1 109 83
1 110 72
1 112 -16
1 113 -42
1 118 -32
1 129 2
1 131 -18
1 132 -48
1 142 -40
1 143 23
1 144 20
1 145 -80
1 147 12
1 148 -82
1 149 77
2 1 81
2 5 59
2 6 -15
2 7 -99
2 8 -37
2 9 13
2 11 52
2 12 -33
2 13 -19
2 18 -24
2 19 65
2 23 7
2 24 74
2 25 67
2 28 -29
2 29 -7
2 33 -64
2 37 -72
2 38 -16
2 42 -78
2 44 -66
2 45 77
2 48 -2
2 49 27
2 53 -33
2 55 -15
2 57 -20
2 60 48
2 65 45
2 69 -38
2 72 31
2 74 32
2 75 84
2 76 -54
2 77 -54
2 81 33
2 82 -51
2 83 -71
2 89 49
2 93 -37
2 94 68
2 100 88
2 101 31
2 105 -100
2 109 45
2 110 -45
2 111 -88
2 114 -53
2 119 94
2 121 -15
2 124 53
2 126 -18
2 127 -49
2 131 -23
2 135 44
2 137 -39
2 141 -11
2 144 22
2 145 16
2 146 9
3 2 -44
3 4 -7
3 6 80
3 7 69
3 9 -15
3 10 -22
3 12 13
3 15 -53
3 16 -75
3 18 -26
3 23 -14
3 25 -5
3 29 28
3 32 -64
3 34 24
3 39 -65
3 41 -11
3 42 -11
3 44 -40
3 48 -100
3 52 18
3 55 -76
3 57 -26
3 59 -94
3 60 -27
3 62 99
3 66 49
3 68 99
3 72 68
3 74 -56
3 75 -23
3 78 39
3 79 -95
3 80 85
3 81 57
3 85 17
3 88 -16
3 89 -24
3 90 58
3 91 -76
3 92 68
3 93 54
3 94 89
3 97 76
3 98 84
3 99 85
3 107 -30
3 118 87
3 119 -48
3 120 -87
3 122 16
3 123 39
3 124 -28
3 125 83
3 127 -32
3 128 1
3 133 -2
3 149 99
4 5 67
4 18 -61
4 21 7
4 22 27
4 24 -61
4 25 79
4 28 16
4 29 2
4 33 96
4 35 -34
4 36 40
4 38 89
4 39 -67
4 41 -6
4 49 -6
4 51 -62
4 56 -17
4 57 -24
4 59 26
4 60 43
4 61 -46
4 67 -37
4 68 -60
4 72 -8
4 75 45
4 80 26
4 83 -4
4 89 64
4 90 -71
4 91 88
4 92 66
4 94 -24
4 95 52
4 96 -74
4 97 78
4 102 12
4 103 -62
4 104 75
4 111 11
4 115 -62
4 116 75
4 117 -57
4 119 -68
4 121 56
4 122 -24
4 127 32
4 130 99
4 131 57
4 143 -14
4 144 85
5 0 -41
5 4 -75
5 6 -78
5 7 -6
5 11 -93
5 13 -46
5 14 -93
5 16 -49
5 17 99
5 19 88
5 20 -92
5 21 85
5 22 -89
5 27 -2
5 28 -8
5 29 31
5 31 -61
5 33 22
5 36 -74
5 40 29
5 41 -50
5 46 51
5 47 -92
5 51 74
5 53 50
5 55 -39
5 60 9
5 63 74
5 64 -74
5 67 25
5 69 -86
5 71 80
5 72 -5
5 75 -24
5 80 1
5 81 -7
5 83 1
5 85 59
5 87 67
5 88 13
5 91 88
5 96 23
5 98 -85
5 101 -44
5 103 -55
5 105 -7
5 107 -99
5 111 97
5 113 15
5 116 -74
5 117 30
5 118 54
5 125 97
5 129 6
5 131 70
5 133 59
5 135 -55
5 137 -29
5 138 -80
5 141 7
5 148 -88
6 2 54
6 4 98
6 5 -82
6 6 82
6 7 -6
6 8 69
6 15 -95
6 18 -64
6 23 -42
6 25 -100
6 27 25
6 28 -33
6 29 -38
6 33 26
6 37 3
6 39 -90
6 43 94
6 46 62
6 49 -51
6 50 -31
6 54 99
6 55 89
6 58 -28
6 59 48
6 69 49
6 70 -34
6 72 -42
6 73 50
6 74 -100
6 76 -26
6 77 16
6 88 -66
6 89 33
6 90 -44
6 93 -39
6 94 -45
6 97 78
6 100 34
6 104 78
6 112 -84
6 116 28
6 121 86
6 124 13
6 126 -67
6 128 38
6 129 -24
6 134 58
6 137 82
6 138 39
6 142 -90
6 143 56
6 144 -60
6 145 14
6 149 -92
7 2 -22
7 4 22
7 5 66
7 10 6
7 14 -50
7 16 61
7 24 -33
7 25 37
7 32 -13
7 36 -72
7 37 -82
7 38 14
7 41 -91
7 46 -45
7 49 -54
7 51 -89
7 53 -27
7 57 7
7 58 -84
7 63 96
7 65 -92
7 67 32
7 68 44
7 81 2
7 84 -9
7 87 83
7 93 57
7 96 -7
7 100 -29
7 105 12
7 106 77
7 107 -71
7 109 -56
7 110 50
7 111 -96
7 113 -18
7 125 11
7 126 100
7 127 -9
7 128 -90
7 133 53
7 135 -9
7 137 -47
7 143 -64
7 145 -35
7 148 44
8 0 -10
8 3 55
8 4 -77
8 7 86
8 9 76
8 10 55
8 12 -83
8 13 23
8 14 -23
8 15 -96
8 16 42
8 27 12
8 30 7
8 31 -86
8 34 58
8 35 42
8 37 14
8 41 -64
8 48 45
8 49 -47
8 53 13
8 55 -62
8 57 -95
8 58 75
8 60 -39
8 62 21
8 64 -69
8 68 78
8 70 27
8 77 -40
8 79 -44
8 84 62
8 86 75
8 91 66
8 94 -97
8 96 -16
8 98 6
8 100 31
8 102 -97
8 104 -58
8 105 -88
8 109 -50
8 114 68
8 130 -74
8 131 -43
8 132 28
8 139 -33
8 140 -51
8 143 -57
8 144 -95
8 146 -47
8 147 90
8 148 54
9 1 40
9 2 81
9 3 -99
9 5 -8
9 7 81
9 9 60
9 10 -11
9 13 -67
9 14 43
9 17 -8
9 21 82
9 32 36
9 33 -35
9 34 52
9 39 16
9 43 33
9 46 94
9 49 -78
9 55 48
9 59 -9
9 62 -33
9 71 32
9 72 -33
9 73 -64
9 77 -70
9 79 -9
9 83 -27
9 84 -86
9 85 33
9 87 -53
9 90 -93
9 91 98
9 92 -53
9 95 22
9 96 1
9 97 78
9 99 -16
9 102 31
9 109 -91
9 112 -13
9 115 55
9 118 -97
9 120 91
9 124 -73
9 129 -56
9 130 -30
9 132 95
9 135 -49
9 136 -91
9 137 -69
9 138 64
9 142 -2
9 144 -52
10 1 -83
10 5 -81
10 7 56
10 9 -52
10 10 89
10 12 -87
10 14 -98
10 15 94
10 19 -81
10 20 79
10 21 -24
10 34 81
10 41 47
10 44 20
10 45 -76
10 47 67
10 50 -8
10 52 -90
10 53 -23
10 56 23
10 57 4
10 61 -50
10 63 39
10 64 46
10 66 -6
10 67 12
10 68 75
10 77 -45
10 78 -19
10 85 -67
10 86 -12
10 89 -33
10 90 91
10 93 25
10 96 -34
10 98 26
10 100 33
10 101 49
10 105 82
10 107 -80
10 108 83
10 110 99
10 112 -10
10 114 -33
10 120 52
10 121 71
10 124 74
10 127 -18
10 128 40
10 138 -40
10 142 91
10 145 53
11 2 64
11 6 -92
11 8 17
11 9 29
11 10 -44
11 11 -15
11 13 -38
11 14 78
11 15 40
11 20 -20
11 21 38
11 23 37
11 25 -15
11 29 3
11 32 96
11 34 32
11 35 -7
11 36 70
11 37 -30
11 38 94
11 41 -94
11 42 77
11 43 22
11 47 -22
11 49 8
11 50 44
11 54 -33
11 59 9
11 62 74
11 71 40
11 72 44
11 77 17
11 83 -89
11 84 -26
11 85 -79
11 86 11
11 90 -4
11 91 -46
11 97 65
11 101 74
11 102 41
11 105 -16
11 116 1
11 118 36
11 119 64
11 121 29
11 134 3
11 135 -97
11 136 43
11 139 -31
11 146 47
12 1 11
12 2 63
12 3 50
12 4 -14
12 5 -90
12 6 21
12 8 -15
12 10 -70
12 12 72
12 16 -55
12 18 -41
12 19 29
12 21 -89
12 22 71
12 26 87
12 31 43
12 32 10
12 36 35
12 38 -96
12 42 5
12 46 -84
12 52 -2
12 55 96
12 57 36
12 58 -74
12 59 -82
12 60 87
12 62 31
12 66 61
12 71 -62
12 72 -34
12 77 88
12 80 63
12 81 -75
12 82 -97
12 84 93
12 85 76
12 91 -29
12 92 -56
12 98 36
12 103 -52
12 106 24
12 107 88
12 110 -85
12 112 -91
12 113 -78
12 117 47
12 120 43
12 121 87
12 122 -55
12 125 99
12 127 28
12 129 50
12 130 -1
12 131 44
12 132 50
12 135 -61
12 138 -78
12 142 -71
12 148 64
13 2 99
13 5 3
13 9 -71
13 10 -15
13 16 -81
13 19 -40
13 23 -72
13 29 57
13 34 -84
13 37 -95
13 43 8
13 44 -54
13 47 3
13 48 -75
13 50 -79
13 51 32
13 52 38
13 55 73
13 62 46
13 64 52
13 66 54
13 73 60
13 78 78
13 79 -13
13 85 -38
13 87 90
13 89 12
13 91 16
13 93 -27
13 94 19
13 98 20
13 99 23
13 103 -55
13 104 5
13 105 64
13 107 20
13 108 -64
13 109 -33
13 112 -30
13 114 25
13 115 -95
13 117 81
13 120 -5
13 126 -84
13 128 -90
13 129 77
13 132 70
13 134 -57
13 136 -69
13 137 -55
13 139 98
13 142 19
13 145 99
13 146 39
13 147 69
13 149 32
14 0 -33
14 2 -94
14 6 79
14 7 -37
14 9 -96
14 13 -29
14 17 97
14 19 -63
14 20 72
14 21 -58
14 24 -1
14 26 -11
14 29 77
14 35 -68
14 36 62
14 40 -96
14 41 -31
14 42 -98
14 43 -33
14 46 7
14 47 -23
14 49 -44
14 52 84
14 54 85
14 57 77
14 58 -7
14 61 27
14 62 60
14 65 -5
14 66 -10
14 69 42
14 70 -23
14 75 75
14 81 68
14 82 18
14 87 45
14 92 -1
14 94 86
14 95 -13
14 97 97
14 98 7
14 100 58
14 102 -35
14 105 -99
14 109 -58
14 111 63
14 113 33
14 114 58
14 115 -43
14 117 -92
14 123 -91
14 124 97
14 125 -16
14 138 3
14 139 62
14 140 -96
14 141 80
14 142 81
14 146 -89
14 148 -47
14 149 -92
15 5 -97
15 9 -56
15 10 -79
15 11 -69
15 16 41
15 17 51
15 20 36
15 25 7
15 30 23
15 35 94
15 37 -67
15 38 56
15 39 15
15 40 -22
15 43 -74
15 48 15
15 52 -78
15 53 77
15 54 -19
15 59 -51
15 64 -35
15 73 84
15 76 -17
15 80 3
15 82 -3
15 84 20
15 85 37
15 88 31
15 89 -65
15 91 74
15 93 -30
15 95 26
15 96 -27
15 99 -63
15 106 -86
15 108 6
15 111 -22
15 114 -8
15 115 -93
15 119 -6
15 122 55
15 125 -94
15 130 97
15 132 -39
15 139 -73
15 143 82
15 147 -29
15 148 11
16 1 -55
16 3 71
16 6 73
16 7 -31
16 8 -27
16 9 -42
16 15 18
16 16 59
16 18 -34
16 20 -85
16 21 -9
16 23 -84
16 24 26
16 26 38
16 28 -26
16 31 -10
16 38 17
16 39 -90
16 40 -2
16 41 -41
16 49 -81
16 51 -56
16 52 -13
16 53 45
16 59 55
16 65 -72
16 66 75
16 67 -14
16 69 23
16 74 43
16 77 99
16 79 -75
16 81 -5
16 82 15
16 89 -66
16 92 55
16 94 43
16 98 -62
16 99 22
16 102 42
16 104 13
16 109 57
16 115 -68
16 116 37
16 117 59
16 120 97
16 123 -3
16 127 13
16 130 -88
16 131 30
16 132 62
16 139 -24
16 140 42
16 141 -8
16 142 10
16 143 -45
16 147 92
16 148 40
16 149 87
17 0 -28
17 7 40
17 13 -1
17 14 -35
17 15 54
17 16 -86
17 17 -56
17 19 33
17 21 -2
17 25 53
17 28 41
17 29 52
17 31 -93
17 33 -15
17 35 20
17 36 -57
17 40 -56
17 43 -33
17 44 9
17 45 20
17 54 40
17 56 32
17 58 -42
17 60 100
17 61 33
17 62 -86
17 65 16
17 74 -74
17 75 -100
17 80 -37
17 81 37
17 87 -39
17 96 51
17 97 2
17 102 57
17 103 -88
17 106 6
17 108 32
17 120 16
17 121 10
17 122 97
17 123 -11
17 124 -49
17 125 72
17 126 47
17 127 -55
17 130 -53
17 135 25
17 146 -69
17 147 32
17 149 89
18 5 -7
18 8 40
18 9 -19
18 11 94
18 12 75
18 14 28
18 16 68
18 17 -50
18 18 82
18 23 -20
18 24 -10
18 29 23
18 31 -75
18 32 40
18 35 -8
18 36 -75
18 40 86
18 41 13
18 43 -100
18 47 -74
18 48 -57
18 50 4
18 52 -56
18 54 -27
18 55 55
18 57 -97
18 62 -61
18 67 1
18 68 76
18 69 32
18 70 56
18 71 34
18 72 -22
18 74 -20
18 77 30
18 79 -8
18 80 -77
18 81 -71
18 85 -89
18 87 -42
18 89 43
18 90 -91
18 91 72
18 92 -58
18 93 22
18 94 -50
18 95 -44
18 96 48
18 98 49
18 100 -35
18 103 -66
18 106 7
18 107 -64
18 111 -92
18 112 72
18 114 -77
18 116 26
18 118 52
18 120 -23
18 123 39
18 124 85
18 131 57
18 132 -10
18 135 54
18 138 -13
18 140 99
18 144 17
18 147 -46
18 149 -87
19 3 49
19 7 31
19 12 -5
19 17 22
19 20 -2
19 21 76
19 25 84
19 32 -32
19 34 -46
19 44 63
19 46 36
19 51 -53
19 55 16
19 56 -39
19 64 12
19 67 -9
19 69 57
19 76 -19
19 77 -88
19 78 85
19 82 69
19 83 23
19 84 88
19 86 -11
19 88 71
19 91 -5
19 95 -58
19 96 -39
19 99 15
19 101 -16
19 102 25
19 105 82
19 106 91
19 110 49
19 112 9
19 114 -20
19 115 -31
19 116 66
19 122 -49
19 126 69
19 127 -31
19 128 86
19 129 -56
19 132 20
19 133 -93
19 135 -17
19 136 -59
19 140 -47
19 141 -8
19 144 -66
19 145 -40
19 147 -96
19 148 64
19 149 -14
20 1 -29
20 2 -10
20 7 11
20 11 -57
20 13 68
20 17 17
20 25 71
20 29 87
20 30 -32
20 31 14
20 32 35
20 35 -56
20 38 77
20 46 92
20 47 24
20 48 -3
20 49 2
20 51 42
20 52 -67
20 60 -36
20 61 -45
20 62 39
20 64 13
20 65 4
20 73 -27
20 76 30
20 77 71
20 79 45
20 80 9
20 81 -21
20 82 -23
20 83 82
20 87 25
20 90 -12
20 101 -76
20 108 47
20 112 56
20 116 -28
20 131 -23
20 132 75
20 135 64
20 136 -93
20 137 94
20 138 83
20 139 86
20 142 -28
20 145 31
20 148 46
21 3 -19
21 5 -33
21 6 -4
21 8 -71
21 10 91
21 15 58
21 17 4
21 18 -59
21 19 -29
21 21 -63
21 24 44
21 28 83
21 30 32
21 34 89
21 35 -19
21 40 19
21 49 -30
21 50 18
21 52 -15
21 56 44
21 58 -80
21 61 -46
21 65 42
21 68 -10
21 71 81
21 73 -47
21 75 -67
21 76 92
21 79 -86
21 84 81
21 86 89
21 88 83
21 91 69
21 94 -47
21 95 -100
21 97 1
21 98 -91
21 100 73
21 104 -96
21 105 87
21 107 -75
21 109 20
21 110 71
21 112 -57
21 115 -76
21 117 27
21 121 -9
21 122 -58
21 123 -38
21 125 -5
21 126 87
21 129 14
21 130 33
21 133 54
21 134 83
21 141 -97
21 144 -54
21 147 50
21 149 -39
22 2 38
22 3 47
22 6 28
22 7 -59
22 13 19
22 15 -88
22 17 9
22 20 -84
22 21 74
22 22 -57
22 27 -11
22 28 -76
22 35 7
22 42 -24
22 46 73
22 47 75
22 53 73
22 54 34
22 56 26
22 65 12
22 66 -82
22 70 -34
22 71 42
22 72 -2
22 77 3
22 78 60
22 82 60
22 86 -82
22 96 18
22 98 -71
22 106 16
22 107 -28
22 108 43
22 112 23
22 114 -35
22 116 10
22 117 -99
22 118 21
22 119 -3
22 121 -51
22 125 -65
22 128 17
22 129 22
22 131 49
22 132 -10
22 133 61
22 136 -43
22 139 -25
22 142 54
22 144 12
22 146 -64
23 5 88
23 6 -7
23 7 -34
23 12 -24
23 14 -15
23 18 -50
23 20 87
23 22 -26
23 27 -22
23 28 -47
23 29 42
23 31 14
23 33 94
23 34 -51
23 36 -33
23 40 -79
23 43 -99
23 45 47
23 46 77
23 51 -65
23 60 76
23 65 -96
23 68 10
23 69 -26
23 70 -31
23 78 84
23 87 58
23 91 35
23 92 -86
23 95 63
23 97 -39
23 104 -36
23 105 -20
23 107 -12
23 108 10
23 109 28
23 115 29
23 117 47
23 120 43
23 122 31
23 125 94
23 133 62
23 134 58
23 135 63
23 136 85
23 137 -18
23 140 62
23 142 -36
23 143 -78
23 145 58
23 147 47
23 149 66
24 4 -15
24 7 -68
24 8 73
24 9 59
24 13 33
24 14 -65
24 15 51
24 16 -72
24 21 27
24 25 -51
24 30 -14
24 36 -40
24 37 11
24 38 -53
24 39 -42
24 41 87
24 46 -3
24 47 -9
24 48 -86
24 50 -39
24 52 -62
24 58 37
24 59 2
24 65 87
24 72 -49
24 73 -15
24 74 9
24 75 49
24 78 -67
24 80 75
24 81 -2
24 82 -38
24 84 66
24 89 -66
24 90 -80
24 92 -74
24 93 91
24 95 65
24 96 71
24 97 33
24 100 -29
24 105 -44
24 106 -14
24 108 77
24 113 83
24 116 94
24 117 -3
24 118 -55
24 120 -90
24 127 -47
24 129 85
24 131 87
24 140 21
24 144 84
24 146 59
25 0 72
25 9 41
25 11 35
25 13 -19
25 14 -48
25 21 -26
25 22 -3
25 24 76
25 27 -9
25 30 -50
25 31 -49
25 34 -65
25 36 4
25 41 -66
25 48 99
25 53 -15
25 54 54
25 56 -57
25 57 45
25 61 -21
25 65 60
25 68 -8
25 69 -53
25 71 33
25 72 39
25 73 82
25 74 -80
25 76 -24
25 79 83
25 81 86
25 82 67
25 83 88
25 87 -77
25 89 95
25 91 -3
25 92 41
25 94 -24
25 96 -38
25 101 -24
25 102 -37
25 103 -28
25 105 -95
25 106 84
25 107 -3
25 109 64
25 111 -51
25 114 -9
25 117 -32
25 121 -83
25 130 20
25 141 34
26 2 28
26 8 -87
26 11 24
26 12 -56
26 21 87
26 22 29
26 23 37
26 27 -25
26 32 90
26 36 4
26 42 -36
26 44 -81
26 46 44
26 54 -14
26 55 58
26 59 -75
26 60 26
26 66 -63
26 68 -46
26 74 50
26 77 -64
26 79 -72
26 81 -75
26 83 -5
26 85 33
26 90 -59
26 92 -63
26 95 -27
26 99 -41
26 101 85
26 106 -66
26 107 -67
26 109 70
26 111 86
26 114 47
26 118 67
26 119 19
26 120 6
26 124 25
26 126 100
26 129 10
26 130 50
26 131 -96
26 135 -84
26 139 -72
26 140 -1
26 143 2
26 148 6
27 1 -6
27 2 -4
27 3 48
27 4 38
27 8 -92
27 9 -38
27 12 53
27 14 -18
27 16 -75
27 17 -38
27 20 -32
27 22 5
27 23 56
27 24 -24
27 26 -63
27 27 51
27 32 -56
27 34 -59
27 41 46
27 45 -77
27 47 -54
27 49 3
27 53 -72
27 54 18
27 57 42
27 58 16
27 59 86
27 60 -71
27 61 -49
27 63 41
27 67 19
27 72 -30
27 74 59
27 76 -39
27 77 -24
27 82 74
27 86 31
27 96 16
27 104 8
27 109 -68
27 111 -29
27 112 11
27 114 66
27 118 17
27 121 66
27 123 69
27 126 -92
27 133 17
27 135 -91
27 137 76
27 138 -19
27 145 -88
27 148 -68
28 4 -8
28 5 5
28 7 -77
28 12 91
28 16 -79
28 19 41
28 28 -6
28 29 61
28 36 29
28 37 62
28 41 41
28 44 39
28 46 -36
28 48 -100
28 49 -3
28 53 55
28 58 100
28 59 69
28 62 -88
28 66 97
28 72 39
28 75 71
28 78 -30
28 80 -8
28 81 82
28 83 -34
28 84 80
28 86 28
28 90 -40
28 96 40
28 99 -41
28 102 7
28 105 -39
28 108 44
28 110 88
28 111 10
28 112 -95
28 114 59
28 117 13
28 119 46
28 120 -1
28 121 -41
28 122 -54
28 123 -22
28 128 19
28 136 85
28 139 -72
28 140 -43
28 145 -82
29 2 -26
29 5 80
29 8 71
29 9 52
29 12 -99
29 16 88
29 21 53
29 23 -65
29 27 -83
29 28 -50
29 33 51
29 34 -54
29 35 52
29 37 -9
29 39 -64
29 42 -3
29 44 83
29 46 -25
29 50 -37
29 51 29
29 52 -24
29 65 36
29 66 -57
29 67 39
29 73 -94
29 78 -34
29 80 -45
29 85 -76
29 86 -8
29 88 -37
29 89 44
29 90 4
29 94 -83
29 98 59
29 101 40
29 106 97
29 107 33
29 109 53
29 115 41
29 116 24
29 117 58
29 118 90
29 119 -45
29 122 98
29 126 -85
29 131 -65
29 132 -91
29 135 -75
29 139 17
29 141 50
29 142 -84
29 145 58
30 0 70
30 5 -70
30 7 -92
30 8 -92
30 12 89
30 13 -70
30 15 -41
30 16 -89
30 17 -84
30 21 -37
30 23 35
30 26 -44
30 39 16
30 40 64
30 42 20
30 45 -51
30 46 47
30 49 78
30 50 -74
30 52 91
30 54 3
30 55 -100
30 61 -63
30 62 -100
30 69 88
30 74 86
30 76 -4
30 79 -53
30 81 -29
30 83 85
30 94 -33
30 102 76
30 109 -80
30 113 47
30 115 62
30 118 1
30 120 -82
30 128 37
30 129 -71
30 131 39
30 134 15
30 136 92
30 137 39
30 138 65
30 139 94
30 141 77
30 147 7
30 148 15
31 0 72
31 2 52
31 4 -59
31 6 -44
31 7 94
31 11 51
31 12 -33
31 13 -18
31 17 82
31 19 2
31 20 -22
31 21 -44
31 23 46
31 24 -11
31 32 26
31 34 -65
31 39 -11
31 40 -58
31 41 -19
31 43 39
31 47 80
31 55 -72
31 64 21
31 70 -80
31 71 8
31 72 -56
31 74 -63
31 77 -67
31 79 -75
31 80 -79
31 88 15
31 91 84
31 92 -10
31 93 -3
31 102 -12
31 105 94
31 108 -99
31 112 -16
31 113 -55
31 115 100
31 117 12
31 119 83
31 124 90
31 129 23
31 130 -88
31 132 1
31 133 -34
31 135 -40
31 139 10
31 147 30
31 149 -82
32 3 4
32 4 46
32 6 -91
32 10 -78
32 12 82
32 15 -94
32 17 9
32 18 -57
32 19 5
32 20 -49
32 23 62
32 27 -16
32 30 -32
32 31 -22
32 32 42
32 33 -32
32 34 -23
32 39 -87
32 42 100
32 43 10
32 47 96
32 49 -32
32 50 -64
32 51 11
32 52 81
32 53 -11
32 54 40
32 55 53
32 56 96
32 57 1
32 58 -6
32 60 -37
32 63 45
32 64 -71
32 65 -30
32 66 43
32 69 84
32 75 92
32 78 -92
32 79 -92
32 80 37
32 83 10
32 90 77
32 91 -74
32 95 85
32 96 83
32 97 99
32 99 -47
32 101 75
32 104 38
32 106 3
32 108 -30
32 109 -34
32 111 -7
32 114 -67
32 121 -26
32 123 -30
32 124 97
32 134 97
32 135 55
32 138 75
32 140 96
32 146 -80
32 149 31
33 3 17
33 4 -55
33 6 91
33 9 -4
33 16 21
33 19 85
33 21 38
33 25 79
33 29 28
33 30 -52
33 33 90
33 36 4
33 37 6
33 38 16
33 43 -95
33 45 41
33 48 43
33 60 -14
33 61 -51
33 64 98
33 66 -20
33 68 66
33 72 -34
33 76 -17
33 80 -33
33 85 -13
33 86 -73
33 87 -71
33 90 -71
33 98 2
33 103 32
33 104 71
33 109 -95
33 112 16
33 113 -65
33 116 39
33 123 66
33 125 44
33 127 88
33 129 29
33 130 -31
33 133 78
33 135 97
33 140 -91
33 146 46
34 0 -66
34 1 40
34 2 -83
34 7 83
34 11 -64
34 13 -54
34 15 -61
34 24 -4
34 28 68
34 29 -12
34 37 -4
34 38 -88
34 39 85
34 40 -93
34 41 -45
34 46 10
34 52 38
34 53 -81
34 54 -81
34 56 -25
34 60 78
34 62 81
34 68 -39
34 71 -80
34 72 67
34 75 41
34 80 92
34 85 12
34 87 69
34 92 27
34 94 -66
34 97 -46
34 98 48
34 102 -19
34 107 -71
34 110 86
34 113 -18
34 115 73
34 117 -16
34 122 -13
34 126 -19
34 128 -35
34 129 -88
34 130 55
34 131 -5
34 135 52
34 138 56
34 139 -18
34 140 -100
34 141 93
34 146 -14
34 147 -78
34 148 67
34 149 -2
35 3 67
35 5 81
35 6 -64
35 8 -18
35 9 8
35 12 -23
35 13 -48
35 15 -68
35 16 30
35 17 88
35 25 49
35 26 -41
35 28 -81
35 30 15
35 31 -13
35 33 6
35 34 -9
35 45 84
35 52 -11
35 54 30
35 55 93
35 59 -6
35 60 -44
35 63 -88
35 65 97
35 66 -79
35 67 3
35 68 -51
35 71 2
35 75 1
35 76 13
35 78 2
35 80 92
35 82 -10
35 84 77
35 89 53
35 92 75
35 93 -78
35 100 -97
35 110 59
35 111 -67
35 112 -80
35 113 -22
35 116 -7
35 117 -2
35 118 48
35 119 -46
35 123 92
35 124 -25
35 126 15
35 131 -96
35 133 -46
35 134 14
35 138 99
35 140 18
35 141 95
35 142 18
35 143 85
35 145 55
35 146 38
35 147 -2
36 1 6
36 5 96
36 6 88
36 8 -10
36 9 14
36 18 -54
36 19 -36
36 22 19
36 23 88
36 29 37
36 31 -36
36 32 78
36 33 -78
36 37 -37
36 39 -26
36 41 -19
36 42 53
36 45 28
36 49 78
36 51 4
36 52 46
36 57 -63
36 60 -16
36 69 -83
36 71 -31
36 73 -7
36 77 81
36 80 92
36 82 -20
36 83 -48
36 84 71
36 85 6
36 90 -70
36 94 -99
36 95 30
36 96 -15
36 100 -2
36 102 43
36 107 22
36 110 -80
36 115 -89
36 116 55
36 119 42
36 122 40
36 123 63
36 132 46
36 133 15
36 134 26
36 136 17
36 137 -67
36 141 99
36 142 87
36 143 34
36 144 -70
36 146 -63
37 2 70
37 5 56
37 6 60
37 12 92
37 13 -46
37 17 31
37 18 74
37 23 -16
37 24 -74
37 25 1
37 28 -37
37 29 -40
37 30 -59
37 31 -75
37 33 24
37 36 83
37 38 -33
37 44 11
37 46 -5
37 47 -54
37 48 39
37 50 -88
37 54 2
37 55 -15
37 57 -74
37 60 -50
37 65 -79
37 66 -42
37 67 -45
37 68 -96
37 70 79
37 71 -58
37 76 26
37 78 -23
37 81 45
37 86 64
37 89 -22
37 90 47
37 91 -30
37 92 7
37 96 -9
37 98 40
37 102 -29
37 104 -88
37 107 34
37 108 -50
37 110 89
37 111 35
37 120 35
37 122 53
37 125 89
37 126 29
37 127 -29
37 128 -42
37 131 50
37 134 90
37 138 78
37 139 -44
37 143 -52
37 144 94
37 148 13
37 149 78
38 0 69
38 2 -28
38 4 -66
38 7 -4
38 12 -88
38 14 -19
38 15 -69
38 16 2
38 18 51
38 26 80
38 27 69
38 28 98
38 29 -72
38 35 68
38 36 -95
38 38 55
38 42 55
38 44 94
38 45 -69
38 50 -3
38 54 -75
38 56 -63
38 58 65
38 76 -57
38 78 -1
38 81 -97
38 82 18
38 83 -26
38 84 67
38 87 53
38 89 24
38 93 25
38 94 -14
38 95 -40
38 98 -82
38 99 26
38 102 37
38 105 -6
38 106 33
38 111 -49
38 113 1
38 115 31
38 116 -69
38 117 -10
38 122 53
38 125 -9
38 130 10
38 133 -53
38 138 35
38 141 45
38 142 33
38 144 30
38 146 -25
38 147 22
39 1 19
39 10 -43
39 12 -84
39 14 -51
39 17 -45
39 21 -99
39 23 9
39 27 -40
39 28 -32
39 29 -98
39 34 -84
39 35 -61
39 41 -64
39 42 -6
39 44 35
39 46 -13
39 47 96
39 48 -91
39 50 -17
39 51 -37
39 55 -69
39 62 -60
39 63 1
39 66 30
39 68 -85
39 73 -63
39 76 11
39 78 -45
39 79 -61
39 81 -25
39 89 -21
39 90 23
39 91 68
39 92 -79
39 93 -7
39 94 43
39 96 35
39 98 -52
39 99 87
39 101 70
39 103 -31
39 111 84
39 118 12
39 122 63
39 123 -85
39 124 97
39 126 -55
39 133 -45
39 142 -45
39 144 80
39 147 -75
40 2 78
40 5 -43
40 9 40
40 13 -69
40 14 -52
40 16 19
40 20 72
40 21 -100
40 25 -9
40 26 -63
40 37 -26
40 38 -92
40 40 97
40 44 48
40 47 35
40 48 5
40 52 -86
40 57 59
40 58 -16
40 60 -99
40 62 -28
40 66 40
40 70 52
40 80 58
40 82 43
40 83 -21
40 85 57
40 86 34
40 88 -50
40 89 45
40 93 47
40 94 -52
40 96 -33
40 105 39
40 107 -2
40 110 96
40 114 14
40 117 -62
40 120 18
40 121 13
40 123 -6
40 124 -49
40 125 -30
40 126 -63
40 127 13
40 130 -37
40 134 -68
40 138 24
40 140 98
40 141 -61
40 143 -32
40 144 -77
40 145 -82
40 147 64
40 149 5
41 1 58
41 2 -51
41 3 -83
41 7 91
41 9 5
41 10 68
41 11 -69
41 13 1
41 16 -53
41 19 -4
41 24 -96
41 25 -93
41 27 -72
41 28 -9
41 29 -14
41 36 -66
41 37 50
41 39 -87
41 41 -34
41 42 20
41 44 68
41 45 -12
41 47 12
41 49 -44
41 50 11
41 52 93
41 54 90
41 55 77
41 56 -93
41 57 61
41 67 -46
41 68 -83
41 78 62
41 79 46
41 80 -4
41 83 43
41 85 16
41 86 74
41 94 44
41 96 15
41 97 -51
41 100 73
41 103 22
41 104 70
41 106 -29
41 107 46
41 108 30
41 114 65
41 115 -65
41 119 -42
41 121 -96
41 122 16
41 123 -36
41 130 -80
41 131 -1
41 133 95
41 134 75
41 139 55
41 144 -4
41 145 10
41 147 -52
41 148 -90
42 2 36
42 4 73
42 7 -8
42 10 30
42 12 63
42 13 43
42 14 -68
42 16 77
42 18 47
42 20 -2
42 24 -8
42 26 -57
42 27 47
42 31 71
42 34 86
42 37 -99
42 38 -6
42 42 37
42 44 30
42 49 -91
42 51 68
42 54 10
42 56 -15
42 63 -5
42 66 18
42 72 11
42 73 -76
42 75 -65
42 76 36
42 77 -69
42 78 93
42 83 -62
42 84 86
42 86 18
42 87 -8
42 88 65
42 93 21
42 100 -87
42 101 100
42 106 59
42 108 -45
42 111 -4
42 112 -12
42 113 56
42 114 96
42 118 -56
42 121 -53
42 122 -77
42 131 1
42 133 11
42 135 -23
42 136 -73
42 137 -100
42 138 -78
42 146 -90
42 147 -96
42 148 -20
43 0 56
43 1 67
43 6 46
43 7 -35
43 10 39
43 12 95
43 17 -54
43 26 6
43 31 7
43 33 -48
43 34 -32
43 36 71
43 39 -90
43 40 1
43 41 83
43 43 16
43 47 -50
43 50 -7
43 52 31
43 53 -26
43 56 -30
43 59 -77
43 61 -66
43 63 -87
43 65 -89
43 68 -28
43 72 70
43 79 80
43 81 24
43 82 -59
43 83 -7
43 86 -83
43 87 9
43 88 -81
43 89 -83
43 91 12
43 94 89
43 96 9
43 100 41
43 103 -100
43 104 74
43 106 -51
43 107 11
43 110 61
43 111 100
43 113 -74
43 115 8
43 126 -19
43 127 -100
43 128 35
43 129 -30
43 130 -27
43 136 -55
43 138 100
43 142 -10
43 149 -13
44 0 7
44 2 89
44 3 -41
44 7 -9
44 8 8
44 15 -65
44 23 -84
44 25 -79
44 26 45
44 27 -43
44 35 -67
44 36 -42
44 44 -31
44 50 95
44 53 91
44 54 -5
44 55 67
44 63 -65
44 67 -83
44 69 -62
44 70 -31
44 78 -76
44 82 81
44 84 46
44 87 -85
44 89 33
44 93 -22
44 94 27
44 95 15
44 96 19
44 97 64
44 99 -89
44 100 52
44 101 -31
44 104 48
44 110 -53
44 112 -41
44 113 -16
44 114 83
44 116 16
44 128 -1
44 129 -11
44 131 6
44 132 -98
44 140 6
44 143 -1
44 149 9
45 0 -85
45 1 30
45 4 -44
45 5 78
45 9 -64
45 11 -42
45 17 -38
45 18 65
45 23 80
45 24 90
45 26 24
45 29 -83
45 31 57
45 35 -97
45 36 6
45 37 -65
45 39 39
45 45 -89
45 50 18
45 54 -43
45 59 78
45 60 75
45 61 48
45 62 83
45 65 50
45 66 76
45 69 -36
45 74 46
45 75 34
45 77 -33
45 78 -19
45 80 -93
45 85 98
45 87 41
45 89 -64
45 90 21
45 94 79
45 95 95
45 98 73
45 99 58
45 100 86
45 101 -36
45 102 -46
45 108 -45
45 115 -13
45 116 58
45 118 -77
45 119 4
45 121 -50
45 125 -93
45 138 62
45 144 65
45 145 -4
46 0 -12
46 1 -5
46 7 -24
46 17 -35
46 19 55
46 20 -49
46 21 11
46 24 81
46 26 64
46 27 98
46 30 50
46 36 40
46 37 63
46 43 -31
46 44 29
46 45 73
46 48 -5
46 49 -58
46 56 -88
46 58 -72
46 59 -19
46 60 41
46 64 -57
46 65 20
46 66 -82
46 67 52
46 68 -95
46 69 -97
46 72 -97
46 73 18
46 75 -81
46 78 -65
46 79 -64
46 81 -97
46 83 88
46 86 48
46 87 -1
46 88 2
46 90 -1
46 91 -93
46 92 -74
46 94 93
46 99 -12
46 101 -68
46 103 -68
46 104 88
46 111 -76
46 113 31
46 115 20
46 116 56
46 118 52
46 121 -52
46 125 -17
46 132 83
46 136 -42
46 139 64
46 142 -90
46 144 -14
46 146 -63
47 0 -94
47 1 -73
47 2 39
47 5 69
47 7 36
47 8 66
47 17 65
47 20 -36
47 25 -84
47 27 -56
47 30 -99
47 31 7
47 33 -51
47 35 -86
47 38 -70
47 39 99
47 41 -10
47 42 -9
47 43 -61
47 47 -94
47 51 -51
47 55 -83
47 59 58
47 63 -87
47 65 47
47 71 96
47 72 23
47 73 99
47 74 9
47 75 98
47 76 53
47 78 -34
47 80 51
47 81 81
47 88 -39
47 93 -89
47 96 82
47 98 18
47 99 -88
47 101 -85
47 102 29
47 103 21
47 104 -47
47 111 98
47 113 -13
47 115 13
47 119 -44
47 121 -67
47 123 7
47 125 -2
47 128 -73
47 131 83
47 135 -71
47 140 -47
47 142 -88
47 143 20
47 145 98
47 147 -74
47 149 -92
48 2 -93
48 5 -3
48 6 47
48 8 28
48 10 88
48 12 48
48 13 -38
48 14 62
48 16 84
48 24 36
48 31 40
48 40 65
48 46 -51
48 47 19
48 49 -34
48 53 23
48 56 29
48 57 47
48 59 19
48 60 55
48 63 66
48 65 93
48 66 -98
48 68 83
48 71 30
48 72 16
48 75 -20
48 76 -38
48 77 14
48 80 -32
48 82 13
48 85 90
48 86 -81
48 87 -58
48 90 16
48 91 78
48 102 70
48 103 -93
48 104 16
48 105 77
48 106 78
48 109 37
48 110 6
48 113 -98
48 117 -34
48 119 -93
48 123 -60
48 129 43
48 134 -31
48 136 -13
48 138 37
48 139 -93
48 143 -19
49 0 -84
49 1 69
49 2 -8
49 3 -62
49 4 -88
49 5 82
49 10 -69
49 12 48
49 13 -5
49 15 97
49 16 14
49 17 22
49 20 -1
49 21 92
49 22 97
49 23 -89
49 25 -67
49 26 -64
49 29 -50
49 32 95
49 33 -1
49 35 -23
49 36 -2
49 37 2
49 42 49
49 49 83
49 51 5
49 52 8
49 54 89
49 55 -62
49 61 -97
49 64 92
49 67 43
49 69 -26
49 70 20
49 72 -87
49 77 -79
49 78 -41
49 79 -57
49 83 32
49 87 -39
49 89 9
49 90 -75
49 92 -77
49 93 23
49 94 -98
49 96 -23
49 97 32
49 98 33
49 100 39
49 102 42
49 103 54
49 104 66
49 105 23
49 107 40
49 108 67
49 110 72
49 115 -42
49 116 -71
49 120 49
49 122 8
49 123 -76
49 124 -82
49 128 -38
49 133 -13
49 134 43
49 142 22
49 146 8
49 147 -79
49 148 -20
50 0 -100
50 1 99
50 2 46
50 3 -53
50 4 87
50 6 57
50 9 81
50 13 62
50 17 30
50 20 3
50 23 -22
50 27 -9
50 30 1
50 33 29
50 38 -81
50 40 49
50 51 95
50 53 13
50 55 56
50 60 -47
50 66 -46
50 68 9
50 70 87
50 73 -96
50 80 55
50 81 68
50 82 -45
50 84 -68
50 86 -35
50 90 73
50 91 35
50 102 66
50 105 70
50 107 57
50 109 -53
50 114 22
50 116 -10
50 117 39
50 119 90
50 123 6
50 125 53
50 126 38
50 129 48
50 134 59
50 135 63
50 141 45
50 144 -30
50 145 -38
50 146 -5
50 148 -78
51 0 88
51 1 32
51 2 81
51 4 12
51 7 17
51 10 -97
51 13 48
51 20 54
51 21 -43
51 24 86
51 26 -78
51 36 22
51 40 59
51 44 98
51 49 58
51 50 88
51 51 75
51 52 71
51 54 -88
51 58 -16
51 66 -11
51 71 -35
51 72 -62
51 73 78
51 75 -82
51 83 -11
51 84 -77
51 85 -54
51 88 -13
51 89 -71
51 90 18
51 91 -38
51 95 -52
51 104 11
51 106 64
51 114 88
51 115 10
51 121 -54
51 122 95
51 126 -25
51 128 -48
51 129 37
51 131 68
51 137 58
51 139 51
51 141 -61
51 142 -19
51 146 -45
51 149 -30
52 0 71
52 1 -22
52 2 -91
52 3 -75
52 4 52
52 5 -97
52 8 -71
52 13 29
52 17 48
52 19 5
52 20 -28
52 22 47
52 23 -26
52 26 -74
52 28 56
52 31 -45
52 33 -82
52 35 43
52 37 38
52 40 -28
52 46 86
52 48 35
52 50 18
52 52 -11
52 53 91
52 54 9
52 56 73
52 58 -49
52 59 -70
52 60 -4
52 63 62
52 65 -88
52 67 -53
52 73 -34
52 76 22
52 77 -47
52 78 48
52 82 52
52 85 -81
52 86 46
52 87 44
52 89 4
52 95 -69
52 96 46
52 97 89
52 98 84
52 100 -42
52 102 12
52 103 -17
52 104 31
52 108 -15
52 111 -76
52 114 25
52 116 -99
52 118 -24
52 122 -59
52 124 17
52 126 2
52 132 1
52 133 98
52 134 -64
52 136 -62
52 138 33
52 139 -61
52 149 33
53 0 30
53 1 -42
53 2 -83
53 6 46
53 8 -34
53 12 -57
53 13 -40
53 14 -32
53 17 -65
53 21 -17
53 25 12
53 26 -61
53 28 19
53 29 -46
53 30 61
53 33 87
53 34 -74
53 38 39
53 41 -50
53 42 -20
53 48 -8
53 55 -49
53 56 4
53 59 74
53 60 -17
53 62 -19
53 63 -3
53 65 -33
53 67 91
53 68 -83
53 73 -60
53 74 40
53 75 23
53 76 26
53 77 -76
53 79 95
53 82 -63
53 83 -87
53 84 -45
53 85 95
53 90 -61
53 91 7
53 94 53
53 97 67
53 98 14
53 106 -32
53 108 -55
53 109 44
53 110 78
53 114 99
53 118 -65
53 123 -20
53 125 25
53 127 56
53 128 34
53 130 -50
53 137 15
53 138 32
53 141 -63
53 144 -99
53 145 64
53 146 -30
53 147 -68
54 0 -99
54 3 -100
54 5 26
54 10 -41
54 11 -49
54 12 36
54 20 -30
54 24 -18
54 27 41
54 28 -82
54 33 -86
54 37 4
54 38 72
54 39 -82
54 40 49
54 44 -88
54 48 97
54 51 -56
54 52 -60
54 53 62
54 55 71
54 60 -17
54 63 -55
54 65 79
54 69 25
54 71 94
54 72 5
54 77 68
54 79 96
54 85 -5
54 86 95
54 88 -100
54 89 -19
54 95 90
54 98 71
54 102 -68
54 107 77
54 108 -100
54 111 12
54 113 -100
54 115 -54
54 116 -26
54 117 -20
54 119 95
54 120 63
54 121 -55
54 124 38
54 129 74
54 130 -7
54 133 94
54 136 -55
54 137 54
54 140 -46
54 144 -62
54 145 -61
54 148 91
55 1 83
55 2 78
55 4 57
55 6 82
55 8 45
55 9 -58
55 10 37
55 11 39
55 13 33
55 18 38
55 19 49
55 20 63
55 21 -22
55 22 9
55 24 -97
55 29 69
55 31 1
55 32 -12
55 34 -66
55 35 -30
55 37 12
55 39 97
55 40 48
55 41 7
55 43 -49
55 50 15
55 57 -6
55 62 64
55 63 -1
55 64 -75
55 68 16
55 78 51
55 79 96
55 80 -2
55 82 81
55 83 -45
55 84 33
55 85 -75
55 86 21
55 88 -59
55 89 32
55 91 -23
55 92 -6
55 93 -64
55 95 -8
55 96 -77
55 98 -70
55 100 99
55 104 -70
55 107 -54
55 111 -17
55 113 64
55 114 -79
55 122 28
55 126 -29
55 130 83
55 132 -25
55 134 -72
55 146 16
55 149 -83
56 2 34
56 3 36
56 6 -70
56 8 -65
56 9 -84
56 10 16
56 11 -28
56 13 6
56 15 31
56 17 48
56 18 -72
56 20 -18
56 21 -75
56 22 56
56 25 9
56 26 -72
56 29 -85
56 36 -62
56 37 35
56 38 28
56 39 75
56 41 46
56 46 -56
56 50 62
56 51 -62
56 54 74
56 55 -76
56 56 -9
56 61 47
56 67 44
56 68 -12
56 70 -13
56 73 36
56 75 -62
56 78 92
56 80 -45
56 81 -3
56 84 -4
56 86 93
56 88 7
56 96 42
56 97 24
56 98 -75
56 99 11
56 104 -28
56 105 27
56 107 -37
56 109 6
56 111 94
56 115 -52
56 116 -84
56 119 51
56 120 2
56 121 38
56 122 -15
56 124 -72
56 130 47
56 132 -21
56 133 -30
56 139 -10
56 142 28
56 143 -20
56 149 -94
57 4 -17
57 6 63
57 13 -74
57 22 53
57 24 100
57 26 -37
57 36 -5
57 43 -6
57 45 77
57 48 -41
57 62 -93
57 64 7
57 65 16
57 66 70
57 68 74
57 74 76
57 75 -69
57 81 17
57 86 -9
57 87 93
57 88 -70
57 90 16
57 91 63
57 96 97
57 99 -15
57 100 35
57 103 3
57 108 -86
57 109 -42
57 114 57
57 116 -71
57 117 -35
57 119 25
57 120 -48
57 122 60
57 129 -41
57 130 35
57 133 -80
57 134 99
57 136 -79
57 138 -21
57 140 -37
57 143 -9
57 145 -79
57 148 41
58 0 -10
58 1 -16
58 2 51
58 4 -7
58 6 -65
58 7 22
58 11 66
58 13 92
58 14 -36
58 19 79
58 21 63
58 24 -21
58 25 43
58 28 99
58 31 3
58 34 99
58 36 24
58 38 -18
58 41 60
58 42 58
58 43 -83
58 44 -86
58 48 99
58 49 -71
58 51 -60
58 58 -24
58 60 54
58 62 -100
58 66 76
58 77 90
58 80 56
58 82 39
58 86 -36
58 88 59
58 89 90
58 94 63
58 95 -75
58 96 -70
58 97 41
58 102 -58
58 103 21
58 116 61
58 117 6
58 118 93
58 122 -19
58 126 -96
58 127 -84
58 130 -12
58 131 -67
58 132 14
58 143 18
58 145 75
58 149 58
59 4 43
59 7 70
59 8 -35
59 12 -23
59 14 -70
59 17 -26
59 19 56
59 20 -13
59 21 -70
59 26 30
59 28 82
59 31 51
59 34 96
59 37 87
59 49 27
59 54 -31
59 61 54
59 65 39
59 66 99
59 67 97
59 72 9
59 73 43
59 76 -17
59 80 29
59 84 5
59 86 -27
59 88 91
59 92 -39
59 94 95
59 99 -23
59 100 2
59 101 -75
59 108 81
59 110 -69
59 114 -62
59 115 -7
59 116 -8
59 118 -23
59 119 -36
59 120 65
59 121 -18
59 122 -47
59 124 53
59 125 94
59 131 -84
59 132 66
59 135 -100
59 136 -96
59 142 -71
59 143 95
59 147 -55
60 1 27
60 3 -57
60 4 14
60 5 72
60 9 41
60 10 20
60 11 -44
60 15 92
60 16 20
60 28 74
60 33 15
60 35 66
60 39 22
60 41 70
60 46 13
60 47 67
60 52 -86
60 56 23
60 57 -2
60 59 20
60 60 -65
60 62 90
60 65 -46
60 69 -98
60 71 41
60 75 69
60 77 23
60 88 -79
60 90 30
60 92 -79
60 94 -47
60 95 -32
60 96 -10
60 97 -7
60 98 64
60 101 -81
60 102 -90
60 103 -5
60 111 51
60 112 19
60 113 -5
60 114 -34
60 115 65
60 118 -88
60 120 2
60 121 -18
60 126 5
60 129 68
60 134 100
60 135 -56
60 136 -85
60 140 28
60 143 -63
60 146 -62
61 2 -26
61 3 48
61 6 56
61 8 -51
61 10 48
61 11 100
61 14 99
61 18 16
61 21 99
61 22 -40
61 27 -5
61 28 -15
61 35 -50
61 39 -62
61 41 32
61 43 94
61 44 -49
61 48 60
61 50 62
61 51 -23
61 53 35
61 55 95
61 57 37
61 61 -74
61 67 20
61 69 -55
61 70 85
61 74 36
61 75 -13
61 78 -32
61 80 -28
61 81 -28
61 88 97
61 90 -11
61 94 12
61 95 37
61 103 -16
61 105 12
61 111 87
61 115 -89
61 120 45
61 121 -94
61 123 -60
61 125 -9
61 127 -9
61 128 -16
61 130 -97
61 132 -56
61 135 -13
61 136 51
61 139 -97
61 141 74
61 145 94
62 0 18
62 4 -100
62 5 93
62 7 -21
62 9 7
62 12 62
62 16 88
62 17 56
62 23 8
62 25 97
62 27 71
62 28 12
62 29 -57
62 38 -19
62 43 69
62 45 -55
62 47 -28
62 49 -85
62 52 86
62 61 88
62 62 98
62 64 16
62 65 38
62 66 -69
62 70 81
62 73 24
62 76 -22
62 81 28
62 84 100
62 86 -9
62 89 39
62 91 -87
62 92 18
62 96 -86
62 97 70
62 99 90
62 107 -39
62 108 2
62 110 58
62 112 -91
62 115 52
62 117 -44
62 118 29
62 121 62
62 122 62
62 125 49
62 127 -33
62 129 -92
62 140 17
62 141 44
62 146 67
62 149 -78
63 3 -48
63 7 86
63 8 -64
63 9 -73
63 10 -15
63 13 8
63 16 24
63 18 -17
63 20 8
63 31 59
63 37 14
63 39 -11
63 41 46
63 42 87
63 43 -87
63 44 54
63 45 -52
63 46 -73
63 49 -14
63 51 74
63 53 55
63 54 -70
63 55 -68
63 56 -18
63 58 39
63 64 68
63 65 56
63 67 -74
63 69 -56
63 72 80
63 75 -46
63 80 -26
63 83 -55
63 84 -50
63 90 -53
63 94 11
63 106 43
63 108 -46
63 111 10
63 112 10
63 115 -67
63 116 -55
63 117 -60
63 119 78
63 120 68
63 121 10
63 124 -14
63 125 41
63 129 56
63 134 79
63 137 -93
63 146 -73
63 148 -3
63 149 79
64 3 23
64 4 90
64 6 35
64 7 -31
64 9 57
64 10 -26
64 11 -56
64 13 -2
64 14 30
64 15 4
64 16 70
64 19 22
64 20 -83
64 23 -60
64 25 22
64 31 -22
64 32 -3
64 34 -83
64 35 40
64 41 30
64 42 -85
64 43 26
64 48 16
64 50 -37
64 51 -54
64 53 87
64 55 -26
64 58 86
64 61 16
64 62 93
64 64 79
64 65 -36
64 66 -50
64 67 29
64 75 -9
64 78 -11
64 80 37
64 81 -83
64 82 -81
64 83 47
64 85 41
64 86 42
64 89 -70
64 90 -35
64 93 -72
64 94 82
64 95 -41
64 96 -93
64 98 70
64 108 23
64 110 88
64 112 -56
64 117 -55
64 120 98
64 125 24
64 126 20
64 127 73
64 128 -97
64 129 -20
64 136 -73
64 142 -75
64 143 30
64 145 94
64 147 -98
64 148 -83
64 149 33
65 1 48
65 2 59
65 3 -15
65 8 86
65 9 13
65 13 -31
65 14 -51
65 18 2
65 20 6
65 25 86
65 28 54
65 29 71
65 31 -16
65 35 72
65 38 -35
65 42 19
65 47 70
65 49 -96
65 50 10
65 51 -23
65 53 10
65 55 -50
65 61 -69
65 62 -14
65 66 7
65 67 47
65 69 -19
65 72 62
65 73 69
65 74 -97
65 77 36
65 79 -48
65 81 8
65 82 65
65 84 -81
65 91 48
65 92 -37
65 95 17
65 96 -21
65 99 83
65 105 -70
65 106 -63
65 108 -81
65 109 -20
65 114 -86
65 116 -34
65 119 98
65 121 33
65 122 -81
65 133 60
65 134 19
65 137 76
65 139 36
65 145 61
66 0 -58
66 4 78
66 7 26
66 10 -45
66 11 -9
66 15 50
66 17 -100
66 23 61
66 24 55
66 26 79
66 32 -26
66 33 -93
66 40 4
66 41 -42
66 43 -82
66 48 -16
66 57 -5
66 63 51
66 64 -80
66 65 -86
66 67 33
66 68 12
66 71 -4
66 72 -87
66 79 -37
66 80 -8
66 82 -59
66 85 47
66 86 -34
66 94 25
66 96 15
66 97 30
66 98 -7
66 100 -99
66 107 40
66 108 -49
66 117 72
66 120 -35
66 121 97
66 123 -83
66 124 -23
66 126 33
66 127 -67
66 129 -82
66 132 -34
66 139 -14
66 145 -74
66 148 -54
66 149 33
67 0 85
67 1 -76
67 2 58
67 3 -97
67 5 -48
67 8 93
67 11 20
67 13 13
67 16 37
67 18 -25
67 20 -27
67 21 -15
67 23 23
67 28 79
67 31 12
67 38 -45
67 40 -65
67 41 -1
67 44 -18
67 46 -64
67 49 13
67 50 -29
67 52 56
67 56 96
67 59 22
67 61 49
67 67 56
67 70 -18
67 71 58
67 76 -43
67 77 11
67 81 19
67 83 23
67 86 -19
67 87 97
67 90 47
67 91 31
67 93 24
67 96 -57
67 97 62
67 100 6
67 101 -93
67 103 24
67 104 74
67 107 -64
67 108 91
67 110 27
67 115 45
67 117 58
67 118 21
67 121 65
67 122 39
67 124 53
67 128 48
67 133 -95
67 134 -48
67 142 69
67 144 -73
67 146 -87
67 147 -87
68 0 100
68 1 -17
68 3 23
68 4 64
68 8 70
68 9 32
68 12 75
68 15 17
68 16 -17
68 20 66
68 21 -49
68 22 -66
68 32 94
68 33 10
68 34 3
68 36 34
68 40 18
68 42 98
68 50 82
68 52 97
68 54 -55
68 59 -94
68 60 -9
68 63 -29
68 65 -33
68 66 -52
68 68 -78
68 69 59
68 78 -78
68 86 -52
68 87 97
68 93 69
68 94 17
68 95 -21
68 96 23
68 99 -77
68 101 7
68 102 56
68 104 -74
68 105 76
68 106 81
68 108 -12
68 109 -45
68 115 -58
68 119 8
68 123 -71
68 127 -34
68 129 -33
68 130 7
68 135 -10
68 137 -48
68 147 58
69 6 94
69 8 -21
69 9 -78
69 10 27
69 13 -34
69 14 -67
69 15 55
69 16 2
69 22 68
69 24 22
69 25 -57
69 26 22
69 27 -9
69 29 19
69 41 42
69 47 93
69 48 97
69 51 2
69 52 34
69 55 54
69 58 37
69 61 83
69 63 84
69 65 35
69 71 -29
69 72 7
69 74 3
69 75 -82
69 77 81
69 79 72
69 82 37
69 90 -57
69 91 45
69 93 81
69 95 -53
69 97 -35
69 99 -61
69 104 -51
69 107 87
69 109 -34
69 118 58
69 123 -74
69 125 -91
69 128 24
69 129 29
69 131 -35
69 133 -14
69 135 34
69 142 82
69 145 -99
69 147 -77
69 148 2
69 149 77
70 3 33
70 4 15
70 6 -100
70 7 -31
70 10 13
70 19 -39
70 21 -83
70 22 23
70 24 9
70 29 83
70 30 81
70 31 -81
70 33 -21
70 40 32
70 44 32
70 46 57
70 48 14
70 60 -45
70 63 81
70 66 -5
70 69 -79
70 70 28
70 72 -73
70 75 82
70 79 89
70 84 61
70 87 98
70 88 87
70 89 -2
70 91 22
70 92 80
70 97 62
70 98 46
70 100 92
70 102 43
70 103 -25
70 105 30
70 111 -34
70 116 75
70 117 -20
70 124 -36
70 126 16
70 127 36
70 129 13
70 133 85
70 134 -44
70 135 -98
70 138 49
70 141 60
70 144 6
70 146 47
70 148 -46
71 7 38
71 9 -61
71 11 -33
71 12 99
71 14 -90
71 15 -21
71 22 -46
71 23 -68
71 25 31
71 26 10
71 27 3
71 28 51
71 31 -22
71 35 30
71 36 -2
71 40 3
71 46 75
71 50 57
71 51 -59
71 52 28
71 53 75
71 55 -68
71 58 -96
71 62 -14
71 63 -4
71 66 70
71 70 -16
71 71 -72
71 72 57
71 74 -49
71 75 100
71 77 39
71 79 -3
71 83 60
71 86 99
71 89 -82
71 93 62
71 94 -98
71 95 11
71 99 88
71 101 -51
71 102 82
71 104 -75
71 107 4
71 112 4
71 113 -3
71 116 78
71 118 60
71 119 -3
71 121 -70
71 126 65
71 127 -6
71 129 -98
71 130 -33
71 133 35
71 135 54
71 136 14
71 143 59
71 144 79
71 145 65
71 148 22
71 149 17
72 0 -87
72 3 65
72 8 58
72 13 95
72 14 -64
72 16 -50
72 23 3
72 25 -13
72 28 94
72 31 89
72 34 -37
72 35 -59
72 36 -99
72 37 -76
72 38 77
72 39 61
72 40 -78
72 41 -17
72 42 2
72 44 -45
72 45 5
72 51 -90
72 59 95
72 60 56
72 63 50
72 66 51
72 69 64
72 70 -19
72 71 86
72 73 46
72 78 -37
72 87 97
72 89 4
72 94 -68
72 97 78
72 98 -96
72 99 14
72 104 61
72 111 -41
72 112 39
72 115 36
72 123 -28
72 125 94
72 132 -86
72 139 42
72 140 97
72 142 74
72 144 -9
72 145 15
72 146 -33
72 147 -98
72 148 -27
73 7 -1
73 8 33
73 9 44
73 14 -34
73 16 62
73 17 38
73 18 58
73 24 77
73 25 -88
73 29 -95
73 30 -36
73 31 78
73 32 -53
73 33 -90
73 39 -54
73 41 70
73 51 20
73 53 46
73 59 -56
73 60 93
73 62 -79
73 63 8
73 65 -96
73 66 85
73 68 25
73 77 59
73 78 -96
73 81 -39
73 87 -81
73 90 -69
73 92 -14
73 96 -34
73 99 22
73 101 -8
73 102 25
73 104 79
73 106 97
73 108 87
73 109 27
73 111 88
73 112 -89
73 121 -22
73 125 33
73 132 42
73 133 -92
73 135 23
73 138 -86
73 143 46
73 148 78
73 149 4
74 0 23
74 1 -77
74 2 17
74 8 20
74 13 53
74 18 -17
74 20 -4
74 21 83
74 24 85
74 27 -83
74 32 23
74 35 63
74 38 -7
74 45 20
74 46 -45
74 47 -25
74 51 -5
74 54 -46
74 55 38
74 56 -71
74 60 91
74 63 -13
74 68 40
74 69 85
74 71 -99
74 76 -79
74 78 -44
74 82 -56
74 86 -57
74 88 -36
74 90 15
74 93 6
74 94 -64
74 99 -100
74 103 57
74 104 34
74 106 47
74 107 -95
74 113 -18
74 122 -61
74 123 50
74 126 -62
74 129 69
74 137 29
74 142 5
74 143 30
74 149 50
75 3 -79
75 5 -74
75 6 -32
75 13 24
75 15 53
75 16 95
75 17 92
75 18 -76
75 20 47
75 21 -53
75 23 -20
75 25 -88
75 26 -83
75 28 64
75 34 3
75 35 -45
75 39 30
75 40 -36
75 49 -23
75 57 34
75 65 -43
75 66 -29
75 67 -14
75 69 -30
75 71 23
75 73 49
75 77 -47
75 78 -71
75 79 -12
75 86 94
75 88 68
75 89 -16
75 90 75
75 97 -59
75 99 -83
75 101 61
75 104 -46
75 107 96
75 108 -83
75 110 53
75 113 -33
75 114 72
75 117 -65
75 118 -59
75 119 -65
75 124 94
75 125 -23
75 126 80
75 127 -68
75 133 55
75 134 -19
75 135 -31
75 137 6
75 139 -4
75 142 -34
75 145 99
76 0 89
76 1 99
76 3 2
76 4 76
76 5 43
76 8 -98
76 13 -76
76 15 -85
76 25 36
76 28 92
76 31 -88
76 36 79
76 37 -60
76 38 -17
76 42 30
76 44 -8
76 45 7
76 46 -74
76 54 6
76 60 -6
76 61 61
76 62 -40
76 63 66
76 65 79
76 68 37
76 71 -91
76 73 -49
76 76 22
76 79 32
76 83 -97
76 92 72
76 94 -8
76 99 -54
76 107 50
76 108 84
76 109 64
76 110 80
76 111 5
76 113 45
76 115 47
76 117 6
76 121 37
76 122 -4
76 123 21
76 124 -6
76 125 91
76 129 80
76 132 78
76 135 58
76 137 -81
76 142 -59
76 143 -21
76 145 79
76 148 84
77 0 -82
77 1 31
77 3 -9
77 5 -39
77 6 99
77 8 7
77 11 55
77 16 -92
77 18 -90
77 22 67
77 25 34
77 29 9
77 30 98
77 36 89
77 39 28
77 40 -41
77 48 -10
77 52 26
77 53 -37
77 64 -2
77 71 49
77 74 30
77 81 -31
77 82 91
77 84 -84
77 89 8
77 92 -58
77 98 26
77 117 42
77 119 -4
77 122 4
77 124 -22
77 125 43
77 126 95
77 128 15
77 129 -38
77 143 52
77 144 -18
78 2 -38
78 7 -72
78 8 -6
78 9 -29
78 10 10
78 11 -48
78 12 89
78 13 -37
78 15 13
78 18 -18
78 21 -71
78 30 88
78 32 -83
78 34 -52
78 38 -34
78 39 -83
78 44 -79
78 46 78
78 51 69
78 58 95
78 60 90
78 61 -4
78 62 63
78 66 -67
78 68 65
78 70 93
78 71 -84
78 75 -62
78 78 27
78 79 -11
78 81 -93
78 82 -82
78 85 18
78 88 30
78 91 -26
78 93 20
78 94 -57
78 98 -11
78 101 -13
78 102 55
78 104 99
78 109 83
78 111 65
78 112 14
78 114 36
78 115 68
78 116 -65
78 118 -22
78 121 5
78 122 8
78 123 -90
78 126 78
78 127 78
78 129 83
78 131 62
78 133 72
78 134 -20
78 137 36
78 138 55
78 142 -45
78 144 -19
78 149 3
79 0 55
79 1 12
79 2 -76
79 4 -73
79 10 -38
79 11 -20
79 13 27
79 16 20
79 21 64
79 26 -20
79 27 -89
79 29 62
79 30 94
79 33 -28
79 34 97
79 38 -92
79 39 -32
79 41 -43
79 47 65
79 48 3
79 50 100
79 51 -72
79 56 76
79 57 28
79 58 -68
79 59 8
79 60 50
79 61 -38
79 62 -25
79 63 -15
79 66 -93
79 67 -83
79 69 57
79 70 -68
79 73 -1
79 77 63
79 78 9
79 79 -2
79 81 73
79 83 28
79 90 88
79 103 63
79 106 -81
79 107 -39
79 110 94
79 112 -75
79 115 38
79 117 12
79 118 9
79 124 -12
79 125 14
79 127 72
79 129 93
79 130 -44
79 134 -52
79 136 4
79 139 -63
79 141 69
79 142 -40
79 144 -31
79 146 -77
79 149 41
80 1 -66
80 5 -22
80 8 -87
80 9 88
80 15 -20
80 18 -37
80 20 -1
80 21 -87
80 23 -38
80 27 -99
80 30 77
80 32 -44
80 34 -94
80 39 89
80 42 100
80 50 -4
80 55 -7
80 60 -12
80 62 64
80 63 82
80 64 -79
80 66 66
80 68 -85
80 70 22
80 73 90
80 74 21
80 75 17
80 76 -79
80 78 -75
80 83 -19
80 84 -29
80 85 -60
80 87 -76
80 91 -53
80 93 -31
80 95 12
80 96 -8
80 97 50
80 98 26
80 101 -17
80 105 -79
80 106 32
80 109 -46
80 111 -75
80 114 35
80 116 76
80 119 -51
80 123 -61
80 130 -47
80 133 -60
80 137 -20
80 141 44
80 144 -42
80 145 -72
80 146 8
81 3 32
81 4 53
81 5 -25
81 6 97
81 10 6
81 14 20
81 16 -87
81 18 -44
81 26 79
81 28 49
81 29 78
81 34 68
81 35 -25
81 36 78
81 37 -58
81 42 75
81 43 13
81 44 -89
81 46 -52
81 48 -51
81 50 -79
81 51 -10
81 56 78
81 57 -44
81 59 -69
81 63 -18
81 64 7
81 72 83
81 74 -33
81 90 -58
81 91 2
81 92 -43
81 95 -69
81 96 -1
81 99 -82
81 100 -94
81 105 8
81 106 46
81 109 19
81 111 61
81 112 11
81 114 -6
81 115 34
81 118 -89
81 119 -12
81 123 82
81 126 22
81 129 42
81 130 36
81 133 -51
81 134 -63
81 137 -69
81 138 67
81 140 -15
81 142 9
81 145 52
81 147 69
82 1 -38
82 5 -60
82 10 9
82 11 -96
82 12 44
82 13 32
82 18 -39
82 23 61
82 26 -80
82 30 16
82 37 45
82 39 -45
82 40 4
82 50 -53
82 51 -42
82 52 34
82 55 23
82 56 -1
82 58 1
82 61 74
82 62 -46
82 63 95
82 64 72
82 66 91
82 67 -25
82 68 53
82 70 -24
82 71 -52
82 80 -40
82 84 -9
82 86 12
82 87 -22
82 88 -86
82 89 -92
82 90 -72
82 92 -85
82 93 45
82 94 31
82 96 91
82 97 -15
82 99 70
82 101 73
82 102 74
82 103 -15
82 107 80
82 109 -37
82 111 24
82 112 -73
82 123 41
82 127 81
82 128 -7
82 131 35
82 132 -4
82 134 -68
82 136 67
82 138 97
82 142 -4
82 143 -88
82 145 -34
82 147 61
82 148 -1
82 149 13
83 0 4
83 4 82
83 5 78
83 6 86
83 13 29
83 15 -52
83 17 -48
83 19 -94
83 20 86
83 22 34
83 26 -37
83 31 71
83 32 12
83 35 60
83 37 27
83 47 93
83 48 59
83 51 62
83 54 -63
83 57 53
83 60 -58
83 61 -31
83 63 14
83 70 -77
83 73 45
83 77 92
83 78 -25
83 80 40
83 84 85
83 87 61
83 89 84
83 93 3
83 96 52
83 101 -12
83 102 66
83 106 18
83 107 -38
83 113 -75
83 115 -100
83 117 -89
83 119 90
83 123 -3
83 128 -27
83 132 28
83 141 -68
83 144 -45
83 146 -72
83 148 -92
83 149 -34
84 0 -49
84 6 -11
84 14 9
84 18 -86
84 19 58
84 20 54
84 21 31
84 24 -14
84 26 -33
84 35 61
84 38 68
84 39 69
84 41 -80
84 42 -35
84 45 68
84 47 6
84 52 18
84 55 16
84 69 12
84 72 18
84 76 -54
84 81 8
84 83 89
84 87 33
84 89 -13
84 94 3
84 99 4
84 108 2
84 109 -81
84 110 -56
84 111 -68
84 115 -38
84 116 -17
84 117 -61
84 119 -58
84 121 -70
84 122 46
84 124 -59
84 125 -70
84 128 -33
84 137 50
84 138 -20
84 139 -53
84 148 -36
85 2 89
85 4 99
85 5 41
85 7 29
85 8 95
85 11 -46
85 14 69
85 18 -47
85 19 57
85 22 -37
85 27 -38
85 28 -8
85 30 90
85 33 69
85 36 96
85 41 90
85 45 30
85 46 -18
85 47 -10
85 48 -14
85 49 17
85 51 -21
85 53 -15
85 54 -23
85 57 -92
85 59 34
85 61 76
85 65 -17
85 66 -87
85 72 -10
85 75 84
85 76 36
85 77 -89
85 78 26
85 79 -76
85 83 -13
85 85 86
85 87 96
85 89 1
85 90 83
85 95 42
85 96 -81
85 100 69
85 102 -71
85 104 -58
85 106 -74
85 108 -35
85 109 -18
85 114 -80
85 119 98
85 122 -67
85 124 -43
85 125 -83
85 126 53
85 127 -73
85 131 -3
85 136 63
85 138 -9
85 144 -97
85 145 13
85 147 -73
86 3 61
86 4 81
86 7 87
86 14 -82
86 15 42
86 17 27
86 20 -66
86 24 -77
86 30 77
86 35 -13
86 38 -43
86 43 76
86 46 11
86 47 25
86 53 -24
86 54 14
86 56 -45
86 58 -71
86 59 -33
86 60 -73
86 62 -54
86 63 -8
86 66 32
86 69 38
86 70 69
86 78 -10
86 82 -65
86 84 -16
86 86 51
86 92 -60
86 93 49
86 94 -84
86 95 -23
86 97 62
86 98 -13
86 101 49
86 103 -12
86 104 96
86 106 -64
86 108 -41
86 111 -96
86 112 5
86 119 -78
86 120 -61
86 123 85
86 131 31
86 132 -92
86 135 36
86 138 -34
86 139 -31
86 145 20
86 146 61
86 148 66
86 149 97
87 0 42
87 1 -11
87 2 -52
87 3 -29
87 4 -51
87 6 87
87 12 -22
87 13 -41
87 14 -97
87 15 -69
87 16 -29
87 21 45
87 22 100
87 29 94
87 30 36
87 35 69
87 37 98
87 38 44
87 41 97
87 45 -83
87 46 79
87 47 38
87 49 -59
87 50 -64
87 52 42
87 54 13
87 55 4
87 57 76
87 59 -43
87 62 -87
87 63 87
87 64 69
87 65 -82
87 66 -24
87 69 -9
87 70 10
87 71 45
87 73 -45
87 85 80
87 96 -62
87 101 81
87 102 41
87 103 -39
87 105 -58
87 106 60
87 107 21
87 109 -2
87 112 2
87 114 -89
87 115 -47
87 116 73
87 118 -6
87 119 -87
87 120 -63
87 126 16
87 131 -38
87 134 20
87 138 -84
87 141 -90
87 142 -70
87 143 100
87 144 81
87 147 -18
87 148 -92
88 1 -91
88 2 63
88 4 -90
88 10 -59
88 11 -91
88 13 -40
88 15 -99
88 20 -61
88 21 56
88 22 70
88 24 26
88 25 24
88 26 95
88 27 68
88 28 99
88 29 87
88 31 86
88 36 -3
88 42 79
88 47 -52
88 49 12
88 50 62
88 52 -68
88 54 94
88 58 1
88 61 92
88 62 64
88 63 -63
88 69 94
88 70 -93
88 72 -59
88 74 -95
88 75 3
88 79 -16
88 80 74
88 83 -99
88 86 -62
88 90 30
88 91 100
88 92 56
88 93 72
88 96 -88
88 100 -92
88 101 -76
88 105 40
88 106 94
88 107 -42
88 108 -40
88 110 -82
88 111 2
88 120 67
88 121 97
88 124 -61
88 126 -77
88 127 100
88 129 -54
88 130 20
88 134 99
88 135 -37
88 138 50
88 146 -46
88 147 -66
88 149 80
89 1 48
89 2 -95
89 4 15
89 7 -55
89 8 -12
89 16 -43
89 17 1
89 21 27
89 22 -100
89 24 -95
89 25 100
89 27 -78
89 29 -19
89 32 13
89 35 -54
89 36 -95
89 37 -1
89 38 -26
89 40 2
89 41 9
89 42 -47
89 45 63
89 46 -52
89 47 20
89 50 -36
89 51 -69
89 56 86
89 58 67
89 60 46
89 63 -16
89 66 -46
89 67 -22
89 71 -1
89 73 -66
89 74 -16
89 78 -44
89 81 32
89 83 -86
89 89 -33
89 92 -53
89 96 4
89 101 67
89 102 55
89 104 -84
89 110 5
89 111 -75
89 112 -12
89 114 -29
89 117 -47
89 119 37
89 122 26
89 125 -80
89 128 -53
89 129 -44
89 130 -30
89 131 -81
89 133 -3
89 136 -95
89 140 68
89 142 -53
89 145 -74
89 146 94
89 148 -87
89 149 35
90 1 -50
90 2 43
90 4 25
90 5 97
90 9 -62
90 13 -66
90 19 -1
90 21 64
90 22 93
90 23 79
90 30 26
90 34 -10
90 36 -22
90 38 18
90 39 -64
90 43 39
90 45 -25
90 46 -87
90 50 36
90 51 55
90 52 -44
90 53 62
90 54 60
90 57 13
90 60 -18
90 61 -68
90 67 24
90 68 -15
90 69 45
90 75 -85
90 79 6
90 80 -74
90 84 -55
90 88 -26
90 90 -54
90 91 -17
90 96 49
90 101 80
90 102 -57
90 104 -82
90 105 -50
90 106 44
90 112 -42
90 124 -6
90 125 -69
90 127 88
90 130 -80
90 133 2
90 134 -86
90 135 -13
90 137 4
90 138 -18
90 141 -23
90 148 13
90 149 -31
91 2 -51
91 10 91
91 12 -77
91 16 -62
91 17 -77
91 20 -96
91 22 25
91 27 -74
91 32 -32
91 33 -22
91 35 -46
91 38 -36
91 39 61
91 40 25
91 43 51
91 44 94
91 45 67
91 49 93
91 53 69
91 56 67
91 57 -39
91 58 37
91 59 28
91 62 -3
91 65 -77
91 67 -92
91 69 -38
91 72 -82
91 79 -62
91 84 -42
91 85 -51
91 86 69
91 88 28
91 89 -49
91 90 23
91 91 18
91 96 81
91 97 28
91 100 -69
91 102 -13
91 103 -60
91 111 -9
91 116 -21
91 118 -32
91 121 38
91 125 75
91 128 -1
91 129 -63
91 132 43
91 133 6
91 134 -15
91 141 29
91 142 85
91 144 -96
91 146 -45
91 148 -55
91 149 -100
92 0 95
92 2 -23
92 10 -56
92 13 -13
92 14 89
92 15 87
92 17 -35
92 19 -14
92 20 93
92 25 35
92 30 29
92 31 -12
92 34 -45
92 40 90
92 42 -16
92 43 -78
92 45 32
92 46 -57
92 47 -11
92 61 -69
92 62 -19
92 64 -64
92 67 80
92 69 55
92 70 54
92 72 99
92 73 -83
92 75 65
92 79 -56
92 80 94
92 82 -46
92 84 44
92 85 40
92 86 79
92 97 -3
92 98 42
92 102 -13
92 104 76
92 109 -11
92 112 -46
92 117 3
92 123 48
92 125 -30
92 129 24
92 130 -21
92 133 -14
92 136 15
92 137 91
92 139 46
92 140 -41
92 141 82
92 142 67
92 143 -37
92 146 45
93 3 -26
93 6 -60
93 7 -29
93 12 98
93 13 -32
93 14 26
93 15 23
93 17 98
93 20 72
93 23 -30
93 25 -52
93 26 -5
93 28 -72
93 33 30
93 35 51
93 46 -90
93 56 92
93 58 47
93 59 -53
93 63 50
93 64 54
93 66 -96
93 67 -28
93 70 31
93 73 -49
93 74 -42
93 75 53
93 80 -52
93 81 -47
93 83 46
93 89 -43
93 92 -2
93 98 71
93 104 79
93 108 44
93 110 -44
93 111 -60
93 118 19
93 123 -58
93 126 -23
93 129 78
93 132 -83
93 134 1
93 139 43
93 142 99
93 143 10
93 145 89
93 147 48
93 149 -39
94 2 -71
94 3 62
94 5 -25
94 13 31
94 15 6
94 18 -55
94 20 -11
94 21 -22
94 25 -50
94 29 78
94 30 44
94 32 -50
94 33 94
94 35 -85
94 38 -22
94 42 -96
94 44 -21
94 47 77
94 48 -79
94 51 72
94 55 -51
94 56 -37
94 57 2
94 58 89
94 59 69
94 60 -73
94 64 -66
94 66 96
94 67 -44
94 70 91
94 77 -78
94 79 -8
94 85 72
94 87 17
94 92 -95
94 96 92
94 98 61
94 100 -11
94 101 3
94 102 -53
94 106 -87
94 108 59
94 110 1
94 111 -71
94 115 31
94 116 11
94 117 28
94 121 15
94 123 91
94 124 28
94 125 36
94 127 90
94 128 -57
94 129 58
94 132 14
94 135 -56
94 136 75
94 138 -64
94 143 47
94 144 -83
94 149 -27
95 0 34
95 2 72
95 3 -42
95 8 32
95 9 -56
95 11 56
95 16 -14
95 26 -56
95 27 -98
95 31 -66
95 33 -88
95 36 -82
95 37 9
95 41 -92
95 42 -44
95 45 -71
95 48 82
95 50 46
95 52 23
95 53 41
95 54 82
95 55 -91
95 57 77
95 65 56
95 71 -47
95 78 -44
95 82 89
95 85 85
95 87 -1
95 89 -92
95 90 -42
95 92 100
95 93 -65
95 99 -96
95 100 44
95 103 -29
95 105 -23
95 108 25
95 109 8
95 111 97
95 119 -62
95 120 -61
95 121 94
95 122 4
95 123 30
95 124 61
95 127 52
95 134 3
95 136 -42
95 138 25
95 143 -93
95 144 -18
95 145 -70
95 149 96
96 0 82
96 4 53
96 5 -2
96 6 -65
96 8 83
96 10 -69
96 11 -9
96 12 26
96 13 -9
96 14 -23
96 17 -83
96 18 16
96 19 61
96 20 -61
96 21 -24
96 22 -15
96 28 -71
96 30 45
96 31 -63
96 35 -60
96 36 -41
96 38 17
96 40 90
96 44 88
96 47 -40
96 49 -99
96 50 -87
96 57 8
96 60 -41
96 63 -93
96 72 -62
96 74 16
96 76 -89
96 77 93
96 78 -35
96 82 -96
96 85 -65
96 91 -46
96 92 27
96 93 87
96 95 25
96 97 -6
96 100 -19
96 102 -23
96 103 20
96 104 19
96 106 -18
96 108 88
96 110 -89
96 112 -27
96 117 -39
96 119 69
96 127 -86
96 128 38
96 131 76
96 133 83
96 139 -86
96 140 91
96 142 -69
96 143 -8
96 145 100
97 0 55
97 1 -41
97 3 -56
97 4 61
97 8 35
97 9 -69
97 13 92
97 16 22
97 18 26
97 20 -98
97 22 32
97 24 53
97 25 53
97 33 28
97 36 19
97 43 27
97 47 -12
97 49 63
97 50 -35
97 55 83
97 58 75
97 62 -5
97 63 -39
97 64 -49
97 65 -17
97 68 84
97 69 76
97 71 -98
97 72 -72
97 75 98
97 77 -6
97 81 -51
97 87 -70
97 90 55
97 96 -62
97 99 23
97 100 -5
97 102 -69
97 104 -5
97 108 27
97 109 -28
97 113 -92
97 118 -51
97 120 33
97 121 79
97 122 -93
97 123 69
97 128 53
97 130 -9
97 131 16
97 139 48
97 140 27
97 141 -1
97 143 1
97 144 30
97 147 83
98 0 -79
98 2 -16
98 4 -86
98 6 -62
98 13 92
98 15 2
98 16 -40
98 18 -49
98 22 22
98 24 -29
98 27 8
98 29 -25
98 30 -37
98 36 -7
98 37 4
98 43 48
98 45 -24
98 46 -75
98 50 80
98 55 -56
98 56 69
98 59 -26
98 60 -71
98 61 60
98 63 57
98 66 -39
98 67 6
98 68 44
98 70 -68
98 71 -62
98 72 -75
98 75 15
98 82 -81
98 84 66
98 88 19
98 91 9
98 93 68
98 96 15
98 99 -28
98 105 -60
98 106 11
98 107 -89
98 109 -22
98 116 92
98 118 50
98 119 60
98 122 -7
98 124 -63
98 126 63
98 128 52
98 131 -73
98 136 54
98 142 90
98 143 -15
98 148 -2
98 149 23
99 3 -9
99 4 44
99 6 75
99 10 -42
99 14 -1
99 15 -91
99 16 -26
99 21 79
99 22 19
99 25 -95
99 26 80
99 27 -55
99 29 -1
99 31 64
99 35 -63
99 41 -79
99 48 75
99 60 -81
99 64 -97
99 66 12
99 72 -80
99 79 41
99 86 74
99 88 -26
99 89 14
99 90 -38
99 95 -39
99 97 -68
99 99 94
99 104 2
99 105 83
99 106 -28
99 108 6
99 112 82
99 117 -52
99 122 -22
99 124 46
99 127 -14
99 135 12
99 137 -50
99 144 -52
99 149 -27
100 2 55
100 3 49
100 7 -32
100 8 -95
100 11 -38
100 17 -85
100 18 9
100 20 24
100 24 -45
100 25 -100
100 31 -5
100 33 63
100 34 1
100 42 -36
100 43 92
100 47 90
100 52 -77
100 54 13
100 59 -63
100 60 49
100 62 49
100 66 -52
100 73 75
100 74 77
100 75 18
100 78 41
100 82 -51
100 83 -45
100 84 43
100 89 8
100 90 -62
100 92 55
100 99 14
100 101 41
100 107 12
100 109 92
100 111 -48
100 114 94
100 116 76
100 117 -45
100 118 -10
100 122 -92
100 135 53
100 136 46
100 137 -1
100 140 -19
100 148 -41
100 149 -53
101 0 -72
101 2 4
101 3 -32
101 5 12
101 6 -38
101 12 5
101 13 22
101 17 -84
101 20 -81
101 21 29
101 22 -53
101 24 71
101 33 83
101 35 -53
101 39 -76
101 40 -99
101 41 -54
101 42 -95
101 48 -61
101 57 87
101 58 -37
101 59 97
101 63 -82
101 65 30
101 68 -29
101 70 65
101 75 67
101 79 61
101 80 41
101 83 5
101 87 -29
101 91 99
101 93 29
101 96 9
101 103 -68
101 106 53
101 108 32
101 109 85
101 110 58
101 111 35
101 112 -71
101 116 -99
101 117 87
101 118 66
101 122 92
101 125 43
101 126 32
101 128 57
101 129 -98
101 133 -70
101 135 16
101 142 13
101 144 -18
101 147 -1
101 148 45
102 2 -95
102 3 -53
102 5 46
102 11 24
102 14 19
102 17 4
102 19 52
102 22 -48
102 23 55
102 31 -34
102 34 81
102 41 5
102 46 4
102 47 -70
102 49 -22
102 54 -36
102 56 -20
102 67 90
102 75 62
102 77 -38
102 78 -37
102 79 -98
102 80 61
102 81 -89
102 86 53
102 90 2
102 91 -38
102 94 -56
102 103 18
102 109 -20
102 111 -29
102 116 -12
102 117 -100
102 119 67
102 122 79
102 124 66
102 126 73
102 130 -50
102 134 11
102 139 18
102 140 -24
102 143 -87
102 145 -81
103 0 76
103 3 60
103 5 -59
103 10 73
103 11 29
103 17 -75
103 18 -59
103 22 14
103 23 76
103 28 -84
103 31 -61
103 36 -79
103 37 43
103 39 80
103 40 -45
103 41 -21
103 43 -73
103 45 28
103 48 -96
103 49 9
103 51 -96
103 55 -52
103 57 -5
103 61 22
103 63 -88
103 65 76
103 66 -23
103 74 -69
103 75 47
103 78 -7
103 80 15
103 81 51
103 85 -90
103 87 28
103 91 40
103 99 -19
103 100 99
103 102 22
103 110 80
103 112 40
103 113 32
103 115 -58
103 116 81
103 117 -1
103 121 90
103 124 22
103 127 -77
103 128 -78
103 130 98
103 131 -61
103 132 20
103 133 -50
103 144 -91
103 145 -18
104 0 9
104 2 -85
104 11 -17
104 13 93
104 15 86
104 17 -73
104 22 74
104 23 15
104 24 26
104 29 5
104 31 -15
104 35 95
104 37 90
104 38 -66
104 40 -42
104 43 -57
104 47 -53
104 49 73
104 51 25
104 55 -12
104 58 27
104 59 71
104 67 36
104 72 93
104 78 -12
104 79 -57
104 82 28
104 83 7
104 87 61
104 88 -10
104 89 -72
104 90 -74
104 96 -27
104 97 -61
104 100 4
104 102 -57
104 105 -6
104 108 2
104 109 -61
104 111 100
104 115 14
104 119 72
104 120 -54
104 124 61
104 125 38
104 128 -28
104 129 -69
104 138 64
104 139 87
104 140 98
104 142 -91
104 145 -29
105 2 -51
105 7 78
105 9 17
105 12 33
105 14 100
105 16 -7
105 17 -46
105 19 19
105 23 -57
105 25 2
105 34 -42
105 37 61
105 44 37
105 46 -93
105 48 38
105 53 -6
105 63 19
105 66 -26
105 67 7
105 68 -37
105 75 80
105 79 -28
105 82 58
105 87 77
105 88 -75
105 93 -85
105 98 57
105 99 12
105 100 4
105 102 -38
105 105 49
105 109 -61
105 111 -65
105 114 -71
105 116 70
105 118 81
105 125 -31
105 132 98
105 133 -35
105 135 49
105 137 69
105 141 39
105 142 -13
105 147 -79
105 148 55
106 0 -48
106 3 5
106 5 -98
106 6 33
106 7 -68
106 9 18
106 12 100
106 13 55
106 20 -98
106 21 -22
106 22 -91
106 23 -70
106 25 -87
106 31 32
106 35 85
106 36 -78
106 38 93
106 49 77
106 51 31
106 54 57
106 55 -43
106 56 -65
106 60 -60
106 61 -96
106 63 -86
106 64 95
106 66 -46
106 67 -48
106 80 -86
106 81 5
106 82 -76
106 86 14
106 87 -1
106 89 96
106 95 -9
106 99 -56
106 105 -87
106 107 80
106 109 58
106 110 76
106 111 -79
106 115 -94
106 117 94
106 119 -51
106 123 100
106 124 32
106 125 -14
106 126 45
106 127 66
106 130 -38
106 132 -65
106 133 78
106 141 26
106 146 -20
107 0 50
107 5 56
107 6 18
107 11 67
107 12 -21
107 13 -3
107 15 -24
107 16 30
107 17 -13
107 21 -6
107 27 55
107 31 -92
107 34 -100
107 38 -11
107 40 -24
107 44 -40
107 47 -81
107 48 2
107 49 -37
107 55 -50
107 56 27
107 59 83
107 60 -24
107 61 -57
107 67 -36
107 70 -6
107 71 87
107 72 -93
107 75 -32
107 76 -72
107 78 61
107 82 20
107 83 -73
107 85 -80
107 87 9
107 88 -19
107 89 -6
107 93 -69
107 98 -88
107 105 -3
107 107 -22
107 108 -97
107 112 -30
107 120 32
107 121 -35
107 123 -3
107 128 27
107 134 99
107 137 89
107 139 -1
107 141 -20
107 142 -22
107 143 95
108 3 56
108 6 -84
108 7 -6
108 9 -14
108 13 -89
108 20 51
108 23 75
108 24 -19
108 28 99
108 33 -17
108 40 50
108 46 -81
108 51 -34
108 52 44
108 54 3
108 56 18
108 60 -67
108 61 -50
108 62 -11
108 68 63
108 70 -28
108 76 -100
108 80 -57
108 83 65
108 87 67
108 91 -68
108 97 -61
108 100 76
108 101 -71
108 107 -95
108 108 71
108 113 -74
108 118 34
108 119 -84
108 120 68
108 122 4
108 125 48
108 126 5
108 127 97
108 130 -18
108 134 -65
108 136 -69
108 139 -24
108 141 -48
108 142 -28
108 143 4
108 145 45
108 147 67
108 148 12
109 2 -62
109 10 39
109 13 37
109 14 97
109 15 72
109 19 91
109 20 -33
109 22 43
109 27 -44
109 28 -21
109 31 -2
109 38 32
109 40 80
109 41 47
109 44 69
109 50 36
109 52 40
109 53 -32
109 59 -95
109 61 84
109 62 -67
109 63 11
109 70 -82
109 71 -19
109 72 -55
109 74 -33
109 75 55
109 77 -44
109 85 -65
109 86 -49
109 92 84
109 93 18
109 100 -88
109 101 47
109 107 -94
109 113 -55
109 115 57
109 116 78
109 119 -34
109 130 17
109 132 -60
109 135 47
109 138 48
109 139 14
109 144 -84
109 146 -34
109 149 1
110 3 28
110 9 -10
110 12 -32
110 13 77
110 15 -5
110 18 68
110 19 -89
110 20 47
110 34 25
110 38 -9
110 39 85
110 52 76
110 62 42
110 63 -22
110 65 -61
110 66 22
110 72 67
110 78 -15
110 81 -67
110 83 58
110 86 14
110 89 -100
110 91 39
110 93 -80
110 96 -21
110 97 -90
110 99 98
110 105 -89
110 107 90
110 111 -14
110 112 70
110 113 -38
110 118 -16
110 119 -22
110 120 85
110 121 -44
110 125 38
110 127 54
110 132 86
110 133 23
110 135 100
110 138 87
110 147 36
111 4 -53
111 5 -84
111 6 49
111 7 -5
111 8 -18
111 11 41
111 12 -72
111 16 -34
111 18 54
111 20 11
111 32 -42
111 34 100
111 36 -88
111 38 30
111 40 99
111 42 -15
111 43 33
111 44 -66
111 45 -71
111 47 -63
111 48 30
111 50 72
111 51 -41
111 56 -19
111 61 -40
111 65 35
111 66 80
111 70 42
111 71 -80
111 75 -80
111 81 -39
111 87 -4
111 89 -1
111 93 -88
111 94 -53
111 95 -81
111 101 64
111 102 91
111 106 97
111 108 -43
111 109 15
111 112 -95
111 113 -59
111 115 95
111 116 4
111 120 -39
111 126 -86
111 127 -41
111 132 64
111 133 -69
111 134 63
111 143 -3
111 145 -67
111 147 80
112 3 51
112 10 -71
112 12 71
112 13 5
112 14 33
112 16 -54
112 21 -14
112 25 58
112 27 90
112 28 11
112 34 52
112 35 -99
112 40 16
112 45 -88
112 46 -61
112 49 73
112 50 32
112 53 -81
112 58 86
112 62 80
112 65 30
112 66 -76
112 74 -65
112 75 -10
112 76 -75
112 78 52
112 80 -90
112 84 -84
112 88 -1
112 94 -49
112 99 27
112 101 -97
112 104 4
112 105 29
112 112 84
112 113 -13
112 120 30
112 123 55
112 124 34
112 127 1
112 133 -91
112 135 -79
112 141 -40
112 142 -98
112 143 -2
112 146 97
112 149 48
113 2 96
113 5 49
113 12 -86
113 14 29
113 23 -96
113 25 -71
113 33 -29
113 35 24
113 36 89
113 38 -11
113 39 -14
113 43 12
113 44 24
113 45 74
113 53 -56
113 54 -95
113 55 15
113 59 56
113 63 62
113 66 29
113 76 65
113 77 -22
113 78 -54
113 82 97
113 83 87
113 85 4
113 86 -46
113 90 -15
113 91 -27
113 94 -95
113 95 38
113 99 87
113 103 41
113 104 -61
113 106 -56
113 108 -79
113 109 -92
113 112 11
113 113 -28
113 114 -46
113 118 22
113 120 -26
113 123 -61
113 125 -87
113 127 58
113 128 56
113 130 -70
113 134 74
113 135 -5
113 138 21
113 140 -36
113 145 -15
113 146 -64
113 149 2
114 0 34
114 3 46
114 5 -27
114 6 26
114 7 -12
114 8 -17
114 11 -98
114 19 84
114 21 -6
114 22 74
114 33 -52
114 49 75
114 52 20
114 59 88
114 69 84
114 71 -95
114 72 49
114 74 73
114 79 -22
114 85 -38
114 88 15
114 90 -74
114 91 100
114 92 94
114 93 36
114 94 85
114 96 97
114 97 55
114 99 97
114 100 67
114 101 -72
114 104 -64
114 107 39
114 111 -20
114 112 35
114 116 27
114 119 44
114 126 -79
114 127 -23
114 134 22
114 138 -1
114 140 -82
114 142 41
114 143 94
114 144 -49
114 145 -82
114 146 -66
115 2 -8
115 5 38
115 6 40
115 8 -52
115 12 28
115 16 -56
115 18 -85
115 21 -82
115 22 18
115 25 72
115 31 30
115 34 77
115 36 -67
115 42 55
115 44 75
115 45 57
115 52 57
115 56 -49
115 59 -27
115 61 31
115 64 25
115 77 -56
115 79 11
115 86 47
115 90 -61
115 92 91
115 94 -49
115 101 -29
115 105 -83
115 107 78
115 108 -67
115 109 -26
115 114 -48
115 117 96
115 120 -93
115 121 73
115 122 -79
115 125 39
115 137 63
115 142 62
115 143 6
115 145 70
115 147 66
115 148 -45
115 149 73
116 4 20
116 5 -62
116 7 -65
116 9 17
116 10 70
116 12 72
116 14 20
116 15 67
116 17 -42
116 18 48
116 19 61
116 23 89
116 31 -48
116 34 -80
116 36 66
116 40 -67
116 42 -17
116 44 -35
116 52 -23
116 55 -43
116 60 -17
116 61 -30
116 63 -66
116 64 10
116 67 -67
116 68 -33
116 69 14
116 70 -11
116 73 -84
116 77 12
116 83 -28
116 88 3
116 89 -40
116 91 55
116 95 65
116 97 79
116 98 25
116 100 -59
116 101 -49
116 102 -31
116 106 60
116 107 -97
116 111 -55
116 114 57
116 115 -72
116 118 -72
116 120 -46
116 121 -54
116 125 -47
116 126 -18
116 128 51
116 136 70
116 139 -16
116 142 -7
116 148 99
116 149 -46
117 6 -57
117 10 -72
117 12 35
117 13 -68
117 19 -10
117 21 -30
117 23 -93
117 24 4
117 31 57
117 33 -31
117 35 85
117 39 -53
117 43 92
117 47 -6
117 48 -48
117 51 -11
117 53 45
117 57 -8
117 58 -76
117 59 48
117 60 4
117 61 74
117 65 -92
117 66 90
117 67 -59
117 68 -87
117 69 23
117 71 -3
117 77 -94
117 78 13
117 79 -79
117 84 -12
117 85 31
117 88 -41
117 89 -16
117 98 98
117 102 -72
117 105 -7
117 107 20
117 108 -79
117 110 -16
117 115 -93
117 119 -11
117 121 -63
117 123 -98
117 124 -5
117 125 37
117 127 11
117 134 10
117 135 99
117 139 -91
117 140 -92
117 144 17
117 145 -7
118 2 -42
118 3 45
118 5 -81
118 8 -34
118 10 -9
118 14 -92
118 19 -98
118 20 -62
118 21 69
118 24 60
118 29 -31
118 33 -33
118 36 31
118 38 60
118 44 -34
118 45 30
118 47 23
118 49 -35
118 50 -40
118 52 8
118 53 -90
118 57 64
118 59 28
118 65 81
118 67 -30
118 72 17
118 78 -49
118 82 -94
118 84 29
118 87 64
118 93 95
118 98 -96
118 107 -65
118 108 93
118 111 -2
118 113 44
118 114 -15
118 116 42
118 119 59
118 122 -49
118 123 -99
118 124 52
118 133 -12
118 134 61
118 139 -37
118 140 22
118 143 -37
118 148 64
119 0 -55
119 3 -6
119 12 -30
119 16 -47
119 22 -5
119 27 97
119 31 64
119 33 -99
119 36 5
119 37 -76
119 38 69
119 39 76
119 41 4
119 44 72
119 47 10
119 48 -9
119 50 100
119 51 12
119 53 -86
119 56 4
119 63 -6
119 65 42
119 66 6
119 72 -50
119 75 49
119 76 -32
119 78 -84
119 81 -50
119 82 50
119 83 76
119 89 19
119 92 -48
119 94 45
119 97 -18
119 98 -16
119 99 -10
119 100 -10
119 101 41
119 105 20
119 106 17
119 114 78
119 115 95
119 117 -23
119 131 43
119 132 -39
119 136 -27
119 140 45
119 143 3
119 146 -92
120 0 -96
120 5 -8
120 7 37
120 9 1
120 11 -67
120 12 -24
120 14 -8
120 15 -63
120 16 -27
120 18 56
120 21 -7
120 26 41
120 28 22
120 29 67
120 32 -19
120 33 8
120 35 -65
120 40 -98
120 47 30
120 50 -63
120 56 21
120 61 8
120 63 46
120 65 -78
120 67 -75
120 69 -79
120 70 -68
120 72 -88
120 74 -39
120 75 -70
120 78 -36
120 90 44
120 91 52
120 92 -54
120 93 -43
120 97 36
120 100 86
120 102 -25
120 104 1
120 106 9
120 120 -31
120 124 66
120 128 -11
120 131 18
120 132 -45
120 133 37
120 134 -35
120 136 -76
120 137 -70
120 138 14
120 142 91
120 148 40
121 1 27
121 4 28
121 5 72
121 6 6
121 7 -8
121 10 -77
121 11 8
121 17 28
121 18 -5
121 19 -13
121 22 46
121 24 -75
121 26 -96
121 29 52
121 34 -73
121 35 -88
121 42 -3
121 52 26
121 66 -88
121 69 35
121 77 -35
121 81 1
121 83 74
121 85 90
121 87 -14
121 90 64
121 91 90
121 98 -88
121 99 90
121 101 -47
121 103 -90
121 104 94
121 106 61
121 111 77
121 120 55
121 121 -83
121 125 58
121 127 92
121 130 45
121 132 -69
121 133 68
121 140 -50
121 142 18
121 144 -58
121 147 42
121 149 58
122 1 2
122 2 -11
122 9 56
122 14 -50
122 19 -20
122 20 6
122 22 -48
122 23 38
122 24 99
122 25 -53
122 27 82
122 28 -28
122 29 -49
122 36 17
122 38 76
122 40 -67
122 42 90
122 55 -94
122 59 4
122 64 55
122 71 -34
122 72 14
122 74 -78
122 81 93
122 82 -94
122 86 -21
122 95 -65
122 97 70
122 103 48
122 104 -45
122 105 -77
122 109 -78
122 111 -44
122 115 -82
122 120 -24
122 125 -65
122 126 76
122 128 -48
122 132 86
122 134 41
122 136 -5
122 138 96
122 142 99
122 144 -63
122 147 99
122 148 7
122 149 62
123 2 -74
123 7 99
123 8 -66
123 10 93
123 12 -74
123 14 82
123 15 78
123 17 -47
123 21 43
123 22 40
123 30 -42
123 32 93
123 34 -98
123 37 -72
123 42 8
123 44 47
123 46 -99
123 47 94
123 51 9
123 56 -38
123 57 50
123 58 30
123 59 60
123 61 -8
123 63 22
123 65 -9
123 68 10
123 70 -14
123 71 69
123 75 -79
123 78 4
123 80 -6
123 87 -90
123 92 48
123 93 8
123 96 12
123 101 -68
123 102 -55
123 103 63
123 105 15
123 112 86
123 113 -3
123 114 4
123 117 -40
123 118 44
123 121 25
123 122 -33
123 124 -81
123 127 -85
123 134 96
123 136 7
123 137 -65
123 139 -24
123 143 -32
123 149 -17
124 0 -55
124 1 14
124 2 77
124 3 -10
124 4 -89
124 7 95
124 9 -97
124 10 11
124 11 70
124 12 71
124 16 -44
124 18 -89
124 21 -39
124 22 5
124 25 -44
124 26 -17
124 27 74
124 32 46
124 35 33
124 37 -7
124 40 40
124 43 4
124 46 23
124 51 50
124 52 -5
124 54 -39
124 60 -79
124 62 70
124 64 13
124 65 43
124 66 -87
124 69 87
124 72 28
124 74 50
124 80 -3
124 81 -51
124 82 -22
124 83 -81
124 85 78
124 88 2
124 98 -68
124 101 -43
124 104 97
124 106 -9
124 113 24
124 114 -97
124 115 58
124 117 -56
124 122 -32
124 125 -79
124 128 -58
124 131 94
124 134 41
124 136 -70
124 138 -44
124 139 97
124 142 -60
124 145 85
124 146 58
124 149 -82
125 0 -28
125 12 -58
125 13 -24
125 14 90
125 16 -80
125 17 -31
125 23 50
125 25 74
125 30 -6
125 32 -7
125 33 43
125 36 23
125 39 74
125 40 -43
125 41 51
125 42 -21
125 45 -56
125 47 56
125 55 -28
125 57 -17
125 58 71
125 62 4
125 70 79
125 71 -14
125 74 93
125 75 85
125 76 -25
125 77 93
125 80 74
125 82 62
125 83 25
125 87 90
125 88 -14
125 89 53
125 90 26
125 93 86
125 94 14
125 97 13
125 101 -63
125 102 -2
125 104 -89
125 109 54
125 111 -13
125 112 -88
125 117 68
125 118 -24
125 120 80
125 122 -45
125 123 -53
125 124 -91
125 125 -23
125 132 -46
125 135 39
125 139 -19
125 140 24
125 141 -33
125 144 -24
125 146 -23
125 147 48
125 148 -93
126 7 -97
126 9 77
126 10 -67
126 14 -80
126 16 -64
126 19 77
126 20 16
126 23 -82
126 25 98
126 26 -58
126 28 -75
126 30 17
126 31 6
126 33 40
126 34 -8
126 35 -34
126 37 -57
126 45 58
126 48 36
126 49 32
126 56 4
126 57 35
126 62 41
126 63 -89
126 64 38
126 65 59
126 68 22
126 69 -99
126 71 96
126 75 -77
126 83 -21
126 84 93
126 85 49
126 90 -30
126 93 85
126 94 -25
126 96 86
126 97 68
126 103 -21
126 106 41
126 113 100
126 114 100
126 118 28
126 119 -33
126 120 20
126 121 33
126 126 96
126 127 -12
126 128 34
126 130 47
126 131 -90
126 143 -18
126 146 -93
126 149 -34
127 4 97
127 6 62
127 7 3
127 11 25
127 12 -24
127 13 11
127 15 -15
127 17 -17
127 19 95
127 20 -19
127 24 -3
127 30 -34
127 34 78
127 38 -74
127 42 88
127 46 97
127 49 -94
127 50 -81
127 53 -98
127 56 68
127 57 -85
127 58 -23
127 62 -18
127 65 -83
127 69 -49
127 71 58
127 72 21
127 73 -39
127 74 84
127 76 -82
127 78 -36
127 79 16
127 82 -82
127 85 43
127 88 -23
127 89 -61
127 90 25
127 93 66
127 94 38
127 95 100
127 102 71
127 103 88
127 104 44
127 109 86
127 111 34
127 112 -35
127 119 86
127 121 43
127 124 28
127 126 -19
127 127 80
127 134 46
127 136 -56
127 137 -16
127 139 -48
127 140 6
127 142 -11
127 143 -78
127 146 28
127 147 -76
128 0 -70
128 2 55
128 7 24
128 9 61
128 11 -76
128 13 -45
128 14 -54
128 17 -30
128 19 23
128 23 2
128 24 -16
128 27 -77
128 29 -25
128 30 -100
128 31 60
128 32 -14
128 34 -93
128 40 84
128 48 61
128 49 50
128 52 -99
128 55 93
128 56 44
128 57 -25
128 58 95
128 63 -4
128 70 43
128 71 15
128 77 -47
128 82 -46
128 86 54
128 88 75
128 89 33
128 95 -44
128 98 -30
128 101 -95
128 103 42
128 105 74
128 107 -25
128 108 95
128 114 -64
128 115 -80
128 117 -78
128 118 -68
128 119 -10
128 120 -43
128 122 63
128 123 -27
128 126 19
128 128 59
128 138 10
128 140 42
128 142 86
128 143 7
128 148 5
128 149 -46
129 2 32
129 3 9
129 7 -28
129 8 -52
129 11 90
129 13 -69
129 15 43
129 16 48
129 19 30
129 27 -10
129 28 -15
129 33 -67
129 35 -5
129 39 -46
129 42 45
129 43 17
129 45 -50
129 47 23
129 49 -86
129 50 -66
129 55 15
129 57 38
129 58 -28
129 59 -42
129 65 58
129 68 69
129 72 90
129 73 -72
129 75 73
129 76 -27
129 77 -25
129 78 82
129 79 93
129 81 88
129 86 85
129 88 -28
129 90 18
129 101 -80
129 102 85
129 103 56
129 104 -10
129 107 97
129 108 -64
129 110 -31
129 112 74
129 113 -93
129 116 13
129 117 -15
129 121 -20
129 122 6
129 123 15
129 128 -46
129 130 43
129 134 96
129 135 90
129 138 -23
129 141 -50
129 142 53
129 144 99
129 147 -64
130 2 41
130 6 -14
130 8 78
130 10 -91
130 11 85
130 17 60
130 18 95
130 19 2
130 22 -1
130 27 -82
130 28 -93
130 34 -95
130 35 75
130 36 57
130 38 77
130 40 -64
130 42 -53
130 44 33
130 46 67
130 48 -13
130 49 74
130 50 -100
130 52 -23
130 56 -84
130 57 -74
130 61 29
130 62 -25
130 64 92
130 65 -95
130 70 -80
130 73 52
130 77 19
130 82 -72
130 85 -91
130 87 -62
130 90 -6
130 91 -46
130 94 84
130 99 25
130 107 -79
130 112 22
130 118 -95
130 120 -95
130 121 -42
130 127 -4
130 131 15
130 133 24
130 139 -20
130 140 -68
130 141 35
130 143 66
130 145 36
130 146 32
131 3 -7
131 4 66
131 7 -30
131 8 34
131 9 -61
131 10 -76
131 11 -93
131 13 -39
131 17 13
131 23 52
131 24 90
131 28 2
131 29 7
131 30 -53
131 32 22
131 33 30
131 35 -54
131 36 -76
131 37 21
131 46 4
131 47 -32
131 49 -86
131 54 -87
131 65 37
131 71 50
131 74 -28
131 75 13
131 79 -50
131 82 61
131 84 -87
131 90 67
131 96 -74
131 97 15
131 100 71
131 102 52
131 109 26
131 110 93
131 112 46
131 115 69
131 121 65
131 124 -7
131 129 49
131 130 7
131 131 -10
131 135 -96
131 139 -30
131 145 -10
131 146 -4
132 0 44
132 4 -34
132 5 -22
132 6 97
132 7 -9
132 12 25
132 15 30
132 16 36
132 21 -5
132 22 -43
132 29 -34
132 30 16
132 31 -100
132 34 -45
132 35 77
132 38 95
132 40 -54
132 45 41
132 46 -61
132 47 31
132 50 -91
132 51 -11
132 52 49
132 54 29
132 55 16
132 57 53
132 61 62
132 62 -67
132 66 -55
132 68 -58
132 69 52
132 70 -43
132 73 79
132 75 29
132 77 -49
132 78 -87
132 81 -71
132 82 -14
132 86 -69
132 87 -8
132 89 59
132 90 -7
132 94 43
132 104 -59
132 105 33
132 108 -10
132 110 -88
132 111 -50
132 112 -28
132 113 -36
132 117 16
132 124 -46
132 126 -33
132 127 61
132 130 -24
132 133 -35
132 137 90
132 141 20
132 149 -95
133 3 43
133 8 -61
133 11 68
133 13 -72
133 15 7
133 16 -98
133 19 52
133 20 98
133 22 -86
133 23 -19
133 25 -32
133 31 49
133 33 51
133 37 -76
133 47 -84
133 55 -73
133 57 -15
133 59 -99
133 63 61
133 69 -30
133 70 -97
133 71 -56
133 73 44
133 75 -50
133 77 -7
133 78 -96
133 79 -21
133 80 -47
133 81 21
133 83 51
133 86 -99
133 89 -33
133 91 -16
133 100 93
133 101 -76
133 103 -39
133 104 87
133 107 -44
133 108 45
133 109 -89
133 110 -50
133 115 37
133 122 43
133 126 40
133 127 3
133 130 -13
133 131 -100
133 132 -60
133 134 -79
133 135 23
133 138 -16
133 147 19
134 6 -98
134 8 40
134 10 88
134 11 4
134 14 23
134 15 -90
134 23 -44
134 32 94
134 36 -24
134 38 19
134 41 -40
134 42 1
134 43 4
134 44 27
134 45 -53
134 47 -22
134 49 43
134 50 20
134 51 -72
134 54 25
134 55 73
134 60 -34
134 65 -1
134 68 -85
134 70 87
134 71 79
134 72 85
134 78 42
134 79 74
134 85 -18
134 89 -66
134 93 89
134 97 -55
134 100 35
134 103 -92
134 117 -32
134 118 -65
134 119 -39
134 120 23
134 127 -27
134 128 -27
134 129 -8
134 131 -55
134 132 5
134 133 34
134 139 -40
134 147 -12
134 149 84
135 0 -88
135 1 -51
135 8 -77
135 13 -3
135 14 81
135 21 91
135 25 42
135 26 88
135 28 -76
135 30 70
135 32 23
135 37 -36
135 44 99
135 48 -30
135 50 89
135 53 -14
135 54 25
135 56 -33
135 57 -50
135 58 45
135 59 66
135 65 24
135 66 34
135 69 -9
135 71 -6
135 78 -76
135 79 58
135 80 -59
135 82 -94
135 83 -81
135 84 72
135 89 31
135 90 52
135 95 -80
135 97 -42
135 98 28
135 102 -91
135 104 -68
135 105 80
135 106 -23
135 114 45
135 117 -33
135 118 -5
135 119 84
135 120 25
135 125 -20
135 128 -78
135 129 -17
135 130 7
135 131 -85
135 133 95
135 134 -75
135 135 91
135 137 79
135 138 -86
135 144 37
135 145 12
135 148 36
136 0 9
136 1 2
136 3 -17
136 7 -62
136 13 37
136 14 -30
136 17 28
136 21 -67
136 30 -62
136 31 21
136 34 82
136 38 73
136 39 86
136 40 14
136 43 -1
136 46 -24
136 49 -58
136 51 -84
136 53 69
136 54 5
136 69 -47
136 72 20
136 79 -3
136 81 68
136 82 -35
136 83 23
136 86 77
136 88 93
136 90 -75
136 92 -74
136 94 -54
136 97 -82
136 98 51
136 102 -33
136 103 62
136 104 81
136 106 -79
136 107 -35
136 108 43
136 115 -27
136 116 -54
136 117 -58
136 119 -57
136 126 -58
136 133 77
136 135 -12
136 141 -19
136 148 69
136 149 6
137 5 21
137 7 -99
137 9 -2
137 10 -88
137 12 72
137 15 -44
137 21 88
137 25 71
137 26 -76
137 27 39
137 28 1
137 34 52
137 35 -37
137 37 -59
137 41 -37
137 51 -83
137 52 -90
137 57 -2
137 59 -19
137 60 -92
137 63 -29
137 65 -17
137 66 90
137 67 61
137 74 -95
137 75 -96
137 77 87
137 80 -9
137 81 -16
137 85 -21
137 86 61
137 87 66
137 93 89
137 94 15
137 97 53
137 98 73
137 101 -100
137 102 -41
137 107 36
137 109 9
137 112 5
137 113 5
137 115 57
137 118 -59
137 123 97
137 125 -69
137 128 -78
137 130 16
137 132 -45
137 133 55
137 134 21
137 136 -98
137 137 54
137 138 -55
137 140 -22
137 141 -62
137 142 -20
137 145 -21
137 148 26
137 149 -22
138 5 -30
138 6 -11
138 8 -55
138 10 35
138 13 -79
138 16 98
138 29 27
138 32 -12
138 35 92
138 46 35
138 47 -50
138 48 11
138 50 -16
138 51 30
138 56 33
138 59 33
138 60 -74
138 62 -20
138 65 -90
138 68 -68
138 70 18
138 71 -28
138 72 2
138 73 35
138 75 3
138 78 -19
138 80 -61
138 81 -18
138 84 23
138 86 80
138 88 49
138 91 99
138 94 -71
138 104 -27
138 105 -45
138 106 4
138 107 -57
138 108 45
138 111 16
138 113 -31
138 114 -21
138 115 -29
138 117 61
138 118 11
138 123 66
138 125 -23
138 128 8
138 129 -97
138 130 -87
138 135 40
138 137 88
138 139 -52
138 140 -1
138 142 46
138 144 -22
138 145 -64
139 5 94
139 7 47
139 8 99
139 13 57
139 18 -43
139 20 96
139 21 95
139 22 -64
139 31 -96
139 34 -52
139 36 26
139 37 -36
139 38 74
139 39 -61
139 42 26
139 43 -49
139 44 37
139 48 -36
139 49 12
139 53 -95
139 54 100
139 55 4
139 56 84
139 61 67
139 62 6
139 66 79
139 73 89
139 76 -17
139 80 -85
139 81 94
139 84 1
139 86 -55
139 91 1
139 93 7
139 95 -59
139 96 -41
139 99 -52
139 100 3
139 101 31
139 105 -34
139 107 -85
139 110 -30
139 111 -94
139 113 3
139 115 84
139 121 8
139 122 -27
139 125 -67
139 127 -24
139 132 -63
139 134 90
139 135 60
139 136 93
139 138 -46
139 141 -29
139 143 69
139 147 20
139 149 -78
140 1 51
140 4 7
140 10 74
140 11 -68
140 16 70
140 23 57
140 28 39
140 29 -78
140 31 -59
140 33 -5
140 34 20
140 41 -70
140 42 76
140 44 -70
140 48 72
140 49 -2
140 51 97
140 53 98
140 59 97
140 61 62
140 66 -9
140 69 -15
140 70 44
140 72 -77
140 76 -61
140 77 21
140 80 -72
140 85 23
140 89 -48
140 97 16
140 100 68
140 101 84
140 102 -40
140 108 69
140 110 34
140 111 -63
140 113 -72
140 119 -21
140 123 64
140 124 57
140 131 -28
140 132 94
140 133 72
140 136 91
140 137 -5
140 139 -92
140 141 -61
140 144 -88
140 145 73
140 146 -28
140 148 40
140 149 63
141 1 -83
141 3 75
141 4 39
141 5 2
141 9 -5
141 16 -46
141 27 -49
141 28 11
141 31 -79
141 33 -85
141 37 -65
141 41 24
141 42 -79
141 43 -4
141 46 -22
141 57 -59
141 59 -87
141 61 97
141 64 -63
141 68 -17
141 71 63
141 74 41
141 75 -46
141 76 50
141 78 -78
141 80 -89
141 82 -86
141 87 -94
141 88 -29
141 90 61
141 91 92
141 95 -3
141 102 95
141 103 -93
141 104 -62
141 106 -27
141 107 -33
141 111 -76
141 116 22
141 120 -96
141 123 -15
141 127 77
141 131 96
141 132 -3
141 133 -18
141 139 -99
141 140 -73
141 144 54
141 145 -27
141 147 89
142 1 -83
142 5 -25
142 7 -21
142 8 20
142 10 88
142 11 -61
142 14 -49
142 15 91
142 18 71
142 19 -7
142 22 -29
142 28 -85
142 29 60
142 31 -70
142 34 41
142 39 73
142 50 -97
142 52 -39
142 53 20
142 54 -28
142 56 -88
142 60 -3
142 61 -94
142 69 -57
142 71 -19
142 74 9
142 75 81
142 78 -24
142 81 -36
142 83 -33
142 84 -73
142 90 100
142 91 27
142 92 -43
142 96 -20
142 97 39
142 110 90
142 111 45
142 116 18
142 117 94
142 124 -100
142 126 -64
142 129 -50
142 130 92
142 132 -55
142 134 6
142 145 -13
142 146 -69
142 147 -98
143 0 -49
143 1 -98
143 10 55
143 12 84
143 17 -14
143 18 -36
143 22 24
143 23 33
143 28 -42
143 40 89
143 41 -56
143 42 -80
143 45 -72
143 49 -40
143 52 -11
143 54 10
143 59 -63
143 61 45
143 64 -50
143 65 -36
143 71 -81
143 77 -18
143 78 -34
143 80 61
143 84 66
143 85 -61
143 94 -48
143 95 89
143 99 -55
143 100 -82
143 101 -56
143 104 19
143 105 53
143 106 -7
143 107 -16
143 109 -68
143 115 78
143 118 -94
143 122 -91
143 124 16
143 127 76
143 128 34
143 129 -13
143 135 49
143 137 60
143 138 5
143 140 -12
143 142 32
143 145 92
143 146 -83
143 149 -67
144 0 95
144 1 93
144 2 -34
144 3 20
144 7 1
144 8 52
144 10 33
144 11 26
144 19 17
144 20 56
144 24 -39
144 29 63
144 30 97
144 32 -45
144 40 -95
144 42 16
144 47 -92
144 48 -51
144 50 1
144 52 -56
144 53 39
144 55 83
144 59 9
144 61 -71
144 63 -98
144 64 78
144 67 -66
144 71 82
144 72 42
144 73 -80
144 76 87
144 77 49
144 79 21
144 83 -19
144 88 -11
144 89 -47
144 91 -22
144 97 55
144 98 49
144 101 -8
144 104 -85
144 106 -19
144 108 26
144 109 91
144 115 8
144 118 95
144 119 25
144 120 26
144 124 -82
144 130 18
144 131 87
144 132 43
144 133 -50
144 134 92
144 136 -94
144 137 62
144 138 -30
144 141 86
144 145 -13
144 147 72
145 0 58
145 1 40
145 2 -78
145 3 -21
145 7 -4
145 8 91
145 12 -12
145 13 59
145 18 70
145 19 43
145 20 -62
145 21 -21
145 23 -77
145 24 2
145 25 -98
145 27 86
145 32 -7
145 36 -8
145 37 78
145 39 -84
145 40 25
145 45 -38
145 52 33
145 53 -62
145 54 94
145 56 46
145 57 45
145 58 -39
145 60 8
145 63 52
145 67 -98
145 69 -14
145 73 -78
145 77 -30
145 80 11
145 82 -40
145 91 37
145 94 15
145 97 -31
145 98 -63
145 100 -49
145 101 84
145 106 14
145 108 -87
145 112 46
145 113 -83
145 114 69
145 115 47
145 116 -2
145 118 -54
145 120 57
145 122 -10
145 123 -34
145 124 -15
145 125 -2
145 132 49
145 133 -57
145 139 -12
145 143 60
145 144 39
145 145 78
146 0 49
146 3 -53
146 6 5
146 11 -70
146 14 88
146 17 59
146 20 15
146 22 81
146 24 48
146 26 3
146 33 28
146 36 73
146 38 -72
146 40 -97
146 48 13
146 49 -40
146 52 -36
146 53 72
146 54 -50
146 57 59
146 58 -37
146 62 64
146 63 -52
146 64 39
146 66 -55
146 69 33
146 70 82
146 71 -41
146 72 -59
146 73 -90
146 74 -21
146 79 -23
146 80 -68
146 83 100
146 84 -57
146 87 32
146 89 7
146 93 9
146 99 -29
146 101 80
146 107 -43
146 112 17
146 116 -16
146 119 -79
146 120 93
146 127 14
146 129 -55
146 134 -93
146 135 1
146 136 14
146 144 13
146 146 93
147 4 55
147 9 -29
147 10 95
147 11 -93
147 15 -71
147 16 80
147 17 -66
147 18 53
147 23 4
147 24 -47
147 28 -83
147 29 -84
147 33 78
147 35 -89
147 36 28
147 39 -54
147 42 99
147 45 -72
147 46 -28
147 49 41
147 50 16
147 52 -75
147 54 5
147 60 -6
147 61 -50
147 63 -11
147 65 -10
147 70 -24
147 73 -31
147 74 46
147 78 47
147 79 94
147 81 24
147 94 -46
147 95 -25
147 96 -93
147 102 -12
147 110 65
147 115 77
147 117 89
147 120 52
147 122 7
147 125 -52
147 129 -94
147 132 8
147 133 86
147 135 -35
147 138 -87
147 142 -14
147 148 57
148 0 -30
148 1 -44
148 3 78
148 13 98
148 14 9
148 16 -24
148 19 -24
148 23 -49
148 27 99
148 28 -9
148 31 80
148 32 58
148 37 -72
148 40 -46
148 41 -54
148 42 -80
148 44 21
148 49 -15
148 50 -59
148 52 -14
148 57 -49
148 58 26
148 60 -73
148 64 49
148 66 30
148 69 -71
148 70 82
148 83 -68
148 84 30
148 87 -88
148 88 -33
148 92 -68
148 98 -37
148 102 28
148 104 -90
148 106 100
148 111 -75
148 114 19
148 115 -40
148 119 44
148 122 -86
148 124 93
148 125 56
148 126 60
148 128 -24
148 134 -44
148 141 -75
148 143 -25
148 145 -97
148 148 74
148 149 30
149 7 25
149 10 -4
149 14 25
149 15 -49
149 24 -31
149 36 6
149 37 -34
149 38 37
149 39 -35
149 40 -21
149 42 12
149 44 28
149 49 41
149 50 -58
149 57 -40
149 68 18
149 73 -99
149 76 -33
149 78 -12
149 79 63
149 80 18
149 86 66
149 91 -93
149 93 -82
149 99 -53
149 102 -2
149 107 62
149 114 42
149 115 3
149 120 18
149 121 52
149 125 23
149 126 8
149 129 62
149 131 55
149 132 3
149 134 -9
149 137 45
149 138 -96
149 140 57
149 143 44
149 146 -19
149 149 -49