0 1 -88
0 2 90
0 5 -84
0 10 89
0 22 14
0 34 -24
0 36 -31
0 40 2
0 43 -70
0 45 56
0 56 -29
0 61 -42
0 71 -47
0 78 -79
0 83 -91
0 88 90
1 4 -91
1 6 56
1 7 88
1 18 37
1 24 82
1 26 -69
1 27 -5
1 30 -100
1 32 -94
1 35 4
1 52 58
1 53 43
1 60 35
1 61 -92
1 65 73
1 66 -92
1 83 41
1 87 -1
1 92 60
2 20 61
2 22 -5
2 24 48
2 26 -100
2 29 81
2 30 -78
2 34 -27
2 39 30
2 40 -93
2 46 80
2 53 89
2 54 -58
2 64 -52
2 68 -88
2 70 57
2 73 -78
2 79 -19
2 80 -86
2 82 -32
2 87 100
2 91 -4
2 93 44
2 99 67
3 3 39
3 5 -36
3 9 19
3 20 75
3 21 -17
3 24 41
3 35 -20
3 47 78
3 53 2
3 69 32
3 71 86
3 73 -4
3 76 -17
3 77 36
3 89 -17
3 92 67
3 99 -84
4 1 22
4 4 -8
4 5 17
4 7 49
4 13 67
4 14 16
4 17 -74
4 20 -91
4 31 2
4 32 27
4 35 -63
4 40 -11
4 41 -74
4 44 75
4 51 -3
4 54 69
4 60 -68
4 61 -12
4 66 -44
4 76 51
4 80 -97
4 82 35
4 84 -20
4 97 -77
5 6 -19
5 11 -85
5 17 -55
5 19 -77
5 36 57
5 67 54
5 73 -75
5 74 52
5 86 8
5 87 30
6 10 29
6 12 -92
6 19 96
6 24 70
6 26 68
6 30 -72
6 36 -56
6 49 -99
6 52 -94
6 69 75
6 75 -55
6 77 34
6 86 -53
6 88 71
6 93 -10
6 97 -35
7 1 100
7 3 83
7 6 -47
7 10 -2
7 12 65
7 13 99
7 26 -84
7 32 99
7 37 -47
7 38 -38
7 41 85
7 51 56
7 54 -59
7 65 89
7 68 -78
7 75 -20
7 77 -64
7 81 31
7 90 -71
7 93 -56
7 94 9
7 96 53
8 3 20
8 6 -59
8 8 -53
8 9 60
8 10 85
8 15 86
8 22 1
8 23 -92
8 27 -69
8 32 -31
8 38 -67
8 47 18
8 57 -15
8 65 -46
8 76 -82
8 83 -31
8 85 -24
8 86 15
8 88 73
8 92 65
8 97 -27
9 0 -4
9 3 -16
9 18 40
9 25 -43
9 30 8
9 31 20
9 37 2
9 45 -33
9 50 -98
9 53 90
9 60 -23
9 65 -56
9 68 -27
9 71 -28
9 73 42
9 75 -64
9 77 2
9 81 81
9 82 8
9 94 57
10 4 -90
10 25 -83
10 31 -56
10 34 -22
10 36 -98
10 45 -49
10 52 -2
10 61 82
10 67 -50
10 68 -38
10 74 -70
10 75 -94
10 83 -18
10 88 46
10 91 57
10 94 67
11 3 -14
11 13 37
11 16 42
11 22 40
11 24 -56
11 26 -29
11 30 82
11 32 100
11 34 -25
11 36 -45
11 39 -77
11 46 53
11 47 -46
11 51 76
11 56 -30
11 57 -3
11 58 94
11 59 76
11 61 14
11 63 -59
11 66 -37
11 80 -22
11 84 29
11 90 -4
11 94 -71
11 98 -60
12 6 -91
12 7 -72
12 8 15
12 13 61
12 19 4
12 21 33
12 23 16
12 36 51
12 37 -77
12 42 -90
12 46 23
12 47 -61
12 52 -27
12 53 -10
12 64 12
12 70 13
12 74 13
12 76 61
12 83 13
12 86 91
12 87 -23
12 89 5
12 93 70
13 4 -81
13 6 -22
13 12 -41
13 15 100
13 16 55
13 17 -18
13 19 -74
13 40 -77
13 47 -55
13 57 -43
13 62 16
13 63 -3
13 67 -28
13 71 29
13 75 5
13 76 77
13 80 -54
13 84 34
13 85 -58
13 97 -71
14 6 -12
14 8 98
14 9 36
14 14 -38
14 19 47
14 22 -29
14 36 25
14 43 -55
14 47 95
14 48 -63
14 54 -59
14 61 44
14 63 -4
14 67 -55
14 71 32
14 73 1
14 85 62
14 87 89
14 89 -99
14 90 -17
14 94 45
15 3 89
15 5 26
15 9 -94
15 12 -95
15 19 -46
15 32 98
15 35 -92
15 39 -88
15 52 -24
15 57 28
15 66 75
15 75 93
15 79 34
15 80 92
15 85 70
15 89 89
15 93 65
15 94 -77
15 97 -17
16 2 -88
16 3 36
16 8 -81
16 11 -66
16 12 -24
16 20 11
16 22 -50
16 29 76
16 31 -66
16 46 3
16 48 -82
16 54 52
16 59 -35
16 70 -89
16 80 -100
16 82 8
16 83 -50
16 85 -2
16 90 -8
17 11 -31
17 21 -23
17 30 60
17 31 -63
17 33 -33
17 40 -65
17 41 96
17 42 -1
17 47 -72
17 57 -77
17 63 15
17 64 26
17 72 -17
17 77 20
17 83 35
17 85 63
17 95 52
17 99 -22
18 3 -48
18 6 77
18 7 -44
18 10 35
18 14 -40
18 16 2
18 23 -13
18 27 -17
18 28 -41
18 31 39
18 36 41
18 38 -22
18 44 83
18 51 -81
18 52 67
18 55 83
18 57 5
18 58 -12
18 59 -71
18 62 1
18 82 -46
18 83 60
18 98 46
19 3 74
19 4 85
19 11 43
19 12 -29
19 16 29
19 18 34
19 51 9
19 53 88
19 60 70
19 64 -84
19 69 -4
19 82 -29
19 88 -62
19 89 -36
20 8 80
20 9 46
20 20 -57
20 21 -12
20 28 -56
20 29 -72
20 36 -85
20 37 32
20 40 -63
20 43 -23
20 46 3
20 50 3
20 52 65
20 63 -52
20 74 -37
20 75 41
20 82 65
20 84 68
20 86 -3
20 87 59
20 98 -29
21 4 -83
21 12 21
21 19 73
21 20 44
21 21 -37
21 33 -95
21 34 -78
21 40 7
21 43 48
21 46 63
21 48 8
21 51 -76
21 57 28
21 61 -4
21 69 -39
21 70 14
21 84 -51
21 87 43
21 89 -24
22 8 19
22 11 -49
22 15 64
22 24 -2
22 28 29
22 31 66
22 43 -43
22 47 14
22 52 -22
22 53 -33
22 55 -3
22 62 2
22 64 90
22 68 59
22 69 -49
22 78 -43
22 91 -76
22 94 -13
22 97 26
23 17 -64
23 25 4
23 27 53
23 29 -30
23 31 81
23 32 -68
23 42 -19
23 60 -26
23 65 7
23 71 -80
23 73 -97
23 75 -16
23 80 -57
23 88 -21
23 90 63
23 91 -52
23 93 -11
24 10 83
24 13 -75
24 16 6
24 28 -62
24 31 -77
24 33 48
24 36 17
24 50 -67
24 51 32
24 52 33
24 57 2
24 58 -73
24 59 -20
24 65 40
24 67 17
24 74 92
24 80 -44
24 81 -12
24 88 41
24 89 -87
24 98 -72
25 4 98
25 10 -33
25 12 -6
25 23 49
25 24 -32
25 25 -17
25 27 48
25 32 -64
25 35 62
25 38 -50
25 39 43
25 42 41
25 43 51
25 44 -16
25 46 -84
25 47 -61
25 50 -23
25 51 97
25 57 -78
25 58 34
25 62 -33
25 66 18
25 70 64
25 91 -47
25 93 -66
25 99 71
26 4 63
26 9 -18
26 12 -67
26 20 38
26 25 44
26 26 -15
26 27 17
26 32 -17
26 34 -72
26 42 -65
26 51 3
26 52 -91
26 55 93
26 65 6
26 69 94
26 74 -82
26 75 26
26 82 -7
26 84 -31
26 85 19
26 87 78
26 91 -25
26 92 -87
26 93 59
26 94 53
26 96 -38
27 0 96
27 1 2
27 10 15
27 12 90
27 25 77
27 31 89
27 35 43
27 37 -81
27 43 34
27 45 -6
27 46 47
27 52 -50
27 56 -47
27 64 18
27 69 -27
27 81 6
27 83 22
28 0 21
28 2 -37
28 3 -94
28 5 -92
28 7 81
28 17 -75
28 24 26
28 32 51
28 53 -71
28 59 1
28 62 85
28 67 38
28 74 31
28 80 -13
28 85 83
28 88 69
28 89 -25
28 93 -96
28 95 38
29 1 63
29 4 100
29 15 94
29 16 93
29 17 40
29 19 -65
29 21 -88
29 24 50
29 25 -20
29 31 -20
29 34 46
29 37 -33
29 38 59
29 45 -16
29 46 23
29 47 100
29 62 -9
29 71 -17
29 78 -25
29 89 67
29 90 70
29 91 -48
29 98 -2
30 3 8
30 6 9
30 11 -28
30 13 -46
30 16 35
30 21 -68
30 23 40
30 26 17
30 29 -25
30 35 -48
30 38 25
30 40 -98
30 50 14
30 55 37
30 59 -85
30 62 -48
30 64 -27
30 70 2
30 71 7
30 73 60
30 78 -26
30 82 -13
30 84 42
30 88 -87
30 93 -24
30 94 -88
31 7 -86
31 8 -3
31 11 -94
31 23 65
31 27 83
31 52 -90
31 58 6
31 59 53
31 65 78
31 73 -38
31 74 18
31 75 -22
31 77 -42
31 82 90
31 86 -54
31 87 77
32 7 76
32 8 94
32 11 48
32 16 -52
32 18 37
32 23 -42
32 28 -7
32 30 -37
32 35 -3
32 40 -27
32 42 -10
32 45 -7
32 47 -2
32 54 -50
32 73 -47
32 75 -67
32 81 -39
32 87 8
32 89 57
32 90 57
32 94 8
32 96 -82
33 2 -79
33 8 59
33 18 37
33 22 83
33 26 -79
33 35 -80
33 36 -8
33 39 -13
33 45 60
33 51 -21
33 57 59
33 67 86
33 68 -67
33 70 52
33 73 78
33 81 -12
33 89 10
33 94 -60
33 97 79
33 98 36
34 0 67
34 7 -51
34 8 -14
34 11 -74
34 14 68
34 15 -30
34 18 -36
34 20 -12
34 22 26
34 27 2
34 28 -95
34 38 -45
34 40 -26
34 42 -33
34 51 88
34 52 -19
34 61 -2
34 64 -13
34 76 -56
34 85 99
34 88 -37
34 91 -96
34 97 -99
35 6 -65
35 9 58
35 32 -92
35 37 -53
35 38 4
35 40 79
35 42 -1
35 43 -40
35 44 -95
35 45 34
35 49 -13
35 61 -26
35 65 11
35 81 50
35 82 -25
35 89 2
35 92 -99
35 94 69
35 97 60
35 98 -59
36 3 -52
36 5 49
36 10 -17
36 14 86
36 16 18
36 32 95
36 34 -45
36 35 -30
36 36 41
36 39 -1
36 45 45
36 50 73
36 72 -54
36 86 63
36 87 18
36 88 -50
36 92 -89
36 96 95
37 0 -42
37 8 -99
37 23 20
37 30 -73
37 34 46
37 36 -81
37 41 12
37 42 48
37 44 90
37 49 -49
37 50 58
37 60 3
37 63 25
37 69 91
37 79 -54
37 81 61
37 87 6
37 90 78
37 96 -63
38 1 -6
38 10 36
38 19 -50
38 22 14
38 28 -18
38 31 51
38 36 53
38 44 12
38 52 -15
38 62 -37
38 63 -11
38 67 -89
38 74 -47
38 78 -13
38 79 -4
38 84 -91
38 91 14
38 93 -97
38 97 45
39 20 52
39 21 48
39 22 41
39 23 -93
39 26 49
39 27 -16
39 31 3
39 32 -47
39 44 -51
39 46 91
39 51 -29
39 67 -25
39 68 11
39 77 71
39 80 -36
39 84 -83
39 89 -96
39 90 18
39 98 26
40 0 2
40 3 -10
40 5 -73
40 7 74
40 8 38
40 9 -51
40 12 94
40 20 -25
40 22 61
40 23 -53
40 33 59
40 41 81
40 43 34
40 47 38
40 50 -45
40 53 55
40 60 86
40 68 -44
40 82 -65
40 88 -58
40 92 -85
40 97 60
41 14 89
41 18 92
41 19 -67
41 27 -19
41 36 33
41 41 -91
41 44 -13
41 45 80
41 47 56
41 50 65
41 55 -10
41 57 -87
41 61 2
41 62 -39
41 64 58
41 69 12
41 70 -78
41 72 -87
41 74 -98
41 78 39
41 79 63
41 85 81
41 91 68
42 3 -84
42 6 -73
42 10 92
42 11 -9
42 17 -78
42 41 -100
42 43 -42
42 57 -7
42 64 -37
42 65 -40
42 89 -45
42 92 -89
42 94 -52
42 96 74
42 97 71
43 0 10
43 1 56
43 5 -33
43 15 17
43 16 -20
43 18 26
43 19 15
43 25 -70
43 26 23
43 27 -65
43 33 -40
43 34 44
43 35 26
43 43 64
43 49 -39
43 53 93
43 59 27
43 60 -92
43 62 1
43 64 73
43 68 90
43 69 5
43 72 -84
43 74 60
43 78 20
43 89 -39
43 90 -63
43 91 10
43 96 34
44 7 -92
44 8 85
44 10 -49
44 17 51
44 23 78
44 30 -92
44 31 72
44 32 -38
44 37 -45
44 42 38
44 53 -69
44 61 10
44 65 -47
44 67 -100
44 78 98
44 81 -72
44 86 38
44 95 1
44 98 -40
45 9 92
45 20 48
45 22 -77
45 23 -70
45 32 -85
45 38 -57
45 42 34
45 43 12
45 54 -53
45 56 59
45 58 34
45 61 -20
45 62 63
45 66 -76
45 78 20
45 85 43
45 92 -58
45 93 -73
46 1 -87
46 6 -28
46 14 97
46 17 -98
46 28 23
46 30 -22
46 33 55
46 38 34
46 41 -70
46 42 70
46 49 -80
46 54 -42
46 60 45
46 64 28
46 66 -11
46 67 16
46 68 52
46 72 -50
46 75 63
46 81 -6
46 82 -64
46 84 -73
46 86 -5
46 87 -27
46 90 51
46 93 66
47 10 -26
47 12 13
47 13 68
47 14 -82
47 16 84
47 17 -15
47 19 -57
47 22 52
47 23 98
47 31 80
47 35 -52
47 38 -86
47 39 29
47 44 -34
47 45 -56
47 46 -22
47 51 18
47 53 -32
47 55 -66
47 64 94
47 66 -6
47 73 96
47 79 38
47 80 84
47 84 -98
47 97 -24
47 98 63
48 4 -32
48 5 64
48 14 50
48 18 53
48 19 6
48 21 72
48 27 49
48 28 -51
48 36 33
48 42 6
48 45 50
48 50 -64
48 51 -36
48 58 94
48 71 -46
48 75 99
48 92 65
48 97 -39
49 2 -16
49 8 36
49 14 -36
49 19 -100
49 20 39
49 31 42
49 44 -27
49 64 93
49 65 -14
49 67 -10
49 71 35
49 81 100
49 87 33
49 91 53
49 92 92
49 94 -79
50 1 67
50 2 -53
50 3 75
50 4 -88
50 9 -44
50 14 -2
50 23 2
50 33 -31
50 34 70
50 36 -7
50 42 75
50 45 -59
50 46 5
50 48 80
50 53 -84
50 62 -15
50 63 98
50 65 69
50 67 80
50 68 -86
50 72 7
50 75 -95
50 81 -49
50 86 -49
50 92 -80
51 4 69
51 8 96
51 10 33
51 12 -41
51 20 -7
51 22 63
51 30 -51
51 35 -93
51 37 -40
51 40 12
51 46 56
51 50 -98
51 54 -88
51 62 49
51 63 17
51 66 35
51 73 32
51 83 44
51 86 18
51 93 -29
51 96 47
51 97 70
52 4 -27
52 8 64
52 9 65
52 11 -41
52 18 -74
52 21 50
52 22 58
52 23 -97
52 24 -3
52 28 77
52 33 52
52 34 -22
52 41 69
52 52 -3
52 56 -2
52 58 27
52 64 95
52 65 -27
52 69 86
52 80 85
52 98 -92
53 0 -45
53 2 -56
53 3 4
53 17 15
53 19 -78
53 27 52
53 35 83
53 38 78
53 41 51
53 42 33
53 56 48
53 58 34
53 68 11
53 72 46
53 82 97
53 85 -91
53 88 -5
53 90 -52
53 92 -30
54 5 90
54 20 83
54 25 47
54 26 29
54 27 86
54 32 58
54 33 -50
54 43 71
54 50 99
54 52 40
54 53 13
54 54 33
54 62 -94
54 63 51
54 64 28
54 69 -59
54 82 -1
54 83 -26
54 84 24
54 85 -99
54 88 27
54 91 100
54 93 40
54 97 81
55 0 93
55 9 -21
55 12 -19
55 13 -62
55 15 6
55 26 -54
55 32 -53
55 33 -76
55 34 98
55 41 -81
55 64 43
55 65 37
55 72 14
55 80 -19
55 81 -1
55 82 -33
55 94 -42
55 97 -77
56 3 60
56 5 -63
56 8 43
56 14 30
56 22 58
56 24 -100
56 25 -15
56 34 -95
56 35 -86
56 41 83
56 50 2
56 51 58
56 62 -26
56 63 -97
56 65 -22
56 68 -14
56 76 -5
56 91 59
56 93 -7
56 97 1
56 99 74
57 14 -80
57 18 -82
57 22 20
57 25 -55
57 28 -81
57 36 34
57 41 21
57 44 -77
57 51 17
57 53 -37
57 56 85
57 58 38
57 72 24
57 75 -22
57 76 -59
57 77 -85
57 81 -99
57 82 -56
57 88 74
57 99 71
58 1 -39
58 8 -75
58 26 -84
58 27 -100
58 28 -67
58 32 -63
58 36 81
58 41 -96
58 48 -32
58 49 -86
58 51 53
58 54 26
58 57 8
58 59 81
58 73 5
58 75 90
58 78 -43
58 80 55
58 89 86
58 95 23
58 96 18
58 99 96
59 4 63
59 10 18
59 14 11
59 17 -67
59 21 -61
59 26 -66
59 30 99
59 37 -18
59 38 9
59 39 23
59 41 -39
59 42 -60
59 43 -33
59 47 -84
59 58 -47
59 63 -20
59 65 34
59 68 70
59 69 91
59 72 -4
59 80 51
59 86 82
59 89 67
59 90 -36
59 95 38
59 97 -45
60 0 -78
60 5 63
60 10 -90
60 14 -96
60 20 57
60 23 -48
60 24 -32
60 25 58
60 26 -33
60 31 26
60 32 83
60 34 57
60 39 -17
60 45 99
60 52 -50
60 53 -67
60 58 85
60 61 23
60 64 -77
60 69 54
60 73 59
60 79 31
60 81 -33
60 87 90
60 91 31
60 96 -86
61 1 -99
61 4 -25
61 8 -84
61 9 64
61 33 -32
61 36 86
61 37 29
61 40 89
61 42 -54
61 47 -2
61 53 28
61 55 51
61 57 65
61 66 -83
61 69 96
61 70 -76
61 84 11
61 86 69
61 88 -59
61 92 -46
61 95 16
62 6 38
62 7 -1
62 9 -39
62 11 -52
62 22 -64
62 24 -6
62 29 69
62 33 -83
62 34 -53
62 39 -26
62 51 50
62 53 -27
62 55 -14
62 57 -82
62 63 16
62 64 -54
62 73 -45
62 78 -58
62 79 33
62 82 98
62 83 -65
62 90 82
62 91 -35
62 93 76
62 95 -70
63 5 34
63 6 69
63 13 -1
63 16 52
63 17 100
63 19 -58
63 43 97
63 46 -97
63 47 80
63 49 -67
63 53 25
63 55 5
63 58 46
63 62 92
63 68 -21
63 75 54
63 77 -8
63 79 -72
63 80 -73
63 86 38
63 92 -12
63 94 24
64 24 -34
64 28 24
64 30 60
64 34 -76
64 35 83
64 41 5
64 48 89
64 52 21
64 59 42
64 62 -4
64 63 66
64 64 8
64 69 39
64 70 53
64 73 -21
64 81 -59
64 85 -78
64 91 27
64 97 -30
65 0 -88
65 10 -71
65 15 19
65 31 -64
65 37 36
65 43 -25
65 44 -55
65 47 38
65 50 -78
65 51 -66
65 58 -22
65 59 -12
65 60 -85
65 66 38
65 71 47
65 75 37
65 88 17
65 92 -48
65 94 36
65 98 -10
66 2 84
66 18 -64
66 20 -77
66 22 -95
66 23 -54
66 24 99
66 32 -49
66 33 100
66 35 -88
66 49 -28
66 51 -77
66 56 -19
66 62 -31
66 65 -82
66 66 -93
66 70 91
66 72 77
66 74 -82
66 75 -3
66 76 32
66 79 -76
66 85 42
66 88 -88
66 93 -34
67 11 96
67 13 12
67 15 72
67 17 -48
67 21 -100
67 25 -37
67 29 -33
67 32 -81
67 34 -27
67 39 -53
67 40 66
67 44 5
67 45 -48
67 49 45
67 56 -59
67 69 52
67 77 -85
67 94 -48
67 99 60
68 3 -27
68 6 -69
68 8 -64
68 10 76
68 29 -70
68 32 77
68 33 -94
68 35 -69
68 37 11
68 38 40
68 66 17
68 68 91
68 71 96
68 81 -92
68 84 -47
68 94 -76
69 6 -33
69 12 95
69 18 -23
69 23 -42
69 31 -84
69 34 39
69 43 35
69 53 -8
69 59 64
69 62 48
69 74 70
69 78 66
69 84 -33
69 86 19
69 89 -75
69 92 28
69 95 -98
70 6 -15
70 10 72
70 13 80
70 19 -20
70 25 20
70 27 7
70 30 77
70 34 76
70 39 45
70 41 -68
70 44 -17
70 45 40
70 49 -99
70 56 -55
70 57 21
70 61 12
70 71 58
70 85 52
70 91 33
70 96 -54
70 98 -93
71 1 -5
71 6 62
71 7 -21
71 13 43
71 15 -66
71 16 -92
71 19 64
71 26 -81
71 27 -99
71 30 40
71 33 -53
71 46 12
71 47 24
71 52 28
71 64 -85
71 65 -54
71 67 45
71 72 -92
71 78 51
71 79 11
71 95 -46
72 11 -68
72 13 -9
72 17 83
72 18 -76
72 19 71
72 24 68
72 27 -16
72 37 9
72 42 -74
72 43 42
72 45 9
72 53 -32
72 55 95
72 62 -49
72 64 26
72 66 -90
72 71 -13
72 72 22
72 73 7
72 76 -85
72 79 -25
72 90 -47
72 93 -28
72 97 1
72 98 77
72 99 91
73 0 -96
73 17 -69
73 18 44
73 19 -56
73 34 -68
73 36 36
73 37 30
73 40 40
73 49 -95
73 52 62
73 56 -73
73 59 49
73 62 89
73 82 29
73 89 46
73 90 -37
73 97 -80
73 99 99
74 2 90
74 4 1
74 6 95
74 7 -84
74 8 -71
74 11 47
74 16 27
74 21 -28
74 24 98
74 27 49
74 28 -17
74 33 -2
74 42 79
74 43 88
74 52 -13
74 58 -93
74 61 15
74 73 23
74 78 -86
74 84 14
74 88 -7
74 94 70
75 0 -94
75 1 32
75 3 -85
75 6 12
75 12 -5
75 24 -62
75 30 20
75 33 -55
75 35 35
75 36 -91
75 38 -92
75 45 -72
75 46 47
75 56 -62
75 59 -58
75 63 -18
75 71 -63
75 73 -56
75 76 -11
75 78 29
75 79 -62
75 86 -22
75 92 20
75 93 -44
75 97 96
76 16 -48
76 20 13
76 21 -65
76 23 -20
76 30 -80
76 41 5
76 44 -85
76 49 24
76 53 52
76 57 -6
76 66 -24
76 67 8
76 68 -51
76 76 -13
76 88 -80
76 92 -92
76 93 78
76 94 24
77 3 37
77 6 -58
77 10 -62
77 12 -33
77 17 48
77 20 -39
77 23 82
77 30 73
77 65 69
77 72 94
77 74 14
77 79 75
77 81 32
77 87 84
77 89 89
77 95 -22
78 1 -30
78 6 -11
78 7 -32
78 8 31
78 9 -58
78 11 -74
78 20 -16
78 35 78
78 37 49
78 47 -55
78 48 79
78 51 -66
78 60 98
78 63 71
78 66 60
78 68 -2
78 74 83
78 77 -45
78 79 -40
78 80 14
78 82 -86
78 83 33
78 85 -80
78 90 -11
78 93 27
78 97 -10
79 10 -86
79 15 2
79 20 17
79 23 -14
79 36 -26
79 37 -44
79 48 -14
79 50 -31
79 53 27
79 54 -71
79 56 -35
79 63 48
79 64 -29
79 71 60
79 73 82
79 78 -55
79 79 19
79 82 -25
79 83 -61
79 92 -49
80 1 66
80 4 -76
80 7 29
80 9 -58
80 12 -76
80 21 87
80 24 43
80 25 -74
80 31 100
80 35 -36
80 36 -11
80 37 -66
80 41 -17
80 45 1
80 46 -94
80 48 21
80 49 48
80 56 -99
80 58 25
80 59 33
80 69 -11
80 78 73
80 97 92
81 0 91
81 8 88
81 9 -87
81 13 -14
81 18 12
81 28 21
81 42 27
81 44 -89
81 56 -39
81 57 28
81 60 72
81 65 97
81 66 4
81 67 -33
81 74 -86
81 93 -95
81 97 30
82 0 50
82 3 -36
82 4 -72
82 12 6
82 17 98
82 36 -8
82 37 41
82 43 -46
82 44 73
82 47 99
82 51 -6
82 57 -85
82 59 15
82 61 -14
82 63 77
82 64 -20
82 66 -61
82 67 -64
82 71 -91
82 82 3
82 84 96
82 85 82
82 88 -65
82 89 23
82 93 30
82 95 73
83 2 77
83 7 28
83 13 18
83 15 -82
83 18 -30
83 26 -6
83 27 -94
83 31 21
83 35 38
83 44 84
83 45 -32
83 50 -26
83 51 -6
83 64 -100
83 66 92
83 67 -86
83 71 -60
83 72 88
83 85 22
83 87 64
83 88 62
83 95 -67
83 99 -75
84 0 24
84 3 100
84 7 54
84 11 71
84 12 -32
84 16 46
84 19 1
84 20 -64
84 21 -90
84 23 66
84 26 99
84 30 -4
84 34 -59
84 35 -16
84 43 -27
84 47 30
84 53 31
84 54 94
84 56 10
84 61 95
84 65 39
84 71 91
84 75 -16
84 78 72
84 85 -75
84 86 -47
84 87 97
84 97 81
84 98 -20
85 0 47
85 1 65
85 4 59
85 8 11
85 9 22
85 12 40
85 14 -65
85 21 24
85 23 37
85 26 -46
85 29 66
85 36 70
85 37 -13
85 38 -51
85 43 48
85 52 26
85 57 95
85 69 -72
85 73 86
85 76 -75
85 78 15
85 81 -93
85 83 87
85 96 -19
86 8 -11
86 11 -58
86 19 12
86 29 -29
86 35 70
86 37 -50
86 39 -28
86 43 94
86 47 99
86 52 79
86 63 -1
86 69 25
86 72 -73
86 75 77
86 80 -79
86 81 88
86 85 -35
86 91 -50
87 0 95
87 2 -81
87 7 -27
87 8 26
87 13 49
87 15 59
87 18 38
87 32 24
87 33 49
87 36 21
87 45 -61
87 54 31
87 65 -91
87 66 14
87 69 55
87 74 89
87 83 -60
87 84 -49
87 89 -8
87 90 -34
87 91 -46
87 93 -3
87 96 -43
88 8 -97
88 20 -13
88 23 -6
88 27 -1
88 28 25
88 32 54
88 45 30
88 46 79
88 48 98
88 51 -10
88 56 -2
88 59 -76
88 62 -86
88 65 22
88 75 25
88 89 -77
89 7 44
89 13 -96
89 18 51
89 19 -25
89 23 -100
89 24 31
89 32 -63
89 37 -18
89 39 -60
89 41 30
89 46 28
89 48 -33
89 49 73
89 50 -14
89 57 82
89 58 -30
89 71 -61
89 81 -37
89 82 82
89 89 96
89 99 70
90 5 -26
90 8 -17
90 10 36
90 13 -50
90 18 -71
90 23 -9
90 28 -11
90 29 30
90 34 27
90 40 17
90 41 -42
90 42 -18
90 48 -70
90 56 56
90 58 46
90 63 -35
90 64 -21
90 67 -47
90 69 32
90 70 -55
90 80 11
90 82 -31
90 91 -66
90 95 -11
91 5 99
91 12 67
91 13 -4
91 17 -67
91 35 33
91 38 -42
91 46 53
91 48 81
91 50 -17
91 57 27
91 58 76
91 64 -53
91 79 35
91 83 67
91 84 99
91 91 -61
91 92 6
91 94 -16
91 95 58
91 97 16
91 98 -89
92 3 -79
92 4 14
92 12 -10
92 20 -52
92 28 36
92 36 78
92 44 78
92 50 -98
92 59 98
92 66 -67
92 77 36
92 78 -92
92 80 68
92 81 53
92 82 62
92 84 48
92 85 8
92 91 -91
92 96 -92
92 97 -26
92 98 -16
92 99 95
93 1 62
93 10 -59
93 15 -87
93 17 -99
93 18 36
93 20 41
93 24 -74
93 26 -90
93 31 -27
93 32 -87
93 35 48
93 41 -99
93 43 5
93 45 87
93 52 29
93 63 55
93 64 -74
93 66 -64
93 72 5
93 74 83
93 75 -20
93 77 -86
93 81 -32
93 84 26
93 87 -74
93 89 -86
93 91 47
93 94 -54
94 12 -17
94 31 96
94 44 84
94 52 -67
94 63 -91
94 67 -55
94 71 -36
94 75 -97
94 76 -29
94 77 72
94 81 -82
94 82 -93
94 83 -70
94 86 -29
94 92 -34
94 94 -88
94 95 -39
95 0 16
95 3 46
95 18 50
95 19 -50
95 21 98
95 29 30
95 32 87
95 36 -32
95 42 -62
95 46 -70
95 63 28
95 76 31
95 82 -1
95 91 -17
95 94 -20
96 0 -71
96 9 27
96 11 -80
96 13 37
96 22 -35
96 26 -2
96 31 30
96 32 -82
96 33 41
96 34 100
96 36 22
96 38 34
96 41 47
96 42 -47
96 44 -13
96 49 51
96 51 71
96 54 -35
96 59 7
96 60 -2
96 67 -28
96 71 78
96 83 52
96 86 -51
96 93 -72
96 95 -27
96 97 -80
97 8 85
97 14 -39
97 17 -96
97 19 -70
97 20 37
97 24 57
97 26 96
97 29 -8
97 40 14
97 42 7
97 53 24
97 56 -16
97 58 -66
97 60 78
97 63 75
97 66 -24
97 69 -8
97 72 33
97 75 -68
97 77 1
97 78 46
97 84 96
97 95 -91
97 98 44
98 4 -90
98 13 -37
98 16 -61
98 17 -96
98 19 -55
98 23 -57
98 24 -100
98 27 -67
98 28 -97
98 31 95
98 34 -1
98 36 84
98 38 73
98 42 -67
98 48 45
98 51 -89
98 58 21
98 62 -80
98 67 -4
98 74 25
98 75 -2
98 76 -97
98 78 -78
98 83 -100
98 88 -28
98 91 77
98 96 -67
99 5 56
99 11 -90
99 24 -83
99 33 46
99 35 78
99 36 -51
99 38 55
99 45 -11
99 46 2
99 51 89
99 52 -86
99 54 -21
99 55 -24
99 58 78
99 66 -38
99 67 94
99 70 77
99 72 -11
99 73 89
99 77 -85
99 79 -96
99 81 -83
99 88 24
99 92 21
99 98 -48