0 2 69
0 3 -50
0 4 64
0 5 6
0 6 26
0 8 93
0 9 90
0 10 -40
0 11 61
0 14 94
0 16 13
0 19 77
0 24 -62
0 26 70
0 28 -82
0 29 -77
0 35 63
0 37 98
0 38 32
0 40 77
0 44 38
0 46 -88
0 49 7
0 56 -28
0 57 23
0 58 -77
0 60 -64
0 65 -74
0 66 17
0 70 -81
0 73 -90
0 76 20
0 80 61
0 85 83
0 90 -20
0 95 72
0 97 -25
0 99 70
1 0 41
1 1 97
1 5 -11
1 7 74
1 8 -66
1 11 65
1 18 56
1 19 -43
1 20 1
1 22 -69
1 24 -41
1 25 51
1 26 -69
1 27 84
1 30 -8
1 32 59
1 37 -20
1 38 99
1 39 19
1 40 98
1 42 62
1 43 -94
1 44 -22
1 45 99
1 47 13
1 48 -75
1 54 -13
1 57 78
1 63 -68
1 64 39
1 65 -50
1 67 -64
1 68 -15
1 70 83
1 71 -15
1 72 -8
1 74 82
1 75 -24
1 78 -41
1 79 30
1 80 84
1 82 40
1 83 47
1 85 -71
1 87 62
1 88 95
1 89 -18
1 90 62
1 93 -8
1 94 -50
1 98 -72
2 1 -87
2 4 97
2 5 -98
2 6 99
2 8 24
2 9 30
2 10 -78
2 12 -97
2 13 -32
2 15 70
2 16 -78
2 17 71
2 18 -77
2 20 -17
2 21 -94
2 31 -77
2 32 50
2 34 66
2 39 52
2 41 -76
2 42 -82
2 43 42
2 44 9
2 45 -19
2 46 -5
2 49 -98
2 50 -8
2 52 -82
2 53 -17
2 54 89
2 55 -49
2 59 51
2 63 62
2 78 48
2 82 -70
2 92 35
2 97 -17
2 98 -96
3 2 94
3 3 -84
3 4 -37
3 9 -27
3 10 53
3 14 -20
3 17 37
3 18 20
3 20 63
3 22 -11
3 23 -33
3 25 -27
3 26 5
3 28 -96
3 29 -53
3 31 -85
3 32 58
3 33 -93
3 35 -18
3 36 -18
3 37 52
3 38 -54
3 42 -77
3 43 54
3 45 -72
3 46 -67
3 47 -8
3 48 -60
3 49 -55
3 50 -41
3 52 14
3 53 -74
3 55 -32
3 56 -73
3 57 53
3 58 -76
3 59 -46
3 61 9
3 62 -3
3 63 -40
3 65 -7
3 66 79
3 68 -78
3 71 49
3 72 86
3 73 -80
3 74 -44
3 78 -28
3 79 -77
3 81 -33
3 82 -29
3 83 67
3 85 -48
3 88 10
3 89 -65
3 91 29
3 92 21
3 93 -8
3 95 -64
3 96 -17
4 1 97
4 2 46
4 6 65
4 10 36
4 12 -24
4 13 95
4 14 68
4 15 -90
4 19 -75
4 20 -59
4 21 -89
4 23 -34
4 24 -59
4 26 -32
4 27 34
4 30 30
4 34 -92
4 35 86
4 36 -83
4 37 -100
4 42 34
4 43 16
4 45 44
4 46 -3
4 47 13
4 48 -63
4 49 -30
4 52 76
4 57 81
4 58 -45
4 59 -20
4 63 55
4 65 51
4 66 -6
4 68 79
4 71 60
4 72 7
4 73 -5
4 76 -75
4 81 24
4 82 -16
4 83 65
4 85 -43
4 91 99
4 94 -28
4 95 36
4 97 23
4 99 30
5 2 -3
5 3 -62
5 4 -91
5 5 38
5 7 27
5 10 47
5 12 -53
5 15 -29
5 16 -86
5 17 48
5 19 -33
5 24 84
5 29 55
5 30 75
5 32 95
5 33 7
5 34 -36
5 37 -4
5 38 40
5 41 62
5 42 -99
5 45 61
5 46 81
5 48 64
5 49 -13
5 55 31
5 57 -54
5 59 34
5 60 -23
5 61 48
5 62 55
5 63 84
5 64 -71
5 65 -28
5 67 23
5 68 -3
5 73 55
5 74 -63
5 76 -74
5 77 -81
5 83 -80
5 85 -33
5 86 35
5 88 -55
5 89 -16
5 90 66
5 91 -42
5 96 86
5 98 51
5 99 -49
6 1 -87
6 4 -97
6 6 -58
6 8 37
6 9 17
6 12 -51
6 14 21
6 17 -45
6 18 -81
6 21 -84
6 24 89
6 25 -45
6 26 -45
6 27 -35
6 28 -79
6 30 -21
6 31 76
6 32 -42
6 33 44
6 35 72
6 37 38
6 39 -13
6 40 76
6 46 63
6 53 50
6 55 42
6 57 -92
6 65 -45
6 66 -80
6 68 -54
6 69 71
6 70 -7
6 71 -29
6 73 -5
6 77 82
6 79 36
6 80 -72
6 83 -14
6 86 93
6 87 -97
6 90 77
6 93 78
6 96 45
7 2 -54
7 4 -41
7 6 92
7 8 13
7 9 -63
7 11 24
7 12 -64
7 14 62
7 15 62
7 16 -68
7 17 83
7 19 21
7 22 -60
7 23 75
7 24 95
7 32 -37
7 34 -29
7 35 10
7 38 -1
7 39 12
7 43 -96
7 49 -57
7 50 -38
7 51 6
7 53 -2
7 54 1
7 56 82
7 57 81
7 58 -65
7 61 17
7 62 48
7 65 44
7 67 39
7 70 -67
7 73 30
7 77 -26
7 81 -14
7 83 37
7 84 -57
7 85 -63
7 86 -69
7 91 -100
7 93 -19
7 97 31
7 98 -28
8 6 -95
8 7 -90
8 8 8
8 9 -44
8 13 -68
8 14 -43
8 15 4
8 18 48
8 20 93
8 22 88
8 23 -5
8 26 -50
8 28 -89
8 31 37
8 33 54
8 35 -8
8 36 71
8 43 30
8 44 17
8 47 72
8 48 92
8 55 25
8 57 100
8 58 -94
8 61 66
8 62 80
8 63 15
8 64 -51
8 69 78
8 71 -9
8 73 81
8 74 -48
8 76 29
8 78 -63
8 79 -63
8 80 -14
8 81 -61
8 84 35
8 85 26
8 88 -20
8 90 84
8 93 9
8 94 22
8 96 -55
8 98 78
8 99 -64
9 0 61
9 1 79
9 3 15
9 5 75
9 6 -35
9 8 98
9 11 -94
9 12 -25
9 14 -18
9 15 -8
9 16 -25
9 19 77
9 20 -86
9 24 24
9 27 -83
9 31 -68
9 32 3
9 33 98
9 34 53
9 35 -44
9 36 -60
9 37 -9
9 39 96
9 40 -52
9 41 -29
9 42 16
9 46 89
9 48 35
9 50 89
9 51 94
9 52 -90
9 54 69
9 55 90
9 58 -52
9 59 -6
9 61 -89
9 66 93
9 67 -55
9 68 29
9 70 -29
9 72 29
9 77 -16
9 78 -4
9 79 -39
9 81 -87
9 82 92
9 84 -84
9 86 -60
9 89 -48
9 91 97
9 92 -55
9 93 76
9 95 -33
9 97 -87
9 99 -4
10 1 -64
10 3 -3
10 4 46
10 6 50
10 7 -27
10 8 -6
10 9 -41
10 10 10
10 11 80
10 12 -64
10 16 13
10 17 19
10 18 37
10 19 90
10 20 92
10 25 -11
10 28 -90
10 30 -100
10 32 100
10 33 -73
10 40 46
10 41 -78
10 43 -49
10 45 28
10 46 20
10 47 78
10 48 -62
10 49 77
10 50 58
10 52 -92
10 56 95
10 57 -74
10 59 18
10 60 -52
10 64 -66
10 66 20
10 70 -44
10 71 -60
10 72 -67
10 73 88
10 78 39
10 79 -35
10 82 87
10 86 -25
10 88 22
10 90 82
10 92 96
10 93 -75
10 96 8
10 98 59
10 99 -93
11 0 18
11 2 19
11 5 42
11 6 31
11 8 -51
11 11 59
11 12 -81
11 13 46
11 14 -75
11 19 -54
11 21 77
11 23 -75
11 25 93
11 26 -83
11 29 29
11 31 3
11 32 57
11 38 86
11 39 11
11 42 100
11 43 46
11 50 -51
11 51 96
11 54 -1
11 56 11
11 59 -67
11 61 90
11 64 86
11 66 37
11 68 -79
11 69 1
11 72 -100
11 73 -62
11 76 -26
11 77 18
11 82 -38
11 86 13
11 87 -72
11 90 -33
11 91 -34
11 94 -46
11 96 -70
12 0 96
12 2 -60
12 3 87
12 4 -11
12 6 75
12 7 75
12 8 81
12 9 -65
12 14 61
12 15 -38
12 17 -43
12 19 43
12 20 35
12 25 -3
12 27 61
12 28 -37
12 32 10
12 33 67
12 34 -14
12 36 -61
12 37 20
12 38 67
12 39 -12
12 41 48
12 42 -96
12 44 82
12 46 -19
12 47 -73
12 48 56
12 49 -15
12 50 59
12 52 -7
12 55 -85
12 59 -63
12 61 -90
12 69 80
12 70 61
12 72 47
12 73 -80
12 77 -47
12 78 94
12 80 -91
12 81 57
12 84 62
12 85 -65
12 86 -9
12 87 50
12 88 6
12 90 -37
12 91 -49
12 95 41
12 96 62
12 98 94
12 99 -52
13 1 75
13 4 -64
13 5 -89
13 6 -91
13 8 13
13 11 -24
13 16 87
13 17 -50
13 19 -10
13 21 -19
13 24 -17
13 25 -18
13 27 -85
13 29 96
13 30 55
13 31 -66
13 38 -41
13 39 75
13 43 -9
13 45 62
13 47 -38
13 50 33
13 51 -90
13 52 -82
13 56 -64
13 59 -5
13 62 -49
13 66 14
13 67 74
13 69 -47
13 73 53
13 78 42
13 80 -99
13 82 80
13 86 4
13 92 46
13 94 89
13 95 26
13 96 -4
13 97 23
14 0 71
14 3 -58
14 4 -41
14 5 -75
14 8 99
14 10 33
14 13 57
14 14 -53
14 15 -49
14 20 100
14 21 -84
14 22 75
14 25 -78
14 26 -30
14 28 47
14 29 32
14 31 -87
14 32 -89
14 41 66
14 42 -73
14 45 -49
14 46 -61
14 48 27
14 49 74
14 50 -37
14 58 -15
14 60 36
14 62 30
14 63 -49
14 64 -81
14 65 18
14 68 2
14 69 91
14 73 -47
14 75 66
14 79 -97
14 82 48
14 84 -29
14 85 23
14 88 26
14 89 70
14 90 -12
14 91 51
14 95 -72
14 96 30
14 97 -87
15 1 -34
15 3 96
15 9 54
15 10 -100
15 11 -28
15 14 -12
15 15 -27
15 16 -97
15 18 43
15 20 -56
15 22 9
15 24 -46
15 25 77
15 27 -16
15 31 -51
15 33 -69
15 37 -66
15 40 29
15 41 -88
15 42 -74
15 45 60
15 48 -24
15 49 -85
15 52 80
15 53 29
15 55 -65
15 56 36
15 57 -59
15 58 -100
15 60 93
15 63 -28
15 64 -40
15 65 49
15 70 -95
15 71 11
15 72 14
15 73 -19
15 74 57
15 75 1
15 80 -84
15 86 -43
15 87 75
15 88 -46
15 89 -59
15 91 -93
15 93 -10
15 94 -31
15 95 33
15 97 40
15 99 85
16 1 -43
16 5 14
16 7 23
16 10 -13
16 11 -92
16 12 1
16 13 -65
16 17 -48
16 18 48
16 19 -63
16 20 -33
16 21 56
16 22 13
16 25 58
16 26 -19
16 29 31
16 30 41
16 32 -42
16 37 33
16 38 74
16 39 -18
16 41 81
16 42 89
16 43 -9
16 45 -8
16 46 -57
16 47 9
16 51 -74
16 52 -72
16 53 74
16 54 -23
16 56 48
16 60 74
16 61 -4
16 63 33
16 67 -71
16 68 47
16 69 77
16 74 -27
16 75 48
16 78 -57
16 79 -31
16 84 -96
16 85 39
16 88 -33
16 89 -22
16 90 -3
16 92 75
16 93 -4
16 94 -14
16 95 -58
17 1 -36
17 3 36
17 4 -55
17 5 71
17 7 -42
17 12 45
17 13 49
17 14 -97
17 16 -49
17 19 -65
17 22 43
17 26 19
17 30 -57
17 33 95
17 38 -50
17 39 54
17 42 -12
17 44 8
17 45 98
17 47 63
17 48 -44
17 49 -87
17 50 -73
17 54 -36
17 55 15
17 57 -51
17 61 -56
17 66 1
17 69 28
17 75 65
17 76 16
17 79 -70
17 81 -22
17 82 -30
17 86 -36
17 87 -65
17 88 50
17 91 -21
17 95 -45
17 96 -32
18 2 53
18 3 84
18 4 -48
18 5 37
18 6 -86
18 8 -82
18 9 44
18 10 20
18 12 -18
18 14 39
18 16 -46
18 17 21
18 24 -9
18 25 37
18 28 -82
18 31 -42
18 32 -89
18 34 -16
18 37 79
18 38 18
18 40 48
18 43 42
18 44 -32
18 45 -67
18 47 45
18 50 -21
18 53 -28
18 54 50
18 55 55
18 56 -7
18 57 -94
18 66 -70
18 68 50
18 72 71
18 74 -63
18 75 32
18 78 -98
18 79 94
18 80 -19
18 81 -62
18 82 5
18 86 13
18 90 20
18 91 -98
18 92 31
18 93 -80
18 94 83
18 97 -11
18 98 31
18 99 -23
19 2 41
19 4 -94
19 5 -21
19 7 76
19 11 46
19 13 5
19 14 31
19 16 -89
19 17 -57
19 23 47
19 25 80
19 29 -58
19 30 59
19 31 -54
19 33 -86
19 34 91
19 40 68
19 43 -56
19 48 -81
19 49 -4
19 50 31
19 53 47
19 55 -83
19 58 -21
19 59 -2
19 60 54
19 62 -51
19 63 -96
19 69 -59
19 70 77
19 74 -41
19 75 38
19 77 -47
19 80 6
19 82 -62
19 83 -99
19 85 -22
19 87 -65
19 94 -84
19 97 44
20 0 -39
20 2 11
20 3 -26
20 4 -41
20 5 -56
20 10 -46
20 13 41
20 15 -92
20 16 -56
20 19 -52
20 20 27
20 22 -13
20 26 -36
20 27 -78
20 32 -77
20 36 59
20 37 95
20 39 -93
20 41 -28
20 42 -26
20 44 30
20 46 46
20 47 -68
20 50 82
20 51 -49
20 52 -87
20 57 -49
20 58 -83
20 59 -63
20 60 15
20 61 -46
20 62 17
20 63 26
20 64 20
20 66 -19
20 67 -83
20 68 -96
20 70 85
20 76 -65
20 77 48
20 81 -37
20 82 -61
20 83 24
20 86 -20
20 88 -71
20 91 -37
20 97 -37
20 99 -91
21 4 84
21 5 44
21 7 -54
21 8 -70
21 9 -17
21 10 -72
21 14 -70
21 15 15
21 17 -30
21 18 -75
21 20 -58
21 21 65
21 23 78
21 30 -75
21 31 85
21 36 -71
21 41 86
21 42 64
21 44 99
21 46 39
21 47 -11
21 48 94
21 52 -90
21 56 47
21 60 71
21 62 -95
21 63 -22
21 66 -15
21 67 92
21 68 83
21 72 95
21 75 -30
21 81 -68
21 82 6
21 84 -24
21 86 -58
21 89 -1
21 90 -17
21 92 -64
21 95 94
21 96 52
21 97 -80
21 98 5
22 2 21
22 3 -92
22 5 48
22 6 36
22 11 89
22 15 37
22 20 34
22 25 93
22 26 6
22 27 -54
22 29 86
22 31 30
22 35 -98
22 37 -71
22 41 86
22 43 -75
22 45 12
22 46 83
22 50 -70
22 53 -30
22 55 -15
22 56 97
22 61 27
22 63 -21
22 64 50
22 66 -64
22 68 -89
22 70 91
22 72 94
22 76 34
22 79 23
22 83 -60
22 84 45
22 87 69
22 91 79
22 92 11
22 96 100
22 97 55
22 98 57
23 0 57
23 2 3
23 3 -87
23 4 51
23 7 39
23 11 -94
23 12 -73
23 13 20
23 14 74
23 22 80
23 24 -86
23 25 -79
23 26 -32
23 27 -66
23 28 -14
23 31 -59
23 32 -25
23 35 -52
23 37 16
23 38 -44
23 39 -92
23 40 46
23 42 -16
23 45 -64
23 46 79
23 50 79
23 52 -2
23 53 11
23 57 28
23 58 -82
23 61 88
23 65 100
23 66 60
23 69 51
23 72 -44
23 73 -26
23 74 -74
23 76 -56
23 77 47
23 78 37
23 79 14
23 80 6
23 83 34
23 87 -64
23 89 -78
23 92 -87
23 94 -65
23 97 15
23 99 -30
24 0 -74
24 1 76
24 2 -49
24 3 -76
24 4 4
24 5 -39
24 6 96
24 7 38
24 9 34
24 10 -47
24 14 -8
24 16 -44
24 17 -98
24 19 -65
24 20 -33
24 23 -37
24 26 -22
24 27 -19
24 28 81
24 29 -75
24 30 82
24 31 47
24 32 -28
24 34 92
24 39 -38
24 42 -88
24 43 9
24 46 -81
24 47 86
24 48 -78
24 49 21
24 52 -14
24 53 3
24 54 29
24 55 24
24 57 99
24 59 -69
24 61 -96
24 63 26
24 65 -84
24 67 -40
24 71 22
24 73 47
24 76 -77
24 77 95
24 79 -87
24 80 -74
24 81 -12
24 84 39
24 86 18
24 93 52
24 98 -38
24 99 47
25 4 34
25 5 -39
25 6 -60
25 7 -54
25 8 96
25 9 -40
25 12 89
25 13 79
25 14 91
25 15 70
25 16 78
25 17 -34
25 18 78
25 19 4
25 20 59
25 21 -21
25 24 -77
25 25 -67
25 27 67
25 28 -60
25 29 -51
25 31 21
25 33 -20
25 36 55
25 37 81
25 40 -69
25 41 -63
25 44 56
25 45 35
25 46 42
25 48 32
25 49 -52
25 52 92
25 53 93
25 55 -29
25 58 12
25 59 -74
25 62 4
25 65 -18
25 67 -50
25 69 -24
25 71 -61
25 73 -60
25 74 34
25 76 -35
25 77 6
25 79 -5
25 80 39
25 88 -17
25 89 8
25 90 -1
25 91 -11
25 94 -82
25 96 -99
25 97 100
25 98 -23
25 99 48
26 3 -70
26 5 -57
26 7 18
26 8 -3
26 10 21
26 11 -34
26 15 62
26 19 -74
26 20 76
26 22 -92
26 23 13
26 25 -69
26 26 46
26 27 59
26 28 -25
26 30 -80
26 33 72
26 35 51
26 39 56
26 40 -16
26 43 -25
26 46 -36
26 50 69
26 53 90
26 55 -23
26 58 -13
26 59 16
26 60 35
26 63 -18
26 64 -91
26 65 15
26 66 88
26 68 -24
26 70 51
26 72 86
26 74 14
26 76 74
26 79 -54
26 80 -98
26 81 -48
26 85 92
26 89 62
26 91 91
26 93 -89
26 96 63
26 98 -45
26 99 -57
27 1 -91
27 4 -82
27 9 -29
27 10 93
27 11 -41
27 14 -19
27 15 -34
27 16 -66
27 17 -85
27 19 88
27 22 90
27 23 -14
27 25 -38
27 26 17
27 29 -42
27 31 6
27 33 18
27 34 -38
27 36 49
27 40 -12
27 43 -48
27 44 -94
27 47 19
27 48 34
27 52 46
27 54 -100
27 55 -27
27 57 -89
27 59 -19
27 60 -1
27 62 61
27 64 3
27 65 -27
27 67 -95
27 71 1
27 72 -64
27 76 21
27 77 -25
27 79 48
27 81 -39
27 83 -22
27 84 -9
27 86 -66
27 87 -36
27 88 -44
27 89 -73
27 90 -19
27 91 94
27 92 -73
27 99 67
28 0 29
28 1 -73
28 2 -24
28 3 47
28 6 38
28 8 -78
28 9 72
28 10 24
28 12 30
28 13 64
28 14 81
28 15 -34
28 16 36
28 17 14
28 20 41
28 21 67
28 22 39
28 23 -22
28 24 28
28 26 22
28 27 76
28 29 -10
28 33 8
28 35 17
28 36 -70
28 40 61
28 41 16
28 42 -25
28 43 71
28 45 90
28 46 -36
28 47 61
28 50 -20
28 53 41
28 56 -23
28 57 -57
28 58 33
28 59 -96
28 60 -4
28 62 -26
28 63 -72
28 65 -66
28 66 -53
28 67 45
28 78 -72
28 81 88
28 83 71
28 86 1
28 88 9
28 89 46
28 90 -63
28 92 16
28 93 -62
28 95 -10
28 97 -24
29 1 -51
29 3 -26
29 4 20
29 6 76
29 12 -89
29 13 30
29 15 58
29 16 -29
29 17 -96
29 21 -52
29 24 -30
29 29 -31
29 33 -71
29 42 -88
29 44 54
29 49 -3
29 51 -57
29 53 10
29 54 62
29 56 24
29 61 28
29 62 -9
29 66 82
29 67 -48
29 70 -44
29 73 38
29 74 -7
29 75 -32
29 76 -95
29 77 -85
29 79 71
29 83 30
29 87 60
29 88 71
29 89 91
29 91 69
29 93 -43
29 96 -47
29 97 -9
29 98 2
30 0 -31
30 4 -58
30 7 2
30 9 48
30 13 14
30 16 11
30 17 32
30 18 -35
30 21 69
30 22 -98
30 25 -81
30 29 -19
30 32 97
30 34 99
30 36 -60
30 37 -64
30 41 29
30 42 -87
30 44 12
30 46 64
30 48 75
30 49 97
30 51 25
30 52 33
30 53 -37
30 57 22
30 58 26
30 59 -23
30 62 -100
30 63 -16
30 65 27
30 68 -29
30 69 -20
30 70 -85
30 73 9
30 74 15
30 75 35
30 76 -80
30 77 17
30 79 43
30 82 13
30 83 -21
30 85 28
30 88 -18
30 91 -27
30 93 -48
30 94 -68
30 97 97
31 3 90
31 6 -60
31 8 61
31 10 -50
31 12 -35
31 15 21
31 16 -38
31 17 88
31 20 22
31 21 83
31 22 -74
31 24 -51
31 25 91
31 26 -26
31 27 -28
31 28 88
31 30 -1
31 32 76
31 37 -30
31 39 24
31 40 81
31 41 11
31 42 -92
31 45 82
31 51 65
31 52 -15
31 54 60
31 56 -58
31 64 -11
31 66 -69
31 68 -95
31 73 68
31 74 -33
31 75 -89
31 79 69
31 81 65
31 85 -12
31 86 -36
31 88 -15
31 89 72
31 93 -51
31 94 55
31 95 -77
31 96 15
32 0 1
32 3 -62
32 5 -36
32 7 49
32 11 -86
32 12 -70
32 13 -70
32 14 -62
32 16 -10
32 21 14
32 22 65
32 24 90
32 25 -3
32 28 -23
32 29 70
32 30 37
32 31 -83
32 32 -29
32 33 41
32 35 2
32 36 -74
32 38 95
32 40 -1
32 41 46
32 42 -30
32 43 -38
32 44 34
32 45 -99
32 47 -83
32 49 26
32 51 -40
32 55 57
32 57 -96
32 58 -12
32 59 62
32 61 -67
32 62 -24
32 63 -16
32 64 81
32 66 82
32 67 92
32 70 64
32 72 86
32 73 -62
32 76 -95
32 79 56
32 80 -59
32 82 28
32 83 95
32 84 -29
32 87 -77
32 88 -12
32 92 53
32 98 98
33 0 42
33 2 85
33 5 -33
33 7 98
33 9 -32
33 11 11
33 12 -9
33 13 -35
33 14 61
33 15 -9
33 16 39
33 19 94
33 22 -97
33 25 -33
33 27 -76
33 31 28
33 33 -63
33 36 37
33 38 -55
33 39 10
33 40 37
33 42 12
33 44 -34
33 51 -90
33 52 2
33 53 -78
33 62 81
33 63 90
33 65 52
33 66 -66
33 70 53
33 72 -14
33 75 73
33 79 -78
33 81 -34
33 83 42
33 85 -24
33 86 -2
33 91 -79
33 92 63
33 93 -76
33 94 -24
33 95 -16
33 96 -39
33 98 -47
34 2 42
34 4 78
34 5 -25
34 6 -70
34 7 22
34 9 93
34 11 -59
34 14 22
34 16 100
34 17 -100
34 19 18
34 21 3
34 22 -65
34 23 -87
34 25 -32
34 26 -84
34 32 -43
34 34 87
34 36 -44
34 41 7
34 44 -27
34 46 33
34 48 37
34 49 10
34 50 -56
34 51 -67
34 52 26
34 53 -83
34 55 89
34 56 -96
34 57 79
34 58 -83
34 60 -71
34 62 84
34 63 -7
34 64 39
34 69 45
34 76 64
34 78 61
34 79 36
34 80 -70
34 81 81
34 82 -41
34 83 -19
34 89 -16
34 90 -74
34 95 -29
34 96 -48
35 1 39
35 2 61
35 6 -96
35 7 48
35 8 28
35 11 -30
35 18 40
35 20 -83
35 21 -18
35 22 31
35 25 -36
35 28 79
35 33 41
35 36 -60
35 37 5
35 41 -98
35 42 98
35 43 -41
35 46 54
35 50 -33
35 51 -65
35 54 60
35 56 8
35 58 91
35 60 -85
35 61 -65
35 62 5
35 65 -70
35 70 27
35 73 40
35 76 -6
35 77 -22
35 80 82
35 83 -58
35 87 -99
35 88 56
35 89 100
35 91 35
35 92 -50
35 95 30
35 99 77
36 1 25
36 3 -34
36 5 -22
36 6 96
36 7 57
36 8 -32
36 9 -60
36 13 88
36 14 63
36 16 -52
36 17 -40
36 19 65
36 22 -63
36 25 20
36 26 -49
36 29 -54
36 32 69
36 36 -8
36 38 40
36 40 -9
36 41 96
36 43 -84
36 44 20
36 49 -92
36 50 97
36 54 24
36 60 66
36 62 76
36 63 2
36 67 79
36 70 -92
36 76 -16
36 77 -92
36 78 -55
36 79 -41
36 81 96
36 82 40
36 84 12
36 86 76
36 90 71
36 93 -92
36 96 44
36 97 -90
36 99 15
37 0 -97
37 3 83
37 8 -93
37 9 35
37 12 37
37 14 -13
37 20 -33
37 22 93
37 25 -20
37 26 -58
37 27 -75
37 29 30
37 30 -56
37 32 -35
37 34 93
37 35 86
37 37 40
37 39 97
37 40 -30
37 43 -79
37 46 -38
37 48 24
37 49 -21
37 50 -10
37 52 -94
37 53 4
37 54 -50
37 55 -76
37 56 -22
37 57 -41
37 63 95
37 65 -42
37 69 -21
37 71 5
37 72 -100
37 74 23
37 76 -98
37 77 74
37 79 94
37 82 48
37 85 42
37 86 -70
37 87 28
37 90 -62
37 91 -17
37 93 10
37 99 -32
38 0 -40
38 1 53
38 2 -10
38 4 -15
38 6 23
38 7 25
38 8 7
38 13 -7
38 14 4
38 15 80
38 16 74
38 17 -81
38 20 -69
38 21 52
38 23 45
38 24 -2
38 25 32
38 27 -6
38 30 21
38 32 -16
38 36 -17
38 40 -67
38 45 36
38 46 44
38 50 18
38 55 -56
38 56 -20
38 57 66
38 58 -80
38 60 -30
38 61 -42
38 63 10
38 64 -77
38 65 32
38 69 -93
38 72 -87
38 75 -81
38 76 47
38 77 -21
38 78 62
38 80 61
38 81 -81
38 84 -60
38 85 16
38 86 -84
38 89 43
38 90 -17
38 91 -43
38 92 -97
38 93 37
38 96 -1
39 0 78
39 1 20
39 2 37
39 4 -45
39 7 -89
39 15 -20
39 19 -60
39 20 -27
39 24 54
39 29 -5
39 30 -82
39 31 67
39 32 -60
39 33 68
39 36 -5
39 37 -82
39 38 18
39 49 -82
39 50 80
39 52 -27
39 56 -48
39 58 62
39 60 -89
39 62 94
39 64 11
39 67 -27
39 69 46
39 71 87
39 72 -73
39 73 -97
39 74 -26
39 79 -44
39 80 24
39 81 70
39 84 -31
39 86 35
39 87 -21
39 89 -62
39 90 -25
39 93 87
39 97 8
40 2 51
40 3 -18
40 7 -93
40 9 -51
40 10 22
40 11 37
40 12 -67
40 14 -62
40 20 -3
40 21 2
40 23 74
40 25 78
40 27 -19
40 30 -92
40 33 11
40 34 -1
40 35 -49
40 36 61
40 37 -74
40 39 36
40 40 9
40 44 -10
40 46 100
40 49 -3
40 50 60
40 51 52
40 52 -82
40 53 -55
40 54 90
40 55 82
40 58 79
40 59 -18
40 63 -69
40 65 40
40 66 85
40 67 -34
40 68 74
40 69 84
40 70 -7
40 72 92
40 73 -55
40 75 -51
40 80 -6
40 81 92
40 85 45
40 91 57
40 92 94
40 94 -3
40 96 -90
40 97 85
41 5 8
41 6 -68
41 8 -65
41 9 -13
41 11 27
41 17 4
41 18 97
41 19 -21
41 21 13
41 24 91
41 25 20
41 26 19
41 28 61
41 29 -41
41 30 29
41 32 -58
41 33 63
41 34 69
41 36 -36
41 42 -7
41 43 63
41 47 62
41 50 80
41 52 69
41 53 -60
41 56 -87
41 58 9
41 59 -4
41 60 32
41 61 87
41 62 78
41 63 -49
41 66 32
41 69 67
41 70 87
41 72 -92
41 73 74
41 75 -56
41 76 94
41 77 -78
41 78 48
41 79 -19
41 80 -1
41 81 -32
41 82 -79
41 83 78
41 84 44
41 86 -13
41 89 -87
41 90 21
41 91 44
41 92 2
41 96 -39
41 97 -58
42 7 98
42 10 -79
42 14 -34
42 16 -55
42 17 -99
42 18 -79
42 20 -75
42 21 -51
42 22 -14
42 23 -65
42 25 -57
42 26 49
42 28 41
42 30 83
42 34 27
42 37 -84
42 38 -83
42 40 41
42 42 -55
42 45 25
42 49 -43
42 50 -43
42 51 -76
42 52 -2
42 53 19
42 57 -42
42 58 7
42 62 -78
42 64 -19
42 65 52
42 66 -69
42 70 66
42 75 9
42 76 32
42 77 59
42 78 -96
42 79 47
42 80 -28
42 84 23
42 86 5
42 89 -48
42 90 64
42 93 -33
42 96 74
42 99 79
43 0 38
43 1 87
43 2 -63
43 4 -89
43 9 -73
43 12 -18
43 13 16
43 14 18
43 16 41
43 20 -84
43 21 85
43 25 35
43 28 -73
43 29 -97
43 30 86
43 31 91
43 35 -66
43 36 -93
43 39 53
43 44 -46
43 45 -15
43 49 99
43 50 -64
43 55 -8
43 58 -17
43 59 82
43 61 -22
43 62 66
43 65 -59
43 66 -75
43 67 97
43 70 63
43 71 -40
43 73 65
43 74 74
43 75 2
43 78 -38
43 82 -82
43 84 -7
43 85 30
43 87 -35
43 88 -24
43 91 6
43 92 29
43 93 69
43 94 -4
43 95 80
43 99 12
44 3 27
44 4 61
44 5 -76
44 8 96
44 9 82
44 12 -44
44 13 41
44 14 2
44 19 27
44 20 49
44 21 -43
44 22 -72
44 25 -34
44 26 -40
44 33 -51
44 35 -2
44 36 -63
44 38 37
44 39 70
44 40 -47
44 47 26
44 49 18
44 50 -69
44 52 -31
44 54 5
44 56 -28
44 57 -71
44 59 -96
44 60 93
44 62 46
44 65 65
44 67 -99
44 68 -49
44 69 -21
44 70 -85
44 78 49
44 80 -45
44 81 -30
44 85 -25
44 87 16
44 92 63
45 1 -13
45 3 -69
45 6 46
45 8 65
45 10 -11
45 12 -40
45 13 -54
45 15 48
45 16 -29
45 17 -71
45 18 99
45 19 -20
45 23 -81
45 25 17
45 28 50
45 29 -61
45 34 -59
45 36 -10
45 37 14
45 39 59
45 40 -78
45 41 -37
45 48 12
45 49 93
45 51 62
45 53 -54
45 54 -68
45 55 40
45 58 -33
45 59 65
45 60 44
45 63 -19
45 67 -45
45 69 9
45 70 -95
45 74 90
45 76 45
45 81 -19
45 82 16
45 83 59
45 84 64
45 86 -27
45 88 94
45 93 39
45 94 76
45 98 -43
45 99 55
46 0 -87
46 4 -65
46 7 -41
46 9 73
46 10 -17
46 14 57
46 17 36
46 22 14
46 25 -49
46 26 27
46 27 8
46 30 -71
46 31 -25
46 33 -3
46 34 -45
46 35 43
46 37 69
46 40 -89
46 41 27
46 44 75
46 45 -50
46 50 65
46 52 16
46 54 58
46 56 -28
46 57 47
46 58 71
46 59 9
46 62 89
46 63 88
46 68 50
46 69 54
46 70 53
46 72 76
46 73 -79
46 75 -60
46 82 -3
46 84 -12
46 86 55
46 87 -68
46 88 59
46 89 -36
46 91 -43
46 92 -40
46 93 53
46 97 37
46 98 -65
46 99 -14
47 0 -6
47 1 -84
47 2 -34
47 5 5
47 8 5
47 13 -26
47 14 45
47 16 84
47 20 -14
47 22 29
47 24 -63
47 29 -55
47 30 5
47 31 -84
47 33 -62
47 39 46
47 41 75
47 42 -19
47 43 -53
47 45 -30
47 46 -15
47 48 -73
47 50 48
47 53 -22
47 54 80
47 55 64
47 57 -79
47 60 -66
47 61 62
47 62 -91
47 65 10
47 67 35
47 68 78
47 69 -78
47 77 51
47 79 -76
47 83 78
47 87 -8
47 88 90
47 89 42
47 90 22
47 91 -76
47 92 48
47 99 2
48 1 99
48 2 -60
48 6 -62
48 7 -96
48 8 43
48 11 64
48 14 93
48 15 -41
48 20 78
48 21 -18
48 22 -32
48 23 89
48 24 -21
48 25 -20
48 26 -46
48 28 42
48 29 2
48 30 14
48 31 -43
48 32 59
48 33 -92
48 36 -55
48 37 29
48 44 10
48 45 -93
48 52 87
48 56 72
48 57 -9
48 58 12
48 63 84
48 64 -45
48 69 -61
48 72 -47
48 74 -72
48 76 -100
48 77 -42
48 79 -85
48 80 16
48 85 46
48 87 -66
48 88 76
48 91 -1
48 92 -3
48 97 12
49 1 56
49 2 -89
49 5 52
49 6 39
49 8 -12
49 9 -97
49 15 -60
49 20 -100
49 23 -9
49 27 56
49 29 -61
49 32 -21
49 40 -73
49 41 48
49 43 -5
49 44 -79
49 48 -81
49 49 46
49 52 72
49 53 -73
49 57 85
49 59 3
49 60 15
49 61 61
49 69 -31
49 72 -93
49 73 1
49 74 94
49 79 -77
49 80 71
49 81 30
49 84 57
49 85 75
49 86 -66
49 87 85
49 89 74
49 91 26
49 92 37
49 94 -1
49 96 71
49 97 27
49 99 -80
50 1 -63
50 2 -34
50 4 7
50 6 -43
50 11 -32
50 14 97
50 16 -78
50 18 50
50 19 54
50 21 100
50 25 66
50 27 78
50 28 -85
50 32 79
50 33 29
50 36 -50
50 37 62
50 45 -10
50 47 83
50 49 -14
50 50 -38
50 51 96
50 56 40
50 57 -73
50 58 65
50 60 -49
50 61 53
50 65 -7
50 67 -7
50 69 52
50 75 -96
50 76 -71
50 77 -22
50 78 -76
50 80 42
50 81 82
50 82 -35
50 83 -6
50 84 81
50 85 42
50 87 20
50 89 -16
50 91 94
50 93 -32
50 96 18
51 0 49
51 1 26
51 3 -3
51 5 -45
51 6 -23
51 7 73
51 12 57
51 13 97
51 14 -77
51 15 76
51 17 16
51 19 -67
51 21 -56
51 22 42
51 23 56
51 24 -86
51 26 25
51 27 -71
51 28 64
51 29 -13
51 30 67
51 31 -52
51 32 82
51 34 56
51 35 -20
51 36 -55
51 38 61
51 40 3
51 43 -7
51 47 76
51 50 67
51 51 -16
51 54 -11
51 55 2
51 56 1
51 57 98
51 58 16
51 59 -52
51 62 67
51 63 41
51 65 56
51 68 -60
51 69 35
51 71 23
51 72 52
51 75 40
51 76 -40
51 77 20
51 78 -95
51 83 67
51 85 -64
51 89 29
51 92 93
51 93 -38
51 94 29
51 95 43
51 97 -43
51 99 43
52 0 -15
52 2 -36
52 3 5
52 4 15
52 5 -3
52 8 -40
52 13 -52
52 14 83
52 15 54
52 17 31
52 19 -14
52 23 -55
52 28 -62
52 29 2
52 31 70
52 32 -34
52 33 -64
52 34 41
52 37 75
52 38 26
52 39 99
52 40 -16
52 41 60
52 44 -56
52 45 61
52 49 57
52 51 92
52 56 -19
52 60 28
52 61 -58
52 63 -98
52 65 -29
52 68 55
52 76 -64
52 78 -23
52 79 -39
52 83 5
52 90 99
52 92 -12
52 97 -1
52 98 -65
52 99 -41
53 1 12
53 2 9
53 3 70
53 5 -84
53 7 -48
53 9 19
53 10 15
53 11 100
53 13 72
53 14 89
53 17 -2
53 18 -57
53 21 -58
53 22 -94
53 23 32
53 25 -78
53 28 -89
53 29 91
53 30 -20
53 31 -10
53 32 -72
53 34 -93
53 37 79
53 39 75
53 42 -27
53 43 71
53 45 90
53 49 -5
53 54 28
53 56 -70
53 58 -84
53 59 99
53 60 -69
53 63 -72
53 67 -87
53 73 32
53 78 -13
53 80 34
53 81 7
53 83 -64
53 85 -93
53 86 -66
53 90 -92
53 91 -55
53 93 41
53 96 45
53 99 76
54 0 -30
54 1 -37
54 3 -51
54 4 21
54 10 -7
54 11 -61
54 14 85
54 17 21
54 20 100
54 22 1
54 23 -9
54 24 -82
54 25 -81
54 32 78
54 33 5
54 34 4
54 35 -15
54 36 41
54 37 32
54 38 -25
54 39 91
54 45 -72
54 47 7
54 48 27
54 51 -1
54 54 67
54 57 -71
54 58 26
54 59 33
54 61 -11
54 62 80
54 63 -77
54 68 67
54 69 21
54 70 58
54 78 48
54 82 37
54 83 -39
54 85 -43
54 86 42
54 88 3
54 90 34
54 94 56
54 97 97
54 98 -86
54 99 -82
55 2 -44
55 4 41
55 8 15
55 15 -83
55 16 -51
55 22 -50
55 24 -55
55 25 99
55 28 50
55 29 -69
55 30 -4
55 32 63
55 33 -13
55 34 -64
55 36 -83
55 37 76
55 39 -68
55 40 26
55 42 -41
55 44 11
55 47 44
55 49 97
55 51 87
55 52 70
55 54 5
55 55 69
55 58 -86
55 59 -24
55 60 -68
55 61 39
55 62 99
55 63 -90
55 66 -90
55 69 50
55 73 -48
55 75 74
55 76 -16
55 77 31
55 78 -94
55 80 9
55 84 7
55 86 51
55 88 3
55 94 -90
55 96 -46
56 5 65
56 8 13
56 9 21
56 10 9
56 11 -39
56 12 20
56 13 52
56 16 -100
56 17 -68
56 18 -75
56 19 87
56 20 -88
56 21 29
56 22 -43
56 25 -67
56 29 -64
56 32 72
56 34 65
56 38 83
56 39 76
56 40 -65
56 43 53
56 46 -73
56 48 46
56 49 -21
56 57 -78
56 58 -93
56 62 -28
56 66 -72
56 67 -33
56 68 -20
56 69 95
56 71 77
56 73 -71
56 74 54
56 75 -21
56 76 22
56 77 -59
56 78 69
56 79 -100
56 81 -55
56 83 11
56 84 -61
56 85 -61
56 87 45
56 88 -5
56 96 70
57 1 -98
57 2 94
57 4 92
57 5 -73
57 6 -43
57 9 41
57 10 -37
57 11 35
57 13 -81
57 15 -20
57 16 47
57 18 18
57 19 48
57 21 70
57 22 -72
57 25 -64
57 31 -61
57 32 44
57 38 38
57 39 -98
57 40 89
57 42 39
57 45 -33
57 47 -48
57 52 13
57 58 -13
57 60 -42
57 61 -14
57 64 -99
57 65 26
57 67 -19
57 70 53
57 71 -38
57 72 -69
57 74 -46
57 77 81
57 78 -53
57 79 21
57 80 62
57 82 -9
57 83 -4
57 85 30
57 87 -73
57 89 -71
57 92 -36
57 93 26
57 95 -91
58 1 -25
58 4 1
58 5 -46
58 8 -85
58 9 -58
58 11 46
58 12 -24
58 13 69
58 15 34
58 16 82
58 17 71
58 18 -79
58 19 -71
58 20 84
58 22 76
58 26 -22
58 27 -12
58 29 79
58 33 -99
58 35 59
58 39 11
58 41 -66
58 42 38
58 46 -77
58 47 -88
58 51 12
58 54 -8
58 56 74
58 57 3
58 58 32
58 60 56
58 63 -9
58 65 -17
58 68 -15
58 70 -7
58 72 -99
58 73 -43
58 76 -96
58 77 27
58 78 43
58 80 26
58 81 66
58 84 -69
58 86 30
58 87 70
58 89 -1
58 91 95
58 92 89
58 93 75
58 95 37
58 97 63
59 1 40
59 4 2
59 5 -2
59 6 -8
59 8 -93
59 9 95
59 12 -15
59 14 -13
59 15 -29
59 16 -75
59 18 58
59 24 -43
59 31 -92
59 33 -14
59 34 -95
59 38 44
59 39 61
59 42 66
59 43 55
59 46 -8
59 48 91
59 49 -75
59 51 -20
59 53 -32
59 58 -71
59 60 -96
59 63 64
59 64 22
59 65 2
59 68 12
59 71 84
59 72 88
59 78 93
59 79 62
59 80 70
59 81 61
59 82 96
59 85 -64
59 89 18
59 91 5
59 95 -13
59 98 46
60 0 -62
60 2 13
60 3 65
60 5 -13
60 6 82
60 8 84
60 9 -38
60 11 14
60 14 13
60 15 21
60 18 -40
60 19 32
60 20 -2
60 24 -78
60 26 -4
60 30 76
60 33 -86
60 34 48
60 35 36
60 39 97
60 45 -88
60 48 -46
60 50 87
60 53 56
60 54 65
60 55 -74
60 56 51
60 58 80
60 60 59
60 62 -58
60 67 35
60 69 15
60 70 43
60 72 31
60 73 -81
60 74 -28
60 78 -44
60 80 -29
60 82 18
60 84 15
60 85 -91
60 87 91
60 88 45
60 91 78
60 93 -50
60 95 -38
60 96 -4
60 97 -62
60 99 -31
61 1 57
61 3 94
61 6 21
61 7 -59
61 8 12
61 9 -61
61 11 -89
61 14 15
61 16 -84
61 19 -79
61 23 54
61 24 35
61 26 -24
61 31 -87
61 32 -49
61 33 77
61 36 16
61 40 -72
61 41 -45
61 42 71
61 47 -91
61 48 44
61 49 30
61 52 -87
61 53 -92
61 54 46
61 57 46
61 58 -1
61 61 -16
61 62 96
61 63 55
61 64 -70
61 65 5
61 66 63
61 68 66
61 69 20
61 72 15
61 79 -59
61 81 -72
61 82 -26
61 83 -56
61 84 24
61 88 100
61 90 20
61 91 -39
61 92 -64
61 95 -77
61 97 -93
61 98 -62
62 0 -46
62 3 18
62 5 52
62 7 -14
62 11 -33
62 17 4
62 19 -72
62 27 -99
62 28 3
62 29 45
62 30 88
62 39 65
62 44 67
62 46 -53
62 48 -82
62 49 81
62 50 -30
62 54 -64
62 55 -45
62 57 -59
62 58 25
62 59 -13
62 60 27
62 61 21
62 64 22
62 67 55
62 70 90
62 71 16
62 73 -27
62 74 -14
62 76 -33
62 78 -61
62 79 -37
62 80 -74
62 83 57
62 86 -54
62 87 -74
62 90 85
62 91 61
62 94 26
62 95 -98
62 96 -19
62 98 -91
62 99 -100
63 1 14
63 8 7
63 9 94
63 10 56
63 12 -83
63 14 60
63 15 25
63 16 69
63 18 -74
63 21 47
63 22 -44
63 23 -39
63 24 -18
63 25 26
63 27 -62
63 28 -47
63 30 -46
63 31 7
63 33 -84
63 34 -90
63 35 -88
63 37 -44
63 38 -18
63 40 -5
63 41 72
63 43 -9
63 44 -2
63 45 85
63 47 1
63 53 -50
63 55 80
63 56 -83
63 57 97
63 61 -10
63 63 -29
63 65 -7
63 66 -95
63 69 -24
63 70 -89
63 73 -97
63 74 -47
63 76 -100
63 77 60
63 78 -89
63 80 9
63 81 -75
63 85 -66
63 88 -71
63 91 13
63 94 -98
63 95 78
63 97 8
63 99 -30
64 0 26
64 1 100
64 2 -77
64 3 -43
64 4 -96
64 7 -13
64 10 -29
64 11 -24
64 13 -16
64 17 28
64 18 78
64 19 80
64 20 -56
64 21 10
64 22 17
64 23 33
64 33 -75
64 34 38
64 35 -99
64 37 60
64 38 -10
64 39 -69
64 42 -4
64 44 -75
64 45 4
64 47 93
64 51 80
64 54 -13
64 57 -18
64 60 -5
64 61 -37
64 62 -68
64 63 -49
64 64 -4
64 67 10
64 69 -27
64 72 87
64 73 -56
64 74 -82
64 75 -22
64 77 58
64 78 -20
64 87 69
64 92 32
64 94 31
64 98 23
65 3 90
65 5 -93
65 6 -99
65 9 56
65 10 82
65 17 55
65 18 52
65 20 16
65 21 -69
65 23 83
65 26 -68
65 27 19
65 28 27
65 29 64
65 30 -33
65 34 95
65 35 -36
65 36 27
65 43 -48
65 44 8
65 45 14
65 50 -23
65 51 -80
65 53 37
65 55 5
65 56 -32
65 62 -16
65 64 -10
65 65 98
65 70 -44
65 72 19
65 75 82
65 76 -28
65 81 -62
65 82 -46
65 85 -35
65 88 48
65 89 -24
65 90 46
65 91 -39
65 95 -23
65 96 88
65 98 -72
66 0 -48
66 2 -93
66 3 26
66 5 -47
66 6 19
66 8 64
66 10 62
66 11 29
66 13 -88
66 19 33
66 20 -92
66 22 64
66 24 -76
66 27 14
66 28 38
66 31 77
66 33 -33
66 34 9
66 35 -23
66 37 38
66 38 13
66 39 98
66 40 -24
66 42 18
66 47 -3
66 50 -21
66 56 41
66 57 1
66 58 -26
66 60 -60
66 61 -57
66 64 11
66 67 10
66 69 45
66 74 -4
66 75 -79
66 79 47
66 88 83
66 90 18
66 91 -98
66 95 61
66 98 85
67 2 80
67 3 -4
67 4 -22
67 5 -89
67 8 -21
67 9 -15
67 11 79
67 12 -54
67 17 -28
67 20 30
67 21 67
67 25 53
67 28 71
67 29 -65
67 30 94
67 31 -16
67 34 24
67 37 83
67 39 -70
67 41 -72
67 42 -13
67 43 -81
67 44 -100
67 45 55
67 46 -86
67 55 -54
67 59 -25
67 61 86
67 62 55
67 64 -19
67 66 47
67 70 5
67 75 -13
67 77 -82
67 78 -91
67 80 76
67 81 41
67 82 -81
67 84 5
67 85 -18
67 86 -43
67 88 -4
67 89 -1
67 91 -10
67 93 57
67 94 57
67 96 -87
67 97 -86
68 2 85
68 4 -10
68 5 -9
68 10 -20
68 13 69
68 14 -33
68 15 39
68 17 65
68 18 57
68 19 -75
68 20 -88
68 21 -80
68 22 84
68 24 85
68 27 -71
68 35 -20
68 37 -16
68 38 63
68 40 14
68 41 -68
68 42 -25
68 43 60
68 45 29
68 50 31
68 53 48
68 54 -88
68 55 53
68 56 -77
68 57 100
68 60 64
68 62 -61
68 63 -52
68 64 -81
68 65 -34
68 66 16
68 69 3
68 70 8
68 71 -79
68 72 50
68 75 -26
68 76 -100
68 77 -38
68 82 71
68 85 77
68 86 68
68 92 -74
68 93 3
68 96 -8
68 97 42
69 0 21
69 1 62
69 3 12
69 6 -96
69 8 21
69 9 -5
69 10 -2
69 11 79
69 13 13
69 15 -73
69 16 -77
69 18 -18
69 19 -55
69 21 16
69 24 -82
69 25 -97
69 27 94
69 29 65
69 30 24
69 34 -37
69 35 -13
69 36 -43
69 39 10
69 40 35
69 41 -14
69 43 50
69 46 59
69 47 -58
69 50 -33
69 56 -11
69 60 86
69 63 6
69 68 -42
69 69 -21
69 70 96
69 72 40
69 75 7
69 79 -29
69 83 52
69 87 45
69 89 -5
69 90 -97
69 92 96
69 93 -53
69 94 43
69 96 70
69 97 -94
69 98 -87
70 0 54
70 2 48
70 3 16
70 5 -85
70 8 -52
70 12 -66
70 13 97
70 16 66
70 17 95
70 21 -96
70 25 -85
70 26 -31
70 29 -68
70 35 86
70 38 82
70 40 -82
70 41 78
70 42 76
70 44 72
70 45 75
70 46 -28
70 47 91
70 49 -59
70 52 -30
70 53 60
70 56 -84
70 57 -95
70 58 5
70 61 -39
70 62 -59
70 63 -88
70 66 16
70 67 15
70 68 -70
70 69 89
70 72 13
70 74 7
70 75 22
70 76 64
70 77 -81
70 79 -4
70 83 2
70 89 74
70 92 55
70 93 16
70 94 -77
70 95 45
70 98 -5
70 99 52
71 0 -74
71 10 26
71 11 68
71 14 -76
71 15 42
71 16 -75
71 17 -24
71 18 -78
71 22 -65
71 25 4
71 26 -52
71 27 1
71 33 -1
71 35 -54
71 38 -6
71 39 3
71 41 -63
71 42 92
71 43 -77
71 46 15
71 47 17
71 49 13
71 52 53
71 53 -50
71 56 -95
71 57 -47
71 60 8
71 61 -95
71 62 75
71 63 -63
71 64 -92
71 65 63
71 68 14
71 69 97
71 70 -86
71 71 -67
71 75 52
71 77 78
71 80 65
71 86 -56
71 92 -63
71 96 77
71 98 -36
72 0 -83
72 1 -100
72 6 32
72 8 36
72 10 82
72 14 -72
72 15 29
72 16 -89
72 17 -38
72 20 59
72 21 48
72 22 -88
72 23 58
72 25 -69
72 29 -58
72 30 60
72 31 -11
72 34 -75
72 38 35
72 40 53
72 41 26
72 43 -99
72 44 -48
72 46 94
72 47 1
72 48 17
72 51 53
72 52 -92
72 54 72
72 55 -78
72 56 -68
72 58 68
72 59 51
72 60 -99
72 61 27
72 62 -16
72 64 -30
72 65 -40
72 66 61
72 67 8
72 68 -33
72 71 -76
72 72 -80
72 74 -46
72 76 -60
72 77 1
72 79 -24
72 80 53
72 81 95
72 82 -19
72 85 5
72 86 43
72 89 -43
72 93 99
72 96 55
72 97 -15
72 99 94
73 0 -58
73 1 26
73 2 55
73 4 82
73 5 33
73 6 16
73 8 94
73 13 18
73 14 36
73 16 -75
73 18 -56
73 19 34
73 22 -46
73 25 99
73 27 -97
73 29 66
73 30 -63
73 38 -37
73 39 94
73 40 80
73 41 43
73 42 30
73 44 76
73 45 -99
73 46 -72
73 48 -19
73 51 -37
73 52 82
73 54 87
73 55 89
73 59 -84
73 61 -3
73 62 75
73 64 -93
73 65 29
73 66 -47
73 67 -11
73 72 -42
73 76 -75
73 79 -42
73 81 -57
73 88 -36
73 91 97
73 94 -1
73 95 100
73 96 41
73 97 -29
73 98 -24
73 99 49
74 0 -74
74 4 71
74 6 -98
74 7 82
74 10 38
74 11 73
74 13 -52
74 15 -52
74 20 18
74 22 -12
74 23 -91
74 28 29
74 30 -14
74 33 -23
74 34 38
74 35 -10
74 41 -47
74 42 42
74 43 97
74 44 82
74 45 -31
74 46 82
74 47 -76
74 49 -57
74 52 48
74 57 -53
74 58 -50
74 61 69
74 62 30
74 63 21
74 71 -71
74 74 -53
74 75 6
74 76 13
74 78 14
74 79 -57
74 80 23
74 82 -29
74 83 -23
74 84 -54
74 88 10
74 89 20
74 92 27
74 93 -9
74 96 60
74 97 12
74 98 86
74 99 -54
75 0 -94
75 1 -1
75 4 -49
75 6 71
75 7 51
75 8 84
75 10 -84
75 13 -79
75 16 -97
75 18 -53
75 21 28
75 26 43
75 30 97
75 31 86
75 32 -73
75 35 -49
75 42 -61
75 43 23
75 44 -76
75 48 89
75 54 29
75 57 -20
75 59 70
75 62 -57
75 63 64
75 71 -95
75 72 -46
75 73 9
75 74 -18
75 75 -30
75 77 -40
75 79 -5
75 80 -78
75 81 -25
75 82 85
75 83 -24
75 86 -88
75 89 82
75 91 -60
75 95 -21
75 97 56
75 98 55
76 1 -61
76 3 -50
76 4 -44
76 5 -40
76 7 -55
76 8 81
76 9 -17
76 11 49
76 12 65
76 13 73
76 14 -75
76 15 -6
76 16 -60
76 17 49
76 18 -59
76 23 71
76 26 96
76 27 -92
76 29 19
76 30 -57
76 32 -78
76 34 80
76 35 39
76 36 -50
76 37 62
76 38 78
76 41 93
76 44 -100
76 46 8
76 52 67
76 55 -2
76 56 -15
76 58 -56
76 64 -65
76 67 -34
76 71 32
76 72 60
76 74 74
76 77 88
76 80 10
76 83 -37
76 85 -38
76 90 31
76 91 -53
76 92 -78
76 96 -44
76 99 -84
77 2 56
77 4 16
77 6 -25
77 7 -2
77 8 33
77 9 85
77 11 -97
77 12 -83
77 14 67
77 16 -64
77 17 -30
77 20 -54
77 21 89
77 23 46
77 26 92
77 27 24
77 28 84
77 32 -11
77 33 -70
77 37 -82
77 38 -79
77 40 12
77 42 66
77 44 43
77 45 -11
77 46 -37
77 47 18
77 50 -11
77 59 -10
77 61 -44
77 63 -64
77 64 61
77 66 38
77 68 -61
77 72 55
77 74 51
77 78 -75
77 81 84
77 82 52
77 83 82
77 84 -16
77 87 26
77 90 40
77 91 95
77 92 54
77 93 -46
77 94 -33
77 96 -62
77 99 19
78 2 76
78 3 8
78 7 39
78 8 -48
78 10 73
78 12 46
78 15 34
78 16 92
78 17 97
78 19 1
78 27 47
78 28 -92
78 30 -8
78 34 -8
78 36 49
78 40 84
78 41 -29
78 42 -96
78 45 12
78 47 -11
78 48 -87
78 50 -69
78 56 -31
78 57 61
78 62 56
78 64 45
78 66 70
78 67 -83
78 68 49
78 70 -13
78 72 -100
78 76 13
78 79 56
78 81 -74
78 82 -4
78 84 -87
78 85 52
78 86 91
78 98 -59
79 2 51
79 3 76
79 4 -64
79 7 99
79 8 -99
79 14 -16
79 15 -82
79 17 -71
79 19 97
79 23 -13
79 25 -80
79 26 88
79 31 -21
79 36 -40
79 40 5
79 41 100
79 43 30
79 44 82
79 47 -94
79 54 -51
79 58 -10
79 59 -41
79 64 7
79 65 -29
79 66 -16
79 68 -71
79 72 21
79 77 17
79 80 39
79 82 50
79 84 50
79 89 97
79 95 -37
79 98 -32
79 99 13
80 1 -48
80 2 33
80 3 25
80 5 85
80 7 69
80 12 -12
80 14 -53
80 15 -96
80 16 69
80 18 -68
80 21 65
80 23 6
80 25 -37
80 26 56
80 27 -36
80 28 -90
80 33 -90
80 36 -21
80 37 39
80 38 96
80 39 26
80 40 89
80 42 -55
80 45 -47
80 47 42
80 48 97
80 49 75
80 52 -52
80 53 99
80 54 -20
80 55 37
80 59 -58
80 61 71
80 62 78
80 64 -16
80 66 7
80 68 -73
80 69 95
80 71 65
80 72 95
80 78 -94
80 79 -86
80 83 33
80 86 -25
80 87 -47
80 92 64
80 94 72
80 95 -94
81 0 -54
81 3 38
81 5 2
81 6 73
81 7 97
81 8 -29
81 9 -29
81 10 95
81 15 -9
81 19 82
81 21 -30
81 22 94
81 27 -81
81 32 -73
81 33 -57
81 34 40
81 36 21
81 37 98
81 38 -4
81 43 46
81 45 81
81 46 -90
81 49 -48
81 51 -81
81 53 35
81 55 48
81 58 26
81 59 -51
81 60 18
81 63 -87
81 66 -53
81 68 -61
81 70 89
81 71 -23
81 73 -76
81 79 40
81 80 80
81 82 -51
81 84 -87
81 85 9
81 86 -71
81 88 34
81 91 -96
81 92 -46
81 93 -73
81 96 18
81 99 35
82 2 10
82 4 40
82 5 97
82 6 97
82 10 5
82 11 -11
82 13 -77
82 14 -24
82 15 -91
82 17 5
82 18 71
82 19 -23
82 20 95
82 30 5
82 34 -99
82 35 84
82 36 -7
82 38 -54
82 39 14
82 40 -32
82 42 44
82 43 -99
82 44 24
82 47 -95
82 48 61
82 49 91
82 52 -85
82 53 45
82 57 3
82 65 43
82 66 57
82 67 -68
82 72 -61
82 76 31
82 77 95
82 80 -32
82 81 63
82 82 -82
82 83 18
82 84 -69
82 85 -73
82 86 -71
82 89 -70
82 90 -67
82 91 91
82 92 67
82 95 -54
82 96 -38
83 0 31
83 1 -45
83 2 97
83 6 -86
83 11 -92
83 12 24
83 13 37
83 14 63
83 18 72
83 20 -21
83 23 99
83 25 61
83 26 90
83 30 -17
83 32 -68
83 40 -91
83 41 14
83 42 -64
83 43 -73
83 45 11
83 46 -45
83 51 40
83 53 65
83 55 -58
83 56 51
83 59 -71
83 60 94
83 62 -73
83 65 -86
83 70 -73
83 73 55
83 75 49
83 77 42
83 80 76
83 81 -55
83 83 -26
83 84 -92
83 86 80
83 87 35
83 91 -100
83 93 31
83 94 -26
83 95 -3
83 96 55
83 97 -71
83 98 15
84 0 -30
84 2 42
84 3 87
84 4 -83
84 7 -32
84 9 80
84 12 -21
84 13 45
84 15 -55
84 18 30
84 19 90
84 21 -67
84 23 -62
84 25 -39
84 26 51
84 31 92
84 35 -35
84 36 -38
84 37 26
84 41 -55
84 42 78
84 45 20
84 47 -19
84 49 95
84 51 -23
84 52 72
84 53 -57
84 54 -94
84 57 19
84 60 -32
84 62 46
84 63 -49
84 64 84
84 66 -40
84 67 -78
84 68 2
84 71 59
84 72 -30
84 73 -6
84 77 51
84 79 -90
84 86 19
84 87 -56
84 91 -82
84 92 72
84 96 -100
84 98 21
85 1 -69
85 3 -9
85 5 -55
85 8 88
85 11 -76
85 12 -97
85 15 -44
85 17 -66
85 18 -47
85 21 -59
85 22 -19
85 23 -60
85 25 -35
85 30 86
85 31 61
85 32 57
85 33 -55
85 34 -93
85 35 -47
85 36 30
85 40 15
85 41 97
85 42 -79
85 47 36
85 48 -27
85 49 -15
85 50 13
85 55 -10
85 57 57
85 59 -82
85 63 -70
85 68 -63
85 72 -76
85 73 83
85 75 64
85 76 -18
85 79 -32
85 82 5
85 87 59
85 89 92
85 90 -30
85 93 -22
85 96 11
85 99 31
86 0 60
86 1 43
86 2 93
86 4 25
86 5 -93
86 9 64
86 10 -65
86 12 39
86 13 35
86 14 -70
86 15 -71
86 16 -49
86 17 84
86 20 8
86 21 93
86 22 100
86 23 -57
86 24 -21
86 25 -44
86 26 30
86 27 88
86 28 66
86 29 95
86 30 2
86 32 -11
86 35 -61
86 36 -36
86 38 76
86 42 8
86 43 -2
86 46 80
86 49 15
86 52 95
86 53 -29
86 54 -41
86 55 5
86 56 26
86 59 93
86 60 21
86 61 -48
86 62 -47
86 64 46
86 66 -33
86 68 -21
86 69 -11
86 76 88
86 77 -98
86 79 22
86 80 -59
86 81 -56
86 82 -22
86 87 -18
86 97 98
87 0 -2
87 4 70
87 7 -88
87 10 -79
87 12 5
87 13 -77
87 14 -78
87 16 -37
87 22 -81
87 26 17
87 27 16
87 29 45
87 30 -69
87 31 69
87 32 13
87 35 25
87 38 -80
87 42 -66
87 44 82
87 50 -97
87 51 42
87 54 -37
87 55 -3
87 56 -68
87 57 -48
87 61 -36
87 68 59
87 69 -4
87 70 -27
87 73 -50
87 76 89
87 77 -10
87 84 50
87 85 34
87 90 24
87 93 -7
87 95 -41
87 96 9
87 98 15
88 0 -50
88 3 -56
88 9 -28
88 11 52
88 14 81
88 17 -17
88 19 -12
88 20 -40
88 23 -92
88 26 67
88 28 96
88 31 64
88 34 -89
88 35 79
88 36 42
88 37 -96
88 38 -81
88 40 -66
88 41 -32
88 42 1
88 44 70
88 48 -44
88 54 -45
88 56 88
88 57 17
88 60 -22
88 63 -94
88 64 15
88 66 32
88 68 -35
88 72 -33
88 73 38
88 75 -34
88 76 -11
88 77 28
88 78 -52
88 80 27
88 82 32
88 84 81
88 85 61
88 86 -46
88 88 -42
88 89 20
88 94 72
88 95 94
88 97 1
88 98 62
88 99 31
89 0 -55
89 1 44
89 2 -83
89 3 28
89 5 67
89 7 47
89 10 -50
89 12 -37
89 13 67
89 15 4
89 17 92
89 22 -51
89 24 89
89 25 94
89 28 -24
89 31 -61
89 36 -72
89 39 50
89 43 56
89 47 62
89 48 -3
89 50 -91
89 56 18
89 58 47
89 59 -34
89 63 -51
89 64 -26
89 66 -16
89 67 51
89 70 -33
89 71 27
89 75 18
89 78 -60
89 79 -26
89 82 16
89 83 93
89 84 -30
89 85 68
89 86 -39
89 88 1
89 95 28
89 96 -62
89 97 -78
89 98 92
90 0 -22
90 2 -76
90 3 76
90 4 85
90 6 63
90 7 -16
90 8 14
90 10 52
90 15 53
90 17 -9
90 18 9
90 19 -37
90 20 -76
90 23 80
90 24 86
90 25 47
90 27 -89
90 28 -18
90 29 75
90 30 -34
90 33 61
90 34 85
90 35 -95
90 36 91
90 37 66
90 39 43
90 40 40
90 43 -64
90 44 33
90 46 77
90 49 -6
90 51 -60
90 52 -94
90 59 -62
90 61 -40
90 62 64
90 63 52
90 64 11
90 65 -15
90 66 21
90 69 2
90 71 67
90 80 -7
90 83 86
90 86 1
90 89 -11
90 90 54
90 95 -56
90 97 -43
91 0 -22
91 4 44
91 5 3
91 8 22
91 11 -64
91 12 17
91 13 -42
91 14 60
91 16 -5
91 19 -42
91 20 -96
91 21 25
91 25 -10
91 27 35
91 29 -98
91 30 -28
91 35 15
91 37 64
91 40 -63
91 41 60
91 48 -20
91 49 18
91 50 29
91 52 -70
91 55 -49
91 56 -8
91 58 84
91 60 82
91 64 15
91 66 -13
91 68 -17
91 71 16
91 75 84
91 79 77
91 80 -39
91 81 37
91 83 -36
91 89 -68
91 93 -6
91 94 97
91 97 -24
91 99 24
92 0 83
92 2 9
92 3 63
92 4 75
92 6 -67
92 7 78
92 10 88
92 11 -53
92 14 -33
92 16 20
92 17 -56
92 27 -73
92 28 37
92 30 79
92 31 -60
92 32 6
92 33 46
92 34 -23
92 38 -35
92 41 38
92 42 -8
92 43 -93
92 44 -87
92 45 38
92 46 94
92 47 -78
92 49 -12
92 50 -31
92 54 86
92 55 11
92 57 3
92 59 11
92 62 64
92 63 -18
92 64 -75
92 65 -99
92 66 40
92 67 -28
92 69 88
92 70 -34
92 71 -2
92 74 46
92 78 30
92 79 -37
92 81 -82
92 82 44
92 85 -97
92 87 83
92 90 -16
92 91 17
92 92 75
92 94 -71
92 97 -14
93 1 -15
93 2 84
93 3 -22
93 5 -65
93 6 -53
93 7 -34
93 8 82
93 10 -71
93 11 42
93 12 95
93 14 -7
93 16 -53
93 18 73
93 19 75
93 20 -60
93 22 16
93 24 47
93 25 -34
93 28 -9
93 29 -60
93 30 59
93 32 -94
93 33 -24
93 34 97
93 40 90
93 43 52
93 45 72
93 46 -90
93 48 30
93 54 -94
93 58 -51
93 59 -33
93 60 -84
93 61 -87
93 62 -34
93 63 6
93 65 -28
93 68 87
93 72 85
93 73 -86
93 74 36
93 75 23
93 78 -47
93 79 -16
93 80 -45
93 85 31
93 86 -1
93 92 31
93 94 69
93 95 77
93 97 -60
94 0 -63
94 3 25
94 5 73
94 7 57
94 13 -80
94 16 94
94 24 50
94 25 49
94 27 9
94 31 -73
94 33 59
94 34 -32
94 37 8
94 40 -87
94 41 84
94 43 56
94 44 -81
94 45 78
94 50 25
94 54 -57
94 55 73
94 57 26
94 65 26
94 67 78
94 69 96
94 72 9
94 79 -79
94 80 -89
94 81 -94
94 82 -8
94 84 -46
94 90 -60
94 92 34
94 98 57
94 99 -55
95 1 51
95 5 -78
95 9 -37
95 11 -79
95 12 -16
95 13 -69
95 14 -34
95 18 82
95 19 86
95 22 89
95 26 -39
95 27 -33
95 33 64
95 38 -42
95 39 5
95 42 -37
95 43 31
95 44 -24
95 47 -12
95 48 -64
95 50 -15
95 55 -12
95 56 93
95 57 23
95 58 -44
95 59 -34
95 60 -54
95 61 -62
95 62 66
95 63 -62
95 64 -70
95 65 33
95 69 -36
95 70 32
95 73 47
95 74 90
95 78 4
95 79 100
95 81 -55
95 84 -70
95 85 -62
95 87 -8
95 88 4
95 91 -35
95 93 -57
95 95 27
96 0 -54
96 1 13
96 3 35
96 5 -17
96 7 -67
96 8 96
96 9 30
96 13 -6
96 14 77
96 15 -88
96 16 -5
96 18 -54
96 19 96
96 20 44
96 24 -87
96 26 -90
96 29 -11
96 31 -29
96 35 -61
96 37 -72
96 39 -7
96 41 -77
96 42 -22
96 47 -69
96 48 68
96 49 -4
96 50 82
96 51 -74
96 52 -94
96 53 -59
96 55 83
96 57 -86
96 58 71
96 59 15
96 60 70
96 62 -91
96 64 68
96 65 4
96 66 -31
96 67 -98
96 68 16
96 69 -40
96 70 -73
96 74 -11
96 77 -97
96 78 28
96 80 -62
96 81 -53
96 84 51
96 86 -15
96 87 88
96 89 72
96 91 -78
96 93 -18
96 96 72
96 98 49
96 99 58
97 0 -100
97 3 -83
97 4 -87
97 6 61
97 8 87
97 13 -98
97 16 91
97 17 73
97 18 -47
97 20 5
97 22 -25
97 25 94
97 27 2
97 29 85
97 30 43
97 32 49
97 33 -46
97 34 10
97 38 6
97 40 89
97 42 13
97 45 -52
97 46 18
97 48 80
97 51 85
97 52 96
97 55 76
97 58 6
97 59 73
97 60 -14
97 61 -35
97 62 55
97 64 -73
97 65 43
97 66 46
97 68 -45
97 70 -50
97 71 85
97 72 26
97 73 -13
97 75 68
97 79 79
97 80 -2
97 81 -49
97 82 76
97 88 5
97 89 -18
97 93 71
97 97 -14
97 98 1
97 99 19
98 0 -81
98 1 66
98 2 85
98 3 -84
98 4 -20
98 5 75
98 6 56
98 9 -29
98 10 77
98 11 47
98 12 -93
98 17 -73
98 18 56
98 21 -45
98 25 -15
98 26 -52
98 27 -26
98 28 -96
98 29 31
98 32 -77
98 33 25
98 35 -86
98 37 15
98 38 -94
98 39 65
98 40 -18
98 41 -25
98 44 -51
98 46 49
98 48 -5
98 49 -30
98 50 94
98 53 -51
98 56 95
98 59 -52
98 62 57
98 63 -74
98 64 -92
98 65 -92
98 67 5
98 70 47
98 71 26
98 73 4
98 74 72
98 75 -38
98 79 -49
98 80 -67
98 81 -55
98 84 -77
98 87 5
98 88 -70
98 91 64
98 93 9
98 96 91
98 97 41
98 98 -9
98 99 82
99 3 66
99 5 80
99 7 -61
99 8 86
99 9 40
99 11 -80
99 12 19
99 14 -22
99 15 -49
99 16 60
99 20 51
99 23 38
99 24 -45
99 26 49
99 28 -98
99 29 49
99 30 87
99 31 50
99 32 -34
99 34 67
99 35 -76
99 39 -27
99 44 92
99 46 22
99 47 -3
99 50 -80
99 54 26
99 55 24
99 56 57
99 57 -32
99 59 12
99 63 90
99 65 44
99 66 -17
99 67 -90
99 70 98
99 72 -62
99 73 -40
99 74 35
99 76 29
99 77 80
99 78 -35
99 80 -13
99 86 -83
99 88 64
99 89 81
99 93 -58
99 94 -20
99 96 100
99 97 62
99 99 94