0 7 -73
0 52 -60
0 66 22
0 70 8
0 85 29
0 92 34
1 1 15
1 2 -28
1 7 24
1 15 71
1 25 -81
1 46 -80
1 75 42
1 84 -88
1 99 -11
2 7 -92
2 10 91
2 22 21
2 33 11
2 52 62
2 56 34
2 60 84
2 70 42
2 72 10
3 3 12
3 5 33
3 17 -37
3 21 -88
3 23 -93
3 46 83
3 74 81
3 87 -78
3 93 -75
4 8 16
4 15 -81
4 20 -8
4 21 -34
4 42 36
4 50 28
4 51 -55
4 56 -30
4 63 -59
4 80 86
4 88 -56
5 2 94
5 8 25
5 9 23
5 14 23
5 26 77
5 34 -26
5 51 -35
5 52 36
5 55 26
5 58 -14
5 66 -15
5 88 -11
5 95 43
6 2 78
6 3 -34
6 6 -78
6 19 84
6 45 -95
6 69 -86
6 90 31
6 94 -6
6 95 61
7 8 -76
7 20 8
7 50 -69
7 60 -13
7 61 89
7 71 92
8 6 66
8 21 -54
8 45 -5
9 24 40
9 26 -57
9 31 -7
9 39 -40
9 54 15
9 57 -53
9 61 -15
9 89 -66
9 97 24
9 99 55
10 7 -12
10 19 -43
10 26 44
10 38 -8
10 64 99
10 74 34
10 93 -85
10 95 -29
11 8 -27
11 18 2
11 61 -35
11 72 14
11 77 -55
11 82 88
11 84 54
12 22 27
12 45 -92
12 51 57
12 53 96
12 64 66
12 88 14
12 89 7
13 29 43
13 39 89
13 42 41
13 49 -8
13 63 -39
13 78 -88
13 91 16
14 14 55
14 21 27
14 24 -9
14 36 47
14 40 12
14 41 32
14 44 11
14 50 91
14 56 18
14 74 -45
15 6 -10
15 23 -48
15 40 18
15 42 -57
15 47 78
15 56 31
15 70 28
15 78 -88
15 79 -82
15 83 71
15 92 -63
16 4 -93
16 11 81
16 24 7
16 35 64
16 40 -38
16 58 92
16 60 4
16 71 -49
16 81 88
17 2 -66
17 4 -7
17 6 -20
17 8 -60
17 41 -86
17 60 -91
17 72 -10
17 94 44
18 13 -40
18 22 76
18 29 -94
18 73 -36
18 78 48
18 81 43
18 88 -70
18 89 9
19 7 61
19 64 9
19 82 13
19 98 47
20 10 55
20 16 34
20 20 78
20 31 -63
20 33 78
20 72 47
20 84 68
20 94 82
20 96 85
20 99 51
21 4 -75
21 5 -77
21 6 -62
21 40 99
21 44 21
21 55 80
21 66 39
21 97 -94
21 98 56
22 3 54
22 10 -26
22 16 -67
22 55 -11
22 69 50
22 81 -37
22 82 -41
23 67 82
23 92 -64
24 33 26
24 60 -71
24 70 -42
24 72 20
24 84 24
24 94 90
25 7 28
25 12 -68
25 32 -68
25 34 -26
25 55 33
25 75 16
25 76 42
25 92 -5
26 12 11
26 21 96
26 28 66
26 34 30
26 36 67
26 48 -84
27 1 -70
27 11 -65
27 17 69
27 53 -93
27 83 -66
27 86 -83
28 2 -99
28 4 -26
28 15 -1
28 18 -79
28 19 18
28 49 -98
28 53 31
28 60 17
28 63 63
28 66 25
28 75 -5
28 83 56
28 93 -6
28 96 -24
29 5 68
29 13 25
29 17 -9
29 39 95
29 46 1
29 55 -24
29 61 46
29 67 -27
29 85 -64
30 28 -59
30 34 -78
30 39 16
30 41 9
30 59 -94
30 64 -70
30 73 50
30 76 8
30 81 -16
31 9 71
31 11 -90
31 15 -12
31 22 -34
31 35 -70
31 76 8
31 94 -45
31 98 22
32 26 -14
32 42 -87
32 44 -25
32 46 -81
32 66 -34
32 95 -23
33 12 58
33 19 8
33 29 17
33 39 43
33 42 -13
33 45 72
33 61 10
33 85 -86
33 88 -59
33 99 86
34 0 -7
34 6 -4
34 33 32
34 38 9
34 72 70
34 89 -67
35 13 -30
35 33 -74
35 41 88
35 52 97
35 69 56
35 70 -81
35 77 -63
35 81 6
35 85 -91
36 2 17
36 9 -97
36 50 -6
36 58 67
36 69 -27
36 78 1
36 93 48
36 99 47
37 9 -61
37 23 47
37 24 43
37 31 -72
37 39 32
37 62 11
37 71 -67
37 87 -24
38 86 7
38 87 97
38 91 32
39 6 -89
39 7 -19
39 30 63
39 91 -69
39 96 42
40 2 -49
40 8 -97
40 9 -91
40 13 -53
40 16 84
40 21 89
40 23 -50
40 41 93
40 48 4
40 78 58
41 20 -58
41 24 30
41 37 -71
41 48 72
41 52 11
41 56 -45
41 60 -59
41 70 11
41 71 -26
41 72 89
41 89 -70
42 11 51
42 12 -83
42 13 -42
42 20 12
42 23 -24
42 28 -80
42 29 38
43 9 23
43 17 -80
43 40 88
43 48 -56
43 61 -51
43 94 27
44 21 -38
44 27 24
44 31 89
44 32 42
44 44 83
44 47 -68
44 48 -21
44 54 73
44 58 47
44 94 89
44 96 -7
45 6 8
45 10 46
45 36 94
45 50 -60
45 57 -91
45 59 -13
45 65 78
45 84 -27
46 1 -88
46 45 -60
46 48 -76
46 52 41
46 55 80
46 68 84
46 83 67
46 84 24
46 92 99
47 25 75
47 32 -72
47 39 17
47 46 90
47 49 -30
47 54 -46
48 2 73
48 38 -24
48 45 -84
48 56 95
48 86 1
48 89 95
49 5 26
49 14 -30
49 16 18
49 47 90
49 69 -71
49 78 -86
50 20 -70
50 24 86
50 35 24
50 41 -57
50 42 -71
50 53 4
50 61 -99
50 62 37
50 68 1
50 97 -100
51 0 -58
51 1 -63
51 16 -61
51 87 -10
51 94 2
51 95 -3
52 3 3
52 6 -34
52 17 66
52 42 -23
52 52 57
52 54 87
52 61 47
52 62 51
52 68 -98
52 75 94
52 80 13
52 83 -40
52 91 -48
52 97 -81
53 2 2
53 56 43
53 65 96
53 76 -20
53 79 31
53 89 74
53 90 52
54 7 65
54 18 -33
54 27 24
54 35 -3
54 58 -77
54 79 14
55 17 48
55 18 -73
55 25 -26
55 26 92
55 27 57
55 41 5
55 42 -24
55 56 -81
55 58 50
55 76 -18
56 1 61
56 12 -61
56 17 51
56 27 20
56 42 -96
56 55 -85
56 86 -51
57 26 -50
57 36 3
57 45 -14
57 49 -53
57 56 -31
57 57 93
57 67 84
57 76 72
58 11 -3
58 47 46
58 83 -96
58 87 -30
59 33 -33
59 34 83
59 35 25
59 36 -22
59 49 -4
59 51 65
59 53 5
59 62 59
59 64 79
59 67 18
59 75 -37
59 82 13
60 8 94
60 11 31
60 14 60
60 18 -66
60 47 75
60 53 47
60 74 39
60 92 -80
61 1 -65
61 6 -97
61 18 7
61 38 -9
61 39 -65
61 52 50
61 59 -73
61 60 43
61 89 34
62 21 -19
62 34 97
62 35 -68
62 58 10
62 61 -11
62 89 -16
62 98 -88
62 99 -32
63 41 -97
63 47 -34
63 62 8
63 65 73
64 9 54
64 37 58
64 42 43
64 61 94
64 65 13
64 68 85
64 79 -35
64 85 -79
64 86 -10
65 22 80
65 28 46
65 59 75
65 91 89
66 4 -36
66 5 -100
66 31 7
66 45 -95
66 71 -16
66 76 63
66 78 56
66 84 -75
66 85 45
67 16 60
67 28 -76
67 31 -36
67 32 -50
67 33 -40
67 35 48
67 43 -1
67 44 48
67 51 -87
67 53 29
67 54 -79
67 61 25
67 68 -25
67 72 -26
67 79 36
67 87 14
67 89 -76
68 7 49
68 24 -89
68 52 -98
68 84 5
68 89 84
69 11 98
69 30 -35
69 37 73
69 45 -3
69 79 41
69 98 -26
70 3 86
70 25 -81
70 49 -49
70 50 -21
70 51 -62
70 57 -60
70 83 98
70 87 -1
71 1 -11
71 3 -7
71 17 99
71 36 -32
71 75 25
71 82 63
71 83 68
71 97 -9
71 99 -70
72 44 -2
72 51 32
72 73 49
72 77 21
72 85 -58
72 99 41
73 15 10
73 30 -14
73 33 37
73 46 -59
73 52 1
73 78 -3
73 83 14
73 90 25
74 1 -66
74 7 16
74 22 -84
74 55 -37
74 67 -34
74 71 22
74 91 38
74 97 29
75 2 23
75 6 1
75 20 -62
75 44 98
75 46 97
75 55 93
75 63 -24
75 64 72
76 3 -48
76 15 43
76 27 1
76 56 -94
76 91 1
77 1 14
77 3 -83
77 33 -82
77 46 -70
77 60 50
77 72 -45
77 74 -19
77 90 9
77 91 67
77 94 -15
78 7 44
78 11 -83
78 27 54
78 30 -26
78 39 -92
78 66 -65
78 70 -4
78 75 -11
79 9 -56
79 18 -14
79 25 -78
79 39 48
79 44 74
79 47 49
79 50 38
79 54 -33
79 57 35
79 59 -92
79 87 -11
79 93 36
79 96 -75
79 97 -51
80 3 -75
80 13 -76
80 26 81
80 28 46
80 34 -29
80 37 -19
80 55 -90
80 58 -76
80 62 31
80 66 59
80 76 67
80 83 -30
80 96 -59
81 26 -22
81 59 61
81 61 -55
81 74 -13
81 99 95
82 14 -75
82 18 72
82 23 -29
82 24 -63
82 57 -37
82 61 16
82 87 77
82 91 23
83 12 -40
83 37 34
83 42 -93
83 45 56
83 52 42
83 69 -26
83 97 46
84 9 -29
84 13 -8
84 17 71
84 25 -12
84 35 65
84 66 -90
84 90 -95
84 95 74
84 98 -29
85 20 -2
85 23 54
85 30 53
85 36 -78
85 40 96
85 68 57
85 69 -95
85 75 -21
85 78 -39
85 79 33
85 82 -21
85 86 67
86 6 -48
86 22 94
86 30 75
86 46 64
86 65 82
86 75 -75
86 97 25
87 6 -86
87 13 58
87 58 -100
87 86 100
87 97 -58
88 3 15
88 4 88
88 10 84
88 12 17
88 16 26
88 80 -68
89 14 -35
89 17 -25
89 25 -65
89 39 5
89 55 -98
89 58 5
89 62 -80
89 96 97
90 0 -78
90 6 57
90 15 60
90 20 -31
90 22 87
90 26 13
90 49 -27
90 63 -97
90 85 8
90 92 -97
91 23 55
91 37 -77
91 38 -11
91 45 3
91 60 -29
92 10 74
92 29 -66
92 45 -14
92 81 -31
92 94 -20
92 96 -1
92 97 -75
92 98 -27
93 0 6
93 2 8
93 9 -31
93 14 32
93 17 -90
93 24 14
93 26 7
93 35 15
93 43 -14
93 91 56
94 2 31
94 13 82
94 14 -62
94 48 -43
94 64 5
94 87 51
95 13 50
95 23 -57
95 25 94
95 35 -81
95 54 -68
95 56 78
95 61 65
95 92 -19
96 46 22
96 64 24
96 67 17
96 68 -100
96 70 -65
96 99 98
97 7 33
97 18 -8
97 20 13
97 24 -42
97 29 -62
97 50 -39
97 53 98
97 58 98
97 60 1
97 66 57
97 81 72
98 2 -5
98 26 -34
98 38 92
98 55 -23
98 60 -97
98 67 32
98 83 -12
98 84 -62
98 91 -30
98 94 42
98 97 -59
99 10 -86
99 43 -56
99 77 -63
99 89 26
99 93 -30