0 0 63
0 4 92
0 5 1
0 7 78
0 9 -1
0 10 98
0 11 -61
0 12 11
0 13 8
0 14 95
0 15 16
0 17 -50
0 18 40
0 19 63
0 20 5
0 21 -80
0 22 -48
0 23 -53
0 24 -8
0 25 -60
0 26 -95
0 27 -7
0 29 53
0 31 82
0 32 -24
0 35 -42
0 36 57
0 37 50
0 38 41
0 39 72
0 40 -35
0 41 -9
0 42 66
0 43 98
0 44 -33
0 45 8
0 46 39
0 47 61
0 48 -99
0 49 98
0 50 1
0 51 -41
0 53 -14
0 54 -24
0 56 89
0 57 -33
0 58 43
0 59 -49
0 60 -59
0 61 32
0 62 12
0 63 37
0 64 -52
0 67 25
0 69 -52
0 70 -81
0 71 -73
0 72 -73
0 73 2
0 74 76
0 76 44
0 77 93
0 78 -38
0 80 -20
0 82 -48
0 83 61
0 85 -56
0 86 -70
0 87 79
0 88 97
0 89 -100
0 90 -56
0 91 -86
0 92 78
0 93 83
0 94 67
0 97 84
0 98 -91
0 99 59
1 0 13
1 1 -38
1 2 -70
1 4 -60
1 5 86
1 6 45
1 7 -20
1 8 -90
1 9 69
1 10 -95
1 11 -76
1 12 31
1 14 4
1 15 -19
1 16 80
1 17 -81
1 20 27
1 21 -1
1 22 -91
1 24 2
1 25 -76
1 27 22
1 28 29
1 29 98
1 31 -76
1 32 -72
1 33 -5
1 34 -72
1 35 -82
1 36 45
1 37 -9
1 38 -11
1 39 -47
1 43 31
1 44 -10
1 45 -30
1 46 -80
1 47 -100
1 49 4
1 51 4
1 52 -45
1 53 -75
1 55 -2
1 56 79
1 57 -53
1 58 -7
1 59 -26
1 60 -62
1 61 83
1 62 -78
1 63 -38
1 64 21
1 65 63
1 66 -16
1 67 -52
1 68 61
1 69 41
1 70 -66
1 71 25
1 72 1
1 74 19
1 75 37
1 76 39
1 77 42
1 78 41
1 80 73
1 83 11
1 85 27
1 86 -24
1 87 -26
1 89 40
1 91 76
1 92 3
1 93 -86
1 95 32
1 96 -57
1 97 -25
2 0 46
2 1 19
2 2 44
2 3 41
2 4 17
2 6 -22
2 7 64
2 8 21
2 9 -16
2 10 26
2 12 -20
2 13 -48
2 15 60
2 16 -53
2 17 44
2 18 68
2 19 34
2 20 48
2 21 -99
2 22 4
2 23 38
2 24 -57
2 25 14
2 26 95
2 27 58
2 29 57
2 30 5
2 31 77
2 32 -19
2 33 -94
2 34 -14
2 35 7
2 37 63
2 39 -57
2 41 27
2 43 -10
2 45 -53
2 47 -25
2 48 -25
2 49 -7
2 50 -100
2 51 -19
2 52 -18
2 53 -97
2 54 -10
2 56 2
2 57 91
2 58 11
2 59 43
2 60 -4
2 61 8
2 62 2
2 64 -42
2 65 -97
2 67 -96
2 68 -55
2 69 56
2 70 -97
2 73 -77
2 74 41
2 75 9
2 76 39
2 77 -36
2 78 -61
2 80 66
2 81 -70
2 82 39
2 83 73
2 84 -24
2 85 20
2 86 -31
2 88 -91
2 89 43
2 91 36
2 93 -41
2 94 -95
2 99 -25
3 0 -12
3 1 -20
3 3 -90
3 4 -83
3 5 -99
3 6 -86
3 7 -26
3 8 -88
3 9 69
3 10 5
3 11 69
3 12 -38
3 13 13
3 14 -9
3 15 95
3 17 21
3 18 -3
3 19 -88
3 20 -23
3 21 33
3 22 41
3 24 -58
3 25 83
3 26 -20
3 27 -100
3 28 -48
3 29 -41
3 34 -37
3 35 78
3 36 23
3 37 50
3 38 -72
3 39 -37
3 40 -74
3 41 -28
3 42 19
3 43 9
3 44 -82
3 46 -56
3 47 -37
3 48 -3
3 49 -87
3 51 -99
3 53 -47
3 54 76
3 55 59
3 56 -2
3 58 78
3 59 -54
3 62 -51
3 63 95
3 64 84
3 65 24
3 67 43
3 68 44
3 70 30
3 71 -28
3 72 -98
3 73 72
3 74 93
3 75 98
3 76 -23
3 78 -74
3 79 -84
3 80 86
3 81 51
3 82 -38
3 83 77
3 84 32
3 86 24
3 87 60
3 88 -85
3 89 -64
3 90 33
3 91 -57
3 92 -11
3 93 -24
3 94 -16
3 95 97
3 96 66
3 97 1
3 98 99
3 99 16
4 0 33
4 1 -30
4 2 37
4 3 89
4 4 32
4 5 5
4 7 -41
4 8 19
4 10 51
4 12 -87
4 13 87
4 14 -69
4 18 -6
4 20 -92
4 21 -22
4 22 89
4 23 11
4 25 22
4 26 27
4 27 19
4 28 -36
4 29 39
4 30 -21
4 31 -94
4 32 -7
4 33 -99
4 34 -16
4 35 47
4 37 -51
4 38 1
4 39 54
4 40 -73
4 42 62
4 43 -78
4 44 49
4 45 -11
4 46 -23
4 47 -50
4 48 57
4 49 -16
4 50 60
4 51 -51
4 53 -22
4 54 -30
4 56 99
4 57 29
4 58 55
4 60 -37
4 61 -76
4 62 48
4 63 18
4 64 -97
4 65 79
4 66 83
4 67 85
4 68 -29
4 69 52
4 70 61
4 71 55
4 72 -54
4 73 90
4 74 -10
4 76 55
4 77 -92
4 79 -27
4 80 59
4 81 -2
4 82 -19
4 83 -36
4 84 65
4 86 41
4 87 8
4 88 52
4 89 -18
4 91 -46
4 92 16
4 93 86
4 95 97
4 96 -98
4 97 -1
4 99 66
5 0 58
5 3 -92
5 5 45
5 6 75
5 7 63
5 8 22
5 9 23
5 10 -46
5 11 -16
5 12 21
5 13 66
5 16 -64
5 17 62
5 18 17
5 19 74
5 20 100
5 21 -96
5 22 -77
5 23 -15
5 25 91
5 26 -57
5 27 6
5 28 37
5 29 -4
5 33 66
5 34 97
5 36 50
5 37 -82
5 39 -40
5 40 -65
5 41 -87
5 43 -90
5 44 -81
5 45 -96
5 47 20
5 48 94
5 50 8
5 51 37
5 54 -69
5 55 -1
5 56 -51
5 57 -4
5 60 -33
5 61 3
5 62 -57
5 63 68
5 64 36
5 65 -75
5 66 64
5 67 24
5 68 -56
5 70 -13
5 71 95
5 72 18
5 73 -23
5 74 91
5 75 -95
5 76 75
5 77 -59
5 78 -21
5 80 86
5 83 -15
5 84 -81
5 85 -81
5 87 72
5 88 -67
5 89 -45
5 90 -74
5 93 -10
5 94 33
5 96 -45
5 97 -95
5 99 -18
6 0 9
6 1 80
6 2 37
6 3 69
6 4 66
6 6 -65
6 8 -93
6 9 -54
6 11 -46
6 12 44
6 13 -27
6 14 23
6 15 -65
6 16 19
6 18 -56
6 19 -100
6 20 -92
6 22 32
6 23 -88
6 25 94
6 27 24
6 28 36
6 29 -93
6 30 95
6 31 49
6 34 -46
6 35 -82
6 36 22
6 37 81
6 40 53
6 42 -95
6 43 85
6 45 47
6 46 -44
6 48 -52
6 49 94
6 50 -11
6 51 -43
6 52 81
6 53 -77
6 55 62
6 56 91
6 58 -54
6 59 51
6 60 -11
6 61 33
6 62 -71
6 63 22
6 64 22
6 65 -43
6 67 -89
6 68 -10
6 69 -43
6 70 -44
6 71 -63
6 72 -11
6 73 -67
6 74 24
6 76 -44
6 77 -37
6 78 -24
6 80 -16
6 82 2
6 84 22
6 87 -47
6 88 -13
6 89 -42
6 90 -23
6 92 -70
6 93 53
6 94 -4
6 95 -49
6 97 -44
6 98 -32
7 0 62
7 1 -90
7 2 38
7 3 -52
7 4 88
7 5 -69
7 6 72
7 7 -85
7 8 95
7 9 60
7 10 88
7 11 85
7 12 55
7 13 37
7 16 -11
7 17 -34
7 18 75
7 19 -55
7 20 -44
7 22 58
7 23 -33
7 24 -3
7 26 -94
7 27 -33
7 28 -24
7 29 -17
7 30 66
7 31 -74
7 34 -11
7 35 -33
7 36 -58
7 37 -64
7 38 -8
7 40 31
7 41 -95
7 42 78
7 43 48
7 44 -77
7 45 -17
7 46 -18
7 47 -25
7 48 88
7 51 76
7 52 69
7 53 -55
7 54 -10
7 56 -90
7 60 -81
7 61 -49
7 62 23
7 63 -95
7 64 87
7 65 -87
7 67 -30
7 68 33
7 71 -59
7 73 -3
7 74 79
7 75 -97
7 77 70
7 78 -51
7 79 74
7 80 19
7 83 42
7 84 -33
7 85 -50
7 86 88
7 87 -55
7 89 35
7 91 72
7 93 52
7 94 54
7 95 79
7 96 -54
7 97 29
7 98 -68
7 99 23
8 0 37
8 1 -32
8 3 -65
8 6 -4
8 8 49
8 9 -84
8 10 -12
8 11 -30
8 13 90
8 14 -15
8 16 36
8 17 87
8 18 91
8 19 -53
8 20 -63
8 21 85
8 22 95
8 24 -42
8 25 -79
8 26 55
8 27 -44
8 28 -28
8 29 -3
8 30 9
8 31 53
8 32 75
8 33 -49
8 34 -91
8 35 49
8 37 78
8 39 43
8 40 69
8 41 -53
8 42 -19
8 43 92
8 44 -11
8 45 41
8 46 72
8 47 -64
8 48 45
8 52 29
8 53 42
8 54 -69
8 55 -47
8 57 10
8 58 -44
8 59 -29
8 60 6
8 61 85
8 62 80
8 63 51
8 64 46
8 65 85
8 68 -92
8 69 99
8 70 1
8 72 -29
8 73 -94
8 74 -97
8 75 3
8 76 -55
8 77 66
8 79 50
8 83 9
8 84 68
8 85 -26
8 86 56
8 87 47
8 88 -23
8 89 -2
8 90 -61
8 91 -53
8 92 100
8 93 52
8 94 16
8 95 -84
8 96 17
8 97 41
8 98 -49
9 0 34
9 1 -57
9 2 93
9 3 88
9 4 -66
9 5 91
9 6 -73
9 7 95
9 8 37
9 9 99
9 10 -58
9 12 39
9 13 80
9 14 -15
9 15 -51
9 18 49
9 19 6
9 20 47
9 23 31
9 25 -59
9 26 85
9 27 70
9 28 3
9 31 -4
9 33 -84
9 34 -19
9 37 -57
9 38 -39
9 39 78
9 41 -52
9 42 -79
9 43 26
9 44 -85
9 45 51
9 46 -34
9 50 47
9 51 32
9 52 100
9 53 -28
9 54 -25
9 55 48
9 58 -20
9 59 95
9 60 -49
9 62 56
9 63 39
9 64 -88
9 66 59
9 67 -28
9 71 -44
9 72 4
9 73 1
9 74 -82
9 75 50
9 76 56
9 77 -5
9 78 35
9 79 14
9 80 33
9 82 25
9 83 -80
9 84 67
9 85 39
9 86 -36
9 87 -25
9 88 -56
9 89 -51
9 91 -35
9 92 -43
9 94 55
9 95 -58
9 96 30
9 97 -63
9 99 9
10 1 24
10 2 -81
10 3 31
10 4 78
10 5 61
10 7 -36
10 9 39
10 12 36
10 13 39
10 14 28
10 15 -89
10 16 -44
10 17 -42
10 19 -24
10 20 72
10 22 -78
10 24 42
10 26 34
10 27 -10
10 28 27
10 29 -3
10 30 6
10 32 67
10 33 -53
10 34 -24
10 35 91
10 36 -72
10 37 54
10 38 54
10 39 4
10 40 89
10 41 -16
10 42 25
10 43 -91
10 44 72
10 45 46
10 46 -4
10 47 42
10 48 6
10 49 6
10 50 9
10 51 -29
10 52 85
10 53 -76
10 54 -84
10 55 91
10 56 35
10 58 23
10 61 -48
10 62 -55
10 63 20
10 64 35
10 65 24
10 66 -9
10 67 -33
10 69 -75
10 70 -23
10 71 -80
10 72 75
10 73 78
10 74 43
10 75 -69
10 79 -83
10 80 39
10 81 -19
10 83 72
10 84 -29
10 85 80
10 86 87
10 87 9
10 88 -21
10 92 62
10 93 4
10 94 -44
10 95 79
10 96 -21
10 97 94
10 98 -23
10 99 56
11 0 80
11 1 45
11 2 51
11 5 -5
11 6 69
11 7 -59
11 8 32
11 9 -54
11 10 96
11 11 77
11 12 66
11 13 78
11 14 54
11 15 -69
11 16 80
11 17 -95
11 18 -33
11 19 -74
11 20 18
11 21 -5
11 22 -91
11 25 82
11 26 -96
11 27 79
11 28 42
11 29 74
11 30 66
11 32 59
11 33 46
11 34 -94
11 35 -79
11 36 90
11 37 -80
11 38 -97
11 39 -64
11 40 68
11 42 98
11 43 64
11 44 60
11 45 93
11 46 -65
11 48 73
11 49 -85
11 52 -15
11 53 -23
11 54 -85
11 56 39
11 57 -62
11 60 -58
11 62 73
11 63 71
11 64 22
11 65 47
11 66 -3
11 67 -79
11 68 -59
11 69 91
11 70 77
11 71 72
11 73 2
11 74 55
11 75 -27
11 76 46
11 77 -93
11 78 5
11 79 -15
11 80 -98
11 81 -82
11 84 -68
11 85 -46
11 86 67
11 87 -2
11 88 48
11 89 40
11 90 6
11 91 -74
11 93 -85
11 94 85
11 95 40
11 96 -85
11 97 93
11 99 -54
12 0 8
12 1 -26
12 3 -26
12 5 -16
12 7 86
12 8 -97
12 9 -44
12 10 76
12 11 -17
12 12 -2
12 13 -89
12 14 -41
12 15 -79
12 17 96
12 18 54
12 19 80
12 20 40
12 21 -15
12 22 -64
12 23 -39
12 24 -10
12 26 -99
12 27 8
12 28 22
12 29 -74
12 32 -71
12 34 99
12 35 72
12 36 75
12 37 -52
12 38 51
12 39 -65
12 40 -57
12 41 38
12 42 71
12 43 92
12 44 -23
12 46 30
12 47 64
12 48 -35
12 49 -72
12 50 16
12 51 -31
12 52 -10
12 53 -14
12 54 84
12 55 -40
12 56 -60
12 57 -68
12 58 -17
12 59 19
12 60 -27
12 61 87
12 62 45
12 63 -35
12 64 -36
12 65 6
12 66 -58
12 67 39
12 68 89
12 69 53
12 71 62
12 72 43
12 73 -97
12 75 10
12 76 84
12 78 45
12 79 55
12 80 -87
12 82 46
12 84 67
12 85 -20
12 87 21
12 91 -72
12 92 -37
12 93 -43
12 94 68
12 95 -71
12 96 -98
12 97 -84
12 98 -85
12 99 -22
13 0 -41
13 1 27
13 2 -21
13 3 38
13 4 -59
13 5 29
13 6 -100
13 8 -26
13 9 -73
13 11 -48
13 12 -75
13 13 62
13 14 38
13 15 -94
13 17 -2
13 18 -2
13 19 -51
13 20 82
13 21 -17
13 23 -61
13 24 18
13 25 17
13 26 -51
13 27 -64
13 28 -37
13 29 3
13 30 89
13 34 -1
13 36 14
13 37 99
13 38 -87
13 39 -38
13 40 64
13 42 -81
13 45 -38
13 46 -44
13 47 40
13 48 26
13 49 -49
13 50 -45
13 52 17
13 53 51
13 55 44
13 56 48
13 57 46
13 58 38
13 59 59
13 60 85
13 61 30
13 62 81
13 63 46
13 64 43
13 66 -83
13 67 80
13 68 68
13 69 28
13 70 -13
13 71 54
13 72 78
13 74 -76
13 76 20
13 77 -88
13 79 5
13 80 23
13 81 52
13 82 -16
13 83 -5
13 85 -67
13 86 24
13 87 56
13 88 93
13 89 37
13 90 -90
13 91 13
13 92 -29
13 95 23
13 96 -69
13 98 -97
13 99 -25
14 0 11
14 1 76
14 2 68
14 3 -78
14 5 -47
14 6 29
14 8 -55
14 10 -70
14 11 -90
14 12 -53
14 13 64
14 14 -76
14 16 -10
14 17 -7
14 18 -37
14 19 10
14 20 61
14 21 91
14 22 65
14 23 -100
14 24 53
14 25 -63
14 26 -87
14 27 -18
14 28 -17
14 30 -19
14 31 -42
14 32 69
14 33 100
14 34 5
14 35 80
14 36 -57
14 37 51
14 39 -93
14 40 -63
14 41 79
14 42 -29
14 43 63
14 44 -34
14 45 23
14 46 25
14 47 73
14 48 86
14 50 -83
14 51 84
14 52 -16
14 54 70
14 55 25
14 57 -96
14 58 45
14 59 -60
14 62 -90
14 63 -48
14 64 4
14 65 95
14 67 -63
14 68 33
14 69 -96
14 70 93
14 71 61
14 73 -38
14 74 25
14 76 -5
14 77 7
14 78 7
14 79 70
14 80 91
14 81 -71
14 82 39
14 83 33
14 84 6
14 85 -82
14 86 32
14 87 9
14 88 -83
14 89 92
14 90 -86
14 92 58
14 93 41
14 94 97
14 95 -7
14 96 14
14 98 -79
14 99 -35
15 0 3
15 1 1
15 2 -37
15 3 -80
15 4 33
15 5 86
15 6 69
15 7 77
15 9 91
15 10 31
15 11 18
15 13 85
15 15 98
15 16 -20
15 18 -83
15 19 -4
15 20 -3
15 22 -44
15 23 -32
15 24 30
15 25 -46
15 26 -28
15 28 19
15 29 -79
15 31 20
15 32 52
15 33 55
15 34 -49
15 35 51
15 36 -64
15 37 8
15 38 -16
15 39 92
15 40 -46
15 41 82
15 42 -4
15 44 -16
15 46 -60
15 48 -79
15 51 5
15 52 -69
15 54 61
15 55 54
15 56 -23
15 58 80
15 59 -78
15 62 81
15 63 -15
15 65 -100
15 66 72
15 67 25
15 68 -68
15 69 -15
15 70 -32
15 71 94
15 72 64
15 73 24
15 74 95
15 75 -53
15 76 -30
15 77 98
15 78 -57
15 79 30
15 80 -5
15 81 -53
15 82 -78
15 83 -33
15 84 -81
15 85 -74
15 87 35
15 89 8
15 91 68
15 92 47
15 94 100
15 96 49
15 97 7
15 98 36
16 0 7
16 1 71
16 2 35
16 3 87
16 4 -35
16 5 -87
16 6 76
16 7 -93
16 8 -91
16 9 -95
16 10 -90
16 13 -7
16 14 -89
16 16 -69
16 17 -37
16 18 -63
16 19 -17
16 20 -9
16 21 -15
16 22 -66
16 23 -60
16 24 78
16 25 -81
16 26 -36
16 27 97
16 28 -77
16 29 -74
16 30 -95
16 31 -77
16 32 -86
16 33 36
16 34 89
16 35 -65
16 36 -69
16 37 59
16 38 74
16 40 -7
16 41 -8
16 42 -74
16 43 -52
16 44 -11
16 45 -77
16 47 39
16 48 76
16 50 75
16 53 33
16 55 -18
16 56 77
16 58 80
16 59 12
16 61 -88
16 62 30
16 63 -92
16 64 48
16 65 -41
16 66 -77
16 67 -32
16 68 6
16 69 94
16 70 26
16 71 -92
16 72 -60
16 73 49
16 74 9
16 76 12
16 77 14
16 78 -66
16 79 -30
16 80 -91
16 81 -89
16 83 69
16 84 48
16 85 -9
16 86 -48
16 87 -36
16 88 93
16 89 21
16 90 -6
16 91 51
16 92 53
16 94 -44
16 95 87
16 96 -18
16 98 -82
16 99 49
17 0 35
17 1 63
17 2 -26
17 3 -58
17 4 62
17 5 -93
17 6 -30
17 7 6
17 9 -25
17 10 93
17 11 -58
17 12 12
17 14 -10
17 16 49
17 17 73
17 18 17
17 21 -38
17 22 56
17 23 -4
17 25 99
17 26 86
17 27 1
17 28 -6
17 29 91
17 30 -31
17 31 -57
17 32 -53
17 33 -12
17 34 -37
17 37 40
17 38 -100
17 39 85
17 40 -49
17 41 -26
17 42 21
17 43 -70
17 44 71
17 45 -36
17 47 -12
17 49 7
17 50 16
17 51 60
17 52 -83
17 53 -53
17 54 69
17 58 65
17 59 22
17 61 -66
17 62 -66
17 64 -56
17 65 73
17 66 -88
17 67 -93
17 68 -42
17 70 40
17 71 -55
17 72 -16
17 75 -68
17 77 -42
17 78 -18
17 79 26
17 80 94
17 81 73
17 82 29
17 83 -74
17 84 2
17 86 8
17 87 -57
17 88 -20
17 89 -60
17 90 -22
17 92 -38
17 93 49
17 94 97
17 95 -60
17 96 -100
17 97 92
17 98 53
17 99 -67
18 0 87
18 2 -30
18 3 -34
18 4 55
18 5 41
18 6 65
18 7 19
18 8 -83
18 10 -94
18 11 -55
18 12 -81
18 13 -11
18 14 -85
18 15 9
18 16 -10
18 18 -73
18 19 -64
18 20 -82
18 21 79
18 22 5
18 23 96
18 24 32
18 25 -82
18 26 85
18 27 -61
18 28 -53
18 29 7
18 30 8
18 33 -86
18 34 18
18 35 -79
18 36 -1
18 37 61
18 38 88
18 39 -14
18 40 41
18 41 -79
18 42 -72
18 43 -42
18 44 -70
18 45 16
18 47 -60
18 48 6
18 49 65
18 50 64
18 51 -70
18 52 21
18 53 74
18 54 -90
18 56 59
18 57 -23
18 58 -14
18 59 -64
18 60 89
18 61 -62
18 62 -70
18 65 -52
18 66 13
18 67 -31
18 68 -71
18 69 42
18 70 32
18 71 1
18 73 39
18 74 3
18 75 -100
18 76 -37
18 80 -38
18 81 49
18 82 -88
18 83 76
18 85 -80
18 86 87
18 87 77
18 89 -100
18 90 -42
18 91 -34
18 93 10
18 94 -75
18 95 -2
18 96 -14
18 98 -7
18 99 -42
19 2 97
19 3 31
19 4 -93
19 5 28
19 6 -21
19 7 99
19 9 16
19 12 59
19 13 41
19 14 1
19 15 -84
19 16 -36
19 17 -8
19 18 -12
19 19 55
19 20 -81
19 21 -31
19 22 -47
19 24 91
19 25 83
19 26 -91
19 27 3
19 28 -17
19 31 2
19 32 57
19 33 -67
19 34 -11
19 35 -5
19 36 16
19 37 -38
19 38 -92
19 40 -88
19 41 -24
19 42 95
19 43 29
19 44 96
19 45 35
19 46 44
19 47 90
19 48 -39
19 49 -58
19 50 75
19 51 77
19 53 -93
19 54 88
19 55 -89
19 56 28
19 58 47
19 59 50
19 60 51
19 61 -75
19 63 -1
19 65 66
19 66 85
19 68 -51
19 70 34
19 71 86
19 72 -36
19 73 83
19 74 31
19 75 23
19 76 -67
19 78 59
19 80 25
19 81 -65
19 83 65
19 84 68
19 85 70
19 86 -45
19 87 -95
19 88 83
19 90 67
19 91 86
19 92 4
19 93 -28
19 94 -22
19 95 -6
19 96 -11
19 98 -63
19 99 -71
20 0 77
20 2 43
20 5 12
20 6 4
20 7 -78
20 8 6
20 9 -97
20 10 71
20 11 51
20 12 20
20 13 36
20 14 32
20 15 29
20 16 84
20 17 88
20 18 68
20 19 89
20 20 -16
20 21 -93
20 25 37
20 26 32
20 27 2
20 28 7
20 29 -96
20 33 -57
20 34 89
20 35 100
20 36 70
20 37 11
20 38 32
20 39 -94
20 40 52
20 42 21
20 43 -52
20 44 51
20 46 17
20 47 -29
20 48 -82
20 49 -49
20 50 -91
20 51 18
20 53 -69
20 54 -64
20 55 63
20 57 13
20 58 43
20 59 -49
20 60 -84
20 61 -99
20 62 73
20 63 59
20 64 -60
20 65 -54
20 67 -20
20 68 31
20 69 55
20 70 -82
20 71 1
20 72 -7
20 73 -28
20 75 -23
20 76 10
20 77 -99
20 78 -35
20 79 -18
20 81 17
20 82 49
20 86 36
20 87 -32
20 88 -89
20 89 -9
20 90 64
20 91 -27
20 92 -99
20 93 75
20 94 -44
20 95 -61
20 98 -27
20 99 8
21 0 -11
21 1 -29
21 2 -20
21 3 22
21 4 14
21 5 -84
21 6 31
21 7 -26
21 8 -82
21 9 -33
21 10 95
21 11 -18
21 12 -70
21 13 95
21 14 -3
21 16 -75
21 18 -31
21 19 -94
21 20 10
21 21 37
21 22 14
21 23 -34
21 24 -48
21 25 19
21 26 32
21 27 -59
21 29 -62
21 30 -89
21 31 -95
21 32 93
21 33 -95
21 34 -70
21 35 -24
21 37 -49
21 38 10
21 40 -53
21 41 -18
21 42 -24
21 43 -1
21 44 -82
21 45 22
21 46 55
21 47 73
21 49 95
21 50 55
21 51 73
21 52 15
21 53 -11
21 54 33
21 55 47
21 56 -14
21 57 -43
21 58 45
21 59 -50
21 60 11
21 61 -81
21 63 44
21 64 84
21 65 -11
21 66 29
21 67 73
21 69 -44
21 70 61
21 71 58
21 72 88
21 73 7
21 74 85
21 75 40
21 76 -88
21 77 100
21 78 -56
21 79 88
21 81 69
21 82 -31
21 83 32
21 85 54
21 86 -37
21 87 -25
21 88 -31
21 89 20
21 91 -38
21 92 19
21 93 15
21 94 92
21 95 -13
21 96 -4
21 98 -53
21 99 57
22 0 96
22 1 43
22 2 -47
22 3 -28
22 4 -63
22 5 -76
22 6 4
22 7 -59
22 8 13
22 9 -81
22 10 62
22 11 24
22 12 -85
22 13 81
22 14 -55
22 15 -39
22 17 19
22 19 -9
22 20 8
22 21 2
22 23 78
22 24 52
22 25 -59
22 26 -36
22 27 81
22 28 19
22 29 97
22 30 -25
22 31 84
22 32 -82
22 33 14
22 34 52
22 35 7
22 36 77
22 37 -37
22 38 83
22 39 -11
22 40 82
22 41 -49
22 43 9
22 44 70
22 45 -24
22 47 63
22 49 -36
22 50 16
22 51 -42
22 52 33
22 53 13
22 54 -94
22 55 -72
22 56 51
22 57 53
22 58 -47
22 59 10
22 60 23
22 61 -29
22 63 93
22 64 77
22 66 -56
22 68 -26
22 69 73
22 70 -57
22 71 -67
22 73 -47
22 74 -59
22 75 -34
22 76 30
22 77 72
22 78 -15
22 79 -73
22 80 -4
22 81 -3
22 84 -15
22 85 -22
22 86 97
22 87 5
22 89 -67
22 90 -22
22 91 -10
22 94 -34
22 95 -9
22 97 -15
22 98 -10
22 99 -16
23 0 -45
23 1 -92
23 3 -59
23 4 -98
23 5 30
23 6 44
23 8 20
23 9 -70
23 11 -12
23 12 -65
23 13 -39
23 15 4
23 16 5
23 18 -21
23 20 42
23 21 -69
23 22 5
23 23 86
23 24 -69
23 25 97
23 26 5
23 27 -13
23 28 29
23 29 94
23 31 100
23 34 75
23 35 -17
23 36 -43
23 37 -85
23 38 27
23 39 -56
23 43 -27
23 44 82
23 45 79
23 46 96
23 47 51
23 48 -8
23 49 61
23 50 81
23 51 -77
23 52 -94
23 53 36
23 54 10
23 55 -19
23 56 -20
23 58 86
23 59 95
23 60 -19
23 62 -12
23 63 77
23 64 -88
23 65 52
23 66 61
23 67 -46
23 73 -75
23 75 -100
23 76 -100
23 78 -7
23 79 47
23 81 43
23 82 38
23 83 -16
23 85 -99
23 86 -11
23 87 -26
23 89 -93
23 90 -11
23 91 14
23 92 -27
23 93 -36
23 94 72
23 95 57
23 96 85
23 97 -93
23 98 37
23 99 87
24 0 -16
24 1 79
24 3 42
24 4 -82
24 5 -39
24 6 15
24 8 -90
24 9 24
24 12 73
24 13 -65
24 14 88
24 15 -15
24 16 58
24 17 -23
24 18 -39
24 19 -12
24 20 79
24 22 83
24 23 -5
24 24 33
24 25 -88
24 26 68
24 28 -35
24 29 -90
24 30 -24
24 31 -61
24 32 -92
24 34 96
24 35 -60
24 36 94
24 37 88
24 39 80
24 40 93
24 41 -40
24 42 2
24 43 -1
24 44 -86
24 45 -100
24 46 42
24 47 77
24 49 -25
24 51 10
24 52 10
24 54 26
24 55 71
24 57 -34
24 58 38
24 59 9
24 60 -78
24 61 -23
24 62 -86
24 64 -13
24 66 99
24 67 97
24 68 47
24 69 81
24 70 63
24 71 53
24 73 -72
24 74 90
24 75 61
24 76 -39
24 77 -53
24 78 74
24 80 -65
24 81 91
24 82 -34
24 84 93
24 85 -46
24 87 -94
24 89 37
24 90 -91
24 91 59
24 92 -76
24 93 -58
24 95 75
24 96 87
24 97 1
24 98 53
24 99 92
25 1 -74
25 3 -22
25 4 48
25 5 97
25 6 47
25 8 -70
25 9 -24
25 10 89
25 12 87
25 13 -24
25 14 -41
25 16 -33
25 17 -26
25 18 22
25 19 55
25 20 -33
25 21 27
25 22 -8
25 25 93
25 26 1
25 28 -44
25 29 67
25 30 70
25 31 -12
25 32 59
25 33 19
25 34 26
25 35 12
25 37 80
25 38 42
25 40 46
25 41 66
25 42 -31
25 43 -26
25 44 76
25 46 96
25 47 -12
25 48 -45
25 49 -43
25 51 -69
25 52 -35
25 53 -31
25 54 51
25 55 7
25 57 -77
25 58 -39
25 59 -82
25 60 -37
25 61 96
25 62 22
25 63 -19
25 64 -2
25 65 -83
25 66 -99
25 67 52
25 68 40
25 69 35
25 70 -45
25 71 -90
25 72 7
25 73 -22
25 74 73
25 75 -98
25 76 10
25 78 -53
25 79 35
25 81 -38
25 82 -10
25 83 94
25 84 4
25 86 -75
25 87 32
25 88 41
25 89 -79
25 90 -75
25 91 -99
25 92 -73
25 93 11
25 94 -93
25 95 -56
25 97 -79
25 98 47
25 99 9
26 0 -17
26 1 41
26 2 -36
26 3 22
26 4 100
26 7 32
26 8 83
26 9 -46
26 10 52
26 11 -64
26 12 72
26 14 86
26 16 -77
26 17 -83
26 18 -40
26 19 -22
26 21 -17
26 22 -69
26 24 2
26 25 91
26 26 88
26 27 45
26 29 82
26 30 62
26 31 -100
26 35 25
26 36 36
26 37 -83
26 38 83
26 40 -30
26 41 -91
26 42 -47
26 43 -99
26 45 33
26 46 54
26 47 -33
26 48 -10
26 50 -89
26 51 27
26 52 14
26 54 11
26 55 -11
26 56 -32
26 58 -2
26 59 -75
26 60 -99
26 61 63
26 62 -46
26 63 -52
26 64 12
26 65 -24
26 66 -41
26 67 -25
26 68 -10
26 69 51
26 70 -1
26 71 30
26 72 96
26 74 66
26 75 96
26 76 54
26 77 34
26 78 86
26 79 1
26 80 65
26 82 -65
26 83 32
26 84 74
26 86 -8
26 87 -66
26 89 76
26 91 -63
26 92 40
26 93 -82
26 94 32
26 95 37
26 96 -100
26 99 65
27 0 -32
27 1 50
27 2 86
27 3 17
27 5 96
27 7 62
27 8 11
27 9 -97
27 10 -4
27 11 6
27 12 -21
27 13 -67
27 14 -20
27 15 42
27 16 73
27 18 85
27 19 -89
27 20 21
27 21 33
27 22 49
27 25 -29
27 27 -79
27 28 97
27 29 23
27 30 90
27 33 -9
27 34 5
27 35 1
27 36 -8
27 37 -30
27 38 60
27 39 -23
27 40 -68
27 41 -40
27 42 -27
27 43 -38
27 45 76
27 46 -51
27 47 -47
27 48 -42
27 49 -34
27 50 -81
27 51 -90
27 53 -89
27 54 16
27 55 -71
27 56 -40
27 58 56
27 59 85
27 60 87
27 61 -64
27 62 48
27 65 33
27 67 -40
27 68 -12
27 69 71
27 71 41
27 72 -19
27 73 -37
27 74 1
27 75 -79
27 77 31
27 79 59
27 80 32
27 81 -60
27 82 -91
27 84 34
27 85 -74
27 87 -81
27 89 -11
27 90 -4
27 91 73
27 92 -69
27 93 86
27 94 -57
27 96 -84
27 97 27
27 98 -26
27 99 -8
28 0 99
28 1 -4
28 2 -60
28 3 73
28 4 -48
28 5 81
28 7 28
28 8 89
28 9 -1
28 10 1
28 11 -5
28 12 -42
28 14 -42
28 15 -12
28 16 41
28 17 -30
28 19 23
28 20 -33
28 21 7
28 22 30
28 23 89
28 24 -1
28 25 77
28 29 -78
28 30 75
28 32 1
28 33 -94
28 34 82
28 35 21
28 36 -55
28 37 -59
28 38 49
28 40 -73
28 41 -48
28 42 95
28 43 -36
28 44 65
28 45 48
28 46 66
28 47 -33
28 48 85
28 49 -32
28 50 71
28 51 -47
28 52 75
28 53 66
28 54 -75
28 55 -2
28 56 24
28 58 -78
28 59 55
28 60 -52
28 62 68
28 63 37
28 64 79
28 66 31
28 69 18
28 70 -42
28 71 -8
28 72 59
28 73 -55
28 74 66
28 76 -92
28 77 97
28 78 9
28 79 -31
28 80 5
28 81 -83
28 82 -9
28 84 -82
28 86 69
28 88 60
28 89 25
28 90 -44
28 92 -30
28 93 92
28 94 -11
28 95 41
28 97 35
28 99 38
29 0 -98
29 1 -48
29 2 17
29 4 -14
29 5 -100
29 6 -97
29 8 -57
29 11 -17
29 12 79
29 13 91
29 14 -93
29 15 43
29 16 -100
29 18 -30
29 20 88
29 21 5
29 22 74
29 23 4
29 24 -50
29 25 18
29 27 -62
29 28 -65
29 29 94
29 30 -59
29 31 -73
29 32 -47
29 33 35
29 34 -98
29 35 83
29 36 -34
29 37 9
29 40 -46
29 41 -62
29 42 -27
29 43 -11
29 45 -29
29 46 61
29 47 -63
29 49 -77
29 50 7
29 53 69
29 54 68
29 55 -7
29 56 89
29 57 41
29 58 19
29 59 13
29 60 73
29 61 75
29 62 -10
29 64 -44
29 65 63
29 66 71
29 69 79
29 70 94
29 71 -72
29 72 -27
29 73 34
29 75 24
29 76 -51
29 77 91
29 78 -43
29 79 -79
29 81 33
29 82 -10
29 83 -75
29 84 -4
29 85 15
29 86 -48
29 87 52
29 88 -7
29 89 -80
29 90 -23
29 93 -8
29 94 -23
29 96 2
29 97 -69
29 99 -22
30 0 87
30 1 85
30 3 -58
30 4 -20
30 5 -13
30 6 -23
30 7 -9
30 8 76
30 9 69
30 10 -35
30 12 -87
30 13 -5
30 15 15
30 17 -85
30 19 88
30 20 43
30 21 -13
30 22 100
30 23 65
30 24 76
30 26 16
30 27 6
30 28 -51
30 29 48
30 30 -70
30 31 -17
30 32 71
30 33 -92
30 35 20
30 36 89
30 37 94
30 38 -5
30 39 9
30 41 -50
30 43 70
30 44 7
30 47 97
30 48 4
30 50 -2
30 52 32
30 53 34
30 54 40
30 55 -94
30 56 -67
30 57 25
30 58 -8
30 59 25
30 60 68
30 61 59
30 62 12
30 63 76
30 64 -42
30 65 91
30 66 55
30 67 -57
30 69 64
30 72 -21
30 74 -22
30 75 -90
30 76 -87
30 77 11
30 78 -91
30 80 67
30 81 -10
30 82 -75
30 84 -41
30 85 -58
30 86 13
30 88 -12
30 89 53
30 90 61
30 91 -72
30 92 63
30 93 -44
30 95 -92
30 96 52
30 97 -11
30 99 -79
31 0 -91
31 1 -87
31 2 8
31 3 -28
31 4 5
31 6 4
31 7 -47
31 8 23
31 10 51
31 11 12
31 12 4
31 14 -22
31 16 -12
31 17 -84
31 18 -49
31 19 -8
31 20 58
31 22 75
31 23 -58
31 24 -33
31 25 -85
31 26 65
31 27 -90
31 29 25
31 30 -16
31 31 -77
31 32 32
31 33 89
31 37 5
31 38 8
31 39 46
31 40 94
31 41 -12
31 42 -53
31 44 68
31 45 30
31 46 -87
31 47 -23
31 48 -48
31 49 -20
31 51 91
31 52 -18
31 53 13
31 54 -10
31 55 -84
31 56 42
31 57 54
31 58 34
31 59 70
31 60 51
31 61 77
31 62 -73
31 65 31
31 66 -5
31 67 6
31 68 -68
31 69 49
31 71 -38
31 72 -74
31 74 14
31 75 -26
31 76 -72
31 77 -91
31 78 -23
31 80 63
31 81 43
31 82 -80
31 83 26
31 84 20
31 85 42
31 86 59
31 87 34
31 88 36
31 89 -68
31 90 19
31 91 -5
31 92 -35
31 93 -99
31 96 66
31 97 56
31 98 -98
31 99 26
32 0 -92
32 1 95
32 2 17
32 3 6
32 5 56
32 6 57
32 7 -68
32 8 93
32 9 54
32 10 -68
32 11 -10
32 12 73
32 13 11
32 16 81
32 17 -25
32 18 100
32 19 -83
32 20 42
32 22 24
32 23 -68
32 24 -85
32 25 -53
32 27 -50
32 29 -83
32 30 87
32 31 22
32 32 51
32 33 -25
32 34 53
32 35 -56
32 37 18
32 38 95
32 39 -79
32 41 -6
32 42 52
32 43 -40
32 44 -100
32 45 37
32 46 78
32 47 -6
32 48 -6
32 49 88
32 50 -100
32 51 82
32 52 -78
32 54 100
32 55 -54
32 56 -36
32 57 88
32 58 7
32 59 -28
32 61 50
32 63 -89
32 64 19
32 66 -25
32 67 -82
32 68 -72
32 69 -10
32 70 85
32 72 42
32 73 77
32 74 -72
32 75 -72
32 76 57
32 79 9
32 80 64
32 83 8
32 85 -57
32 86 -20
32 87 -12
32 88 -96
32 89 91
32 90 -95
32 91 -51
32 92 -34
32 93 -31
32 94 -45
32 96 -62
32 97 10
33 0 -59
33 1 -45
33 3 -78
33 4 -44
33 5 27
33 7 -87
33 8 89
33 9 -91
33 10 -66
33 13 59
33 14 -82
33 16 47
33 17 -10
33 18 11
33 19 -11
33 20 11
33 21 14
33 23 -80
33 24 72
33 25 -11
33 26 -3
33 27 -70
33 28 86
33 30 -90
33 31 -61
33 32 -47
33 34 -47
33 36 67
33 39 -90
33 40 7
33 41 92
33 42 78
33 43 -12
33 44 77
33 45 -62
33 46 -67
33 48 84
33 49 -33
33 50 36
33 52 73
33 53 -30
33 54 47
33 56 13
33 57 -87
33 58 -79
33 59 -88
33 60 54
33 61 2
33 62 -77
33 64 -78
33 65 25
33 66 -31
33 68 37
33 69 -13
33 70 63
33 71 -15
33 72 -46
33 74 33
33 75 -15
33 76 66
33 77 -29
33 78 32
33 80 -6
33 81 -23
33 82 46
33 83 -67
33 84 -43
33 85 54
33 86 53
33 87 75
33 88 28
33 90 17
33 92 -69
33 93 -29
33 95 -62
33 96 -95
33 97 -25
33 98 9
33 99 62
34 1 26
34 3 -97
34 4 -94
34 5 -70
34 6 14
34 7 13
34 9 79
34 10 1
34 11 20
34 12 86
34 13 -77
34 14 98
34 15 -95
34 16 -74
34 17 -64
34 18 37
34 20 -68
34 21 -68
34 22 79
34 23 -62
34 24 33
34 25 19
34 26 5
34 27 -23
34 28 -30
34 30 -86
34 31 -90
34 32 -48
34 34 62
34 35 30
34 36 -22
34 37 -77
34 38 91
34 39 -62
34 41 49
34 42 -65
34 43 -44
34 45 -96
34 46 66
34 47 40
34 49 38
34 51 45
34 52 62
34 53 54
34 54 99
34 55 39
34 57 -25
34 58 -41
34 59 -7
34 60 -76
34 61 69
34 64 26
34 66 -78
34 67 -71
34 68 -8
34 69 -42
34 70 -44
34 71 -99
34 72 50
34 73 -61
34 74 -5
34 76 -100
34 77 32
34 78 -65
34 79 48
34 81 54
34 82 81
34 83 -12
34 85 -68
34 88 -75
34 89 32
34 90 37
34 93 -48
34 94 48
34 95 -80
34 96 72
34 97 73
34 98 7
35 1 17
35 2 -81
35 3 9
35 4 -3
35 5 -27
35 6 69
35 7 35
35 8 76
35 9 -2
35 10 -99
35 11 41
35 12 34
35 13 83
35 14 -58
35 15 73
35 16 94
35 17 -16
35 18 17
35 19 91
35 21 -6
35 22 80
35 23 -63
35 24 80
35 25 -55
35 26 -96
35 28 -62
35 30 75
35 31 -4
35 32 24
35 33 -41
35 34 36
35 35 33
35 36 25
35 37 -3
35 38 -90
35 39 38
35 40 -25
35 41 -1
35 42 -92
35 44 -45
35 45 -41
35 46 28
35 47 -40
35 48 98
35 49 -96
35 50 -65
35 51 -32
35 52 29
35 53 -69
35 54 75
35 55 -22
35 56 -22
35 57 8
35 58 32
35 59 67
35 60 96
35 61 32
35 62 -29
35 63 -37
35 64 -75
35 65 3
35 66 47
35 67 -34
35 69 30
35 71 22
35 72 -25
35 75 27
35 76 23
35 77 -35
35 79 88
35 80 -65
35 81 78
35 82 -45
35 83 67
35 84 -44
35 85 -43
35 86 4
35 88 89
35 89 69
35 90 69
35 92 -10
35 93 7
35 94 -58
35 95 56
35 96 34
35 97 -55
35 98 -36
35 99 90
36 0 -45
36 1 2
36 3 45
36 4 -60
36 5 96
36 6 11
36 8 -56
36 9 4
36 10 21
36 11 -1
36 12 52
36 13 -93
36 14 -41
36 15 -45
36 16 -34
36 17 -62
36 18 36
36 19 36
36 20 -11
36 21 24
36 22 54
36 23 -6
36 24 49
36 25 58
36 26 84
36 27 -53
36 28 22
36 29 -73
36 30 -37
36 31 -85
36 32 12
36 33 45
36 34 -67
36 35 -9
36 36 -21
36 37 -99
36 38 31
36 39 33
36 40 -67
36 41 21
36 42 85
36 43 -28
36 45 41
36 47 17
36 48 -64
36 49 23
36 50 -53
36 51 52
36 52 59
36 53 50
36 55 10
36 56 19
36 57 70
36 59 66
36 60 42
36 61 87
36 62 -6
36 63 -63
36 64 -70
36 66 88
36 67 1
36 68 -54
36 69 87
36 71 79
36 73 -73
36 74 95
36 79 -73
36 80 57
36 86 -24
36 87 63
36 88 41
36 90 -79
36 91 83
36 92 -26
36 93 -22
36 94 77
36 95 74
36 97 97
36 98 46
36 99 -99
37 0 94
37 3 -59
37 4 56
37 5 -14
37 6 -59
37 7 87
37 8 12
37 10 -52
37 12 27
37 14 46
37 15 54
37 16 -32
37 17 38
37 18 78
37 19 1
37 20 66
37 21 -64
37 22 71
37 23 -13
37 24 2
37 25 1
37 26 -23
37 28 -86
37 29 7
37 30 81
37 31 -83
37 32 45
37 33 53
37 35 6
37 36 44
37 37 -74
37 38 54
37 39 85
37 40 -60
37 41 96
37 42 -31
37 43 18
37 44 50
37 46 41
37 47 -66
37 48 -39
37 49 64
37 50 -45
37 51 -35
37 53 -9
37 55 79
37 56 50
37 57 8
37 58 91
37 61 -38
37 62 -81
37 63 41
37 65 73
37 66 30
37 67 -96
37 68 98
37 69 -12
37 70 22
37 71 20
37 73 -33
37 74 -57
37 75 23
37 76 43
37 77 -36
37 80 38
37 81 -91
37 82 -96
37 83 73
37 84 -99
37 85 -54
37 86 -75
37 87 64
37 88 19
37 90 -93
37 91 49
37 92 28
37 93 -36
37 94 99
37 95 95
37 96 32
37 97 24
37 99 4
38 1 -24
38 2 -1
38 3 -56
38 4 -3
38 5 -28
38 6 73
38 8 23
38 9 -75
38 10 -5
38 11 87
38 12 86
38 13 1
38 14 60
38 15 -86
38 17 -86
38 18 72
38 19 -60
38 20 51
38 21 -44
38 22 87
38 23 8
38 24 -70
38 25 -58
38 26 15
38 27 -74
38 28 50
38 30 -16
38 31 -96
38 32 -55
38 33 -29
38 34 -43
38 35 68
38 36 -63
38 37 -92
38 38 78
38 39 40
38 41 76
38 43 33
38 44 -12
38 45 -65
38 46 53
38 47 -88
38 48 -35
38 49 -25
38 50 63
38 51 -36
38 53 23
38 54 -63
38 55 79
38 57 2
38 58 97
38 60 46
38 61 28
38 62 -31
38 63 -94
38 64 45
38 67 -56
38 68 -95
38 69 -92
38 70 53
38 71 -37
38 72 -85
38 73 39
38 74 87
38 75 -77
38 76 79
38 77 43
38 79 78
38 81 90
38 82 -82
38 83 48
38 84 18
38 85 -58
38 86 -18
38 87 88
38 88 47
38 90 69
38 91 -39
38 92 84
38 93 -17
38 94 40
38 95 62
38 96 3
38 97 68
38 98 -67
38 99 3
39 0 6
39 1 -4
39 2 -39
39 3 2
39 4 -37
39 6 -75
39 7 50
39 8 11
39 9 44
39 10 -98
39 11 -66
39 13 -51
39 14 -73
39 15 -15
39 18 -33
39 19 -86
39 20 -21
39 22 95
39 23 -1
39 26 51
39 27 -65
39 28 -94
39 29 5
39 30 15
39 31 -24
39 32 -37
39 33 -54
39 34 21
39 35 -30
39 36 -11
39 37 -60
39 39 14
39 40 -10
39 41 -43
39 42 -7
39 43 41
39 44 78
39 45 42
39 47 96
39 49 -85
39 50 -73
39 51 -65
39 52 80
39 53 15
39 54 -70
39 55 -56
39 56 1
39 57 23
39 58 -25
39 59 -74
39 60 77
39 61 -80
39 62 -62
39 63 -37
39 64 38
39 66 19
39 68 -88
39 69 72
39 70 39
39 71 -5
39 72 -9
39 73 85
39 74 -47
39 75 25
39 76 24
39 77 -72
39 78 37
39 79 -65
39 82 6
39 83 -49
39 84 -85
39 85 -63
39 86 42
39 88 -18
39 90 50
39 91 32
39 92 -49
39 93 -48
39 95 31
39 96 26
39 97 -54
39 98 81
39 99 -22
40 0 55
40 1 47
40 3 3
40 4 -77
40 5 96
40 6 1
40 7 47
40 8 -76
40 9 -31
40 10 26
40 13 80
40 14 84
40 15 5
40 16 73
40 18 80
40 19 -99
40 21 54
40 22 52
40 24 7
40 25 15
40 26 -36
40 27 94
40 28 21
40 29 28
40 30 46
40 31 23
40 32 -68
40 33 -14
40 36 -54
40 37 20
40 38 -75
40 40 -90
40 42 90
40 43 -84
40 44 -49
40 45 42
40 46 -93
40 47 -80
40 48 52
40 49 55
40 50 -13
40 52 14
40 53 -32
40 54 24
40 55 45
40 56 12
40 57 -29
40 58 -84
40 59 34
40 60 -44
40 61 100
40 62 -1
40 63 -39
40 66 85
40 67 66
40 69 -77
40 71 -55
40 72 75
40 73 -89
40 74 26
40 75 14
40 76 -73
40 77 -76
40 79 -43
40 80 36
40 81 -89
40 82 57
40 83 55
40 85 -13
40 86 17
40 87 -68
40 88 43
40 89 -30
40 90 -22
40 91 14
40 92 -35
40 93 97
40 94 21
40 95 84
40 96 -74
40 97 15
40 98 -93
40 99 -1
41 0 -19
41 2 23
41 3 -42
41 4 37
41 5 -89
41 7 94
41 8 -25
41 9 8
41 10 62
41 11 33
41 12 61
41 13 -16
41 14 -86
41 15 81
41 16 50
41 17 -32
41 18 -79
41 20 -56
41 21 -58
41 22 27
41 23 -60
41 25 99
41 26 40
41 28 55
41 29 -35
41 30 35
41 31 -38
41 32 41
41 33 -2
41 34 -19
41 35 -62
41 36 28
41 37 11
41 38 67
41 39 -59
41 40 -77
41 41 28
41 42 -77
41 43 17
41 44 -43
41 45 100
41 46 -23
41 47 87
41 48 -4
41 49 -56
41 50 -14
41 51 81
41 52 -57
41 54 -85
41 55 53
41 58 -13
41 59 -18
41 60 76
41 61 -97
41 62 54
41 63 -42
41 64 53
41 65 9
41 66 95
41 68 -13
41 69 -20
41 70 17
41 71 -18
41 72 -5
41 73 9
41 75 78
41 76 30
41 77 -64
41 78 34
41 79 6
41 80 -35
41 81 -86
41 82 -22
41 85 27
41 86 -3
41 87 -77
41 88 -21
41 89 24
41 90 43
41 91 -53
41 93 -76
41 94 -40
41 95 -49
41 97 1
41 98 -4
42 1 57
42 2 -61
42 3 35
42 4 9
42 5 37
42 6 -59
42 7 -28
42 9 51
42 11 94
42 12 10
42 13 79
42 14 79
42 16 -94
42 17 33
42 18 -57
42 19 -97
42 20 55
42 21 -67
42 22 17
42 24 45
42 25 -73
42 26 -100
42 27 -64
42 28 -20
42 31 -45
42 32 -43
42 33 -74
42 34 29
42 35 5
42 37 -48
42 38 86
42 39 -98
42 40 -59
42 42 -2
42 43 48
42 45 -39
42 46 85
42 47 8
42 48 -10
42 49 -48
42 50 1
42 51 88
42 52 55
42 53 44
42 54 6
42 55 24
42 56 47
42 57 -43
42 58 33
42 60 21
42 61 -58
42 62 -65
42 63 -11
42 64 -52
42 65 35
42 66 -44
42 67 -29
42 68 -24
42 70 -92
42 72 14
42 73 -79
42 74 83
42 75 36
42 76 16
42 77 -27
42 78 13
42 79 -74
42 80 41
42 82 -52
42 83 55
42 84 47
42 85 16
42 86 -78
42 87 -74
42 89 62
42 92 82
42 93 -58
42 94 78
42 96 29
42 97 46
42 98 93
42 99 -21
43 0 -25
43 2 -38
43 3 -22
43 4 27
43 5 77
43 6 -44
43 7 35
43 8 -97
43 9 13
43 10 59
43 11 -52
43 13 64
43 16 -29
43 17 -23
43 18 -86
43 19 -22
43 20 -79
43 21 -15
43 22 70
43 24 39
43 25 -56
43 26 -13
43 27 -20
43 28 -57
43 30 47
43 31 -99
43 33 -64
43 35 16
43 37 24
43 39 -83
43 41 10
43 42 1
43 43 -52
43 45 38
43 46 42
43 47 -18
43 48 56
43 51 -56
43 53 86
43 54 29
43 55 -11
43 56 -22
43 57 41
43 58 34
43 59 51
43 60 -35
43 61 -32
43 62 -56
43 63 -15
43 64 -16
43 65 6
43 66 -9
43 67 -25
43 68 -7
43 69 -65
43 70 -7
43 71 50
43 72 -83
43 73 64
43 74 -92
43 75 11
43 77 -32
43 79 8
43 80 -17
43 81 -89
43 82 -27
43 83 -79
43 84 21
43 85 -19
43 86 -1
43 87 49
43 90 -70
43 91 -25
43 92 -74
43 93 84
43 94 -46
43 95 -46
43 96 -66
43 97 18
43 98 66
43 99 82
44 0 36
44 3 -20
44 4 35
44 5 -55
44 6 24
44 7 48
44 8 -6
44 9 25
44 10 8
44 11 -38
44 12 -24
44 14 -97
44 15 -41
44 16 39
44 17 -50
44 18 41
44 19 -69
44 20 -100
44 21 66
44 22 33
44 23 -37
44 24 77
44 25 -59
44 26 47
44 27 92
44 28 21
44 29 17
44 30 96
44 31 88
44 32 79
44 33 41
44 34 -9
44 35 -4
44 36 32
44 37 -53
44 39 -94
44 40 -91
44 41 -65
44 42 5
44 43 41
44 44 -34
44 45 38
44 46 -16
44 47 -52
44 48 34
44 49 -26
44 50 -95
44 51 16
44 52 73
44 54 23
44 55 31
44 56 20
44 57 -30
44 59 24
44 60 30
44 63 29
44 65 -84
44 67 55
44 68 96
44 69 13
44 70 71
44 71 71
44 72 -82
44 73 31
44 74 -71
44 75 54
44 76 -2
44 77 -70
44 78 4
44 79 -91
44 81 7
44 83 -97
44 84 -58
44 85 -93
44 87 19
44 88 -74
44 89 26
44 90 -32
44 91 -98
44 92 -29
44 93 -53
44 94 52
44 95 93
44 96 22
44 97 -20
44 98 -94
44 99 -92
45 1 -66
45 2 17
45 3 -45
45 5 -48
45 6 -76
45 8 88
45 9 73
45 12 43
45 13 42
45 14 -87
45 17 30
45 18 -65
45 19 -83
45 20 20
45 22 17
45 23 -38
45 24 54
45 25 -1
45 27 50
45 28 -39
45 29 -45
45 30 29
45 31 -31
45 32 -98
45 33 83
45 34 23
45 35 50
45 36 -59
45 39 72
45 40 5
45 41 78
45 42 -45
45 44 38
45 45 78
45 46 -90
45 47 -95
45 48 -66
45 49 -12
45 51 -9
45 52 82
45 53 -23
45 54 -26
45 55 48
45 56 54
45 57 21
45 59 31
45 60 -16
45 61 -82
45 62 -64
45 63 34
45 64 63
45 65 -60
45 66 7
45 69 -39
45 71 -33
45 72 -23
45 73 -11
45 77 -1
45 78 25
45 79 -3
45 80 -15
45 81 -64
45 83 -90
45 84 92
45 85 -4
45 86 29
45 87 13
45 89 -13
45 90 -45
45 91 21
45 92 42
45 93 32
45 94 42
45 96 93
45 97 31
45 98 -23
45 99 -74
46 0 -66
46 1 19
46 2 66
46 3 -82
46 6 -64
46 7 -48
46 8 66
46 9 82
46 10 28
46 11 -67
46 12 -89
46 13 41
46 14 -79
46 15 66
46 16 -100
46 17 -28
46 18 -27
46 20 -32
46 21 33
46 22 -3
46 23 -88
46 24 97
46 25 -39
46 26 -57
46 27 88
46 29 8
46 31 27
46 32 -11
46 33 64
46 34 -88
46 35 -72
46 36 44
46 39 -39
46 40 44
46 41 35
46 42 -69
46 43 91
46 44 47
46 45 87
46 46 16
46 48 -24
46 50 -71
46 51 -23
46 52 -85
46 53 16
46 54 -96
46 55 86
46 56 71
46 58 -79
46 59 -3
46 60 -6
46 61 35
46 62 -18
46 63 -77
46 65 14
46 66 -88
46 67 -23
46 68 40
46 70 96
46 71 -87
46 72 86
46 73 -98
46 74 47
46 75 -37
46 76 80
46 77 61
46 79 54
46 82 64
46 83 86
46 84 54
46 85 5
46 86 35
46 87 -72
46 90 -47
46 91 -48
46 92 -52
46 93 49
46 94 -37
46 96 -29
46 97 -91
46 98 50
46 99 -9
47 0 83
47 1 65
47 2 -84
47 4 24
47 6 48
47 7 -3
47 8 -79
47 9 -76
47 10 -38
47 11 -7
47 12 90
47 13 92
47 15 43
47 16 82
47 18 51
47 19 90
47 20 -74
47 21 -78
47 22 6
47 24 41
47 26 51
47 28 90
47 30 -94
47 32 81
47 33 -20
47 34 -30
47 35 -24
47 36 56
47 37 98
47 38 -55
47 39 -90
47 40 -29
47 41 25
47 42 -66
47 44 15
47 45 30
47 46 20
47 49 29
47 50 -7
47 51 44
47 52 56
47 54 -10
47 55 13
47 56 -80
47 57 -48
47 58 22
47 59 53
47 60 96
47 61 -98
47 62 -58
47 63 -23
47 64 -59
47 65 -89
47 66 -38
47 70 -85
47 72 57
47 73 -56
47 74 63
47 75 -26
47 77 -73
47 78 25
47 79 59
47 80 87
47 81 17
47 82 82
47 85 -72
47 86 -7
47 87 32
47 90 -8
47 91 -15
47 92 -6
47 93 -10
47 94 -58
47 95 93
47 97 -62
47 98 -50
47 99 18
48 0 95
48 1 -82
48 2 24
48 3 11
48 4 -93
48 5 35
48 6 -82
48 7 -38
48 8 -75
48 9 -68
48 10 55
48 11 65
48 12 54
48 13 58
48 14 57
48 15 26
48 16 -53
48 17 8
48 18 -66
48 19 11
48 20 -8
48 21 2
48 24 -68
48 25 -54
48 26 -19
48 28 31
48 30 -33
48 31 79
48 32 80
48 33 86
48 35 -68
48 36 52
48 37 -32
48 38 74
48 40 -95
48 41 -37
48 43 84
48 44 -37
48 46 -53
48 47 -87
48 48 68
48 49 39
48 51 -29
48 52 -84
48 53 63
48 54 -66
48 55 -31
48 57 -81
48 58 5
48 61 47
48 63 -78
48 64 96
48 66 45
48 67 -23
48 69 43
48 71 -59
48 72 18
48 73 1
48 74 -56
48 75 71
48 76 51
48 79 77
48 80 42
48 81 -26
48 82 97
48 83 25
48 84 47
48 87 -30
48 88 49
48 89 17
48 90 -53
48 91 -61
48 94 68
48 95 34
48 96 73
48 97 -82
48 98 -89
48 99 49
49 0 -17
49 1 4
49 3 75
49 4 59
49 5 -36
49 6 53
49 7 71
49 8 -3
49 9 -83
49 10 -51
49 11 -43
49 12 -74
49 13 -37
49 14 -37
49 15 61
49 16 75
49 17 -6
49 18 -4
49 19 46
49 20 -28
49 21 -51
49 22 38
49 23 -55
49 24 96
49 25 57
49 26 -100
49 27 25
49 28 24
49 30 -99
49 31 76
49 32 -100
49 34 -8
49 35 -88
49 37 -73
49 38 -84
49 39 33
49 40 36
49 43 -63
49 44 -62
49 45 95
49 46 -54
49 47 -93
49 48 25
49 49 -69
49 50 -51
49 51 30
49 52 -35
49 53 55
49 54 70
49 55 84
49 57 90
49 58 -53
49 59 16
49 60 21
49 61 -43
49 62 26
49 63 -29
49 64 -38
49 65 -26
49 67 -85
49 69 6
49 70 -15
49 71 6
49 72 -35
49 73 -96
49 75 -54
49 76 -45
49 77 41
49 79 -5
49 80 -79
49 81 -81
49 82 67
49 85 -90
49 86 -91
49 87 -24
49 88 -57
49 89 -19
49 90 87
49 91 -23
49 92 85
49 93 89
49 95 -92
49 96 8
49 97 100
49 99 -99
50 0 -77
50 1 58
50 2 52
50 3 -30
50 4 -31
50 6 -76
50 7 -71
50 8 -62
50 9 77
50 10 -24
50 12 73
50 13 -61
50 14 49
50 16 -60
50 17 -79
50 18 58
50 19 -43
50 20 -22
50 21 76
50 22 -62
50 23 -59
50 24 52
50 25 -22
50 26 22
50 27 43
50 28 -62
50 29 2
50 30 -3
50 31 -2
50 32 47
50 34 43
50 35 49
50 36 53
50 38 22
50 40 81
50 41 -64
50 42 43
50 43 -83
50 46 -47
50 47 93
50 48 -6
50 50 89
50 52 5
50 53 -56
50 55 43
50 57 70
50 58 4
50 59 82
50 61 -97
50 62 -51
50 64 -11
50 65 -63
50 66 52
50 67 -43
50 68 -21
50 70 -52
50 71 -2
50 73 -29
50 74 36
50 75 -57
50 77 70
50 78 -75
50 79 5
50 80 38
50 81 25
50 82 44
50 83 -61
50 84 -92
50 85 -99
50 86 25
50 87 -81
50 88 -86
50 90 60
50 92 -44
50 93 -67
50 94 51
50 95 74
50 96 32
50 97 -73
51 0 37
51 1 78
51 2 -18
51 3 93
51 4 74
51 5 -86
51 6 -10
51 7 -85
51 8 12
51 10 -50
51 11 -69
51 12 -97
51 13 64
51 14 42
51 15 -87
51 16 -33
51 17 20
51 18 -98
51 19 99
51 20 -72
51 21 60
51 22 -71
51 23 50
51 24 -58
51 25 19
51 26 35
51 27 -55
51 28 -88
51 29 -84
51 30 58
51 31 52
51 33 -41
51 34 65
51 35 11
51 36 -73
51 37 -36
51 38 14
51 39 54
51 40 50
51 41 42
51 42 14
51 43 52
51 44 46
51 46 99
51 47 45
51 49 62
51 50 2
51 51 69
51 52 72
51 53 -18
51 54 77
51 55 -96
51 56 53
51 57 -25
51 58 46
51 59 77
51 60 35
51 61 58
51 62 41
51 64 -1
51 66 -92
51 67 -95
51 68 -91
51 69 -41
51 71 -15
51 72 2
51 73 -71
51 74 -47
51 75 -56
51 76 -31
51 77 70
51 78 11
51 79 -69
51 80 30
51 81 -45
51 82 66
51 83 -45
51 84 76
51 85 1
51 86 71
51 87 26
51 89 46
51 90 84
51 91 -91
51 92 96
51 93 -41
51 94 64
51 95 -89
51 96 1
51 97 6
51 98 88
52 0 71
52 1 64
52 2 -73
52 3 39
52 5 9
52 6 -41
52 7 -30
52 8 -84
52 9 98
52 10 -42
52 11 36
52 12 -7
52 14 39
52 15 89
52 16 -26
52 17 -73
52 18 -99
52 21 3
52 23 51
52 24 -70
52 27 12
52 28 -31
52 30 -63
52 31 -94
52 32 -1
52 33 35
52 34 79
52 36 61
52 37 -21
52 38 -38
52 39 -79
52 40 34
52 41 -51
52 42 26
52 45 12
52 50 54
52 51 -55
52 52 41
52 53 63
52 54 -49
52 55 52
52 56 -13
52 57 -100
52 58 -20
52 59 92
52 62 -80
52 63 -8
52 64 80
52 65 -88
52 66 63
52 67 69
52 68 21
52 69 32
52 70 66
52 71 -18
52 72 34
52 73 15
52 74 51
52 75 20
52 76 75
52 77 8
52 79 -29
52 80 72
52 81 -73
52 82 76
52 83 76
52 84 33
52 85 -17
52 86 91
52 87 85
52 89 -90
52 90 11
52 91 19
52 93 74
52 94 -52
52 95 25
52 96 -73
52 98 98
53 0 -76
53 1 72
53 2 56
53 3 -44
53 4 -17
53 5 -1
53 6 66
53 7 66
53 8 55
53 9 38
53 10 -18
53 11 -83
53 12 -67
53 13 96
53 14 -87
53 15 -16
53 16 48
53 17 -15
53 18 34
53 19 59
53 20 -4
53 21 -82
53 22 62
53 23 -19
53 24 81
53 25 -65
53 26 -77
53 27 53
53 28 -33
53 29 100
53 30 -84
53 31 -6
53 32 23
53 33 59
53 34 35
53 35 7
53 36 -76
53 37 33
53 38 -69
53 39 54
53 40 82
53 41 -27
53 43 18
53 45 78
53 46 51
53 47 46
53 48 32
53 49 34
53 50 -31
53 51 -87
53 52 -43
53 53 -27
53 54 41
53 55 47
53 56 -67
53 58 -71
53 59 73
53 60 32
53 61 -96
53 62 -31
53 63 28
53 64 9
53 67 7
53 68 -20
53 69 -68
53 71 -97
53 72 53
53 74 97
53 75 -43
53 76 -19
53 77 71
53 78 -27
53 79 95
53 80 -31
53 83 -62
53 84 68
53 85 26
53 86 -61
53 87 -59
53 88 -55
53 89 -70
53 92 -45
53 93 -78
53 94 84
53 95 14
53 96 -36
53 97 90
53 99 -34
54 0 -86
54 1 59
54 2 93
54 3 -85
54 4 29
54 5 -66
54 6 5
54 7 -99
54 8 -100
54 9 48
54 10 7
54 11 -52
54 13 30
54 14 82
54 15 -31
54 16 41
54 18 -77
54 19 -60
54 20 26
54 23 19
54 24 -17
54 27 -76
54 28 92
54 30 32
54 31 75
54 32 20
54 33 59
54 34 97
54 35 38
54 36 76
54 37 34
54 38 -50
54 40 28
54 41 19
54 42 59
54 43 66
54 44 -66
54 45 -66
54 46 -89
54 48 74
54 49 24
54 51 -59
54 52 87
54 53 99
54 55 65
54 56 -63
54 58 -55
54 59 -85
54 60 -65
54 61 -100
54 62 43
54 63 -59
54 64 66
54 65 -50
54 66 67
54 67 -81
54 68 -65
54 69 26
54 71 37
54 73 -84
54 74 -55
54 75 42
54 76 -8
54 77 -45
54 78 -95
54 79 47
54 80 -89
54 81 73
54 82 -94
54 83 -31
54 84 -100
54 86 11
54 87 89
54 88 55
54 89 9
54 90 6
54 93 -24
54 94 -17
54 95 47
54 96 24
54 97 14
54 99 -40
55 0 81
55 2 -66
55 3 -16
55 4 80
55 5 -3
55 6 90
55 7 25
55 9 -99
55 10 -42
55 11 -62
55 15 -86
55 16 23
55 17 32
55 18 -14
55 19 -40
55 21 29
55 22 -36
55 23 -24
55 24 33
55 25 89
55 26 -28
55 28 -7
55 29 9
55 30 42
55 32 52
55 34 73
55 35 55
55 36 -45
55 37 -80
55 38 -29
55 39 75
55 40 56
55 41 38
55 42 -80
55 43 -77
55 45 -17
55 46 -44
55 47 -41
55 48 -33
55 49 49
55 51 -7
55 52 -46
55 53 99
55 55 -11
55 57 -17
55 58 -67
55 59 -18
55 60 38
55 62 -66
55 63 -79
55 64 -31
55 65 -88
55 66 45
55 67 -28
55 68 62
55 69 32
55 70 2
55 72 -80
55 73 83
55 74 30
55 75 -60
55 76 54
55 77 33
55 78 -65
55 80 -65
55 82 94
55 83 19
55 84 -64
55 86 -21
55 87 -95
55 88 42
55 90 71
55 91 -91
55 92 62
55 93 -87
55 95 -47
55 96 71
55 97 -72
55 99 -18
56 0 87
56 1 4
56 3 -46
56 4 91
56 5 11
56 6 91
56 7 -37
56 8 -21
56 9 22
56 10 -53
56 11 3
56 12 27
56 13 -66
56 14 -48
56 15 35
56 17 -73
56 18 -75
56 21 -76
56 23 -44
56 24 2
56 25 89
56 26 -1
56 28 7
56 29 97
56 30 67
56 31 11
56 32 -55
56 33 -95
56 34 -37
56 36 53
56 37 17
56 38 -48
56 39 13
56 40 47
56 41 85
56 42 -42
56 45 18
56 46 66
56 48 14
56 49 47
56 50 -97
56 51 65
56 53 -60
56 54 -67
56 55 -47
56 56 -95
56 57 17
56 58 63
56 59 -29
56 60 61
56 61 -74
56 62 61
56 63 -48
56 64 -61
56 65 -13
56 66 99
56 67 -79
56 68 -86
56 69 37
56 70 9
56 72 21
56 73 48
56 74 17
56 75 74
56 76 40
56 77 17
56 78 1
56 79 -71
56 81 -42
56 82 10
56 83 -84
56 84 -97
56 85 31
56 86 41
56 87 -74
56 88 -97
56 89 -33
56 90 -68
56 91 96
56 92 -42
56 93 34
56 94 -50
56 95 41
56 96 -5
56 97 67
56 98 -51
56 99 69
57 0 55
57 2 75
57 3 100
57 4 -1
57 5 9
57 6 -60
57 7 3
57 8 -89
57 9 26
57 10 36
57 11 -32
57 12 -72
57 13 -98
57 14 46
57 17 19
57 18 -97
57 19 -7
57 20 -94
57 21 44
57 22 85
57 23 -46
57 24 -81
57 25 -79
57 26 -35
57 27 25
57 28 -19
57 30 47
57 31 -2
57 32 95
57 34 19
57 35 -64
57 36 -81
57 37 -63
57 38 -11
57 39 -93
57 41 -84
57 44 -100
57 45 -74
57 46 -54
57 49 84
57 50 8
57 51 48
57 52 68
57 53 98
57 54 80
57 55 -84
57 56 -38
57 58 20
57 59 21
57 61 74
57 62 -58
57 64 48
57 66 35
57 67 72
57 68 -54
57 71 92
57 74 79
57 75 4
57 76 41
57 77 6
57 78 46
57 79 47
57 80 -34
57 82 47
57 83 39
57 84 -81
57 85 -94
57 86 70
57 87 70
57 88 -31
57 89 -54
57 90 8
57 91 -11
57 92 -69
57 93 10
57 94 -60
57 95 -44
57 96 43
57 97 92
57 98 86
57 99 -35
58 0 -81
58 1 -37
58 2 68
58 3 92
58 4 -55
58 5 42
58 6 -67
58 10 56
58 12 -51
58 13 -4
58 15 -82
58 16 -74
58 17 47
58 18 -26
58 19 87
58 20 -80
58 21 -99
58 22 69
58 23 51
58 24 -19
58 25 -59
58 28 7
58 29 -97
58 30 -81
58 32 -24
58 33 -37
58 34 -81
58 35 67
58 37 70
58 38 29
58 39 41
58 40 55
58 41 21
58 42 -40
58 43 6
58 44 -18
58 45 16
58 46 -46
58 48 90
58 49 41
58 51 54
58 52 85
58 54 -19
58 55 -16
58 56 65
58 60 -14
58 61 -10
58 64 43
58 65 74
58 67 35
58 68 62
58 69 -91
58 70 80
58 71 -57
58 72 33
58 73 22
58 74 11
58 75 -33
58 76 -24
58 78 -3
58 79 -44
58 80 12
58 81 -6
58 82 57
58 83 94
58 84 -87
58 85 65
58 86 -97
58 87 52
58 88 -13
58 89 -47
58 90 3
58 91 65
58 92 63
58 93 82
58 94 -61
58 95 -62
58 96 48
58 97 -51
58 98 -21
59 0 50
59 1 -4
59 2 99
59 3 64
59 4 -61
59 6 26
59 8 27
59 9 41
59 11 -8
59 12 64
59 13 7
59 14 39
59 15 37
59 16 58
59 19 71
59 20 49
59 21 -34
59 22 29
59 23 76
59 24 17
59 27 14
59 28 74
59 29 -36
59 30 44
59 31 -16
59 32 -86
59 33 92
59 34 -30
59 35 -15
59 36 -95
59 37 -91
59 39 -8
59 40 -86
59 41 -32
59 42 -14
59 44 12
59 45 -44
59 46 79
59 47 -69
59 48 -10
59 49 -28
59 50 97
59 51 9
59 52 32
59 53 76
59 54 14
59 55 20
59 56 -82
59 57 -86
59 58 42
59 60 -6
59 62 77
59 63 -73
59 64 -6
59 65 -64
59 67 -91
59 68 -76
59 69 -100
59 70 36
59 71 -37
59 72 65
59 73 -30
59 74 97
59 75 69
59 76 -65
59 78 -35
59 80 -51
59 81 -54
59 82 74
59 83 98
59 84 -58
59 86 -27
59 87 87
59 88 30
59 89 -4
59 90 -17
59 91 55
59 92 70
59 93 78
59 94 -72
59 95 87
59 96 73
59 97 89
60 0 -38
60 1 -35
60 3 -86
60 4 -66
60 5 60
60 6 -9
60 7 -18
60 8 82
60 9 -59
60 10 37
60 11 9
60 12 4
60 13 86
60 14 -8
60 17 23
60 18 -38
60 20 9
60 21 57
60 22 -28
60 24 53
60 26 -65
60 27 -100
60 28 27
60 29 58
60 30 -66
60 31 64
60 32 84
60 33 -96
60 34 -25
60 35 -26
60 37 -29
60 38 -89
60 39 -28
60 40 -20
60 41 -70
60 42 54
60 43 -81
60 44 -44
60 47 10
60 49 -75
60 50 40
60 51 -86
60 55 91
60 56 -10
60 57 99
60 59 -51
60 60 52
60 61 100
60 62 -100
60 63 82
60 64 16
60 67 6
60 68 -86
60 69 -55
60 70 -62
60 71 32
60 72 -65
60 73 -49
60 74 7
60 75 -45
60 77 -50
60 78 -9
60 79 -3
60 80 -76
60 82 -35
60 83 13
60 84 -14
60 86 -33
60 88 82
60 89 -49
60 90 9
60 91 -88
60 92 -85
60 94 -5
60 95 -66
60 96 -34
60 97 96
61 0 43
61 1 36
61 2 -3
61 3 -48
61 4 62
61 5 -78
61 6 -8
61 7 -61
61 8 -59
61 9 18
61 10 -32
61 11 34
61 13 63
61 14 -77
61 15 59
61 18 -80
61 19 -10
61 20 -78
61 23 26
61 24 73
61 26 8
61 27 -10
61 28 21
61 29 -64
61 30 37
61 31 -93
61 32 -73
61 33 72
61 34 -95
61 35 70
61 36 42
61 38 -81
61 39 -23
61 41 6
61 42 45
61 43 66
61 44 68
61 45 20
61 46 -49
61 47 -94
61 48 -51
61 49 -97
61 50 -23
61 52 49
61 54 -74
61 55 83
61 56 -11
61 57 -6
61 58 54
61 59 -5
61 60 -18
61 61 -78
61 62 -30
61 63 56
61 64 -19
61 65 -14
61 66 65
61 68 -94
61 70 -91
61 71 -54
61 74 -92
61 75 -49
61 76 51
61 77 -30
61 78 36
61 80 -44
61 81 -22
61 83 72
61 84 -85
61 86 -43
61 87 -52
61 88 78
61 89 4
61 90 1
61 91 20
61 92 -19
61 93 -39
61 94 89
61 95 59
61 96 36
61 98 43
61 99 -17
62 0 33
62 1 67
62 2 -12
62 3 83
62 4 -24
62 5 -52
62 6 95
62 7 23
62 8 -48
62 9 -10
62 10 90
62 11 36
62 12 -21
62 15 -100
62 16 58
62 17 -22
62 18 97
62 19 74
62 20 9
62 21 91
62 23 -20
62 25 83
62 26 7
62 27 58
62 28 83
62 29 -72
62 30 23
62 32 42
62 33 -7
62 35 35
62 36 96
62 37 14
62 38 -24
62 39 -24
62 40 6
62 41 89
62 42 -16
62 43 -32
62 44 9
62 46 4
62 47 91
62 48 -23
62 49 -74
62 50 -18
62 51 23
62 52 96
62 53 2
62 54 91
62 55 22
62 57 -65
62 58 56
62 59 -73
62 61 21
62 62 -18
62 63 -32
62 65 74
62 66 -51
62 67 -65
62 68 -19
62 71 -9
62 72 80
62 73 11
62 74 27
62 76 29
62 77 31
62 79 44
62 80 -52
62 81 29
62 82 46
62 83 32
62 84 13
62 85 28
62 86 -49
62 87 99
62 88 17
62 89 9
62 90 -91
62 91 69
62 92 79
62 93 69
62 94 3
62 95 -85
62 96 -48
62 97 -86
62 98 31
62 99 -8
63 0 34
63 2 -38
63 3 -99
63 5 -84
63 7 -83
63 8 51
63 9 -69
63 10 33
63 11 92
63 12 -28
63 14 -12
63 15 -12
63 16 38
63 17 32
63 18 16
63 20 86
63 21 -34
63 22 -81
63 24 83
63 26 56
63 27 1
63 28 -64
63 29 25
63 30 -59
63 31 73
63 32 28
63 33 -95
63 35 40
63 36 78
63 37 -85
63 38 -61
63 40 66
63 41 7
63 42 40
63 43 -54
63 44 -82
63 45 73
63 46 59
63 47 36
63 48 100
63 49 -54
63 50 86
63 51 47
63 52 43
63 53 70
63 54 -39
63 55 -50
63 56 -55
63 57 3
63 58 -21
63 59 -10
63 60 4
63 61 -42
63 62 -11
63 64 50
63 65 96
63 67 -60
63 69 42
63 70 -77
63 71 62
63 72 -64
63 73 -53
63 74 80
63 75 35
63 76 38
63 77 -33
63 78 55
63 81 -58
63 82 44
63 83 -41
63 84 53
63 86 -95
63 87 93
63 88 -3
63 89 -2
63 90 -94
63 94 32
63 95 -97
63 97 -78
63 98 -50
64 0 13
64 1 -57
64 2 4
64 3 -82
64 4 34
64 5 -6
64 6 44
64 7 72
64 8 53
64 9 -88
64 10 37
64 11 -83
64 12 -34
64 13 -46
64 14 -35
64 15 6
64 16 -30
64 17 -16
64 18 4
64 19 89
64 20 -35
64 22 54
64 23 25
64 24 -34
64 25 -38
64 28 37
64 29 -88
64 30 86
64 31 -59
64 32 -11
64 33 90
64 34 -43
64 35 58
64 36 -47
64 37 81
64 38 93
64 39 -5
64 40 -48
64 41 -66
64 42 -10
64 43 99
64 44 95
64 48 -59
64 49 1
64 50 59
64 51 -13
64 52 -46
64 53 94
64 54 -78
64 55 9
64 56 28
64 57 8
64 58 -35
64 59 82
64 61 13
64 63 24
64 64 -64
64 65 33
64 66 70
64 67 -10
64 69 69
64 70 -100
64 71 36
64 72 30
64 73 13
64 74 -94
64 76 -59
64 77 18
64 78 -99
64 79 -24
64 80 -77
64 83 -35
64 84 19
64 85 -6
64 86 -86
64 87 -51
64 88 -42
64 89 90
64 90 -19
64 94 -8
64 95 62
64 96 -97
64 97 51
64 98 -36
64 99 -74
65 0 9
65 1 75
65 2 -19
65 3 -1
65 4 -83
65 6 82
65 7 -49
65 8 -67
65 10 -45
65 11 -32
65 13 38
65 14 3
65 15 -7
65 16 -16
65 18 -63
65 19 -59
65 20 -91
65 21 37
65 22 -57
65 23 61
65 24 -88
65 26 59
65 27 -92
65 29 90
65 30 -31
65 31 -28
65 32 -67
65 34 -31
65 35 -7
65 37 15
65 38 -38
65 39 73
65 41 40
65 42 -89
65 43 79
65 45 26
65 46 36
65 48 24
65 49 -15
65 50 97
65 51 16
65 52 -82
65 54 89
65 55 76
65 56 93
65 57 58
65 58 -75
65 59 40
65 60 95
65 61 -25
65 62 92
65 63 -65
65 66 -26
65 67 92
65 68 49
65 69 15
65 70 63
65 71 -26
65 72 -23
65 73 81
65 74 -24
65 76 41
65 77 33
65 79 -37
65 80 98
65 82 -81
65 84 -92
65 85 9
65 86 -44
65 88 -30
65 90 11
65 91 -10
65 92 -69
65 93 84
65 94 51
65 95 71
65 96 -62
65 97 -85
65 98 11
65 99 51
66 0 -12
66 1 19
66 2 50
66 3 72
66 4 2
66 5 -17
66 7 -25
66 9 -76
66 10 92
66 12 65
66 14 98
66 17 31
66 19 81
66 20 -100
66 21 12
66 22 25
66 23 -38
66 24 82
66 25 59
66 26 17
66 28 -60
66 32 23
66 33 -15
66 35 63
66 36 18
66 37 -59
66 38 -8
66 40 30
66 42 -12
66 43 -12
66 44 97
66 45 80
66 46 21
66 47 -36
66 49 25
66 50 -15
66 51 -28
66 52 35
66 53 -96
66 54 -31
66 55 -77
66 56 -100
66 57 -54
66 58 -93
66 59 77
66 60 -3
66 61 -97
66 62 48
66 64 -61
66 65 -54
66 66 -100
66 67 -50
66 68 -20
66 69 75
66 70 83
66 71 -81
66 72 93
66 74 54
66 75 -22
66 76 91
66 77 32
66 80 -32
66 81 -2
66 82 -38
66 84 73
66 85 -35
66 87 97
66 88 34
66 89 -47
66 90 -82
66 91 -86
66 92 32
66 93 47
66 94 -35
66 95 -52
66 96 -21
66 97 38
66 98 -61
66 99 46
67 0 -90
67 1 4
67 3 22
67 4 -91
67 5 -63
67 6 61
67 7 -37
67 8 3
67 9 -76
67 11 77
67 13 37
67 15 -33
67 16 54
67 17 -67
67 18 -11
67 19 56
67 20 -72
67 21 -36
67 23 -53
67 24 85
67 26 77
67 27 19
67 28 -46
67 30 99
67 31 -38
67 33 -68
67 34 61
67 35 -27
67 36 93
67 37 -14
67 38 75
67 39 -64
67 40 -28
67 41 25
67 42 73
67 43 -47
67 45 -89
67 46 -4
67 47 59
67 48 -92
67 50 44
67 51 75
67 52 59
67 53 27
67 54 56
67 55 71
67 56 38
67 57 26
67 58 45
67 59 -61
67 60 57
67 61 35
67 62 -61
67 65 49
67 66 5
67 67 -2
67 68 -72
67 69 -64
67 70 40
67 72 4
67 73 44
67 74 -28
67 75 -21
67 76 -72
67 77 24
67 78 44
67 79 -40
67 80 -22
67 81 -22
67 83 63
67 84 48
67 85 -2
67 86 23
67 87 53
67 88 20
67 89 29
67 90 21
67 91 -54
67 92 16
67 93 49
67 94 38
67 95 -98
67 97 79
67 98 -40
67 99 -59
68 0 -13
68 1 95
68 2 32
68 3 96
68 4 34
68 5 -5
68 7 20
68 8 95
68 9 23
68 10 -98
68 11 -100
68 12 95
68 13 80
68 14 -54
68 15 52
68 16 88
68 17 -33
68 18 79
68 19 -25
68 20 -79
68 21 -27
68 22 2
68 23 6
68 24 1
68 27 79
68 28 59
68 30 74
68 31 -31
68 33 61
68 34 -15
68 35 -86
68 36 56
68 37 -8
68 38 21
68 39 -31
68 40 -72
68 41 57
68 43 -60
68 44 -2
68 45 73
68 46 -22
68 47 -15
68 48 -51
68 49 -21
68 50 17
68 51 47
68 52 -11
68 54 -46
68 55 -34
68 56 52
68 58 1
68 59 58
68 61 17
68 62 -50
68 63 56
68 64 4
68 65 18
68 66 11
68 67 14
68 68 79
68 69 94
68 71 -63
68 72 70
68 73 53
68 74 -23
68 77 -17
68 78 49
68 79 -49
68 80 -58
68 81 -3
68 82 84
68 83 65
68 84 22
68 85 37
68 86 27
68 87 -70
68 88 16
68 89 -47
68 90 92
68 91 -11
68 92 -73
68 94 87
68 95 -37
68 96 -16
68 97 77
68 98 86
68 99 10
69 1 55
69 2 -56
69 3 -92
69 4 50
69 5 -12
69 7 -31
69 9 26
69 10 60
69 11 20
69 12 -49
69 13 35
69 15 -39
69 16 14
69 17 90
69 18 42
69 19 84
69 20 27
69 21 -61
69 22 63
69 24 -81
69 25 52
69 26 44
69 27 30
69 28 -100
69 29 -16
69 32 45
69 33 -61
69 37 -38
69 38 45
69 39 -89
69 40 -16
69 41 -46
69 42 2
69 43 96
69 44 83
69 45 -35
69 47 -7
69 48 -43
69 49 -72
69 50 50
69 52 34
69 53 -13
69 54 -55
69 55 21
69 56 19
69 57 20
69 59 21
69 60 -6
69 62 33
69 63 -77
69 64 6
69 65 8
69 66 -10
69 67 -78
69 68 81
69 72 -48
69 73 85
69 75 6
69 76 75
69 77 -31
69 78 -60
69 79 -31
69 80 56
69 81 83
69 82 30
69 83 70
69 84 -52
69 85 7
69 86 -85
69 87 93
69 88 -15
69 89 21
69 90 -18
69 92 74
69 93 80
69 94 -99
69 95 -94
69 96 80
69 97 -27
69 99 3
70 0 -26
70 1 -2
70 2 38
70 3 26
70 4 -86
70 5 97
70 6 44
70 7 -72
70 9 -6
70 10 96
70 11 -49
70 12 43
70 13 86
70 14 84
70 16 60
70 17 14
70 18 22
70 19 96
70 20 87
70 21 -88
70 22 -90
70 24 2
70 25 5
70 26 -6
70 27 100
70 28 40
70 30 -6
70 31 -52
70 32 16
70 33 -2
70 34 2
70 35 -42
70 36 66
70 37 71
70 38 -41
70 39 19
70 40 49
70 41 20
70 43 -56
70 45 -98
70 46 -75
70 47 17
70 48 -57
70 49 49
70 50 85
70 51 27
70 52 62
70 53 -21
70 54 56
70 55 98
70 56 36
70 57 89
70 58 -42
70 59 -45
70 60 -95
70 61 11
70 62 34
70 63 -32
70 64 64
70 66 62
70 67 -10
70 68 27
70 69 -3
70 70 10
70 71 85
70 72 33
70 73 24
70 76 9
70 77 31
70 78 41
70 79 68
70 80 -42
70 81 -23
70 83 -68
70 84 41
70 87 100
70 88 -54
70 89 63
70 90 -97
70 91 -21
70 92 -33
70 93 -39
70 94 -74
70 95 -17
70 96 96
70 97 91
70 99 -57
71 0 87
71 2 -17
71 3 4
71 4 -90
71 5 81
71 6 61
71 8 -14
71 9 -40
71 11 -97
71 14 -46
71 16 38
71 17 68
71 18 -19
71 19 -2
71 20 -14
71 21 -80
71 22 20
71 23 -69
71 24 100
71 25 35
71 26 21
71 27 15
71 28 -31
71 30 -3
71 31 88
71 32 -66
71 34 14
71 35 35
71 36 -1
71 38 9
71 39 55
71 40 -79
71 41 -36
71 42 -38
71 43 -64
71 45 94
71 46 -40
71 47 54
71 48 -77
71 49 -59
71 50 30
71 51 49
71 52 15
71 53 42
71 54 -2
71 56 -98
71 57 20
71 59 -40
71 60 16
71 61 -34
71 63 97
71 64 -60
71 65 -87
71 66 -11
71 68 -2
71 69 45
71 71 89
71 72 28
71 73 -22
71 74 -33
71 75 -21
71 76 5
71 77 36
71 78 47
71 79 -36
71 80 10
71 81 -34
71 82 26
71 83 -68
71 84 33
71 85 43
71 87 -86
71 88 3
71 89 -59
71 90 -32
71 91 79
71 92 83
71 94 85
71 95 -12
71 96 7
71 97 37
71 99 -84
72 1 16
72 2 -29
72 3 -99
72 4 38
72 6 -72
72 7 -96
72 8 65
72 9 37
72 10 -8
72 11 -14
72 13 23
72 14 55
72 15 -67
72 16 -69
72 18 37
72 19 14
72 20 69
72 21 -21
72 22 -86
72 23 67
72 24 -78
72 25 48
72 27 -62
72 28 27
72 29 47
72 31 -10
72 32 71
72 33 46
72 34 -69
72 35 -91
72 37 88
72 39 -48
72 40 -47
72 41 -22
72 42 -41
72 43 53
72 44 10
72 45 -68
72 46 59
72 47 5
72 48 11
72 50 -18
72 52 -16
72 53 -96
72 55 11
72 56 -27
72 57 -57
72 58 52
72 59 -87
72 60 77
72 61 100
72 62 30
72 63 -18
72 65 82
72 67 80
72 68 11
72 69 -64
72 70 -11
72 71 31
72 73 -66
72 74 -90
72 75 3
72 76 -92
72 77 -60
72 78 55
72 79 -61
72 81 80
72 82 -90
72 83 -91
72 84 -100
72 86 -91
72 87 -12
72 88 83
72 89 -47
72 90 -82
72 91 -95
72 92 52
72 93 -59
72 94 -82
72 95 -65
72 96 78
73 1 -82
73 2 89
73 5 61
73 6 -10
73 8 -35
73 9 -38
73 10 11
73 11 98
73 12 -22
73 13 -37
73 14 -65
73 15 2
73 16 92
73 18 6
73 19 100
73 20 -48
73 21 -35
73 22 51
73 23 68
73 24 52
73 25 68
73 26 2
73 27 12
73 28 -67
73 29 18
73 31 23
73 32 -94
73 34 66
73 35 -75
73 36 -79
73 37 -29
73 38 -39
73 39 -79
73 40 -26
73 41 -55
73 42 -40
73 43 50
73 44 61
73 46 69
73 48 -36
73 49 4
73 50 -58
73 51 46
73 52 -75
73 53 81
73 54 -82
73 55 74
73 56 -24
73 58 80
73 59 36
73 60 78
73 61 21
73 62 -70
73 63 -89
73 65 74
73 67 9
73 68 -14
73 69 96
73 70 -28
73 71 -96
73 72 -79
73 73 89
73 74 -40
73 80 -97
73 81 29
73 82 98
73 85 47
73 86 48
73 87 -59
73 88 70
73 90 -16
73 91 -27
73 92 79
73 94 -42
73 95 100
73 96 41
73 97 75
73 98 -76
73 99 100
74 0 82
74 2 -86
74 3 84
74 4 -62
74 5 33
74 6 93
74 7 87
74 8 68
74 9 5
74 11 59
74 12 -87
74 13 -84
74 14 100
74 16 26
74 17 88
74 18 92
74 19 -87
74 20 53
74 21 33
74 22 -18
74 23 -18
74 24 -45
74 25 86
74 26 88
74 28 -18
74 29 -99
74 30 70
74 31 -45
74 32 45
74 33 83
74 34 22
74 35 41
74 36 -86
74 37 40
74 38 96
74 39 -67
74 40 -41
74 41 31
74 42 31
74 44 -11
74 45 55
74 46 -50
74 47 -83
74 48 40
74 49 26
74 50 66
74 52 -78
74 53 -26
74 54 99
74 55 -18
74 56 83
74 58 58
74 59 -77
74 60 3
74 61 30
74 63 -15
74 64 -43
74 65 -9
74 66 92
74 67 20
74 68 -79
74 69 -72
74 70 -38
74 71 -98
74 72 1
74 73 -61
74 74 61
74 75 47
74 76 -42
74 77 14
74 79 94
74 80 -2
74 81 28
74 82 35
74 83 9
74 85 22
74 86 -63
74 87 25
74 88 3
74 89 3
74 90 -37
74 91 86
74 92 71
74 93 67
74 94 16
74 95 -5
74 96 99
74 98 -78
75 0 -5
75 1 60
75 2 41
75 3 -64
75 4 18
75 5 17
75 6 72
75 8 -2
75 9 -100
75 11 5
75 13 24
75 14 34
75 15 50
75 16 -53
75 17 67
75 18 27
75 19 -76
75 20 7
75 21 -22
75 22 77
75 23 -71
75 24 -36
75 25 68
75 26 -85
75 27 -66
75 28 -23
75 30 -75
75 31 -21
75 33 -39
75 34 -67
75 36 -37
75 37 28
75 38 -53
75 39 -81
75 40 -27
75 41 -77
75 42 -8
75 43 -21
75 44 -37
75 46 86
75 47 -33
75 48 -20
75 49 41
75 50 34
75 51 -25
75 52 89
75 53 -65
75 54 -85
75 55 68
75 56 -45
75 57 32
75 58 -86
75 59 -61
75 60 -24
75 61 7
75 64 77
75 66 -71
75 67 -6
75 68 44
75 69 24
75 70 48
75 72 -30
75 73 61
75 74 86
75 75 71
75 76 -9
75 77 92
75 78 37
75 79 -81
75 80 94
75 81 74
75 83 -76
75 84 8
75 85 -56
75 86 -31
75 87 10
75 88 -91
75 89 17
75 91 -44
75 92 -21
75 94 -92
75 96 -42
75 98 -42
75 99 89
76 0 49
76 1 -22
76 2 -22
76 4 -83
76 6 6
76 7 40
76 8 31
76 10 -1
76 11 -72
76 13 3
76 15 86
76 16 -49
76 17 -38
76 18 -58
76 19 44
76 20 -50
76 21 -100
76 22 14
76 23 -66
76 26 53
76 27 54
76 28 -68
76 29 -78
76 30 -3
76 31 -87
76 32 50
76 34 -18
76 35 -23
76 36 -43
76 38 80
76 39 -78
76 40 -33
76 41 42
76 42 -35
76 43 -14
76 44 -9
76 45 16
76 48 55
76 49 69
76 50 17
76 51 21
76 52 -82
76 53 -81
76 54 -19
76 57 -34
76 58 15
76 59 -26
76 60 -13
76 61 78
76 62 -14
76 63 32
76 64 -19
76 67 -69
76 68 -23
76 69 -13
76 70 55
76 71 -48
76 73 91
76 74 -58
76 75 -57
76 76 90
76 77 64
76 78 -33
76 79 52
76 80 -31
76 81 63
76 82 -48
76 83 97
76 84 -19
76 85 -42
76 86 70
76 87 45
76 88 -78
76 89 67
76 90 3
76 92 25
76 94 -72
76 95 -65
76 98 -40
77 0 -89
77 1 57
77 2 -57
77 4 -54
77 6 -76
77 9 13
77 10 -96
77 11 -51
77 12 -13
77 13 35
77 14 -84
77 15 76
77 17 -27
77 18 62
77 19 27
77 20 40
77 21 54
77 22 37
77 23 78
77 24 31
77 25 -3
77 26 -18
77 27 59
77 29 79
77 30 50
77 31 75
77 33 -58
77 34 -56
77 36 87
77 37 -28
77 38 -9
77 39 44
77 40 84
77 42 -26
77 43 -82
77 44 89
77 45 41
77 46 -5
77 47 -70
77 48 -12
77 49 -66
77 50 -38
77 51 64
77 52 -21
77 55 97
77 56 -20
77 57 -22
77 58 -30
77 59 29
77 60 -17
77 61 -6
77 62 -76
77 63 -9
77 66 -56
77 69 51
77 70 55
77 72 25
77 73 -27
77 74 43
77 75 32
77 78 31
77 79 65
77 80 96
77 81 -50
77 83 53
77 84 41
77 85 79
77 86 69
77 87 20
77 90 1
77 91 26
77 92 -21
77 93 -42
77 97 83
77 98 -35
77 99 -35
78 0 -34
78 1 -59
78 2 -20
78 3 34
78 4 -58
78 5 33
78 6 -83
78 8 4
78 11 -8
78 12 -93
78 13 -91
78 14 -69
78 15 48
78 17 50
78 18 25
78 19 -11
78 20 -26
78 21 18
78 22 50
78 26 -34
78 27 55
78 28 74
78 29 31
78 31 -48
78 32 78
78 33 -50
78 34 -30
78 35 -17
78 37 -25
78 38 43
78 39 47
78 40 -36
78 42 2
78 43 34
78 44 -92
78 45 74
78 46 21
78 48 -20
78 49 43
78 50 29
78 51 4
78 52 34
78 53 -31
78 54 75
78 55 77
78 56 -17
78 57 -31
78 58 -89
78 59 -56
78 61 99
78 62 -75
78 65 65
78 68 -55
78 69 -36
78 70 75
78 71 96
78 72 -35
78 73 43
78 74 -46
78 75 -30
78 76 -84
78 78 -6
78 79 17
78 81 35
78 82 66
78 83 46
78 84 -80
78 85 50
78 89 25
78 90 95
78 91 -58
78 92 64
78 93 -41
78 94 29
78 95 -47
78 96 63
78 97 -14
78 98 -34
78 99 -18
79 0 44
79 1 -20
79 2 41
79 3 50
79 4 -22
79 5 -85
79 7 94
79 8 -65
79 9 98
79 13 -42
79 15 18
79 16 49
79 17 -56
79 19 54
79 22 -70
79 23 -85
79 26 3
79 27 89
79 28 -21
79 29 -90
79 30 22
79 31 81
79 32 -2
79 33 -99
79 34 63
79 36 -68
79 37 95
79 39 34
79 40 -24
79 41 61
79 42 -78
79 43 93
79 44 28
79 45 -10
79 46 29
79 47 3
79 48 -13
79 49 92
79 51 -32
79 52 -33
79 53 76
79 54 -83
79 55 -97
79 56 -72
79 57 21
79 58 -60
79 59 70
79 60 -9
79 61 -50
79 62 -32
79 64 -1
79 65 17
79 66 -42
79 67 -36
79 68 21
79 69 -6
79 70 21
79 71 -40
79 72 83
79 73 -56
79 74 92
79 75 -92
79 76 62
79 77 96
79 78 43
79 79 -5
79 80 85
79 81 19
79 82 -57
79 83 51
79 84 -22
79 85 71
79 87 87
79 88 -65
79 89 -7
79 90 69
79 92 6
79 94 12
79 95 -40
79 96 -45
79 97 -84
79 98 -77
79 99 -27
80 0 -82
80 1 79
80 2 75
80 3 -45
80 4 -69
80 7 21
80 9 -67
80 10 89
80 12 -48
80 13 -80
80 14 98
80 15 -82
80 16 26
80 17 17
80 18 20
80 19 56
80 20 29
80 21 69
80 22 54
80 24 -3
80 25 69
80 27 -9
80 28 7
80 29 60
80 30 -86
80 31 -94
80 32 -32
80 34 10
80 35 -49
80 36 82
80 37 -9
80 38 46
80 39 92
80 40 -33
80 42 93
80 43 -24
80 44 -5
80 45 40
80 46 -17
80 47 24
80 48 -74
80 49 -73
80 50 28
80 51 56
80 52 39
80 53 -96
80 54 42
80 55 -98
80 56 -62
80 57 -71
80 58 -99
80 59 -99
80 61 97
80 62 -22
80 63 -85
80 64 -37
80 65 90
80 66 47
80 67 -60
80 68 -76
80 69 -17
80 71 42
80 74 5
80 75 35
80 76 75
80 77 -10
80 78 73
80 82 -8
80 83 -66
80 84 -16
80 85 4
80 87 -29
80 88 40
80 89 88
80 90 92
80 91 -64
80 92 -55
80 93 35
80 94 -34
80 95 -33
80 96 45
80 97 -30
80 98 64
80 99 58
81 0 61
81 1 -76
81 3 -25
81 4 -39
81 5 46
81 6 -95
81 8 21
81 9 21
81 10 75
81 12 29
81 13 -16
81 14 24
81 16 93
81 18 91
81 19 -3
81 20 65
81 21 -94
81 22 37
81 23 -38
81 24 8
81 25 78
81 26 -39
81 27 -3
81 28 -24
81 29 29
81 30 60
81 31 70
81 32 -85
81 34 34
81 35 6
81 36 -7
81 37 2
81 38 87
81 39 -4
81 40 49
81 41 -37
81 42 -49
81 43 -99
81 44 18
81 45 58
81 46 -39
81 47 36
81 50 -86
81 51 91
81 53 55
81 54 -50
81 55 44
81 56 -38
81 57 6
81 58 -54
81 60 95
81 61 80
81 64 16
81 65 -44
81 66 49
81 67 57
81 68 8
81 69 -62
81 70 46
81 71 -96
81 72 -89
81 73 -79
81 74 -8
81 75 7
81 76 -70
81 78 85
81 79 -20
81 80 -19
81 81 75
81 82 -89
81 83 -21
81 84 36
81 86 -64
81 87 25
81 88 28
81 89 5
81 90 -2
81 91 -69
81 92 38
81 93 83
81 94 84
81 95 -47
81 96 30
81 97 43
81 98 73
81 99 -98
82 0 47
82 1 -3
82 2 -58
82 3 -59
82 4 86
82 5 -1
82 7 76
82 8 -76
82 9 -62
82 10 52
82 12 -8
82 14 -55
82 15 44
82 17 -26
82 19 -27
82 21 -62
82 22 32
82 23 -72
82 24 -4
82 25 -29
82 26 28
82 27 -71
82 28 91
82 30 -71
82 31 42
82 33 -85
82 34 45
82 35 5
82 37 38
82 39 -69
82 40 38
82 41 -45
82 42 43
82 43 -1
82 45 22
82 46 12
82 47 -42
82 48 28
82 49 -86
82 50 73
82 52 66
82 54 -14
82 55 -14
82 56 -20
82 57 -64
82 58 47
82 59 36
82 60 30
82 61 -13
82 64 21
82 65 -27
82 66 -44
82 67 52
82 68 -3
82 70 -78
82 71 50
82 72 63
82 74 72
82 76 -55
82 77 -9
82 78 -35
82 79 -88
82 80 -30
82 82 100
82 83 -45
82 84 -1
82 85 60
82 88 -75
82 89 -47
82 90 78
82 91 1
82 92 75
82 93 35
82 94 -97
82 95 -54
82 96 81
82 97 -82
82 98 -21
82 99 -55
83 0 77
83 3 -28
83 4 -62
83 5 -72
83 6 28
83 7 -48
83 8 90
83 9 84
83 10 -57
83 11 89
83 12 51
83 14 -38
83 16 88
83 17 84
83 18 -43
83 19 -92
83 20 18
83 21 -92
83 25 34
83 27 51
83 28 96
83 29 -43
83 30 44
83 31 -68
83 32 20
83 33 23
83 34 60
83 35 50
83 38 -39
83 39 -29
83 40 -22
83 41 -50
83 42 -35
83 43 10
83 45 49
83 46 98
83 47 3
83 48 46
83 49 -98
83 51 27
83 52 -20
83 55 -63
83 57 -27
83 58 91
83 59 -100
83 60 87
83 62 88
83 65 -74
83 66 -17
83 67 62
83 68 -33
83 69 -25
83 70 53
83 72 9
83 73 90
83 74 -58
83 76 -74
83 77 -91
83 78 84
83 81 -91
83 82 -92
83 83 -90
83 84 -21
83 85 -47
83 86 79
83 87 33
83 88 -63
83 89 93
83 90 -26
83 91 74
83 92 -7
83 93 -20
83 94 -32
83 95 17
83 96 -64
83 97 34
83 98 75
83 99 77
84 0 -88
84 1 74
84 2 91
84 4 -54
84 5 -62
84 6 -64
84 7 34
84 8 18
84 9 62
84 10 -22
84 11 -79
84 12 11
84 13 23
84 14 -50
84 16 -55
84 17 -91
84 18 -88
84 19 -6
84 20 87
84 21 -48
84 22 -70
84 23 -88
84 24 -48
84 25 66
84 26 67
84 27 91
84 28 49
84 29 20
84 30 57
84 32 -9
84 33 -2
84 34 48
84 35 -51
84 36 72
84 37 -55
84 38 95
84 40 1
84 41 61
84 42 92
84 44 79
84 45 72
84 46 -96
84 47 91
84 48 42
84 49 -75
84 50 -95
84 51 70
84 54 8
84 55 -55
84 57 -77
84 58 -83
84 59 29
84 60 90
84 61 -7
84 62 87
84 63 26
84 64 19
84 65 69
84 66 10
84 67 52
84 68 -4
84 69 -32
84 70 63
84 72 89
84 73 -78
84 74 57
84 76 -21
84 77 -57
84 78 -71
84 79 -16
84 80 95
84 81 -90
84 82 -45
84 85 56
84 86 -12
84 87 98
84 88 -89
84 90 72
84 91 -91
84 92 38
84 93 22
84 94 -28
84 95 9
84 96 -27
84 97 17
84 98 40
85 0 -28
85 2 42
85 3 -20
85 4 -69
85 5 48
85 6 -68
85 7 -69
85 10 -50
85 11 -7
85 12 -28
85 13 -95
85 14 77
85 15 -29
85 16 -49
85 17 2
85 18 14
85 19 -18
85 20 27
85 24 -39
85 25 -71
85 26 -76
85 27 77
85 29 37
85 30 19
85 31 -22
85 35 -94
85 36 23
85 37 -77
85 38 -89
85 39 43
85 41 -21
85 43 93
85 44 -2
85 45 -100
85 46 -70
85 47 -5
85 49 70
85 50 -26
85 51 -94
85 52 95
85 55 -79
85 56 87
85 57 -74
85 58 72
85 60 56
85 61 -2
85 62 27
85 63 99
85 64 -9
85 65 28
85 66 -24
85 67 39
85 68 78
85 69 25
85 71 84
85 72 50
85 73 -8
85 74 73
85 75 50
85 77 17
85 79 93
85 82 -62
85 83 -42
85 84 99
85 85 83
85 86 38
85 87 9
85 88 -56
85 89 25
85 90 54
85 93 81
85 95 -2
85 97 3
85 98 75
85 99 -7
86 1 85
86 2 -80
86 4 -30
86 5 -97
86 6 70
86 7 -50
86 8 -93
86 9 50
86 10 -57
86 11 -75
86 12 57
86 13 -98
86 15 31
86 16 46
86 17 -66
86 18 36
86 21 22
86 22 38
86 23 -96
86 24 -37
86 26 -19
86 28 35
86 29 85
86 30 13
86 31 99
86 32 70
86 34 -31
86 35 89
86 36 -32
86 37 48
86 38 46
86 39 -62
86 40 93
86 41 65
86 42 58
86 43 83
86 44 56
86 45 -73
86 46 39
86 47 -22
86 50 -78
86 51 74
86 53 8
86 54 -10
86 55 -54
86 57 34
86 58 21
86 59 -76
86 60 32
86 61 -23
86 62 -4
86 63 -79
86 64 3
86 66 23
86 67 -11
86 68 70
86 69 89
86 71 -11
86 72 -54
86 73 18
86 74 -1
86 76 70
86 77 -31
86 78 12
86 79 -77
86 80 91
86 81 15
86 82 97
86 83 97
86 84 -93
86 85 91
86 86 48
86 87 62
86 88 -71
86 89 9
86 92 70
86 93 -21
86 94 -30
86 95 10
86 96 -5
86 97 -96
86 98 27
86 99 -3
87 2 98
87 3 33
87 5 -24
87 6 -27
87 7 -13
87 9 -44
87 10 5
87 12 1
87 13 -61
87 14 -55
87 16 -73
87 17 -83
87 20 27
87 21 94
87 22 95
87 23 -96
87 24 2
87 26 -52
87 28 -38
87 29 -1
87 31 5
87 32 -81
87 33 47
87 34 -79
87 35 -56
87 36 -100
87 39 -74
87 40 41
87 41 -10
87 43 55
87 44 12
87 46 36
87 47 30
87 48 93
87 49 27
87 50 -25
87 51 48
87 52 -39
87 53 -86
87 54 -23
87 55 -20
87 56 72
87 58 2
87 59 -96
87 61 -49
87 62 -9
87 63 -48
87 64 61
87 65 -94
87 66 -15
87 67 -68
87 69 25
87 70 -9
87 71 60
87 72 55
87 74 -93
87 75 -5
87 76 -100
87 78 6
87 80 40
87 84 55
87 85 32
87 86 -55
87 87 -63
87 88 -40
87 89 -76
87 90 -86
87 91 -90
87 92 34
87 93 -83
87 95 6
87 96 -6
87 97 -12
87 98 -66
88 0 -50
88 1 -96
88 2 -5
88 3 -23
88 4 -19
88 5 -15
88 6 64
88 7 12
88 8 -92
88 9 -24
88 10 -70
88 11 46
88 13 -56
88 14 -80
88 16 74
88 18 -58
88 20 -29
88 21 65
88 22 28
88 23 97
88 24 45
88 26 -69
88 27 -90
88 28 47
88 29 84
88 30 -24
88 31 13
88 32 48
88 33 68
88 36 32
88 37 78
88 38 -88
88 39 77
88 40 29
88 42 60
88 43 -46
88 44 46
88 46 13
88 47 -61
88 49 -97
88 51 35
88 54 82
88 55 93
88 57 44
88 58 6
88 59 -7
88 60 -45
88 61 65
88 62 -88
88 64 -41
88 65 -28
88 66 -32
88 67 37
88 68 50
88 69 -19
88 71 -70
88 72 -98
88 74 -30
88 76 -24
88 77 52
88 78 78
88 79 -54
88 80 -86
88 81 84
88 82 -21
88 83 61
88 84 37
88 85 -25
88 86 -50
88 87 88
88 88 85
88 89 32
88 90 14
88 91 56
88 92 49
88 93 -70
88 94 -66
88 95 32
88 96 80
88 97 -51
88 98 11
88 99 89
89 0 88
89 1 -39
89 2 -66
89 3 -15
89 5 -57
89 7 34
89 8 100
89 9 -79
89 10 29
89 11 70
89 12 -71
89 13 -52
89 14 45
89 15 83
89 16 93
89 17 -40
89 20 13
89 21 -65
89 22 56
89 23 81
89 24 52
89 26 -50
89 28 16
89 29 66
89 30 13
89 31 95
89 33 7
89 34 -71
89 35 -58
89 36 92
89 37 -62
89 38 -26
89 39 68
89 40 -35
89 41 35
89 44 -3
89 45 42
89 46 12
89 47 -7
89 48 -79
89 50 57
89 51 78
89 53 82
89 54 16
89 55 -52
89 56 -49
89 57 -96
89 58 31
89 59 61
89 60 51
89 61 97
89 62 19
89 63 -77
89 64 -64
89 67 59
89 68 81
89 69 -49
89 70 -51
89 71 29
89 72 -74
89 73 57
89 74 52
89 76 34
89 77 53
89 78 -69
89 79 -64
89 80 47
89 81 29
89 82 -85
89 83 -19
89 84 -24
89 86 69
89 87 94
89 88 33
89 90 59
89 92 -6
89 93 -55
89 94 -22
89 95 -40
89 97 43
89 98 -92
89 99 -17
90 1 61
90 2 16
90 3 -56
90 4 62
90 6 41
90 7 -79
90 8 3
90 9 -52
90 10 -78
90 11 -58
90 12 52
90 13 -33
90 14 -95
90 15 85
90 16 28
90 17 -92
90 20 78
90 21 -45
90 22 -59
90 24 21
90 25 62
90 26 24
90 27 -10
90 28 55
90 30 50
90 31 85
90 32 78
90 33 -4
90 35 18
90 36 60
90 37 -82
90 38 1
90 39 67
90 41 -38
90 46 -73
90 47 -74
90 48 76
90 49 -98
90 50 16
90 51 -7
90 52 71
90 53 65
90 54 5
90 55 -14
90 56 -12
90 57 -21
90 58 -94
90 59 -90
90 60 8
90 61 62
90 62 -55
90 63 -52
90 64 -9
90 65 7
90 67 88
90 68 32
90 69 -96
90 71 -96
90 74 -6
90 75 73
90 76 10
90 77 -79
90 78 18
90 79 35
90 81 -71
90 82 -68
90 83 -99
90 85 72
90 86 81
90 87 56
90 88 68
90 89 23
90 90 25
90 92 11
90 93 35
90 94 42
90 95 79
90 96 85
90 97 -3
90 98 70
90 99 46
91 0 -69
91 1 78
91 2 57
91 4 -22
91 5 -14
91 6 -22
91 7 30
91 9 -85
91 10 2
91 11 -39
91 12 56
91 13 -3
91 14 51
91 15 -53
91 16 10
91 17 89
91 18 -18
91 19 -91
91 23 -60
91 24 39
91 25 97
91 26 56
91 27 -28
91 29 64
91 31 -18
91 33 -2
91 34 -98
91 35 67
91 36 16
91 38 -87
91 39 81
91 40 100
91 41 35
91 42 43
91 43 31
91 44 4
91 45 30
91 46 -28
91 47 -74
91 48 43
91 49 75
91 50 52
91 51 -25
91 52 -61
91 53 -34
91 55 -5
91 56 11
91 59 43
91 60 -99
91 61 60
91 62 15
91 65 -28
91 66 70
91 67 1
91 68 -55
91 70 -8
91 71 -15
91 72 -38
91 73 -53
91 74 82
91 75 -38
91 76 -90
91 77 -30
91 78 -68
91 79 -61
91 80 53
91 82 17
91 83 58
91 84 1
91 85 -9
91 86 36
91 87 80
91 88 39
91 89 75
91 90 45
91 91 81
91 92 -20
91 94 -78
91 95 -89
91 96 37
91 97 3
91 99 -68
92 0 -37
92 1 20
92 2 8
92 3 -88
92 6 -14
92 7 -48
92 8 4
92 9 -94
92 10 -2
92 12 -9
92 14 -49
92 15 19
92 16 11
92 18 -27
92 19 -96
92 21 32
92 22 -21
92 25 59
92 27 -38
92 28 14
92 29 -8
92 30 24
92 31 13
92 33 57
92 34 67
92 35 97
92 36 -94
92 37 -81
92 38 58
92 39 -27
92 40 84
92 41 22
92 42 54
92 43 -30
92 44 -51
92 45 -54
92 46 23
92 47 -51
92 49 69
92 51 97
92 52 32
92 53 31
92 54 -22
92 56 23
92 57 -78
92 58 46
92 59 53
92 62 42
92 63 96
92 64 40
92 65 -68
92 67 -41
92 68 33
92 70 -67
92 71 22
92 73 79
92 74 4
92 75 79
92 77 -47
92 78 35
92 79 74
92 81 10
92 82 43
92 83 71
92 84 -68
92 85 -16
92 86 -88
92 87 82
92 88 -69
92 89 84
92 90 -8
92 91 -61
92 93 88
92 94 33
92 96 99
92 97 -44
92 98 25
93 0 -59
93 1 -72
93 2 -91
93 3 22
93 4 -100
93 8 -71
93 9 92
93 10 -77
93 11 53
93 12 8
93 13 4
93 14 57
93 15 48
93 17 -21
93 18 -50
93 19 30
93 21 -58
93 22 -38
93 23 31
93 24 21
93 25 34
93 26 43
93 27 -88
93 28 77
93 29 -36
93 30 89
93 31 -51
93 33 -70
93 34 68
93 36 -78
93 38 -49
93 39 24
93 40 -58
93 42 51
93 45 43
93 46 71
93 47 38
93 48 -59
93 49 -11
93 50 74
93 51 -70
93 52 84
93 53 64
93 54 -47
93 55 7
93 56 -82
93 57 96
93 58 84
93 60 -21
93 61 -20
93 62 64
93 63 12
93 64 4
93 65 -25
93 66 -69
93 67 53
93 68 74
93 69 38
93 70 31
93 71 99
93 73 14
93 76 3
93 77 -93
93 78 41
93 79 59
93 80 53
93 82 -60
93 83 -91
93 85 33
93 86 32
93 87 -46
93 88 -67
93 89 97
93 90 -62
93 91 -60
93 92 -20
93 93 30
93 94 55
93 95 -91
93 96 65
93 97 85
93 98 68
93 99 77
94 0 87
94 1 92
94 3 -94
94 4 38
94 5 75
94 6 73
94 7 -45
94 8 -22
94 9 87
94 12 47
94 13 -10
94 16 33
94 17 -100
94 18 29
94 19 68
94 21 84
94 22 -32
94 23 1
94 24 -91
94 25 55
94 28 34
94 29 -74
94 31 -67
94 33 7
94 34 -76
94 35 -35
94 36 69
94 37 16
94 39 -88
94 40 -77
94 41 -62
94 42 49
94 44 16
94 45 96
94 46 22
94 47 -28
94 49 -14
94 50 -15
94 51 28
94 52 -36
94 54 -91
94 55 40
94 56 -100
94 57 -6
94 58 -98
94 59 24
94 60 -62
94 61 -21
94 62 13
94 63 -84
94 64 -18
94 65 94
94 66 -88
94 67 95
94 68 -69
94 69 72
94 71 65
94 72 -29
94 75 3
94 76 -79
94 77 61
94 78 -87
94 80 -86
94 81 -19
94 82 -32
94 83 95
94 84 12
94 86 -50
94 87 -33
94 88 12
94 89 -100
94 92 -22
94 93 -22
94 96 -81
94 97 -67
94 98 -18
94 99 35
95 1 21
95 2 -4
95 3 -84
95 4 27
95 5 -56
95 6 -90
95 7 73
95 9 58
95 10 93
95 11 -5
95 12 58
95 14 22
95 15 -54
95 17 -6
95 18 6
95 19 13
95 21 -95
95 23 -16
95 24 -42
95 27 35
95 28 14
95 29 2
95 30 29
95 31 -27
95 32 35
95 33 -96
95 35 -92
95 36 86
95 38 37
95 39 -74
95 40 25
95 41 -5
95 42 63
95 43 52
95 44 14
95 45 -80
95 46 -50
95 47 -7
95 48 16
95 49 -90
95 50 -25
95 51 -47
95 52 73
95 53 25
95 54 45
95 56 -100
95 57 62
95 58 -2
95 60 -54
95 61 -24
95 62 -73
95 63 54
95 64 -100
95 65 2
95 66 95
95 67 45
95 68 -20
95 69 -11
95 70 -18
95 71 69
95 72 88
95 73 12
95 74 17
95 75 44
95 76 -14
95 77 -44
95 78 -7
95 79 -90
95 80 39
95 81 37
95 82 -98
95 83 14
95 84 -23
95 85 -93
95 87 68
95 88 -2
95 89 -11
95 90 55
95 92 -64
95 94 -10
95 95 -25
95 96 99
95 97 -19
95 98 -40
95 99 57
96 0 4
96 1 87
96 2 -53
96 3 -31
96 4 60
96 5 42
96 7 84
96 8 -69
96 9 78
96 10 25
96 11 -15
96 12 37
96 13 -91
96 14 -33
96 15 44
96 17 97
96 18 42
96 19 16
96 20 94
96 22 64
96 23 -21
96 24 -27
96 25 63
96 26 -28
96 27 -48
96 28 31
96 29 -75
96 30 3
96 31 -80
96 32 -22
96 33 69
96 34 54
96 35 77
96 36 -43
96 37 20
96 38 -93
96 39 50
96 40 -53
96 41 48
96 42 -24
96 43 -52
96 45 -1
96 46 -52
96 47 -70
96 48 16
96 51 -12
96 52 21
96 53 91
96 54 -6
96 56 -90
96 58 44
96 59 -100
96 60 -11
96 61 23
96 62 -63
96 63 18
96 64 -51
96 65 48
96 66 16
96 67 -50
96 68 66
96 69 -58
96 71 -61
96 72 91
96 73 -3
96 74 58
96 75 -35
96 76 -88
96 77 -52
96 78 -10
96 79 -85
96 80 1
96 81 24
96 82 -61
96 83 66
96 85 48
96 86 38
96 87 -14
96 89 48
96 90 52
96 91 4
96 92 -60
96 93 -65
96 94 -24
96 95 -18
96 96 -31
96 97 2
96 98 -51
96 99 83
97 0 79
97 2 -10
97 3 -96
97 6 -2
97 7 9
97 9 -44
97 10 -26
97 12 -39
97 13 13
97 15 59
97 16 -12
97 17 -22
97 18 21
97 19 -15
97 20 -88
97 21 -77
97 22 95
97 24 -19
97 26 8
97 28 72
97 29 -80
97 31 -85
97 32 18
97 33 -3
97 34 -86
97 35 -43
97 37 40
97 39 -74
97 40 51
97 42 59
97 44 -92
97 45 46
97 46 33
97 47 92
97 48 73
97 49 80
97 50 -2
97 51 -63
97 52 -5
97 53 81
97 54 36
97 55 -24
97 56 -4
97 57 5
97 58 -34
97 59 -94
97 60 -42
97 61 32
97 62 95
97 63 -50
97 64 47
97 65 77
97 67 -73
97 68 2
97 69 -1
97 70 -72
97 71 -53
97 73 -86
97 75 96
97 76 -70
97 77 58
97 79 68
97 80 -21
97 82 96
97 83 -11
97 84 -98
97 86 -57
97 87 56
97 88 -81
97 90 19
97 91 -60
97 93 94
97 95 -19
97 96 19
97 97 56
97 98 -89
98 0 72
98 1 -36
98 2 22
98 3 43
98 5 -36
98 6 -91
98 7 100
98 9 -51
98 10 -39
98 11 -3
98 12 10
98 15 96
98 16 -70
98 17 -72
98 18 -19
98 19 -37
98 21 96
98 22 52
98 23 6
98 24 38
98 26 65
98 27 32
98 29 41
98 30 -30
98 31 80
98 32 -82
98 34 -17
98 35 48
98 36 55
98 38 60
98 40 29
98 41 -85
98 42 16
98 43 -74
98 44 53
98 45 -86
98 46 -39
98 48 9
98 51 62
98 52 4
98 53 23
98 54 -93
98 55 -21
98 56 -16
98 57 -86
98 58 -61
98 59 -93
98 60 -39
98 61 7
98 62 -61
98 63 -11
98 64 9
98 65 93
98 66 -87
98 67 7
98 68 -98
98 69 10
98 70 -38
98 71 -90
98 75 98
98 76 -52
98 79 11
98 80 31
98 81 7
98 83 -71
98 84 10
98 85 24
98 87 -37
98 89 64
98 90 25
98 91 -43
98 93 32
98 95 -96
98 97 68
98 98 -11
98 99 72
99 0 -4
99 1 -46
99 3 -69
99 5 -60
99 6 85
99 7 2
99 8 18
99 9 100
99 10 60
99 11 13
99 12 75
99 13 28
99 14 -84
99 15 53
99 16 -29
99 17 64
99 18 -16
99 19 -86
99 20 81
99 21 -9
99 23 14
99 24 36
99 25 7
99 26 -1
99 27 19
99 28 -83
99 29 65
99 32 34
99 33 7
99 34 -41
99 35 4
99 36 -99
99 39 50
99 40 75
99 41 72
99 46 75
99 47 26
99 48 -9
99 49 99
99 50 37
99 51 45
99 54 85
99 55 -80
99 56 72
99 57 -72
99 58 -71
99 59 40
99 61 9
99 62 36
99 63 -62
99 65 39
99 68 -20
99 71 -26
99 72 -68
99 73 61
99 74 -90
99 75 -57
99 76 -58
99 78 -38
99 79 -82
99 80 30
99 81 27
99 82 -46
99 83 15
99 84 95
99 85 -27
99 86 76
99 87 -59
99 88 -96
99 89 -9
99 91 87
99 94 83
99 95 -76
99 96 -77
99 97 -67
99 98 -11
99 99 -68