0 0 -87
0 4 -72
0 5 55
0 7 -63
0 8 28
0 10 -74
0 12 2
0 13 7
0 17 -98
0 18 -74
0 19 87
0 20 -6
0 25 43
0 26 -26
0 28 69
0 29 28
0 30 -87
0 31 70
0 32 -62
0 33 -68
0 35 -87
0 36 29
0 38 8
0 39 53
0 41 88
0 43 21
0 45 -12
0 46 -98
0 50 11
0 52 -16
0 55 66
0 61 -83
0 63 -73
0 64 -100
0 65 1
0 69 -82
0 70 100
0 73 -94
0 77 26
0 81 26
0 83 49
0 84 -87
0 86 28
0 87 -16
0 89 76
0 91 -15
0 94 -14
0 97 89
0 99 -33
1 0 -47
1 1 -77
1 4 -79
1 6 -47
1 7 45
1 10 -54
1 11 -94
1 15 -8
1 18 -4
1 19 89
1 22 -56
1 29 76
1 30 76
1 31 -42
1 32 88
1 33 -15
1 36 -94
1 39 37
1 40 -95
1 42 -57
1 45 -98
1 46 21
1 48 76
1 49 33
1 52 -41
1 55 30
1 58 -70
1 60 -10
1 63 -66
1 64 -4
1 65 -63
1 66 -54
1 68 -67
1 71 -37
1 72 -30
1 73 -38
1 75 18
1 76 -8
1 79 -4
1 83 94
1 84 -91
1 85 -43
1 87 -99
1 90 -74
1 91 -42
1 93 92
1 94 -84
1 95 -38
1 96 -63
1 98 54
2 1 -35
2 5 18
2 6 -31
2 7 95
2 10 -55
2 11 -64
2 12 51
2 17 67
2 20 -91
2 21 42
2 26 -19
2 27 -60
2 28 -69
2 29 -34
2 35 -72
2 36 12
2 38 -70
2 44 20
2 46 73
2 47 54
2 49 -62
2 51 36
2 52 78
2 54 15
2 55 61
2 56 19
2 57 5
2 58 -41
2 59 -53
2 61 15
2 62 14
2 65 5
2 66 10
2 68 80
2 69 92
2 74 -1
2 75 -24
2 81 -19
2 82 46
2 84 -11
2 85 -49
2 87 -94
2 90 -49
2 91 100
2 92 32
2 96 -74
2 98 -82
3 1 28
3 4 -15
3 5 -6
3 6 38
3 8 68
3 9 27
3 11 -15
3 17 54
3 19 -6
3 22 -78
3 25 3
3 28 98
3 29 -100
3 34 4
3 35 -17
3 36 -24
3 39 -85
3 40 29
3 41 -45
3 43 -42
3 46 -13
3 47 -5
3 52 54
3 57 5
3 58 30
3 61 98
3 62 66
3 67 -73
3 70 -99
3 71 46
3 72 -21
3 73 -70
3 77 76
3 78 78
3 79 72
3 88 -95
3 89 67
3 91 9
3 93 -16
3 95 -23
3 97 28
4 3 15
4 6 62
4 7 -17
4 8 21
4 9 -54
4 11 -62
4 12 3
4 13 -76
4 14 98
4 18 -91
4 19 -23
4 21 -37
4 22 -25
4 23 82
4 26 -100
4 27 -25
4 32 -18
4 33 -92
4 36 -58
4 38 -12
4 39 -68
4 41 -46
4 43 50
4 45 -65
4 48 -1
4 50 -55
4 52 -46
4 55 -12
4 56 67
4 58 -86
4 59 -88
4 60 57
4 62 92
4 65 67
4 66 16
4 67 -83
4 71 -38
4 73 34
4 74 -44
4 75 -19
4 78 41
4 80 -62
4 81 -75
4 82 36
4 88 -85
4 89 94
4 90 50
4 92 -36
4 93 61
4 95 -12
4 96 -62
4 97 83
4 98 -19
4 99 34
5 2 7
5 3 -90
5 6 -39
5 8 -65
5 9 -30
5 10 -67
5 11 -97
5 14 69
5 15 -4
5 18 -18
5 21 -31
5 22 -13
5 23 -57
5 24 18
5 31 60
5 40 12
5 41 -30
5 44 74
5 45 -80
5 48 11
5 53 19
5 54 -87
5 55 -35
5 58 95
5 61 61
5 62 -72
5 63 3
5 65 -18
5 66 45
5 67 -12
5 75 81
5 80 64
5 81 -36
5 82 35
5 84 76
5 89 -4
5 90 -46
5 91 -100
5 94 83
5 97 -55
5 99 -96
6 0 -28
6 1 5
6 5 18
6 7 55
6 8 12
6 9 -86
6 10 66
6 11 -68
6 12 -47
6 13 81
6 14 5
6 15 42
6 16 28
6 17 -2
6 22 8
6 24 62
6 25 84
6 27 -17
6 29 -74
6 30 63
6 33 94
6 35 -33
6 36 2
6 39 81
6 42 -64
6 46 -53
6 51 -51
6 52 -80
6 54 -36
6 55 2
6 57 52
6 58 -74
6 59 -59
6 60 27
6 61 -13
6 62 -54
6 64 88
6 67 70
6 70 -30
6 71 -15
6 73 -13
6 74 -42
6 75 14
6 76 75
6 77 -57
6 80 -27
6 82 59
6 83 14
6 84 61
6 85 24
6 86 -22
6 89 26
6 90 -58
6 91 -93
6 92 1
6 95 -83
6 96 71
6 98 90
7 2 -32
7 4 14
7 7 90
7 8 -77
7 10 -61
7 11 -35
7 16 -27
7 17 -57
7 20 4
7 22 -21
7 27 -62
7 28 86
7 37 -5
7 38 2
7 40 45
7 42 -97
7 44 -2
7 45 -56
7 48 -74
7 50 88
7 51 88
7 53 -42
7 57 98
7 61 -43
7 62 64
7 67 39
7 68 -94
7 69 -91
7 70 -99
7 71 -31
7 72 30
7 75 12
7 76 -33
7 78 54
7 79 -96
7 80 -9
7 81 22
7 82 27
7 84 -23
7 87 36
7 91 -71
7 93 22
7 95 -20
7 99 -54
8 1 53
8 3 100
8 13 20
8 15 -46
8 19 52
8 21 -66
8 25 -33
8 28 21
8 33 35
8 39 -36
8 40 -41
8 42 24
8 44 3
8 47 -64
8 51 15
8 52 -19
8 60 87
8 62 -22
8 63 79
8 64 -60
8 67 85
8 68 -56
8 69 -73
8 74 82
8 77 65
8 78 13
8 79 41
8 80 22
8 81 -4
8 82 -88
8 83 18
8 89 -98
8 90 -42
8 92 -48
8 94 -5
9 0 89
9 4 20
9 5 38
9 10 74
9 11 -52
9 12 79
9 14 76
9 15 23
9 19 -13
9 22 1
9 24 -34
9 25 -6
9 26 97
9 31 -98
9 32 -91
9 33 -61
9 37 -7
9 39 12
9 41 -3
9 42 38
9 44 -78
9 48 69
9 49 4
9 50 35
9 54 56
9 58 -43
9 60 -28
9 61 -14
9 62 -1
9 63 -75
9 67 -35
9 70 -56
9 71 29
9 72 -34
9 73 33
9 74 -26
9 76 80
9 79 -33
9 81 -47
9 83 -28
9 84 4
9 85 10
9 91 88
9 93 32
9 94 27
9 96 -41
9 97 -73
10 0 -71
10 1 91
10 3 -34
10 8 5
10 9 -46
10 11 -13
10 13 -47
10 14 94
10 21 -69
10 22 90
10 23 82
10 28 -77
10 29 -53
10 35 13
10 38 55
10 39 16
10 41 55
10 42 -92
10 46 83
10 47 52
10 48 33
10 50 13
10 51 -68
10 53 -93
10 54 -79
10 61 -61
10 64 30
10 65 -39
10 67 -55
10 68 -51
10 69 -37
10 71 95
10 75 -20
10 76 -26
10 78 -19
10 79 -59
10 86 40
10 89 -68
10 90 -10
10 91 81
10 92 -43
10 93 -15
10 94 -86
10 95 -15
10 99 47
11 2 -64
11 4 68
11 6 31
11 12 86
11 17 79
11 23 63
11 24 15
11 26 85
11 30 83
11 31 -56
11 32 -15
11 33 17
11 39 17
11 41 3
11 42 -70
11 43 48
11 44 52
11 52 34
11 55 55
11 59 -99
11 61 49
11 62 16
11 64 64
11 68 -66
11 74 15
11 77 -98
11 81 83
11 84 -92
11 86 37
11 87 83
11 88 82
11 90 -4
11 92 36
11 98 -3
11 99 -22
12 2 22
12 4 -30
12 5 31
12 10 2
12 11 -18
12 13 -9
12 14 46
12 19 1
12 20 -34
12 21 24
12 23 38
12 24 47
12 26 78
12 27 35
12 29 53
12 35 6
12 37 -90
12 39 -91
12 42 37
12 43 -42
12 45 -58
12 46 11
12 47 -89
12 49 -62
12 55 22
12 60 11
12 61 -37
12 65 61
12 66 -23
12 67 -93
12 72 81
12 73 -76
12 75 91
12 80 -2
12 83 37
12 84 40
12 89 71
12 90 39
12 91 59
12 98 -9
13 0 -21
13 1 54
13 2 17
13 5 44
13 8 25
13 12 90
13 15 -64
13 18 45
13 21 34
13 23 69
13 24 -77
13 26 22
13 30 -78
13 31 60
13 37 -79
13 38 -23
13 42 19
13 44 -7
13 48 -60
13 49 76
13 54 16
13 55 48
13 61 65
13 63 -57
13 64 98
13 65 36
13 68 13
13 70 -21
13 74 43
13 75 -84
13 77 -93
13 82 48
13 83 -13
13 91 -80
13 97 58
14 3 28
14 4 -95
14 5 89
14 6 86
14 9 65
14 10 -44
14 12 -90
14 13 91
14 16 80
14 23 -5
14 24 43
14 27 47
14 28 -86
14 29 -36
14 30 10
14 31 -11
14 32 85
14 33 92
14 36 29
14 38 85
14 40 16
14 42 -12
14 46 -40
14 47 52
14 50 -73
14 51 -73
14 55 49
14 56 72
14 57 40
14 58 -89
14 65 34
14 69 31
14 70 -81
14 72 3
14 73 98
14 75 12
14 76 -20
14 78 61
14 79 26
14 83 11
14 88 96
14 89 -24
14 92 9
14 93 -21
14 95 93
14 96 40
14 97 -22
15 1 -22
15 2 96
15 3 -75
15 4 -5
15 7 -4
15 16 33
15 17 11
15 20 -68
15 22 -51
15 24 -49
15 25 38
15 27 -82
15 28 69
15 30 -13
15 31 61
15 32 64
15 33 -98
15 36 21
15 37 -82
15 38 97
15 49 -4
15 54 -60
15 55 -66
15 57 -82
15 58 -79
15 59 -20
15 65 -34
15 67 89
15 68 -26
15 73 -89
15 75 94
15 77 -85
15 78 -88
15 79 -9
15 80 27
15 81 99
15 85 -7
15 86 77
15 87 -52
15 90 91
15 93 25
15 94 12
15 97 26
16 1 75
16 3 29
16 4 -30
16 5 10
16 6 -43
16 7 -45
16 9 22
16 13 56
16 15 98
16 20 -84
16 22 -31
16 26 -28
16 33 -72
16 35 -2
16 36 -52
16 37 -74
16 39 23
16 42 59
16 47 -21
16 48 20
16 49 -98
16 55 68
16 57 67
16 59 -66
16 61 2
16 64 -34
16 70 66
16 72 -5
16 73 -98
16 74 89
16 75 -98
16 82 -68
16 83 -59
16 85 -97
16 88 79
16 91 -26
16 93 -96
16 95 99
16 96 6
16 99 64
17 1 -18
17 2 64
17 3 -98
17 5 88
17 6 55
17 7 53
17 10 -46
17 12 -70
17 13 -67
17 14 45
17 15 60
17 20 -10
17 28 -19
17 29 53
17 31 55
17 32 -30
17 37 70
17 39 -46
17 41 -82
17 42 99
17 43 -61
17 45 37
17 47 -61
17 49 90
17 50 21
17 52 -86
17 56 40
17 60 89
17 62 -37
17 64 27
17 68 -28
17 70 98
17 71 -57
17 73 -94
17 74 -21
17 75 -45
17 76 81
17 78 60
17 80 15
17 81 5
17 82 44
17 83 -98
17 86 -94
17 89 -20
17 91 9
17 96 79
17 97 24
17 99 -37
18 0 -6
18 1 50
18 4 14
18 6 4
18 8 -97
18 9 -97
18 10 -74
18 11 11
18 13 85
18 14 4
18 15 -66
18 17 -50
18 19 -3
18 21 28
18 22 -50
18 27 29
18 29 83
18 32 76
18 36 47
18 38 -28
18 39 -87
18 40 33
18 41 -5
18 42 -77
18 46 -5
18 48 27
18 50 28
18 55 64
18 57 55
18 59 -13
18 61 -35
18 62 -1
18 66 -89
18 73 54
18 75 -74
18 76 -91
18 77 92
18 79 71
18 82 86
18 83 39
18 84 14
18 87 -54
18 88 -21
18 89 -14
18 90 -66
18 93 -34
18 94 15
18 96 -45
19 2 -58
19 3 35
19 6 -90
19 9 -94
19 10 -10
19 12 6
19 13 59
19 18 -43
19 20 -60
19 22 -28
19 23 -47
19 26 40
19 27 -30
19 30 75
19 31 -48
19 32 -86
19 34 -80
19 35 -54
19 36 45
19 40 -14
19 44 -50
19 53 -77
19 54 -47
19 57 42
19 58 56
19 60 48
19 61 -53
19 66 16
19 67 -36
19 68 7
19 74 -23
19 75 45
19 78 -65
19 79 -6
19 85 -8
19 86 2
19 97 -40
19 98 37
19 99 -43
20 2 -63
20 3 91
20 5 61
20 7 -58
20 8 47
20 9 37
20 13 34
20 17 -40
20 18 49
20 20 -3
20 21 13
20 22 -62
20 24 62
20 25 -1
20 28 62
20 31 15
20 32 100
20 34 60
20 37 -96
20 38 24
20 41 -48
20 45 38
20 46 11
20 50 -5
20 55 89
20 57 28
20 59 85
20 60 -63
20 66 -11
20 68 89
20 69 98
20 75 45
20 77 50
20 79 -86
20 82 -77
20 83 -66
20 84 91
20 85 94
20 90 29
20 92 -48
20 93 -33
20 97 -72
20 98 95
20 99 13
21 0 50
21 2 -69
21 3 82
21 5 35
21 6 73
21 8 -69
21 13 -40
21 14 -53
21 16 -91
21 18 -56
21 19 9
21 21 -29
21 26 -14
21 29 -20
21 33 -16
21 36 -67
21 40 86
21 41 49
21 44 -65
21 47 -84
21 48 -89
21 51 -88
21 53 99
21 54 -84
21 59 -85
21 60 -55
21 61 -5
21 62 14
21 64 -9
21 65 74
21 69 -97
21 71 -75
21 74 -93
21 76 -95
21 77 16
21 78 16
21 79 25
21 84 -12
21 88 41
21 90 45
21 91 -33
21 92 60
21 99 -79
22 0 -84
22 1 94
22 2 33
22 5 59
22 7 -92
22 8 -41
22 9 -16
22 10 54
22 11 -73
22 12 -8
22 14 -94
22 16 -39
22 20 79
22 21 84
22 28 -22
22 29 -55
22 30 -25
22 32 6
22 33 12
22 41 -5
22 44 57
22 49 -35
22 50 -27
22 53 -31
22 54 88
22 62 -12
22 63 -41
22 65 -80
22 67 5
22 68 -38
22 69 46
22 70 13
22 73 75
22 76 5
22 77 2
22 78 -53
22 83 38
22 84 -40
22 87 37
22 88 38
22 90 -55
22 94 99
22 95 16
23 0 23
23 2 -16
23 3 47
23 4 -5
23 7 42
23 8 -42
23 9 21
23 11 87
23 12 72
23 16 -71
23 17 13
23 18 -62
23 21 88
23 28 3
23 39 -66
23 40 -87
23 43 79
23 44 -36
23 45 93
23 46 54
23 47 -21
23 48 -1
23 49 -20
23 50 -82
23 51 55
23 52 -14
23 55 -6
23 57 35
23 58 -7
23 60 18
23 63 10
23 66 -67
23 68 -95
23 69 59
23 71 -67
23 72 66
23 73 66
23 79 31
23 81 -64
23 84 -4
23 86 -54
23 87 91
23 91 -50
23 93 59
23 94 -75
23 95 43
23 98 -85
24 0 62
24 4 -44
24 6 -6
24 8 -80
24 9 38
24 11 -21
24 13 47
24 15 27
24 16 -76
24 21 -48
24 26 80
24 27 1
24 28 -11
24 32 31
24 37 -67
24 39 35
24 41 85
24 43 71
24 44 66
24 46 -88
24 49 51
24 54 -18
24 58 -7
24 61 36
24 62 -18
24 67 15
24 69 -3
24 70 90
24 72 -1
24 75 -36
24 80 -86
24 81 65
24 82 77
24 83 -22
24 84 44
24 87 -41
24 90 -32
24 91 -52
24 92 42
24 93 43
24 98 58
24 99 23
25 5 -4
25 6 -90
25 11 -52
25 16 -23
25 17 73
25 18 92
25 19 52
25 20 -96
25 23 -2
25 25 -32
25 26 -89
25 28 39
25 29 -87
25 35 -59
25 36 -37
25 37 -78
25 38 -76
25 41 -90
25 43 63
25 45 -91
25 50 -26
25 51 68
25 52 84
25 57 67
25 58 83
25 63 -37
25 66 27
25 68 86
25 70 -22
25 71 53
25 73 -94
25 75 -47
25 78 -61
25 86 46
25 90 46
25 92 -86
25 95 48
25 96 62
25 98 50
25 99 -6
26 1 12
26 2 -58
26 5 40
26 7 31
26 8 -83
26 10 7
26 11 -37
26 15 -10
26 17 1
26 18 -39
26 19 43
26 20 17
26 21 74
26 22 40
26 25 -42
26 27 4
26 28 -7
26 31 76
26 32 11
26 33 -29
26 36 74
26 41 5
26 43 22
26 46 -82
26 47 -75
26 51 -57
26 52 -82
26 55 -17
26 57 -72
26 60 44
26 61 39
26 63 -41
26 67 60
26 68 -33
26 70 63
26 71 -50
26 76 66
26 77 70
26 79 -6
26 80 98
26 82 67
26 83 -23
26 84 -37
26 86 20
26 88 -29
26 92 -98
26 93 84
26 94 27
26 95 13
26 99 -3
27 0 -60
27 2 -49
27 3 -87
27 6 58
27 9 -24
27 10 -36
27 11 -26
27 13 -85
27 14 -77
27 15 -94
27 22 -14
27 24 99
27 33 -73
27 35 33
27 39 25
27 40 84
27 41 79
27 42 -88
27 46 -84
27 48 36
27 50 87
27 51 -98
27 57 -100
27 58 -5
27 60 -65
27 61 -11
27 62 100
27 64 88
27 68 83
27 72 -68
27 75 -17
27 77 -44
27 81 -90
27 82 -19
27 85 -5
27 86 17
27 87 -90
27 90 77
27 93 18
27 94 -53
27 95 42
27 99 41
28 1 63
28 4 -47
28 5 -24
28 6 2
28 9 89
28 10 60
28 11 -14
28 12 57
28 15 -8
28 17 82
28 23 -95
28 25 81
28 26 -35
28 27 8
28 28 -60
28 31 95
28 32 54
28 33 61
28 37 60
28 38 86
28 40 67
28 41 35
28 42 54
28 44 82
28 45 17
28 48 -26
28 51 -80
28 54 100
28 61 -36
28 62 63
28 64 -29
28 65 -21
28 67 -70
28 70 77
28 71 -25
28 72 -78
28 73 56
28 74 -26
28 76 72
28 77 20
28 79 -93
28 80 -42
28 81 -35
28 88 -82
28 89 -31
28 90 -46
28 95 -79
28 96 92
28 97 3
28 98 -80
28 99 -8
29 4 27
29 5 50
29 7 -34
29 8 -6
29 10 -60
29 12 49
29 19 -37
29 20 -32
29 21 -75
29 22 14
29 24 -16
29 25 88
29 27 -27
29 28 -94
29 29 -4
29 31 55
29 33 -72
29 34 85
29 35 88
29 39 -50
29 42 33
29 43 -77
29 44 -13
29 47 -29
29 53 47
29 59 -56
29 61 95
29 63 -75
29 65 53
29 72 -35
29 73 -24
29 74 -28
29 75 82
29 78 25
29 79 -3
29 88 -74
29 90 -98
29 92 89
29 96 62
29 97 -69
29 98 6
30 0 -1
30 5 90
30 16 -29
30 18 -69
30 19 -76
30 20 30
30 22 -8
30 23 40
30 24 -30
30 25 -47
30 27 -57
30 28 -33
30 31 -94
30 32 48
30 34 98
30 35 53
30 38 -65
30 41 -79
30 44 -75
30 45 80
30 48 78
30 50 -17
30 54 -42
30 57 49
30 58 -83
30 59 -97
30 62 50
30 67 -35
30 68 -32
30 70 47
30 72 -100
30 74 12
30 76 78
30 83 -9
30 86 55
30 87 84
30 91 -54
30 94 52
30 99 -41
31 1 -11
31 2 -99
31 4 39
31 6 -20
31 14 45
31 15 -6
31 16 98
31 20 -94
31 22 89
31 23 81
31 24 29
31 26 10
31 27 -20
31 29 -51
31 30 90
31 32 -65
31 33 39
31 36 10
31 38 -1
31 39 20
31 41 -90
31 43 41
31 44 -70
31 45 61
31 47 -13
31 48 83
31 50 53
31 51 -30
31 57 -39
31 59 30
31 60 -61
31 61 53
31 62 46
31 64 54
31 68 -76
31 72 83
31 76 -90
31 78 -67
31 80 31
31 82 -3
31 83 59
31 85 -29
31 87 52
31 88 86
31 91 -22
31 92 -28
31 93 -98
31 94 -61
31 95 -82
31 97 57
31 99 56
32 1 -47
32 4 -62
32 5 43
32 6 -22
32 9 79
32 10 -49
32 12 80
32 13 -18
32 19 -41
32 21 -13
32 27 -31
32 29 -8
32 30 -34
32 41 25
32 42 -37
32 43 -7
32 46 -33
32 48 90
32 50 9
32 54 51
32 59 9
32 61 84
32 63 -87
32 67 14
32 69 35
32 71 84
32 75 -94
32 81 -93
32 82 -1
32 83 15
32 86 45
32 87 -21
32 88 -44
32 90 87
32 91 -83
32 92 40
32 93 32
32 94 -89
32 96 67
33 0 -17
33 3 -34
33 5 -71
33 7 -66
33 9 96
33 14 42
33 16 -74
33 17 97
33 20 -1
33 21 -35
33 22 -88
33 23 -56
33 26 61
33 29 80
33 30 54
33 33 -71
33 34 35
33 35 42
33 37 9
33 39 82
33 40 77
33 43 45
33 44 12
33 45 39
33 47 91
33 48 64
33 49 25
33 50 71
33 53 98
33 55 -29
33 56 -96
33 57 -34
33 58 39
33 59 14
33 65 96
33 68 74
33 69 -54
33 72 3
33 75 91
33 76 20
33 82 81
33 84 28
33 87 -7
33 89 -42
33 90 -34
33 92 -60
33 93 -4
33 94 -99
33 95 -41
33 97 -26
33 98 -29
34 1 27
34 5 -83
34 6 -32
34 8 -53
34 10 -22
34 11 -49
34 12 75
34 13 60
34 14 -39
34 16 -20
34 21 -10
34 22 -32
34 26 75
34 28 90
34 29 -73
34 30 -38
34 31 32
34 32 35
34 39 100
34 40 48
34 41 -43
34 42 -34
34 43 -30
34 45 -16
34 47 -94
34 48 90
34 51 89
34 53 -37
34 56 95
34 59 -41
34 64 3
34 71 -70
34 74 91
34 77 -82
34 79 -61
34 80 14
34 81 82
34 82 -83
34 84 -64
34 86 -51
34 92 81
34 94 -54
34 95 28
34 97 95
35 5 -70
35 6 76
35 7 2
35 9 -8
35 11 -23
35 12 -63
35 15 -95
35 16 73
35 19 14
35 21 -71
35 24 -41
35 30 -96
35 32 -62
35 34 48
35 41 59
35 46 -33
35 47 -7
35 48 98
35 51 -69
35 53 -40
35 56 -44
35 57 7
35 61 65
35 62 21
35 65 -90
35 66 86
35 69 -40
35 73 -4
35 76 75
35 77 91
35 78 38
35 81 28
35 83 -81
35 84 43
35 85 -39
35 87 -23
35 89 26
35 90 -24
35 93 90
35 96 -23
35 98 -16
36 2 -1
36 5 -99
36 6 97
36 8 -1
36 9 -69
36 11 -18
36 12 61
36 16 -24
36 17 80
36 18 46
36 19 -32
36 27 -55
36 30 22
36 31 -57
36 32 -23
36 33 9
36 34 65
36 36 -33
36 37 -71
36 39 -57
36 41 78
36 42 58
36 43 64
36 47 69
36 49 93
36 50 89
36 53 -28
36 55 84
36 61 -2
36 63 -69
36 69 -93
36 70 76
36 71 86
36 73 -26
36 80 90
36 87 30
36 88 26
36 89 -94
36 91 -62
36 93 -54
36 94 47
36 97 36
37 0 -48
37 4 4
37 8 -8
37 9 -8
37 10 65
37 14 56
37 18 -7
37 21 80
37 22 -79
37 23 -36
37 24 -62
37 25 -43
37 26 -77
37 30 57
37 31 -24
37 32 31
37 34 31
37 35 -70
37 36 -17
37 39 99
37 40 49
37 41 -93
37 43 47
37 45 7
37 46 -26
37 47 14
37 48 -84
37 50 6
37 51 43
37 53 69
37 57 -60
37 60 87
37 61 27
37 66 -15
37 70 -90
37 75 -26
37 76 27
37 78 84
37 80 -4
37 84 32
37 85 58
37 87 99
37 88 32
37 90 93
37 93 -94
37 95 -32
37 99 -83
38 0 -73
38 1 -63
38 2 64
38 4 -7
38 5 86
38 9 -15
38 10 -24
38 11 -83
38 15 -61
38 17 73
38 18 -60
38 19 42
38 22 45
38 26 -54
38 27 -36
38 29 79
38 35 69
38 36 69
38 37 17
38 38 -56
38 41 33
38 44 -97
38 46 -83
38 47 91
38 49 19
38 50 73
38 52 33
38 53 -92
38 54 -91
38 55 5
38 62 -26
38 63 56
38 66 -4
38 67 5
38 68 -84
38 71 -10
38 74 82
38 77 95
38 78 -51
38 79 72
38 82 70
38 84 -17
38 85 -69
38 90 -32
38 91 -43
38 93 -99
38 95 19
38 96 -10
38 97 93
38 98 -46
38 99 -16
39 0 46
39 1 -63
39 3 26
39 4 66
39 9 4
39 12 1
39 13 16
39 15 -45
39 19 -90
39 21 -76
39 22 77
39 31 -29
39 33 -8
39 34 20
39 36 86
39 38 -51
39 39 -4
39 40 37
39 42 17
39 43 40
39 44 99
39 45 16
39 46 -48
39 51 -70
39 53 -82
39 55 -93
39 57 -96
39 58 -83
39 66 86
39 73 78
39 74 47
39 75 56
39 76 -15
39 77 -49
39 79 91
39 82 53
39 83 -22
39 84 15
39 85 -53
39 88 10
39 89 41
39 90 71
39 94 85
39 97 -27
39 98 13
40 3 50
40 4 5
40 6 34
40 10 45
40 11 97
40 14 -64
40 15 19
40 16 -73
40 18 47
40 19 -66
40 22 -65
40 27 -83
40 28 -63
40 29 57
40 31 8
40 34 -98
40 35 34
40 37 -69
40 39 87
40 41 16
40 43 83
40 46 -53
40 47 33
40 48 23
40 50 -94
40 51 73
40 58 2
40 66 53
40 68 -46
40 69 84
40 71 -89
40 72 -92
40 75 53
40 80 24
40 81 -49
40 82 -88
40 83 -76
40 85 -40
40 87 -34
40 89 69
40 90 -16
40 91 -81
40 93 46
40 94 -20
40 96 70
40 98 83
41 1 92
41 5 41
41 7 -46
41 10 61
41 11 -29
41 13 -11
41 16 40
41 18 2
41 21 72
41 23 20
41 27 -17
41 28 19
41 30 -73
41 35 31
41 36 -63
41 39 -6
41 40 -86
41 43 78
41 48 41
41 50 20
41 54 17
41 56 26
41 57 -84
41 60 24
41 61 52
41 65 -62
41 66 33
41 67 -59
41 68 -87
41 74 -2
41 75 -7
41 78 -54
41 79 -43
41 80 91
41 83 -75
41 85 -16
41 90 -59
41 96 93
41 99 54
42 1 87
42 2 -84
42 3 69
42 4 -96
42 6 24
42 8 94
42 9 31
42 10 75
42 11 -57
42 19 -55
42 21 69
42 22 -16
42 25 34
42 30 36
42 35 40
42 36 78
42 38 87
42 40 -87
42 43 17
42 45 70
42 49 60
42 50 -59
42 51 38
42 52 20
42 54 -32
42 56 -67
42 58 -61
42 59 75
42 66 -16
42 69 95
42 74 -70
42 75 69
42 80 23
42 82 -94
42 84 -52
42 94 -32
42 96 28
42 97 84
42 98 82
42 99 -46
43 5 -79
43 6 3
43 7 -11
43 9 -89
43 10 7
43 12 -100
43 13 10
43 15 68
43 16 4
43 19 -39
43 20 -52
43 25 9
43 30 27
43 31 20
43 32 -35
43 33 6
43 39 -32
43 41 35
43 42 -41
43 43 -31
43 44 -12
43 45 -33
43 46 -99
43 47 -3
43 49 -74
43 50 -29
43 52 -2
43 53 -36
43 55 61
43 65 24
43 66 78
43 67 32
43 69 24
43 70 34
43 74 34
43 76 -58
43 77 -93
43 78 -60
43 85 -94
43 88 -18
43 89 -15
43 92 94
43 96 29
43 97 52
43 99 91
44 4 40
44 6 27
44 8 -4
44 10 -49
44 14 -38
44 15 -27
44 20 45
44 21 65
44 27 -39
44 29 -19
44 34 -17
44 35 51
44 36 18
44 37 -40
44 38 -13
44 39 -100
44 43 -25
44 44 -13
44 45 70
44 46 -63
44 50 94
44 52 -92
44 53 22
44 54 27
44 57 -9
44 61 -87
44 63 46
44 66 49
44 67 -76
44 69 -76
44 75 6
44 78 -89
44 82 -81
44 83 79
44 84 -2
44 85 -9
44 87 -89
44 88 -67
44 95 -73
44 97 -14
44 99 -28
45 1 44
45 4 47
45 7 94
45 8 -12
45 9 -89
45 11 96
45 13 77
45 15 91
45 17 -78
45 19 39
45 27 -99
45 30 59
45 31 5
45 32 79
45 34 36
45 35 63
45 37 75
45 45 -16
45 47 27
45 55 -89
45 56 34
45 57 26
45 58 21
45 62 -10
45 63 -53
45 64 -14
45 66 -71
45 67 74
45 71 -27
45 72 88
45 74 13
45 77 70
45 78 16
45 79 -7
45 80 -91
45 84 33
45 86 38
45 87 81
45 90 -49
45 91 -27
45 92 -21
45 93 73
46 1 -81
46 5 -30
46 7 -68
46 15 -64
46 18 69
46 19 -75
46 25 63
46 27 -96
46 29 88
46 31 -61
46 32 -22
46 34 75
46 35 -69
46 37 -84
46 40 -6
46 41 6
46 44 86
46 46 21
46 47 38
46 48 -54
46 52 8
46 60 18
46 67 90
46 68 7
46 70 -67
46 72 -41
46 73 -37
46 74 -95
46 76 -39
46 79 -55
46 81 -79
46 82 49
46 83 -50
46 84 -70
46 86 24
46 87 -58
46 88 -96
46 89 -10
46 96 70
47 0 -54
47 2 74
47 4 -100
47 7 -99
47 9 -69
47 10 86
47 13 -74
47 14 27
47 15 65
47 18 -45
47 21 81
47 22 45
47 24 -68
47 27 29
47 28 -59
47 31 -16
47 32 78
47 33 -91
47 34 -77
47 35 63
47 36 77
47 38 -11
47 39 73
47 41 77
47 42 -39
47 43 68
47 44 -20
47 46 98
47 47 -35
47 50 -13
47 51 53
47 52 5
47 54 -100
47 56 31
47 58 -20
47 60 -33
47 61 45
47 62 80
47 65 51
47 67 95
47 68 -47
47 69 -89
47 70 25
47 71 61
47 72 -1
47 74 -58
47 75 7
47 76 -90
47 79 -64
47 80 66
47 82 73
47 87 68
47 89 -39
47 94 20
47 96 -24
47 97 5
47 99 34
48 1 55
48 2 42
48 3 32
48 5 21
48 6 24
48 7 43
48 8 33
48 13 6
48 14 -85
48 19 52
48 22 -17
48 23 -76
48 24 67
48 27 -87
48 31 16
48 32 43
48 33 43
48 35 65
48 40 -81
48 42 28
48 45 93
48 47 -22
48 51 24
48 52 77
48 53 -37
48 57 -93
48 62 -66
48 63 -25
48 64 67
48 65 -85
48 70 82
48 72 -83
48 74 -8
48 76 -62
48 77 -10
48 85 -71
48 86 65
48 95 -38
48 98 -43
49 2 9
49 3 -89
49 7 91
49 9 -60
49 10 -93
49 11 35
49 12 -26
49 13 -78
49 14 33
49 15 22
49 16 -83
49 19 -62
49 21 -52
49 22 99
49 23 -68
49 24 40
49 25 80
49 31 -87
49 34 -80
49 35 49
49 36 74
49 38 28
49 41 -44
49 42 95
49 43 -55
49 45 84
49 48 -55
49 51 -72
49 52 70
49 53 15
49 57 52
49 58 -89
49 60 -94
49 63 -29
49 64 71
49 65 33
49 66 -44
49 69 -61
49 70 62
49 72 73
49 75 -78
49 77 -17
49 79 41
49 86 -96
49 87 -65
49 89 -31
49 90 -89
49 91 -36
49 92 -30
49 93 9
49 94 -40
49 97 -75
49 98 -64
49 99 1
50 0 92
50 1 42
50 4 -25
50 5 78
50 7 19
50 9 -28
50 11 3
50 14 66
50 16 96
50 17 -67
50 18 52
50 22 -26
50 23 -40
50 24 83
50 26 -13
50 27 -100
50 29 13
50 30 15
50 32 35
50 39 -72
50 40 -57
50 44 43
50 45 71
50 47 53
50 49 -66
50 50 44
50 52 -14
50 56 -51
50 61 50
50 65 66
50 69 -90
50 70 58
50 71 -62
50 75 -55
50 80 77
50 85 -36
50 86 -55
50 87 -33
50 88 68
50 91 -1
50 92 88
50 93 -91
50 97 17
50 98 36
50 99 72
51 0 22
51 9 -95
51 10 -23
51 11 -24
51 13 3
51 14 37
51 16 -59
51 18 69
51 20 -48
51 22 5
51 25 -94
51 26 -3
51 28 6
51 36 32
51 40 -63
51 44 85
51 45 -71
51 46 -50
51 47 72
51 48 -98
51 50 -96
51 52 54
51 53 -47
51 56 -68
51 57 -25
51 62 11
51 64 -66
51 65 -51
51 69 -45
51 74 -87
51 75 67
51 76 46
51 77 -6
51 78 1
51 79 -56
51 81 69
51 83 90
51 85 42
51 86 -21
51 87 -96
51 88 -5
51 94 41
51 95 76
51 96 -22
52 1 3
52 2 90
52 5 -46
52 7 -19
52 8 44
52 11 36
52 13 51
52 16 -97
52 17 86
52 18 52
52 19 13
52 21 39
52 22 -65
52 28 14
52 30 -12
52 33 85
52 34 70
52 36 -23
52 38 -49
52 40 1
52 42 -52
52 43 -87
52 44 -37
52 53 -73
52 54 99
52 56 -86
52 57 79
52 58 80
52 59 -4
52 62 -84
52 64 -37
52 65 59
52 66 80
52 67 -51
52 69 -83
52 74 82
52 75 -87
52 76 -54
52 81 30
52 82 -93
52 85 15
52 87 53
52 90 84
52 94 99
52 96 -24
53 2 88
53 5 76
53 6 89
53 7 -62
53 13 6
53 14 -59
53 16 -1
53 17 -30
53 20 5
53 21 -44
53 23 27
53 25 83
53 28 28
53 29 61
53 34 3
53 35 27
53 36 65
53 38 -80
53 39 -89
53 40 39
53 41 -96
53 42 60
53 44 90
53 46 96
53 47 -83
53 49 79
53 51 -61
53 57 69
53 59 -84
53 61 42
53 62 76
53 64 -25
53 65 76
53 71 -43
53 72 2
53 74 -72
53 80 56
53 84 94
53 86 65
53 87 56
53 91 -97
53 93 60
53 94 -23
53 99 -16
54 0 -14
54 1 40
54 2 -47
54 3 6
54 4 6
54 7 50
54 9 100
54 10 94
54 19 -16
54 20 62
54 23 21
54 24 -17
54 25 -75
54 26 4
54 27 23
54 32 65
54 36 97
54 37 -80
54 38 -64
54 40 -97
54 42 -88
54 51 22
54 53 -80
54 60 73
54 64 39
54 69 28
54 70 79
54 71 4
54 73 -42
54 78 67
54 81 -97
54 83 62
54 84 -34
54 86 55
54 87 82
54 88 -54
54 90 87
54 93 -95
54 96 57
54 98 -69
55 3 35
55 5 79
55 7 -57
55 9 68
55 10 -87
55 14 -9
55 15 54
55 18 80
55 19 69
55 20 -30
55 23 14
55 24 35
55 27 60
55 28 -57
55 29 -26
55 31 -59
55 32 -25
55 36 -71
55 42 -6
55 46 9
55 48 -85
55 49 -95
55 51 67
55 52 76
55 53 93
55 54 -94
55 57 -79
55 58 -78
55 59 -36
55 60 -59
55 61 16
55 63 30
55 65 -8
55 66 -51
55 67 62
55 69 -85
55 70 -18
55 73 4
55 79 -51
55 80 85
55 85 68
55 86 -1
55 88 83
55 91 -96
55 92 17
55 93 70
55 94 -31
55 98 47
56 0 63
56 1 -52
56 4 3
56 7 19
56 16 -39
56 17 24
56 18 14
56 20 72
56 24 -32
56 25 24
56 29 46
56 35 -93
56 37 -51
56 41 -71
56 48 -67
56 52 87
56 54 -44
56 58 -28
56 59 -13
56 60 64
56 61 -1
56 62 1
56 65 -98
56 67 45
56 68 -73
56 69 -29
56 70 -86
56 72 86
56 73 80
56 75 -96
56 76 -7
56 77 -22
56 78 -27
56 80 -39
56 82 97
56 83 77
56 89 2
56 91 -48
56 92 28
56 93 -28
56 94 -21
57 5 -3
57 6 87
57 8 39
57 10 -32
57 11 51
57 13 -48
57 18 79
57 21 53
57 23 62
57 26 30
57 27 -32
57 28 77
57 32 39
57 34 10
57 35 -77
57 36 36
57 39 32
57 42 76
57 44 1
57 45 21
57 47 -1
57 53 35
57 54 -15
57 58 56
57 65 18
57 70 -57
57 72 25
57 73 -20
57 76 -52
57 77 -39
57 80 -44
57 81 98
57 83 57
57 85 77
57 86 18
57 87 -38
57 89 18
57 92 -47
57 94 38
57 95 -87
57 96 -69
57 97 -42
58 0 -83
58 1 -65
58 6 -10
58 8 35
58 9 52
58 11 1
58 14 2
58 16 92
58 17 -49
58 18 -69
58 19 -71
58 20 40
58 23 -57
58 24 7
58 25 61
58 27 -30
58 28 90
58 31 -93
58 35 39
58 36 5
58 37 98
58 39 75
58 40 -78
58 41 65
58 43 96
58 46 25
58 49 59
58 51 79
58 55 74
58 60 -94
58 62 -96
58 63 54
58 64 -22
58 70 88
58 73 89
58 74 -98
58 75 -6
58 76 7
58 81 -99
58 83 29
58 86 -44
58 87 -96
58 94 -73
58 98 -65
59 0 -30
59 1 78
59 4 -61
59 6 -69
59 7 38
59 10 -99
59 11 -61
59 12 -39
59 13 -55
59 14 36
59 15 -72
59 16 14
59 18 -6
59 22 20
59 25 -15
59 26 73
59 32 55
59 35 -3
59 38 -4
59 40 63
59 42 -19
59 43 50
59 46 96
59 48 68
59 50 82
59 51 25
59 52 -47
59 53 30
59 55 -5
59 56 30
59 59 81
59 60 -48
59 61 82
59 64 84
59 65 79
59 66 42
59 71 -19
59 72 -41
59 73 -25
59 74 -12
59 75 47
59 76 -90
59 78 -53
59 81 -89
59 83 -31
59 86 51
59 87 -27
59 91 -26
59 92 -39
59 94 69
60 0 49
60 1 58
60 5 98
60 6 -60
60 7 59
60 12 -18
60 14 -86
60 17 -59
60 19 -47
60 22 -99
60 26 -79
60 28 39
60 30 57
60 31 -66
60 33 8
60 37 93
60 38 -65
60 40 -86
60 42 39
60 47 9
60 48 24
60 51 26
60 52 -26
60 54 53
60 56 -6
60 57 30
60 60 77
60 64 91
60 65 40
60 66 67
60 67 -99
60 69 -93
60 70 -19
60 72 14
60 74 97
60 78 12
60 87 -46
60 94 67
60 95 -29
60 96 6
61 1 86
61 2 39
61 4 87
61 8 -4
61 9 -8
61 14 94
61 16 57
61 19 -57
61 21 16
61 29 -3
61 30 -17
61 32 -70
61 36 91
61 38 -3
61 39 -51
61 40 27
61 43 -28
61 47 -73
61 55 99
61 56 -92
61 58 2
61 60 -56
61 63 76
61 64 -66
61 66 51
61 67 97
61 68 -52
61 69 -73
61 70 -44
61 73 -87
61 78 46
61 80 3
61 87 -55
61 88 -5
61 89 -30
61 90 14
61 91 78
61 94 -92
61 95 -23
61 96 -95
61 99 -79
62 0 -96
62 4 54
62 5 54
62 6 7
62 8 -92
62 9 -63
62 10 16
62 12 94
62 13 48
62 14 -37
62 17 24
62 18 -10
62 21 3
62 24 -88
62 27 20
62 29 45
62 30 -7
62 31 -94
62 32 12
62 33 97
62 38 -78
62 40 -87
62 41 -98
62 42 76
62 43 -42
62 44 -96
62 45 88
62 48 82
62 49 -11
62 50 -17
62 53 36
62 54 99
62 56 -27
62 57 -60
62 59 51
62 60 92
62 61 -29
62 62 -84
62 64 62
62 65 80
62 67 -36
62 69 9
62 72 -88
62 79 86
62 81 -10
62 83 -44
62 85 -64
62 88 18
62 91 -66
62 93 96
62 94 20
62 98 -82
63 0 -97
63 1 49
63 2 -78
63 3 10
63 4 -44
63 5 -21
63 7 52
63 11 73
63 16 20
63 20 -92
63 21 -11
63 22 -57
63 23 -28
63 24 -69
63 27 -44
63 29 -95
63 30 52
63 34 -58
63 35 37
63 36 3
63 39 -53
63 41 -93
63 43 80
63 44 10
63 45 20
63 46 -88
63 49 -17
63 50 59
63 52 -50
63 57 -53
63 59 18
63 62 48
63 65 -70
63 68 -90
63 72 -11
63 74 74
63 75 -18
63 76 -5
63 78 18
63 82 44
63 83 -53
63 85 12
63 88 -24
63 89 56
63 90 20
63 91 -11
63 92 -83
63 98 78
64 1 -74
64 2 -35
64 4 -24
64 5 -2
64 7 -64
64 9 60
64 16 -94
64 22 -41
64 28 -75
64 29 -48
64 30 11
64 31 69
64 34 1
64 37 19
64 38 22
64 41 -2
64 42 38
64 43 -14
64 46 34
64 48 6
64 49 20
64 52 -82
64 53 94
64 54 -61
64 56 94
64 58 -41
64 60 82
64 61 23
64 66 84
64 68 29
64 72 -46
64 73 -71
64 74 36
64 75 -38
64 78 8
64 80 -64
64 81 93
64 82 80
64 84 -36
64 85 27
64 88 -24
64 89 -69
64 90 78
64 91 33
64 94 11
64 98 -14
65 1 -9
65 9 -43
65 12 -37
65 13 3
65 14 27
65 18 -46
65 19 81
65 20 -28
65 21 61
65 22 35
65 23 -97
65 25 -56
65 26 -55
65 27 99
65 28 61
65 29 -68
65 30 -18
65 31 56
65 32 -57
65 33 8
65 35 10
65 36 61
65 37 -54
65 38 91
65 41 -12
65 44 64
65 47 33
65 49 18
65 51 -16
65 52 50
65 55 -24
65 57 54
65 58 84
65 61 15
65 62 -71
65 63 -84
65 68 -94
65 69 -23
65 73 89
65 77 -10
65 80 -33
65 82 -49
65 84 -70
65 86 77
65 87 -14
65 88 56
65 89 -68
65 90 21
65 92 -89
65 97 -59
65 98 21
65 99 -92
66 7 -72
66 9 -21
66 10 -28
66 11 -23
66 14 -84
66 20 -30
66 21 55
66 24 61
66 27 -34
66 29 -54
66 31 -90
66 32 75
66 34 5
66 35 16
66 36 75
66 39 25
66 44 -7
66 45 -93
66 47 -5
66 48 -17
66 49 -91
66 53 -5
66 55 -66
66 56 -97
66 57 9
66 60 -96
66 61 -65
66 63 -12
66 67 -91
66 71 -41
66 74 -2
66 75 39
66 78 -15
66 80 81
66 87 5
66 90 -14
66 92 -5
66 93 43
66 97 53
66 98 -57
67 1 -8
67 5 42
67 7 57
67 8 -79
67 13 -100
67 14 51
67 15 -1
67 16 90
67 21 50
67 22 68
67 26 -20
67 28 31
67 29 -66
67 30 27
67 31 89
67 32 25
67 33 83
67 35 -35
67 36 16
67 37 -51
67 38 -6
67 40 31
67 43 -47
67 44 66
67 45 -40
67 46 -50
67 51 72
67 54 41
67 55 -62
67 56 60
67 57 -42
67 60 -81
67 62 -16
67 65 79
67 69 -35
67 72 99
67 73 97
67 75 72
67 77 -14
67 78 -21
67 79 -37
67 82 4
67 85 -73
67 86 16
67 87 -27
67 88 83
67 89 -72
67 91 -38
67 93 -91
67 94 -75
67 95 37
67 97 -51
67 98 -51
68 2 69
68 7 -38
68 8 -42
68 13 26
68 15 50
68 17 100
68 18 36
68 20 -3
68 22 88
68 23 34
68 24 80
68 26 -93
68 28 38
68 33 18
68 36 -64
68 38 -64
68 39 -5
68 41 -57
68 42 -47
68 43 76
68 44 12
68 45 95
68 48 92
68 52 47
68 55 -28
68 56 78
68 64 39
68 66 47
68 76 -93
68 81 84
68 82 -82
68 84 6
68 90 87
68 94 80
68 98 45
69 1 -94
69 2 -24
69 3 -65
69 4 49
69 5 62
69 6 13
69 7 67
69 11 64
69 12 -7
69 13 86
69 15 16
69 16 65
69 17 3
69 19 -6
69 21 50
69 23 6
69 24 43
69 25 -27
69 26 -53
69 28 -53
69 30 -99
69 31 52
69 34 -2
69 35 23
69 36 3
69 38 37
69 40 83
69 41 -23
69 42 -52
69 43 -34
69 46 -28
69 48 -71
69 50 -89
69 51 -9
69 53 19
69 64 -37
69 66 61
69 67 61
69 68 6
69 71 -25
69 73 -68
69 74 -59
69 77 58
69 78 96
69 81 62
69 83 -82
69 85 -17
69 86 -85
69 88 86
69 92 96
69 94 17
69 96 71
69 97 -98
69 99 -27
70 1 -31
70 2 -14
70 3 40
70 4 97
70 10 -63
70 11 -8
70 12 -2
70 14 44
70 15 19
70 19 6
70 22 -2
70 23 -85
70 24 -26
70 26 17
70 28 -40
70 29 -23
70 30 -90
70 36 -90
70 40 -79
70 42 -62
70 43 -62
70 45 77
70 49 12
70 50 80
70 51 -45
70 55 -81
70 58 92
70 59 -9
70 64 90
70 71 92
70 73 -30
70 75 -30
70 76 90
70 77 -81
70 80 -52
70 81 -65
70 82 98
70 83 -91
70 86 25
70 87 -59
70 88 78
70 93 -84
70 96 75
71 1 79
71 6 16
71 9 14
71 11 5
71 12 -86
71 14 12
71 15 -7
71 17 -25
71 18 46
71 21 70
71 24 32
71 25 -64
71 26 -61
71 27 68
71 28 5
71 31 -19
71 32 -27
71 33 83
71 34 -47
71 36 -92
71 37 13
71 39 -47
71 43 65
71 44 -71
71 46 -53
71 48 -38
71 54 74
71 55 -9
71 57 34
71 58 73
71 59 -4
71 60 51
71 61 -78
71 63 -8
71 64 23
71 69 -71
71 71 37
71 73 -32
71 75 83
71 76 -83
71 77 90
71 78 33
71 79 -53
71 80 45
71 81 67
71 82 -40
71 88 -89
71 89 60
71 92 -42
71 93 -68
71 95 -16
71 97 14
71 99 68
72 3 -20
72 4 -41
72 5 -44
72 8 -64
72 12 -2
72 13 24
72 14 -36
72 16 82
72 17 -1
72 18 -15
72 20 -37
72 21 -14
72 23 -63
72 25 30
72 26 -49
72 27 -5
72 28 -10
72 29 93
72 30 -92
72 32 69
72 33 -41
72 34 25
72 36 -30
72 37 -32
72 38 78
72 39 39
72 42 -25
72 43 54
72 45 -6
72 47 34
72 50 -63
72 53 52
72 54 -39
72 55 82
72 57 -32
72 59 -1
72 62 34
72 67 -96
72 68 88
72 73 59
72 75 96
72 76 -10
72 79 43
72 80 82
72 82 -97
72 84 43
72 86 19
72 90 7
72 93 79
72 95 -3
72 97 99
72 99 12
73 1 -46
73 4 52
73 5 -17
73 6 -74
73 8 31
73 9 18
73 12 -30
73 13 56
73 14 54
73 15 14
73 17 -88
73 18 7
73 19 -1
73 20 -46
73 22 -29
73 33 50
73 35 37
73 37 46
73 42 41
73 44 -31
73 46 -48
73 51 -40
73 53 -38
73 58 82
73 63 -95
73 67 -44
73 68 99
73 72 -55
73 73 39
73 74 -72
73 75 -66
73 76 58
73 77 80
73 78 92
73 79 12
73 80 72
73 89 -5
73 90 12
73 91 -16
73 92 74
73 93 -4
73 95 -80
73 96 -77
74 8 -30
74 9 -94
74 11 -58
74 13 -6
74 14 12
74 15 75
74 18 42
74 21 55
74 24 82
74 28 -40
74 30 15
74 32 75
74 33 -12
74 34 -51
74 36 78
74 37 -18
74 38 -13
74 39 19
74 42 -93
74 45 -8
74 46 -84
74 48 58
74 49 -2
74 50 25
74 51 -43
74 52 -62
74 53 79
74 58 -11
74 59 -13
74 62 -67
74 63 -99
74 71 -57
74 76 -89
74 77 76
74 78 85
74 80 -54
74 82 19
74 84 21
74 85 -5
74 88 -63
74 89 -72
74 91 -25
74 92 -55
74 93 64
74 96 80
74 98 -25
75 1 -58
75 2 18
75 4 -5
75 6 -61
75 8 33
75 9 77
75 12 -22
75 13 -13
75 14 29
75 15 77
75 19 -92
75 20 -12
75 22 -83
75 24 -32
75 26 68
75 28 -77
75 31 -87
75 32 39
75 36 9
75 37 60
75 39 97
75 41 57
75 43 61
75 44 -86
75 45 -97
75 46 -67
75 52 75
75 54 -4
75 55 -11
75 56 49
75 57 88
75 58 89
75 60 6
75 62 70
75 63 18
75 64 13
75 66 43
75 68 -100
75 69 -73
75 70 68
75 72 68
75 73 100
75 76 -80
75 77 -76
75 81 -1
75 83 -64
75 93 -44
75 97 -100
75 98 88
76 0 -71
76 1 -71
76 2 84
76 3 82
76 5 -55
76 7 -61
76 8 -86
76 10 12
76 15 71
76 17 18
76 18 52
76 20 41
76 23 -88
76 24 -87
76 26 -49
76 30 -5
76 31 68
76 32 -6
76 33 -99
76 34 -57
76 36 73
76 38 -89
76 39 -87
76 40 48
76 43 -13
76 45 -5
76 49 -2
76 51 50
76 52 -9
76 53 -7
76 54 60
76 55 57
76 56 23
76 57 -7
76 59 57
76 63 -34
76 66 77
76 67 -97
76 69 -49
76 76 -33
76 77 -56
76 86 77
76 87 -11
76 88 -77
76 90 96
76 92 65
76 93 -6
76 94 -67
76 95 32
76 98 30
77 0 35
77 1 -6
77 4 -37
77 6 -86
77 8 74
77 9 -94
77 10 -46
77 11 99
77 16 8
77 19 100
77 21 -14
77 23 -19
77 25 -28
77 26 -18
77 27 -20
77 28 55
77 29 93
77 35 44
77 36 -34
77 37 -35
77 38 -8
77 48 -69
77 50 77
77 53 96
77 56 -43
77 60 42
77 64 -88
77 65 66
77 67 -93
77 69 -19
77 71 -86
77 72 68
77 74 8
77 79 -82
77 81 -72
77 82 -16
77 83 9
77 84 -66
77 86 39
77 88 98
77 92 -69
77 93 80
77 95 -90
77 97 -78
77 98 46
77 99 -28
78 0 -80
78 3 -46
78 6 40
78 7 78
78 10 -34
78 12 -42
78 13 -18
78 14 33
78 15 -73
78 17 48
78 25 34
78 28 74
78 31 24
78 32 40
78 33 13
78 34 91
78 38 93
78 39 -90
78 40 36
78 42 -14
78 47 78
78 49 -2
78 51 11
78 53 -48
78 54 77
78 55 -28
78 57 -44
78 58 43
78 59 37
78 61 56
78 65 -84
78 70 34
78 73 -96
78 74 20
78 78 3
78 81 43
78 83 -53
78 84 32
78 87 -78
78 91 -93
78 96 29
78 98 -94
79 1 75
79 3 69
79 4 -65
79 7 -65
79 11 -34
79 12 -28
79 13 -95
79 16 -44
79 17 -23
79 18 31
79 21 11
79 22 11
79 23 67
79 24 91
79 27 -9
79 28 14
79 29 69
79 30 -64
79 31 64
79 34 -52
79 37 -11
79 40 97
79 42 -65
79 43 -29
79 45 86
79 49 -72
79 51 98
79 54 -10
79 56 99
79 57 77
79 59 7
79 61 88
79 64 -88
79 65 59
79 66 63
79 71 14
79 73 -28
79 74 -51
79 75 45
79 76 86
79 77 100
79 80 38
79 83 1
79 84 21
79 99 93
80 0 -41
80 6 42
80 11 75
80 18 -14
80 19 -51
80 21 -73
80 22 -60
80 26 22
80 27 3
80 28 22
80 29 85
80 32 -60
80 35 -91
80 41 30
80 44 53
80 45 -58
80 46 -63
80 52 -33
80 54 13
80 56 98
80 57 -16
80 58 15
80 59 -55
80 60 -67
80 74 -67
80 75 100
80 79 -88
80 82 3
80 83 86
80 84 63
80 87 53
80 88 -36
80 91 92
80 92 -30
80 94 -2
80 96 -32
80 98 -83
81 0 21
81 2 -98
81 7 45
81 8 53
81 10 82
81 14 -62
81 16 -32
81 17 53
81 18 57
81 19 21
81 20 -47
81 26 86
81 27 -80
81 28 -45
81 33 7
81 35 -60
81 36 -7
81 37 44
81 39 -20
81 40 -98
81 41 16
81 43 17
81 44 -9
81 45 62
81 46 -33
81 48 18
81 53 -46
81 56 -15
81 58 -47
81 59 -9
81 62 98
81 68 -18
81 69 -74
81 70 23
81 72 -59
81 75 -45
81 76 -56
81 81 41
81 82 -61
81 83 -55
81 85 70
81 87 -14
81 89 -12
81 92 34
81 97 -36
81 98 -9
82 1 -34
82 2 -79
82 5 3
82 7 78
82 9 14
82 10 -53
82 11 23
82 16 18
82 17 72
82 19 54
82 21 82
82 24 38
82 28 76
82 30 -84
82 31 79
82 34 61
82 37 -54
82 39 1
82 42 -71
82 43 -7
82 44 -92
82 46 -62
82 53 16
82 54 -99
82 57 24
82 58 -29
82 64 54
82 65 -21
82 72 -62
82 74 93
82 76 25
82 77 96
82 78 86
82 82 35
82 84 -27
82 88 5
82 93 85
82 98 -92
82 99 -57
83 4 -91
83 5 -22
83 8 -36
83 9 48
83 10 -63
83 14 13
83 15 84
83 16 -92
83 17 52
83 18 -92
83 21 75
83 22 85
83 23 38
83 27 27
83 30 -47
83 31 -8
83 32 30
83 37 16
83 38 -8
83 40 27
83 48 -80
83 49 -36
83 57 76
83 61 43
83 65 -88
83 67 22
83 68 66
83 69 4
83 70 97
83 72 99
83 76 -79
83 79 4
83 80 -24
83 81 -53
83 82 82
83 84 25
83 86 -61
83 88 90
83 92 -77
83 95 9
83 96 -80
83 97 34
83 98 -57
84 0 22
84 5 80
84 7 92
84 9 38
84 13 87
84 16 -76
84 17 61
84 18 -7
84 21 -9
84 22 86
84 24 -39
84 25 -86
84 26 21
84 29 71
84 30 95
84 31 -55
84 33 23
84 34 -100
84 35 74
84 40 69
84 42 47
84 43 33
84 45 90
84 47 -74
84 49 72
84 52 -2
84 56 -93
84 59 34
84 61 52
84 62 -71
84 63 -64
84 64 -49
84 66 97
84 67 26
84 69 68
84 76 32
84 77 -94
84 80 -25
84 82 64
84 84 -74
84 85 45
84 88 15
84 89 -27
84 90 6
84 91 58
84 92 83
84 93 46
84 94 -73
84 98 -64
84 99 19
85 1 83
85 5 -92
85 6 14
85 7 -87
85 10 32
85 11 -20
85 12 60
85 13 -97
85 15 20
85 16 92
85 17 61
85 18 -60
85 22 -81
85 24 -8
85 26 70
85 28 42
85 29 -25
85 30 -69
85 34 32
85 35 -73
85 36 -55
85 37 -91
85 41 -60
85 43 43
85 44 54
85 47 7
85 48 -8
85 49 -87
85 50 -55
85 51 -15
85 55 -48
85 59 32
85 62 50
85 65 -3
85 66 -8
85 67 -67
85 69 6
85 71 -13
85 75 42
85 76 -37
85 77 -87
85 79 3
85 80 26
85 81 -32
85 89 -21
85 91 -55
85 92 -67
85 94 -94
85 98 -78
85 99 83
86 0 -59
86 2 -41
86 7 70
86 8 97
86 9 2
86 14 -6
86 17 77
86 21 -18
86 23 15
86 24 15
86 29 -5
86 30 90
86 35 86
86 37 69
86 41 -73
86 43 17
86 44 12
86 45 -45
86 46 2
86 49 61
86 54 7
86 56 11
86 61 -12
86 63 -83
86 64 -83
86 65 91
86 67 10
86 69 5
86 71 94
86 72 96
86 75 -42
86 76 -6
86 79 88
86 80 -59
86 88 76
86 90 -83
86 91 44
86 93 -100
86 94 32
86 95 -12
86 96 -40
87 4 -16
87 6 -46
87 8 96
87 11 -83
87 12 18
87 13 -86
87 15 -36
87 17 67
87 20 7
87 23 -73
87 24 31
87 25 -26
87 29 62
87 31 -89
87 33 -97
87 44 1
87 45 -75
87 48 44
87 52 -35
87 53 -78
87 55 69
87 56 37
87 58 -79
87 59 81
87 60 -96
87 62 94
87 70 43
87 71 -29
87 73 -74
87 74 -35
87 75 59
87 76 -11
87 78 4
87 80 68
87 81 20
87 82 -89
87 83 26
87 85 -98
87 86 65
87 88 49
87 90 19
87 91 -76
87 92 -1
87 93 92
87 99 -40
88 8 -73
88 12 -43
88 13 50
88 16 -54
88 17 36
88 21 -11
88 23 99
88 25 55
88 26 -90
88 27 -64
88 29 3
88 30 -45
88 34 -30
88 37 49
88 39 -7
88 40 25
88 41 57
88 42 32
88 43 -7
88 44 -75
88 45 55
88 47 -9
88 58 -15
88 59 -63
88 67 -99
88 69 24
88 72 -40
88 73 25
88 75 59
88 76 89
88 77 54
88 80 -23
88 82 -10
88 84 -37
88 85 15
88 88 -84
88 91 -91
88 92 -42
88 96 58
89 5 80
89 7 -36
89 12 -91
89 14 67
89 16 56
89 18 46
89 19 2
89 20 -49
89 22 12
89 23 -31
89 26 14
89 27 -11
89 29 -34
89 32 10
89 35 56
89 36 28
89 39 43
89 42 32
89 45 -6
89 46 -2
89 47 94
89 48 37
89 50 55
89 52 67
89 53 69
89 54 52
89 56 96
89 57 32
89 61 -70
89 63 -71
89 64 -33
89 65 92
89 67 -75
89 69 -68
89 70 61
89 75 57
89 78 -62
89 79 19
89 81 -83
89 82 8
89 85 88
89 87 -42
89 92 72
89 93 33
89 95 -74
89 96 60
89 98 -48
90 0 81
90 1 -24
90 3 67
90 8 15
90 10 -39
90 11 -36
90 14 -30
90 17 -29
90 22 14
90 27 41
90 28 57
90 31 6
90 33 -23
90 34 -78
90 35 -6
90 37 73
90 38 -99
90 40 95
90 41 70
90 43 -98
90 49 57
90 50 39
90 52 64
90 53 -10
90 54 -10
90 57 -73
90 59 -82
90 61 -11
90 65 91
90 66 4
90 68 -58
90 70 24
90 71 12
90 72 88
90 74 -11
90 75 3
90 78 38
90 80 88
90 82 -83
90 83 99
90 84 37
90 86 62
90 87 -68
90 92 100
90 93 -39
90 94 -28
90 96 -98
90 97 -39
90 98 -63
90 99 -21
91 2 13
91 3 -27
91 5 24
91 8 -38
91 10 10
91 11 -40
91 13 43
91 15 86
91 16 -90
91 17 54
91 18 -39
91 21 6
91 24 19
91 26 -79
91 28 -51
91 31 -37
91 35 -91
91 37 -69
91 38 37
91 39 -48
91 41 53
91 42 -33
91 44 -85
91 49 58
91 50 -68
91 51 59
91 52 -59
91 54 -89
91 55 -71
91 61 -11
91 62 -22
91 64 -95
91 65 -20
91 67 -76
91 69 45
91 74 -77
91 75 -86
91 78 90
91 79 -77
91 80 78
91 84 52
91 85 56
91 86 36
91 91 22
91 92 -84
91 93 90
91 96 -85
91 98 41
91 99 -66
92 0 87
92 1 -66
92 3 42
92 4 99
92 6 86
92 8 -24
92 9 88
92 11 36
92 12 79
92 13 -48
92 15 -28
92 18 8
92 23 -52
92 25 -5
92 29 99
92 32 -38
92 34 -41
92 35 81
92 36 84
92 42 -79
92 43 4
92 44 -89
92 47 38
92 48 64
92 50 -65
92 51 64
92 55 -67
92 56 15
92 57 -15
92 60 14
92 64 -86
92 66 15
92 67 -47
92 72 35
92 76 -75
92 79 -8
92 82 -56
92 83 -43
92 86 40
92 88 48
92 89 67
92 90 84
92 93 -96
92 94 50
92 96 17
93 0 -68
93 2 15
93 4 -93
93 5 -97
93 8 -17
93 10 69
93 12 21
93 13 1
93 14 -58
93 15 -46
93 19 -44
93 21 89
93 24 -61
93 26 7
93 32 96
93 34 -93
93 35 69
93 36 12
93 37 78
93 40 53
93 41 34
93 46 27
93 47 18
93 48 -90
93 49 2
93 53 -54
93 54 -53
93 55 78
93 59 83
93 60 12
93 61 -10
93 64 21
93 67 84
93 68 -53
93 69 4
93 74 -41
93 75 -44
93 78 18
93 79 81
93 82 58
93 84 22
93 85 -63
93 87 76
93 90 83
93 91 27
93 94 20
93 95 38
93 97 11
93 98 37
93 99 -68
94 7 75
94 8 67
94 9 -77
94 10 -88
94 11 -29
94 12 -24
94 13 53
94 15 8
94 20 -91
94 21 -59
94 23 6
94 26 15
94 28 60
94 31 -69
94 33 34
94 39 8
94 41 30
94 45 -39
94 48 88
94 49 42
94 50 28
94 60 31
94 62 3
94 64 11
94 65 7
94 67 -27
94 69 69
94 71 74
94 74 -43
94 75 -37
94 76 -50
94 79 15
94 81 -11
94 82 -55
94 83 -75
94 89 -25
94 92 -8
94 93 -91
94 94 -33
94 95 -27
94 96 -4
95 0 79
95 1 -61
95 2 44
95 6 68
95 11 89
95 12 24
95 17 -71
95 19 35
95 27 69
95 28 -30
95 33 -11
95 36 94
95 37 71
95 41 94
95 43 -31
95 45 -33
95 46 81
95 49 29
95 53 21
95 56 45
95 57 -45
95 58 -29
95 59 86
95 61 14
95 62 -15
95 66 -67
95 70 -96
95 71 80
95 73 -90
95 75 -46
95 76 40
95 79 75
95 80 -38
95 82 -85
95 83 -23
95 86 52
95 89 -93
95 90 100
95 97 15
95 99 -53
96 0 22
96 1 61
96 2 68
96 3 51
96 5 44
96 6 -93
96 7 -21
96 8 -88
96 9 42
96 11 -44
96 17 72
96 19 -18
96 20 -35
96 22 -76
96 23 93
96 25 72
96 26 -23
96 30 -16
96 31 5
96 33 47
96 34 34
96 36 13
96 41 -15
96 43 63
96 45 11
96 47 80
96 49 10
96 50 58
96 53 -6
96 56 -29
96 60 17
96 62 45
96 65 82
96 66 83
96 70 21
96 71 -87
96 75 -92
96 76 -57
96 77 99
96 80 -1
96 81 87
96 85 46
96 86 -32
96 88 27
96 89 100
96 95 -81
96 96 -89
96 99 -84
97 5 -60
97 8 -47
97 11 -65
97 12 90
97 18 42
97 19 -89
97 22 -96
97 23 61
97 28 -40
97 29 81
97 31 20
97 33 51
97 36 57
97 38 46
97 40 42
97 41 58
97 42 -80
97 46 47
97 47 -4
97 49 10
97 51 -76
97 53 -3
97 54 71
97 55 -4
97 56 66
97 57 -15
97 61 38
97 63 -8
97 64 83
97 70 89
97 72 48
97 73 -32
97 76 -20
97 80 92
97 82 -91
97 83 -33
97 86 -81
97 87 64
97 89 -39
97 90 -85
97 94 -19
97 95 58
97 98 -29
98 1 -9
98 2 -66
98 4 70
98 5 87
98 8 -33
98 9 -86
98 10 8
98 15 43
98 26 96
98 27 -45
98 29 12
98 31 72
98 32 -38
98 33 27
98 34 70
98 36 93
98 37 34
98 38 -56
98 39 37
98 40 -12
98 42 63
98 44 -99
98 45 67
98 48 61
98 49 75
98 52 -37
98 53 -32
98 54 15
98 56 10
98 59 81
98 60 -6
98 62 -100
98 64 16
98 66 95
98 68 63
98 70 -9
98 71 89
98 72 11
98 73 75
98 74 -72
98 77 72
98 80 74
98 81 55
98 85 59
98 87 76
98 88 -39
98 90 -5
98 93 58
98 95 -62
98 96 -34
98 97 -17
99 0 -59
99 1 67
99 2 77
99 3 91
99 4 -79
99 6 89
99 7 4
99 8 -43
99 10 89
99 12 73
99 14 61
99 15 75
99 16 38
99 17 40
99 20 76
99 23 70
99 32 28
99 33 31
99 35 62
99 40 -45
99 41 14
99 42 77
99 43 -5
99 45 -3
99 49 -11
99 51 -17
99 53 11
99 55 -53
99 56 22
99 57 72
99 58 -87
99 61 94
99 62 18
99 63 10
99 64 -98
99 65 67
99 67 -70
99 68 -82
99 73 -37
99 74 44
99 76 97
99 77 -41
99 78 56
99 84 -28
99 85 -8
99 88 -72
99 89 -46
99 90 76
99 95 28
99 96 25
99 97 -40
99 98 81