0 3 -8
0 7 -81
0 8 99
0 22 11
0 24 49
0 26 16
0 30 -35
0 31 46
0 36 9
0 40 -60
0 41 -93
0 44 -50
0 50 31
0 53 -82
0 58 43
0 60 61
0 62 -93
0 64 65
0 72 5
0 74 36
0 79 -6
0 80 -69
0 82 -70
0 84 -1
0 87 -26
0 89 27
0 91 57
0 96 96
1 4 41
1 7 67
1 16 -20
1 20 -67
1 23 90
1 24 -94
1 27 58
1 28 94
1 31 -11
1 33 -28
1 36 -30
1 37 35
1 38 -75
1 40 -87
1 47 -61
1 49 -84
1 51 -1
1 53 15
1 55 64
1 59 93
1 62 6
1 64 23
1 68 7
1 71 23
1 72 82
1 80 -58
1 84 -84
1 87 -37
1 89 54
1 90 40
1 92 64
1 94 15
1 95 80
1 98 -89
2 9 23
2 18 26
2 19 52
2 22 -100
2 27 37
2 31 -56
2 36 -5
2 38 69
2 39 -5
2 41 51
2 42 4
2 47 21
2 49 -3
2 50 -66
2 55 36
2 61 -35
2 64 -67
2 71 92
2 73 34
2 76 40
2 78 72
2 79 49
2 84 22
2 89 16
2 92 -43
2 94 -49
2 96 -50
2 98 86
2 99 -69
3 2 60
3 8 78
3 11 7
3 12 34
3 17 -7
3 20 -13
3 21 13
3 24 -42
3 25 51
3 30 -15
3 33 92
3 34 92
3 35 58
3 36 8
3 50 -74
3 51 -94
3 54 -15
3 58 17
3 62 58
3 63 88
3 64 -74
3 65 -97
3 70 -50
3 71 -4
3 72 22
3 73 8
3 80 80
3 83 -62
3 85 -76
3 87 -47
3 88 -21
3 93 -71
3 94 -29
4 1 7
4 2 -69
4 5 -18
4 9 -71
4 11 44
4 12 82
4 18 85
4 20 74
4 23 -38
4 26 73
4 27 83
4 28 94
4 30 37
4 34 42
4 35 -77
4 37 90
4 43 -71
4 46 66
4 49 9
4 52 76
4 53 -24
4 56 -5
4 61 -49
4 65 -62
4 66 -49
4 67 61
4 70 34
4 71 85
4 73 9
4 75 -65
4 76 -15
4 83 82
4 84 -18
4 86 -27
4 97 -21
4 98 -1
5 2 -14
5 10 71
5 11 -37
5 14 59
5 22 90
5 23 -92
5 29 -18
5 30 7
5 32 -49
5 33 -62
5 36 -37
5 38 -7
5 39 37
5 44 68
5 47 73
5 50 -23
5 60 -42
5 62 -28
5 64 -94
5 66 57
5 71 44
5 72 89
5 73 -76
5 77 -91
5 82 -36
5 84 -42
5 86 -35
5 88 82
5 98 3
6 0 -53
6 1 82
6 3 72
6 4 -70
6 5 -58
6 11 -95
6 13 82
6 15 -67
6 17 44
6 20 66
6 24 78
6 27 -26
6 39 -3
6 44 77
6 45 59
6 48 33
6 49 73
6 50 -97
6 54 42
6 56 88
6 57 -45
6 61 -90
6 62 35
6 63 -68
6 66 8
6 67 -85
6 68 -77
6 69 -36
6 72 67
6 73 78
6 75 21
6 77 -56
6 79 -18
6 80 -54
6 84 88
6 87 23
6 94 47
6 96 22
7 1 46
7 4 -44
7 5 -95
7 6 20
7 10 77
7 13 -10
7 14 45
7 15 11
7 24 29
7 26 89
7 29 53
7 30 -99
7 31 -86
7 33 28
7 35 76
7 38 19
7 39 -31
7 41 31
7 46 -88
7 47 -66
7 57 -43
7 59 -73
7 62 -9
7 64 -67
7 65 -37
7 66 -74
7 70 -66
7 71 -51
7 72 -35
7 74 94
7 75 -51
7 83 3
7 90 48
7 91 -100
7 96 -29
8 2 -99
8 4 79
8 6 -77
8 8 22
8 11 -64
8 13 67
8 17 5
8 18 38
8 23 -13
8 28 46
8 30 97
8 33 2
8 38 -75
8 39 90
8 40 21
8 42 66
8 44 -69
8 45 72
8 47 61
8 48 -73
8 52 -83
8 56 89
8 57 -45
8 58 -47
8 62 -92
8 64 -2
8 65 -25
8 70 85
8 72 66
8 76 29
8 85 73
8 87 70
8 99 38
9 0 -35
9 1 19
9 3 99
9 4 95
9 6 -40
9 7 -83
9 9 17
9 14 -65
9 15 -42
9 16 -30
9 17 70
9 19 -2
9 24 -88
9 33 -47
9 37 97
9 38 -31
9 39 25
9 41 -59
9 42 21
9 45 15
9 46 29
9 47 19
9 50 -66
9 51 95
9 55 -7
9 56 -48
9 58 -15
9 60 -56
9 61 -50
9 67 31
9 74 4
9 76 4
9 77 -71
9 82 -30
9 90 52
9 91 -16
9 92 41
9 93 -53
9 95 24
9 97 -70
9 98 -52
10 3 91
10 5 80
10 6 -81
10 7 97
10 11 -74
10 12 39
10 15 9
10 16 -73
10 17 46
10 18 26
10 20 -6
10 21 1
10 24 23
10 25 16
10 27 92
10 39 -24
10 42 72
10 46 65
10 50 66
10 53 -1
10 58 -19
10 59 73
10 74 -5
10 77 -96
10 80 3
10 83 -30
10 87 -29
10 89 30
10 90 3
11 0 -76
11 1 36
11 4 58
11 6 1
11 9 85
11 10 33
11 14 -10
11 21 52
11 24 88
11 27 69
11 33 82
11 37 -28
11 41 -17
11 42 -7
11 48 1
11 49 -29
11 53 -36
11 55 20
11 56 81
11 59 73
11 62 -33
11 63 -19
11 65 -48
11 66 -85
11 68 11
11 71 1
11 75 30
11 86 -72
11 87 89
11 89 38
11 90 -96
11 94 -53
11 99 9
12 0 100
12 3 -36
12 8 98
12 11 82
12 17 -64
12 18 6
12 21 93
12 22 90
12 23 -69
12 27 29
12 28 71
12 31 -22
12 32 19
12 33 -29
12 37 -51
12 39 -65
12 42 -8
12 43 -98
12 45 88
12 48 17
12 50 -46
12 53 79
12 55 3
12 59 59
12 63 -47
12 65 -82
12 67 -55
12 70 4
12 73 57
12 75 55
12 77 34
12 79 -83
12 86 48
12 90 -46
12 92 -72
12 98 -25
12 99 -38
13 0 58
13 7 -28
13 9 30
13 10 15
13 13 52
13 14 -35
13 21 -96
13 24 86
13 25 -89
13 27 98
13 28 -78
13 30 19
13 35 -78
13 36 87
13 40 61
13 41 -89
13 49 -1
13 50 86
13 54 -11
13 62 -96
13 63 61
13 64 64
13 65 63
13 69 52
13 71 -62
13 74 -85
13 75 18
13 76 51
13 79 2
13 80 -86
13 86 7
13 90 -87
13 99 58
14 3 -82
14 6 -37
14 8 17
14 12 53
14 13 -45
14 16 58
14 17 64
14 25 65
14 26 37
14 30 -89
14 32 -88
14 36 -36
14 37 -97
14 42 13
14 47 21
14 50 85
14 54 -14
14 59 -29
14 63 -67
14 72 -13
14 73 85
14 75 81
14 76 57
14 77 -34
14 83 -1
14 84 -26
14 85 -68
14 88 17
14 89 80
14 92 10
14 98 14
14 99 13
15 0 89
15 2 -2
15 4 11
15 6 16
15 8 13
15 15 -9
15 16 -69
15 17 4
15 20 83
15 23 -64
15 24 -15
15 26 -69
15 29 -65
15 31 14
15 34 -47
15 36 72
15 38 -31
15 40 85
15 43 58
15 44 45
15 45 -65
15 48 8
15 49 34
15 50 -79
15 52 54
15 59 27
15 62 76
15 66 -100
15 78 -16
15 85 -2
15 87 79
15 91 91
15 92 -85
15 97 -64
16 0 -100
16 4 4
16 7 -96
16 15 86
16 22 -89
16 23 -7
16 25 86
16 30 61
16 31 38
16 33 62
16 34 -11
16 37 5
16 52 -74
16 53 60
16 54 -1
16 56 46
16 61 31
16 68 7
16 70 -5
16 75 68
16 76 82
16 79 -20
16 80 -56
16 83 -64
16 87 -71
16 88 58
16 90 -89
17 2 -32
17 4 -39
17 5 -53
17 6 -38
17 7 -69
17 11 -29
17 17 -59
17 18 -83
17 23 -42
17 25 -21
17 26 49
17 29 -58
17 30 85
17 32 42
17 38 -71
17 42 51
17 44 -86
17 45 20
17 47 -94
17 48 53
17 50 87
17 51 -33
17 57 -43
17 60 39
17 62 -4
17 63 -94
17 66 -89
17 71 68
17 74 -53
17 76 -93
17 83 20
17 84 -24
17 86 67
17 87 -23
17 90 -17
17 92 -36
17 93 -85
17 96 60
17 98 -65
18 6 31
18 8 14
18 9 76
18 11 -10
18 14 94
18 17 -26
18 18 -63
18 23 -97
18 24 -84
18 26 65
18 27 -55
18 29 -1
18 32 -87
18 33 83
18 34 10
18 38 47
18 41 34
18 44 -23
18 54 -98
18 55 96
18 57 47
18 63 48
18 65 18
18 67 -38
18 68 -89
18 69 16
18 74 28
18 75 81
18 80 -98
18 82 49
18 84 -64
18 86 -71
18 89 63
18 92 -11
18 94 -85
18 95 -54
18 96 39
18 97 93
19 1 -46
19 4 13
19 8 80
19 11 63
19 12 -79
19 15 39
19 19 -37
19 20 49
19 22 -7
19 26 69
19 34 -71
19 35 68
19 36 64
19 39 26
19 42 -25
19 43 59
19 44 75
19 46 82
19 48 -77
19 49 -4
19 51 -15
19 52 77
19 55 -71
19 58 -67
19 62 -3
19 65 22
19 68 62
19 69 -37
19 73 84
19 78 85
19 81 93
19 82 89
19 84 100
19 85 -63
19 88 -47
19 89 49
19 97 14
20 0 -89
20 10 77
20 14 -45
20 16 42
20 20 -46
20 23 60
20 25 18
20 26 4
20 27 -84
20 33 59
20 34 35
20 37 68
20 43 27
20 46 -69
20 48 -30
20 49 -39
20 56 61
20 58 -93
20 60 54
20 64 33
20 68 -53
20 69 -92
20 70 79
20 71 25
20 72 92
20 73 -92
20 76 -42
20 79 89
20 81 -96
20 82 44
20 83 -2
20 84 -41
20 87 -39
20 97 -97
21 0 -71
21 2 52
21 3 19
21 11 91
21 13 -60
21 14 -13
21 15 -72
21 17 -11
21 24 -89
21 27 -35
21 30 -39
21 35 -42
21 38 82
21 41 10
21 44 -32
21 46 71
21 57 42
21 59 17
21 61 2
21 62 58
21 66 -40
21 70 -49
21 71 38
21 78 -76
21 80 -84
21 82 -88
21 86 6
21 87 38
21 89 -98
21 90 -34
21 92 80
21 98 7
21 99 -1
22 5 40
22 10 95
22 13 -73
22 16 -28
22 20 77
22 23 -21
22 24 67
22 28 83
22 34 -39
22 46 -3
22 47 -5
22 48 -1
22 49 78
22 50 27
22 52 -66
22 56 -6
22 66 65
22 72 -95
22 73 -75
22 75 78
22 78 72
22 81 -24
22 85 2
22 91 74
22 93 8
22 97 99
22 98 -89
23 0 2
23 2 -54
23 7 -76
23 10 -57
23 11 -62
23 12 10
23 13 -68
23 17 -28
23 27 72
23 29 10
23 32 -46
23 33 -30
23 37 41
23 40 -55
23 43 -97
23 44 -54
23 48 -2
23 49 -4
23 50 8
23 51 86
23 55 18
23 59 74
23 62 -37
23 63 56
23 71 -24
23 73 -37
23 76 29
23 77 -30
23 85 -100
23 88 -40
23 89 97
23 92 59
23 96 -69
23 97 98
23 98 -97
24 4 -38
24 8 10
24 10 72
24 11 69
24 12 -35
24 13 -39
24 16 -98
24 17 -9
24 20 -53
24 21 86
24 23 11
24 24 11
24 35 33
24 36 65
24 37 -73
24 40 100
24 41 85
24 42 -89
24 45 -1
24 49 96
24 53 -40
24 56 -21
24 62 -100
24 65 4
24 67 -88
24 68 12
24 69 39
24 71 -68
24 72 -57
24 73 -59
24 74 44
24 76 -73
24 84 -5
24 87 18
24 92 -8
24 99 21
25 1 -16
25 3 99
25 5 -100
25 6 19
25 8 6
25 10 50
25 13 72
25 16 -20
25 17 54
25 20 60
25 29 9
25 33 -86
25 34 -76
25 36 3
25 38 -12
25 39 32
25 46 -1
25 52 -47
25 53 -23
25 54 98
25 56 -69
25 60 58
25 65 -17
25 68 77
25 72 -40
25 77 7
25 78 22
25 80 -59
25 84 -41
25 85 63
25 86 -74
25 93 33
26 0 -94
26 1 90
26 12 -58
26 16 -52
26 21 95
26 22 62
26 23 -28
26 24 7
26 35 85
26 36 5
26 43 -49
26 45 78
26 46 -99
26 47 -60
26 48 -82
26 49 -11
26 50 53
26 59 -48
26 60 48
26 71 14
26 72 -90
26 76 84
26 81 46
26 82 31
26 83 47
26 84 82
26 89 53
26 92 -68
26 94 25
26 95 71
26 96 29
26 98 -47
26 99 -56
27 2 5
27 8 90
27 14 91
27 15 -23
27 18 73
27 23 6
27 25 95
27 27 -15
27 42 65
27 43 -17
27 44 15
27 46 90
27 53 -52
27 56 -69
27 57 -6
27 59 -39
27 60 67
27 61 -93
27 63 -67
27 68 -80
27 70 -18
27 73 -11
27 85 -90
27 91 -6
27 93 -77
27 98 17
28 9 -92
28 11 -71
28 17 84
28 18 6
28 19 12
28 20 -89
28 24 60
28 35 79
28 36 79
28 37 79
28 41 -79
28 49 -63
28 50 21
28 51 78
28 59 -90
28 60 31
28 62 -72
28 63 -16
28 64 82
28 67 28
28 73 -25
28 76 -50
28 81 -35
28 83 54
28 87 -63
28 89 36
28 90 25
28 91 80
28 95 -37
29 0 71
29 2 -63
29 7 -73
29 12 -73
29 14 27
29 19 70
29 20 42
29 24 44
29 27 -70
29 28 -81
29 29 40
29 30 -94
29 32 -75
29 35 -26
29 37 -64
29 38 -16
29 40 -78
29 42 -64
29 43 -36
29 47 25
29 51 -35
29 52 -87
29 53 -9
29 55 -28
29 56 13
29 58 -36
29 60 -40
29 61 46
29 62 -50
29 64 -36
29 67 58
29 69 -17
29 71 85
29 73 -68
29 76 -5
29 80 -94
29 81 78
29 84 29
29 86 52
29 89 23
29 90 -42
29 92 -34
29 93 16
29 96 95
29 99 93
30 1 -64
30 4 35
30 6 54
30 16 31
30 23 41
30 24 -63
30 25 20
30 26 -52
30 27 -21
30 30 -25
30 31 63
30 32 -53
30 33 9
30 38 35
30 39 -10
30 41 -8
30 44 50
30 48 14
30 52 -39
30 54 10
30 55 -57
30 58 53
30 63 -66
30 65 -41
30 66 33
30 67 -81
30 71 -33
30 73 30
30 76 -2
30 80 96
30 81 17
30 83 35
30 84 -84
30 85 -100
30 87 62
30 99 -31
31 0 -38
31 3 -74
31 6 -56
31 7 -67
31 13 -72
31 14 100
31 16 22
31 23 70
31 29 -57
31 32 46
31 34 9
31 35 65
31 37 67
31 39 -39
31 40 -45
31 41 17
31 46 49
31 48 -25
31 51 -36
31 53 68
31 55 86
31 58 -8
31 60 48
31 62 41
31 63 85
31 67 15
31 72 -79
31 83 -7
31 84 99
31 86 -12
31 89 59
31 90 17
31 91 -83
31 94 -16
31 95 99
31 97 57
31 98 55
31 99 23
32 0 -30
32 1 -42
32 3 -96
32 5 -89
32 9 -41
32 16 -92
32 17 -52
32 18 -70
32 32 -34
32 34 8
32 35 5
32 36 -33
32 37 60
32 40 73
32 52 -100
32 57 1
32 58 95
32 60 -57
32 61 56
32 63 22
32 68 71
32 70 90
32 74 -6
32 75 87
32 76 76
32 78 -75
32 85 9
32 86 -60
32 90 -9
32 93 -40
32 94 53
32 97 -28
32 99 67
33 1 -29
33 6 51
33 7 74
33 9 -63
33 10 52
33 17 -29
33 19 -89
33 21 99
33 26 43
33 30 -24
33 34 -95
33 45 -57
33 47 -70
33 49 89
33 56 66
33 57 -30
33 60 58
33 61 -10
33 66 38
33 67 -96
33 68 -28
33 74 -83
33 80 4
33 81 84
33 91 -4
33 95 -26
33 98 -22
33 99 -55
34 3 -59
34 8 82
34 9 -72
34 12 76
34 13 42
34 14 88
34 15 -93
34 24 99
34 29 59
34 30 -72
34 32 69
34 36 -21
34 38 -64
34 40 70
34 41 -32
34 43 -24
34 51 75
34 55 61
34 56 96
34 57 50
34 59 76
34 65 15
34 79 65
34 81 16
34 82 -2
34 84 61
34 88 -48
34 90 67
34 93 -40
34 97 67
35 2 54
35 5 25
35 15 47
35 21 -9
35 23 -41
35 26 92
35 27 -24
35 31 -36
35 32 -11
35 41 16
35 44 93
35 54 -64
35 57 86
35 66 69
35 71 -69
35 73 32
35 83 -36
35 87 -63
35 88 34
35 90 53
35 94 -57
35 95 89
35 97 3
35 98 38
35 99 34
36 0 57
36 11 -21
36 13 -23
36 16 -61
36 18 39
36 22 44
36 24 11
36 25 3
36 26 -5
36 28 -36
36 30 -47
36 32 -23
36 36 39
36 38 7
36 39 -75
36 43 6
36 47 -2
36 49 -21
36 50 5
36 53 -65
36 54 2
36 56 -14
36 61 60
36 62 -48
36 64 -31
36 67 -59
36 72 54
36 81 42
36 82 5
36 87 100
36 89 -92
36 90 -91
36 91 -53
36 93 -73
36 94 10
36 95 -29
36 99 97
37 0 -45
37 4 89
37 8 -84
37 11 -24
37 14 4
37 19 -90
37 23 -22
37 24 -46
37 26 -82
37 27 -100
37 31 -58
37 35 26
37 38 -41
37 39 98
37 43 -50
37 50 -11
37 51 -47
37 52 -60
37 54 95
37 56 98
37 59 -66
37 63 51
37 65 -83
37 66 25
37 71 97
37 72 -28
37 74 8
37 80 54
37 81 -73
37 82 -37
37 84 46
37 87 28
37 88 84
37 90 -11
37 93 18
37 95 -84
37 97 77
38 2 -83
38 3 63
38 5 -79
38 8 76
38 11 -10
38 12 96
38 15 44
38 19 44
38 20 22
38 22 -84
38 24 60
38 30 -27
38 34 -9
38 36 -39
38 37 -17
38 38 44
38 42 36
38 55 60
38 56 39
38 58 48
38 63 -15
38 71 -70
38 73 -28
38 75 74
38 79 45
38 82 -50
38 89 -100
38 90 58
38 92 88
38 93 -12
38 94 98
38 95 30
38 98 25
39 6 -96
39 11 -6
39 13 39
39 15 12
39 23 54
39 24 63
39 30 -28
39 34 51
39 39 -45
39 44 96
39 46 86
39 49 -2
39 56 15
39 57 23
39 63 -71
39 64 79
39 65 13
39 66 83
39 68 -15
39 73 94
39 75 -45
39 77 76
39 78 25
39 80 -29
39 81 65
39 82 5
39 84 -89
39 88 91
39 89 45
39 93 51
39 94 77
39 95 59
39 97 -94
40 0 -47
40 1 -32
40 10 3
40 15 37
40 18 -18
40 23 60
40 27 -15
40 33 46
40 35 69
40 39 45
40 43 -54
40 44 -4
40 46 92
40 51 -55
40 57 20
40 61 37
40 62 10
40 63 -1
40 66 -15
40 68 -28
40 69 -89
40 70 -59
40 74 69
40 75 89
40 79 -84
40 84 -76
40 88 -57
40 89 62
40 90 -16
40 91 25
40 92 39
40 94 40
40 95 78
41 5 61
41 6 -6
41 7 -67
41 14 -30
41 16 84
41 19 -18
41 20 -12
41 23 27
41 24 91
41 26 62
41 32 -98
41 33 59
41 35 -87
41 36 53
41 39 51
41 47 57
41 49 -70
41 59 -41
41 64 51
41 69 -79
41 75 -28
41 76 -60
41 78 30
41 79 -51
41 86 30
41 92 -98
41 96 55
41 97 -55
41 98 -82
42 1 -29
42 2 -23
42 3 46
42 4 -48
42 6 3
42 8 19
42 10 53
42 13 68
42 15 -72
42 17 48
42 18 20
42 24 -79
42 32 -55
42 39 -53
42 42 43
42 45 -65
42 47 60
42 48 63
42 49 22
42 50 98
42 54 -99
42 58 4
42 62 -23
42 63 13
42 64 -31
42 71 -59
42 74 -36
42 75 -16
42 80 -33
42 82 27
42 89 13
42 93 30
42 96 62
42 97 -67
42 98 42
43 2 -21
43 4 -9
43 5 -45
43 8 22
43 15 -74
43 22 36
43 32 53
43 33 -88
43 34 14
43 37 9
43 39 -45
43 40 -46
43 42 96
43 48 -25
43 56 -49
43 61 -39
43 65 -13
43 68 6
43 75 47
43 76 -56
43 77 -61
43 82 -40
43 84 -23
43 87 -78
43 93 -46
43 94 -65
44 1 41
44 9 53
44 10 3
44 14 -95
44 15 66
44 21 -36
44 22 -38
44 23 29
44 29 -12
44 30 -77
44 33 19
44 39 18
44 40 96
44 41 28
44 42 79
44 47 -2
44 49 -95
44 51 -24
44 52 -58
44 53 52
44 54 18
44 56 -36
44 57 -16
44 58 57
44 62 96
44 68 95
44 69 -82
44 72 26
44 79 25
44 82 79
44 83 3
44 88 71
44 89 42
44 91 22
44 93 -71
44 98 80
44 99 -49
45 7 -81
45 9 -23
45 12 98
45 13 34
45 17 -82
45 18 100
45 19 90
45 23 -52
45 25 -35
45 27 61
45 28 76
45 32 -31
45 39 -32
45 40 -81
45 47 -6
45 48 -14
45 52 -41
45 53 50
45 54 95
45 55 -46
45 57 -87
45 58 -7
45 64 54
45 66 98
45 68 -50
45 73 -99
45 75 -47
45 81 94
45 84 57
45 94 -100
45 98 -30
45 99 63
46 1 2
46 4 -48
46 6 73
46 12 -73
46 13 90
46 15 62
46 19 89
46 21 -26
46 28 63
46 29 63
46 30 57
46 33 -17
46 35 -62
46 36 -92
46 41 -80
46 42 96
46 46 -43
46 47 -80
46 52 61
46 59 -28
46 64 57
46 66 -82
46 72 -35
46 74 60
46 76 100
46 79 -22
46 82 -92
46 83 -29
46 85 30
46 87 85
46 90 -35
46 92 61
46 93 -97
46 96 -41
46 99 50
47 1 46
47 2 49
47 4 68
47 5 20
47 8 -12
47 9 5
47 10 -28
47 15 -37
47 16 66
47 19 -25
47 20 -21
47 26 50
47 27 23
47 34 -58
47 35 5
47 39 -73
47 41 77
47 45 86
47 47 -89
47 48 54
47 59 2
47 60 -77
47 66 99
47 67 47
47 70 71
47 72 -18
47 73 30
47 74 63
47 78 -100
47 81 73
47 86 -33
47 89 16
47 98 -92
48 3 77
48 5 -30
48 6 97
48 7 -64
48 10 91
48 11 -54
48 18 -33
48 20 13
48 22 -37
48 23 -77
48 24 -64
48 30 54
48 32 84
48 36 60
48 41 88
48 42 35
48 52 -57
48 58 -30
48 61 53
48 62 9
48 64 42
48 68 73
48 69 -34
48 72 -93
48 73 -51
48 74 81
48 80 -27
48 81 35
48 82 -97
48 86 -61
48 87 -70
48 92 40
48 93 -47
48 95 -10
48 96 32
48 97 13
49 4 94
49 5 -13
49 6 -37
49 10 20
49 12 25
49 22 9
49 24 72
49 28 -18
49 37 -27
49 38 -50
49 50 58
49 52 -20
49 58 25
49 61 -34
49 62 94
49 64 41
49 71 -30
49 72 23
49 75 29
49 79 -80
49 83 -98
49 86 18
49 87 -89
49 91 -80
49 93 -91
49 94 -92
49 97 -95
50 1 36
50 6 68
50 7 -99
50 9 29
50 10 -35
50 12 39
50 13 -48
50 18 39
50 19 -80
50 21 -15
50 25 37
50 26 -17
50 27 93
50 28 58
50 29 -75
50 30 -67
50 31 57
50 34 87
50 38 -98
50 42 -81
50 54 -77
50 56 73
50 57 -89
50 59 99
50 60 32
50 71 -79
50 72 10
50 73 61
50 74 65
50 78 11
50 79 -68
50 80 48
50 82 40
50 83 -46
50 84 -75
50 95 -28
51 4 21
51 5 5
51 6 69
51 9 68
51 10 47
51 16 100
51 18 33
51 19 48
51 20 44
51 21 6
51 26 -69
51 34 12
51 37 22
51 39 -69
51 41 -21
51 42 9
51 44 33
51 48 79
51 51 -8
51 55 38
51 57 97
51 58 -98
51 59 30
51 65 -21
51 70 27
51 75 68
51 80 76
51 86 -27
51 88 73
51 89 -48
51 90 -35
51 94 -29
51 99 -8
52 5 -91
52 10 -78
52 12 -1
52 15 12
52 16 99
52 18 -30
52 22 -16
52 25 -91
52 29 -89
52 30 -5
52 39 46
52 41 -52
52 43 25
52 47 30
52 50 44
52 53 84
52 61 81
52 62 -33
52 69 92
52 73 -34
52 74 -31
52 82 -96
52 84 91
52 86 27
52 87 -42
52 91 -66
52 94 -85
52 95 37
52 97 -56
53 3 -5
53 4 75
53 6 -7
53 21 84
53 23 94
53 26 -3
53 32 -48
53 33 -57
53 37 -76
53 39 95
53 48 -43
53 50 -85
53 52 7
53 56 -9
53 58 65
53 63 16
53 64 -18
53 65 -28
53 70 -44
53 75 87
53 77 23
53 78 5
53 81 -23
53 82 -50
53 83 -26
53 84 53
53 85 -88
53 86 63
53 88 41
53 90 -35
53 92 59
53 93 -58
53 94 89
53 96 -78
53 98 62
54 3 56
54 5 -97
54 11 70
54 13 79
54 16 2
54 19 -5
54 28 -98
54 29 26
54 32 60
54 33 -17
54 35 -47
54 36 -49
54 37 40
54 43 -36
54 51 -9
54 53 16
54 55 -3
54 57 27
54 60 -96
54 63 -55
54 64 39
54 65 -92
54 76 -89
54 79 11
54 84 -59
54 86 -21
54 91 16
54 94 21
54 96 66
55 5 17
55 7 91
55 10 -14
55 15 12
55 21 -22
55 25 38
55 28 38
55 29 49
55 32 -70
55 33 81
55 38 5
55 39 94
55 40 -72
55 41 -8
55 42 31
55 45 -49
55 46 -19
55 47 97
55 50 -62
55 51 -11
55 53 -16
55 58 46
55 61 -69
55 62 18
55 67 41
55 75 55
55 80 -93
55 81 -10
55 89 -95
55 91 -98
55 95 -78
55 97 43
55 98 -52
56 1 -7
56 3 61
56 4 -60
56 8 -10
56 9 -31
56 11 -35
56 17 -20
56 18 5
56 20 -45
56 23 -37
56 25 50
56 26 85
56 34 19
56 37 -76
56 38 66
56 41 55
56 43 -92
56 44 -42
56 46 -94
56 49 -50
56 50 23
56 51 -3
56 55 49
56 57 -91
56 58 79
56 59 -83
56 60 28
56 63 -49
56 67 87
56 70 -22
56 73 56
56 74 16
56 75 53
56 78 81
56 79 47
56 84 -68
56 85 59
56 88 -47
56 90 -77
56 91 -37
57 9 8
57 12 -35
57 16 87
57 17 31
57 18 -100
57 20 8
57 22 74
57 27 52
57 28 -63
57 37 18
57 38 24
57 39 -21
57 42 -71
57 43 15
57 49 -78
57 55 70
57 66 85
57 67 -97
57 70 36
57 75 -62
57 76 -64
57 77 -19
57 80 -50
57 81 -49
57 84 -17
57 87 61
57 89 -77
57 93 8
58 1 -23
58 2 -100
58 4 -66
58 12 31
58 16 -33
58 18 15
58 19 53
58 21 -99
58 28 43
58 29 58
58 31 73
58 35 93
58 40 77
58 42 26
58 43 54
58 47 -28
58 52 -97
58 55 -15
58 57 -67
58 63 18
58 64 12
58 67 27
58 70 72
58 71 -34
58 72 25
58 73 -79
58 75 -48
58 78 48
58 82 47
58 84 -30
58 88 33
58 92 67
58 96 -50
58 97 -83
58 99 32
59 0 29
59 5 -40
59 6 77
59 10 31
59 15 96
59 20 93
59 21 39
59 22 -74
59 32 43
59 34 -3
59 35 -38
59 37 3
59 39 44
59 44 55
59 45 78
59 46 84
59 48 26
59 50 8
59 53 -15
59 56 36
59 64 15
59 67 -93
59 70 22
59 73 8
59 75 -61
59 77 -29
59 78 47
59 82 -79
59 85 -45
59 87 5
59 88 73
59 89 -86
59 95 59
59 97 43
59 98 59
60 7 -64
60 14 -92
60 23 100
60 24 34
60 25 -12
60 29 69
60 30 -36
60 35 30
60 39 82
60 53 -41
60 56 -1
60 57 95
60 58 46
60 60 -65
60 63 -41
60 65 -77
60 66 -26
60 68 42
60 69 43
60 75 90
60 77 94
60 80 77
60 83 -25
60 87 -25
60 88 25
60 89 22
60 90 -82
60 95 -95
60 96 41
60 98 -95
60 99 -38
61 1 82
61 7 -70
61 8 -92
61 9 23
61 10 -69
61 11 -67
61 13 -86
61 14 60
61 20 62
61 22 -82
61 23 46
61 31 20
61 32 -50
61 34 21
61 40 54
61 43 -9
61 51 -59
61 54 100
61 55 16
61 56 -74
61 61 94
61 64 -73
61 67 12
61 70 -12
61 71 34
61 73 30
61 74 -83
61 75 -54
61 77 36
61 81 37
61 85 -68
61 88 -21
61 89 1
61 92 -79
61 93 12
61 95 -75
61 96 42
61 97 -56
62 0 -29
62 1 -42
62 2 68
62 4 -95
62 5 86
62 8 -48
62 13 -14
62 14 -57
62 17 -10
62 20 -82
62 28 -71
62 30 17
62 34 48
62 36 54
62 46 -17
62 49 91
62 53 -79
62 54 -52
62 56 -51
62 57 81
62 58 85
62 60 -13
62 68 19
62 69 -17
62 70 75
62 71 -22
62 72 -69
62 74 -36
62 76 -36
62 77 19
62 79 -39
62 84 69
62 85 -69
62 89 46
62 90 34
62 93 -16
62 96 65
62 97 52
62 98 -55
63 1 -32
63 2 73
63 5 18
63 6 -93
63 11 46
63 12 -68
63 13 -53
63 15 74
63 19 44
63 20 -76
63 22 -94
63 29 63
63 30 23
63 32 -11
63 34 7
63 35 -51
63 39 -33
63 51 2
63 52 -38
63 55 24
63 57 -63
63 59 -31
63 65 12
63 68 -52
63 73 -99
63 74 43
63 81 56
63 82 76
63 85 78
63 91 71
63 92 35
63 96 13
64 1 -18
64 3 -50
64 4 20
64 13 7
64 15 -70
64 19 -59
64 21 -34
64 22 -9
64 26 10
64 30 -82
64 39 50
64 40 34
64 42 -17
64 44 -32
64 45 56
64 46 -40
64 47 -56
64 48 -64
64 51 -25
64 55 -17
64 58 70
64 60 -22
64 64 35
64 68 -21
64 84 -73
64 85 9
64 90 -45
64 95 95
65 2 -46
65 9 87
65 12 81
65 13 -84
65 15 -90
65 16 31
65 20 -93
65 21 -61
65 22 -72
65 24 -74
65 29 -12
65 30 -51
65 33 29
65 35 56
65 39 -100
65 40 -26
65 41 -19
65 42 -65
65 45 73
65 51 -92
65 53 -97
65 54 91
65 56 -100
65 58 8
65 62 16
65 65 -3
65 70 57
65 72 90
65 74 89
65 78 25
65 80 -13
65 83 -11
65 84 73
65 92 79
65 95 85
65 96 18
65 98 21
66 2 -32
66 3 7
66 6 50
66 8 -33
66 9 4
66 10 75
66 11 -16
66 14 -55
66 16 -55
66 18 -6
66 19 -5
66 20 5
66 22 60
66 27 -93
66 37 -72
66 38 -28
66 41 90
66 42 42
66 50 62
66 53 31
66 56 13
66 59 15
66 60 42
66 62 -34
66 68 -6
66 73 -55
66 76 -54
66 77 95
66 85 85
66 86 -79
66 91 51
66 96 95
66 99 -69
67 2 62
67 3 61
67 7 23
67 9 -86
67 11 40
67 13 -82
67 16 -63
67 17 -84
67 19 -91
67 20 74
67 21 -11
67 22 -76
67 23 -12
67 25 -28
67 32 -75
67 33 -79
67 36 97
67 37 -43
67 38 -42
67 40 52
67 48 15
67 49 84
67 51 -68
67 52 52
67 59 48
67 62 89
67 64 32
67 67 87
67 70 -7
67 72 -19
67 74 37
67 75 27
67 77 -20
67 83 -45
67 84 -60
67 85 44
67 86 26
67 90 1
67 91 -87
67 95 -27
67 96 57
67 97 -41
67 99 26
68 1 3
68 12 4
68 13 -70
68 14 70
68 17 -83
68 21 -74
68 23 4
68 32 24
68 35 -37
68 36 16
68 42 -92
68 44 13
68 45 29
68 46 -62
68 49 -66
68 50 6
68 52 100
68 55 -39
68 58 51
68 63 31
68 65 -60
68 66 26
68 69 -95
68 70 -40
68 72 -47
68 74 7
68 76 -4
68 77 -86
68 81 -44
68 82 -14
68 83 -17
68 88 -92
68 90 47
68 94 93
68 99 9
69 2 -10
69 4 -3
69 5 -5
69 6 72
69 9 87
69 12 -2
69 13 -80
69 16 -66
69 18 -13
69 19 3
69 20 52
69 24 94
69 26 21
69 27 -35
69 32 13
69 34 72
69 37 36
69 38 48
69 42 87
69 43 -94
69 45 -56
69 46 -10
69 48 -37
69 52 50
69 56 -48
69 59 -36
69 63 -23
69 64 -22
69 72 -42
69 73 -66
69 75 -97
69 76 -20
69 77 89
69 78 -71
69 85 -11
69 88 -76
69 95 -100
69 99 68
70 0 -38
70 4 -96
70 9 69
70 14 25
70 15 -6
70 17 -70
70 20 88
70 29 96
70 30 -73
70 31 -40
70 35 -85
70 40 -41
70 41 41
70 44 -69
70 45 4
70 56 -10
70 65 26
70 68 16
70 73 -69
70 76 6
70 78 77
70 79 68
70 82 -59
70 85 64
70 90 -82
70 91 -59
70 94 -6
70 98 82
71 2 -78
71 11 -80
71 13 97
71 16 -82
71 17 -5
71 19 3
71 21 -55
71 27 -40
71 30 -70
71 35 18
71 44 -29
71 49 47
71 52 -46
71 53 69
71 55 88
71 57 -39
71 62 19
71 71 -16
71 77 7
71 78 -2
71 79 -98
71 84 44
71 85 78
71 86 -56
71 91 -31
71 93 41
71 96 -38
71 99 -37
72 2 21
72 15 -8
72 18 94
72 19 67
72 22 12
72 27 35
72 30 62
72 32 -3
72 35 11
72 40 32
72 42 29
72 46 -99
72 47 20
72 48 -61
72 51 69
72 53 80
72 56 -35
72 57 6
72 58 16
72 67 -94
72 70 -26
72 73 73
72 77 11
72 79 77
72 85 32
72 86 -51
72 87 26
72 91 -48
72 96 -54
72 97 12
73 3 63
73 4 -52
73 5 -14
73 7 -85
73 9 36
73 11 -99
73 12 -55
73 14 21
73 17 -91
73 20 -1
73 25 -38
73 27 -30
73 29 46
73 32 -62
73 36 6
73 40 -31
73 41 -6
73 47 41
73 48 -27
73 51 63
73 56 12
73 60 -27
73 64 19
73 69 -19
73 73 -100
73 75 50
73 76 30
73 80 -95
73 81 -27
73 82 -37
73 84 92
73 88 -4
73 90 -73
73 91 -75
73 92 -98
73 96 76
74 2 21
74 3 -21
74 4 94
74 6 91
74 7 76
74 8 74
74 10 -2
74 16 -93
74 18 39
74 22 40
74 30 -62
74 31 41
74 32 -76
74 33 46
74 34 -87
74 46 29
74 53 -84
74 54 -42
74 60 -9
74 61 14
74 63 91
74 77 -47
74 80 61
74 82 -10
74 83 -81
74 84 10
74 88 97
74 91 62
74 93 -58
74 99 68
75 0 89
75 3 37
75 6 8
75 8 -35
75 9 82
75 11 6
75 14 -94
75 15 -83
75 17 38
75 19 -65
75 21 82
75 25 74
75 28 -5
75 30 60
75 31 -84
75 33 89
75 34 -37
75 39 61
75 40 22
75 42 -55
75 45 -81
75 48 -41
75 50 31
75 56 -74
75 57 -12
75 59 26
75 64 -64
75 68 -4
75 72 16
75 73 -33
75 76 -92
75 78 96
75 80 -42
75 81 16
75 82 52
75 85 72
75 88 -98
75 96 -71
76 6 17
76 11 -54
76 13 54
76 16 25
76 21 53
76 23 -65
76 27 -10
76 28 -97
76 30 -91
76 34 -10
76 35 38
76 38 45
76 44 -14
76 45 -44
76 46 -3
76 48 99
76 51 98
76 55 25
76 58 69
76 61 62
76 64 -74
76 65 42
76 78 92
76 84 51
76 86 94
76 87 -40
76 89 30
76 90 9
76 91 69
76 94 43
77 1 -14
77 2 -91
77 4 17
77 9 6
77 10 -57
77 11 -92
77 18 94
77 22 87
77 29 -22
77 33 -57
77 34 -96
77 44 16
77 45 29
77 47 -30
77 49 26
77 51 49
77 52 -59
77 54 -49
77 56 -61
77 57 76
77 59 -50
77 63 -30
77 68 34
77 69 -67
77 70 -98
77 73 87
77 75 -63
77 76 49
77 87 82
77 89 -95
77 90 -45
77 91 98
77 96 -73
78 0 -58
78 1 65
78 5 -25
78 7 80
78 8 76
78 15 -16
78 16 -49
78 21 -15
78 24 -96
78 33 -96
78 39 63
78 41 -47
78 43 -17
78 44 17
78 45 99
78 46 -94
78 47 -54
78 48 93
78 49 49
78 57 -79
78 58 56
78 59 97
78 61 28
78 67 -67
78 69 -28
78 72 -100
78 75 15
78 77 54
78 79 -11
78 82 49
78 85 89
78 87 35
78 88 -87
78 89 -81
78 95 64
78 98 -60
79 0 -39
79 7 -69
79 10 19
79 11 84
79 12 34
79 13 24
79 14 41
79 15 -9
79 16 -71
79 17 8
79 18 18
79 19 78
79 31 63
79 32 -26
79 35 -63
79 39 -80
79 41 -47
79 47 -42
79 51 -68
79 56 46
79 60 -59
79 61 -84
79 62 -54
79 66 -53
79 67 87
79 68 52
79 69 56
79 71 -87
79 74 45
79 77 -32
79 78 20
79 79 63
79 81 57
79 82 24
79 84 28
79 86 65
79 87 -92
79 88 -98
79 91 2
79 92 99
79 95 55
79 97 -59
80 2 -10
80 6 82
80 8 -10
80 9 54
80 12 3
80 29 -62
80 36 -65
80 37 94
80 38 -30
80 39 59
80 46 -46
80 48 -90
80 50 -34
80 55 -54
80 57 77
80 60 53
80 61 -15
80 62 -61
80 68 100
80 69 6
80 71 -26
80 73 -97
80 74 -7
80 75 -59
80 77 -65
80 79 86
80 83 -8
80 84 49
80 87 63
80 90 30
80 95 93
80 96 21
80 98 38
80 99 88
81 0 -53
81 3 94
81 4 55
81 10 -94
81 13 27
81 16 -14
81 18 66
81 22 41
81 25 10
81 26 97
81 33 77
81 38 -75
81 39 51
81 40 70
81 44 100
81 51 16
81 53 73
81 55 95
81 58 43
81 59 45
81 65 86
81 66 19
81 68 96
81 71 5
81 79 -27
81 85 -38
81 86 67
81 91 -98
81 92 -91
81 93 95
81 96 89
81 97 90
82 1 26
82 6 43
82 8 8
82 11 1
82 13 -7
82 15 -4
82 16 19
82 19 -59
82 20 -100
82 21 -16
82 25 23
82 27 -26
82 29 -20
82 34 27
82 35 77
82 36 4
82 38 20
82 40 92
82 42 -8
82 47 -62
82 48 -28
82 49 -34
82 53 94
82 57 18
82 62 28
82 64 -67
82 69 -87
82 72 82
82 73 -37
82 77 -17
82 78 51
82 80 -43
82 83 -76
82 84 -63
82 86 -40
82 87 -10
82 88 85
82 93 -58
82 95 3
82 97 -78
82 98 -35
83 0 59
83 3 100
83 6 3
83 7 79
83 11 -70
83 12 11
83 15 56
83 21 -47
83 23 -28
83 25 -82
83 26 14
83 30 -49
83 31 -30
83 33 -28
83 34 88
83 35 68
83 36 31
83 42 -50
83 43 -45
83 45 51
83 46 -15
83 47 -27
83 48 -37
83 51 76
83 52 -32
83 56 50
83 57 17
83 61 78
83 62 -80
83 63 -12
83 67 -46
83 69 -55
83 74 47
83 76 2
83 77 33
83 78 -82
83 79 -41
83 81 -84
83 82 -67
83 84 58
83 88 28
83 91 80
83 92 -64
83 94 -51
83 95 61
83 96 95
84 3 -93
84 6 21
84 10 73
84 12 94
84 18 43
84 19 18
84 27 -12
84 31 64
84 32 -33
84 35 32
84 37 97
84 38 -22
84 52 70
84 53 -62
84 54 -48
84 64 45
84 69 -57
84 70 -74
84 73 -33
84 76 -99
84 78 92
84 80 -86
84 81 -72
84 82 31
84 83 -19
84 84 74
84 89 16
84 90 48
84 91 -54
84 95 1
84 97 -91
85 0 94
85 1 13
85 4 73
85 5 6
85 10 -98
85 15 -51
85 25 -4
85 27 49
85 30 -40
85 31 95
85 33 -50
85 37 92
85 42 -13
85 43 70
85 44 -14
85 46 41
85 47 -82
85 49 -27
85 50 5
85 54 -66
85 55 -83
85 57 24
85 60 7
85 61 65
85 62 -12
85 66 -36
85 68 -32
85 70 -96
85 71 41
85 80 -42
85 81 -88
85 84 -60
85 85 12
85 86 18
85 89 -83
85 95 -46
86 0 -51
86 3 -95
86 13 -89
86 17 76
86 19 85
86 23 -70
86 26 99
86 27 94
86 30 -92
86 31 73
86 35 -76
86 37 -62
86 39 -10
86 40 76
86 43 90
86 44 75
86 46 -29
86 48 -76
86 49 91
86 50 -59
86 53 -27
86 54 41
86 58 44
86 59 10
86 60 42
86 62 73
86 63 -84
86 67 -47
86 69 -33
86 70 30
86 71 60
86 80 -95
86 81 -2
86 82 -40
86 83 -21
86 84 -72
86 85 11
86 86 97
86 92 -99
86 93 45
86 99 32
87 3 -93
87 7 5
87 10 -78
87 11 37
87 12 -83
87 15 -79
87 17 -67
87 21 20
87 23 -19
87 27 -73
87 31 14
87 32 4
87 37 -83
87 40 70
87 46 90
87 48 11
87 50 -51
87 51 -14
87 54 -13
87 55 -46
87 56 13
87 70 3
87 73 -35
87 75 89
87 79 64
87 83 -12
87 85 -91
87 88 -42
87 92 -29
87 98 -47
87 99 -58
88 1 -11
88 5 36
88 7 -4
88 8 14
88 9 12
88 10 10
88 14 59
88 17 26
88 20 -55
88 21 -46
88 22 58
88 24 -18
88 25 -58
88 29 3
88 30 -15
88 31 -67
88 35 -22
88 37 23
88 39 -100
88 41 57
88 44 70
88 46 55
88 47 -90
88 48 47
88 50 19
88 52 -74
88 53 52
88 59 99
88 60 -66
88 63 -31
88 64 39
88 67 52
88 81 -100
88 87 72
88 88 49
88 89 -12
88 90 -60
88 91 -97
88 93 59
88 96 -71
88 98 77
89 5 -51
89 9 98
89 12 -22
89 14 -44
89 20 -96
89 23 -68
89 24 20
89 29 -68
89 30 -31
89 35 -94
89 37 -35
89 38 -49
89 41 16
89 44 91
89 45 -88
89 46 -45
89 52 -88
89 53 30
89 54 -26
89 55 -80
89 64 59
89 65 -100
89 66 51
89 68 -45
89 69 20
89 70 100
89 72 -74
89 76 94
89 80 28
89 83 -4
89 85 -41
89 86 -1
89 92 -41
89 97 38
89 98 50
90 3 17
90 7 43
90 8 -93
90 10 -79
90 14 -11
90 16 -1
90 18 4
90 21 -38
90 24 13
90 25 90
90 26 57
90 30 -60
90 33 92
90 35 -45
90 36 -75
90 40 -89
90 48 -49
90 53 2
90 55 -50
90 56 -2
90 61 -4
90 62 -1
90 63 -40
90 64 -73
90 68 1
90 70 -64
90 75 79
90 85 50
90 86 74
90 87 -95
90 88 -46
90 89 80
90 92 -23
90 93 55
90 96 -37
91 0 -86
91 1 43
91 3 56
91 12 -89
91 16 73
91 18 -65
91 22 -99
91 24 93
91 25 -87
91 28 24
91 35 50
91 37 -74
91 38 1
91 40 21
91 42 33
91 43 -33
91 44 24
91 45 -10
91 46 -4
91 50 94
91 52 -54
91 64 -98
91 65 12
91 67 -86
91 68 -50
91 71 56
91 72 53
91 74 -24
91 76 -60
91 79 34
91 82 36
91 84 -14
91 87 -56
91 89 87
91 99 26
92 0 -73
92 5 59
92 7 -4
92 9 -72
92 14 -24
92 15 19
92 22 -30
92 28 94
92 34 -86
92 36 52
92 37 -71
92 46 59
92 47 -40
92 49 22
92 52 -16
92 53 -60
92 55 -60
92 57 -18
92 59 -7
92 61 -66
92 62 -80
92 63 78
92 64 2
92 68 100
92 71 38
92 72 64
92 74 -69
92 76 -30
92 78 15
92 79 82
92 81 64
92 82 49
92 86 33
92 89 49
92 91 -21
92 94 90
92 95 72
92 96 -43
92 97 59
93 1 -87
93 2 57
93 5 -5
93 7 17
93 8 4
93 9 -53
93 13 -57
93 15 -38
93 18 82
93 19 -9
93 20 78
93 27 -17
93 28 16
93 29 -58
93 34 -63
93 35 25
93 36 -31
93 38 -71
93 39 -33
93 41 1
93 45 77
93 50 -19
93 52 19
93 53 -9
93 54 100
93 57 78
93 60 91
93 65 -53
93 66 -50
93 67 -68
93 69 -74
93 70 17
93 71 44
93 79 26
93 81 -25
93 83 66
93 86 37
93 87 -74
93 89 90
93 93 80
93 97 -10
93 98 -11
94 0 64
94 3 62
94 6 5
94 7 57
94 8 -39
94 15 18
94 20 22
94 25 20
94 27 -75
94 28 -46
94 33 -41
94 37 -27
94 38 -25
94 40 -12
94 49 -19
94 51 27
94 53 56
94 61 44
94 64 -75
94 66 15
94 67 -32
94 74 -36
94 75 -93
94 76 55
94 81 57
94 83 79
94 84 -83
94 87 -98
94 88 15
94 92 69
94 94 59
94 97 -64
95 3 -73
95 5 1
95 7 -47
95 10 -51
95 11 -74
95 13 -35
95 17 77
95 18 95
95 19 -92
95 20 30
95 21 11
95 23 63
95 26 -9
95 29 -3
95 36 10
95 40 57
95 41 43
95 43 -80
95 45 -50
95 49 -70
95 50 -31
95 56 41
95 57 -60
95 59 16
95 63 99
95 64 -53
95 69 54
95 72 -43
95 74 -66
95 76 4
95 81 -80
95 83 21
95 90 88
96 0 27
96 2 -48
96 4 -23
96 11 -37
96 12 80
96 16 62
96 18 -51
96 27 -98
96 28 31
96 30 -48
96 32 -11
96 33 62
96 37 -33
96 39 6
96 42 -49
96 43 33
96 44 15
96 46 -38
96 54 88
96 59 4
96 63 -55
96 66 -4
96 71 -44
96 75 -27
96 77 -53
96 79 -51
96 81 31
96 84 -17
96 85 -35
96 89 -17
96 94 -72
96 95 -40
96 99 85
97 0 -35
97 5 -87
97 14 19
97 16 -60
97 19 -89
97 21 97
97 22 58
97 25 -64
97 30 88
97 31 -16
97 32 39
97 33 53
97 35 -8
97 36 44
97 42 -83
97 43 -82
97 44 -12
97 47 60
97 48 1
97 50 77
97 51 -7
97 54 -43
97 55 30
97 56 28
97 57 -81
97 60 -71
97 61 49
97 64 -25
97 66 -52
97 68 -10
97 70 -9
97 74 29
97 77 -33
97 78 78
97 80 66
97 87 60
97 88 -93
97 90 -89
97 92 -57
97 94 -15
97 97 -41
97 99 39
98 9 -52
98 13 -78
98 17 4
98 21 31
98 24 -83
98 28 81
98 29 -65
98 32 3
98 35 -22
98 37 -72
98 39 80
98 40 39
98 44 94
98 45 43
98 51 84
98 52 -22
98 53 32
98 55 13
98 58 40
98 61 -42
98 62 -52
98 66 14
98 69 -35
98 75 -70
98 77 -36
98 78 -33
98 83 17
98 84 -40
98 88 64
98 92 35
98 93 19
98 97 31
98 98 -100
98 99 -76
99 3 89
99 4 4
99 13 -85
99 16 -7
99 17 90
99 18 -47
99 21 91
99 24 -24
99 26 -71
99 32 80
99 36 52
99 38 69
99 39 -27
99 40 48
99 41 76
99 42 -13
99 43 -95
99 46 2
99 47 71
99 49 74
99 50 -30
99 52 68
99 55 68
99 65 -62
99 73 51
99 75 -100
99 78 -50
99 81 -74
99 85 -38
99 86 -3
99 99 40