0 0 69
0 2 -87
0 4 -6
0 6 -71
0 10 -28
0 15 -67
0 18 45
0 19 -18
0 21 -73
0 23 43
0 24 -47
0 32 -34
0 33 -33
0 34 12
0 36 7
0 39 -68
0 41 10
0 48 -39
0 49 -34
0 51 -16
0 52 -62
0 53 -12
0 59 23
0 61 -88
0 63 53
0 64 87
0 67 76
0 68 -23
0 72 -68
0 76 73
0 77 16
0 80 -100
0 81 -81
0 84 81
0 92 -76
0 93 -13
0 99 51
1 2 -5
1 4 -27
1 6 -100
1 9 -12
1 14 36
1 15 53
1 17 -23
1 20 40
1 23 -66
1 24 100
1 32 -95
1 37 -70
1 39 -9
1 40 -63
1 42 1
1 47 -2
1 48 -31
1 50 94
1 53 -4
1 54 98
1 56 -79
1 62 -6
1 67 -94
1 72 -95
1 77 -43
1 78 -77
1 80 69
1 83 15
1 86 57
1 87 -12
1 90 93
1 92 42
1 97 -89
2 4 28
2 7 65
2 12 -19
2 14 -65
2 15 -58
2 17 -41
2 21 -72
2 26 -77
2 31 98
2 32 88
2 34 -65
2 38 -85
2 40 -58
2 42 -95
2 47 -28
2 50 32
2 51 -94
2 53 42
2 55 -78
2 61 -28
2 62 -19
2 63 -46
2 64 78
2 66 17
2 67 33
2 70 57
2 73 -100
2 74 -5
2 83 -28
2 85 84
2 89 84
2 94 -91
2 97 -91
3 1 -46
3 2 -22
3 4 59
3 5 83
3 11 22
3 14 -36
3 17 -46
3 18 81
3 21 83
3 22 -34
3 25 68
3 26 -16
3 29 -19
3 32 43
3 34 75
3 35 62
3 36 -54
3 44 -58
3 46 50
3 47 19
3 50 8
3 55 82
3 56 -73
3 57 -76
3 65 57
3 66 76
3 68 -8
3 70 -84
3 74 -40
3 75 76
3 76 80
3 79 65
3 90 -66
3 91 -40
3 96 87
4 6 71
4 7 92
4 14 22
4 15 56
4 18 -99
4 20 -19
4 21 96
4 24 -83
4 30 58
4 31 82
4 33 70
4 35 3
4 39 -5
4 45 -53
4 47 -58
4 51 34
4 52 21
4 57 -22
4 61 -24
4 65 18
4 68 -16
4 72 -33
4 79 15
4 80 -21
4 82 45
4 83 -89
4 84 18
4 96 52
4 98 54
5 4 -93
5 8 -93
5 12 37
5 14 44
5 19 17
5 20 -50
5 21 87
5 26 -46
5 27 60
5 29 -55
5 32 78
5 34 -55
5 39 -8
5 42 -47
5 43 -51
5 44 -23
5 50 -37
5 51 -80
5 52 -9
5 59 -56
5 61 27
5 62 32
5 63 -53
5 71 94
5 75 74
5 77 26
5 83 34
5 85 -37
5 87 -9
5 91 44
5 98 -38
6 0 79
6 3 58
6 4 31
6 7 -73
6 8 -54
6 9 37
6 14 8
6 16 66
6 17 27
6 22 75
6 26 -6
6 27 89
6 28 -90
6 32 -83
6 34 -93
6 36 42
6 37 45
6 42 22
6 44 77
6 45 8
6 46 -14
6 48 -34
6 50 92
6 55 -80
6 56 28
6 61 -10
6 66 40
6 67 30
6 72 -98
6 74 -18
6 87 18
6 93 97
6 95 -21
6 97 -95
6 98 -42
7 0 -80
7 1 62
7 2 57
7 13 -56
7 16 -99
7 19 63
7 21 63
7 30 -67
7 33 55
7 34 -41
7 42 -100
7 46 57
7 60 4
7 63 7
7 66 37
7 71 -81
7 82 8
7 83 -57
7 87 51
7 90 99
7 92 97
7 97 -94
8 1 100
8 4 -99
8 8 13
8 11 6
8 14 -20
8 15 24
8 17 -56
8 18 -66
8 27 -8
8 28 78
8 33 50
8 35 -63
8 36 63
8 38 49
8 39 -50
8 40 16
8 48 -99
8 56 -64
8 57 -66
8 64 -37
8 65 -28
8 67 85
8 68 11
8 71 -73
8 72 37
8 73 -49
8 80 26
8 81 14
8 88 87
8 89 -91
8 92 8
8 93 -98
8 94 1
8 95 -92
8 96 19
9 1 97
9 3 -17
9 4 55
9 5 38
9 8 45
9 12 -79
9 17 6
9 18 -76
9 21 -76
9 23 -76
9 25 71
9 28 -38
9 29 -70
9 31 100
9 34 80
9 35 51
9 37 -38
9 42 7
9 45 84
9 50 64
9 52 61
9 55 -72
9 57 100
9 58 -39
9 59 -63
9 62 72
9 67 -8
9 73 81
9 75 96
9 76 -19
9 78 -85
9 85 -17
9 86 57
9 89 47
9 91 19
10 6 50
10 8 34
10 10 10
10 11 95
10 12 27
10 13 59
10 14 21
10 15 -58
10 17 -97
10 21 42
10 23 -99
10 26 17
10 32 24
10 33 -8
10 35 -55
10 36 92
10 38 -18
10 39 -70
10 41 -93
10 48 -52
10 56 27
10 57 -4
10 59 60
10 63 -9
10 71 -19
10 75 48
10 78 -96
10 80 -84
10 82 -4
10 83 -29
10 84 89
10 86 -81
10 95 -13
10 99 64
11 0 79
11 2 -80
11 4 37
11 7 50
11 8 -14
11 9 -21
11 12 -17
11 13 69
11 21 18
11 22 29
11 23 18
11 25 5
11 26 80
11 32 16
11 33 -76
11 39 -72
11 40 34
11 42 -41
11 47 4
11 49 -87
11 51 76
11 52 -1
11 55 -82
11 56 -81
11 57 66
11 66 -66
11 67 -28
11 71 84
11 74 24
11 76 4
11 77 70
11 80 46
11 81 66
11 82 84
11 85 62
11 86 36
11 88 27
11 92 -27
11 96 63
11 97 72
12 0 100
12 1 99
12 2 -2
12 4 64
12 7 63
12 9 94
12 12 6
12 15 -67
12 16 -73
12 19 11
12 22 37
12 23 -80
12 24 83
12 26 -56
12 27 -68
12 30 -48
12 34 -5
12 35 85
12 36 83
12 41 -2
12 45 -44
12 47 -3
12 49 44
12 55 -35
12 60 24
12 62 8
12 65 -26
12 67 9
12 68 15
12 72 -11
12 73 74
12 76 73
12 77 -13
12 79 -92
12 87 -63
12 88 -23
12 90 12
12 93 94
13 2 32
13 6 -19
13 7 62
13 8 -56
13 10 4
13 14 69
13 16 -74
13 17 19
13 18 -79
13 20 44
13 25 -15
13 30 -49
13 32 -27
13 37 52
13 39 9
13 40 3
13 42 -52
13 46 -70
13 47 -94
13 48 -67
13 49 47
13 52 -18
13 56 -29
13 57 -63
13 61 -96
13 62 79
13 64 -54
13 65 -6
13 67 13
13 74 1
13 75 -48
13 80 85
13 83 -28
13 85 77
13 86 23
13 87 -69
13 91 -27
13 95 31
13 96 47
13 98 -88
13 99 54
14 1 86
14 6 36
14 7 29
14 13 -17
14 14 -67
14 15 86
14 17 22
14 18 -31
14 28 35
14 30 -82
14 33 13
14 36 43
14 42 30
14 43 86
14 49 50
14 58 -18
14 61 -8
14 64 8
14 67 -46
14 68 70
14 69 19
14 72 -24
14 75 76
14 76 -18
14 80 -94
14 81 3
14 83 -55
14 85 -82
14 87 37
14 88 -97
14 89 -3
14 93 23
14 95 -100
14 99 -86
15 1 9
15 3 -69
15 6 69
15 8 -12
15 10 -18
15 11 48
15 12 -74
15 14 37
15 15 -62
15 16 -98
15 17 34
15 20 68
15 22 -35
15 23 -57
15 25 -82
15 26 -7
15 27 64
15 29 39
15 30 -23
15 33 -35
15 36 -3
15 39 -2
15 43 32
15 48 -73
15 50 42
15 52 -92
15 58 89
15 59 62
15 60 -33
15 65 45
15 67 -37
15 71 60
15 77 8
15 78 -42
15 81 91
15 85 -86
15 86 63
15 91 -94
15 92 -76
15 93 97
15 96 4
15 97 37
16 0 -85
16 4 -45
16 5 -41
16 9 -87
16 11 -2
16 13 -10
16 18 -7
16 23 -28
16 24 16
16 27 -4
16 34 -68
16 38 58
16 41 -77
16 42 10
16 43 31
16 44 -91
16 46 14
16 48 1
16 50 75
16 54 84
16 57 -70
16 63 -88
16 65 -65
16 67 50
16 70 66
16 74 67
16 75 -89
16 77 26
16 80 24
16 82 95
16 90 32
16 91 67
16 93 55
16 98 71
16 99 63
17 1 53
17 4 76
17 5 61
17 6 -24
17 7 -80
17 8 -98
17 9 -88
17 12 56
17 13 73
17 14 -42
17 16 52
17 18 36
17 19 47
17 23 10
17 26 10
17 29 98
17 30 -64
17 34 70
17 38 29
17 42 68
17 44 -71
17 45 7
17 46 84
17 51 99
17 53 40
17 62 34
17 65 -60
17 68 -21
17 69 42
17 71 91
17 72 85
17 73 -28
17 74 55
17 75 46
17 77 -100
17 85 -79
17 86 99
17 92 -59
17 96 56
18 1 -70
18 3 -75
18 4 -5
18 5 96
18 8 -84
18 13 53
18 14 76
18 15 -96
18 19 72
18 20 78
18 24 -83
18 25 -34
18 31 24
18 34 -50
18 35 -31
18 36 88
18 39 46
18 42 2
18 43 -73
18 46 50
18 47 -16
18 49 -83
18 50 5
18 52 -93
18 53 -48
18 57 -65
18 61 50
18 62 -96
18 63 -31
18 65 40
18 69 75
18 71 -42
18 72 -86
18 73 29
18 75 89
18 77 15
18 78 70
18 79 -92
18 80 52
18 81 93
18 82 -53
18 85 93
18 87 -99
18 90 -3
18 94 -88
18 95 -86
19 1 -59
19 2 82
19 4 -56
19 8 35
19 10 -30
19 11 58
19 15 -16
19 18 53
19 20 87
19 22 94
19 23 -52
19 29 67
19 32 -59
19 35 55
19 38 99
19 42 -52
19 44 50
19 47 -54
19 49 82
19 51 -15
19 52 84
19 54 -76
19 59 30
19 60 26
19 62 -35
19 63 37
19 66 -26
19 72 -17
19 74 -10
19 77 -21
19 78 22
19 79 59
19 81 -48
19 82 -76
19 83 36
19 84 71
19 86 -92
19 89 79
19 90 -77
19 92 69
19 93 -43
20 5 -22
20 6 78
20 8 72
20 9 34
20 17 34
20 18 -4
20 19 63
20 22 -74
20 27 67
20 29 -65
20 31 29
20 32 84
20 34 70
20 37 54
20 40 93
20 42 -20
20 53 100
20 54 10
20 55 -44
20 59 -46
20 62 -48
20 63 -91
20 68 51
20 73 28
20 74 -68
20 77 -4
20 79 -63
20 81 -61
20 87 -84
20 90 -42
20 94 -93
20 95 -32
20 99 99
21 0 -72
21 6 55
21 9 8
21 13 -19
21 20 83
21 22 -74
21 27 20
21 30 7
21 32 -23
21 34 -83
21 35 56
21 36 52
21 40 -77
21 42 75
21 47 5
21 51 -14
21 54 1
21 56 73
21 57 21
21 58 -99
21 59 65
21 61 11
21 62 100
21 63 -3
21 65 6
21 66 -53
21 67 82
21 70 -93
21 74 -33
21 84 11
21 87 42
21 89 97
21 91 62
21 92 58
21 99 -91
22 1 -25
22 2 -98
22 3 25
22 4 66
22 12 -42
22 18 86
22 23 94
22 24 -5
22 27 -67
22 32 -16
22 33 14
22 37 26
22 38 35
22 39 -93
22 40 -34
22 43 23
22 47 20
22 48 87
22 49 -82
22 51 65
22 57 -25
22 58 26
22 59 15
22 61 13
22 63 90
22 65 92
22 66 -37
22 67 33
22 69 16
22 70 -47
22 73 48
22 78 -75
22 81 -21
22 87 45
22 88 40
22 89 -8
22 90 30
22 91 -84
22 93 80
22 94 97
22 98 -98
22 99 68
23 6 61
23 7 22
23 12 28
23 13 -39
23 14 -86
23 15 -36
23 19 89
23 20 76
23 21 -35
23 25 56
23 26 -63
23 27 85
23 38 -9
23 41 47
23 44 -28
23 45 -66
23 46 -78
23 47 -88
23 57 -41
23 58 19
23 66 32
23 67 69
23 68 -19
23 70 17
23 76 -61
23 81 -65
23 82 -27
23 83 -39
23 84 -51
23 87 -34
23 88 60
23 91 6
23 95 -26
23 98 53
24 0 -32
24 2 -78
24 4 -87
24 5 -20
24 11 -17
24 13 -82
24 16 -82
24 18 83
24 19 -53
24 22 41
24 24 -59
24 29 -26
24 33 -59
24 35 -99
24 40 -44
24 43 -35
24 45 53
24 46 -39
24 48 69
24 50 -19
24 54 -42
24 59 -39
24 61 -77
24 62 73
24 64 63
24 65 -68
24 66 -79
24 67 57
24 68 -69
24 72 -22
24 73 74
24 77 -87
24 80 -35
24 82 -73
24 87 -8
24 93 19
24 94 43
24 96 -14
24 97 -56
24 98 -36
25 6 29
25 11 96
25 14 83
25 15 -76
25 19 -38
25 20 77
25 21 27
25 24 -96
25 27 44
25 29 -60
25 31 93
25 33 -87
25 36 38
25 37 -91
25 39 65
25 43 -4
25 45 -71
25 46 32
25 47 12
25 48 79
25 50 91
25 52 -73
25 54 87
25 55 -2
25 57 -1
25 63 70
25 64 -86
25 66 -36
25 71 -84
25 78 1
25 84 95
25 85 -48
25 94 4
25 99 34
26 4 -2
26 5 42
26 8 26
26 10 -96
26 11 68
26 13 38
26 15 -51
26 16 -75
26 19 19
26 26 -85
26 27 -84
26 31 -46
26 32 -34
26 38 -70
26 41 -98
26 45 95
26 51 93
26 52 -24
26 53 -1
26 54 -37
26 55 97
26 58 90
26 61 58
26 63 5
26 64 4
26 66 -33
26 69 -55
26 71 34
26 73 4
26 77 51
26 78 -63
26 80 94
26 86 20
26 89 64
26 90 57
26 91 -100
26 92 -9
26 93 -69
26 99 -92
27 1 94
27 5 -35
27 6 3
27 9 -6
27 14 19
27 17 -20
27 20 -92
27 28 -13
27 31 48
27 33 -65
27 34 -32
27 35 -1
27 36 25
27 44 98
27 49 -15
27 51 12
27 52 -85
27 58 -95
27 59 -60
27 64 27
27 65 60
27 71 12
27 74 -25
27 79 10
27 80 35
27 82 97
27 90 92
27 91 -82
27 92 -8
27 97 78
27 99 78
28 0 27
28 3 5
28 6 -6
28 10 -50
28 12 35
28 16 55
28 17 34
28 20 -44
28 26 33
28 27 -12
28 28 -81
28 29 24
28 40 42
28 43 -40
28 44 -33
28 47 47
28 48 -90
28 51 -78
28 52 -74
28 57 -65
28 59 37
28 61 26
28 66 -44
28 68 -61
28 70 -33
28 73 -61
28 76 60
28 81 -76
28 83 98
28 86 39
28 91 -46
28 93 -53
29 0 18
29 4 -16
29 5 72
29 9 81
29 10 15
29 14 17
29 20 6
29 26 -70
29 29 4
29 31 82
29 32 -64
29 34 -94
29 36 -70
29 37 31
29 41 -48
29 45 47
29 54 -73
29 56 -7
29 58 76
29 63 -54
29 67 -63
29 69 -43
29 71 -82
29 75 78
29 77 29
29 78 -95
29 80 17
29 82 15
29 85 94
29 89 -80
29 91 79
29 93 -23
29 94 -71
29 95 49
29 98 -89
29 99 -95
30 1 69
30 9 6
30 11 -100
30 13 -14
30 15 20
30 17 93
30 19 55
30 24 -80
30 26 -51
30 27 -90
30 29 26
30 30 -56
30 31 -89
30 32 -5
30 33 -89
30 37 80
30 38 -61
30 42 35
30 46 -92
30 52 44
30 59 -11
30 60 -42
30 63 -20
30 66 -27
30 68 -35
30 70 73
30 72 -80
30 75 92
30 76 -74
30 79 -53
30 80 -24
30 82 72
30 85 48
30 87 90
30 89 93
30 91 53
30 92 -82
30 93 -54
30 94 -43
30 97 33
30 98 -5
30 99 -9
31 0 34
31 4 -96
31 5 -22
31 8 -97
31 9 64
31 10 12
31 13 30
31 16 4
31 20 -57
31 22 17
31 24 17
31 25 -3
31 27 75
31 29 -6
31 30 -25
31 34 -55
31 42 -3
31 49 36
31 51 -62
31 52 2
31 55 63
31 56 55
31 59 33
31 63 -14
31 66 -57
31 67 86
31 71 19
31 72 24
31 76 -48
31 81 58
31 82 -12
31 84 -27
31 85 92
31 86 -71
31 89 -29
31 91 30
31 96 14
31 99 -49
32 4 44
32 10 -4
32 12 89
32 14 -53
32 16 65
32 17 -65
32 20 -34
32 25 38
32 28 -86
32 37 -46
32 38 -94
32 41 55
32 42 90
32 43 59
32 48 -38
32 49 37
32 52 64
32 54 66
32 56 -18
32 57 78
32 58 -8
32 59 -99
32 62 -45
32 71 -11
32 76 -6
32 77 57
32 79 -94
32 80 -83
32 82 44
32 83 95
32 89 41
32 91 -35
32 94 -97
32 95 -20
32 97 83
32 99 -51
33 1 58
33 2 -75
33 5 15
33 6 97
33 7 15
33 14 28
33 20 -24
33 21 -46
33 23 98
33 28 -46
33 32 79
33 35 53
33 37 40
33 40 37
33 41 -94
33 42 7
33 43 -78
33 47 1
33 49 49
33 56 78
33 58 -4
33 59 23
33 61 10
33 64 -50
33 71 57
33 77 72
33 78 31
33 80 -34
33 83 -100
33 89 -61
33 91 -52
33 96 29
33 97 8
33 98 -13
34 0 -80
34 2 51
34 5 78
34 6 8
34 7 50
34 8 89
34 11 -81
34 13 -3
34 22 -10
34 23 -79
34 24 67
34 30 46
34 36 32
34 37 -39
34 38 34
34 39 -84
34 40 -29
34 41 23
34 42 -81
34 45 42
34 46 14
34 47 28
34 49 23
34 54 68
34 55 -88
34 59 -64
34 68 -78
34 69 -82
34 71 68
34 72 -10
34 74 -49
34 82 -5
34 83 -88
34 85 87
34 86 54
34 87 -99
34 88 -42
34 89 -20
34 92 -51
34 93 45
34 95 -5
34 98 29
35 0 -16
35 2 96
35 5 -79
35 6 -9
35 10 -2
35 11 -64
35 13 23
35 19 -45
35 20 -56
35 22 -62
35 23 6
35 27 -26
35 33 -94
35 34 28
35 36 -68
35 38 -58
35 39 -63
35 40 91
35 41 -33
35 43 17
35 46 40
35 47 19
35 56 3
35 57 -5
35 58 21
35 61 46
35 62 56
35 65 64
35 67 -32
35 68 -27
35 70 -3
35 72 -15
35 73 85
35 77 90
35 81 63
35 89 -61
35 90 -48
35 94 8
35 95 -3
35 96 57
35 98 -98
36 1 92
36 4 -17
36 6 -38
36 10 78
36 16 65
36 17 -63
36 21 31
36 23 24
36 24 -34
36 25 -19
36 27 -28
36 28 46
36 29 6
36 30 -41
36 31 45
36 38 14
36 39 -23
36 40 -59
36 43 -90
36 46 -44
36 49 -48
36 52 -16
36 54 10
36 58 9
36 59 -77
36 60 -42
36 62 25
36 64 30
36 69 -55
36 71 7
36 80 33
36 84 -66
36 86 38
36 89 -42
36 90 -98
36 94 68
36 95 95
36 96 -68
36 98 -83
37 1 68
37 3 48
37 5 -42
37 6 -1
37 9 -64
37 12 -66
37 16 -19
37 17 -4
37 18 84
37 19 -70
37 24 -1
37 26 -75
37 27 34
37 28 67
37 29 54
37 30 -50
37 36 39
37 37 54
37 38 63
37 39 -34
37 42 51
37 45 26
37 47 24
37 49 -67
37 51 78
37 53 -94
37 55 12
37 58 78
37 61 89
37 66 53
37 67 -79
37 70 -10
37 72 1
37 74 -8
37 75 3
37 76 8
37 78 -95
37 79 39
37 80 -96
37 82 8
37 86 -16
37 87 -77
37 88 5
37 89 31
37 90 19
37 95 -45
37 96 -11
38 0 -77
38 3 -31
38 5 44
38 6 -2
38 7 4
38 8 52
38 9 61
38 16 -4
38 20 66
38 28 86
38 29 41
38 34 -92
38 42 -30
38 45 86
38 46 47
38 49 33
38 50 13
38 52 -1
38 54 -94
38 55 -5
38 56 57
38 58 69
38 60 -65
38 66 -44
38 67 -57
38 68 -59
38 69 -50
38 70 -52
38 73 50
38 77 79
38 80 35
38 81 26
38 87 -58
38 90 26
38 93 -16
38 95 -79
38 96 -72
38 97 -13
38 98 -93
38 99 -55
39 0 -22
39 1 65
39 4 87
39 6 82
39 11 19
39 12 -51
39 14 -22
39 15 96
39 16 -84
39 18 -82
39 20 -15
39 25 -96
39 27 39
39 29 -7
39 31 51
39 32 37
39 35 -38
39 37 -81
39 43 -84
39 54 13
39 56 18
39 57 -6
39 61 86
39 65 -15
39 67 97
39 70 65
39 71 99
39 73 94
39 75 19
39 79 80
39 80 -65
39 81 -100
39 86 90
39 92 -4
39 94 -93
39 96 -100
39 99 22
40 5 47
40 11 -27
40 19 -81
40 26 12
40 32 13
40 33 4
40 34 -93
40 37 52
40 38 10
40 39 55
40 40 -94
40 43 -52
40 45 28
40 53 99
40 54 -24
40 55 78
40 57 -12
40 58 -67
40 60 91
40 64 16
40 66 -55
40 68 19
40 69 21
40 71 98
40 74 -99
40 75 41
40 76 72
40 83 -60
40 91 -10
40 94 -79
40 95 -44
40 96 -86
40 97 -32
40 98 16
40 99 -23
41 4 -45
41 7 89
41 8 37
41 11 86
41 12 50
41 14 28
41 15 55
41 16 -96
41 18 36
41 24 -4
41 25 -42
41 27 49
41 28 -40
41 32 -90
41 33 -18
41 35 84
41 37 -92
41 40 70
41 42 100
41 46 5
41 47 63
41 48 2
41 52 28
41 58 35
41 64 31
41 65 91
41 68 -32
41 69 -10
41 70 -95
41 74 -77
41 76 -79
41 77 68
41 80 87
41 81 50
41 82 64
41 85 82
41 88 69
41 91 22
41 97 -17
41 99 -53
42 6 25
42 11 -17
42 14 -75
42 18 -55
42 21 67
42 22 -50
42 25 -86
42 26 97
42 33 48
42 34 -95
42 35 39
42 41 61
42 42 -38
42 44 31
42 45 -43
42 48 18
42 50 59
42 54 -35
42 55 -11
42 56 85
42 58 -55
42 60 -33
42 61 -41
42 65 24
42 66 73
42 67 26
42 70 -21
42 71 -41
42 72 -24
42 75 -32
42 78 36
42 80 -33
42 81 -2
42 82 22
42 85 -81
42 86 -26
42 88 -92
42 90 25
42 93 -9
42 94 -22
42 95 -75
43 1 13
43 5 86
43 11 -66
43 15 -63
43 22 49
43 24 2
43 29 -51
43 31 -51
43 32 9
43 34 -64
43 36 11
43 47 25
43 53 -99
43 58 37
43 61 15
43 62 24
43 64 -59
43 65 70
43 67 73
43 69 22
43 73 35
43 83 86
43 87 81
43 91 99
43 92 -51
43 95 12
43 99 -31
44 3 -42
44 4 -61
44 5 70
44 8 96
44 9 -4
44 14 -45
44 15 59
44 17 -44
44 20 87
44 21 26
44 22 -99
44 23 85
44 25 48
44 26 -12
44 29 -68
44 32 90
44 33 -39
44 35 -98
44 37 -84
44 38 -9
44 41 -9
44 43 28
44 44 74
44 46 -67
44 50 -38
44 51 8
44 53 -56
44 54 -10
44 57 -57
44 61 69
44 70 90
44 72 2
44 73 55
44 79 -76
44 80 31
44 92 73
44 93 -100
44 94 19
44 96 -22
44 98 -2
44 99 -100
45 1 -6
45 2 33
45 7 5
45 8 -4
45 9 -11
45 13 -52
45 15 -6
45 22 14
45 28 54
45 30 30
45 31 47
45 32 61
45 33 -92
45 34 -52
45 41 45
45 42 -46
45 43 -5
45 45 -47
45 48 -24
45 49 -34
45 52 -8
45 54 35
45 56 72
45 57 -70
45 58 29
45 59 -2
45 61 -77
45 66 1
45 70 100
45 73 84
45 74 74
45 75 40
45 76 -27
45 81 -94
45 85 -23
45 88 96
45 92 45
45 97 93
45 99 34
46 6 8
46 14 -90
46 24 -67
46 27 27
46 28 -66
46 30 -44
46 32 85
46 37 -65
46 40 -10
46 46 -5
46 48 23
46 59 -5
46 60 -64
46 61 96
46 64 -27
46 68 86
46 69 -4
46 73 -65
46 78 -70
46 83 -54
46 84 -78
46 86 99
46 90 -79
46 91 89
46 93 -49
46 95 21
46 98 58
46 99 -21
47 6 -52
47 11 8
47 14 41
47 16 -29
47 17 96
47 18 -22
47 22 51
47 23 -29
47 24 73
47 26 76
47 30 40
47 32 -71
47 34 -44
47 48 79
47 50 70
47 51 45
47 52 58
47 53 47
47 57 -32
47 65 -35
47 68 -98
47 71 93
47 76 31
47 79 -74
47 82 1
47 84 96
47 88 -37
47 89 -84
47 91 -46
47 94 -41
47 96 -83
48 4 -79
48 6 -80
48 7 52
48 9 -8
48 12 -55
48 14 -7
48 15 -68
48 16 29
48 19 22
48 23 -100
48 29 90
48 31 7
48 34 64
48 35 80
48 40 42
48 43 1
48 55 81
48 56 -64
48 59 21
48 63 77
48 65 61
48 69 74
48 70 35
48 74 86
48 75 33
48 80 -46
48 81 -44
48 82 21
48 83 56
48 89 63
48 91 48
48 92 83
48 93 -26
48 94 67
49 0 66
49 2 -34
49 3 4
49 8 -73
49 9 37
49 11 86
49 12 -90
49 13 -58
49 14 2
49 16 21
49 17 27
49 21 79
49 25 -55
49 26 -48
49 28 -3
49 29 51
49 32 44
49 33 3
49 34 -29
49 35 -98
49 37 21
49 40 81
49 44 33
49 47 88
49 56 -19
49 57 37
49 58 -69
49 60 3
49 62 78
49 66 55
49 69 -97
49 80 39
49 81 32
49 82 -34
49 83 -87
49 84 67
49 86 -17
49 89 -51
49 92 -72
49 93 -100
49 94 42
49 95 6
49 96 -77
49 99 -54
50 5 -8
50 7 -98
50 8 -13
50 18 46
50 23 -15
50 28 48
50 30 -92
50 33 -78
50 34 97
50 36 46
50 37 5
50 38 95
50 39 65
50 41 -6
50 42 -67
50 44 -48
50 46 -97
50 47 28
50 52 -56
50 54 28
50 58 -35
50 60 84
50 67 -10
50 68 32
50 69 24
50 76 59
50 77 11
50 78 63
50 79 21
50 81 -63
50 82 34
50 84 1
50 88 17
50 89 -39
50 90 -60
50 95 -2
50 96 100
51 3 -19
51 7 -82
51 11 31
51 18 32
51 20 86
51 22 -87
51 24 -6
51 25 -93
51 27 -56
51 28 94
51 29 -29
51 31 75
51 37 24
51 38 40
51 39 62
51 44 -86
51 45 83
51 47 -89
51 52 -37
51 57 64
51 58 -37
51 59 -2
51 61 -96
51 69 68
51 71 -79
51 72 14
51 73 -22
51 76 -92
51 78 -11
51 85 -66
51 93 4
51 97 14
52 0 45
52 1 -90
52 2 43
52 4 -58
52 5 -47
52 7 -46
52 9 -24
52 18 -29
52 21 58
52 22 59
52 24 -73
52 26 -38
52 28 -100
52 35 -7
52 38 -29
52 39 56
52 42 -8
52 43 -91
52 45 -13
52 46 -51
52 51 -38
52 52 -88
52 55 -73
52 58 20
52 59 -20
52 61 17
52 65 -80
52 67 95
52 70 28
52 72 82
52 77 52
52 87 39
52 90 -69
52 96 -41
52 98 -91
53 1 23
53 2 -80
53 3 -71
53 4 6
53 6 30
53 8 -85
53 12 7
53 13 19
53 14 4
53 17 -53
53 18 32
53 19 -24
53 20 20
53 21 -83
53 27 3
53 30 44
53 31 37
53 32 -60
53 34 -45
53 35 49
53 36 -53
53 37 66
53 42 9
53 45 -53
53 48 55
53 54 -58
53 56 -45
53 57 62
53 59 100
53 63 17
53 66 76
53 69 -98
53 75 32
53 76 -53
53 79 -62
53 80 -79
53 81 69
53 83 48
53 86 23
53 87 66
53 90 85
53 92 -34
53 93 63
54 0 56
54 7 -1
54 8 77
54 9 -59
54 10 -4
54 11 81
54 21 -88
54 23 -47
54 25 -25
54 26 -24
54 27 95
54 28 6
54 30 -7
54 32 24
54 34 36
54 36 -38
54 41 41
54 47 48
54 51 -51
54 52 60
54 53 -75
54 56 16
54 58 8
54 60 -72
54 61 -60
54 62 -50
54 64 8
54 66 37
54 70 -55
54 71 -88
54 79 -37
54 81 58
54 84 -73
54 87 23
54 89 48
54 91 47
54 94 -30
54 99 -2
55 0 37
55 1 1
55 2 38
55 4 -33
55 6 -62
55 8 81
55 10 -57
55 15 69
55 16 -32
55 17 86
55 18 18
55 20 -56
55 21 -11
55 23 75
55 28 6
55 33 -39
55 34 71
55 35 -38
55 36 -47
55 39 1
55 40 -66
55 43 3
55 55 -83
55 57 61
55 64 -64
55 65 98
55 67 70
55 73 62
55 75 96
55 80 -54
55 86 -5
55 90 85
55 94 14
55 96 -94
55 98 -41
55 99 58
56 3 38
56 7 14
56 8 -11
56 9 -90
56 11 49
56 12 64
56 13 -96
56 14 89
56 15 -22
56 16 59
56 17 98
56 19 -22
56 22 40
56 23 92
56 24 27
56 25 -23
56 27 -9
56 29 -26
56 32 40
56 36 -37
56 37 32
56 38 -45
56 42 32
56 44 -42
56 49 42
56 53 64
56 58 50
56 64 64
56 70 34
56 80 -45
56 84 -59
56 90 -68
56 91 -38
56 93 -23
56 94 -93
57 0 -80
57 7 43
57 9 41
57 10 9
57 14 -39
57 17 -10
57 22 -69
57 27 24
57 30 -97
57 31 40
57 42 84
57 44 25
57 46 41
57 48 81
57 51 -65
57 54 44
57 57 4
57 64 30
57 67 96
57 68 44
57 73 -29
57 76 -63
57 77 -7
57 78 10
57 80 -26
57 82 -20
57 83 -43
57 89 92
57 94 6
57 97 85
57 99 57
58 2 -8
58 5 81
58 7 -94
58 8 -5
58 9 -22
58 12 -34
58 16 -60
58 24 -99
58 25 18
58 35 -67
58 41 30
58 42 -28
58 49 -74
58 54 29
58 56 5
58 59 29
58 63 32
58 67 -34
58 69 -34
58 72 -52
58 77 20
58 80 -39
58 81 -83
58 86 97
58 88 45
58 89 30
58 91 48
58 92 24
59 1 -24
59 2 51
59 3 71
59 4 -66
59 7 1
59 8 -51
59 14 -82
59 15 52
59 22 33
59 23 5
59 25 11
59 28 29
59 32 -10
59 35 46
59 40 -64
59 41 37
59 44 -83
59 49 -97
59 50 82
59 56 70
59 63 84
59 67 -38
59 68 -39
59 72 21
59 75 -64
59 76 7
59 82 3
59 86 76
59 87 -54
59 88 -68
59 89 8
59 90 -15
59 91 -53
59 95 98
59 96 64
59 99 -94
60 0 -32
60 1 -91
60 3 39
60 4 -68
60 9 84
60 11 65
60 15 -72
60 16 59
60 18 57
60 20 62
60 23 92
60 26 -99
60 27 7
60 28 -81
60 29 -59
60 31 78
60 32 -72
60 34 28
60 42 14
60 43 16
60 46 12
60 47 -88
60 48 -78
60 51 -57
60 52 -21
60 54 -23
60 63 -31
60 66 45
60 68 77
60 69 -45
60 73 92
60 77 -55
60 80 -21
60 84 -30
60 86 -96
60 96 -49
60 98 -98
61 3 88
61 9 -31
61 10 -65
61 11 51
61 20 -47
61 26 -71
61 30 -85
61 35 56
61 37 28
61 38 -58
61 42 41
61 43 -90
61 44 -19
61 45 35
61 49 -69
61 57 -80
61 62 46
61 64 -78
61 66 -74
61 72 -18
61 75 59
61 78 24
61 83 75
61 84 89
61 86 -90
61 87 -34
61 88 28
61 89 -58
61 90 36
61 92 -99
61 93 -8
61 99 -71
62 0 -66
62 1 -45
62 7 82
62 10 -21
62 12 -23
62 13 -29
62 14 21
62 18 63
62 19 -66
62 21 -11
62 24 -90
62 25 -52
62 28 79
62 32 57
62 33 -69
62 34 36
62 35 56
62 38 -98
62 41 71
62 43 26
62 45 20
62 49 -12
62 54 44
62 56 67
62 63 -60
62 66 -58
62 68 18
62 69 -93
62 72 98
62 73 10
62 75 -45
62 78 79
62 79 -8
62 82 66
62 83 100
62 86 54
62 96 -43
62 97 11
63 4 -84
63 5 12
63 6 59
63 11 61
63 14 -33
63 16 -32
63 17 -33
63 18 33
63 19 -49
63 28 -79
63 31 28
63 33 91
63 38 -11
63 40 32
63 44 -45
63 45 -85
63 49 39
63 50 -54
63 51 36
63 52 24
63 55 -65
63 58 -67
63 62 -97
63 64 -98
63 65 22
63 72 22
63 78 -27
63 79 36
63 80 -54
63 81 95
63 84 -44
63 86 -53
63 90 45
63 91 49
63 94 74
63 97 75
64 2 44
64 10 -36
64 11 -75
64 16 -52
64 17 15
64 18 -97
64 22 36
64 24 -96
64 25 37
64 26 86
64 28 -45
64 33 -40
64 34 -47
64 35 -4
64 36 70
64 37 81
64 40 93
64 42 91
64 45 97
64 47 52
64 55 65
64 56 82
64 58 -31
64 59 24
64 61 88
64 62 -79
64 63 92
64 67 -91
64 68 -84
64 72 -34
64 74 -53
64 75 -6
64 80 -11
64 84 51
64 88 14
64 90 -4
64 94 -24
65 1 -50
65 4 -30
65 6 -74
65 13 -24
65 20 -1
65 29 -43
65 30 -73
65 32 45
65 36 82
65 37 3
65 39 74
65 43 -52
65 46 -55
65 48 -94
65 51 54
65 54 -38
65 60 59
65 64 64
65 66 -80
65 71 -7
65 74 -12
65 76 35
65 82 -67
65 85 52
65 86 20
65 91 -6
65 93 61
65 96 13
65 97 18
65 99 -36
66 5 -24
66 6 -22
66 8 -57
66 10 49
66 11 -24
66 13 36
66 14 -67
66 18 66
66 20 29
66 24 93
66 25 -83
66 26 32
66 33 30
66 37 -82
66 39 -22
66 51 -26
66 52 -70
66 57 23
66 59 16
66 61 -64
66 63 -40
66 67 -44
66 72 -97
66 77 87
66 81 -45
66 84 -59
66 87 -65
66 90 -53
66 96 63
66 99 71
67 0 -90
67 1 84
67 2 67
67 3 -98
67 5 62
67 6 -70
67 7 62
67 12 24
67 14 60
67 17 100
67 23 9
67 31 11
67 33 70
67 41 17
67 44 -3
67 45 -82
67 53 96
67 54 -32
67 57 -2
67 58 -8
67 66 88
67 68 -54
67 73 -19
67 74 -97
67 76 -49
67 77 38
67 78 72
67 80 -49
67 82 -68
67 87 98
67 89 68
67 90 -37
67 91 -94
67 92 -25
67 93 -29
67 96 -43
67 99 46
68 2 31
68 3 -1
68 5 52
68 6 -94
68 14 41
68 17 -53
68 21 -21
68 25 86
68 26 19
68 27 -8
68 31 -48
68 33 34
68 36 -84
68 37 -63
68 39 92
68 42 -28
68 46 56
68 48 -66
68 49 93
68 51 -93
68 54 50
68 56 -92
68 59 24
68 63 79
68 72 3
68 74 -24
68 77 94
68 78 -1
68 80 -31
68 81 88
68 83 39
68 88 -70
68 89 14
68 90 -82
68 93 -33
68 94 -98
69 0 88
69 1 12
69 5 -74
69 8 5
69 11 1
69 14 64
69 15 80
69 16 -26
69 17 -90
69 22 -98
69 26 -71
69 30 -25
69 39 91
69 42 30
69 45 81
69 49 -88
69 65 67
69 67 67
69 68 -9
69 71 19
69 72 -62
69 77 -14
69 80 -51
69 86 -53
69 90 -65
69 92 78
69 97 21
69 99 -43
70 4 -95
70 14 -79
70 15 26
70 16 -89
70 21 70
70 24 22
70 27 23
70 32 20
70 33 -15
70 34 10
70 36 34
70 40 60
70 42 -14
70 45 -84
70 49 17
70 50 -27
70 53 48
70 54 -21
70 56 -12
70 59 37
70 60 94
70 62 -64
70 66 48
70 87 -56
70 88 68
70 91 50
70 93 96
70 94 94
70 97 39
71 0 -46
71 1 84
71 4 39
71 6 -22
71 14 -15
71 17 71
71 28 68
71 32 90
71 35 -79
71 37 -40
71 38 76
71 39 -46
71 41 13
71 42 -85
71 44 -94
71 46 57
71 48 61
71 49 -85
71 50 63
71 54 -95
71 60 80
71 62 -65
71 63 -31
71 67 49
71 68 -95
71 69 22
71 76 89
71 78 33
71 79 -18
71 80 59
71 83 -90
71 87 -33
71 88 -60
71 93 22
71 94 -80
71 97 97
71 99 100
72 5 -6
72 11 9
72 12 55
72 15 -82
72 18 51
72 20 -68
72 24 57
72 25 15
72 26 92
72 29 -85
72 30 68
72 33 -57
72 40 27
72 43 -85
72 46 -36
72 47 -14
72 48 -53
72 51 -4
72 53 -50
72 54 -3
72 64 69
72 70 41
72 79 95
72 80 90
72 81 93
72 83 45
72 84 -79
72 89 -9
72 93 92
72 94 -60
72 98 -79
73 2 81
73 13 -34
73 14 -49
73 21 -65
73 22 6
73 26 5
73 27 -97
73 28 81
73 32 -28
73 36 94
73 39 18
73 41 68
73 43 -63
73 44 35
73 46 86
73 53 85
73 63 22
73 65 55
73 67 94
73 70 -91
73 71 -39
73 74 -62
73 77 70
73 79 31
73 80 -22
73 81 60
73 89 -99
73 92 -30
73 93 -10
73 94 85
73 95 51
73 99 -83
74 0 28
74 1 96
74 2 84
74 3 98
74 5 -84
74 10 63
74 11 7
74 12 7
74 14 73
74 16 -71
74 18 76
74 20 19
74 21 -73
74 24 15
74 32 -86
74 34 16
74 37 -20
74 39 62
74 40 -11
74 41 -65
74 43 46
74 44 84
74 47 -19
74 49 93
74 50 73
74 57 -13
74 59 -95
74 60 96
74 61 -45
74 62 -55
74 63 -66
74 65 50
74 68 71
74 72 25
74 74 -6
74 79 1
74 80 -38
74 83 -3
74 84 -26
74 94 85
74 96 31
74 98 66
74 99 71
75 2 -20
75 3 28
75 9 -69
75 11 82
75 15 15
75 21 81
75 22 -42
75 23 -8
75 26 39
75 29 -81
75 36 -61
75 41 31
75 44 -57
75 45 27
75 47 -39
75 48 88
75 49 21
75 51 -31
75 53 22
75 54 -95
75 56 41
75 57 -4
75 59 -5
75 62 -17
75 65 42
75 67 -23
75 69 -28
75 70 -69
75 74 82
75 75 -46
75 77 87
75 79 -9
75 81 25
75 82 22
75 83 34
75 86 48
75 89 -74
75 92 78
75 93 -97
75 98 40
75 99 83
76 2 2
76 3 49
76 11 -83
76 16 57
76 17 36
76 18 -90
76 23 -57
76 28 95
76 29 52
76 30 -99
76 33 -8
76 34 -94
76 35 -47
76 37 68
76 39 -42
76 42 90
76 43 40
76 47 52
76 51 61
76 58 73
76 60 88
76 61 -2
76 62 -98
76 63 -5
76 64 95
76 70 -32
76 72 -51
76 74 51
76 76 2
76 77 -67
76 85 -45
76 86 -29
76 87 74
76 93 70
76 94 35
76 96 -69
77 0 22
77 2 11
77 3 78
77 4 54
77 5 -10
77 6 29
77 9 54
77 10 79
77 12 -94
77 15 89
77 16 -94
77 22 -97
77 23 -49
77 28 3
77 32 12
77 34 -83
77 38 54
77 42 33
77 44 -91
77 47 -91
77 52 -73
77 56 -40
77 57 -97
77 60 -21
77 70 66
77 72 81
77 73 -59
77 84 -13
77 91 55
77 94 -81
77 96 33
77 99 65
78 4 66
78 10 37
78 15 -1
78 16 -13
78 17 -43
78 19 -57
78 20 48
78 22 91
78 26 88
78 27 -88
78 28 15
78 29 -12
78 31 -52
78 35 -13
78 36 2
78 38 57
78 48 -76
78 50 -59
78 52 -1
78 60 -97
78 62 86
78 66 -30
78 67 -15
78 75 -94
78 78 -8
78 85 11
78 86 32
78 87 -38
78 88 -10
78 89 77
78 90 -1
78 91 -88
78 94 -86
78 95 -10
79 1 -90
79 4 61
79 6 -94
79 11 -28
79 14 -5
79 21 -41
79 23 15
79 24 -13
79 25 2
79 28 24
79 31 -59
79 32 65
79 33 21
79 35 -53
79 40 43
79 43 -10
79 44 -88
79 46 -64
79 47 -66
79 49 56
79 54 91
79 58 -63
79 60 87
79 62 -43
79 63 58
79 64 -87
79 65 -45
79 70 -86
79 72 -6
79 73 -81
79 74 99
79 78 -5
79 83 56
79 84 -99
79 88 -44
79 91 -39
79 93 -66
79 97 54
79 98 77
80 1 34
80 3 -7
80 4 -20
80 5 23
80 9 -66
80 12 88
80 14 27
80 16 -31
80 19 -63
80 22 84
80 25 12
80 27 79
80 28 50
80 29 55
80 37 78
80 38 -5
80 44 13
80 45 -39
80 47 -24
80 48 -34
80 49 42
80 51 51
80 53 -40
80 55 -3
80 59 -13
80 60 98
80 62 -37
80 67 75
80 70 83
80 72 66
80 80 74
80 84 -50
80 87 -87
80 88 -64
80 89 76
80 96 58
81 0 98
81 2 -88
81 3 37
81 5 38
81 6 27
81 10 8
81 18 -18
81 19 39
81 20 98
81 23 -41
81 26 -32
81 27 -46
81 29 -79
81 32 -60
81 34 -20
81 40 -59
81 42 95
81 44 91
81 47 87
81 49 53
81 50 -18
81 58 67
81 61 -49
81 62 -81
81 67 -77
81 71 -92
81 79 61
81 87 98
81 89 -14
81 92 17
81 93 64
81 95 100
81 96 88
81 97 17
82 3 -80
82 5 -21
82 6 -34
82 8 -68
82 12 80
82 14 49
82 15 -12
82 16 98
82 17 32
82 19 91
82 23 6
82 24 -88
82 26 41
82 29 -4
82 33 -33
82 35 63
82 36 -95
82 38 -77
82 39 -70
82 40 -94
82 41 -30
82 42 -52
82 49 -80
82 50 -29
82 52 35
82 54 16
82 56 59
82 58 -83
82 59 -99
82 60 -60
82 62 -7
82 65 67
82 67 -63
82 68 96
82 69 27
82 70 34
82 71 13
82 72 70
82 76 23
82 78 -47
82 80 24
82 82 -47
82 84 -77
82 86 -65
82 93 29
82 95 78
83 0 -91
83 2 55
83 3 -67
83 9 -42
83 13 20
83 15 -17
83 16 -10
83 19 -27
83 21 -58
83 23 18
83 25 -56
83 27 53
83 30 18
83 35 -33
83 39 -71
83 40 -6
83 42 -42
83 46 -81
83 49 32
83 51 -10
83 55 22
83 59 36
83 60 -78
83 62 40
83 64 -36
83 67 99
83 69 -43
83 71 4
83 72 13
83 73 92
83 77 -56
83 78 9
83 80 -26
83 83 -11
83 86 -80
83 88 98
83 89 88
83 90 -99
83 96 37
84 0 -21
84 1 55
84 4 97
84 12 -61
84 13 18
84 14 67
84 18 61
84 19 -29
84 21 71
84 25 -28
84 29 -54
84 33 -38
84 34 57
84 39 57
84 42 -21
84 43 16
84 46 56
84 51 91
84 52 26
84 54 -26
84 57 96
84 59 90
84 63 5
84 65 -57
84 68 39
84 72 86
84 75 -100
84 77 93
84 83 32
84 85 -100
84 90 -51
84 91 41
84 93 44
84 95 52
84 97 -72
84 98 -93
85 3 -66
85 7 100
85 10 -51
85 12 6
85 21 36
85 26 -99
85 31 -7
85 32 -55
85 33 34
85 42 7
85 43 20
85 46 86
85 52 -33
85 53 -38
85 55 -78
85 56 -79
85 58 -9
85 60 97
85 61 45
85 63 98
85 66 -58
85 67 4
85 68 -87
85 73 5
85 74 21
85 76 77
85 82 -33
85 83 87
85 85 3
85 88 -49
85 89 63
85 90 -75
85 94 14
85 96 22
85 97 54
85 99 -18
86 3 -65
86 8 -30
86 9 10
86 17 62
86 19 -41
86 27 -88
86 29 -75
86 30 -82
86 31 73
86 32 -20
86 36 -46
86 38 -100
86 40 78
86 44 51
86 45 68
86 56 -5
86 57 93
86 58 50
86 59 74
86 61 40
86 62 52
86 64 72
86 65 -93
86 66 -41
86 67 -64
86 68 -94
86 74 -66
86 75 67
86 77 -36
86 78 -67
86 79 -76
86 81 -91
86 84 44
86 87 35
86 90 -14
86 91 50
86 92 62
86 93 -90
86 94 63
86 96 27
86 98 -18
86 99 -7
87 0 87
87 5 -98
87 8 -30
87 16 -5
87 19 51
87 23 70
87 30 31
87 32 -69
87 34 -58
87 36 18
87 41 -21
87 45 -87
87 49 97
87 50 77
87 53 31
87 56 93
87 60 -29
87 63 91
87 64 77
87 67 68
87 71 13
87 72 23
87 73 -84
87 77 59
87 79 26
87 86 55
87 90 -87
87 92 -12
87 95 32
88 2 2
88 3 89
88 5 -72
88 8 -82
88 10 -51
88 14 -50
88 20 -81
88 23 -6
88 24 30
88 34 -14
88 35 49
88 38 40
88 42 -18
88 43 4
88 48 -18
88 49 -89
88 51 -10
88 52 22
88 54 -36
88 60 67
88 61 -87
88 62 -7
88 64 5
88 67 -62
88 73 -24
88 74 32
88 76 81
88 86 28
88 92 -28
88 96 87
88 97 -97
89 0 24
89 1 74
89 2 12
89 5 36
89 6 40
89 10 -10
89 13 4
89 14 4
89 15 -32
89 17 44
89 18 -96
89 22 7
89 26 -3
89 27 96
89 30 -26
89 38 26
89 46 -55
89 47 -84
89 48 24
89 53 50
89 55 65
89 57 -92
89 58 92
89 61 -92
89 62 19
89 63 -79
89 64 54
89 65 43
89 67 -60
89 68 -72
89 71 86
89 72 -38
89 77 -79
89 79 -79
89 92 41
89 94 -24
89 95 -57
89 97 -22
89 98 -47
89 99 92
90 8 77
90 10 80
90 13 -81
90 18 -29
90 25 -58
90 28 36
90 29 -42
90 33 52
90 34 -87
90 38 51
90 41 32
90 42 -37
90 54 -28
90 56 -20
90 58 99
90 59 95
90 60 37
90 63 -78
90 65 -81
90 68 -6
90 71 -13
90 76 -55
90 77 70
90 79 -7
90 81 -87
90 82 72
90 86 79
90 87 57
90 93 -28
90 95 -49
90 99 34
91 1 71
91 6 2
91 12 57
91 16 56
91 17 -65
91 18 -25
91 21 34
91 22 -17
91 25 -3
91 28 84
91 30 -88
91 38 94
91 40 35
91 42 -18
91 46 -6
91 51 50
91 54 20
91 59 -26
91 61 -28
91 63 7
91 64 -26
91 65 -16
91 72 16
91 73 64
91 74 79
91 76 -10
91 78 47
91 82 12
91 83 -76
91 86 25
91 92 -12
91 93 23
91 95 52
91 97 73
91 98 -91
92 1 3
92 3 -71
92 10 40
92 11 51
92 12 96
92 14 73
92 18 86
92 19 -36
92 20 10
92 22 27
92 29 -36
92 30 -62
92 33 -74
92 34 81
92 36 49
92 37 87
92 43 -90
92 48 60
92 49 57
92 51 -54
92 53 -17
92 54 50
92 58 28
92 62 9
92 66 70
92 67 67
92 71 -69
92 73 37
92 75 -32
92 78 52
92 81 -72
92 83 2
92 87 43
92 88 4
92 91 8
92 93 -18
92 94 61
92 96 66
93 0 17
93 3 -68
93 15 -30
93 16 12
93 17 -32
93 22 -1
93 23 75
93 24 -90
93 27 -49
93 30 -33
93 38 77
93 39 -71
93 40 -39
93 41 -51
93 47 64
93 48 2
93 49 -88
93 50 -13
93 51 -26
93 54 -85
93 55 -53
93 58 52
93 61 48
93 63 -79
93 65 -61
93 71 -89
93 73 42
93 74 -3
93 75 39
93 79 10
93 80 -31
93 82 -81
93 84 -15
93 86 59
93 90 -68
93 91 -52
93 92 -53
93 94 8
94 0 90
94 1 -26
94 4 68
94 6 -48
94 7 -4
94 8 -91
94 14 86
94 15 -15
94 16 46
94 18 32
94 20 -15
94 23 -16
94 24 -82
94 31 53
94 33 -1
94 38 9
94 39 -59
94 40 37
94 42 -10
94 43 -50
94 46 100
94 47 45
94 49 2
94 51 9
94 53 56
94 62 -11
94 63 -10
94 65 9
94 67 -68
94 71 73
94 74 25
94 75 -53
94 76 -99
94 79 85
94 83 -83
94 87 -63
94 88 -83
94 89 40
94 95 32
94 98 -42
95 0 -94
95 4 26
95 5 66
95 6 15
95 7 95
95 9 -71
95 11 13
95 13 45
95 16 -12
95 17 35
95 19 5
95 21 87
95 27 78
95 28 67
95 37 55
95 38 24
95 41 22
95 43 -55
95 44 -70
95 45 17
95 46 96
95 49 -8
95 53 -23
95 54 -21
95 55 -70
95 56 63
95 57 -22
95 61 -53
95 63 -52
95 64 -67
95 65 -50
95 67 -40
95 70 -53
95 82 82
95 84 9
95 85 76
95 87 61
95 98 -88
96 0 2
96 4 1
96 9 33
96 26 -35
96 27 15
96 28 -19
96 30 28
96 36 24
96 40 90
96 43 67
96 44 -49
96 53 86
96 57 -58
96 59 -20
96 60 77
96 61 -91
96 63 -62
96 68 17
96 70 -49
96 75 75
96 76 -98
96 81 88
96 82 3
96 84 -14
96 85 63
96 92 89
96 93 -75
96 94 66
96 95 63
96 96 -32
97 1 -36
97 5 92
97 8 66
97 13 68
97 16 -34
97 17 -32
97 18 -47
97 19 -53
97 22 3
97 25 -62
97 28 45
97 29 -78
97 33 -67
97 40 -17
97 42 -1
97 48 2
97 55 34
97 56 72
97 57 48
97 62 -63
97 63 64
97 65 93
97 66 -16
97 67 -16
97 71 2
97 73 45
97 81 -17
97 84 -46
97 93 -65
97 94 -48
97 95 71
97 99 -93
98 2 -94
98 3 -52
98 6 -67
98 7 -6
98 8 22
98 9 34
98 12 -77
98 13 84
98 17 -48
98 22 67
98 26 -28
98 30 47
98 32 13
98 36 -77
98 38 -42
98 43 -83
98 45 -67
98 48 70
98 54 39
98 56 -33
98 65 83
98 67 -54
98 69 38
98 70 14
98 71 34
98 72 -7
98 73 98
98 74 -15
98 78 -80
98 81 55
98 83 31
98 85 -85
98 90 -48
98 91 52
98 92 -37
99 1 -18
99 5 65
99 6 4
99 10 41
99 14 26
99 15 -85
99 20 62
99 23 -39
99 28 -16
99 29 -32
99 32 32
99 34 53
99 39 -64
99 41 -25
99 42 -19
99 43 -75
99 44 26
99 45 -28
99 46 -97
99 47 98
99 50 61
99 55 -70
99 56 48
99 58 45
99 59 81
99 62 -7
99 65 -22
99 67 -47
99 68 31
99 69 10
99 72 38
99 75 95
99 76 1
99 77 87
99 84 98
99 86 44
99 87 100
99 88 96
99 93 -7
99 98 -8
99 99 -64