0 4 90
0 5 -37
0 7 -76
0 11 -45
0 15 -76
0 16 65
0 17 -35
0 19 -83
0 20 77
0 21 -9
0 22 84
0 24 68
0 25 -17
0 33 -72
0 34 85
0 35 52
0 38 -91
0 39 -61
0 40 -55
0 41 -54
0 47 -34
0 49 -34
0 52 -18
0 58 8
0 59 19
0 62 -1
0 63 13
0 65 -85
0 70 57
0 72 29
0 76 45
0 77 19
0 78 38
0 80 19
0 83 -71
0 88 -95
0 89 72
0 90 50
0 93 29
0 94 -29
0 95 -64
0 96 -19
0 98 -94
1 0 -6
1 5 36
1 8 -92
1 9 8
1 10 -21
1 11 -47
1 12 -13
1 16 17
1 18 -92
1 19 44
1 20 73
1 22 19
1 25 69
1 26 -68
1 31 79
1 33 6
1 35 53
1 37 76
1 41 -55
1 43 -74
1 45 -38
1 48 -31
1 49 67
1 50 1
1 52 -13
1 54 24
1 57 17
1 59 73
1 60 -90
1 61 27
1 64 12
1 66 55
1 67 -68
1 70 -34
1 72 80
1 73 -14
1 75 -48
1 76 65
1 78 23
1 81 62
1 83 -73
1 85 49
1 88 94
1 96 -34
1 97 84
2 2 84
2 4 -78
2 5 4
2 6 -31
2 12 11
2 15 -23
2 18 16
2 19 78
2 20 -77
2 31 -36
2 32 -58
2 36 -69
2 39 -88
2 40 -8
2 47 77
2 49 14
2 50 49
2 53 38
2 55 -81
2 59 16
2 61 60
2 62 -27
2 63 36
2 65 72
2 66 -74
2 67 85
2 69 38
2 70 -78
2 71 -34
2 73 -88
2 75 -2
2 76 17
2 79 -40
2 80 9
2 82 -49
2 86 -65
2 91 46
2 92 -85
2 94 -67
2 95 -36
2 96 88
2 99 41
3 2 84
3 4 -57
3 9 58
3 10 55
3 16 38
3 18 28
3 19 62
3 22 55
3 29 -57
3 32 -3
3 34 69
3 35 46
3 37 -1
3 38 -80
3 39 100
3 42 -61
3 43 19
3 47 7
3 49 -85
3 54 -90
3 55 92
3 58 100
3 61 -67
3 64 -46
3 65 -43
3 66 -54
3 67 92
3 69 56
3 76 55
3 78 58
3 80 20
3 81 -9
3 82 -95
3 83 65
3 84 95
3 86 49
3 88 -80
3 92 42
3 95 -36
4 0 -33
4 2 -62
4 4 -39
4 8 -21
4 11 -1
4 18 -76
4 19 99
4 24 63
4 33 71
4 41 65
4 42 85
4 43 93
4 44 -1
4 45 34
4 48 -73
4 51 -36
4 52 89
4 53 -79
4 54 -68
4 56 -14
4 59 61
4 60 -47
4 69 36
4 74 -6
4 75 -22
4 76 100
4 77 93
4 85 -26
4 86 -20
4 89 97
4 90 -9
4 91 -28
4 95 25
5 0 -98
5 2 5
5 3 44
5 7 -45
5 9 -53
5 13 94
5 24 -72
5 26 15
5 27 27
5 28 25
5 30 39
5 33 20
5 34 47
5 37 61
5 40 -21
5 42 92
5 44 97
5 46 43
5 52 59
5 55 -19
5 56 -84
5 57 37
5 59 -46
5 63 -33
5 66 -70
5 67 31
5 68 -71
5 71 -59
5 72 -98
5 73 77
5 74 29
5 75 -70
5 77 3
5 80 44
5 81 -57
5 82 -11
5 86 68
5 91 84
5 92 -54
5 94 52
5 95 99
5 99 33
6 1 -96
6 2 -80
6 3 -18
6 5 -87
6 8 -30
6 9 -45
6 11 -4
6 12 18
6 13 17
6 18 6
6 20 17
6 21 12
6 22 -35
6 24 -92
6 26 -16
6 28 -10
6 32 95
6 34 -89
6 41 -21
6 43 1
6 45 99
6 46 -34
6 47 56
6 48 83
6 49 -73
6 54 -75
6 56 56
6 61 24
6 62 -71
6 66 78
6 68 -72
6 70 56
6 72 -97
6 74 97
6 75 -44
6 77 66
6 78 -79
6 83 59
6 85 67
6 86 -20
6 87 33
6 92 84
6 95 -31
6 98 -13
6 99 91
7 0 37
7 1 81
7 4 -94
7 5 -59
7 10 -93
7 11 62
7 12 9
7 13 76
7 14 29
7 15 75
7 16 -23
7 18 -49
7 19 -22
7 23 16
7 24 41
7 25 -100
7 26 -13
7 38 66
7 39 -9
7 43 69
7 46 -64
7 49 83
7 50 -9
7 52 100
7 53 -86
7 54 86
7 55 71
7 56 57
7 57 79
7 58 37
7 60 2
7 63 -87
7 65 -53
7 70 60
7 71 -43
7 72 90
7 76 29
7 77 77
7 78 -35
7 79 -34
7 80 -96
7 81 98
7 82 -31
7 85 -59
7 86 80
7 89 -81
7 90 11
7 92 -2
7 99 36
8 0 54
8 2 -29
8 4 -7
8 5 28
8 6 64
8 10 43
8 11 -10
8 12 62
8 13 -63
8 14 -74
8 15 -6
8 22 52
8 24 87
8 26 95
8 27 -60
8 30 -97
8 31 99
8 33 -59
8 36 92
8 39 -94
8 43 -3
8 44 34
8 46 68
8 49 87
8 51 71
8 52 14
8 55 26
8 61 76
8 62 71
8 64 -61
8 65 98
8 66 -35
8 67 -57
8 71 62
8 74 -2
8 75 83
8 76 -7
8 77 90
8 79 82
8 80 68
8 81 10
8 83 94
8 85 -2
8 87 -68
8 96 51
8 98 -40
8 99 41
9 0 99
9 6 15
9 7 -65
9 9 55
9 13 20
9 17 -26
9 27 29
9 28 -78
9 30 19
9 31 -54
9 33 -85
9 34 -16
9 36 82
9 37 -77
9 38 86
9 39 66
9 42 -22
9 49 29
9 53 32
9 57 -45
9 58 -40
9 59 -36
9 63 8
9 65 7
9 67 81
9 69 -24
9 74 -37
9 76 98
9 80 16
9 82 100
9 85 -70
9 86 -9
9 91 55
9 92 -69
9 94 -76
9 95 28
9 96 -98
9 97 45
10 0 -80
10 1 -83
10 5 33
10 7 -19
10 9 -98
10 12 -81
10 13 -78
10 14 90
10 19 12
10 20 32
10 21 -35
10 22 60
10 23 68
10 25 14
10 27 -47
10 30 21
10 32 -100
10 36 -21
10 40 -45
10 42 58
10 43 -66
10 44 58
10 45 77
10 46 18
10 47 97
10 49 -70
10 56 91
10 58 -5
10 59 83
10 63 -3
10 67 -80
10 68 -9
10 69 -50
10 72 64
10 75 62
10 77 -30
10 78 55
10 79 -55
10 81 -9
10 87 71
10 89 76
10 91 5
10 92 -16
10 93 35
10 95 5
10 96 52
10 97 4
10 99 -23
11 3 -52
11 4 -11
11 7 95
11 9 -81
11 10 -45
11 15 -44
11 18 72
11 22 100
11 27 14
11 34 -29
11 38 -4
11 42 13
11 43 56
11 45 -8
11 48 85
11 49 -20
11 51 -15
11 52 5
11 53 -88
11 54 22
11 56 -11
11 64 3
11 66 91
11 68 -75
11 69 15
11 70 98
11 73 -99
11 76 -51
11 80 -47
11 87 -37
11 88 -2
11 89 -24
11 94 20
11 95 26
12 0 82
12 1 35
12 3 39
12 4 -66
12 6 70
12 9 -40
12 11 -79
12 13 -46
12 15 -4
12 19 -87
12 21 27
12 22 -82
12 24 -47
12 25 3
12 27 -90
12 32 -38
12 33 -74
12 35 84
12 40 85
12 41 -54
12 42 93
12 43 71
12 44 5
12 47 91
12 48 -69
12 50 -13
12 53 72
12 55 -7
12 56 -50
12 58 86
12 65 -32
12 66 -32
12 68 11
12 77 22
12 80 30
12 84 85
12 85 6
12 90 56
12 91 83
12 92 -31
12 93 -38
12 96 52
12 98 -5
13 0 99
13 1 -91
13 2 78
13 5 -66
13 8 -79
13 17 81
13 18 89
13 20 -38
13 22 74
13 25 -55
13 26 -97
13 27 77
13 28 45
13 30 -88
13 32 19
13 34 -76
13 40 41
13 42 13
13 43 -35
13 46 43
13 47 -37
13 49 -51
13 50 -41
13 51 39
13 54 -100
13 55 75
13 57 -50
13 60 -40
13 62 21
13 69 9
13 72 -40
13 74 74
13 76 -88
13 77 -58
13 81 99
13 84 66
13 86 76
13 88 33
13 89 -20
13 92 -54
13 95 46
13 98 55
14 1 -98
14 2 -86
14 4 90
14 5 9
14 10 41
14 14 -12
14 18 -25
14 19 30
14 20 6
14 23 61
14 24 5
14 32 84
14 33 79
14 35 -17
14 37 29
14 38 64
14 39 -73
14 40 68
14 41 30
14 45 37
14 47 48
14 48 -13
14 51 31
14 52 -40
14 57 95
14 59 -94
14 61 -81
14 63 -12
14 65 28
14 66 -66
14 69 -34
14 78 -93
14 79 58
14 84 31
14 86 67
15 0 -89
15 3 -45
15 4 53
15 10 35
15 12 -60
15 13 -33
15 16 92
15 17 -5
15 20 -94
15 22 48
15 23 63
15 24 -10
15 25 -25
15 27 21
15 28 -29
15 31 54
15 32 61
15 41 -67
15 42 84
15 44 -5
15 46 -41
15 48 -90
15 49 85
15 52 62
15 55 -54
15 56 64
15 60 82
15 61 33
15 65 56
15 69 89
15 71 -29
15 72 88
15 75 88
15 76 -89
15 77 76
15 79 -24
15 86 30
15 87 58
15 88 57
15 89 74
15 90 -22
15 93 -61
15 95 -24
15 98 -23
16 0 15
16 3 -4
16 5 98
16 6 -53
16 8 82
16 10 55
16 17 56
16 19 -42
16 20 -61
16 22 74
16 23 62
16 24 -52
16 27 -28
16 29 -2
16 32 85
16 40 -58
16 41 23
16 42 -23
16 49 7
16 50 64
16 53 41
16 54 -93
16 56 -53
16 58 16
16 61 -12
16 63 -91
16 64 69
16 66 30
16 67 -29
16 68 63
16 71 77
16 72 97
16 73 17
16 75 -87
16 76 56
16 77 19
16 82 22
16 83 -44
16 86 -23
16 87 25
16 88 65
16 89 68
16 90 1
16 96 69
16 99 -61
17 1 -5
17 2 -7
17 5 19
17 15 17
17 16 31
17 17 89
17 21 6
17 22 65
17 24 -95
17 25 -87
17 29 61
17 31 -80
17 34 -1
17 36 -17
17 39 -42
17 40 76
17 41 58
17 43 -96
17 44 85
17 46 -26
17 47 -82
17 52 -22
17 53 -33
17 56 25
17 57 82
17 59 -36
17 60 14
17 61 18
17 63 35
17 64 -87
17 65 50
17 66 11
17 78 77
17 79 -60
17 80 46
17 81 84
17 83 -73
17 84 2
17 89 93
17 93 52
17 94 -60
17 95 -14
17 99 15
18 0 13
18 1 -19
18 3 60
18 9 -46
18 13 22
18 15 -43
18 22 -23
18 23 -3
18 24 -95
18 28 2
18 29 -20
18 31 -41
18 33 14
18 34 -49
18 35 27
18 37 16
18 40 -5
18 41 -66
18 44 -7
18 49 55
18 55 -6
18 56 41
18 57 49
18 58 -65
18 60 55
18 62 -12
18 63 2
18 69 29
18 70 71
18 71 34
18 72 -95
18 73 -22
18 79 -65
18 80 -45
18 84 -7
18 86 -52
18 98 22
18 99 -42
19 0 97
19 2 38
19 3 80
19 4 -34
19 9 -67
19 11 7
19 13 -36
19 18 8
19 21 67
19 22 43
19 23 -38
19 25 97
19 26 -11
19 28 -49
19 30 41
19 31 -7
19 33 -26
19 34 33
19 35 -29
19 37 56
19 38 -84
19 39 -77
19 42 -63
19 44 -35
19 46 91
19 47 31
19 48 13
19 49 73
19 53 -68
19 55 30
19 57 -33
19 58 -59
19 65 -46
19 66 81
19 67 -4
19 68 44
19 69 85
19 71 -74
19 73 -64
19 74 -88
19 75 -95
19 76 -89
19 87 99
19 89 -32
19 92 -11
19 93 -94
19 94 7
19 97 68
19 98 -31
19 99 6
20 0 29
20 3 26
20 4 66
20 5 39
20 7 90
20 10 -22
20 13 1
20 14 -19
20 18 44
20 19 -96
20 20 -47
20 25 76
20 26 92
20 27 -78
20 32 98
20 39 -13
20 44 -27
20 49 81
20 50 71
20 52 -51
20 54 -27
20 57 3
20 58 67
20 59 59
20 60 -99
20 63 -46
20 65 67
20 67 -100
20 68 35
20 69 2
20 75 66
20 76 35
20 80 -18
20 82 -10
20 84 -74
20 87 74
20 88 -68
20 89 40
20 90 -61
20 91 77
20 95 -61
20 96 20
20 99 -25
21 0 -63
21 7 21
21 8 -21
21 10 -14
21 14 3
21 17 19
21 20 52
21 21 -11
21 23 12
21 25 63
21 27 -58
21 29 -6
21 30 -56
21 31 -2
21 32 -73
21 33 -94
21 35 -54
21 37 -24
21 38 34
21 39 -57
21 45 -84
21 46 -67
21 50 75
21 52 62
21 55 64
21 62 70
21 70 -71
21 71 -83
21 74 -63
21 76 54
21 77 -85
21 79 -79
21 82 37
21 83 100
21 89 64
21 90 65
21 94 -66
21 96 -46
22 3 -14
22 8 -36
22 11 29
22 15 -7
22 16 -53
22 25 11
22 26 90
22 27 72
22 30 -18
22 35 -97
22 37 90
22 38 87
22 39 34
22 43 76
22 46 -89
22 47 -29
22 49 53
22 50 -4
22 52 57
22 57 -42
22 59 42
22 60 -44
22 61 -84
22 63 63
22 65 -13
22 68 -79
22 71 -99
22 72 34
22 73 19
22 78 71
22 79 -37
22 85 59
22 88 66
22 89 96
22 90 43
22 92 65
22 94 -87
22 96 -10
22 97 -43
23 1 86
23 3 -82
23 4 34
23 5 3
23 8 -42
23 10 -2
23 15 10
23 16 -94
23 17 -12
23 18 66
23 23 -13
23 24 -65
23 30 -80
23 32 -43
23 33 -34
23 35 -77
23 39 13
23 42 49
23 43 28
23 47 36
23 49 93
23 53 -67
23 54 39
23 56 24
23 57 26
23 60 69
23 62 5
23 64 -32
23 65 -93
23 66 90
23 67 22
23 69 -55
23 72 17
23 73 -45
23 75 -59
23 77 -9
23 81 46
23 83 -66
23 84 9
23 92 -41
23 93 -52
23 94 63
23 95 -38
24 0 62
24 4 -53
24 6 -6
24 7 -66
24 10 55
24 12 -50
24 13 77
24 16 -21
24 19 -66
24 20 -46
24 21 -34
24 30 -13
24 32 -2
24 33 -4
24 35 -49
24 40 -47
24 41 -48
24 44 -66
24 49 -2
24 55 82
24 58 -99
24 59 -2
24 61 -41
24 65 -13
24 67 -7
24 69 9
24 74 -72
24 76 22
24 80 97
24 81 -33
24 84 27
24 85 59
24 86 34
24 87 -35
24 88 -95
24 89 -25
24 90 -49
24 92 53
24 93 36
24 97 -46
24 98 46
25 2 -82
25 4 -65
25 5 -72
25 8 -81
25 9 4
25 12 4
25 13 85
25 15 14
25 18 -86
25 19 -57
25 28 -6
25 30 81
25 32 5
25 35 35
25 37 25
25 43 -9
25 46 -15
25 47 -87
25 51 87
25 52 -91
25 54 -94
25 55 -7
25 60 -42
25 61 -80
25 64 50
25 65 -1
25 68 -39
25 69 36
25 71 57
25 76 9
25 77 -18
25 79 -47
25 82 -50
25 83 -50
25 87 95
25 88 -62
25 89 -26
25 91 -41
25 94 38
26 0 -64
26 1 -60
26 7 -54
26 13 15
26 14 -98
26 15 -4
26 16 -28
26 18 65
26 20 -85
26 22 -56
26 23 5
26 25 75
26 27 52
26 29 -69
26 31 -90
26 36 83
26 39 -35
26 42 58
26 43 -65
26 45 75
26 47 -12
26 49 -84
26 50 65
26 51 10
26 52 -12
26 61 56
26 62 -81
26 64 -64
26 65 -29
26 68 -35
26 70 -88
26 74 -45
26 75 -42
26 78 -88
26 79 -44
26 81 32
26 84 -45
26 86 33
26 90 10
26 95 -73
26 98 69
26 99 -66
27 3 34
27 4 -43
27 5 -36
27 6 -37
27 8 38
27 10 74
27 13 10
27 15 43
27 17 -54
27 21 -27
27 29 -39
27 32 -90
27 35 94
27 37 63
27 42 -68
27 45 -67
27 46 -65
27 47 -73
27 49 48
27 50 -61
27 51 -50
27 53 -67
27 54 -62
27 55 -91
27 56 -59
27 67 7
27 69 73
27 71 -4
27 74 -18
27 75 67
27 78 50
27 79 60
27 81 -15
27 84 78
27 85 25
27 86 -49
27 88 -29
27 93 7
27 97 13
27 98 67
28 5 23
28 7 48
28 9 99
28 12 91
28 16 21
28 18 -81
28 19 -92
28 20 -19
28 23 -93
28 25 49
28 26 -7
28 27 99
28 30 -36
28 31 36
28 32 87
28 33 2
28 34 90
28 36 61
28 39 -20
28 42 -99
28 45 30
28 48 21
28 52 -95
28 53 41
28 54 82
28 57 63
28 60 48
28 64 100
28 67 83
28 69 -71
28 72 -41
28 73 -7
28 74 68
28 81 -48
28 83 4
28 84 25
28 88 54
28 91 -28
28 92 -54
28 96 -22
29 0 -80
29 2 -53
29 4 77
29 6 -100
29 7 85
29 8 -53
29 13 -66
29 14 30
29 17 -26
29 18 86
29 19 -92
29 20 73
29 23 53
29 24 -35
29 29 92
29 32 -54
29 35 -50
29 37 53
29 39 6
29 41 64
29 42 67
29 49 -87
29 51 34
29 53 100
29 54 -35
29 56 3
29 58 -60
29 61 -62
29 62 96
29 65 -9
29 66 -91
29 68 81
29 72 -61
29 75 96
29 80 -14
29 82 -13
29 84 32
29 93 -80
29 94 -56
29 95 48
29 96 -67
29 97 -71
29 98 -91
29 99 -79
30 0 -61
30 1 56
30 4 -76
30 5 -39
30 7 45
30 9 -90
30 12 -5
30 14 4
30 19 18
30 22 -47
30 24 -85
30 25 -59
30 28 81
30 30 67
30 34 48
30 39 -92
30 40 -9
30 41 -14
30 46 52
30 47 -86
30 48 5
30 50 -32
30 54 80
30 56 57
30 59 -98
30 63 -65
30 65 37
30 71 7
30 74 -46
30 76 67
30 77 -63
30 78 84
30 79 90
30 81 58
30 89 86
30 92 18
30 94 -41
30 95 -41
30 97 21
31 1 14
31 2 -51
31 4 -5
31 5 66
31 6 19
31 10 -36
31 12 21
31 14 23
31 18 -27
31 21 50
31 23 60
31 27 -48
31 30 65
31 34 -64
31 35 26
31 38 -76
31 44 99
31 47 -78
31 51 56
31 52 43
31 54 -45
31 55 60
31 56 12
31 57 -11
31 59 -76
31 61 -86
31 64 99
31 65 44
31 67 96
31 68 -3
31 73 100
31 76 -68
31 77 34
31 79 -51
31 82 9
31 89 -100
31 90 -3
31 91 -74
31 94 -50
31 97 -5
31 98 82
31 99 65
32 0 18
32 1 77
32 3 -19
32 7 -41
32 10 -62
32 11 21
32 13 85
32 15 27
32 16 20
32 23 74
32 26 -13
32 27 87
32 28 37
32 32 -13
32 33 -56
32 34 -21
32 37 52
32 40 -45
32 43 -60
32 46 98
32 55 22
32 56 93
32 57 -93
32 60 28
32 62 24
32 65 -59
32 66 -29
32 68 36
32 69 57
32 74 37
32 75 10
32 77 -61
32 78 60
32 80 -62
32 81 -77
32 85 25
32 91 -2
32 92 39
32 93 98
32 94 79
32 95 -89
32 97 68
32 99 51
33 0 85
33 2 15
33 3 15
33 7 15
33 9 -67
33 10 68
33 12 62
33 14 -64
33 17 -17
33 18 -99
33 20 -57
33 22 -35
33 23 24
33 25 -32
33 27 -5
33 28 43
33 31 -65
33 36 -10
33 41 -35
33 42 49
33 44 36
33 45 66
33 46 33
33 47 99
33 49 80
33 50 92
33 53 49
33 58 -47
33 61 3
33 62 -6
33 64 69
33 67 11
33 68 -16
33 70 48
33 73 35
33 77 62
33 78 -32
33 80 87
33 84 35
33 86 23
33 88 -64
33 90 -20
33 93 -59
33 95 -53
34 2 -70
34 5 -56
34 8 -39
34 9 48
34 10 -55
34 15 5
34 16 -38
34 18 -2
34 19 -78
34 20 2
34 21 -33
34 24 21
34 26 48
34 27 -9
34 28 -21
34 29 56
34 32 40
34 33 -68
34 37 8
34 38 -34
34 40 14
34 42 7
34 43 32
34 44 -16
34 45 4
34 46 -31
34 48 -38
34 50 92
34 54 66
34 56 -73
34 61 40
34 62 -66
34 70 -9
34 74 -50
34 77 61
34 78 38
34 79 -56
34 80 42
34 81 -94
34 82 -92
34 85 -10
34 90 27
34 91 -25
34 92 33
34 95 -53
34 98 66
35 0 -49
35 3 93
35 4 -84
35 5 -100
35 6 26
35 8 1
35 9 84
35 10 -50
35 11 -48
35 14 48
35 18 -3
35 21 10
35 22 8
35 24 18
35 26 -16
35 30 33
35 31 -91
35 33 -54
35 34 -33
35 36 22
35 37 -59
35 38 40
35 40 60
35 41 75
35 42 -70
35 43 97
35 44 98
35 46 51
35 48 -42
35 49 88
35 51 -45
35 55 -18
35 56 17
35 62 -91
35 63 -32
35 64 87
35 67 6
35 68 39
35 75 -15
35 76 34
35 77 97
35 79 -54
35 82 33
35 85 20
35 88 89
36 2 52
36 4 85
36 8 -9
36 11 -63
36 12 -27
36 15 32
36 18 -12
36 19 -18
36 22 -28
36 25 28
36 29 -56
36 31 80
36 32 90
36 33 56
36 35 -57
36 38 20
36 40 46
36 42 69
36 45 47
36 49 -48
36 52 -99
36 58 26
36 59 -48
36 60 -65
36 61 -36
36 62 64
36 63 -85
36 66 62
36 68 -88
36 69 45
36 71 -51
36 73 -86
36 76 42
36 77 -42
36 82 -79
36 83 97
36 84 -82
36 85 -62
36 88 1
36 93 80
36 94 -81
36 95 12
36 96 53
36 97 26
36 98 80
37 3 15
37 6 -82
37 7 -44
37 10 79
37 16 -52
37 17 -21
37 19 -67
37 22 36
37 27 3
37 29 76
37 31 -43
37 33 53
37 34 -33
37 35 88
37 36 14
37 37 70
37 38 -13
37 40 -79
37 42 -83
37 43 80
37 44 -97
37 48 37
37 49 -83
37 53 77
37 56 73
37 57 -17
37 60 -65
37 63 61
37 65 4
37 68 22
37 70 78
37 72 13
37 76 -97
37 82 -67
37 84 14
37 87 -30
37 90 22
37 91 -85
37 93 66
37 97 -19
37 99 -77
38 2 27
38 3 -29
38 4 14
38 7 6
38 8 -65
38 9 -7
38 11 30
38 13 -100
38 14 87
38 16 53
38 17 -72
38 18 81
38 22 -74
38 25 83
38 28 23
38 30 4
38 31 -33
38 33 -15
38 39 -78
38 44 -11
38 45 -16
38 48 50
38 51 -46
38 52 10
38 53 100
38 56 -10
38 57 36
38 61 9
38 62 -5
38 63 -71
38 64 -82
38 68 -74
38 70 -12
38 71 62
38 73 58
38 74 -1
38 75 -70
38 76 33
38 77 -49
38 79 72
38 81 82
38 87 -46
38 89 -69
38 90 27
38 92 73
38 93 -52
38 96 44
38 97 28
39 14 -20
39 15 94
39 16 94
39 18 -65
39 20 -80
39 21 -42
39 22 -17
39 23 -67
39 25 19
39 27 7
39 29 50
39 30 -54
39 38 -96
39 40 -3
39 41 -100
39 42 -50
39 44 54
39 47 -49
39 48 -71
39 51 -26
39 53 45
39 54 4
39 59 -30
39 60 33
39 61 95
39 62 20
39 67 -37
39 70 35
39 71 99
39 72 82
39 74 40
39 76 -13
39 78 94
39 79 -92
39 82 74
39 87 59
39 90 70
39 92 63
39 94 -91
39 97 -42
39 99 -4
40 0 -23
40 3 8
40 5 -65
40 9 -75
40 13 -35
40 16 12
40 21 47
40 22 -66
40 23 -22
40 25 -90
40 26 -77
40 30 -91
40 34 -42
40 39 -40
40 46 90
40 47 4
40 48 45
40 49 -22
40 53 58
40 55 11
40 57 22
40 59 56
40 63 -84
40 64 66
40 68 33
40 70 20
40 75 21
40 79 59
40 80 13
40 82 -48
40 87 68
40 88 40
40 92 70
40 94 -67
40 97 43
41 2 -38
41 4 -11
41 5 31
41 7 -56
41 8 -18
41 14 -90
41 18 -60
41 22 -35
41 23 -43
41 28 -12
41 35 74
41 46 -94
41 47 -35
41 51 53
41 57 -76
41 60 -97
41 65 35
41 68 -18
41 69 -96
41 73 -90
41 74 36
41 76 -14
41 77 -73
41 82 -18
41 85 -28
41 87 -100
41 89 41
41 90 97
41 91 61
41 92 -96
41 94 22
41 99 45
42 0 -74
42 1 -57
42 6 -12
42 8 53
42 9 53
42 10 -87
42 12 -21
42 13 78
42 18 -53
42 21 -59
42 24 35
42 26 -90
42 31 48
42 35 -6
42 36 38
42 37 7
42 38 -10
42 40 14
42 42 5
42 43 -93
42 44 -48
42 46 -44
42 47 16
42 48 92
42 49 -58
42 50 -8
42 51 -16
42 52 -64
42 53 92
42 54 91
42 55 -54
42 58 -6
42 74 -35
42 75 -84
42 77 65
42 81 -42
42 83 92
42 86 87
42 90 27
42 96 -70
42 98 -33
43 4 47
43 7 16
43 8 -61
43 9 44
43 10 -77
43 11 -30
43 14 24
43 15 5
43 19 21
43 22 -69
43 23 -1
43 24 88
43 25 -45
43 26 29
43 27 80
43 28 32
43 30 93
43 32 -51
43 40 99
43 44 -14
43 47 -4
43 48 95
43 49 -85
43 53 -5
43 54 40
43 55 87
43 59 -48
43 64 -57
43 66 81
43 70 40
43 71 -93
43 72 1
43 81 77
43 82 80
43 84 -83
43 85 19
43 88 -14
43 89 -97
43 91 -90
43 97 29
43 99 97
44 2 -38
44 3 -93
44 5 88
44 6 -9
44 7 88
44 8 72
44 12 81
44 13 60
44 14 4
44 17 38
44 18 29
44 21 51
44 24 66
44 25 -8
44 27 58
44 28 -57
44 29 37
44 31 -83
44 34 57
44 37 79
44 38 -60
44 41 95
44 44 62
44 45 -62
44 46 -46
44 47 -12
44 49 94
44 53 -39
44 58 -75
44 60 -45
44 62 11
44 63 -73
44 64 61
44 68 66
44 71 -9
44 72 -75
44 73 69
44 74 42
44 75 21
44 81 -70
44 82 86
44 86 70
44 87 94
44 89 45
44 92 97
44 94 -94
44 95 -36
44 97 80
44 98 -40
45 0 -95
45 5 78
45 8 75
45 12 17
45 13 -46
45 14 27
45 15 17
45 16 -14
45 17 7
45 18 76
45 21 -3
45 22 -23
45 32 -22
45 34 -15
45 35 88
45 36 25
45 38 -56
45 44 -68
45 47 -71
45 48 72
45 49 -57
45 53 44
45 54 67
45 55 -1
45 61 55
45 62 60
45 65 19
45 66 -16
45 67 28
45 68 -35
45 70 47
45 71 79
45 83 78
45 87 -28
45 88 41
45 91 -84
45 98 -31
46 1 -62
46 3 -13
46 4 -99
46 8 -50
46 9 -97
46 12 40
46 16 2
46 18 -65
46 26 17
46 27 70
46 33 18
46 34 36
46 35 -19
46 36 21
46 37 41
46 42 43
46 43 -21
46 44 96
46 46 -6
46 51 -8
46 53 -39
46 55 -92
46 56 99
46 57 58
46 60 22
46 61 -90
46 63 11
46 67 86
46 68 -32
46 71 -78
46 73 -19
46 74 55
46 76 -22
46 77 22
46 78 -64
46 81 80
46 84 80
46 85 67
46 89 -3
46 92 35
46 94 -81
46 96 -44
46 99 75
47 1 8
47 2 44
47 4 31
47 5 -16
47 9 -47
47 10 -10
47 13 -37
47 14 66
47 15 -18
47 17 -43
47 19 57
47 24 -65
47 28 6
47 30 -32
47 33 -12
47 35 65
47 38 7
47 41 73
47 49 -39
47 50 -76
47 53 -45
47 54 51
47 55 15
47 56 -87
47 60 35
47 63 89
47 64 -55
47 69 16
47 70 10
47 72 -89
47 73 -72
47 78 84
47 81 -3
47 82 -49
47 83 -30
47 85 -33
47 88 29
47 90 -53
47 92 46
47 93 -53
48 1 -99
48 3 96
48 5 -94
48 8 74
48 9 -1
48 12 57
48 19 29
48 21 -87
48 22 9
48 25 52
48 28 -56
48 31 60
48 32 97
48 35 56
48 39 -43
48 41 85
48 42 4
48 45 -37
48 49 -77
48 50 75
48 51 -78
48 53 -31
48 54 -99
48 60 -12
48 64 -67
48 65 63
48 69 -38
48 70 -36
48 73 -11
48 74 74
48 75 -83
48 78 81
48 79 93
48 81 -28
48 84 96
48 85 86
48 87 7
48 91 18
48 95 -16
48 96 -30
48 98 -98
49 0 -37
49 9 55
49 10 51
49 14 77
49 16 -35
49 17 -24
49 18 -56
49 22 57
49 24 13
49 25 58
49 29 31
49 30 43
49 32 100
49 38 21
49 40 -96
49 45 29
49 53 -42
49 54 88
49 56 -40
49 59 -45
49 63 -47
49 67 -54
49 68 38
49 71 87
49 73 -79
49 82 80
49 85 75
49 86 -91
49 89 -89
49 91 61
49 92 72
49 95 -66
49 96 21
49 98 -32
50 0 10
50 2 -52
50 3 -28
50 5 41
50 7 -17
50 8 -70
50 10 15
50 12 -59
50 14 -23
50 15 66
50 17 -37
50 19 -73
50 21 -36
50 23 2
50 27 -15
50 29 -19
50 31 -77
50 35 34
50 38 -90
50 41 11
50 44 23
50 47 -42
50 51 -32
50 58 36
50 59 31
50 62 -57
50 63 51
50 67 1
50 69 27
50 80 11
50 82 -69
50 84 34
50 85 -89
50 86 -72
50 88 -28
50 92 86
50 94 -6
50 95 -51
50 98 -68
51 2 1
51 3 -56
51 4 -70
51 5 -16
51 6 -77
51 7 43
51 8 34
51 12 -67
51 15 68
51 16 9
51 19 17
51 23 -66
51 24 81
51 25 -85
51 27 73
51 31 -46
51 34 -1
51 37 -90
51 38 -29
51 43 -35
51 44 94
51 46 85
51 49 30
51 52 74
51 55 9
51 58 82
51 59 99
51 60 -67
51 61 13
51 62 -20
51 68 -66
51 69 -77
51 70 -8
51 75 -50
51 76 -84
51 79 36
51 84 -20
51 88 26
51 90 59
51 94 -74
51 95 99
52 1 -43
52 4 61
52 5 -20
52 9 -60
52 10 81
52 11 -39
52 12 -52
52 21 -98
52 23 -85
52 26 10
52 29 -42
52 30 -31
52 31 8
52 32 -38
52 33 -23
52 37 -47
52 38 62
52 39 -58
52 40 -4
52 41 10
52 42 -38
52 43 -23
52 44 99
52 47 -2
52 49 -78
52 50 83
52 51 -93
52 53 59
52 55 -85
52 57 67
52 66 90
52 71 8
52 72 -44
52 73 -37
52 74 -39
52 76 -62
52 77 -8
52 78 -42
52 79 -62
52 80 31
52 81 -88
52 83 3
52 90 40
52 91 -36
52 94 -92
52 98 -46
53 2 -2
53 4 -87
53 6 49
53 9 -99
53 10 -88
53 11 81
53 14 -10
53 18 29
53 19 16
53 24 5
53 29 66
53 30 58
53 31 95
53 32 -2
53 33 -55
53 36 94
53 39 53
53 43 43
53 46 -97
53 47 -5
53 58 -2
53 59 -5
53 61 68
53 66 28
53 68 -27
53 71 -97
53 72 -3
53 75 78
53 77 94
53 79 52
53 81 -8
53 85 -3
53 86 3
53 89 -11
53 90 -37
53 93 -91
53 94 47
53 95 -4
53 97 -74
54 1 73
54 3 20
54 4 31
54 6 17
54 7 -61
54 13 -35
54 16 -80
54 17 -14
54 19 -76
54 21 -68
54 22 -84
54 23 67
54 25 -7
54 28 74
54 32 37
54 33 -37
54 35 82
54 36 53
54 37 -2
54 38 -44
54 39 79
54 47 22
54 50 80
54 51 78
54 53 -59
54 57 -38
54 60 -2
54 62 -40
54 63 4
54 66 14
54 67 69
54 68 -43
54 70 12
54 74 -48
54 75 -66
54 76 24
54 77 -26
54 81 -84
54 83 -6
54 84 -7
54 86 -92
54 88 92
54 92 82
54 93 24
54 96 11
54 97 51
54 99 -26
55 0 -16
55 1 -90
55 4 -24
55 5 -68
55 6 -49
55 7 -94
55 8 67
55 9 -8
55 10 75
55 15 24
55 16 -71
55 19 -19
55 24 -38
55 31 47
55 34 13
55 35 35
55 36 -19
55 38 99
55 43 -89
55 44 -72
55 47 -86
55 50 -75
55 53 -28
55 57 -61
55 60 -97
55 61 82
55 63 33
55 65 -93
55 67 -71
55 68 37
55 70 -67
55 71 77
55 72 69
55 77 -20
55 81 -91
55 84 24
55 85 82
55 87 -81
55 88 64
55 89 59
55 91 -80
55 92 -17
55 95 -88
55 98 -100
56 3 -98
56 5 -15
56 7 -62
56 8 -62
56 10 36
56 14 10
56 16 5
56 18 71
56 22 2
56 23 41
56 24 69
56 25 58
56 27 11
56 28 39
56 30 -78
56 33 -10
56 39 -64
56 45 -70
56 46 98
56 49 -76
56 51 -62
56 52 -6
56 58 9
56 59 96
56 62 -57
56 63 25
56 64 46
56 67 13
56 73 -70
56 78 -16
56 79 71
56 80 -94
56 82 -10
56 86 -71
56 87 87
56 88 -35
56 90 88
56 91 94
56 93 3
56 94 -78
56 96 -84
56 98 62
56 99 -75
57 3 -57
57 5 25
57 7 -1
57 8 -40
57 9 1
57 10 41
57 12 -85
57 13 11
57 17 -6
57 18 -90
57 19 -3
57 22 -8
57 24 -14
57 26 4
57 27 8
57 28 74
57 29 70
57 32 -6
57 34 -38
57 41 10
57 43 -18
57 44 93
57 45 -2
57 47 -17
57 48 80
57 49 -84
57 50 8
57 54 85
57 55 -48
57 56 -33
57 57 -69
57 58 -70
57 63 83
57 65 -17
57 68 66
57 69 7
57 70 -89
57 73 -62
57 74 63
57 75 1
57 77 -95
57 79 86
57 81 25
57 82 77
57 83 -7
57 84 -35
57 86 52
57 90 86
57 97 54
57 98 61
58 2 8
58 3 -17
58 4 -9
58 5 72
58 7 45
58 9 -38
58 11 -51
58 17 98
58 20 25
58 23 28
58 24 74
58 32 14
58 33 -16
58 35 -91
58 36 60
58 37 24
58 38 9
58 40 25
58 42 70
58 50 13
58 51 31
58 52 85
58 57 -31
58 59 -10
58 60 -4
58 64 48
58 68 47
58 70 55
58 71 19
58 74 -16
58 75 3
58 78 88
58 81 -18
58 83 -15
58 85 -52
58 86 -72
58 88 81
58 89 94
58 90 -83
58 93 -70
58 94 89
58 95 -74
58 96 94
59 1 -11
59 4 53
59 10 18
59 14 -80
59 15 -62
59 18 -33
59 19 -49
59 20 11
59 21 -44
59 22 -19
59 24 -18
59 25 19
59 27 -30
59 33 -39
59 35 -22
59 36 -40
59 37 94
59 41 -10
59 44 -72
59 46 -75
59 47 96
59 49 42
59 50 -95
59 58 -22
59 59 70
59 64 96
59 65 -97
59 66 -14
59 67 -97
59 69 -11
59 70 -35
59 72 -1
59 74 -57
59 75 21
59 77 -2
59 79 17
59 82 98
59 87 74
59 88 -42
59 89 -10
59 90 -15
59 92 91
59 95 -23
59 97 -29
59 98 8
60 1 77
60 3 -29
60 7 -1
60 10 95
60 12 -47
60 16 58
60 18 59
60 20 47
60 21 32
60 22 39
60 27 -32
60 29 80
60 33 -24
60 35 39
60 36 -7
60 38 37
60 39 39
60 42 99
60 43 66
60 44 76
60 45 86
60 48 -50
60 49 9
60 51 45
60 52 -60
60 59 -79
60 64 53
60 70 -87
60 71 -39
60 73 -66
60 75 3
60 76 -64
60 79 -15
60 81 -43
60 83 75
60 84 64
60 85 49
60 87 -56
60 88 53
60 89 -24
60 93 96
61 2 67
61 3 -87
61 6 42
61 7 -28
61 10 3
61 13 -6
61 14 5
61 21 98
61 26 -62
61 27 34
61 30 -40
61 34 87
61 35 93
61 36 -45
61 37 77
61 38 -68
61 40 -36
61 41 -38
61 44 -22
61 45 7
61 47 38
61 52 27
61 54 -68
61 55 26
61 60 -70
61 61 86
61 62 -12
61 66 98
61 67 80
61 69 -66
61 75 81
61 80 58
61 84 14
61 86 -16
61 88 55
61 97 11
62 0 71
62 1 34
62 3 -11
62 5 12
62 7 -84
62 8 56
62 11 99
62 13 -95
62 16 -26
62 19 50
62 20 -44
62 22 -20
62 24 -30
62 26 -49
62 30 -74
62 31 -40
62 34 -97
62 36 -63
62 43 -73
62 58 96
62 61 -66
62 64 71
62 65 -96
62 66 88
62 68 -71
62 70 -20
62 74 59
62 76 63
62 85 96
62 88 -29
62 89 32
62 91 -30
62 92 90
62 93 59
62 95 -70
62 99 -97
63 1 29
63 8 99
63 9 51
63 10 76
63 11 91
63 12 64
63 13 -38
63 16 100
63 17 22
63 18 34
63 25 -32
63 29 -8
63 30 -11
63 32 -62
63 33 -59
63 35 74
63 40 -47
63 42 -74
63 43 -77
63 47 94
63 54 89
63 57 -95
63 59 25
63 62 -84
63 66 25
63 68 45
63 69 -80
63 70 -65
63 71 99
63 76 -19
63 82 85
63 84 -22
63 85 38
63 92 -97
63 94 100
63 96 32
63 98 -77
63 99 -2
64 0 40
64 1 73
64 2 -5
64 4 47
64 9 -5
64 10 85
64 11 -91
64 13 -75
64 14 -54
64 15 -96
64 18 -20
64 23 -34
64 24 -34
64 26 -93
64 27 -100
64 37 -98
64 39 32
64 45 -25
64 47 15
64 50 54
64 52 18
64 54 -84
64 55 21
64 56 -93
64 58 62
64 59 91
64 60 -16
64 63 71
64 64 -24
64 67 -38
64 68 85
64 69 -26
64 70 -62
64 74 44
64 77 8
64 78 -70
64 79 89
64 80 -5
64 81 60
64 82 -39
64 83 -18
64 84 -69
64 86 54
64 95 -12
64 97 -73
64 99 -56
65 1 43
65 4 -59
65 10 -60
65 11 47
65 12 -92
65 17 63
65 19 -85
65 21 37
65 23 32
65 28 2
65 32 68
65 33 -22
65 35 -26
65 36 -56
65 38 -52
65 40 -7
65 42 35
65 44 97
65 45 10
65 48 -9
65 50 -51
65 53 -11
65 56 -89
65 58 91
65 63 81
65 64 -97
65 65 -33
65 68 10
65 70 -54
65 77 35
65 78 -73
65 80 -23
65 84 74
65 85 -21
65 88 -41
65 92 4
65 93 73
65 94 -82
65 96 -43
65 97 -48
65 98 95
66 0 -94
66 3 -30
66 4 -45
66 9 59
66 12 -32
66 13 24
66 14 88
66 16 -25
66 18 30
66 19 43
66 21 31
66 22 16
66 23 30
66 24 56
66 25 -83
66 26 -22
66 31 62
66 33 -49
66 34 60
66 36 -74
66 39 70
66 41 -59
66 44 -73
66 46 92
66 47 -46
66 51 -37
66 54 10
66 56 17
66 58 -4
66 62 -79
66 66 73
66 71 -52
66 72 63
66 74 -12
66 76 27
66 78 32
66 79 -8
66 82 89
66 83 -2
66 91 -23
66 92 -14
66 94 -35
66 96 82
67 0 -97
67 5 89
67 8 -49
67 11 32
67 12 -11
67 13 18
67 14 -24
67 15 61
67 19 -16
67 21 37
67 24 -55
67 25 62
67 27 -97
67 34 59
67 35 -38
67 38 -85
67 41 -30
67 42 -68
67 43 -98
67 46 90
67 47 -47
67 50 -47
67 52 82
67 55 -35
67 56 30
67 62 8
67 63 -25
67 64 39
67 68 -23
67 73 -15
67 79 -20
67 80 -75
67 82 72
67 89 -71
67 90 70
67 91 86
67 93 -60
67 98 60
67 99 70
68 5 66
68 10 -27
68 14 -58
68 15 74
68 20 82
68 21 -56
68 27 -4
68 29 -6
68 30 -15
68 31 -89
68 34 -90
68 40 -75
68 41 77
68 43 87
68 47 16
68 49 -22
68 54 46
68 55 -98
68 57 -8
68 58 -72
68 59 40
68 61 23
68 62 86
68 63 -68
68 67 76
68 69 -91
68 72 22
68 73 -3
68 81 27
68 82 -65
68 89 -24
68 92 33
68 95 9
68 96 -50
69 1 13
69 6 -2
69 9 -96
69 11 -28
69 12 80
69 13 21
69 17 -51
69 19 -84
69 23 90
69 24 35
69 27 41
69 28 79
69 29 66
69 30 43
69 32 -6
69 33 43
69 34 -53
69 35 -21
69 36 7
69 41 -9
69 42 -62
69 45 67
69 46 -45
69 47 97
69 52 22
69 54 -83
69 56 9
69 57 25
69 59 10
69 61 -75
69 68 -71
69 69 99
69 71 6
69 72 20
69 73 -74
69 74 -17
69 78 74
69 79 -66
69 81 -67
69 83 9
69 86 44
69 87 21
69 89 62
69 90 91
69 91 22
69 96 -90
69 99 -27
70 5 -45
70 6 19
70 17 -88
70 19 46
70 20 -13
70 21 -93
70 24 85
70 25 -100
70 26 -32
70 31 -97
70 34 -6
70 35 -98
70 37 76
70 40 71
70 46 54
70 53 -21
70 55 38
70 59 -96
70 60 -26
70 61 41
70 65 -19
70 68 -97
70 70 8
70 71 8
70 72 98
70 73 21
70 75 -74
70 76 94
70 77 -49
70 82 -81
70 86 95
70 88 -87
70 93 -42
70 96 -90
70 98 16
70 99 -66
71 4 44
71 5 -63
71 7 14
71 9 -21
71 13 37
71 14 -30
71 16 84
71 18 -62
71 19 42
71 20 56
71 22 -86
71 23 53
71 24 -21
71 25 73
71 29 33
71 33 72
71 36 67
71 37 81
71 38 43
71 39 63
71 41 -63
71 48 -38
71 50 85
71 54 37
71 55 -53
71 58 -46
71 60 -63
71 61 15
71 66 88
71 69 -77
71 70 72
71 75 79
71 77 -64
71 79 82
71 83 -99
71 85 30
71 89 -6
71 94 -79
71 96 -44
71 97 -3
71 98 -98
71 99 -32
72 0 -66
72 3 -29
72 4 -4
72 7 62
72 8 -50
72 10 -23
72 11 -45
72 13 -77
72 15 -84
72 17 1
72 19 -72
72 20 5
72 23 78
72 28 -54
72 32 -32
72 33 -21
72 34 -81
72 36 -19
72 38 -52
72 41 24
72 42 -74
72 44 -48
72 45 -18
72 46 22
72 48 -88
72 54 71
72 56 10
72 57 -31
72 59 -92
72 62 -83
72 64 -81
72 66 39
72 67 66
72 70 -6
72 72 -44
72 75 -100
72 78 -58
72 79 -65
72 81 87
72 82 55
72 88 -18
72 89 -7
72 97 82
73 1 -55
73 3 96
73 4 59
73 7 62
73 11 -78
73 14 -37
73 15 -85
73 17 38
73 18 36
73 20 98
73 21 5
73 23 -35
73 25 -5
73 26 61
73 27 -98
73 28 85
73 29 -9
73 32 -67
73 35 45
73 39 27
73 40 -60
73 44 12
73 46 45
73 47 -46
73 49 -14
73 50 85
73 51 64
73 54 59
73 55 29
73 60 49
73 62 16
73 64 15
73 65 -98
73 67 -32
73 69 10
73 70 60
73 72 -60
73 73 -44
73 74 63
73 75 9
73 83 97
73 87 -40
73 89 -90
73 90 -7
73 91 11
73 92 -76
73 94 87
73 95 70
73 97 -77
73 98 -3
73 99 -41
74 0 43
74 2 -61
74 5 24
74 6 -2
74 9 -16
74 11 39
74 14 -86
74 15 -32
74 19 11
74 20 98
74 22 -7
74 24 92
74 26 -43
74 30 92
74 32 30
74 35 -32
74 36 -32
74 37 -97
74 41 -79
74 46 47
74 48 -87
74 54 46
74 56 15
74 57 100
74 58 -60
74 63 82
74 66 -36
74 70 -9
74 73 -8
74 74 -52
74 77 -66
74 80 43
74 83 -53
74 85 -6
74 90 -58
74 91 59
74 92 54
74 96 -35
74 99 -45
75 1 32
75 11 39
75 12 -64
75 14 2
75 15 74
75 16 72
75 17 10
75 19 65
75 22 49
75 23 62
75 25 44
75 26 -15
75 27 60
75 30 -30
75 31 -52
75 34 -11
75 36 20
75 40 30
75 43 21
75 46 34
75 49 -23
75 50 -50
75 54 -96
75 58 -79
75 59 -53
75 65 83
75 66 -9
75 69 -39
75 70 79
75 75 99
75 80 -37
75 85 1
75 90 -89
75 92 80
75 93 50
75 94 19
75 96 82
76 5 100
76 7 -77
76 11 46
76 12 -98
76 13 11
76 14 33
76 17 36
76 19 70
76 21 -7
76 23 57
76 24 -13
76 26 52
76 27 -82
76 31 -53
76 35 -15
76 37 64
76 38 27
76 39 -2
76 41 79
76 44 -16
76 46 75
76 48 -3
76 50 74
76 51 -88
76 52 8
76 53 -86
76 55 -8
76 58 57
76 59 45
76 60 40
76 62 81
76 63 -64
76 66 64
76 68 95
76 70 -78
76 71 89
76 72 11
76 73 23
76 80 -12
76 81 51
76 87 59
76 91 -88
76 92 -79
76 93 -16
76 97 28
76 98 -46
76 99 -75
77 0 -51
77 6 -16
77 9 -44
77 12 33
77 14 92
77 15 -49
77 17 47
77 21 -51
77 24 83
77 26 64
77 28 36
77 29 -90
77 30 81
77 33 61
77 34 38
77 35 55
77 38 13
77 41 -85
77 42 -29
77 44 -41
77 46 20
77 49 -39
77 51 -24
77 53 -40
77 54 2
77 61 56
77 62 -100
77 66 -68
77 67 -13
77 68 72
77 70 95
77 72 94
77 73 71
77 75 -55
77 77 43
77 80 1
77 81 81
77 82 54
77 87 66
77 94 -13
77 96 -60
77 99 -39
78 5 84
78 6 56
78 15 -49
78 16 -93
78 18 33
78 20 84
78 24 72
78 25 52
78 27 -64
78 28 -83
78 33 -88
78 35 -47
78 37 -26
78 39 -18
78 43 -65
78 44 74
78 46 -12
78 47 99
78 48 -31
78 49 -34
78 52 -100
78 54 34
78 59 20
78 61 39
78 62 -54
78 63 95
78 66 10
78 68 -62
78 69 91
78 70 66
78 72 27
78 74 -1
78 75 -54
78 77 92
78 79 14
78 80 -36
78 82 13
78 85 69
78 86 -22
78 87 46
78 90 -5
78 93 99
78 94 -12
79 0 4
79 1 -4
79 3 25
79 6 -87
79 9 78
79 10 -30
79 14 -3
79 15 2
79 16 43
79 18 -51
79 21 -24
79 22 93
79 23 71
79 24 -25
79 25 -79
79 26 -46
79 29 -82
79 30 -99
79 32 14
79 34 70
79 35 -82
79 36 -30
79 38 -89
79 41 -9
79 45 60
79 46 5
79 48 -31
79 54 -78
79 55 51
79 56 100
79 60 -24
79 65 48
79 66 57
79 68 37
79 69 18
79 70 -70
79 71 63
79 77 -51
79 79 40
79 82 79
79 84 -98
79 85 -99
79 87 57
79 88 27
79 89 -76
79 90 61
79 91 -76
79 93 86
79 94 67
79 95 4
79 96 94
79 98 63
79 99 65
80 0 -1
80 1 -69
80 3 71
80 6 30
80 7 -75
80 9 -83
80 10 12
80 12 -90
80 18 -53
80 20 -96
80 22 32
80 23 -43
80 24 20
80 32 -66
80 33 66
80 34 96
80 35 64
80 36 -7
80 37 -91
80 39 -35
80 40 -2
80 41 8
80 45 -57
80 46 -8
80 48 -56
80 49 -97
80 51 -27
80 56 -30
80 64 51
80 68 -89
80 70 -15
80 71 13
80 74 -18
80 79 41
80 84 -67
80 88 63
80 89 61
80 90 98
80 94 27
80 97 43
81 2 -48
81 6 -17
81 7 -60
81 10 -80
81 11 83
81 12 26
81 18 -41
81 21 -3
81 23 -27
81 24 -45
81 26 -6
81 27 -59
81 28 18
81 32 74
81 33 -34
81 36 71
81 38 67
81 39 83
81 45 71
81 50 -43
81 52 98
81 55 -54
81 56 58
81 57 -93
81 59 -63
81 60 -1
81 66 10
81 72 -67
81 73 -24
81 76 48
81 81 36
81 84 51
81 92 32
81 93 54
81 95 -71
81 97 89
81 99 -28
82 0 -8
82 8 -80
82 10 -38
82 12 -13
82 18 25
82 20 5
82 21 -74
82 23 -55
82 24 -63
82 29 -58
82 31 21
82 35 59
82 36 -80
82 37 80
82 39 -11
82 40 92
82 41 41
82 42 -55
82 43 81
82 44 -5
82 46 -62
82 48 62
82 53 -11
82 54 -30
82 55 -4
82 60 68
82 62 90
82 68 -72
82 84 79
82 85 -98
82 87 -44
82 88 -24
82 89 36
82 93 54
82 94 7
82 96 44
83 0 79
83 1 84
83 3 35
83 6 95
83 7 -41
83 11 -13
83 14 -87
83 17 11
83 18 62
83 20 16
83 22 -84
83 24 -40
83 25 65
83 28 -92
83 29 -19
83 30 24
83 31 -18
83 33 -83
83 34 34
83 36 15
83 39 62
83 42 7
83 43 -72
83 44 58
83 45 57
83 48 -88
83 49 17
83 51 -9
83 55 -75
83 56 -80
83 59 -74
83 62 -50
83 63 8
83 66 62
83 69 -64
83 73 -7
83 74 -52
83 75 90
83 78 -92
83 80 27
83 82 -21
83 83 -82
83 87 -82
83 91 67
83 92 -59
83 93 58
83 96 -76
84 0 -60
84 6 7
84 7 96
84 9 33
84 10 -35
84 12 -27
84 16 -79
84 19 -45
84 20 -17
84 22 -81
84 23 -21
84 25 -5
84 26 -33
84 37 -4
84 38 87
84 39 86
84 42 -25
84 43 -27
84 44 -73
84 47 33
84 50 46
84 54 -37
84 55 6
84 59 59
84 61 -37
84 62 45
84 63 84
84 66 59
84 68 82
84 69 67
84 71 -28
84 76 93
84 81 8
84 82 38
84 84 3
84 85 -52
84 87 13
84 88 81
84 92 47
84 94 -31
84 96 22
85 6 10
85 7 -22
85 11 86
85 12 -66
85 15 -19
85 16 -23
85 20 -26
85 22 11
85 23 54
85 26 -25
85 30 54
85 32 53
85 33 11
85 43 71
85 44 -78
85 47 70
85 51 16
85 52 15
85 54 72
85 56 56
85 57 70
85 59 13
85 61 62
85 62 -89
85 64 -24
85 67 51
85 68 -43
85 70 -18
85 71 38
85 72 -63
85 73 -95
85 78 100
85 80 -5
85 81 14
85 82 -7
85 83 41
85 84 90
85 87 -14
85 91 8
85 92 61
85 93 -44
85 96 -75
85 97 -12
85 98 66
86 3 -11
86 6 -24
86 8 -23
86 9 -58
86 10 -66
86 13 -8
86 17 -41
86 20 85
86 23 90
86 28 44
86 32 -5
86 33 58
86 34 -11
86 37 18
86 38 -22
86 39 -64
86 41 -62
86 44 26
86 50 53
86 51 -67
86 53 -25
86 55 4
86 56 64
86 60 52
86 61 44
86 64 -16
86 70 -24
86 73 96
86 74 -100
86 78 22
86 80 62
86 81 26
86 82 50
86 83 -13
86 85 51
86 88 65
86 91 -43
86 92 75
86 93 -25
86 96 97
86 98 18
87 1 91
87 3 -87
87 5 -16
87 6 -2
87 7 33
87 8 -33
87 9 -39
87 10 -6
87 11 69
87 13 40
87 16 -39
87 17 -42
87 19 -89
87 21 -52
87 22 -63
87 23 -16
87 27 -93
87 28 -56
87 31 -100
87 32 -41
87 33 67
87 37 78
87 39 90
87 40 70
87 42 -87
87 46 67
87 47 -44
87 49 31
87 56 11
87 57 -48
87 58 21
87 59 -25
87 61 -87
87 62 -76
87 65 -59
87 66 62
87 67 63
87 69 35
87 70 -99
87 71 -92
87 72 -10
87 74 39
87 75 -28
87 77 28
87 79 -21
87 80 -14
87 90 -84
87 93 100
87 95 63
88 2 -72
88 7 -88
88 8 86
88 9 65
88 11 65
88 12 -55
88 13 -73
88 16 -81
88 17 46
88 19 35
88 20 -70
88 21 -31
88 30 27
88 31 75
88 34 -7
88 36 8
88 37 94
88 43 90
88 46 -98
88 50 -75
88 52 40
88 53 -27
88 57 -37
88 60 80
88 61 -14
88 62 -94
88 63 -57
88 66 85
88 68 -28
88 72 -90
88 75 -62
88 77 -15
88 79 -39
88 80 11
88 81 87
88 83 18
88 85 74
88 86 -62
88 91 68
88 94 -1
88 95 -18
88 99 -21
89 3 64
89 4 -64
89 9 100
89 11 -11
89 14 66
89 17 -78
89 19 -61
89 28 44
89 29 -60
89 33 11
89 34 55
89 36 16
89 38 39
89 40 -67
89 42 -11
89 44 -78
89 46 39
89 49 45
89 51 4
89 52 3
89 53 -34
89 58 33
89 62 -31
89 64 -95
89 65 57
89 70 28
89 72 -24
89 78 74
89 79 -21
89 81 91
89 83 17
89 86 -18
89 88 -100
89 93 -71
89 94 74
89 95 27
89 96 -44
89 98 34
90 0 88
90 1 20
90 2 -73
90 5 -95
90 6 38
90 7 63
90 8 -46
90 10 -35
90 11 -76
90 17 90
90 18 -66
90 19 36
90 20 -89
90 21 39
90 23 1
90 25 52
90 27 -58
90 32 -24
90 34 -34
90 38 -88
90 39 -56
90 45 93
90 46 -44
90 49 50
90 52 -9
90 54 -68
90 59 -16
90 60 -92
90 64 -59
90 65 66
90 68 97
90 70 92
90 72 91
90 74 22
90 76 -80
90 77 2
90 78 76
90 79 -32
90 82 52
90 85 56
90 86 36
90 87 87
90 89 90
90 90 -58
90 94 6
90 96 52
90 97 -28
90 98 -61
90 99 -17
91 0 -50
91 3 70
91 5 88
91 6 -29
91 8 48
91 14 -100
91 16 61
91 17 -1
91 18 78
91 20 53
91 21 -88
91 22 90
91 25 43
91 26 5
91 30 57
91 31 -52
91 33 -46
91 34 11
91 35 -18
91 41 17
91 42 51
91 43 25
91 45 47
91 47 8
91 48 -53
91 50 13
91 58 10
91 60 -63
91 61 -18
91 66 25
91 69 33
91 70 -97
91 76 57
91 77 77
91 89 -37
91 91 54
91 92 -21
91 96 65
91 98 -64
92 5 -76
92 7 -51
92 8 -79
92 9 45
92 11 39
92 12 9
92 13 40
92 15 43
92 17 -41
92 23 -42
92 24 25
92 28 -75
92 31 2
92 37 21
92 38 -80
92 40 94
92 42 28
92 46 90
92 48 18
92 50 35
92 54 28
92 61 -33
92 63 81
92 64 -56
92 67 -36
92 70 26
92 75 -87
92 77 -47
92 78 24
92 81 68
92 84 -36
92 86 -49
92 87 31
92 89 16
92 92 -54
92 93 91
92 95 90
92 96 74
92 98 92
92 99 38
93 3 -13
93 8 -6
93 11 31
93 12 -84
93 14 -49
93 21 -6
93 27 -70
93 28 26
93 29 -96
93 30 -8
93 33 12
93 39 -17
93 40 52
93 41 94
93 43 -34
93 44 -72
93 45 67
93 46 43
93 50 100
93 57 -68
93 59 27
93 60 76
93 61 56
93 63 48
93 65 -98
93 66 49
93 67 -72
93 71 43
93 73 26
93 75 87
93 76 40
93 78 46
93 80 66
93 81 -50
93 83 -1
93 88 -89
93 89 40
93 92 -43
93 94 -75
93 95 46
93 96 98
93 97 90
93 99 -58
94 4 75
94 6 -79
94 13 45
94 15 94
94 17 -35
94 19 19
94 21 -26
94 22 -43
94 23 71
94 25 -70
94 26 29
94 29 -31
94 30 -69
94 31 -6
94 33 74
94 35 -55
94 41 -13
94 42 -15
94 45 90
94 46 14
94 47 -59
94 48 100
94 50 80
94 52 -16
94 56 34
94 62 -56
94 64 17
94 70 67
94 71 22
94 73 92
94 74 52
94 75 -32
94 77 -55
94 78 -15
94 79 -7
94 87 -22
94 90 -22
94 91 60
94 92 -94
94 95 -96
94 99 -52
95 0 66
95 1 15
95 2 -41
95 3 37
95 4 58
95 8 -52
95 13 -92
95 15 7
95 16 -11
95 18 73
95 20 83
95 23 -100
95 24 -64
95 26 19
95 28 4
95 35 7
95 37 45
95 40 -88
95 41 14
95 42 -77
95 44 39
95 45 80
95 46 11
95 47 78
95 50 -11
95 54 -99
95 56 21
95 57 -99
95 58 -55
95 63 -48
95 65 -58
95 66 41
95 69 45
95 72 92
95 74 30
95 75 -77
95 76 34
95 79 -58
95 80 12
95 81 -81
95 84 -16
95 85 95
95 91 18
95 92 -10
95 93 81
95 96 19
96 0 -89
96 2 99
96 3 -98
96 6 10
96 8 -1
96 9 -79
96 10 -48
96 12 55
96 14 70
96 16 11
96 20 59
96 25 -78
96 27 -66
96 28 12
96 34 -22
96 36 68
96 37 -97
96 39 -91
96 40 -26
96 41 58
96 44 5
96 47 75
96 50 -68
96 57 62
96 59 21
96 60 -43
96 63 16
96 65 -5
96 69 -15
96 71 25
96 73 61
96 74 -98
96 83 -12
96 84 24
96 85 -19
96 88 -12
96 91 58
96 92 67
96 95 23
96 97 -40
97 2 50
97 6 69
97 9 -34
97 10 61
97 16 -15
97 18 92
97 20 -74
97 23 -73
97 24 35
97 28 46
97 29 28
97 32 -80
97 36 -23
97 38 66
97 40 81
97 43 -100
97 46 80
97 48 -89
97 51 85
97 52 -73
97 56 5
97 57 30
97 59 -5
97 60 -55
97 65 63
97 66 54
97 69 21
97 70 36
97 71 90
97 72 40
97 73 -79
97 76 41
97 77 -44
97 78 -62
97 79 10
97 80 -56
97 83 43
97 84 -43
97 86 -40
97 87 26
97 89 87
97 90 62
97 94 -53
97 98 -39
98 2 60
98 3 -71
98 4 48
98 8 80
98 14 99
98 18 -31
98 19 -27
98 21 -61
98 24 79
98 25 61
98 27 92
98 28 28
98 31 99
98 33 -25
98 36 49
98 37 97
98 38 -74
98 41 -33
98 42 -63
98 43 -33
98 45 -75
98 51 41
98 54 -86
98 55 69
98 56 -41
98 59 97
98 60 27
98 61 -55
98 63 94
98 64 75
98 66 30
98 70 -6
98 74 -77
98 78 89
98 82 6
98 83 -62
98 84 -23
98 85 -31
98 86 80
98 90 -7
98 92 -7
98 93 -96
98 98 78
98 99 29
99 0 -25
99 2 -97
99 8 -26
99 9 -1
99 10 37
99 12 -72
99 14 56
99 17 55
99 20 16
99 22 -32
99 23 45
99 24 -1
99 25 -56
99 26 -50
99 27 2
99 30 -53
99 33 -29
99 34 61
99 35 14
99 36 94
99 38 -57
99 41 -83
99 45 -54
99 48 51
99 51 62
99 52 73
99 59 25
99 62 68
99 63 11
99 64 -2
99 65 -50
99 66 -29
99 67 30
99 68 12
99 73 -92
99 74 84
99 75 -89
99 80 99
99 82 8
99 83 -15
99 85 -10
99 89 16
99 90 9
99 91 78
99 93 -15
99 95 89
99 98 -83