0 0 77
0 1 40
0 2 -16
0 3 -30
0 4 75
0 5 -92
0 6 -95
0 7 49
0 8 -69
0 9 20
0 10 37
0 11 83
0 12 -90
0 13 -56
0 14 -78
0 15 18
0 16 -92
0 17 47
0 18 54
0 19 -60
0 20 74
0 21 97
0 22 -35
0 23 -93
0 24 33
0 25 67
0 26 76
0 27 -68
0 28 29
0 29 45
0 30 43
0 31 9
0 32 74
0 33 1
0 34 23
0 35 -92
0 36 -65
0 37 -96
0 38 74
0 39 51
0 40 19
0 41 16
0 42 40
0 43 -76
0 44 -27
0 45 -34
0 46 -75
0 47 13
0 48 56
0 49 78
0 50 -95
0 51 -7
0 52 96
0 53 85
0 54 -65
0 55 -20
0 56 -58
0 57 -2
0 58 21
0 59 -67
0 60 91
0 61 14
0 62 -48
0 63 -50
0 64 19
0 65 -35
0 66 -95
0 67 -6
0 68 -86
0 69 96
0 70 -43
0 71 -27
0 72 -91
0 73 -59
0 74 -42
0 75 54
0 76 45
0 77 -62
0 79 -46
0 80 -46
0 81 -76
0 82 -30
0 83 -5
0 84 -9
0 85 19
0 86 -37
0 87 -89
0 88 56
0 89 43
0 90 -49
0 91 -2
0 92 53
0 93 53
0 94 44
0 95 -63
0 96 93
0 97 -64
0 98 8
0 99 22
1 0 90
1 1 -63
1 2 59
1 3 52
1 4 50
1 5 67
1 6 7
1 7 -59
1 8 -3
1 9 55
1 10 81
1 11 -56
1 12 45
1 13 -64
1 14 -32
1 15 -23
1 16 93
1 17 30
1 18 -34
1 19 10
1 21 -10
1 22 35
1 23 58
1 24 -11
1 25 17
1 26 -14
1 27 -9
1 28 -48
1 29 11
1 30 -80
1 31 -29
1 32 -55
1 33 -4
1 34 -38
1 35 49
1 36 22
1 37 -62
1 39 -53
1 40 -44
1 41 57
1 42 -9
1 43 77
1 44 -36
1 45 -38
1 46 77
1 47 -69
1 48 -70
1 49 -60
1 50 94
1 51 68
1 52 46
1 54 -36
1 55 90
1 56 -78
1 57 99
1 58 -73
1 59 -32
1 60 -72
1 61 56
1 62 -81
1 63 55
1 64 96
1 65 71
1 66 2
1 67 77
1 68 -27
1 69 54
1 70 -31
1 71 31
1 72 42
1 73 -10
1 75 83
1 76 -35
1 77 -51
1 78 -51
1 79 -83
1 80 -66
1 81 -90
1 82 11
1 83 -7
1 84 100
1 85 30
1 86 -24
1 87 12
1 88 100
1 89 86
1 90 29
1 91 57
1 92 -92
1 93 2
1 94 26
1 95 49
1 97 -81
1 98 -15
1 99 4
2 0 72
2 1 14
2 2 91
2 3 -56
2 4 -72
2 5 96
2 6 -29
2 8 21
2 9 -63
2 10 50
2 11 33
2 12 63
2 13 15
2 14 -69
2 15 34
2 16 -40
2 17 -23
2 18 62
2 19 -48
2 20 11
2 21 -32
2 22 -87
2 23 62
2 24 44
2 25 -61
2 26 99
2 27 -81
2 28 87
2 29 -72
2 30 33
2 31 75
2 32 74
2 33 68
2 34 -75
2 35 -48
2 36 29
2 37 93
2 38 -57
2 39 -14
2 40 40
2 41 70
2 42 68
2 43 -98
2 44 95
2 45 80
2 46 30
2 47 83
2 48 -12
2 49 79
2 50 72
2 51 33
2 52 -100
2 53 100
2 54 -44
2 55 75
2 56 49
2 57 -3
2 58 38
2 60 83
2 61 -68
2 62 -38
2 63 -92
2 64 -92
2 65 -76
2 66 22
2 67 -73
2 68 15
2 69 -1
2 70 -57
2 71 78
2 72 -38
2 73 -71
2 74 -3
2 75 -34
2 76 -81
2 77 -98
2 78 82
2 79 55
2 80 70
2 81 -63
2 82 -36
2 83 71
2 84 -60
2 85 -89
2 86 38
2 87 -86
2 88 97
2 89 -8
2 90 88
2 91 -16
2 92 25
2 93 -37
2 94 24
2 95 58
2 96 -3
2 97 71
2 98 -44
2 99 -12
3 0 -83
3 1 51
3 2 7
3 3 -43
3 4 34
3 5 -67
3 6 -98
3 7 -14
3 8 -91
3 9 18
3 10 -95
3 11 87
3 12 -43
3 13 1
3 14 -92
3 15 62
3 16 -80
3 17 87
3 18 -82
3 19 -71
3 20 -44
3 21 21
3 22 62
3 23 75
3 24 -29
3 25 11
3 26 90
3 27 -19
3 28 -7
3 29 45
3 30 -24
3 31 -74
3 32 28
3 33 32
3 34 83
3 35 66
3 36 51
3 37 64
3 38 -74
3 39 -29
3 40 40
3 41 42
3 42 -27
3 43 35
3 44 28
3 45 31
3 46 57
3 48 13
3 49 -35
3 50 -4
3 51 52
3 52 -26
3 53 -43
3 54 60
3 55 -13
3 56 90
3 57 -39
3 58 84
3 59 -91
3 60 17
3 61 -95
3 62 -7
3 63 -44
3 64 -4
3 65 -85
3 66 -66
3 67 -40
3 68 -81
3 69 -58
3 70 3
3 71 -96
3 72 -98
3 73 48
3 74 -89
3 75 -27
3 76 -58
3 78 -8
3 79 29
3 80 -31
3 81 -96
3 82 -87
3 83 -70
3 84 99
3 85 62
3 86 -44
3 87 81
3 88 27
3 89 -94
3 90 61
3 91 35
3 92 -35
3 93 -91
3 94 37
3 95 -29
3 96 -86
3 97 -34
3 98 -57
3 99 -69
4 0 30
4 1 78
4 2 66
4 3 -17
4 4 56
4 5 31
4 6 79
4 7 -63
4 8 -70
4 9 39
4 10 71
4 11 -72
4 12 1
4 13 -5
4 14 -22
4 15 76
4 16 -100
4 17 -41
4 18 -34
4 20 78
4 21 46
4 22 -31
4 23 -51
4 25 61
4 26 -44
4 27 5
4 28 -75
4 29 48
4 30 15
4 31 30
4 32 33
4 33 52
4 34 -3
4 35 -4
4 36 -73
4 37 51
4 38 -39
4 39 -62
4 40 12
4 41 -63
4 42 3
4 43 -90
4 44 -31
4 45 71
4 46 15
4 47 -13
4 48 -16
4 49 59
4 50 70
4 51 77
4 52 97
4 53 35
4 54 82
4 55 -91
4 56 49
4 57 -100
4 58 81
4 59 -9
4 60 43
4 61 -14
4 62 -63
4 63 -14
4 64 62
4 65 45
4 67 -80
4 68 -61
4 69 58
4 70 -33
4 71 -50
4 72 49
4 73 94
4 74 49
4 75 56
4 76 -19
4 77 56
4 78 4
4 79 44
4 80 9
4 81 -35
4 82 -2
4 83 25
4 84 86
4 85 -56
4 86 -75
4 87 50
4 88 -100
4 89 45
4 90 81
4 91 -60
4 92 -23
4 93 -26
4 94 -78
4 95 -36
4 96 11
4 97 -99
4 98 -72
4 99 71
5 0 34
5 1 82
5 2 70
5 3 46
5 4 -80
5 5 -51
5 6 21
5 7 -95
5 8 50
5 9 -37
5 10 -14
5 11 -20
5 12 -82
5 13 -61
5 14 -84
5 15 -60
5 16 79
5 17 43
5 18 54
5 19 -3
5 20 24
5 21 67
5 22 5
5 23 -9
5 24 -72
5 25 95
5 26 59
5 27 -57
5 28 46
5 29 -96
5 30 22
5 31 -86
5 32 -17
5 33 52
5 34 -68
5 35 -30
5 36 -28
5 37 2
5 38 -81
5 39 -22
5 40 94
5 41 79
5 42 43
5 43 -89
5 44 45
5 45 91
5 46 53
5 48 34
5 49 9
5 50 17
5 51 -47
5 52 -20
5 53 -96
5 54 -58
5 55 -32
5 56 -90
5 57 99
5 58 66
5 59 60
5 60 -15
5 61 55
5 62 -90
5 63 -20
5 64 -4
5 65 72
5 66 90
5 67 -86
5 68 -80
5 69 -35
5 70 6
5 71 61
5 72 57
5 73 -79
5 74 -49
5 75 -4
5 76 -50
5 77 -94
5 78 -64
5 79 -17
5 80 86
5 81 82
5 82 -45
5 83 -77
5 84 44
5 85 94
5 86 -75
5 87 -3
5 88 -81
5 89 -19
5 90 -62
5 91 9
5 92 45
5 93 -24
5 94 10
5 95 10
5 96 30
5 97 -16
5 98 45
5 99 -49
6 0 -40
6 1 36
6 2 100
6 3 62
6 4 -69
6 5 -73
6 6 -29
6 7 91
6 8 -15
6 9 82
6 10 -22
6 11 98
6 13 90
6 14 -21
6 15 50
6 16 14
6 17 -45
6 18 51
6 19 -16
6 20 -38
6 21 73
6 22 90
6 23 -48
6 24 16
6 25 -64
6 26 -20
6 27 36
6 28 23
6 29 -63
6 30 -98
6 31 -50
6 32 -38
6 33 -74
6 34 68
6 35 -43
6 36 65
6 37 -78
6 38 74
6 39 -32
6 40 92
6 41 76
6 42 23
6 43 -40
6 44 73
6 45 -42
6 46 -39
6 47 81
6 48 80
6 49 -24
6 50 -89
6 51 3
6 52 31
6 53 72
6 54 85
6 55 -57
6 56 -22
6 57 -35
6 58 -63
6 59 93
6 60 21
6 61 20
6 62 -94
6 63 -28
6 64 16
6 66 43
6 67 -84
6 68 100
6 69 -63
6 70 29
6 71 -43
6 72 79
6 73 -99
6 74 -5
6 75 -38
6 76 -88
6 77 -91
6 78 -10
6 79 1
6 80 -64
6 81 -56
6 82 -13
6 83 47
6 84 -34
6 85 2
6 86 95
6 87 39
6 88 42
6 90 92
6 91 33
6 92 7
6 93 -20
6 94 59
6 95 -9
6 96 -12
6 97 -78
6 98 68
6 99 -61
7 0 -30
7 1 -100
7 2 -63
7 3 -85
7 4 -57
7 5 -91
7 6 -41
7 7 -65
7 8 -27
7 9 10
7 10 -34
7 11 -15
7 12 -92
7 13 -81
7 14 -44
7 15 15
7 16 -6
7 17 65
7 18 -51
7 19 84
7 20 72
7 21 72
7 22 15
7 23 10
7 24 42
7 25 33
7 26 54
7 27 -21
7 28 -20
7 29 -65
7 30 -15
7 31 -84
7 32 -23
7 33 21
7 34 59
7 35 -85
7 36 93
7 37 22
7 38 80
7 39 46
7 40 -3
7 41 -93
7 42 77
7 44 -46
7 45 -10
7 46 -11
7 47 41
7 48 15
7 49 -17
7 50 48
7 51 76
7 52 -35
7 53 6
7 54 41
7 55 -66
7 56 44
7 57 51
7 58 74
7 59 12
7 60 30
7 61 -84
7 62 59
7 63 -50
7 64 -98
7 65 -21
7 66 -15
7 67 -79
7 68 -92
7 69 89
7 70 28
7 71 -62
7 72 -94
7 73 -93
7 74 -5
7 75 54
7 76 -40
7 77 73
7 78 -88
7 79 -75
7 80 -70
7 81 -66
7 82 -80
7 83 -38
7 84 -72
7 85 -11
7 86 14
7 87 -80
7 88 -40
7 89 -23
7 90 -54
7 91 58
7 92 -72
7 93 52
7 94 -84
7 95 -60
7 96 74
7 97 67
7 98 60
7 99 -44
8 0 -31
8 1 -68
8 2 -72
8 3 -59
8 4 -38
8 5 -62
8 6 -13
8 7 -56
8 8 -30
8 9 35
8 10 39
8 11 -76
8 12 45
8 13 -82
8 14 -53
8 15 11
8 16 14
8 17 -42
8 18 -36
8 19 17
8 20 -100
8 21 38
8 22 -39
8 23 85
8 24 -60
8 25 15
8 26 40
8 27 -80
8 28 62
8 29 89
8 30 2
8 31 -15
8 32 3
8 33 -30
8 34 30
8 35 -98
8 36 9
8 37 -15
8 38 42
8 39 22
8 40 39
8 41 -65
8 42 -57
8 43 65
8 44 -57
8 45 49
8 46 -24
8 47 -53
8 48 -79
8 49 -85
8 50 60
8 51 3
8 52 -65
8 53 57
8 54 -39
8 55 80
8 56 -5
8 57 -13
8 58 -85
8 60 46
8 61 -64
8 62 -76
8 63 65
8 64 81
8 65 -86
8 66 -36
8 67 88
8 68 25
8 69 90
8 70 -96
8 71 10
8 72 55
8 73 35
8 74 91
8 75 16
8 76 -69
8 77 -10
8 78 -20
8 79 20
8 80 -63
8 81 66
8 82 90
8 83 -7
8 84 -96
8 85 72
8 86 32
8 87 97
8 88 62
8 89 -24
8 90 41
8 91 -67
8 92 42
8 93 6
8 94 19
8 95 22
8 96 -100
8 97 52
8 98 60
8 99 62
9 0 22
9 1 14
9 2 -83
9 3 -58
9 5 -23
9 6 55
9 7 -30
9 8 61
9 9 -43
9 10 83
9 11 -21
9 12 71
9 13 -28
9 14 -2
9 16 -38
9 17 -57
9 18 21
9 19 -25
9 20 92
9 21 21
9 22 -46
9 23 59
9 24 -41
9 25 23
9 26 52
9 27 14
9 28 -29
9 29 -31
9 30 91
9 31 48
9 32 12
9 33 -65
9 34 93
9 35 100
9 36 -25
9 37 -23
9 38 -95
9 39 -74
9 40 90
9 41 24
9 42 75
9 43 16
9 44 65
9 45 35
9 46 -29
9 47 -65
9 48 -57
9 49 -57
9 50 93
9 51 -57
9 52 41
9 53 -50
9 54 -50
9 55 57
9 56 -7
9 57 13
9 58 7
9 59 32
9 60 -15
9 61 47
9 62 -20
9 63 -35
9 64 -88
9 65 100
9 66 82
9 67 -94
9 69 13
9 70 -47
9 71 -21
9 72 61
9 73 16
9 74 -85
9 75 3
9 76 -65
9 77 10
9 78 64
9 79 81
9 80 26
9 81 -77
9 82 85
9 83 -39
9 84 -4
9 85 55
9 86 -68
9 87 98
9 88 -3
9 89 -78
9 90 -4
9 91 -93
9 92 -44
9 93 -93
9 94 16
9 95 3
9 96 79
9 97 6
9 98 -54
9 99 24
10 0 -55
10 1 -15
10 2 33
10 3 43
10 4 -29
10 5 -74
10 6 87
10 7 -73
10 8 -37
10 9 99
10 10 -78
10 11 22
10 12 -97
10 13 78
10 14 -41
10 15 27
10 16 100
10 17 -39
10 18 34
10 19 57
10 20 -14
10 21 94
10 22 -23
10 23 -40
10 24 15
10 25 87
10 26 -36
10 27 -25
10 28 -63
10 29 -31
10 30 10
10 31 -16
10 32 -57
10 33 1
10 34 64
10 35 7
10 36 -14
10 37 -73
10 38 51
10 39 65
10 40 48
10 41 -7
10 43 -28
10 44 -92
10 45 -47
10 46 -82
10 47 -94
10 48 -78
10 49 -82
10 50 -60
10 51 -80
10 52 51
10 54 100
10 55 17
10 56 -73
10 58 -16
10 59 -42
10 60 -63
10 61 45
10 62 -20
10 63 93
10 64 -83
10 65 -22
10 66 -23
10 67 -70
10 68 89
10 69 -89
10 70 94
10 71 73
10 72 66
10 73 84
10 74 -47
10 75 -6
10 76 -26
10 77 -22
10 78 79
10 79 -3
10 80 82
10 81 -74
10 82 81
10 83 -31
10 84 38
10 85 -5
10 86 76
10 87 96
10 88 -46
10 89 -40
10 90 -63
10 91 -55
10 92 -51
10 93 30
10 94 -59
10 95 -36
10 96 -79
10 97 -73
10 98 -78
10 99 88
11 0 -24
11 1 -51
11 2 -89
11 3 -88
11 4 51
11 5 -3
11 6 98
11 7 53
11 8 51
11 9 -28
11 10 -56
11 11 -56
11 13 -55
11 14 10
11 15 -54
11 16 -63
11 17 -80
11 18 -59
11 19 25
11 21 39
11 22 83
11 23 -83
11 24 -67
11 25 91
11 26 79
11 27 58
11 28 -67
11 29 16
11 30 -26
11 31 -42
11 32 -4
11 33 -63
11 34 82
11 35 89
11 36 -26
11 37 56
11 38 -64
11 39 -17
11 40 35
11 41 5
11 42 -100
11 43 -97
11 44 -69
11 45 -42
11 46 11
11 47 70
11 48 -80
11 49 -70
11 50 -65
11 51 -48
11 52 -31
11 53 -11
11 54 30
11 55 -73
11 57 -29
11 58 -35
11 59 65
11 60 -95
11 61 45
11 62 90
11 63 -87
11 64 -86
11 65 -3
11 66 1
11 67 -86
11 68 -87
11 69 -82
11 70 -65
11 71 23
11 72 35
11 73 31
11 74 -91
11 75 -45
11 76 -100
11 77 15
11 78 12
11 79 69
11 80 85
11 81 -89
11 82 -71
11 83 -30
11 84 -98
11 85 -79
11 86 -62
11 87 11
11 88 57
11 89 -95
11 90 -93
11 91 85
11 92 18
11 93 19
11 94 39
11 95 87
11 96 -37
11 97 -53
11 98 -35
11 99 20
12 0 56
12 1 -31
12 2 -73
12 3 100
12 4 -23
12 5 82
12 6 -96
12 7 -88
12 8 -80
12 9 -74
12 10 54
12 11 -32
12 12 16
12 13 -60
12 14 9
12 15 97
12 16 42
12 17 -73
12 18 49
12 19 -68
12 20 -3
12 21 96
12 22 -73
12 23 12
12 24 28
12 25 -27
12 26 46
12 27 -81
12 28 -66
12 29 -30
12 30 -15
12 31 54
12 32 -67
12 33 -17
12 34 6
12 35 31
12 36 -47
12 37 21
12 38 -29
12 39 66
12 40 80
12 41 -3
12 42 9
12 43 71
12 44 47
12 45 12
12 46 74
12 47 53
12 48 40
12 49 30
12 50 69
12 51 55
12 52 -61
12 53 94
12 54 40
12 55 -84
12 56 30
12 57 79
12 58 38
12 59 -20
12 60 36
12 61 80
12 62 65
12 63 -37
12 64 89
12 65 63
12 66 100
12 67 87
12 68 -45
12 69 63
12 70 -76
12 71 -95
12 72 -83
12 73 -69
12 74 -28
12 75 34
12 76 -12
12 77 3
12 78 63
12 79 -93
12 80 62
12 81 -10
12 82 61
12 83 -96
12 84 -64
12 85 -75
12 86 -63
12 87 -59
12 88 -72
12 89 -78
12 90 -66
12 91 24
12 92 77
12 93 93
12 94 78
12 95 -16
12 96 81
12 97 90
12 98 -65
12 99 -57
13 0 85
13 1 -16
13 2 86
13 3 33
13 4 91
13 5 79
13 6 14
13 7 43
13 8 -80
13 9 -84
13 10 -92
13 11 66
13 12 97
13 13 70
13 14 83
13 15 -44
13 16 81
13 17 67
13 18 -95
13 19 -43
13 20 79
13 21 25
13 22 -92
13 23 99
13 24 -60
13 25 -25
13 26 -14
13 27 -80
13 28 -22
13 29 47
13 30 -92
13 31 35
13 32 13
13 33 -14
13 34 37
13 36 93
13 37 -51
13 38 37
13 39 -68
13 40 -13
13 41 -48
13 42 -34
13 43 -98
13 44 -30
13 45 30
13 46 -54
13 47 -78
13 48 79
13 49 -78
13 50 47
13 51 23
13 52 -37
13 53 32
13 54 -62
13 55 36
13 56 65
13 57 -3
13 58 -71
13 59 47
13 60 82
13 61 64
13 62 87
13 63 54
13 64 85
13 65 -19
13 66 -55
13 67 53
13 68 -55
13 69 -28
13 70 -51
13 71 -46
13 72 92
13 73 -29
13 74 -64
13 75 -1
13 76 -48
13 77 52
13 78 39
13 79 -91
13 80 33
13 81 63
13 82 55
13 83 -76
13 84 -35
13 85 89
13 86 -75
13 87 34
13 88 -44
13 89 -37
13 90 -33
13 91 51
13 92 85
13 93 -92
13 94 -72
13 95 19
13 96 67
13 97 30
13 98 36
13 99 -74
14 0 -60
14 1 -64
14 2 78
14 3 -31
14 4 52
14 5 30
14 6 58
14 7 -95
14 8 2
14 9 76
14 10 -57
14 11 72
14 12 12
14 13 94
14 14 88
14 15 -75
14 16 -70
14 17 -75
14 18 18
14 19 50
14 20 -86
14 21 29
14 22 19
14 23 59
14 24 -84
14 25 88
14 26 -56
14 27 -45
14 29 -83
14 30 -9
14 31 -52
14 32 28
14 33 -87
14 34 69
14 35 61
14 36 -23
14 37 -93
14 38 -66
14 39 -71
14 40 -35
14 41 -32
14 42 -30
14 43 5
14 44 -100
14 45 -76
14 46 -40
14 47 69
14 48 44
14 49 65
14 50 52
14 51 -85
14 52 10
14 53 11
14 54 81
14 55 -91
14 56 -52
14 57 47
14 58 78
14 59 -75
14 60 19
14 61 32
14 62 -23
14 63 83
14 64 90
14 65 -40
14 66 -67
14 67 -24
14 68 77
14 69 -33
14 70 63
14 71 58
14 72 -71
14 73 85
14 74 -55
14 75 -39
14 76 13
14 77 55
14 78 -87
14 79 -73
14 80 -46
14 81 -44
14 82 28
14 83 -35
14 84 82
14 85 -24
14 86 82
14 88 -24
14 89 -50
14 90 -89
14 91 28
14 92 -71
14 93 15
14 94 -1
14 95 -33
14 96 63
14 97 -45
14 98 -84
14 99 -100
15 0 57
15 1 27
15 2 -41
15 3 76
15 4 25
15 5 82
15 6 -9
15 8 -93
15 9 97
15 10 90
15 11 -44
15 12 -80
15 13 -77
15 14 -52
15 15 72
15 16 -94
15 17 -56
15 18 70
15 19 29
15 20 19
15 21 -16
15 22 40
15 23 76
15 24 -24
15 25 -35
15 26 11
15 27 64
15 28 -42
15 29 -68
15 30 -43
15 31 32
15 32 44
15 33 -27
15 34 78
15 35 92
15 36 -5
15 37 -68
15 38 45
15 39 29
15 40 -88
15 41 15
15 42 94
15 43 41
15 44 62
15 45 -50
15 46 85
15 47 23
15 48 -49
15 49 54
15 50 29
15 51 95
15 52 26
15 53 -1
15 54 -32
15 55 68
15 56 -83
15 57 17
15 58 -66
15 59 -43
15 60 90
15 61 32
15 62 5
15 63 -91
15 64 28
15 65 10
15 66 -56
15 67 -27
15 68 58
15 69 6
15 70 85
15 71 -81
15 72 -91
15 73 -25
15 74 95
15 75 58
15 76 -93
15 77 -65
15 78 -9
15 79 -91
15 80 39
15 81 59
15 82 21
15 83 86
15 84 -54
15 85 2
15 86 21
15 87 16
15 88 -95
15 89 87
15 90 -71
15 91 89
15 92 32
15 93 -11
15 94 -43
15 95 71
15 96 60
15 97 -9
15 98 -50
15 99 -76
16 0 -95
16 1 10
16 2 10
16 3 -71
16 4 54
16 5 -62
16 6 86
16 7 -19
16 8 -37
16 9 -11
16 10 17
16 11 -64
16 12 51
16 13 -92
16 14 84
16 15 -14
16 16 84
16 17 -50
16 18 53
16 19 -3
16 20 46
16 21 45
16 22 97
16 23 -48
16 24 82
16 25 12
16 26 -4
16 27 -24
16 28 -65
16 29 -76
16 30 13
16 32 15
16 33 55
16 34 33
16 35 12
16 36 -39
16 37 35
16 38 -38
16 39 90
16 40 35
16 41 -49
16 42 -64
16 43 -93
16 44 16
16 45 -27
16 46 -68
16 47 19
16 48 -63
16 49 29
16 50 43
16 51 -75
16 52 74
16 53 2
16 54 -71
16 55 -11
16 56 -91
16 57 -54
16 58 55
16 59 -89
16 61 -56
16 62 -15
16 63 52
16 64 68
16 65 67
16 66 91
16 67 -8
16 68 37
16 69 100
16 70 -90
16 71 -17
16 72 37
16 73 -63
16 74 -83
16 75 53
16 76 -62
16 77 84
16 78 48
16 79 91
16 80 -49
16 81 -7
16 82 -91
16 83 -89
16 84 47
16 85 -64
16 86 -4
16 87 -99
16 88 62
16 89 16
16 90 78
16 91 97
16 92 -76
16 93 19
16 94 -92
16 95 35
16 96 43
16 97 58
16 98 89
16 99 63
17 0 89
17 1 71
17 2 -69
17 3 -64
17 4 -8
17 5 -16
17 6 -18
17 7 -41
17 8 41
17 9 36
17 10 63
17 11 60
17 12 68
17 13 92
17 14 86
17 15 -91
17 16 54
17 17 7
17 18 27
17 19 -40
17 20 35
17 21 96
17 22 38
17 23 94
17 25 -4
17 26 -6
17 27 67
17 28 -14
17 29 52
17 30 -19
17 31 -51
17 32 81
17 33 85
17 34 96
17 35 -20
17 36 -24
17 37 1
17 38 -17
17 39 50
17 40 -46
17 41 49
17 42 53
17 43 -47
17 44 7
17 45 64
17 46 -52
17 47 100
17 48 -31
17 49 -45
17 50 -81
17 51 61
17 52 31
17 53 -88
17 54 100
17 55 98
17 56 36
17 57 -22
17 58 -12
17 59 -80
17 60 -79
17 61 34
17 62 -30
17 63 -73
17 64 69
17 65 95
17 66 -72
17 67 -40
17 68 -29
17 69 37
17 70 -62
17 71 -48
17 72 -53
17 73 46
17 74 -87
17 75 99
17 76 -9
17 77 -56
17 78 41
17 79 -25
17 81 -32
17 82 54
17 83 97
17 84 26
17 85 33
17 86 73
17 87 94
17 88 -58
17 89 -40
17 90 58
17 91 90
17 92 95
17 93 45
17 94 42
17 95 -20
17 96 -13
17 97 33
17 98 14
17 99 91
18 0 59
18 1 67
18 2 -94
18 3 -10
18 4 -3
18 5 18
18 6 62
18 7 -81
18 8 -30
18 9 46
18 10 -63
18 11 -13
18 12 88
18 13 51
18 14 36
18 15 -18
18 16 41
18 17 -56
18 18 86
18 19 -5
18 20 -2
18 21 75
18 22 18
18 23 -88
18 24 -21
18 25 -53
18 26 59
18 27 -42
18 28 16
18 29 86
18 30 -87
18 31 69
18 32 -41
18 33 37
18 34 55
18 35 -97
18 36 -48
18 37 96
18 38 69
18 39 75
18 40 42
18 41 -53
18 42 -62
18 43 -1
18 44 69
18 46 -70
18 47 -61
18 48 63
18 49 24
18 50 -72
18 51 -24
18 52 66
18 53 -100
18 54 93
18 55 8
18 56 -64
18 57 -19
18 58 -5
18 59 52
18 60 72
18 61 -77
18 62 -54
18 63 -89
18 64 -53
18 65 -72
18 66 -100
18 67 93
18 68 78
18 71 18
18 72 -75
18 73 -4
18 74 -43
18 75 96
18 76 92
18 77 -20
18 78 -37
18 79 -31
18 80 96
18 81 11
18 82 -45
18 83 -54
18 84 81
18 85 -92
18 86 -49
18 87 -99
18 88 -87
18 89 17
18 90 57
18 91 8
18 92 -38
18 93 42
18 94 -34
18 95 19
18 96 39
18 97 62
18 98 -28
18 99 -23
19 0 -10
19 1 -67
19 2 -9
19 3 30
19 4 -73
19 5 -79
19 6 -17
19 7 -46
19 8 -64
19 9 -27
19 10 28
19 11 17
19 12 -47
19 13 -79
19 14 78
19 15 -56
19 16 -4
19 17 71
19 18 66
19 19 39
19 20 -30
19 21 10
19 22 -82
19 23 38
19 24 88
19 25 97
19 26 37
19 27 -7
19 28 22
19 29 -37
19 30 71
19 31 -50
19 32 58
19 33 -94
19 34 -35
19 35 -25
19 36 47
19 37 -32
19 38 17
19 39 -93
19 40 -58
19 41 -17
19 42 8
19 43 -94
19 44 -67
19 45 -57
19 46 5
19 47 95
19 48 36
19 49 43
19 50 85
19 51 -2
19 52 16
19 54 75
19 55 -14
19 56 -78
19 57 -44
19 58 31
19 59 7
19 60 -69
19 61 -91
19 62 27
19 63 34
19 64 7
19 65 -41
19 66 36
19 67 62
19 68 90
19 69 56
19 70 48
19 71 77
19 72 54
19 73 90
19 74 7
19 75 2
19 76 -90
19 77 39
19 78 -39
19 79 -87
19 80 -8
19 81 77
19 82 74
19 83 63
19 84 58
19 86 -55
19 87 25
19 88 -91
19 90 -92
19 91 -94
19 92 27
19 93 -63
19 94 98
19 95 48
19 96 -26
19 97 -37
19 98 -9
19 99 -80
20 0 -32
20 1 23
20 2 89
20 3 -17
20 4 -72
20 5 37
20 6 -19
20 7 26
20 8 -80
20 9 -27
20 10 74
20 11 -20
20 12 30
20 13 39
20 14 49
20 15 93
20 16 15
20 17 43
20 18 -67
20 19 -90
20 20 -44
20 21 74
20 22 -90
20 23 57
20 24 -97
20 25 -54
20 26 -58
20 27 62
20 28 -35
20 29 4
20 30 18
20 31 -7
20 32 62
20 33 40
20 34 -43
20 35 -12
20 36 -67
20 37 44
20 38 -94
20 39 63
20 40 -11
20 41 -44
20 42 -56
20 43 -96
20 44 21
20 45 57
20 46 -91
20 47 -45
20 48 -40
20 49 44
20 50 3
20 51 9
20 52 33
20 53 46
20 54 45
20 55 84
20 56 -75
20 57 -83
20 58 -98
20 59 -64
20 60 78
20 61 -80
20 62 -22
20 63 -14
20 64 17
20 65 4
20 66 -83
20 67 -61
20 68 34
20 69 52
20 70 38
20 71 -68
20 72 50
20 73 -74
20 74 51
20 75 -97
20 76 -54
20 77 22
20 78 11
20 79 -70
20 80 11
20 81 -18
20 82 -60
20 83 95
20 84 -96
20 85 -45
20 86 89
20 87 71
20 88 30
20 89 40
20 90 -14
20 91 -85
20 92 -25
20 93 -7
20 94 20
20 95 72
20 96 91
20 97 41
20 98 16
20 99 -62
21 0 -4
21 1 -11
21 2 48
21 3 4
21 4 -71
21 5 -54
21 6 4
21 7 70
21 8 42
21 9 -82
21 10 48
21 11 28
21 12 -64
21 13 97
21 14 -19
21 15 -83
21 16 -9
21 17 97
21 18 47
21 19 -13
21 20 -73
21 21 89
21 22 16
21 23 -87
21 24 75
21 25 -58
21 26 -3
21 27 -79
21 28 38
21 29 -42
21 30 3
21 31 -60
21 32 98
21 33 100
21 34 -89
21 35 78
21 36 -22
21 37 65
21 38 -31
21 39 -80
21 40 69
21 41 67
21 42 -85
21 43 36
21 44 50
21 45 11
21 47 36
21 48 70
21 49 -1
21 50 21
21 51 78
21 52 -82
21 53 -94
21 54 82
21 55 -58
21 56 -96
21 57 -81
21 58 1
21 59 32
21 60 36
21 61 43
21 62 -33
21 63 6
21 64 -69
21 65 -81
21 66 -43
21 67 46
21 68 -29
21 69 8
21 70 32
21 71 95
21 72 36
21 73 19
21 74 -76
21 75 11
21 76 78
21 77 49
21 78 61
21 79 -83
21 80 -61
21 81 -53
21 82 -79
21 83 4
21 84 90
21 85 62
21 86 -44
21 87 -89
21 88 -82
21 89 -80
21 90 72
21 91 60
21 92 -47
21 93 -1
21 94 34
21 95 -60
21 96 -75
21 97 -88
21 98 -97
21 99 66
22 1 -13
22 2 -78
22 3 -79
22 4 87
22 5 -5
22 6 -85
22 7 93
22 8 -41
22 9 -53
22 10 75
22 11 4
22 12 42
22 13 65
22 14 91
22 15 -98
22 16 -28
22 17 93
22 18 41
22 19 -10
22 20 27
22 21 87
22 22 -88
22 23 30
22 24 89
22 25 -27
22 26 -13
22 27 -3
22 28 54
22 29 4
22 30 24
22 31 62
22 32 48
22 33 -74
22 34 -6
22 35 83
22 36 83
22 37 91
22 38 85
22 39 12
22 40 85
22 41 -12
22 42 17
22 43 85
22 44 -15
22 45 56
22 46 -56
22 47 -80
22 48 -37
22 49 -22
22 50 83
22 51 67
22 52 46
22 53 33
22 54 79
22 55 -91
22 56 -49
22 57 28
22 58 -34
22 59 23
22 60 14
22 61 85
22 62 -95
22 63 63
22 64 83
22 65 -52
22 66 -28
22 67 -76
22 68 -93
22 69 94
22 70 55
22 71 -97
22 72 64
22 74 33
22 75 43
22 76 62
22 77 -39
22 78 -29
22 79 46
22 80 -13
22 82 29
22 83 39
22 84 -46
22 85 -98
22 86 -29
22 87 98
22 88 -94
22 89 -23
22 91 -78
22 92 57
22 93 -64
22 94 -27
22 95 3
22 97 -36
22 98 4
22 99 65
23 0 -48
23 1 -96
23 2 -56
23 3 -91
23 4 -42
23 5 -35
23 6 -85
23 7 47
23 8 -83
23 9 -1
23 10 -84
23 11 -30
23 13 -16
23 14 -90
23 15 -92
23 16 90
23 17 50
23 18 43
23 19 76
23 20 -50
23 21 -4
23 22 -44
23 23 23
23 24 20
23 25 100
23 26 56
23 27 -42
23 28 41
23 30 -11
23 31 19
23 32 41
23 33 36
23 34 -34
23 35 -20
23 36 38
23 37 -21
23 38 -37
23 39 -41
23 40 -81
23 41 -8
23 42 -69
23 44 39
23 45 88
23 46 -51
23 47 -4
23 48 70
23 49 -17
23 50 15
23 51 -40
23 52 -65
23 53 -16
23 54 95
23 55 50
23 56 -91
23 57 -2
23 58 -79
23 59 -79
23 60 -48
23 61 -82
23 62 55
23 63 9
23 64 -23
23 65 44
23 66 -86
23 67 -59
23 69 -51
23 70 32
23 71 15
23 72 -57
23 73 -64
23 74 75
23 75 -25
23 76 83
23 78 -15
23 79 -42
23 80 -57
23 81 -97
23 82 -75
23 83 -54
23 84 -33
23 85 -45
23 86 1
23 87 -68
23 88 68
23 89 69
23 90 55
23 91 41
23 92 93
23 93 -10
23 94 7
23 95 98
23 96 -20
23 97 87
23 98 -32
23 99 59
24 0 47
24 1 -73
24 2 45
24 3 -10
24 4 21
24 5 -25
24 6 -79
24 7 19
24 8 -43
24 9 81
24 10 20
24 11 -63
24 12 -39
24 13 62
24 14 4
24 15 55
24 16 51
24 17 15
24 18 77
24 19 39
24 20 -71
24 21 -93
24 22 61
24 23 28
24 24 18
24 25 -22
24 26 38
24 27 -47
24 28 39
24 29 10
24 30 -27
24 31 -22
24 32 -41
24 33 11
24 34 12
24 35 -7
24 36 58
24 37 99
24 38 6
24 39 74
24 40 79
24 41 -79
24 42 -41
24 43 13
24 44 -40
24 45 -93
24 46 94
24 47 51
24 48 -45
24 49 -35
24 51 53
24 52 22
24 53 33
24 54 18
24 55 -52
24 57 -5
24 58 86
24 59 9
24 60 78
24 61 32
24 62 44
24 63 -38
24 64 30
24 65 -8
24 66 69
24 67 83
24 68 17
24 69 -62
24 70 34
24 71 96
24 72 -63
24 73 41
24 74 92
24 75 86
24 76 52
24 77 -34
24 78 86
24 79 84
24 80 -51
24 81 11
24 82 72
24 83 13
24 84 90
24 85 29
24 86 29
24 87 100
24 88 -74
24 89 -29
24 90 3
24 91 -54
24 92 -15
24 93 -83
24 94 68
24 95 62
24 96 9
24 97 -32
24 98 37
24 99 53
25 0 37
25 1 -83
25 2 -35
25 3 56
25 4 32
25 5 62
25 6 22
25 7 20
25 8 50
25 9 -48
25 10 54
25 11 26
25 12 -69
25 13 78
25 14 -77
25 15 -55
25 16 23
25 17 -7
25 18 76
25 19 5
25 20 -8
25 21 44
25 22 -57
25 23 -88
25 24 31
25 25 -49
25 26 -10
25 27 12
25 28 12
25 29 69
25 30 -80
25 31 -5
25 32 42
25 33 44
25 34 94
25 35 5
25 36 -98
25 37 83
25 38 96
25 39 -31
25 40 50
25 41 -94
25 42 -86
25 43 -98
25 44 73
25 45 92
25 46 59
25 47 -54
25 48 -56
25 49 43
25 50 42
25 51 -74
25 52 36
25 53 -3
25 54 67
25 55 -36
25 56 82
25 57 -67
25 58 -47
25 59 -70
25 60 49
25 61 -82
25 62 22
25 63 44
25 64 75
25 65 8
25 66 3
25 67 -85
25 68 -54
25 69 -28
25 70 -28
25 71 -17
25 72 68
25 73 21
25 74 11
25 75 -32
25 76 -8
25 77 -24
25 78 -36
25 79 -99
25 80 -42
25 81 -53
25 82 76
25 83 -48
25 84 38
25 85 15
25 86 -7
25 87 -57
25 88 -19
25 89 -20
25 90 42
25 91 35
25 92 -33
25 93 95
25 94 68
25 95 75
25 96 -59
25 97 -18
25 98 87
25 99 20
26 0 -54
26 2 -49
26 3 -9
26 4 25
26 5 41
26 6 -50
26 7 -70
26 8 -1
26 9 54
26 10 3
26 11 -22
26 12 58
26 13 -85
26 14 -65
26 15 -87
26 16 76
26 17 31
26 18 -6
26 19 -64
26 20 -5
26 21 20
26 22 1
26 23 81
26 24 66
26 25 45
26 26 -88
26 27 -54
26 28 -81
26 29 13
26 30 -24
26 31 69
26 32 -44
26 33 -35
26 34 31
26 35 3
26 36 66
26 37 78
26 38 32
26 39 -65
26 40 -79
26 41 -95
26 42 33
26 43 46
26 44 40
26 45 47
26 46 -49
26 47 47
26 48 54
26 49 65
26 50 42
26 51 22
26 52 1
26 53 62
26 54 -99
26 55 43
26 56 3
26 57 -73
26 58 -13
26 59 -92
26 60 71
26 61 97
26 62 -37
26 63 -6
26 64 -58
26 65 -9
26 66 -49
26 67 -100
26 68 3
26 69 75
26 70 -40
26 71 -58
26 72 -95
26 73 92
26 74 13
26 75 48
26 76 57
26 77 -23
26 78 74
26 79 26
26 80 -91
26 81 -44
26 82 82
26 83 -47
26 84 34
26 85 -76
26 86 65
26 87 61
26 88 2
26 89 1
26 90 19
26 91 80
26 92 -42
26 93 67
26 94 -28
26 95 68
26 96 -9
26 97 -92
26 98 93
26 99 78
27 0 -53
27 1 -34
27 2 70
27 3 -38
27 4 -58
27 5 -65
27 6 81
27 7 -73
27 8 -35
27 9 58
27 10 68
27 11 49
27 12 52
27 13 70
27 14 56
27 15 -42
27 16 -47
27 17 13
27 19 -68
27 20 -85
27 21 16
27 22 -11
27 23 -18
27 24 -22
27 25 76
27 26 20
27 27 -66
27 28 75
27 29 -41
27 30 -59
27 31 56
27 32 41
27 33 -45
27 34 -65
27 35 -27
27 36 61
27 37 48
27 38 92
27 39 -27
27 40 53
27 41 21
27 42 27
27 43 -60
27 44 -26
27 45 -19
27 46 79
27 47 70
27 48 56
27 49 -22
27 50 -43
27 51 23
27 52 67
27 53 -79
27 54 -36
27 55 30
27 56 7
27 57 92
27 58 -96
27 59 -6
27 60 -66
27 61 -44
27 62 -86
27 63 -47
27 64 56
27 65 27
27 66 25
27 67 79
27 68 -54
27 69 -97
27 70 3
27 71 76
27 72 -81
27 73 63
27 74 85
27 75 -26
27 76 -56
27 77 -68
27 78 -100
27 79 -70
27 80 19
27 81 -53
27 82 12
27 83 -3
27 84 61
27 85 84
27 86 40
27 87 -48
27 88 -12
27 89 85
27 90 -23
27 91 56
27 92 -57
27 93 -62
27 94 -99
27 95 -86
27 96 -100
27 97 -63
27 98 -94
27 99 -58
28 0 -92
28 1 5
28 2 -88
28 3 -63
28 4 -15
28 5 77
28 6 -18
28 7 92
28 8 -78
28 9 38
28 10 -94
28 11 -82
28 12 -43
28 13 53
28 14 -100
28 15 45
28 16 68
28 17 -85
28 18 55
28 19 23
28 20 85
28 21 48
28 22 33
28 23 52
28 24 31
28 25 8
28 26 -44
28 27 -12
28 28 50
28 29 -12
28 30 -72
28 31 71
28 32 -83
28 33 33
28 34 64
28 35 4
28 36 74
28 37 -77
28 38 13
28 39 93
28 40 -52
28 41 8
28 42 -15
28 43 -57
28 45 87
28 46 -17
28 47 -74
28 48 33
28 49 -21
28 50 -56
28 51 59
28 52 -59
28 53 100
28 54 -88
28 55 -5
28 56 86
28 57 -5
28 58 26
28 59 81
28 60 -7
28 61 40
28 62 -23
28 63 -78
28 64 13
28 65 -86
28 66 -96
28 67 60
28 68 -5
28 69 2
28 70 27
28 71 72
28 72 67
28 73 -73
28 74 8
28 75 -77
28 76 -15
28 77 87
28 78 -20
28 79 -82
28 80 -3
28 81 26
28 82 -53
28 83 14
28 84 -64
28 85 -63
28 86 -44
28 87 -21
28 88 -84
28 89 -91
28 90 15
28 91 -92
28 92 82
28 93 34
28 94 -20
28 95 -68
28 96 -59
28 97 9
28 98 1
28 99 -29
29 0 8
29 1 76
29 2 34
29 3 -29
29 4 -20
29 5 42
29 6 87
29 7 -92
29 8 26
29 9 67
29 10 -5
29 11 98
29 12 -57
29 13 -38
29 14 49
29 15 -22
29 16 33
29 17 -98
29 18 56
29 19 -57
29 20 86
29 21 -100
29 22 20
29 23 -61
29 24 -43
29 25 72
29 26 -95
29 27 -37
29 28 90
29 29 15
29 30 21
29 31 8
29 32 -43
29 33 80
29 34 1
29 35 92
29 36 22
29 37 23
29 38 27
29 39 -24
29 40 -23
29 41 -86
29 42 46
29 43 41
29 44 18
29 45 -80
29 46 28
29 47 61
29 48 25
29 49 34
29 50 -34
29 51 22
29 52 3
29 53 79
29 54 65
29 55 24
29 56 -40
29 57 -25
29 58 48
29 59 -79
29 60 87
29 61 52
29 62 -15
29 63 57
29 64 -26
29 65 81
29 66 21
29 67 -47
29 68 20
29 69 -18
29 70 -88
29 71 49
29 72 28
29 73 83
29 74 52
29 75 -60
29 76 -90
29 77 25
29 78 74
29 79 -15
29 80 -3
29 81 -12
29 82 27
29 84 -87
29 85 46
29 86 29
29 87 -26
29 88 59
29 89 -31
29 90 -71
29 91 -35
29 92 -95
29 93 -71
29 94 63
29 95 21
29 96 83
29 97 97
29 98 10
29 99 59
30 0 87
30 1 54
30 2 -37
30 3 -35
30 4 19
30 5 18
30 6 -34
30 7 -54
30 8 -2
30 9 25
30 10 -81
30 11 -40
30 12 -21
30 13 -20
30 14 -82
30 15 -98
30 16 64
30 17 -13
30 18 -15
30 19 -77
30 20 -22
30 21 28
30 22 26
30 23 31
30 24 -16
30 25 47
30 26 -45
30 27 -4
30 28 -18
30 29 96
30 30 -65
30 31 -57
30 32 -3
30 33 85
30 34 64
30 35 -89
30 36 9
30 37 -39
30 38 -16
30 39 -57
30 40 -80
30 41 -56
30 42 -46
30 43 -15
30 44 -52
30 45 -94
30 46 18
30 47 53
30 48 -39
30 49 -89
30 50 20
30 51 -3
30 52 87
30 53 65
30 54 13
30 55 -80
30 56 51
30 57 67
30 58 29
30 59 -100
30 60 -71
30 61 18
30 62 32
30 63 52
30 64 -1
30 65 34
30 66 88
30 67 -63
30 68 -70
30 69 24
30 70 -61
30 71 24
30 72 -56
30 73 -53
30 74 -3
30 76 85
30 77 54
30 78 -82
30 80 29
30 81 -41
30 82 3
30 83 12
30 84 -33
30 85 -35
30 87 41
30 88 -27
30 89 -18
30 90 92
30 91 89
30 92 -30
30 93 68
30 95 74
30 96 67
30 97 48
30 98 -46
30 99 -41
31 1 -85
31 2 -3
31 3 63
31 4 -72
31 5 -28
31 6 -11
31 7 -64
31 8 44
31 9 17
31 10 39
31 11 13
31 12 61
31 13 -91
31 14 -26
31 15 -7
31 16 33
31 17 -22
31 18 -57
31 19 -73
31 20 -78
31 21 -26
31 22 -92
31 23 85
31 24 24
31 25 94
31 26 -78
31 27 89
31 28 61
31 29 -47
31 30 -78
31 31 -15
31 32 53
31 33 31
31 34 95
31 35 -56
31 36 97
31 37 69
31 38 81
31 39 -98
31 40 -100
31 41 45
31 42 -12
31 43 84
31 44 -78
31 45 41
31 46 67
31 47 -24
31 48 -27
31 49 10
31 50 49
31 51 15
31 52 -58
31 53 46
31 54 61
31 55 -100
31 56 -53
31 57 13
31 58 -11
31 59 37
31 60 -39
31 61 81
31 62 -10
31 63 55
31 64 -8
31 65 -78
31 66 80
31 67 97
31 68 93
31 69 -63
31 70 -20
31 71 12
31 72 -77
31 73 -28
31 74 -82
31 75 -80
31 76 -13
31 77 -6
31 78 82
31 79 -31
31 80 -69
31 81 30
31 82 48
31 83 43
31 84 76
31 85 -26
31 86 10
31 87 -77
31 88 -93
31 89 -88
31 90 -63
31 91 35
31 92 -91
31 93 29
31 94 68
31 95 -99
31 96 -12
31 97 -48
31 98 -61
31 99 -43
32 0 -82
32 2 44
32 3 29
32 4 59
32 5 84
32 6 -67
32 7 -71
32 8 86
32 9 57
32 10 71
32 11 -64
32 12 -85
32 13 -27
32 14 -14
32 15 -80
32 16 32
32 17 76
32 18 -96
32 19 64
32 20 -69
32 21 -95
32 22 51
32 23 -55
32 24 70
32 25 -79
32 26 56
32 27 -82
32 28 -30
32 29 -90
32 30 84
32 31 67
32 32 89
32 33 -50
32 34 -61
32 35 61
32 36 57
32 37 -93
32 38 77
32 39 -56
32 40 -87
32 41 92
32 42 -17
32 43 -93
32 44 82
32 45 14
32 46 86
32 47 12
32 48 -100
32 49 -95
32 50 -98
32 51 -18
32 52 -87
32 53 -88
32 54 13
32 55 38
32 56 -17
32 57 72
32 58 77
32 59 45
32 60 36
32 61 -44
32 62 92
32 63 -42
32 64 -28
32 65 26
32 66 41
32 67 -71
32 68 75
32 69 -8
32 70 22
32 71 47
32 72 -31
32 73 -65
32 74 -61
32 75 88
32 76 68
32 77 -4
32 78 -30
32 79 34
32 80 -83
32 81 -37
32 82 44
32 83 -27
32 84 87
32 85 26
32 86 66
32 87 -69
32 88 -56
32 89 -75
32 90 -93
32 91 -56
32 92 -80
32 93 27
32 94 90
32 95 61
32 96 25
32 97 -53
32 98 -32
32 99 56
33 0 22
33 1 -21
33 2 11
33 3 73
33 4 15
33 5 -13
33 6 79
33 7 77
33 8 78
33 9 66
33 10 93
33 11 -73
33 12 -5
33 13 11
33 14 5
33 16 -88
33 17 -53
33 18 13
33 19 -54
33 20 -2
33 21 60
33 22 -45
33 23 -37
33 25 89
33 26 -42
33 27 74
33 28 37
33 29 -71
33 30 5
33 31 69
33 32 1
33 33 -58
33 34 67
33 35 29
33 36 50
33 37 -15
33 38 91
33 39 -78
33 40 32
33 41 -26
33 42 -23
33 43 64
33 44 3
33 45 -37
33 46 -13
33 47 38
33 48 81
33 49 51
33 50 -32
33 51 20
33 52 -22
33 53 -52
33 54 49
33 55 44
33 56 10
33 57 -88
33 58 79
33 59 19
33 60 21
33 61 10
33 62 62
33 63 48
33 64 98
33 65 81
33 66 66
33 67 -7
33 69 -22
33 70 4
33 71 -45
33 72 -25
33 73 -41
33 74 -64
33 75 -5
33 76 -78
33 77 -55
33 79 64
33 80 83
33 81 -67
33 82 81
33 83 17
33 84 31
33 85 3
33 86 67
33 87 -13
33 88 -96
33 89 -7
33 90 43
33 91 -23
33 92 46
33 93 7
33 94 8
33 95 39
33 96 22
33 97 -93
33 98 -14
33 99 68
34 0 6
34 1 -14
34 2 -59
34 3 -89
34 4 -33
34 5 -69
34 6 90
34 7 -53
34 8 67
34 10 -80
34 11 -3
34 12 -56
34 13 83
34 14 94
34 15 74
34 16 69
34 17 -34
34 18 -73
34 19 26
34 20 -73
34 21 -81
34 22 8
34 23 -2
34 24 50
34 25 -74
34 26 -55
34 27 74
34 28 -2
34 29 -28
34 30 -86
34 31 13
34 32 -76
34 33 91
34 34 84
34 35 62
34 36 -34
34 37 -49
34 38 19
34 39 -2
34 40 -85
34 41 -10
34 42 69
34 43 35
34 44 66
34 45 -12
34 46 -92
34 47 74
34 48 16
34 49 63
34 50 80
34 51 -75
34 52 -11
34 53 40
34 54 9
34 55 84
34 56 -20
34 57 17
34 58 46
34 59 34
34 60 33
34 61 -73
34 62 -58
34 63 -94
34 64 -72
34 65 -16
34 66 -43
34 67 -94
34 68 -100
34 69 -65
34 70 72
34 71 43
34 72 39
34 73 -8
34 74 88
34 75 -10
34 76 6
34 77 87
34 78 23
34 79 -2
34 80 20
34 81 61
34 83 -96
34 84 -41
34 85 -88
34 86 28
34 87 10
34 88 69
34 89 -10
34 90 83
34 91 37
34 92 -82
34 93 93
34 94 74
34 95 69
34 96 -46
34 97 84
34 98 61
34 99 83
35 0 23
35 1 -56
35 2 10
35 3 69
35 4 41
35 5 -25
35 6 17
35 7 -98
35 8 86
35 9 -8
35 10 -69
35 11 74
35 12 97
35 14 -51
35 15 47
35 16 -99
35 17 -22
35 18 59
35 19 -13
35 20 -38
35 21 -30
35 22 48
35 23 58
35 24 -78
35 25 60
35 26 63
35 27 60
35 28 -38
35 29 -53
35 30 -58
35 31 -78
35 32 -17
35 33 -9
35 34 81
35 35 -51
35 36 54
35 37 -18
35 38 -92
35 39 92
35 40 16
35 41 -52
35 42 -30
35 43 -100
35 44 -88
35 45 83
35 46 12
35 47 -36
35 48 -8
35 49 -97
35 50 89
35 51 80
35 52 -49
35 53 97
35 54 -81
35 55 -86
35 56 78
35 57 -19
35 58 58
35 59 -82
35 60 -84
35 61 -79
35 62 -27
35 63 38
35 64 76
35 65 35
35 66 69
35 67 24
35 68 61
35 69 -35
35 70 76
35 72 -97
35 73 -81
35 74 20
35 75 -18
35 76 6
35 77 76
35 78 13
35 79 22
35 80 -41
35 81 -77
35 82 3
35 83 -42
35 84 -11
35 85 71
35 86 83
35 87 -75
35 88 8
35 89 -28
35 90 98
35 91 81
35 92 55
35 93 47
35 94 -8
35 95 11
35 96 -38
35 97 33
35 98 30
35 99 -3
36 0 1
36 1 -63
36 2 36
36 3 34
36 4 -21
36 5 93
36 6 -64
36 7 -22
36 8 -65
36 9 -73
36 10 47
36 11 18
36 12 79
36 13 46
36 14 71
36 15 -80
36 16 11
36 17 -57
36 18 14
36 19 -73
36 20 79
36 21 16
36 22 89
36 23 -21
36 24 31
36 25 89
36 26 -24
36 27 -86
36 28 -86
36 29 42
36 30 -91
36 32 75
36 33 -14
36 34 -37
36 35 -67
36 36 -64
36 37 -89
36 38 -25
36 39 14
36 40 -62
36 41 -46
36 42 9
36 43 -43
36 44 -88
36 45 -46
36 46 72
36 47 -74
36 48 -96
36 49 -50
36 50 34
36 51 -55
36 52 -53
36 53 -33
36 54 40
36 56 73
36 57 -98
36 58 -70
36 59 65
36 60 -46
36 61 79
36 62 -42
36 63 -51
36 64 -90
36 65 -28
36 66 4
36 67 -63
36 68 -19
36 69 -32
36 70 7
36 71 45
36 72 24
36 73 23
36 74 33
36 75 30
36 76 65
36 77 2
36 78 -27
36 79 80
36 80 16
36 81 -22
36 82 -18
36 84 21
36 85 64
36 86 -71
36 87 -27
36 88 39
36 89 -35
36 90 -11
36 91 -96
36 92 46
36 93 18
36 94 -76
36 95 46
36 96 -94
36 97 -68
36 98 49
36 99 52
37 0 59
37 1 20
37 2 -26
37 3 -16
37 4 -17
37 5 2
37 6 77
37 7 -87
37 8 -27
37 9 -81
37 10 -43
37 11 -58
37 12 51
37 13 -69
37 14 74
37 15 37
37 16 80
37 18 -84
37 19 -54
37 20 68
37 21 80
37 22 -40
37 23 11
37 24 -58
37 25 -53
37 26 74
37 27 -56
37 28 -7
37 29 14
37 30 84
37 31 28
37 32 40
37 33 6
37 34 63
37 35 -9
37 36 -95
37 37 -13
37 38 35
37 39 63
37 40 -51
37 41 10
37 42 -71
37 43 54
37 44 -21
37 45 82
37 46 -74
37 47 -60
37 48 -2
37 49 55
37 50 74
37 51 59
37 52 -28
37 53 91
37 54 -55
37 55 93
37 56 -48
37 57 51
37 58 -74
37 59 100
37 60 47
37 61 8
37 62 -10
37 63 -66
37 64 19
37 65 -51
37 66 85
37 67 35
37 68 34
37 69 29
37 70 53
37 71 -76
37 72 38
37 73 42
37 74 -85
37 75 85
37 76 -38
37 77 77
37 78 77
37 79 -98
37 80 -71
37 81 -37
37 82 55
37 83 -65
37 84 100
37 85 -43
37 86 16
37 87 -87
37 88 -80
37 89 4
37 90 -46
37 91 45
37 92 17
37 93 49
37 94 -31
37 96 8
37 97 -57
37 98 35
37 99 -16
38 0 -25
38 1 -100
38 2 -62
38 3 -61
38 4 33
38 5 58
38 6 -34
38 7 -100
38 8 94
38 9 -5
38 10 -7
38 11 7
38 12 -38
38 13 -75
38 14 -71
38 15 96
38 16 -71
38 17 59
38 18 -96
38 19 63
38 20 -92
38 21 47
38 22 1
38 23 69
38 24 2
38 25 -12
38 26 -92
38 27 97
38 28 54
38 29 93
38 30 58
38 31 -32
38 32 36
38 33 36
38 34 62
38 35 57
38 36 -31
38 37 36
38 38 -2
38 39 42
38 40 22
38 41 38
38 42 59
38 43 -57
38 44 -68
38 45 -42
38 46 48
38 47 -43
38 48 -6
38 49 -14
38 50 63
38 51 58
38 52 16
38 53 60
38 54 75
38 55 45
38 56 -77
38 57 87
38 58 46
38 59 -5
38 60 -91
38 61 34
38 62 87
38 63 -81
38 64 -92
38 65 -63
38 66 3
38 67 36
38 68 54
38 69 67
38 70 -15
38 71 -74
38 72 73
38 73 -8
38 74 -3
38 75 -67
38 76 13
38 77 -14
38 78 49
38 79 -17
38 80 -80
38 81 -1
38 82 40
38 84 45
38 85 -98
38 86 81
38 87 3
38 88 -83
38 89 8
38 90 37
38 91 66
38 92 -82
38 93 -43
38 94 88
38 95 -17
38 96 49
38 97 31
38 98 -85
38 99 -51
39 0 76
39 1 100
39 2 37
39 3 30
39 4 -92
39 5 51
39 6 78
39 7 35
39 8 -100
39 9 26
39 10 -94
39 11 74
39 12 -20
39 13 -22
39 14 -69
39 15 38
39 16 69
39 17 -1
39 18 -69
39 19 93
39 20 31
39 21 76
39 22 85
39 23 76
39 24 -53
39 25 -6
39 26 45
39 27 14
39 28 7
39 29 -14
39 30 41
39 31 11
39 32 50
39 33 -65
39 34 93
39 35 -19
39 36 -85
39 37 98
39 38 23
39 39 70
39 40 -94
39 41 1
39 42 -76
39 43 -97
39 44 -1
39 45 -62
39 46 -39
39 47 21
39 48 64
39 49 1
39 50 83
39 51 -31
39 52 -31
39 53 11
39 54 -89
39 55 -88
39 56 94
39 57 -50
39 58 -98
39 59 34
39 60 -18
39 61 -52
39 62 -75
39 63 -20
39 64 77
39 65 -59
39 66 95
39 67 -65
39 68 82
39 69 -43
39 70 -23
39 71 23
39 72 13
39 73 -39
39 74 -64
39 75 3
39 76 82
39 77 25
39 79 -5
39 80 65
39 81 -29
39 82 25
39 83 2
39 85 81
39 86 24
39 87 -40
39 88 -31
39 89 3
39 90 36
39 91 -36
39 92 -54
39 93 17
39 94 61
39 95 95
39 96 56
39 97 -11
39 98 24
39 99 79
40 0 14
40 1 -11
40 2 -54
40 3 52
40 4 -86
40 5 -26
40 6 -83
40 7 -96
40 8 -82
40 9 81
40 10 -3
40 11 3
40 13 -100
40 14 -47
40 16 20
40 17 -67
40 18 -45
40 19 -59
40 20 27
40 21 -72
40 22 82
40 23 67
40 24 -17
40 25 -94
40 26 71
40 27 3
40 28 -31
40 29 37
40 30 -69
40 31 -95
40 32 88
40 33 -86
40 34 99
40 35 90
40 36 -52
40 37 -60
40 38 60
40 39 7
40 40 -2
40 41 31
40 42 -24
40 43 76
40 44 75
40 45 -65
40 46 21
40 47 -52
40 48 -68
40 49 -53
40 50 -21
40 51 15
40 53 -45
40 55 73
40 56 50
40 57 -12
40 58 4
40 59 98
40 60 83
40 61 44
40 62 18
40 63 -36
40 64 -64
40 65 65
40 66 -59
40 67 -92
40 68 -2
40 69 -58
40 70 -59
40 71 -56
40 72 -27
40 73 100
40 74 -54
40 75 -15
40 76 46
40 77 6
40 78 59
40 79 70
40 80 -26
40 81 -55
40 82 -97
40 83 -28
40 84 -30
40 85 -91
40 86 -57
40 87 -49
40 88 19
40 89 -66
40 90 93
40 91 -60
40 92 -30
40 93 -97
40 94 47
40 95 76
40 96 51
40 97 9
40 98 82
40 99 72
41 0 -44
41 1 90
41 2 61
41 3 -79
41 4 -34
41 5 -45
41 6 -40
41 7 85
41 8 42
41 9 37
41 10 -35
41 11 -57
41 12 62
41 13 97
41 14 10
41 15 40
41 16 -57
41 17 48
41 18 58
41 19 -37
41 20 36
41 21 -89
41 22 -79
41 23 28
41 24 80
41 25 67
41 26 -44
41 27 81
41 28 36
41 30 -20
41 31 -92
41 32 -61
41 33 73
41 34 -98
41 35 -98
41 36 69
41 37 -68
41 38 94
41 39 -6
41 40 -84
41 41 78
41 42 -13
41 43 6
41 44 -40
41 45 56
41 46 12
41 47 -4
41 48 57
41 49 -76
41 50 -85
41 51 -84
41 52 19
41 53 -37
41 54 93
41 55 57
41 56 -96
41 57 64
41 58 -54
41 59 -43
41 60 84
41 61 -48
41 62 -48
41 63 -36
41 64 -58
41 65 -69
41 66 77
41 67 57
41 69 -16
41 70 -17
41 71 -65
41 72 -19
41 73 -40
41 74 -39
41 75 -10
41 76 6
41 77 46
41 78 -73
41 79 -52
41 80 63
41 81 81
41 82 -90
41 83 -17
41 84 -37
41 85 -40
41 86 -47
41 87 -3
41 88 -14
41 89 66
41 90 16
41 91 41
41 92 56
41 93 -62
41 94 -80
41 95 54
41 96 -8
41 97 91
41 98 -37
41 99 -89
42 0 45
42 1 -28
42 2 72
42 3 -19
42 4 62
42 5 31
42 6 -43
42 7 39
42 8 59
42 9 9
42 10 -32
42 11 -39
42 12 31
42 13 97
42 14 23
42 15 -100
42 16 -42
42 17 -98
42 18 -8
42 19 48
42 20 53
42 21 66
42 22 55
42 23 -47
42 24 -50
42 25 -85
42 26 -96
42 27 -9
42 28 100
42 29 -84
42 30 1
42 31 16
42 32 -1
42 33 -48
42 34 54
42 35 -65
42 36 -100
42 37 17
42 38 94
42 39 89
42 40 -58
42 41 36
42 42 22
42 43 98
42 44 -3
42 45 -64
42 46 -4
42 47 -56
42 48 -26
42 49 -28
42 50 59
42 51 -13
42 52 87
42 53 41
42 54 -93
42 55 -43
42 56 48
42 57 -16
42 58 -15
42 59 15
42 60 -80
42 61 -55
42 62 5
42 63 -21
42 64 99
42 65 -41
42 66 17
42 67 -89
42 68 -19
42 69 -24
42 70 -96
42 71 80
42 72 -62
42 73 50
42 74 89
42 75 -98
42 76 63
42 77 47
42 78 29
42 79 -56
42 80 71
42 81 -62
42 82 65
42 83 -4
42 84 -33
42 85 30
42 86 -37
42 87 7
42 88 15
42 89 -51
42 90 -53
42 91 -79
42 92 -5
42 93 68
42 94 -42
42 95 -39
42 96 -97
42 97 -60
42 98 41
42 99 53
43 0 22
43 1 -28
43 2 -31
43 3 49
43 4 29
43 5 -61
43 6 79
43 7 92
43 8 -63
43 9 83
43 10 -21
43 11 -26
43 12 94
43 13 80
43 14 -66
43 15 -51
43 16 -42
43 17 27
43 18 -91
43 19 -50
43 20 -12
43 21 49
43 22 39
43 23 18
43 24 50
43 25 26
43 26 -49
43 27 16
43 28 -56
43 29 -17
43 30 -87
43 31 -31
43 32 -29
43 34 64
43 35 100
43 36 -2
43 37 79
43 38 -57
43 39 -49
43 40 61
43 41 31
43 42 -89
43 43 -13
43 44 20
43 45 -45
43 46 59
43 47 48
43 48 9
43 49 -95
43 50 5
43 51 -28
43 52 -99
43 54 5
43 55 -83
43 56 -78
43 57 89
43 58 78
43 59 46
43 60 19
43 61 -40
43 62 42
43 63 -56
43 64 38
43 65 -71
43 66 -31
43 67 60
43 68 -70
43 69 27
43 70 -93
43 71 10
43 72 72
43 73 48
43 74 -36
43 75 -42
43 76 -99
43 77 -99
43 78 -98
43 79 -23
43 80 -15
43 81 33
43 82 -61
43 83 -89
43 84 -17
43 85 50
43 87 94
43 88 -28
43 89 -36
43 90 -19
43 91 9
43 92 -61
43 93 26
43 94 55
43 95 76
43 96 -32
43 97 25
43 98 -62
43 99 -51
44 0 94
44 1 -38
44 2 60
44 3 -62
44 4 -61
44 5 -88
44 6 57
44 7 -41
44 8 76
44 9 72
44 10 -67
44 11 -97
44 12 6
44 13 -71
44 14 50
44 15 70
44 16 88
44 17 6
44 18 63
44 19 87
44 20 -28
44 21 2
44 22 28
44 23 -72
44 24 -88
44 25 -5
44 26 18
44 27 -5
44 28 52
44 29 92
44 30 27
44 31 29
44 32 -42
44 33 19
44 34 -31
44 35 -4
44 36 97
44 37 -79
44 38 30
44 39 69
44 40 -58
44 42 6
44 43 -6
44 44 48
44 45 -60
44 46 -71
44 47 -57
44 48 -24
44 49 -77
44 50 -79
44 51 36
44 52 16
44 53 55
44 54 32
44 55 -80
44 56 34
44 57 90
44 58 -71
44 59 -58
44 60 -22
44 61 -79
44 62 38
44 63 -87
44 64 100
44 65 -84
44 66 37
44 67 18
44 68 -91
44 69 -40
44 70 -75
44 71 91
44 72 18
44 73 90
44 74 60
44 75 -95
44 76 -84
44 77 95
44 78 -69
44 79 -10
44 80 -70
44 81 -85
44 82 -8
44 83 -67
44 84 -96
44 85 22
44 86 49
44 87 1
44 88 -29
44 89 -80
44 90 -35
44 91 -35
44 92 -50
44 93 -37
44 94 -97
44 95 35
44 96 -45
44 97 -36
44 98 23
44 99 37
45 0 -26
45 1 -39
45 2 -86
45 3 97
45 4 -39
45 5 81
45 6 -65
45 7 1
45 8 60
45 9 9
45 10 44
45 11 25
45 12 -36
45 13 -85
45 14 44
45 15 -23
45 16 -73
45 17 77
45 18 -75
45 19 34
45 20 59
45 21 -59
45 22 64
45 23 -27
45 24 10
45 25 -83
45 26 12
45 27 -96
45 28 90
45 29 15
45 30 -59
45 31 -100
45 32 6
45 33 -94
45 34 1
45 35 -100
45 36 10
45 37 37
45 38 5
45 39 52
45 40 97
45 41 43
45 42 -29
45 43 -78
45 44 74
45 45 42
45 46 33
45 47 -29
45 48 -24
45 49 60
45 50 -4
45 51 -30
45 52 87
45 53 68
45 54 30
45 55 39
45 56 74
45 57 -97
45 58 58
45 59 -51
45 60 -88
45 61 -97
45 62 -74
45 63 85
45 64 -61
45 65 95
45 66 -85
45 67 58
45 68 -77
45 69 -5
45 70 -58
45 71 -26
45 72 -17
45 73 18
45 74 -33
45 75 -64
45 76 58
45 77 2
45 78 27
45 79 -70
45 80 -83
45 81 96
45 82 41
45 83 -21
45 84 43
45 85 -48
45 87 -37
45 88 56
45 89 -32
45 90 46
45 91 -39
45 92 42
45 93 57
45 94 -63
45 95 56
45 96 -84
45 98 -36
45 99 -56
46 0 -6
46 1 98
46 2 -34
46 3 -85
46 4 -13
46 5 56
46 6 27
46 7 54
46 8 -4
46 9 20
46 10 73
46 11 -34
46 12 43
46 13 -33
46 14 34
46 15 -41
46 16 -32
46 17 -70
46 18 -15
46 19 91
46 20 -62
46 21 -17
46 22 68
46 23 21
46 24 -41
46 25 -96
46 26 38
46 27 -43
46 28 -29
46 29 -6
46 30 -2
46 31 -76
46 32 -3
46 33 -16
46 34 85
46 35 37
46 36 -62
46 37 -97
46 38 29
46 39 -57
46 40 -57
46 41 -20
46 42 22
46 43 -28
46 44 -66
46 45 -69
46 46 70
46 47 38
46 48 96
46 49 59
46 50 42
46 51 -8
46 52 49
46 53 -92
46 54 -37
46 55 -46
46 56 92
46 57 -22
46 58 57
46 59 -55
46 60 69
46 61 30
46 62 4
46 63 84
46 64 -59
46 65 -11
46 66 33
46 67 -68
46 68 -80
46 69 -65
46 70 -81
46 71 65
46 72 5
46 73 -56
46 74 -19
46 75 -27
46 76 -56
46 77 6
46 78 -71
46 79 -29
46 80 -55
46 81 -23
46 82 -78
46 83 -64
46 84 32
46 85 -7
46 86 -43
46 87 -34
46 88 12
46 89 -48
46 90 -8
46 91 -48
46 93 32
46 94 2
46 95 -23
46 97 53
46 98 66
46 99 -1
47 0 43
47 1 26
47 2 42
47 3 86
47 4 -68
47 5 65
47 6 -64
47 7 71
47 8 -2
47 9 -54
47 10 -2
47 11 63
47 12 -34
47 13 28
47 14 10
47 15 -39
47 16 -49
47 17 4
47 18 -4
47 19 34
47 20 77
47 21 51
47 22 1
47 23 96
47 24 28
47 25 -74
47 26 -3
47 27 7
47 28 83
47 29 28
47 30 -6
47 31 82
47 32 -26
47 33 58
47 34 -40
47 35 89
47 36 -89
47 37 41
47 38 14
47 39 -41
47 40 -53
47 41 -39
47 42 12
47 43 -52
47 44 79
47 45 1
47 46 95
47 47 -65
47 48 -68
47 49 -28
47 50 -51
47 51 91
47 52 85
47 53 -18
47 54 -63
47 55 -96
47 56 24
47 57 -56
47 58 6
47 59 3
47 60 90
47 61 -84
47 62 -26
47 63 66
47 64 64
47 65 88
47 66 -44
47 67 78
47 68 15
47 69 -30
47 70 -98
47 71 -76
47 72 -73
47 73 -40
47 74 -83
47 75 -43
47 76 -93
47 77 -86
47 78 -91
47 79 -96
47 80 16
47 81 -63
47 82 14
47 83 57
47 84 67
47 85 5
47 86 -22
47 87 -75
47 88 8
47 89 27
47 90 38
47 91 -2
47 92 -51
47 93 32
47 94 24
47 95 -27
47 96 -50
47 97 -32
47 98 -26
47 99 85
48 0 42
48 1 -82
48 2 62
48 3 -25
48 4 -28
48 5 41
48 6 -20
48 7 -12
48 8 18
48 9 -62
48 10 35
48 11 12
48 12 -28
48 13 7
48 14 -46
48 15 -49
48 16 74
48 17 15
48 18 90
48 19 23
48 20 91
48 21 77
48 22 20
48 23 -54
48 24 -76
48 25 87
48 26 21
48 27 -95
48 28 -76
48 29 42
48 30 -58
48 31 -18
48 32 -88
48 33 -63
48 34 35
48 35 -40
48 36 -13
48 37 -67
48 38 83
48 39 61
48 40 -32
48 41 73
48 42 -25
48 43 -9
48 44 14
48 45 -63
48 46 6
48 47 11
48 48 85
48 49 22
48 50 33
48 51 56
48 52 71
48 53 19
48 54 -9
48 55 29
48 56 -36
48 57 22
48 58 67
48 59 -92
48 60 18
48 61 16
48 62 18
48 63 38
48 64 67
48 65 70
48 66 -35
48 67 26
48 68 -7
48 69 50
48 70 7
48 71 -81
48 72 -97
48 73 40
48 74 34
48 75 15
48 76 -15
48 77 12
48 78 37
48 79 -56
48 80 63
48 81 -11
48 82 97
48 83 16
48 84 100
48 85 -96
48 86 -4
48 87 -4
48 88 -24
48 89 -55
48 90 -82
48 91 12
48 92 12
48 94 3
48 95 90
48 96 35
48 97 -72
48 98 16
48 99 69
49 0 -5
49 1 60
49 2 100
49 3 56
49 4 24
49 5 -6
49 6 -87
49 7 54
49 8 48
49 9 14
49 10 27
49 11 58
49 12 2
49 13 86
49 14 -32
49 15 6
49 16 46
49 17 34
49 18 -84
49 19 -6
49 20 -80
49 21 75
49 22 6
49 23 43
49 24 37
49 25 53
49 26 -66
49 27 -79
49 28 -52
49 29 9
49 30 -33
49 31 -70
49 32 -70
49 33 55
49 34 -10
49 35 15
49 36 -5
49 37 5
49 38 33
49 39 78
49 40 -60
49 41 -1
49 42 -76
49 43 -22
49 44 78
49 45 -49
49 46 -89
49 47 -87
49 48 5
49 49 17
49 50 74
49 51 3
49 52 76
49 53 -9
49 54 -57
49 55 -8
49 56 73
49 57 21
49 58 93
49 59 -18
49 60 -93
49 61 8
49 62 -64
49 63 79
49 64 1
49 65 36
49 66 45
49 67 -29
49 68 -10
49 69 38
49 70 34
49 71 -7
49 72 -66
49 73 15
49 74 -41
49 75 75
49 76 -23
49 77 -14
49 78 42
49 79 13
49 80 48
49 81 19
49 82 8
49 83 12
49 84 -10
49 85 52
49 86 -27
49 87 85
49 88 -72
49 89 35
49 90 -70
49 91 49
49 92 69
49 93 -78
49 94 -25
49 95 -57
49 96 -42
49 97 -28
49 98 60
49 99 49
50 0 -6
50 1 -29
50 2 59
50 3 -86
50 4 -99
50 5 1
50 6 9
50 7 92
50 8 -62
50 9 -28
50 10 -80
50 11 26
50 12 -32
50 13 47
50 14 -99
50 15 -71
50 16 -94
50 18 64
50 19 27
50 20 43
50 21 -64
50 22 17
50 23 -35
50 24 -65
50 25 -86
50 26 -84
50 27 9
50 28 -25
50 29 13
50 30 -69
50 31 -53
50 32 -40
50 33 -45
50 34 55
50 35 -82
50 36 -41
50 37 -100
50 38 86
50 39 -65
50 40 25
50 41 -84
50 42 78
50 43 -56
50 44 -56
50 45 4
50 46 -14
50 47 -97
50 48 -16
50 49 -49
50 50 31
50 51 -1
50 52 97
50 53 -38
50 54 60
50 56 -100
50 57 -97
50 59 -91
50 60 98
50 61 -40
50 62 13
50 63 56
50 64 -69
50 65 24
50 66 37
50 67 -39
50 68 27
50 69 59
50 70 -94
50 71 -57
50 72 99
50 73 -55
50 74 -97
50 75 71
50 76 -25
50 77 29
50 78 -79
50 79 47
50 80 -96
50 81 79
50 82 -84
50 83 93
50 84 22
50 85 75
50 86 -26
50 87 -34
50 88 -20
50 89 79
50 90 -67
50 91 -57
50 93 -5
50 94 -18
50 95 -49
50 96 59
50 97 99
50 98 24
50 99 37
51 0 -94
51 1 21
51 2 59
51 3 7
51 4 38
51 5 -22
51 6 22
51 7 -9
51 8 70
51 9 -41
51 10 8
51 11 -62
51 12 -55
51 13 24
51 14 -88
51 15 -49
51 16 -9
51 17 -58
51 18 -60
51 19 -72
51 20 84
51 21 65
51 22 -34
51 23 -39
51 24 -48
51 25 -18
51 26 -82
51 27 92
51 28 -44
51 29 66
51 30 -66
51 31 30
51 32 75
51 33 -45
51 34 -46
51 35 62
51 36 -26
51 37 25
51 38 1
51 39 83
51 40 23
51 41 -54
51 42 48
51 43 81
51 44 -99
51 45 -100
51 46 -54
51 47 14
51 48 36
51 49 -9
51 50 -82
51 51 95
51 52 -78
51 53 95
51 54 -1
51 55 -73
51 56 83
51 57 8
51 58 -35
51 59 4
51 60 39
51 61 15
51 62 67
51 63 58
51 64 17
51 66 -41
51 67 -85
51 68 45
51 69 -90
51 70 -41
51 71 75
51 72 24
51 73 -95
51 74 -39
51 75 42
51 76 -100
51 77 -15
51 78 57
51 79 -81
51 80 93
51 81 6
51 82 -20
51 83 -59
51 84 38
51 85 45
51 86 -64
51 87 -36
51 88 -44
51 89 -82
51 90 92
51 91 -55
51 92 52
51 93 -92
51 94 -18
51 95 -5
51 96 -6
51 97 -64
51 98 25
51 99 4
52 0 78
52 1 -51
52 2 90
52 3 99
52 4 -7
52 5 85
52 6 -69
52 7 73
52 8 68
52 9 -28
52 10 -32
52 11 4
52 12 -90
52 13 -93
52 14 50
52 15 47
52 17 -50
52 18 18
52 19 -99
52 20 -36
52 21 -65
52 22 -54
52 23 55
52 24 9
52 25 84
52 26 -24
52 28 40
52 29 58
52 30 -51
52 31 -45
52 32 19
52 33 -87
52 34 14
52 36 -3
52 37 -68
52 38 -54
52 39 -32
52 40 -90
52 41 26
52 42 -81
52 43 -57
52 44 29
52 45 -10
52 46 79
52 47 -100
52 48 -85
52 49 93
52 50 -99
52 51 -54
52 52 54
52 53 -63
52 54 -16
52 55 -59
52 56 -14
52 57 -65
52 58 69
52 59 -33
52 60 13
52 61 73
52 62 -70
52 63 48
52 64 -93
52 65 -41
52 66 11
52 67 97
52 68 -57
52 69 61
52 70 42
52 71 32
52 72 96
52 73 -37
52 74 85
52 75 -46
52 76 77
52 77 -46
52 78 -61
52 79 -57
52 80 3
52 81 90
52 82 -30
52 83 -98
52 85 -78
52 86 8
52 87 29
52 88 60
52 89 41
52 90 -89
52 91 -73
52 92 -40
52 93 1
52 94 91
52 95 -90
52 96 -45
52 97 -38
52 98 81
52 99 -42
53 0 -39
53 1 -36
53 2 -24
53 3 -27
53 4 -42
53 5 -68
53 6 -53
53 7 -43
53 8 31
53 9 -2
53 10 -26
53 11 -4
53 12 29
53 13 60
53 14 -78
53 15 52
53 16 55
53 17 53
53 18 -2
53 19 78
53 20 -85
53 21 79
53 22 77
53 23 49
53 24 44
53 25 48
53 26 -41
53 27 34
53 28 22
53 29 -80
53 30 -85
53 31 50
53 32 -35
53 33 10
53 34 -76
53 35 -53
53 36 82
53 37 -85
53 38 4
53 39 64
53 40 37
53 41 -57
53 42 61
53 43 -71
53 44 83
53 45 55
53 46 -40
53 47 44
53 48 -91
53 49 78
53 50 91
53 51 -52
53 52 -29
53 53 94
53 54 -11
53 55 4
53 56 92
53 57 56
53 58 74
53 59 -11
53 60 27
53 61 -23
53 62 90
53 63 91
53 64 51
53 65 -42
53 66 89
53 67 2
53 68 5
53 69 8
53 70 16
53 71 86
53 73 85
53 74 66
53 75 -35
53 76 92
53 77 56
53 78 25
53 79 -4
53 80 30
53 81 74
53 82 -68
53 83 -21
53 84 100
53 85 -80
53 86 -51
53 87 52
53 88 -2
53 90 -59
53 91 24
53 92 71
53 93 39
53 94 -18
53 95 52
53 96 37
53 97 -26
53 98 -59
53 99 70
54 0 34
54 1 4
54 2 61
54 3 59
54 4 43
54 5 73
54 6 45
54 7 20
54 8 46
54 9 62
54 10 -55
54 11 -48
54 12 -95
54 13 58
54 14 19
54 15 25
54 16 -33
54 17 6
54 18 -5
54 19 38
54 20 -5
54 21 47
54 22 6
54 23 -75
54 24 -2
54 25 7
54 26 -15
54 27 -20
54 28 -22
54 29 -6
54 30 57
54 31 -28
54 32 -76
54 33 57
54 34 -46
54 35 72
54 36 -28
54 37 -52
54 38 -34
54 39 95
54 40 77
54 42 -88
54 43 95
54 44 45
54 45 43
54 46 61
54 47 -28
54 48 -74
54 49 -100
54 51 88
54 52 -86
54 53 47
54 54 13
54 55 31
54 57 74
54 58 91
54 59 73
54 60 -61
54 61 -62
54 62 -4
54 63 -41
54 64 -74
54 65 -14
54 66 57
54 67 45
54 68 -81
54 69 -19
54 70 11
54 71 77
54 72 90
54 73 71
54 74 8
54 75 -61
54 76 21
54 78 44
54 79 -69
54 80 35
54 81 53
54 82 82
54 83 90
54 84 -84
54 85 -7
54 86 -69
54 87 -29
54 88 -4
54 89 29
54 90 68
54 91 -57
54 92 -84
54 93 -84
54 94 -5
54 95 -72
54 96 -65
54 97 1
54 98 -2
54 99 1
55 0 -64
55 1 -77
55 2 -38
55 3 -77
55 4 -34
55 5 -83
55 6 -89
55 7 -85
55 8 -28
55 9 49
55 10 85
55 11 -96
55 12 -61
55 13 -87
55 14 39
55 15 86
55 16 -62
55 17 69
55 18 12
55 19 83
55 20 -16
55 21 -37
55 22 91
55 23 -41
55 24 -84
55 25 52
55 26 -84
55 27 33
55 28 -82
55 29 -99
55 30 13
55 31 22
55 32 -53
55 33 62
55 34 87
55 35 45
55 36 100
55 37 -10
55 38 40
55 39 -97
55 40 -81
55 41 -20
55 42 86
55 43 69
55 44 26
55 45 -45
55 46 -50
55 47 67
55 48 68
55 49 -91
55 50 64
55 51 -23
55 52 42
55 53 -21
55 54 -96
55 55 98
55 56 34
55 57 -87
55 58 93
55 59 10
55 60 32
55 61 -9
55 62 -66
55 63 87
55 64 -72
55 65 -92
55 66 -19
55 67 -48
55 68 -81
55 69 -68
55 70 -37
55 71 70
55 72 53
55 73 55
55 74 -48
55 75 -3
55 76 42
55 77 -77
55 78 58
55 79 96
55 80 -18
55 81 -6
55 82 42
55 83 -90
55 84 -74
55 85 -16
55 86 -55
55 87 63
55 88 -49
55 89 2
55 90 -79
55 91 -13
55 92 -56
55 93 19
55 94 -5
55 95 89
55 96 74
55 97 -41
55 98 -24
55 99 74
56 0 -68
56 1 71
56 2 65
56 3 59
56 5 23
56 6 75
56 7 78
56 8 -75
56 9 24
56 10 32
56 11 75
56 12 -23
56 13 38
56 14 78
56 16 -91
56 17 27
56 18 -36
56 19 71
56 20 -64
56 21 44
56 22 47
56 23 -56
56 24 6
56 25 -94
56 26 -19
56 27 14
56 28 -18
56 29 -61
56 30 60
56 31 -45
56 32 74
56 33 40
56 34 83
56 35 10
56 36 -5
56 37 -14
56 38 40
56 39 19
56 40 -64
56 41 30
56 42 100
56 43 -20
56 44 -8
56 45 23
56 46 32
56 47 13
56 48 65
56 49 36
56 50 53
56 51 -43
56 52 68
56 53 47
56 54 82
56 55 -81
56 56 83
56 57 -22
56 58 -23
56 59 -66
56 60 -93
56 61 -16
56 62 -49
56 63 -87
56 64 -25
56 65 -25
56 66 12
56 67 -26
56 68 -13
56 69 -5
56 70 98
56 71 16
56 72 -81
56 73 -28
56 74 76
56 75 -7
56 76 14
56 77 -47
56 78 35
56 79 -55
56 80 -16
56 81 -66
56 82 70
56 83 -54
56 84 -21
56 85 -42
56 86 -15
56 87 -72
56 88 -30
56 89 30
56 90 43
56 91 24
56 92 -88
56 94 -91
56 95 -16
56 96 98
56 97 -5
56 98 45
56 99 78
57 0 74
57 1 -4
57 2 -26
57 3 -58
57 4 64
57 5 6
57 6 -91
57 7 -94
57 8 41
57 9 -74
57 10 -61
57 11 -30
57 12 -50
57 13 -11
57 14 -22
57 15 98
57 16 90
57 17 -80
57 18 92
57 19 68
57 20 -70
57 21 -32
57 22 39
57 23 -98
57 24 5
57 25 27
57 26 30
57 27 48
57 28 93
57 29 49
57 30 -81
57 31 45
57 32 48
57 33 -73
57 34 68
57 35 -21
57 36 87
57 37 70
57 38 -45
57 39 72
57 40 -9
57 41 -30
57 42 60
57 43 -47
57 44 -28
57 45 -25
57 46 4
57 47 -6
57 48 25
57 49 -80
57 50 25
57 51 65
57 52 -46
57 53 -70
57 54 31
57 55 27
57 56 -42
57 57 -15
57 58 94
57 59 -58
57 60 -17
57 61 -62
57 62 -44
57 63 49
57 64 -78
57 65 -49
57 66 -35
57 67 41
57 68 36
57 69 -68
57 70 -17
57 71 35
57 72 37
57 73 21
57 74 -23
57 75 -81
57 76 97
57 77 -27
57 78 55
57 79 -96
57 80 24
57 81 26
57 82 -63
57 83 -10
57 84 -62
57 85 -25
57 86 -43
57 87 67
57 88 77
57 89 43
57 90 -28
57 91 63
57 92 63
57 93 36
57 95 -67
57 96 47
57 97 10
57 98 -73
57 99 53
58 0 17
58 1 -39
58 2 31
58 3 -76
58 4 77
58 5 1
58 6 71
58 7 69
58 8 60
58 9 12
58 10 80
58 11 55
58 12 -50
58 13 -96
58 14 -70
58 15 -25
58 16 -72
58 17 -56
58 18 -57
58 19 4
58 20 65
58 21 -74
58 22 21
58 23 -56
58 24 -74
58 25 20
58 26 22
58 27 80
58 28 55
58 29 -61
58 30 -11
58 31 24
58 32 -53
58 33 79
58 34 -60
58 35 -15
58 36 2
58 37 22
58 38 63
58 39 -66
58 40 86
58 41 85
58 42 91
58 43 67
58 44 -11
58 45 66
58 46 -49
58 47 93
58 48 100
58 49 8
58 50 81
58 51 53
58 52 37
58 53 -83
58 54 -17
58 55 -71
58 56 51
58 57 1
58 58 -70
58 59 29
58 60 54
58 61 61
58 62 99
58 63 36
58 64 -19
58 65 -1
58 66 1
58 67 100
58 68 -67
58 69 29
58 70 -34
58 72 -98
58 73 25
58 74 -21
58 75 -47
58 76 99
58 77 -14
58 78 -84
58 80 -25
58 81 5
58 82 -51
58 83 16
58 84 -87
58 85 -85
58 86 -85
58 87 -78
58 88 -36
58 89 -71
58 90 -74
58 91 96
58 92 59
58 93 -64
58 94 -83
58 95 -34
58 96 6
58 97 15
58 98 15
58 99 -12
59 0 -73
59 1 10
59 2 -77
59 4 40
59 5 -62
59 6 -14
59 7 58
59 8 54
59 9 31
59 10 -17
59 11 -13
59 12 24
59 13 -73
59 14 76
59 15 -37
59 16 76
59 17 -85
59 18 -65
59 19 20
59 20 -29
59 22 -73
59 23 -23
59 24 -82
59 25 98
59 26 -66
59 27 -27
59 28 -91
59 29 15
59 30 -35
59 31 45
59 32 1
59 33 31
59 34 -33
59 35 30
59 36 83
59 37 52
59 38 -37
59 39 63
59 40 71
59 41 4
59 42 -83
59 43 -38
59 44 98
59 45 31
59 46 -50
59 47 63
59 48 -44
59 49 98
59 50 66
59 51 31
59 52 -48
59 53 32
59 54 90
59 55 2
59 56 13
59 57 -47
59 58 -49
59 59 -8
59 60 77
59 61 -7
59 63 82
59 64 -73
59 65 47
59 66 -76
59 67 -85
59 68 81
59 69 -5
59 70 77
59 71 -22
59 72 -24
59 73 -51
59 74 -49
59 75 12
59 76 7
59 77 30
59 78 -100
59 79 53
59 80 88
59 81 56
59 82 -32
59 83 47
59 84 -16
59 85 32
59 86 -66
59 87 15
59 88 79
59 89 6
59 90 -40
59 91 -72
59 92 -70
59 93 -89
59 94 -24
59 95 19
59 96 -6
59 97 84
59 98 60
59 99 -47
60 0 -12
60 1 -40
60 2 26
60 3 -38
60 4 -52
60 5 -38
60 6 91
60 7 71
60 8 38
60 9 6
60 10 -63
60 11 64
60 12 70
60 13 -70
60 14 79
60 15 -48
60 16 -47
60 17 -94
60 18 46
60 19 66
60 20 80
60 21 44
60 22 -23
60 23 97
60 24 25
60 25 -98
60 26 -17
60 27 84
60 28 -2
60 29 9
60 30 -97
60 31 89
60 32 68
60 33 -2
60 34 39
60 35 -37
60 36 -24
60 37 99
60 38 86
60 39 5
60 40 -83
60 41 -1
60 42 44
60 43 70
60 44 24
60 45 88
60 46 -45
60 47 -7
60 48 -92
60 49 33
60 50 -40
60 51 -29
60 52 29
60 53 56
60 54 12
60 55 41
60 56 69
60 57 61
60 58 73
60 59 -60
60 60 39
60 61 -71
60 62 54
60 63 91
60 64 84
60 65 85
60 66 82
60 67 -27
60 68 -75
60 69 -98
60 70 -47
60 71 22
60 72 23
60 73 86
60 74 83
60 75 -19
60 76 67
60 77 67
60 78 54
60 79 -38
60 80 16
60 81 -44
60 82 22
60 83 67
60 84 -28
60 85 3
60 86 -71
60 87 -45
60 88 -16
60 89 33
60 90 -26
60 91 63
60 92 -50
60 93 -11
60 94 -47
60 95 10
60 96 89
60 97 100
60 98 5
60 99 -81
61 0 84
61 1 -89
61 2 -98
61 3 44
61 4 -37
61 5 -27
61 6 43
61 7 80
61 8 13
61 9 -94
61 10 47
61 11 6
61 12 -58
61 13 -45
61 14 45
61 15 33
61 16 38
61 17 6
61 18 -26
61 19 -4
61 20 79
61 21 57
61 22 -56
61 23 -97
61 24 51
61 25 69
61 26 6
61 27 -38
61 28 -55
61 29 4
61 30 47
61 31 96
61 32 58
61 33 66
61 34 -71
61 35 58
61 36 -60
61 37 -68
61 38 70
61 39 82
61 40 63
61 41 71
61 42 -95
61 43 -52
61 44 66
61 45 19
61 46 61
61 47 31
61 48 -68
61 49 -15
61 50 70
61 51 -82
61 53 42
61 54 -13
61 55 -28
61 56 -19
61 57 95
61 58 68
61 59 38
61 60 -70
61 61 21
61 62 82
61 63 -81
61 64 -5
61 65 -71
61 66 1
61 67 -86
61 68 -72
61 69 -46
61 70 65
61 71 7
61 72 -40
61 73 17
61 74 97
61 75 59
61 76 6
61 77 100
61 78 -28
61 79 33
61 80 -27
61 81 25
61 82 -40
61 83 -23
61 84 18
61 85 -67
61 86 -70
61 87 -68
61 88 82
61 89 58
61 90 -24
61 91 -26
61 92 -75
61 93 17
61 94 -97
61 95 -3
61 96 82
61 97 -35
61 98 97
61 99 83
62 1 99
62 2 11
62 3 39
62 4 -25
62 5 52
62 6 -39
62 7 94
62 8 -45
62 9 -34
62 10 -7
62 11 11
62 12 57
62 13 100
62 14 -82
62 15 9
62 16 19
62 17 87
62 18 46
62 19 -58
62 20 40
62 21 78
62 22 -90
62 23 56
62 24 -36
62 25 2
62 26 -1
62 27 -86
62 28 -86
62 29 9
62 30 71
62 31 -4
62 32 100
62 33 -37
62 34 4
62 35 -42
62 36 -8
62 37 23
62 38 -95
62 39 -57
62 40 -36
62 41 -47
62 42 67
62 43 13
62 44 38
62 45 -4
62 46 72
62 47 93
62 48 29
62 49 45
62 50 -37
62 51 -64
62 52 45
62 53 76
62 54 -17
62 55 23
62 56 23
62 57 -13
62 58 -79
62 59 42
62 60 34
62 61 24
62 62 -41
62 63 -82
62 64 83
62 65 -91
62 66 -20
62 67 -89
62 68 -10
62 69 53
62 70 54
62 71 -16
62 72 68
62 73 -65
62 74 95
62 75 54
62 76 -78
62 77 -50
62 79 -31
62 80 71
62 81 87
62 82 14
62 83 93
62 84 -81
62 85 90
62 86 24
62 87 98
62 88 -100
62 89 40
62 90 -40
62 91 -98
62 92 28
62 93 29
62 94 85
62 95 18
62 96 2
62 97 -82
62 98 1
62 99 42
63 0 -56
63 1 -94
63 2 -69
63 3 -94
63 4 92
63 5 -37
63 6 -98
63 7 92
63 8 27
63 9 91
63 10 -49
63 11 17
63 12 44
63 13 -75
63 14 36
63 15 -74
63 16 -27
63 17 -14
63 18 63
63 19 -35
63 20 47
63 21 -7
63 22 -59
63 23 45
63 24 29
63 25 32
63 26 32
63 27 -12
63 28 -57
63 29 -30
63 30 80
63 31 58
63 32 -86
63 33 74
63 34 73
63 35 45
63 36 -63
63 37 -1
63 38 91
63 39 -75
63 40 98
63 41 -50
63 42 58
63 43 -33
63 44 -97
63 45 98
63 46 -64
63 47 67
63 48 2
63 49 81
63 50 82
63 51 15
63 52 -23
63 53 -24
63 54 -38
63 55 -33
63 56 94
63 57 27
63 58 -90
63 59 -6
63 60 37
63 61 98
63 62 18
63 63 54
63 64 -50
63 65 21
63 66 -21
63 67 94
63 68 92
63 69 -72
63 70 -53
63 71 -73
63 72 -87
63 73 -9
63 74 79
63 75 -1
63 76 -78
63 77 -95
63 78 80
63 79 -11
63 80 -37
63 81 -8
63 82 40
63 83 85
63 84 -69
63 85 86
63 86 -15
63 87 8
63 88 3
63 89 39
63 90 24
63 91 -85
63 92 48
63 93 42
63 94 -25
63 95 62
63 96 46
63 97 26
63 98 27
63 99 81
64 0 52
64 1 -35
64 2 21
64 3 -50
64 4 -54
64 5 -7
64 6 26
64 7 -63
64 8 -79
64 9 -73
64 10 -77
64 11 53
64 12 -27
64 13 55
64 14 80
64 15 69
64 16 -78
64 17 -14
64 18 27
64 19 -76
64 20 67
64 21 47
64 22 -97
64 23 19
64 24 -16
64 25 19
64 26 -69
64 27 -95
64 28 78
64 29 98
64 30 -67
64 31 -82
64 32 -45
64 33 89
64 34 55
64 35 -53
64 36 -90
64 37 -33
64 38 -30
64 39 2
64 40 -40
64 41 -74
64 42 10
64 43 66
64 44 98
64 45 -67
64 46 -42
64 47 56
64 48 -72
64 49 49
64 50 48
64 51 12
64 52 84
64 53 39
64 54 -31
64 55 20
64 56 22
64 57 -18
64 58 -23
64 59 -14
64 60 -35
64 61 -2
64 62 62
64 63 85
64 64 -85
64 65 58
64 66 27
64 67 -90
64 68 86
64 69 -55
64 70 -78
64 71 8
64 72 -6
64 73 67
64 74 -1
64 75 22
64 76 -26
64 77 -91
64 78 -81
64 79 75
64 80 4
64 81 -29
64 82 -81
64 83 -78
64 84 -90
64 85 64
64 86 -78
64 87 72
64 88 -5
64 89 28
64 90 37
64 91 -23
64 92 75
64 93 50
64 94 -91
64 95 35
64 96 -71
64 97 -32
64 98 87
64 99 6
65 0 -42
65 1 10
65 2 59
65 3 72
65 4 -72
65 5 -15
65 6 -77
65 7 92
65 8 -36
65 9 -48
65 10 98
65 11 72
65 12 -36
65 13 -24
65 14 53
65 15 -4
65 16 80
65 17 -21
65 19 -39
65 20 25
65 21 -32
65 22 -53
65 23 97
65 24 -33
65 25 -16
65 26 -79
65 27 61
65 28 -87
65 29 74
65 30 -8
65 31 -9
65 32 -58
65 33 -43
65 34 -41
65 35 -60
65 36 -23
65 37 39
65 38 33
65 39 4
65 40 -75
65 41 11
65 42 82
65 43 29
65 44 20
65 45 21
65 46 -85
65 47 -24
65 48 -63
65 49 34
65 50 41
65 51 -48
65 52 83
65 53 100
65 54 -77
65 55 83
65 56 -2
65 57 41
65 58 -10
65 59 24
65 60 6
65 61 -39
65 62 44
65 63 94
65 64 -75
65 65 1
65 66 -72
65 67 8
65 68 49
65 69 -1
65 70 47
65 71 -73
65 72 35
65 73 69
65 74 -2
65 75 -57
65 76 6
65 77 59
65 78 -76
65 79 -9
65 80 -89
65 81 -7
65 82 -74
65 83 -4
65 84 64
65 85 -10
65 86 5
65 87 65
65 88 -12
65 89 9
65 90 -79
65 91 -58
65 92 -24
65 93 74
65 94 -6
65 95 64
65 96 -70
65 97 19
65 98 -33
65 99 -69
66 0 51
66 1 79
66 2 70
66 3 65
66 4 64
66 5 96
66 6 54
66 7 -44
66 8 -32
66 9 2
66 10 -24
66 11 84
66 13 63
66 14 90
66 15 87
66 16 -61
66 17 -30
66 18 -44
66 19 79
66 20 83
66 21 33
66 22 74
66 23 60
66 24 -79
66 25 5
66 26 43
66 27 13
66 28 94
66 29 75
66 30 76
66 31 72
66 32 -54
66 33 3
66 34 -72
66 35 -14
66 36 52
66 37 -71
66 38 -94
66 39 -4
66 40 -97
66 41 74
66 42 66
66 43 -92
66 44 -49
66 45 87
66 46 -99
66 47 82
66 48 -67
66 49 58
66 50 -27
66 51 49
66 52 -23
66 53 12
66 54 99
66 55 -19
66 56 -74
66 57 6
66 58 -20
66 59 58
66 60 -71
66 61 -47
66 62 -22
66 63 -55
66 64 -77
66 65 -29
66 66 -13
66 67 -49
66 68 -62
66 69 -2
66 70 91
66 71 -34
66 72 17
66 73 -34
66 74 90
66 75 62
66 76 -24
66 77 -2
66 78 -21
66 79 59
66 80 -76
66 81 93
66 82 76
66 83 42
66 84 52
66 85 75
66 86 -21
66 87 -14
66 88 -53
66 89 97
66 90 -36
66 91 -84
66 92 51
66 93 -54
66 94 -20
66 95 98
66 96 63
66 97 59
66 98 -1
66 99 -20
67 0 -56
67 1 -22
67 2 -42
67 3 -83
67 4 -45
67 5 -11
67 6 43
67 7 -82
67 8 80
67 9 3
67 10 97
67 11 -7
67 12 76
67 13 -63
67 14 35
67 15 23
67 16 -30
67 17 62
67 18 -47
67 19 -76
67 20 22
67 21 -99
67 22 36
67 23 -61
67 24 100
67 25 -97
67 26 69
67 27 33
67 28 70
67 29 91
67 30 16
67 31 71
67 32 -67
67 33 -32
67 34 -58
67 35 -2
67 36 -99
67 37 71
67 38 -85
67 39 74
67 40 100
67 41 -56
67 42 -80
67 43 -40
67 44 -100
67 45 -66
67 46 14
67 47 48
67 48 14
67 49 52
67 50 -47
67 51 89
67 52 -87
67 53 43
67 54 -70
67 55 -8
67 56 -42
67 57 73
67 58 -98
67 59 78
67 60 68
67 61 87
67 62 71
67 63 -33
67 64 -68
67 65 11
67 66 -51
67 67 57
67 68 46
67 69 -25
67 70 -71
67 71 66
67 72 -8
67 73 -22
67 74 35
67 75 87
67 76 84
67 77 73
67 78 82
67 79 39
67 80 -42
67 81 35
67 82 -60
67 83 -6
67 84 78
67 85 11
67 86 6
67 87 -60
67 88 -99
67 89 -10
67 90 -29
67 91 3
67 92 94
67 93 63
67 94 84
67 95 -51
67 96 96
67 97 51
68 0 40
68 1 -8
68 2 64
68 3 22
68 4 -65
68 5 31
68 6 -91
68 7 92
68 8 -85
68 9 -72
68 10 -22
68 11 -34
68 12 -91
68 13 -19
68 14 38
68 15 54
68 16 -100
68 17 -76
68 18 7
68 19 -88
68 20 -23
68 21 -34
68 22 -39
68 23 67
68 24 -4
68 25 23
68 26 91
68 27 -54
68 28 71
68 29 -29
68 30 -100
68 31 -61
68 32 -25
68 33 60
68 34 59
68 35 -18
68 36 8
68 37 100
68 38 28
68 39 19
68 40 91
68 41 -35
68 42 -34
68 43 80
68 44 44
68 45 -22
68 46 87
68 47 -13
68 48 84
68 49 79
68 50 9
68 51 90
68 52 -54
68 53 35
68 54 36
68 55 -29
68 56 -57
68 57 40
68 58 81
68 59 67
68 60 -90
68 61 14
68 62 1
68 63 -79
68 64 -17
68 65 1
68 66 69
68 67 -65
68 68 -88
68 69 -4
68 70 95
68 71 -80
68 72 -76
68 73 36
68 74 -24
68 75 -34
68 76 21
68 77 5
68 78 55
68 79 -90
68 80 -58
68 81 -20
68 82 13
68 83 91
68 84 -1
68 85 16
68 86 58
68 87 -46
68 88 67
68 89 42
68 90 -93
68 91 -21
68 92 -5
68 93 -97
68 94 -64
68 95 -61
68 96 88
68 97 40
68 98 53
68 99 76
69 0 -30
69 1 99
69 2 19
69 3 -19
69 4 82
69 5 -78
69 6 60
69 7 80
69 8 -1
69 9 -9
69 10 -43
69 11 -50
69 12 45
69 13 41
69 14 -92
69 15 -80
69 16 -100
69 18 -78
69 19 -50
69 20 78
69 21 53
69 22 68
69 23 -76
69 24 -46
69 25 23
69 26 -73
69 27 3
69 28 -80
69 29 82
69 30 9
69 31 19
69 32 -100
69 33 38
69 34 27
69 35 -33
69 36 -18
69 37 41
69 38 -65
69 39 -90
69 40 -73
69 41 -42
69 42 -90
69 43 48
69 44 -55
69 45 95
69 46 75
69 47 32
69 48 88
69 49 -32
69 50 78
69 51 14
69 52 35
69 53 -73
69 54 -18
69 55 -2
69 56 57
69 57 27
69 58 63
69 59 94
69 60 -28
69 61 -82
69 62 68
69 63 -52
69 64 77
69 65 36
69 66 18
69 68 23
69 69 45
69 70 39
69 71 -56
69 72 -74
69 73 89
69 74 78
69 75 -33
69 76 18
69 77 -15
69 78 -24
69 79 -61
69 80 60
69 81 84
69 82 -61
69 83 -2
69 84 -41
69 85 98
69 86 73
69 87 -62
69 88 -81
69 89 4
69 90 -13
69 91 -15
69 92 38
69 93 99
69 94 3
69 95 19
69 96 -53
69 97 57
69 98 -56
69 99 -72
70 0 56
70 1 -65
70 2 -69
70 3 -1
70 4 -2
70 5 46
70 6 -3
70 7 -23
70 8 -79
70 9 20
70 10 79
70 11 -2
70 12 -84
70 13 72
70 14 79
70 15 -69
70 16 38
70 17 88
70 18 37
70 19 48
70 20 50
70 21 -63
70 22 29
70 24 4
70 25 69
70 26 32
70 27 87
70 28 57
70 29 -45
70 30 -27
70 31 28
70 32 21
70 33 -79
70 34 -12
70 35 13
70 36 -14
70 37 -64
70 38 -49
70 39 63
70 41 -27
70 42 -90
70 43 -44
70 45 -53
70 46 36
70 47 -51
70 48 -90
70 49 44
70 50 -76
70 51 68
70 52 -79
70 53 -68
70 54 29
70 55 5
70 56 66
70 57 -67
70 58 -27
70 59 17
70 60 25
70 61 -72
70 62 40
70 63 46
70 64 -81
70 65 54
70 66 46
70 67 -30
70 68 11
70 69 82
70 70 66
70 71 -1
70 72 -54
70 73 21
70 74 -61
70 75 32
70 76 81
70 77 25
70 78 -78
70 79 -20
70 80 4
70 81 36
70 82 96
70 83 43
70 84 87
70 85 -33
70 86 -81
70 87 50
70 88 -26
70 89 67
70 90 20
70 91 1
70 92 -17
70 93 91
70 94 9
70 95 -58
70 96 94
70 97 18
70 98 -27
70 99 -60
71 0 -100
71 1 -93
71 2 -10
71 3 5
71 4 21
71 5 -2
71 6 12
71 7 95
71 8 -80
71 9 -10
71 10 81
71 11 34
71 12 -72
71 13 -75
71 14 -71
71 15 -52
71 16 -97
71 17 3
71 18 73
71 19 -90
71 20 -3
71 21 40
71 22 13
71 23 93
71 24 48
71 25 70
71 26 -4
71 27 55
71 28 52
71 29 -100
71 30 41
71 31 55
71 32 78
71 33 -85
71 35 78
71 36 -12
71 37 -24
71 38 3
71 39 -44
71 40 40
71 41 59
71 42 -76
71 43 -85
71 44 93
71 45 -80
71 46 37
71 47 -90
71 48 -86
71 49 47
71 51 71
71 52 12
71 53 48
71 54 -22
71 55 -4
71 56 79
71 57 66
71 58 -81
71 59 75
71 60 41
71 61 -33
71 62 -42
71 63 -64
71 64 48
71 65 -56
71 66 -3
71 67 4
71 68 -41
71 69 91
71 70 -31
71 71 -50
71 72 -40
71 73 35
71 74 -67
71 75 79
71 76 -2
71 77 -58
71 78 68
71 79 87
71 80 -14
71 81 -19
71 82 87
71 83 -92
71 84 -95
71 85 59
71 86 -28
71 87 -42
71 88 59
71 89 54
71 90 -5
71 91 -69
71 92 -97
71 93 13
71 94 69
71 95 -86
71 96 15
71 97 -71
71 98 -47
71 99 -57
72 0 -66
72 1 88
72 2 31
72 3 -1
72 4 45
72 5 45
72 6 -9
72 7 20
72 8 -66
72 9 -6
72 10 -18
72 11 32
72 12 54
72 13 91
72 14 -7
72 15 -52
72 16 -20
72 17 -74
72 18 83
72 19 77
72 20 5
72 21 4
72 22 33
72 23 -85
72 24 -69
72 25 57
72 26 -18
72 27 -57
72 28 -73
72 29 -93
72 30 -92
72 31 -60
72 32 -36
72 33 -69
72 34 15
72 35 -71
72 36 68
72 37 -8
72 38 -93
72 39 -48
72 40 -37
72 41 35
72 42 36
72 43 -52
72 44 -20
72 45 37
72 46 -30
72 47 57
72 50 63
72 51 44
72 52 -45
72 53 6
72 54 19
72 55 38
72 56 90
72 57 59
72 58 -28
72 59 89
72 60 -51
72 61 22
72 62 -72
72 63 -10
72 64 -29
72 65 -22
72 66 -2
72 67 20
72 68 47
72 69 -58
72 70 -6
72 71 -42
72 72 -19
72 73 78
72 74 14
72 75 74
72 76 48
72 77 50
72 78 50
72 79 1
72 80 -64
72 81 -43
72 82 -18
72 83 36
72 84 10
72 85 -78
72 86 25
72 87 16
72 88 71
72 89 80
72 91 -7
72 92 -40
72 93 56
72 94 -78
72 95 -68
72 96 -25
72 97 -42
72 98 -7
72 99 76
73 0 25
73 1 -40
73 2 94
73 3 3
73 4 73
73 5 13
73 6 53
73 7 -28
73 8 -70
73 10 43
73 11 -76
73 12 60
73 13 69
73 14 38
73 15 -70
73 16 19
73 17 88
73 18 39
73 19 27
73 20 -82
73 21 -73
73 22 84
73 23 90
73 24 32
73 25 -46
73 26 50
73 27 -2
73 28 -25
73 29 83
73 30 -15
73 31 3
73 32 -32
73 33 75
73 34 -32
73 35 -33
73 36 4
73 37 68
73 38 30
73 39 -43
73 40 74
73 41 39
73 42 96
73 43 -99
73 44 -42
73 45 -38
73 46 99
73 47 -40
73 48 -38
73 49 87
73 50 -18
73 51 -50
73 52 -52
73 53 59
73 54 -73
73 55 44
73 56 -28
73 57 -42
73 58 -100
73 59 92
73 60 -90
73 61 -57
73 62 -81
73 63 -90
73 64 63
73 65 97
73 66 -69
73 67 62
73 68 71
73 69 -14
73 70 -79
73 71 30
73 72 79
73 73 -53
73 74 43
73 75 13
73 76 -74
73 77 92
73 78 87
73 79 -15
73 80 85
73 81 15
73 82 53
73 83 100
73 84 -1
73 85 86
73 86 -95
73 87 69
73 88 -94
73 90 -14
73 91 55
73 92 67
73 93 17
73 94 -10
73 95 -58
73 97 57
73 98 -46
73 99 -70
74 0 -64
74 1 5
74 2 -26
74 3 -41
74 4 -67
74 5 -57
74 6 -54
74 7 96
74 8 85
74 9 67
74 10 18
74 11 25
74 12 -55
74 13 -15
74 14 43
74 15 -92
74 16 -31
74 17 -56
74 18 96
74 19 -45
74 20 87
74 21 69
74 22 -29
74 23 -17
74 24 34
74 25 -4
74 26 95
74 27 80
74 28 -68
74 29 -34
74 30 25
74 31 1
74 32 -52
74 33 -53
74 34 4
74 35 -85
74 36 -16
74 37 -17
74 38 -80
74 39 19
74 40 -58
74 41 14
74 42 -100
74 43 -92
74 44 -24
74 45 -59
74 46 68
74 47 49
74 48 35
74 49 -92
74 50 12
74 51 -93
74 52 -35
74 53 48
74 54 100
74 55 62
74 56 -90
74 57 95
74 58 14
74 59 -35
74 60 42
74 61 -35
74 62 -60
74 63 -3
74 64 -73
74 65 30
74 66 60
74 67 33
74 68 30
74 69 89
74 70 -92
74 71 20
74 72 -22
74 73 -83
74 74 -96
74 75 87
74 76 77
74 77 -33
74 78 -25
74 79 -16
74 80 18
74 81 58
74 82 -16
74 83 -24
74 84 77
74 85 8
74 86 -11
74 87 -40
74 88 -63
74 89 57
74 90 -76
74 91 -36
74 92 38
74 93 21
74 94 91
74 95 60
74 96 47
74 97 -43
74 98 -39
74 99 -92
75 0 -66
75 1 8
75 2 -70
75 3 10
75 4 95
75 5 -83
75 6 68
75 7 22
75 8 -83
75 9 97
75 10 8
75 11 32
75 12 -66
75 13 -29
75 14 -14
75 15 48
75 16 18
75 17 34
75 18 -2
75 19 41
75 20 24
75 21 85
75 22 -16
75 23 -91
75 24 -76
75 25 83
75 26 -94
75 27 -76
75 28 60
75 29 -55
75 30 56
75 31 -21
75 32 64
75 33 -93
75 34 22
75 36 -76
75 37 -74
75 38 -82
75 39 -94
75 40 -10
75 42 -73
75 43 42
75 44 28
75 45 55
75 46 -55
75 47 -99
75 48 21
75 49 -24
75 50 17
75 51 36
75 52 60
75 53 98
75 54 1
75 55 -44
75 56 10
75 57 34
75 58 -74
75 59 23
75 60 -89
75 61 15
75 62 8
75 63 44
75 64 -97
75 65 -46
75 66 28
75 67 -58
75 68 -81
75 69 73
75 70 -87
75 71 87
75 72 8
75 73 77
75 74 31
75 75 -65
75 77 -72
75 78 -50
75 80 -95
75 81 -19
75 83 -69
75 84 -50
75 85 95
75 86 26
75 87 -32
75 88 -28
75 89 63
75 90 -20
75 91 -56
75 92 -97
75 93 -46
75 94 73
75 95 89
75 96 -42
75 97 -94
75 98 58
75 99 -74
76 0 -43
76 1 -2
76 2 -24
76 3 -18
76 4 -80
76 5 -29
76 6 29
76 7 -35
76 8 43
76 9 -14
76 10 19
76 11 -62
76 12 -100
76 13 -75
76 14 -12
76 15 85
76 16 -90
76 17 73
76 18 55
76 19 41
76 20 -68
76 21 97
76 22 -91
76 23 -52
76 24 -47
76 25 52
76 26 83
76 27 -47
76 28 10
76 29 -98
76 30 -72
76 31 50
76 33 83
76 34 -54
76 35 -1
76 36 17
76 37 90
76 38 -97
76 39 78
76 40 74
76 41 -55
76 42 96
76 43 -77
76 44 69
76 45 -78
76 46 -43
76 47 -95
76 48 70
76 49 51
76 50 30
76 51 100
76 52 -35
76 53 61
76 54 87
76 55 -58
76 56 11
76 57 -79
76 58 50
76 59 -46
76 60 71
76 61 -12
76 62 49
76 63 32
76 64 -91
76 65 84
76 66 -48
76 67 55
76 68 79
76 69 -98
76 70 52
76 71 -4
76 72 5
76 73 -74
76 74 -89
76 75 86
76 76 89
76 77 -37
76 78 72
76 79 76
76 81 10
76 82 -92
76 83 88
76 84 77
76 85 40
76 86 48
76 87 -71
76 88 81
76 89 -40
76 90 -99
76 91 -44
76 92 -1
76 93 -94
76 94 -42
76 95 -24
76 96 68
76 97 2
76 98 95
76 99 -42
77 0 -69
77 1 97
77 2 -7
77 3 -25
77 4 -82
77 5 36
77 6 -25
77 7 14
77 8 38
77 9 68
77 10 24
77 11 -98
77 12 -6
77 13 61
77 14 -35
77 15 -34
77 16 -72
77 17 59
77 18 -88
77 19 69
77 20 42
77 21 -99
77 22 6
77 23 -18
77 24 -16
77 25 -58
77 26 -49
77 27 71
77 29 -65
77 30 91
77 31 -31
77 32 -16
77 33 -66
77 34 67
77 35 86
77 36 -72
77 37 37
77 38 -57
77 39 -67
77 40 38
77 41 -94
77 42 48
77 43 -18
77 44 51
77 45 -40
77 46 57
77 47 5
77 48 89
77 49 -95
77 50 100
77 51 15
77 53 -85
77 54 -8
77 55 -19
77 56 -56
77 57 -72
77 58 -64
77 59 4
77 60 -55
77 61 -20
77 63 28
77 64 43
77 65 -48
77 66 9
77 67 84
77 68 8
77 69 -71
77 70 25
77 71 -33
77 72 -73
77 73 -61
77 74 -75
77 75 -81
77 76 36
77 77 43
77 78 25
77 79 58
77 80 -5
77 81 43
77 82 -11
77 83 76
77 84 -88
77 85 -92
77 86 -96
77 87 93
77 88 -85
77 89 59
77 90 -31
77 91 89
77 92 10
77 93 56
77 94 -75
77 95 -44
77 96 -8
77 97 -9
77 99 1
78 0 -64
78 1 -9
78 2 -78
78 3 -63
78 4 -100
78 5 -98
78 6 55
78 7 29
78 8 37
78 9 -9
78 10 58
78 11 -36
78 12 -73
78 13 -59
78 14 86
78 15 15
78 16 9
78 17 100
78 18 3
78 19 85
78 21 58
78 22 80
78 23 -54
78 24 -99
78 25 -51
78 26 70
78 27 67
78 28 -2
78 29 -97
78 30 10
78 31 90
78 32 75
78 33 9
78 34 40
78 35 37
78 36 -83
78 37 8
78 38 -85
78 39 -64
78 40 4
78 41 -99
78 42 11
78 43 71
78 44 12
78 45 40
78 46 -80
78 47 -60
78 48 -37
78 49 48
78 50 51
78 51 -74
78 52 98
78 53 -78
78 54 14
78 55 -58
78 57 92
78 58 -86
78 59 -32
78 60 -54
78 61 -22
78 62 81
78 63 -30
78 64 -6
78 65 29
78 66 -54
78 67 -98
78 68 -93
78 69 -24
78 70 -76
78 71 82
78 72 74
78 73 -76
78 74 2
78 75 18
78 76 35
78 77 -66
78 78 69
78 79 39
78 80 22
78 81 77
78 82 -91
78 83 65
78 84 47
78 85 -42
78 86 98
78 87 25
78 88 88
78 89 -78
78 90 -52
78 91 -70
78 92 78
78 93 -22
78 94 -30
78 95 47
78 97 -11
78 98 -48
78 99 84
79 0 52
79 1 -61
79 2 73
79 3 68
79 4 30
79 5 -97
79 6 -40
79 7 -37
79 8 19
79 9 -52
79 10 -52
79 11 5
79 12 -94
79 13 43
79 14 -12
79 15 6
79 16 48
79 17 -62
79 18 -50
79 19 -26
79 20 6
79 21 -67
79 22 67
79 23 -73
79 24 5
79 25 -97
79 26 -56
79 27 21
79 28 -87
79 29 56
79 30 81
79 31 86
79 32 62
79 33 -48
79 34 91
79 35 -53
79 36 78
79 37 -39
79 38 12
79 40 -87
79 41 31
79 42 1
79 43 74
79 44 74
79 45 69
79 46 -61
79 47 41
79 48 23
79 49 -82
79 50 78
79 51 -26
79 52 67
79 53 -2
79 54 46
79 55 -98
79 56 -71
79 57 4
79 58 85
79 60 53
79 61 19
79 62 -62
79 63 -38
79 64 -80
79 66 -11
79 67 -34
79 68 59
79 69 78
79 70 94
79 71 38
79 72 14
79 73 -43
79 74 52
79 75 -65
79 76 30
79 77 -75
79 78 75
79 79 -14
79 80 56
79 81 -86
79 82 -66
79 83 81
79 84 62
79 85 70
79 86 56
79 87 85
79 88 -13
79 89 -23
79 90 87
79 91 83
79 92 -18
79 93 -87
79 94 44
79 95 73
79 96 -74
79 97 22
79 98 -63
79 99 -33
80 0 -19
80 1 32
80 2 -33
80 3 -47
80 4 -47
80 5 -96
80 6 -9
80 7 91
80 8 6
80 9 27
80 10 16
80 11 -82
80 12 -41
80 13 31
80 14 73
80 15 -64
80 16 -85
80 17 69
80 18 -87
80 19 66
80 20 -92
80 21 32
80 22 8
80 23 75
80 24 -90
80 25 -24
80 26 -89
80 27 41
80 28 36
80 29 74
80 30 98
80 31 -78
80 32 -85
80 33 -3
80 34 17
80 35 -39
80 36 -94
80 37 -59
80 38 -23
80 39 -17
80 40 95
80 41 -88
80 42 -15
80 43 30
80 44 -19
80 45 -67
80 46 -64
80 47 26
80 48 -63
80 49 33
80 50 -93
80 51 51
80 52 8
80 53 22
80 54 98
80 55 -69
80 56 -56
80 57 68
80 58 -80
80 59 -96
80 60 49
80 62 -28
80 63 96
80 64 72
80 65 -11
80 66 32
80 67 11
80 68 4
80 69 -69
80 70 -56
80 71 7
80 72 -46
80 73 -35
80 74 55
80 75 39
80 76 -11
80 77 54
80 78 -91
80 79 -67
80 80 -79
80 81 -65
80 82 9
80 83 29
80 84 54
80 85 89
80 86 22
80 88 55
80 89 45
80 90 43
80 91 77
80 92 -71
80 93 60
80 94 -28
80 95 91
80 96 20
80 97 -12
80 98 -16
81 0 -39
81 1 -72
81 2 -31
81 3 -26
81 4 -88
81 5 40
81 6 -30
81 7 99
81 8 17
81 9 -38
81 10 43
81 11 -70
81 12 20
81 13 -55
81 14 -62
81 15 -44
81 16 -54
81 17 6
81 18 13
81 19 -84
81 20 -77
81 21 -100
81 22 -34
81 23 22
81 24 -23
81 25 -83
81 26 48
81 27 50
81 28 66
81 29 82
81 30 37
81 31 13
81 32 56
81 33 -52
81 34 -12
81 35 -17
81 36 -88
81 37 -35
81 38 42
81 39 -48
81 40 -8
81 41 44
81 42 33
81 43 31
81 44 -64
81 45 -51
81 46 -91
81 47 -82
81 48 69
81 49 86
81 50 -61
81 51 82
81 52 -77
81 53 79
81 54 79
81 55 3
81 56 72
81 57 -66
81 58 -37
81 59 24
81 61 -13
81 62 92
81 63 19
81 64 69
81 65 -49
81 66 23
81 67 -76
81 68 -89
81 69 -10
81 70 -30
81 71 79
81 72 -41
81 73 -11
81 74 -19
81 75 19
81 76 -44
81 77 -56
81 78 61
81 79 13
81 80 18
81 81 70
81 82 -60
81 83 -22
81 84 -89
81 85 -20
81 86 -95
81 87 -65
81 88 18
81 89 -2
81 90 -56
81 91 16
81 92 -29
81 93 14
81 94 20
81 95 -9
81 96 -39
81 97 70
81 98 74
81 99 33
82 0 27
82 1 -40
82 2 -82
82 3 93
82 4 -34
82 5 23
82 6 32
82 7 67
82 8 -47
82 9 -50
82 10 -35
82 11 -33
82 12 18
82 13 72
82 14 -59
82 15 -50
82 16 -92
82 17 18
82 18 93
82 19 -86
82 20 11
82 21 -86
82 22 38
82 23 -18
82 24 -33
82 25 -100
82 26 49
82 27 -90
82 28 -33
82 29 -18
82 30 99
82 31 98
82 33 60
82 34 60
82 35 -87
82 36 -91
82 37 63
82 38 -96
82 39 61
82 40 -63
82 41 60
82 42 53
82 43 58
82 45 -71
82 46 53
82 47 -71
82 48 -4
82 49 70
82 50 -98
82 51 -69
82 52 -91
82 53 -87
82 54 65
82 55 -60
82 56 78
82 57 90
82 58 -43
82 59 74
82 60 -21
82 61 41
82 62 -32
82 63 6
82 64 -67
82 65 79
82 66 -30
82 67 -96
82 68 -95
82 69 35
82 70 -89
82 71 -90
82 72 12
82 73 63
82 74 57
82 75 -67
82 76 18
82 77 52
82 78 75
82 79 68
82 80 48
82 81 -10
82 82 98
82 83 52
82 84 -70
82 85 16
82 86 75
82 88 29
82 89 98
82 90 -77
82 91 -53
82 92 60
82 93 90
82 94 53
82 95 34
82 96 68
82 97 63
82 98 -65
82 99 -88
83 0 -21
83 1 96
83 2 -83
83 3 98
83 4 2
83 5 -48
83 6 -97
83 7 3
83 8 98
83 9 -60
83 10 83
83 12 -32
83 13 90
83 14 94
83 15 -67
83 16 79
83 17 -65
83 18 -67
83 19 -62
83 20 98
83 21 54
83 22 83
83 23 -42
83 24 -70
83 25 -68
83 26 59
83 27 59
83 28 -67
83 29 24
83 30 -30
83 31 60
83 32 -23
83 33 35
83 34 16
83 35 -89
83 36 -95
83 37 -24
83 38 -43
83 39 -15
83 40 42
83 41 50
83 42 -8
83 43 53
83 44 21
83 45 -87
83 46 62
83 47 -97
83 48 -6
83 49 87
83 50 -85
83 51 72
83 52 -65
83 53 -62
83 54 -19
83 55 77
83 56 48
83 57 -95
83 58 88
83 59 51
83 60 78
83 61 57
83 62 71
83 63 -64
83 64 -7
83 65 58
83 66 91
83 67 -67
83 68 80
83 69 94
83 70 -27
83 71 -93
83 72 22
83 73 43
83 74 -60
83 75 51
83 76 14
83 77 -74
83 78 89
83 79 -21
83 80 -71
83 81 -84
83 82 58
83 83 52
83 84 20
83 85 56
83 86 85
83 87 -64
83 88 -60
83 89 -28
83 90 -11
83 91 -70
83 92 -63
83 93 -33
83 94 -5
83 95 60
83 96 -55
83 97 -65
83 98 37
84 0 -89
84 1 -43
84 2 29
84 3 74
84 4 -35
84 5 27
84 6 20
84 7 -14
84 8 64
84 9 43
84 10 24
84 11 84
84 12 83
84 13 -77
84 14 92
84 15 -36
84 16 61
84 17 -37
84 18 -27
84 19 -97
84 20 60
84 21 11
84 22 -84
84 23 100
84 24 31
84 25 95
84 26 46
84 27 -50
84 28 71
84 29 67
84 30 -34
84 31 -60
84 32 -59
84 33 77
84 34 -60
84 35 72
84 36 24
84 37 -59
84 38 -73
84 39 -13
84 40 93
84 41 90
84 42 -81
84 43 -25
84 44 -34
84 45 -39
84 47 -54
84 48 -36
84 49 1
84 50 -13
84 51 97
84 52 -44
84 53 76
84 54 -9
84 55 10
84 56 47
84 57 -42
84 58 71
84 59 98
84 60 -3
84 61 -3
84 63 -13
84 64 -87
84 65 -28
84 66 -2
84 67 7
84 68 -61
84 69 -60
84 70 41
84 71 -20
84 72 -80
84 73 -89
84 74 -62
84 75 -65
84 76 -72
84 77 39
84 78 97
84 79 -62
84 80 38
84 81 2
84 82 80
84 83 -87
84 84 -9
84 85 55
84 86 97
84 87 -64
84 88 -62
84 89 25
84 90 -13
84 91 78
84 92 -91
84 93 -99
84 94 93
84 95 33
84 96 -51
84 97 51
84 98 -88
84 99 -45
85 0 -40
85 1 93
85 2 -49
85 3 71
85 4 54
85 5 14
85 6 -7
85 7 -3
85 8 53
85 9 81
85 10 76
85 11 33
85 12 -51
85 13 -68
85 14 19
85 15 -14
85 16 12
85 17 54
85 18 51
85 19 -86
85 20 -29
85 21 -1
85 22 -76
85 23 -72
85 24 -71
85 25 -58
85 26 72
85 27 24
85 28 9
85 29 -37
85 30 91
85 31 34
85 32 -8
85 33 -9
85 34 -50
85 35 45
85 36 79
85 37 -65
85 38 -2
85 39 27
85 40 62
85 41 26
85 42 -66
85 43 80
85 44 47
85 45 9
85 46 26
85 47 42
85 48 16
85 49 12
85 50 96
85 52 -3
85 53 -66
85 55 -93
85 56 -47
85 57 71
85 58 42
85 59 11
85 60 55
85 61 -58
85 62 12
85 63 51
85 64 -56
85 65 -5
85 66 49
85 67 80
85 68 14
85 69 53
85 70 -18
85 71 -70
85 72 -19
85 73 40
85 74 -12
85 75 66
85 76 -26
85 77 -72
85 78 -81
85 79 -98
85 80 84
85 81 -34
85 82 64
85 83 23
85 84 76
85 85 34
85 86 -99
85 87 24
85 88 -93
85 89 57
85 90 -36
85 91 15
85 92 -72
85 93 -2
85 94 -84
85 95 8
85 96 -5
85 97 -77
85 98 -92
85 99 94
86 0 35
86 1 84
86 2 60
86 3 -100
86 4 -33
86 5 20
86 6 -84
86 7 -31
86 8 36
86 9 91
86 10 87
86 11 -38
86 12 -26
86 13 21
86 14 -80
86 15 -46
86 16 -78
86 17 26
86 18 26
86 19 -40
86 20 19
86 21 -26
86 22 76
86 23 17
86 24 -52
86 25 -90
86 26 -68
86 27 -35
86 28 11
86 29 37
86 30 -74
86 31 4
86 32 32
86 33 1
86 34 75
86 35 -50
86 36 -29
86 37 -14
86 38 40
86 39 -40
86 40 -94
86 41 26
86 42 -13
86 43 27
86 44 33
86 45 -62
86 46 47
86 47 91
86 48 47
86 49 55
86 50 38
86 51 -70
86 52 54
86 53 -72
86 54 63
86 55 52
86 56 -15
86 57 -14
86 58 76
86 59 86
86 60 23
86 61 -21
86 62 5
86 63 -94
86 64 -51
86 65 67
86 66 27
86 67 7
86 68 55
86 69 78
86 70 50
86 72 -71
86 73 35
86 74 -1
86 75 -25
86 76 83
86 77 46
86 78 -84
86 79 79
86 80 46
86 81 -95
86 82 -13
86 83 26
86 84 98
86 85 -7
86 86 82
86 87 69
86 88 90
86 89 42
86 90 -6
86 91 82
86 92 -42
86 93 35
86 94 89
86 95 18
86 96 83
86 97 -28
86 98 -25
86 99 -42
87 0 67
87 1 56
87 2 -88
87 3 93
87 4 51
87 5 57
87 6 -33
87 7 92
87 8 21
87 9 -97
87 10 -53
87 11 -91
87 12 72
87 13 -23
87 14 38
87 15 9
87 16 -3
87 17 17
87 18 83
87 19 -45
87 20 -43
87 21 -40
87 22 -44
87 23 -97
87 24 80
87 25 96
87 26 12
87 27 8
87 28 66
87 29 24
87 30 -76
87 31 -45
87 32 97
87 33 -33
87 34 -97
87 35 -52
87 36 -42
87 37 52
87 38 45
87 39 22
87 41 60
87 42 85
87 43 29
87 44 -6
87 45 -5
87 46 71
87 47 -55
87 48 -40
87 49 55
87 50 -27
87 51 -18
87 52 -80
87 53 -32
87 54 -41
87 55 -78
87 56 -1
87 57 6
87 58 -8
87 59 -73
87 60 -27
87 61 49
87 62 -13
87 63 1
87 64 -31
87 65 -27
87 66 56
87 67 41
87 68 74
87 69 54
87 70 71
87 71 84
87 72 58
87 73 58
87 74 7
87 75 14
87 76 -22
87 77 -30
87 78 90
87 79 25
87 80 10
87 81 81
87 82 14
87 83 68
87 84 -32
87 85 70
87 86 67
87 87 26
87 88 -45
87 89 97
87 90 93
87 91 -8
87 92 -68
87 93 -99
87 94 56
87 95 60
87 96 -16
87 97 -82
87 98 -66
87 99 62
88 0 -28
88 1 81
88 2 39
88 3 -95
88 4 81
88 5 -87
88 6 81
88 7 -69
88 8 79
88 9 -99
88 10 -65
88 11 56
88 12 -90
88 13 5
88 14 66
88 15 12
88 16 79
88 17 -85
88 18 32
88 19 72
88 20 -6
88 21 -31
88 22 68
88 23 10
88 24 -52
88 25 12
88 26 79
88 27 25
88 28 90
88 29 -88
88 30 -87
88 31 -40
88 32 -45
88 33 -91
88 35 -33
88 36 -98
88 37 -72
88 38 49
88 39 52
88 40 -71
88 41 -80
88 42 39
88 43 87
88 44 63
88 45 -64
88 46 -7
88 47 -11
88 48 65
88 50 -99
88 51 -59
88 52 -99
88 53 -1
88 54 76
88 55 33
88 56 15
88 57 -96
88 58 30
88 59 -68
88 60 -31
88 61 -25
88 62 -12
88 63 -69
88 64 4
88 65 2
88 66 44
88 68 71
88 69 100
88 70 47
88 71 72
88 72 -5
88 74 -100
88 75 31
88 76 -74
88 77 -12
88 78 51
88 79 -13
88 80 55
88 81 -22
88 82 -19
88 83 -22
88 84 -46
88 85 46
88 86 93
88 87 -10
88 88 -30
88 89 -90
88 90 23
88 91 51
88 92 2
88 93 76
88 94 31
88 95 -40
88 96 -75
88 97 1
88 98 100
88 99 40
89 0 -22
89 1 -36
89 2 -80
89 3 -66
89 4 -35
89 5 44
89 6 67
89 7 16
89 8 -61
89 9 93
89 10 45
89 11 28
89 12 -91
89 13 91
89 14 38
89 15 2
89 16 -73
89 17 91
89 18 70
89 19 27
89 20 38
89 21 -76
89 22 -1
89 23 -82
89 24 30
89 25 -55
89 26 -57
89 27 -93
89 28 30
89 29 -16
89 30 37
89 31 -28
89 32 -23
89 33 -22
89 34 -55
89 35 -27
89 36 -8
89 37 -66
89 38 30
89 39 -85
89 40 6
89 41 -85
89 42 53
89 43 -69
89 44 79
89 45 -51
89 46 89
89 47 84
89 48 -36
89 49 55
89 50 12
89 51 38
89 52 -38
89 53 29
89 54 -79
89 55 99
89 56 7
89 57 88
89 58 79
89 59 -78
89 60 -58
89 61 51
89 62 40
89 63 68
89 64 -50
89 65 -98
89 66 -79
89 67 -94
89 68 75
89 69 78
89 70 -34
89 71 44
89 72 -90
89 73 79
89 74 -82
89 75 26
89 76 9
89 77 96
89 78 -25
89 79 -36
89 80 63
89 81 85
89 82 6
89 83 96
89 84 -38
89 85 97
89 86 -77
89 87 35
89 88 98
89 89 -67
89 90 76
89 91 -5
89 92 52
89 93 -49
89 94 62
89 95 3
89 96 -56
89 97 17
89 98 42
89 99 83
90 0 91
90 1 -34
90 2 93
90 3 68
90 4 -76
90 5 11
90 6 -54
90 7 93
90 8 9
90 9 1
90 10 73
90 11 -97
90 12 25
90 13 -97
90 14 40
90 15 56
90 16 5
90 17 86
90 18 15
90 19 -47
90 20 41
90 21 -8
90 22 30
90 23 36
90 24 85
90 25 49
90 26 45
90 27 49
90 28 38
90 29 -7
90 30 69
90 31 -38
90 32 -6
90 33 -28
90 34 25
90 35 55
90 37 64
90 38 -40
90 39 88
90 40 33
90 41 -18
90 42 -33
90 43 94
90 44 -64
90 45 65
90 46 4
90 47 69
90 48 3
90 49 -22
90 50 27
90 51 -61
90 52 -54
90 53 26
90 54 63
90 55 -35
90 56 -73
90 57 -71
90 58 89
90 59 -92
90 60 -93
90 61 59
90 62 -81
90 63 -100
90 64 -81
90 65 3
90 66 85
90 67 -63
90 68 84
90 69 -90
90 70 -93
90 71 21
90 72 -52
90 73 -22
90 74 -78
90 76 56
90 77 88
90 78 99
90 79 40
90 80 35
90 81 45
90 82 -86
90 83 -62
90 84 6
90 85 -87
90 86 -32
90 88 -87
90 89 -87
90 90 -86
90 91 -1
90 92 -30
90 93 -67
90 94 68
90 95 -39
90 96 -54
90 97 -28
90 98 -6
90 99 2
91 0 46
91 1 -28
91 2 29
91 3 66
91 4 -29
91 5 14
91 6 -45
91 7 69
91 8 57
91 9 5
91 10 24
91 11 15
91 12 -100
91 13 -47
91 14 17
91 15 19
91 16 45
91 17 -83
91 18 74
91 19 15
91 20 -13
91 21 84
91 22 7
91 23 93
91 24 19
91 25 81
91 26 67
91 27 51
91 29 -82
91 30 48
91 31 54
91 32 -28
91 33 -83
91 35 -64
91 36 -35
91 37 -95
91 38 15
91 39 4
91 40 58
91 41 5
91 42 97
91 43 30
91 44 -91
91 45 49
91 46 76
91 47 -52
91 48 76
91 49 43
91 50 -86
91 51 -25
91 52 65
91 53 -37
91 54 97
91 55 -66
91 56 -23
91 57 -37
91 58 -46
91 59 10
91 60 60
91 61 -2
91 62 61
91 63 82
91 64 -100
91 65 -14
91 66 8
91 67 99
91 68 -72
91 69 79
91 70 44
91 71 -23
91 72 89
91 73 70
91 74 90
91 75 7
91 76 24
91 77 97
91 78 -45
91 79 81
91 80 -86
91 81 35
91 82 -82
91 83 21
91 84 -25
91 85 -6
91 86 -55
91 88 60
91 89 -95
91 90 74
91 91 15
91 92 -49
91 93 -97
91 94 -94
91 95 -59
91 96 -52
91 97 -48
91 98 62
91 99 2
92 0 -58
92 1 -49
92 2 80
92 3 -34
92 4 8
92 5 -6
92 6 -46
92 7 93
92 8 -88
92 9 1
92 10 -99
92 11 99
92 12 8
92 13 -37
92 14 -59
92 15 42
92 16 26
92 17 -2
92 18 26
92 19 -55
92 20 -37
92 21 -5
92 22 46
92 23 75
92 24 -57
92 25 14
92 26 -22
92 27 13
92 28 61
92 29 23
92 30 -38
92 31 11
92 32 -23
92 33 86
92 34 -100
92 35 85
92 36 -76
92 37 -35
92 38 83
92 39 -19
92 40 60
92 41 -35
92 42 -53
92 43 9
92 44 -78
92 45 -3
92 46 3
92 47 -95
92 48 -73
92 49 -95
92 50 -45
92 51 7
92 52 -12
92 53 69
92 54 11
92 56 37
92 57 -52
92 58 91
92 59 29
92 60 -55
92 61 -4
92 62 -79
92 63 -62
92 64 65
92 65 -62
92 66 -66
92 67 52
92 68 42
92 69 -1
92 70 70
92 71 66
92 72 48
92 73 65
92 74 -43
92 75 45
92 76 -50
92 77 69
92 78 -1
92 79 53
92 80 72
92 81 43
92 82 73
92 83 -43
92 84 -23
92 85 -54
92 86 82
92 87 17
92 88 -38
92 89 -37
92 90 -77
92 91 -8
92 92 -71
92 93 -37
92 94 64
92 95 -47
92 96 61
92 97 31
92 98 50
92 99 -17
93 0 68
93 1 -44
93 2 -57
93 3 76
93 4 -56
93 5 48
93 6 22
93 7 7
93 8 -69
93 9 70
93 10 49
93 11 -45
93 12 -19
93 13 -95
93 14 72
93 15 -8
93 16 64
93 17 35
93 18 -18
93 19 76
93 20 61
93 21 99
93 22 72
93 23 29
93 24 25
93 25 -22
93 26 -46
93 27 79
93 28 98
93 29 32
93 30 -4
93 31 18
93 32 -64
93 34 -51
93 35 81
93 36 97
93 37 -66
93 38 39
93 39 73
93 40 58
93 41 -64
93 42 -12
93 43 41
93 44 33
93 45 -75
93 46 98
93 48 -75
93 49 -75
93 50 18
93 51 97
93 52 7
93 53 21
93 54 78
93 55 51
93 56 -48
93 57 55
93 58 48
93 59 -92
93 60 -58
93 61 7
93 62 19
93 63 66
93 64 30
93 65 -95
93 66 93
93 67 54
93 68 65
93 69 67
93 70 -71
93 71 67
93 72 13
93 73 52
93 74 -71
93 75 63
93 76 -25
93 77 -99
93 79 25
93 80 45
93 81 -14
93 82 77
93 83 100
93 84 -30
93 85 98
93 86 40
93 87 27
93 88 -91
93 89 63
93 90 -97
93 91 64
93 92 -100
93 93 -37
93 94 20
93 95 -43
93 96 -98
93 97 42
93 98 -1
93 99 58
94 0 36
94 1 32
94 2 39
94 3 -12
94 4 -7
94 5 -47
94 6 83
94 7 27
94 8 21
94 9 98
94 10 88
94 11 15
94 12 -19
94 13 59
94 14 55
94 15 -34
94 16 50
94 17 68
94 18 47
94 19 99
94 20 -78
94 21 62
94 22 22
94 23 -100
94 24 -2
94 25 89
94 26 7
94 27 66
94 28 -46
94 29 -29
94 30 49
94 31 52
94 32 -65
94 33 28
94 34 -37
94 35 95
94 36 -12
94 38 -10
94 39 -42
94 40 40
94 41 50
94 42 -14
94 43 94
94 44 -63
94 45 40
94 46 94
94 47 95
94 48 62
94 49 38
94 50 40
94 51 -94
94 52 -61
94 53 9
94 54 -42
94 55 45
94 56 -4
94 57 -19
94 58 60
94 59 -96
94 60 -91
94 61 -51
94 62 -21
94 63 4
94 64 -17
94 65 52
94 66 64
94 67 -96
94 68 -15
94 69 48
94 70 -53
94 71 98
94 72 -56
94 73 23
94 74 -30
94 75 -75
94 76 62
94 77 -76
94 78 43
94 79 17
94 80 -58
94 81 52
94 82 -31
94 83 -41
94 85 25
94 86 52
94 87 41
94 88 -64
94 89 2
94 90 -15
94 91 -34
94 92 92
94 93 24
94 94 5
94 95 -30
94 96 84
94 97 -31
94 98 92
94 99 73
95 0 -8
95 1 -34
95 2 -14
95 3 95
95 4 -83
95 5 -61
95 6 72
95 7 -38
95 8 -72
95 9 31
95 10 -14
95 11 26
95 12 -17
95 13 89
95 14 97
95 15 -87
95 16 -38
95 17 50
95 18 44
95 19 -10
95 20 55
95 21 93
95 22 90
95 23 82
95 24 77
95 25 -67
95 26 91
95 27 42
95 28 -21
95 29 -86
95 30 -59
95 31 20
95 32 -67
95 33 53
95 34 64
95 35 19
95 36 60
95 37 90
95 38 -26
95 39 -50
95 40 -78
95 41 56
95 42 69
95 43 -51
95 44 -2
95 45 -30
95 46 5
95 47 93
95 48 8
95 49 -82
95 50 -83
95 51 -89
95 52 42
95 53 2
95 54 54
95 55 86
95 56 -44
95 57 65
95 58 41
95 59 22
95 60 -19
95 61 -29
95 62 -43
95 63 -18
95 64 51
95 65 23
95 66 22
95 67 -73
95 68 9
95 69 -24
95 70 -10
95 71 -33
95 72 -4
95 73 64
95 74 82
95 75 3
95 76 76
95 77 -93
95 78 65
95 79 -1
95 80 83
95 81 -61
95 83 75
95 84 34
95 85 -54
95 86 90
95 87 -40
95 88 -10
95 89 -30
95 90 35
95 91 54
95 92 41
95 93 61
95 94 10
95 95 -68
95 96 87
95 97 1
95 98 -51
95 99 -81
96 0 -89
96 1 -17
96 2 -3
96 3 -33
96 4 76
96 5 -92
96 6 -98
96 7 -89
96 8 53
96 9 -51
96 10 93
96 11 -18
96 12 38
96 13 -38
96 14 -35
96 15 48
96 16 23
96 17 -59
96 18 -38
96 19 -17
96 20 -38
96 21 -61
96 22 41
96 23 -63
96 24 -25
96 25 85
96 26 -73
96 27 35
96 28 5
96 29 -40
96 30 50
96 31 29
96 32 -80
96 33 22
96 34 69
96 35 -30
96 36 4
96 37 21
96 38 -23
96 39 -88
96 40 -8
96 41 -2
96 42 14
96 43 -43
96 44 98
96 45 82
96 47 -57
96 48 46
96 49 -97
96 50 -19
96 51 -47
96 52 5
96 53 72
96 54 95
96 55 83
96 56 -36
96 57 -47
96 58 94
96 59 -84
96 60 -45
96 61 -92
96 62 71
96 64 23
96 65 95
96 66 26
96 67 7
96 68 15
96 69 11
96 70 37
96 71 -61
96 72 7
96 73 -11
96 74 65
96 75 74
96 76 85
96 77 -80
96 78 -6
96 79 -73
96 80 63
96 81 20
96 82 -77
96 83 94
96 84 64
96 85 -42
96 86 -47
96 87 -30
96 88 61
96 89 35
96 90 -57
96 91 60
96 92 -60
96 93 -75
96 94 72
96 95 63
96 96 -11
96 98 87
96 99 13
97 0 -4
97 1 -33
97 2 64
97 3 60
97 4 67
97 5 68
97 6 41
97 7 79
97 8 55
97 9 84
97 10 26
97 11 -61
97 12 -72
97 13 71
97 14 -49
97 15 28
97 16 40
97 17 -56
97 18 -51
97 19 12
97 20 17
97 21 -67
97 22 67
97 23 -58
97 24 78
97 25 -41
97 26 16
97 27 -66
97 28 -86
97 29 12
97 30 69
97 31 79
97 32 45
97 33 -15
97 34 62
97 35 -78
97 36 -59
97 37 -46
97 38 -4
97 39 25
97 40 14
97 41 -79
97 42 -75
97 43 -45
97 44 -85
97 45 63
97 46 15
97 47 16
97 48 -67
97 49 -54
97 50 46
97 51 -62
97 52 -98
97 53 63
97 54 28
97 55 -32
97 56 -57
97 57 -50
97 58 -1
97 59 -33
97 60 -42
97 61 84
97 62 -18
97 63 48
97 64 1
97 65 57
97 66 21
97 67 -76
97 68 -40
97 69 60
97 70 42
97 71 61
97 72 -31
97 73 -39
97 74 57
97 75 3
97 76 -8
97 77 -8
97 78 -23
97 79 14
97 80 -31
97 81 -12
97 82 63
97 83 42
97 84 100
97 85 -57
97 86 -92
97 87 65
97 88 -38
97 89 73
97 90 -57
97 91 -83
97 92 32
97 93 -20
97 95 10
97 96 20
97 97 -19
97 98 -93
97 99 -32
98 0 -91
98 1 -78
98 2 -19
98 4 -16
98 5 19
98 6 2
98 7 15
98 8 -51
98 9 -9
98 10 21
98 11 33
98 12 -9
98 14 -50
98 15 -49
98 17 -76
98 18 -3
98 19 -36
98 20 -43
98 21 -54
98 22 88
98 23 27
98 24 -25
98 25 -75
98 26 -14
98 27 51
98 28 -11
98 29 -7
98 30 -50
98 31 23
98 32 89
98 33 50
98 34 100
98 35 -39
98 36 3
98 37 49
98 38 86
98 39 92
98 40 12
98 41 13
98 42 -75
98 43 9
98 44 -13
98 45 10
98 46 -95
98 47 -89
98 48 18
98 49 19
98 50 -3
98 51 -71
98 52 57
98 53 -66
98 54 -20
98 55 15
98 56 -24
98 57 30
98 58 62
98 59 -26
98 60 -95
98 61 -28
98 62 32
98 63 44
98 64 39
98 65 -3
98 66 -47
98 67 88
98 68 99
98 69 -2
98 70 35
98 71 -68
98 72 -37
98 73 -48
98 74 55
98 75 74
98 76 -7
98 77 -23
98 78 16
98 79 71
98 80 -24
98 81 76
98 82 -67
98 83 -15
98 84 12
98 85 33
98 86 36
98 87 -3
98 88 55
98 89 -80
98 90 -77
98 91 51
98 92 13
98 93 84
98 94 96
98 95 83
98 96 -63
98 97 -35
98 98 -12
98 99 98
99 0 69
99 1 94
99 2 97
99 3 85
99 4 43
99 5 -83
99 6 -57
99 7 51
99 8 52
99 9 65
99 10 -85
99 11 -26
99 12 65
99 13 -66
99 14 6
99 15 73
99 16 -19
99 17 40
99 18 46
99 19 -17
99 20 32
99 21 -1
99 22 11
99 23 60
99 24 -44
99 25 68
99 26 -33
99 27 63
99 28 8
99 29 99
99 30 36
99 31 84
99 32 -6
99 33 39
99 34 -99
99 35 49
99 36 -1
99 37 -58
99 38 -45
99 39 71
99 40 69
99 41 36
99 42 21
99 43 -88
99 44 -95
99 45 -46
99 46 100
99 47 -45
99 48 31
99 50 -56
99 51 -47
99 52 -68
99 53 -97
99 54 -94
99 55 -48
99 56 -6
99 57 57
99 58 69
99 59 -27
99 60 -56
99 61 -35
99 62 41
99 63 71
99 64 59
99 65 53
99 66 -29
99 67 99
99 68 -17
99 69 -51
99 70 28
99 72 2
99 73 25
99 74 -13
99 75 39
99 76 -58
99 77 24
99 78 33
99 79 30
99 80 86
99 81 -68
99 83 -5
99 84 85
99 86 76
99 87 -76
99 88 -28
99 89 69
99 90 93
99 91 84
99 92 58
99 93 -75
99 94 3
99 95 -82
99 96 46
99 97 68
99 98 -78
99 99 96