0 1 19
0 4 -39
0 6 -100
0 7 81
0 8 -43
0 12 92
0 13 68
0 14 77
0 15 83
0 16 -25
0 17 15
0 18 -58
0 19 25
0 20 -67
0 21 -5
0 22 -26
0 23 77
0 26 54
0 27 53
0 28 64
0 29 87
0 30 7
0 31 -5
0 32 -41
0 33 15
0 34 43
0 36 -94
0 37 31
0 38 2
0 39 14
0 40 14
0 42 62
0 43 -18
0 44 26
0 46 18
0 47 82
0 48 37
0 49 -95
1 0 -80
1 1 99
1 2 18
1 3 63
1 5 -53
1 7 -55
1 10 35
1 11 -36
1 12 -79
1 13 5
1 14 -85
1 15 97
1 16 93
1 17 42
1 18 15
1 19 -75
1 20 91
1 22 57
1 23 41
1 24 -21
1 25 -22
1 27 -60
1 29 80
1 30 -90
1 35 84
1 36 -91
1 37 89
1 38 -97
1 40 46
1 41 95
1 42 30
1 43 52
1 44 73
1 45 42
1 48 -60
1 49 95
2 2 -65
2 3 -30
2 4 -20
2 5 4
2 7 -26
2 9 -1
2 10 -10
2 11 -9
2 12 24
2 13 -5
2 14 -79
2 15 76
2 17 -23
2 19 -73
2 20 -89
2 21 -84
2 23 13
2 24 -5
2 27 -27
2 28 74
2 29 59
2 30 -26
2 31 -36
2 32 74
2 33 52
2 34 -6
2 35 -68
2 37 33
2 38 -68
2 39 -61
2 40 60
2 42 4
2 45 -30
2 46 -90
2 47 -9
2 48 56
2 49 -15
3 0 49
3 1 -86
3 2 30
3 3 -35
3 4 -65
3 6 55
3 7 -30
3 8 12
3 9 51
3 10 -37
3 12 -89
3 13 -38
3 14 -68
3 15 68
3 16 -52
3 18 -77
3 20 99
3 22 42
3 24 3
3 25 87
3 26 40
3 27 90
3 28 -79
3 29 -56
3 35 -17
3 38 -74
3 41 -92
3 42 73
3 43 -93
3 44 -50
3 45 7
3 46 38
3 47 24
3 48 -31
4 0 -29
4 1 13
4 2 -18
4 3 44
4 4 37
4 5 65
4 7 -46
4 9 -86
4 10 -5
4 11 -54
4 13 20
4 14 -5
4 15 100
4 16 -21
4 18 39
4 19 33
4 20 96
4 22 -80
4 23 66
4 24 -31
4 26 57
4 27 82
4 28 36
4 29 28
4 30 64
4 31 96
4 32 33
4 33 -61
4 34 82
4 35 17
4 36 -9
4 37 97
4 38 -82
4 39 -41
4 40 66
4 41 41
4 42 -51
4 43 23
4 44 -23
4 46 33
4 47 -100
4 49 -62
5 0 -68
5 2 54
5 4 -18
5 5 -91
5 7 -76
5 8 -67
5 11 -13
5 12 -58
5 14 -98
5 15 89
5 16 -78
5 17 75
5 18 -31
5 20 9
5 21 -95
5 23 52
5 24 -37
5 25 -54
5 26 49
5 27 95
5 28 -43
5 29 -51
5 32 60
5 34 -29
5 35 -70
5 36 66
5 37 13
5 38 -45
5 39 43
5 40 -2
5 41 -41
5 42 -7
5 43 5
5 44 -54
5 47 -67
5 48 78
5 49 86
6 0 -9
6 2 -53
6 3 -37
6 4 -15
6 5 73
6 6 7
6 7 -16
6 8 -97
6 9 8
6 10 44
6 11 -22
6 12 -42
6 13 91
6 14 93
6 17 -93
6 18 -43
6 19 20
6 20 90
6 21 58
6 23 36
6 25 78
6 26 -75
6 27 -69
6 29 46
6 30 -29
6 33 -3
6 34 98
6 36 81
6 37 7
6 38 47
6 39 -14
6 42 39
6 43 53
6 45 -71
6 47 -86
6 48 85
6 49 98
7 0 78
7 3 5
7 4 -58
7 6 -65
7 7 -43
7 9 -64
7 11 -85
7 12 -50
7 13 51
7 14 -98
7 15 -11
7 16 -96
7 17 -29
7 18 55
7 19 -31
7 20 87
7 21 11
7 23 -85
7 24 -47
7 25 7
7 29 1
7 31 -50
7 32 25
7 33 -93
7 34 -19
7 35 92
7 37 -100
7 38 -96
7 39 -60
7 40 -73
7 41 69
7 42 -52
7 43 -21
7 45 51
7 47 23
7 48 -9
7 49 77
8 1 -50
8 2 68
8 3 34
8 4 -75
8 5 74
8 7 -36
8 8 -9
8 9 58
8 10 -75
8 11 -36
8 12 -30
8 13 -39
8 14 14
8 15 51
8 17 -99
8 18 49
8 20 60
8 21 -19
8 23 86
8 26 58
8 27 -7
8 29 25
8 30 -34
8 31 83
8 35 21
8 37 68
8 38 -35
8 40 -90
8 41 -26
8 42 18
8 43 32
8 45 -98
8 46 -7
8 47 7
8 48 88
8 49 35
9 0 20
9 2 32
9 3 71
9 5 81
9 7 37
9 8 -26
9 9 25
9 10 85
9 12 83
9 13 -94
9 15 -26
9 16 96
9 17 -57
9 20 68
9 21 -97
9 22 91
9 23 -6
9 24 -69
9 25 6
9 26 -74
9 27 20
9 28 -75
9 29 -17
9 30 -63
9 31 -50
9 32 -82
9 33 -66
9 35 -29
9 36 18
9 38 67
9 39 94
9 41 -66
9 42 -55
9 43 -94
9 44 -71
9 45 -83
9 48 26
10 0 94
10 2 32
10 3 -11
10 4 22
10 5 -41
10 6 81
10 7 -84
10 8 -82
10 9 -87
10 10 -10
10 11 18
10 13 50
10 14 57
10 16 90
10 17 -17
10 18 80
10 19 -82
10 20 14
10 22 60
10 23 50
10 24 6
10 25 -26
10 26 82
10 28 -37
10 29 53
10 30 -26
10 31 4
10 32 17
10 33 53
10 36 42
10 37 -34
10 40 92
10 41 -23
10 43 11
10 44 50
10 45 -78
10 46 83
10 47 85
10 48 -81
10 49 58
11 0 7
11 1 -16
11 2 -5
11 3 -21
11 4 -66
11 5 7
11 6 -4
11 7 91
11 8 55
11 9 -79
11 10 -34
11 11 8
11 12 98
11 13 -69
11 14 37
11 15 42
11 16 40
11 17 15
11 18 86
11 19 1
11 20 -7
11 21 -20
11 22 -19
11 23 33
11 25 -47
11 26 -6
11 27 32
11 28 -97
11 29 67
11 31 26
11 32 -13
11 33 -30
11 34 67
11 35 -34
11 36 5
11 37 54
11 38 -23
11 39 -9
11 40 -95
11 41 -49
11 42 -33
11 43 78
11 44 -18
11 45 11
11 48 -11
12 1 96
12 2 -37
12 3 30
12 4 32
12 5 65
12 6 -71
12 7 43
12 8 -86
12 9 91
12 10 30
12 11 -25
12 12 -36
12 13 -85
12 14 -54
12 15 17
12 16 65
12 18 -28
12 19 39
12 20 -76
12 21 -33
12 23 -81
12 24 -32
12 25 33
12 27 8
12 28 -88
12 29 24
12 31 -57
12 32 84
12 33 -61
12 34 76
12 35 100
12 36 -17
12 37 90
12 38 -8
12 39 92
12 40 67
12 41 -74
12 43 -29
12 44 4
12 45 24
12 46 58
12 47 -4
12 48 -77
12 49 76
13 0 17
13 1 -48
13 3 41
13 5 70
13 6 34
13 7 -22
13 8 2
13 9 91
13 12 81
13 13 77
13 14 44
13 16 23
13 17 62
13 18 35
13 19 -71
13 20 69
13 21 2
13 22 3
13 24 -92
13 27 24
13 30 46
13 32 -88
13 34 -99
13 35 50
13 36 95
13 37 35
13 39 -24
13 40 -61
13 41 -97
13 44 -76
13 45 -47
13 46 -40
13 47 19
13 48 -91
13 49 -16
14 0 47
14 2 69
14 3 15
14 4 -40
14 6 -27
14 7 -70
14 8 -78
14 9 87
14 10 64
14 11 -12
14 12 67
14 13 -99
14 14 13
14 15 75
14 16 -7
14 18 21
14 19 -98
14 21 100
14 23 30
14 24 -94
14 25 81
14 26 -7
14 27 60
14 30 -40
14 32 44
14 33 -10
14 35 44
14 36 9
14 37 -54
14 38 17
14 39 -94
14 41 5
14 44 65
14 46 -32
14 47 -96
14 48 55
14 49 26
15 1 -90
15 2 -27
15 3 85
15 4 48
15 6 -62
15 7 49
15 8 64
15 9 -66
15 10 -58
15 11 -69
15 15 -2
15 16 -48
15 17 -69
15 18 61
15 19 -51
15 20 -55
15 21 35
15 22 -90
15 23 -59
15 24 94
15 25 -61
15 26 -80
15 27 -36
15 28 -62
15 29 -33
15 30 -58
15 32 -57
15 33 77
15 35 22
15 36 30
15 37 -52
15 38 68
15 40 -30
15 41 70
15 42 79
15 43 74
15 44 66
15 45 54
15 46 -53
15 47 -77
15 49 12
16 1 36
16 4 14
16 5 34
16 6 23
16 8 86
16 9 90
16 10 -84
16 13 -5
16 14 -82
16 15 -83
16 16 -58
16 19 4
16 20 -47
16 21 -87
16 22 -77
16 24 54
16 25 29
16 26 -49
16 27 5
16 28 -52
16 29 15
16 30 85
16 31 43
16 33 -39
16 34 -44
16 37 -90
16 38 60
16 41 13
16 43 94
16 45 -91
16 46 10
16 47 59
16 48 -93
16 49 -93
17 0 -52
17 3 36
17 4 -67
17 5 83
17 8 -68
17 9 34
17 10 6
17 12 -48
17 13 69
17 15 64
17 17 -33
17 18 13
17 19 70
17 20 -42
17 21 35
17 22 95
17 25 79
17 26 -40
17 27 37
17 28 -89
17 30 -14
17 31 65
17 35 48
17 36 -62
17 38 75
17 39 -95
17 40 -11
17 41 22
17 42 -27
17 44 -100
17 46 -73
17 47 86
17 48 48
17 49 25
18 0 -29
18 1 -23
18 3 32
18 4 60
18 5 -33
18 6 5
18 7 -50
18 9 59
18 10 -13
18 11 -87
18 12 88
18 14 55
18 18 -61
18 19 20
18 21 69
18 22 -100
18 23 -36
18 24 -22
18 25 21
18 26 99
18 31 -23
18 32 -48
18 34 -58
18 35 -26
18 37 -27
18 38 -82
18 39 -8
18 41 -35
18 42 55
18 43 -70
18 44 57
18 46 -89
18 47 81
18 48 -32
18 49 -55
19 1 66
19 2 47
19 3 -35
19 4 -76
19 5 94
19 6 32
19 7 -24
19 8 70
19 11 -92
19 14 -46
19 15 -84
19 16 65
19 18 51
19 19 46
19 20 66
19 21 42
19 22 35
19 23 -89
19 25 37
19 27 -28
19 28 -4
19 29 82
19 30 29
19 31 99
19 32 -48
19 33 39
19 34 -90
19 36 -2
19 38 67
19 39 -48
19 41 -94
19 42 34
19 44 -30
19 46 -76
19 47 -8
19 48 -35
19 49 -24
20 0 74
20 1 29
20 3 83
20 4 -35
20 5 -12
20 7 35
20 8 -80
20 9 -41
20 10 -53
20 11 38
20 12 -30
20 15 -8
20 16 56
20 18 73
20 19 54
20 20 -84
20 21 -68
20 23 -51
20 24 -37
20 25 77
20 26 -26
20 27 -80
20 28 32
20 29 -76
20 30 -71
20 31 -55
20 32 99
20 33 -90
20 34 50
20 36 -67
20 38 14
20 39 -57
20 40 -19
20 41 59
20 42 -29
20 43 76
20 45 -46
20 46 95
20 47 -4
20 48 26
20 49 93
21 0 -73
21 1 -76
21 2 18
21 3 -46
21 5 -81
21 6 76
21 7 -27
21 8 -74
21 9 89
21 10 1
21 11 -9
21 15 33
21 16 19
21 17 85
21 19 66
21 20 -67
21 21 56
21 22 87
21 23 83
21 24 -25
21 25 23
21 26 10
21 27 21
21 28 -89
21 29 -97
21 30 67
21 32 18
21 33 97
21 36 -43
21 39 91
21 40 8
21 42 77
21 43 -86
21 44 36
21 45 -36
21 47 13
22 0 88
22 1 -67
22 2 -65
22 3 -35
22 4 -28
22 5 23
22 6 -8
22 9 33
22 10 -48
22 11 -46
22 12 -9
22 13 19
22 15 -81
22 16 -63
22 17 15
22 18 -35
22 19 84
22 22 47
22 24 -54
22 25 72
22 26 -74
22 29 38
22 31 23
22 33 -53
22 34 15
22 35 16
22 37 -9
22 38 93
22 41 -68
22 42 -10
22 43 -28
22 47 -88
22 49 -68
23 0 -82
23 1 91
23 2 -43
23 3 -75
23 4 66
23 6 -44
23 7 -45
23 9 39
23 10 14
23 11 -25
23 12 -8
23 13 98
23 15 -53
23 17 77
23 18 99
23 19 -27
23 20 -14
23 21 93
23 22 -69
23 23 76
23 24 -11
23 25 34
23 26 10
23 28 -34
23 29 -29
23 30 -53
23 31 -71
23 33 34
23 35 7
23 38 -14
23 39 -44
23 40 -89
23 43 -8
23 45 -30
23 46 -26
23 48 36
24 0 -63
24 1 -22
24 2 -41
24 3 -72
24 4 -23
24 8 96
24 9 -37
24 10 92
24 11 -3
24 12 -68
24 13 -17
24 14 29
24 15 38
24 16 -74
24 17 -48
24 18 -80
24 19 28
24 20 -59
24 21 -46
24 22 38
24 23 52
24 24 -16
24 25 26
24 27 -38
24 29 35
24 30 14
24 31 14
24 34 -17
24 35 41
24 36 -12
24 37 -1
24 38 73
24 41 31
24 42 47
24 43 20
24 44 62
24 46 62
24 48 3
25 2 21
25 3 -35
25 4 -79
25 5 87
25 7 13
25 8 -61
25 10 -33
25 12 -12
25 13 -19
25 15 8
25 16 -64
25 18 3
25 20 72
25 21 91
25 23 86
25 24 -70
25 25 41
25 27 76
25 28 -10
25 30 37
25 31 70
25 32 22
25 34 -58
25 35 69
25 36 19
25 39 -68
25 44 69
25 45 46
25 46 84
25 47 -51
25 49 -61
26 0 -60
26 2 -38
26 3 -79
26 4 -43
26 7 -5
26 8 -43
26 9 -74
26 10 -62
26 11 16
26 12 79
26 13 -72
26 14 -20
26 15 -8
26 16 54
26 17 -77
26 18 -36
26 19 98
26 20 -63
26 23 -42
26 24 68
26 26 -38
26 27 24
26 28 55
26 29 -83
26 30 99
26 31 52
26 32 53
26 35 72
26 36 -81
26 37 39
26 38 -14
26 40 22
26 41 100
26 44 -1
26 45 4
26 46 74
26 48 -15
26 49 -86
27 0 -27
27 1 -51
27 2 -98
27 3 -92
27 4 17
27 5 57
27 6 -54
27 8 88
27 9 -45
27 10 75
27 12 -21
27 13 -65
27 14 -15
27 15 70
27 16 -92
27 17 -96
27 18 8
27 20 48
27 21 91
27 22 61
27 23 88
27 24 -98
27 25 -63
27 26 46
27 27 4
27 30 -74
27 31 19
27 32 7
27 34 -15
27 35 1
27 36 -13
27 37 -95
27 38 -11
27 41 -29
27 42 -26
27 43 62
27 44 -72
27 45 19
27 46 -78
27 48 94
28 1 -35
28 3 -68
28 4 -86
28 5 -11
28 6 -2
28 7 -65
28 8 54
28 11 40
28 12 93
28 15 -42
28 16 -19
28 17 14
28 18 -75
28 19 -16
28 20 92
28 21 35
28 22 29
28 24 -84
28 25 -27
28 26 -3
28 27 -99
28 29 -80
28 30 -55
28 31 -51
28 32 -71
28 33 -40
28 35 -66
28 37 -65
28 38 -81
28 41 -30
28 42 46
28 43 -24
28 44 40
28 45 59
28 46 -10
28 48 -3
29 0 33
29 1 39
29 2 59
29 3 78
29 4 -31
29 5 34
29 8 24
29 10 -16
29 12 2
29 14 -9
29 16 -84
29 17 -79
29 18 -74
29 19 -71
29 20 30
29 21 49
29 23 -90
29 25 17
29 26 -94
29 27 -22
29 28 49
29 31 30
29 32 -10
29 35 99
29 36 -17
29 38 45
29 39 46
29 40 -93
29 43 -76
29 45 -66
29 48 -83
29 49 36
30 1 -30
30 2 16
30 3 8
30 6 46
30 7 25
30 11 85
30 12 -31
30 13 88
30 14 -68
30 16 43
30 17 -42
30 18 -60
30 19 100
30 20 -56
30 21 -43
30 23 -47
30 24 -50
30 25 79
30 26 -97
30 29 4
30 30 51
30 31 -51
30 32 8
30 33 4
30 34 -24
30 36 -49
30 37 100
30 38 -7
30 39 -60
30 41 -52
30 42 -47
30 44 -78
30 45 97
30 47 -51
30 48 -51
30 49 10
31 1 -98
31 2 30
31 3 22
31 4 17
31 5 -84
31 8 96
31 9 87
31 10 53
31 12 -12
31 13 -75
31 15 25
31 17 52
31 18 -50
31 19 21
31 20 -94
31 21 59
31 22 73
31 23 44
31 24 58
31 25 20
31 26 -92
31 27 6
31 28 -48
31 29 -55
31 31 82
31 32 41
31 33 -96
31 34 50
31 35 -31
31 36 15
31 37 35
31 38 -40
31 39 60
31 40 -49
31 41 73
31 42 14
31 43 41
31 45 19
31 46 9
31 47 -12
31 48 41
31 49 56
32 0 -1
32 3 48
32 4 72
32 5 83
32 6 75
32 7 47
32 8 63
32 9 -99
32 13 -59
32 14 48
32 16 71
32 17 -55
32 18 97
32 19 88
32 20 -88
32 21 -73
32 22 -26
32 24 -71
32 25 -32
32 29 -47
32 31 17
32 33 48
32 34 53
32 35 -29
32 36 98
32 38 67
32 39 36
32 40 48
32 42 -65
32 43 5
32 45 -26
32 48 -46
32 49 48
33 0 74
33 1 -80
33 3 -88
33 4 -10
33 5 12
33 6 -53
33 7 8
33 10 69
33 11 79
33 12 58
33 13 42
33 14 -96
33 15 81
33 17 64
33 18 44
33 19 -3
33 20 77
33 21 -100
33 22 -85
33 23 -6
33 24 56
33 25 -73
33 26 89
33 27 80
33 29 -3
33 30 38
33 31 90
33 33 -100
33 34 -81
33 37 14
33 39 -4
33 40 -89
33 42 88
33 43 -63
33 46 36
33 47 19
33 48 -98
34 2 48
34 3 20
34 4 -64
34 6 -25
34 7 -39
34 8 53
34 9 95
34 10 39
34 11 1
34 12 -6
34 13 -47
34 14 94
34 16 50
34 17 -84
34 18 16
34 19 -86
34 22 49
34 23 32
34 24 51
34 26 50
34 27 -59
34 28 -85
34 29 30
34 30 -49
34 32 44
34 33 39
34 34 -98
34 35 95
34 38 32
34 39 -55
34 40 80
34 42 93
34 44 27
34 45 -93
34 46 45
34 47 99
34 48 69
34 49 58
35 4 -81
35 5 -88
35 6 64
35 8 -18
35 10 -74
35 11 -26
35 12 100
35 13 15
35 14 48
35 15 -84
35 16 5
35 17 40
35 18 33
35 19 -14
35 21 -4
35 22 50
35 24 95
35 26 -45
35 29 -48
35 30 -66
35 31 7
35 32 49
35 35 28
35 36 -81
35 38 44
35 39 -13
35 40 50
35 41 13
35 42 -22
35 43 -36
35 44 -80
35 45 -8
35 46 -51
35 47 62
35 48 24
35 49 62
36 1 -9
36 2 10
36 4 45
36 5 30
36 6 50
36 8 69
36 9 60
36 11 7
36 12 -97
36 13 -42
36 14 23
36 15 56
36 16 66
36 17 2
36 18 -81
36 19 47
36 20 -91
36 21 15
36 23 -14
36 24 83
36 26 -4
36 28 -5
36 29 -73
36 30 12
36 31 86
36 33 -29
36 37 -9
36 38 -7
36 39 82
36 40 -23
36 41 -74
36 42 51
36 43 -99
36 44 -67
36 46 -93
36 47 73
36 48 -73
36 49 -55
37 0 -93
37 1 93
37 2 -33
37 3 25
37 4 21
37 5 66
37 6 95
37 7 93
37 8 9
37 9 -60
37 10 60
37 14 -76
37 15 -51
37 16 18
37 18 -48
37 19 98
37 20 35
37 22 -39
37 24 -71
37 27 51
37 28 47
37 29 -19
37 30 -92
37 31 68
37 32 -2
37 36 -22
37 38 97
37 40 -73
37 41 42
37 42 -58
37 43 -80
37 45 -43
37 46 24
37 47 -91
38 0 -33
38 1 -12
38 2 -44
38 5 8
38 7 86
38 8 61
38 9 -82
38 13 -43
38 17 72
38 18 -69
38 19 30
38 21 67
38 23 81
38 24 46
38 25 21
38 28 -44
38 29 11
38 30 58
38 33 -54
38 34 41
38 35 3
38 36 41
38 37 -37
38 38 -89
38 41 -2
38 42 76
38 43 -62
38 44 14
38 45 9
38 46 -92
38 47 -30
38 48 -27
38 49 -10
39 0 -69
39 1 -21
39 2 -5
39 4 18
39 5 17
39 7 -51
39 8 -69
39 9 -89
39 10 85
39 11 51
39 12 80
39 13 -35
39 14 -53
39 17 10
39 18 49
39 19 9
39 21 54
39 23 66
39 25 -57
39 26 43
39 27 -12
39 28 28
39 29 -31
39 30 -82
39 31 5
39 32 65
39 33 -46
39 34 -16
39 35 -6
39 36 2
39 37 -5
39 38 -67
39 39 47
39 43 76
39 44 89
39 47 72
39 48 -13
39 49 -44
40 0 -21
40 2 34
40 3 11
40 4 -85
40 5 -59
40 6 30
40 8 -8
40 9 -34
40 10 -65
40 11 -7
40 12 100
40 13 53
40 16 41
40 17 78
40 18 20
40 19 -28
40 20 30
40 21 -81
40 22 -60
40 23 50
40 24 61
40 25 27
40 26 -18
40 27 44
40 28 -53
40 29 -30
40 30 64
40 31 -52
40 32 81
40 33 -61
40 34 94
40 35 -21
40 36 -40
40 37 -56
40 38 87
40 39 -17
40 40 -28
40 42 48
40 44 5
40 45 -94
40 47 -16
40 49 5
41 0 -72
41 1 59
41 2 -65
41 3 13
41 4 -85
41 5 77
41 6 78
41 8 51
41 10 30
41 11 -46
41 12 86
41 13 -94
41 14 -48
41 16 -20
41 18 -71
41 19 -80
41 20 -88
41 21 -85
41 24 23
41 26 -25
41 27 -8
41 28 -22
41 29 -64
41 30 46
41 31 92
41 32 -41
41 33 83
41 34 -69
41 35 -19
41 36 84
41 37 48
41 38 92
41 40 -53
41 41 64
41 42 63
41 43 -52
41 45 -88
41 46 -43
41 47 -18
41 48 -6
41 49 34
42 0 99
42 1 28
42 2 80
42 3 79
42 5 -93
42 6 -15
42 7 -93
42 8 52
42 9 77
42 11 34
42 12 64
42 13 36
42 15 -97
42 16 -60
42 17 -27
42 18 10
42 20 -23
42 22 -5
42 24 -79
42 25 -46
42 27 45
42 28 11
42 29 49
42 31 -84
42 33 -34
42 34 -3
42 35 -58
42 36 7
42 37 65
42 39 -42
42 40 3
42 41 95
42 43 -47
42 44 22
42 45 100
42 46 -99
42 47 -67
43 0 62
43 2 -85
43 3 74
43 6 63
43 7 -45
43 8 19
43 9 -81
43 11 -54
43 12 48
43 13 55
43 15 -30
43 18 -52
43 20 -85
43 21 18
43 22 71
43 23 68
43 24 88
43 25 -18
43 26 72
43 29 42
43 30 20
43 31 -8
43 32 13
43 33 83
43 34 47
43 36 -19
43 37 79
43 38 6
43 39 -60
43 40 -18
43 41 -62
43 45 41
43 46 -16
43 48 -76
43 49 25
44 1 27
44 4 -94
44 6 -1
44 7 54
44 9 -28
44 10 -82
44 12 30
44 13 -51
44 14 27
44 15 -97
44 17 -89
44 19 58
44 20 -48
44 21 -99
44 22 93
44 23 95
44 24 -49
44 25 -54
44 26 -85
44 27 84
44 28 56
44 30 -27
44 31 21
44 33 -96
44 34 68
44 35 -73
44 36 28
44 38 -53
44 42 -2
44 44 -52
44 45 15
44 46 -36
44 47 73
44 49 -24
45 0 55
45 2 34
45 3 -67
45 4 -61
45 5 8
45 6 21
45 8 -2
45 11 -38
45 12 -10
45 13 53
45 14 -14
45 15 66
45 16 -46
45 17 -48
45 18 52
45 19 3
45 20 -56
45 21 -41
45 22 -30
45 23 57
45 24 -44
45 25 -63
45 29 12
45 30 -5
45 31 -10
45 33 -20
45 34 23
45 35 30
45 36 -38
45 37 -1
45 38 -24
45 39 -39
45 40 -93
45 42 21
45 43 -25
45 44 -23
45 46 5
45 48 -35
45 49 70
46 0 -72
46 1 94
46 2 -67
46 3 88
46 4 -99
46 6 27
46 7 83
46 8 83
46 11 -69
46 12 63
46 13 -77
46 14 36
46 15 38
46 16 -37
46 17 -51
46 18 25
46 19 5
46 20 -93
46 21 96
46 22 2
46 24 -15
46 25 -41
46 27 27
46 28 -31
46 29 -26
46 30 28
46 31 88
46 32 20
46 33 19
46 35 -46
46 36 -43
46 37 -79
46 38 -57
46 39 76
46 40 17
46 41 47
46 42 26
46 43 -57
46 44 70
46 47 -20
46 48 14
47 0 -32
47 2 -7
47 3 98
47 6 -23
47 7 -37
47 8 -31
47 9 -11
47 13 -78
47 14 -10
47 16 78
47 17 76
47 18 15
47 20 30
47 21 -55
47 22 -75
47 23 -37
47 24 -34
47 25 29
47 27 -39
47 28 40
47 29 -77
47 30 42
47 31 39
47 33 -73
47 34 74
47 35 -29
47 36 60
47 37 98
47 39 6
47 40 91
47 41 32
47 42 93
47 43 -38
47 44 25
47 45 24
47 46 21
47 47 -32
47 49 58
48 0 -4
48 2 -43
48 6 -52
48 7 67
48 8 -71
48 9 -15
48 11 53
48 12 85
48 13 81
48 16 61
48 17 69
48 18 -81
48 20 18
48 21 -95
48 22 21
48 23 -55
48 24 20
48 25 38
48 31 -12
48 36 -18
48 37 -67
48 39 -13
48 40 -99
48 41 47
48 42 -16
48 43 -39
48 44 -55
48 47 63
48 48 -52
48 49 -89
49 2 4
49 4 34
49 5 -85
49 7 68
49 9 -65
49 11 75
49 12 40
49 13 72
49 14 92
49 15 43
49 16 38
49 19 22
49 21 18
49 22 -11
49 23 -86
49 24 -6
49 25 23
49 27 -21
49 28 2
49 30 -67
49 31 13
49 32 -49
49 33 63
49 34 58
49 37 38
49 38 -88
49 40 33
49 41 39
49 42 5
49 44 -12
49 45 21
49 47 -47
49 48 87
49 49 34