0 5 -84
0 11 51
0 12 14
0 18 71
0 23 -59
0 24 -2
0 25 100
0 29 22
0 32 78
0 33 37
0 34 -48
0 37 -68
0 40 78
0 42 -36
0 43 47
0 44 54
0 46 94
0 50 19
0 51 98
0 53 -46
0 54 86
0 57 -27
0 60 -83
0 64 -46
0 66 -48
0 67 -91
0 68 -36
0 69 28
0 70 -19
0 71 83
0 73 18
0 75 89
0 76 -53
0 78 27
0 79 93
0 83 -73
0 84 45
0 85 -37
0 86 -82
0 87 48
0 89 70
0 94 -8
0 96 -93
0 97 89
0 98 62
1 0 49
1 1 -23
1 2 31
1 3 28
1 6 28
1 17 92
1 18 -22
1 20 -37
1 25 59
1 27 -90
1 31 -6
1 32 21
1 42 -27
1 43 84
1 46 -72
1 51 22
1 53 54
1 58 58
1 60 18
1 62 -76
1 66 -18
1 69 -5
1 70 -53
1 71 -19
1 74 77
1 75 -92
1 76 -7
1 77 47
1 79 -22
1 80 -85
1 83 -2
1 84 -59
1 87 6
1 91 -25
1 92 -80
1 94 -68
1 95 65
2 1 87
2 2 19
2 6 -80
2 7 21
2 10 96
2 12 -2
2 16 -19
2 20 -38
2 23 -87
2 24 -88
2 29 -37
2 30 -98
2 31 79
2 33 -91
2 34 83
2 35 10
2 36 43
2 37 -2
2 39 -53
2 41 73
2 43 -66
2 44 50
2 45 -95
2 46 -83
2 49 -80
2 51 -13
2 52 -65
2 53 -80
2 58 -29
2 60 88
2 64 33
2 65 72
2 66 -48
2 69 44
2 72 54
2 74 -99
2 75 -56
2 79 80
2 80 -82
2 83 -91
2 84 -40
2 85 32
2 88 -73
2 89 21
2 92 88
2 93 6
2 94 -56
2 96 -77
2 98 23
3 0 -40
3 2 46
3 3 -37
3 4 -76
3 5 87
3 6 79
3 13 -5
3 14 54
3 16 97
3 17 -34
3 18 -25
3 21 68
3 24 -47
3 25 52
3 29 -57
3 30 43
3 31 -15
3 34 1
3 35 68
3 39 63
3 51 -57
3 55 -56
3 56 41
3 58 -41
3 60 -26
3 63 55
3 64 -79
3 66 -4
3 68 74
3 70 -26
3 71 66
3 79 82
3 80 -13
3 82 70
3 83 -43
3 85 29
3 86 5
3 90 47
3 94 -14
3 95 15
3 96 -13
3 97 5
3 98 85
4 0 93
4 1 -73
4 2 77
4 4 100
4 7 -11
4 11 31
4 12 -7
4 14 72
4 15 -38
4 16 40
4 18 -25
4 19 -24
4 20 96
4 21 -6
4 22 -96
4 23 12
4 25 -72
4 26 99
4 27 -19
4 32 -72
4 34 -48
4 40 -54
4 43 51
4 47 -4
4 59 59
4 60 -46
4 64 93
4 68 -92
4 70 70
4 71 -86
4 78 38
4 80 2
4 81 -64
4 82 23
4 84 52
4 89 40
4 91 76
4 92 -29
4 94 -39
4 97 -94
5 2 33
5 6 54
5 7 44
5 10 95
5 12 -38
5 13 82
5 14 98
5 15 -22
5 17 21
5 20 33
5 24 5
5 25 -22
5 26 -9
5 33 -45
5 34 -38
5 36 -95
5 38 -78
5 39 20
5 40 -4
5 41 10
5 43 -22
5 44 -64
5 48 -60
5 49 15
5 50 4
5 51 -64
5 52 -36
5 53 31
5 57 -21
5 61 83
5 67 56
5 70 86
5 74 33
5 77 79
5 80 -29
5 81 -85
5 83 15
5 84 29
5 86 -55
5 95 -53
5 97 -84
6 0 -7
6 1 -79
6 2 10
6 5 -54
6 7 43
6 11 -37
6 14 -63
6 17 -80
6 20 1
6 21 36
6 27 13
6 29 -63
6 31 -67
6 32 -82
6 33 -28
6 35 -30
6 40 -93
6 43 -74
6 44 65
6 45 -35
6 46 83
6 51 38
6 52 -90
6 53 -42
6 54 35
6 55 96
6 57 -8
6 63 -31
6 64 -36
6 66 89
6 68 21
6 69 61
6 70 -57
6 72 54
6 73 -65
6 80 -93
6 81 -35
6 82 31
6 86 -85
6 87 43
6 93 24
6 94 44
6 96 -63
6 97 -72
7 2 53
7 4 76
7 6 33
7 9 -55
7 12 27
7 13 31
7 14 89
7 15 3
7 16 -70
7 17 59
7 20 91
7 21 52
7 24 94
7 26 41
7 27 99
7 28 7
7 30 -8
7 31 85
7 34 -35
7 35 -59
7 37 57
7 38 30
7 39 -50
7 41 -98
7 44 45
7 45 -22
7 49 82
7 53 38
7 54 -34
7 56 -22
7 57 -53
7 58 -34
7 59 -95
7 62 63
7 63 -55
7 64 15
7 66 100
7 67 -54
7 68 53
7 70 48
7 71 -11
7 73 -78
7 74 83
7 76 -10
7 78 -19
7 79 -75
7 86 65
7 90 24
7 92 97
7 94 88
7 96 65
7 98 -98
7 99 73
8 3 30
8 4 71
8 7 49
8 8 59
8 9 10
8 12 -9
8 15 -8
8 16 48
8 18 91
8 19 57
8 27 -61
8 28 51
8 30 -20
8 33 77
8 35 -33
8 42 -63
8 44 34
8 45 -61
8 46 -31
8 48 -52
8 51 -35
8 52 -25
8 54 -37
8 55 -21
8 56 93
8 57 91
8 59 -15
8 61 71
8 68 -12
8 71 -66
8 75 -61
8 76 -52
8 77 65
8 79 75
8 85 83
8 86 -12
8 88 42
8 89 -98
8 92 -79
8 93 -90
8 94 -46
8 95 74
8 97 65
8 99 61
9 2 -77
9 3 -90
9 4 40
9 7 56
9 8 83
9 9 5
9 10 21
9 11 22
9 15 51
9 20 55
9 25 13
9 28 -41
9 29 -81
9 30 -10
9 32 -6
9 35 -94
9 37 67
9 41 -62
9 43 98
9 45 17
9 49 22
9 54 98
9 55 -60
9 56 -25
9 57 45
9 63 -9
9 64 93
9 65 99
9 66 -61
9 67 87
9 71 6
9 74 67
9 76 21
9 77 -86
9 78 -60
9 80 67
9 81 -40
9 82 46
9 83 -5
9 84 -11
9 85 -69
9 87 -96
9 88 13
9 89 75
9 90 -55
9 91 -64
9 93 -3
9 95 36
9 98 -65
9 99 -40
10 0 -48
10 1 -85
10 3 -66
10 5 -23
10 9 -17
10 10 60
10 11 72
10 13 37
10 14 -8
10 16 -13
10 17 -91
10 18 8
10 23 -39
10 27 23
10 29 -82
10 30 28
10 31 -72
10 32 62
10 33 43
10 35 -46
10 40 17
10 41 -18
10 44 57
10 45 -33
10 49 -96
10 52 -40
10 64 -22
10 66 -64
10 68 45
10 69 30
10 70 83
10 71 -72
10 72 -64
10 73 82
10 76 -68
10 77 5
10 80 -11
10 88 90
10 89 22
10 92 -10
10 93 55
10 97 52
10 99 -61
11 0 65
11 3 96
11 6 71
11 12 -29
11 13 24
11 14 -66
11 15 89
11 17 70
11 19 -32
11 20 92
11 26 27
11 27 18
11 29 -22
11 30 -4
11 32 57
11 34 46
11 35 14
11 36 -36
11 37 -85
11 43 -1
11 44 -80
11 45 -25
11 47 -47
11 48 51
11 49 47
11 50 -18
11 53 -52
11 55 -98
11 58 -47
11 59 -47
11 62 81
11 63 -4
11 65 68
11 67 65
11 68 -68
11 69 -94
11 70 -92
11 73 84
11 74 46
11 75 69
11 77 -75
11 78 93
11 81 89
11 82 -88
11 84 65
11 86 -58
11 90 -26
11 91 -32
11 93 -81
11 94 92
11 95 40
11 96 -14
11 97 16
11 98 -18
12 3 -72
12 8 70
12 9 56
12 10 76
12 12 -25
12 15 74
12 16 -78
12 17 2
12 18 -61
12 19 -82
12 23 25
12 28 24
12 29 73
12 30 -35
12 32 5
12 34 -11
12 36 -35
12 37 23
12 40 -79
12 42 -96
12 43 77
12 46 -32
12 48 69
12 49 -83
12 53 96
12 55 3
12 56 40
12 59 -88
12 60 78
12 63 -40
12 65 20
12 67 44
12 69 -61
12 77 -72
12 79 84
12 80 -70
12 82 98
12 83 18
12 84 -18
12 87 73
12 90 -37
12 91 5
12 92 -9
12 94 91
12 96 -48
12 97 -86
12 98 -31
12 99 71
13 1 36
13 2 93
13 3 -50
13 6 90
13 7 -75
13 8 -2
13 10 77
13 12 -46
13 13 -72
13 17 22
13 19 57
13 20 32
13 21 73
13 22 38
13 24 -93
13 29 -61
13 30 45
13 39 -42
13 41 82
13 43 96
13 44 71
13 47 23
13 49 -50
13 50 49
13 51 -94
13 54 -86
13 55 -47
13 57 55
13 59 73
13 60 82
13 62 66
13 63 76
13 65 96
13 67 9
13 69 39
13 70 -54
13 71 64
13 72 72
13 75 -46
13 77 -23
13 78 -61
13 84 -36
13 88 -2
13 91 11
13 92 39
13 93 16
13 94 -40
13 97 -78
13 98 -62
13 99 -35
14 1 99
14 3 92
14 5 -29
14 7 7
14 8 12
14 10 -59
14 13 79
14 14 -91
14 16 -2
14 18 -37
14 23 13
14 25 95
14 30 -99
14 35 -29
14 40 64
14 42 89
14 43 -14
14 46 28
14 50 -79
14 52 51
14 57 -17
14 62 -5
14 66 88
14 68 41
14 69 -9
14 70 60
14 71 -97
14 73 -61
14 75 -64
14 77 65
14 78 -63
14 80 -89
14 84 -49
14 85 -90
14 86 -32
14 88 -51
14 89 -63
14 90 -22
14 96 -6
14 98 18
15 1 8
15 2 69
15 4 10
15 6 -22
15 12 -81
15 15 -81
15 18 -43
15 19 -74
15 20 -36
15 22 6
15 23 97
15 25 94
15 26 -97
15 27 87
15 29 -48
15 30 -77
15 31 -65
15 32 90
15 35 56
15 36 -36
15 38 49
15 39 9
15 41 92
15 42 78
15 45 -13
15 48 -9
15 52 -61
15 53 -50
15 54 -46
15 56 -29
15 63 -83
15 64 48
15 65 96
15 66 85
15 67 12
15 70 -96
15 75 32
15 78 -95
15 82 87
15 83 95
15 87 -96
15 88 100
15 89 67
15 91 24
15 97 96
15 98 -78
16 1 -16
16 2 -78
16 6 96
16 9 45
16 12 100
16 13 66
16 14 -67
16 15 24
16 17 -43
16 18 -35
16 19 -92
16 21 84
16 27 84
16 28 30
16 31 -80
16 34 -2
16 40 -92
16 41 -28
16 43 -87
16 45 42
16 46 -17
16 48 94
16 52 -21
16 56 80
16 58 -83
16 66 -40
16 68 58
16 75 33
16 83 92
16 85 -93
16 90 16
16 92 40
16 93 30
16 94 86
16 95 49
16 98 85
17 0 -56
17 1 -77
17 2 -3
17 3 39
17 8 -66
17 10 54
17 15 13
17 17 -43
17 19 79
17 30 -64
17 34 -24
17 38 26
17 39 7
17 40 78
17 46 37
17 48 99
17 52 84
17 56 56
17 57 -58
17 58 -40
17 59 -16
17 63 -54
17 65 -12
17 68 -47
17 69 -65
17 70 88
17 74 20
17 84 -63
17 85 -62
17 86 1
17 87 -15
17 89 60
17 95 92
17 97 -33
17 98 -92
18 1 20
18 2 -96
18 4 -42
18 12 -24
18 14 89
18 16 -1
18 19 -20
18 20 95
18 22 -4
18 23 -95
18 26 -32
18 29 37
18 32 -25
18 35 -15
18 36 43
18 39 70
18 41 -69
18 44 -68
18 47 -97
18 51 -12
18 52 80
18 54 -7
18 56 -72
18 58 -44
18 65 74
18 67 53
18 68 -66
18 73 -61
18 77 67
18 81 96
18 83 -65
18 85 23
18 86 16
18 88 -28
18 92 100
18 93 70
18 98 35
18 99 97
19 3 -81
19 5 -50
19 10 86
19 14 -6
19 16 41
19 17 -96
19 18 58
19 20 70
19 21 79
19 24 -1
19 25 -65
19 26 -36
19 30 -27
19 32 97
19 34 -73
19 36 80
19 39 -74
19 40 -51
19 41 79
19 43 64
19 50 92
19 51 92
19 53 37
19 54 -44
19 58 -51
19 60 28
19 63 -16
19 65 -69
19 68 -29
19 69 -15
19 73 7
19 76 -20
19 78 -9
19 79 45
19 82 45
19 83 -79
19 84 13
19 86 -98
19 89 -29
19 90 -46
19 91 17
19 94 53
19 96 63
19 99 25
20 0 92
20 3 96
20 5 -38
20 7 -61
20 9 -39
20 16 78
20 21 -52
20 22 -17
20 23 44
20 24 38
20 25 -10
20 31 50
20 35 99
20 36 -36
20 37 -44
20 40 -59
20 42 -14
20 46 32
20 47 -11
20 49 76
20 55 7
20 57 64
20 59 -15
20 62 38
20 63 -51
20 64 36
20 66 -11
20 73 6
20 74 -42
20 76 -34
20 79 -77
20 80 76
20 81 -96
20 83 15
20 89 -64
20 93 -57
20 98 -36
20 99 60
21 2 -17
21 4 61
21 6 30
21 8 65
21 16 52
21 22 -69
21 27 73
21 28 -19
21 29 -68
21 35 20
21 37 -100
21 39 -69
21 44 -61
21 52 39
21 54 -77
21 55 -74
21 56 -10
21 59 -91
21 65 46
21 66 -68
21 68 -9
21 72 78
21 74 -45
21 75 -83
21 76 56
21 78 -63
21 80 7
21 81 -58
21 84 52
21 85 -78
21 86 68
21 87 30
21 88 62
21 90 -90
21 92 -74
21 97 -56
21 99 -17
22 1 -10
22 4 97
22 6 -53
22 8 -4
22 10 -15
22 11 -43
22 12 -35
22 14 95
22 16 22
22 17 -33
22 20 2
22 23 20
22 25 81
22 30 -42
22 35 73
22 37 -78
22 38 33
22 39 -77
22 40 7
22 41 81
22 44 38
22 46 82
22 47 57
22 51 100
22 52 -86
22 57 -93
22 61 88
22 63 66
22 65 17
22 67 23
22 68 1
22 72 -31
22 73 -78
22 74 -77
22 77 -84
22 80 -70
22 85 93
22 91 -45
22 92 74
22 93 72
22 96 84
23 2 -92
23 3 12
23 9 -1
23 11 -80
23 13 82
23 15 -90
23 18 33
23 20 -88
23 21 62
23 24 28
23 25 -92
23 26 64
23 32 -65
23 37 -72
23 41 -12
23 42 76
23 43 -83
23 44 78
23 45 -92
23 47 27
23 50 -69
23 52 -95
23 53 48
23 54 -50
23 56 8
23 62 -12
23 65 -98
23 66 -62
23 67 10
23 71 -17
23 72 93
23 73 3
23 74 87
23 76 2
23 77 -100
23 78 -94
23 80 -23
23 83 12
23 86 -11
23 88 -85
23 90 30
23 92 67
23 95 91
24 0 -65
24 3 99
24 5 77
24 9 -29
24 16 46
24 18 -95
24 22 -12
24 25 64
24 26 -88
24 27 45
24 28 53
24 29 10
24 31 3
24 32 -57
24 33 34
24 38 -14
24 39 90
24 45 -30
24 46 55
24 48 7
24 50 70
24 52 -94
24 53 59
24 54 -41
24 55 -100
24 57 -67
24 60 22
24 61 -72
24 66 -96
24 68 86
24 72 92
24 82 99
24 84 -27
24 90 -56
24 96 58
25 0 -38
25 4 -93
25 9 -1
25 12 71
25 13 9
25 16 -61
25 21 -90
25 23 -78
25 24 -83
25 26 -25
25 27 20
25 28 31
25 35 -52
25 36 48
25 37 -69
25 40 30
25 41 76
25 43 87
25 45 77
25 46 -22
25 50 27
25 51 60
25 52 28
25 53 -26
25 55 61
25 56 -37
25 57 -97
25 58 24
25 61 34
25 63 59
25 68 -97
25 70 15
25 72 3
25 73 -88
25 77 70
25 79 71
25 80 94
25 81 14
25 82 64
25 85 -61
25 87 -85
25 90 -43
25 94 73
25 96 -31
25 97 -72
25 99 82
26 1 69
26 2 -14
26 4 39
26 7 -29
26 8 90
26 9 -61
26 10 39
26 16 -36
26 19 -33
26 24 23
26 26 58
26 30 83
26 31 -86
26 34 -45
26 36 56
26 37 17
26 38 34
26 44 -13
26 46 -22
26 50 85
26 51 -61
26 52 72
26 57 -19
26 58 99
26 59 -64
26 60 9
26 65 -33
26 66 -91
26 68 -40
26 70 -24
26 72 55
26 73 -35
26 77 80
26 84 54
26 85 46
26 90 57
26 92 -90
26 96 37
26 99 -6
27 2 -28
27 5 20
27 7 2
27 11 68
27 12 -75
27 15 99
27 17 60
27 19 2
27 20 88
27 21 -42
27 24 43
27 26 2
27 27 14
27 30 -99
27 31 -39
27 32 2
27 38 75
27 42 58
27 43 56
27 44 62
27 45 -34
27 46 24
27 47 -55
27 49 94
27 50 7
27 51 -54
27 52 -1
27 55 -88
27 56 39
27 59 -44
27 60 -45
27 63 49
27 64 60
27 65 77
27 66 -79
27 69 78
27 70 31
27 71 84
27 81 86
27 84 14
27 85 -33
27 86 -82
27 87 -98
27 88 30
27 89 -80
27 93 -74
27 95 -21
27 96 -100
27 97 -73
27 98 -100
28 0 -83
28 1 75
28 2 -32
28 4 35
28 5 93
28 6 -98
28 12 -13
28 17 -47
28 20 95
28 21 -33
28 24 14
28 28 28
28 30 -3
28 31 -90
28 32 46
28 33 -38
28 34 -65
28 36 -25
28 39 -18
28 40 36
28 41 -79
28 43 -43
28 48 -15
28 49 -62
28 52 -31
28 58 -33
28 59 96
28 61 87
28 62 -40
28 63 22
28 64 57
28 66 -53
28 67 -76
28 71 -44
28 73 -99
28 74 -84
28 78 70
28 79 78
28 82 -63
28 84 -88
28 85 -89
28 87 46
28 89 100
28 90 9
28 95 12
28 96 -78
28 97 64
28 99 46
29 3 86
29 4 -73
29 8 -2
29 9 -60
29 12 -84
29 13 92
29 15 27
29 16 -76
29 17 -14
29 18 17
29 19 56
29 20 48
29 23 -99
29 26 88
29 27 49
29 29 4
29 32 74
29 40 -64
29 41 -71
29 42 52
29 44 36
29 46 67
29 49 -85
29 50 -11
29 54 -26
29 55 8
29 56 73
29 59 -46
29 61 78
29 62 -83
29 65 -66
29 66 27
29 68 53
29 72 -7
29 73 99
29 75 12
29 76 4
29 77 5
29 78 -69
29 79 81
29 80 -23
29 82 -49
29 88 -8
29 90 -57
29 91 -76
29 94 74
29 96 -20
29 97 88
29 98 70
29 99 -77
30 0 -79
30 3 -76
30 5 18
30 7 -77
30 9 72
30 11 4
30 13 30
30 16 73
30 19 61
30 20 3
30 25 -8
30 26 -35
30 30 73
30 32 -70
30 33 36
30 37 95
30 38 84
30 39 33
30 41 -97
30 43 -17
30 44 97
30 46 -61
30 48 -28
30 51 50
30 54 76
30 57 72
30 59 -31
30 61 -92
30 62 74
30 72 100
30 74 89
30 75 60
30 76 -29
30 78 8
30 79 6
30 82 63
30 83 79
30 91 24
30 93 -68
30 94 -63
30 98 -7
30 99 40
31 0 57
31 1 58
31 2 18
31 6 -20
31 10 -80
31 12 87
31 13 -57
31 14 56
31 15 -47
31 16 65
31 22 21
31 28 -28
31 29 -14
31 31 37
31 32 51
31 33 54
31 38 -19
31 39 54
31 44 -89
31 48 33
31 54 19
31 55 50
31 56 2
31 57 79
31 59 19
31 62 56
31 63 -28
31 68 -35
31 70 -32
31 71 -96
31 73 94
31 74 -10
31 76 75
31 77 -93
31 79 11
31 80 -63
31 85 -1
31 86 89
31 87 59
31 93 54
31 94 88
31 95 -26
31 96 -46
31 97 86
31 99 66
32 0 -41
32 1 91
32 5 -100
32 11 5
32 12 43
32 13 -94
32 14 -34
32 16 -46
32 18 -10
32 23 89
32 24 -37
32 26 -35
32 27 -55
32 29 -78
32 33 -81
32 35 80
32 45 -47
32 46 14
32 47 99
32 50 73
32 51 23
32 52 -18
32 54 -49
32 55 9
32 59 -82
32 61 85
32 63 11
32 65 -79
32 66 -35
32 67 -65
32 70 44
32 72 46
32 75 -82
32 79 58
32 81 35
32 82 -94
32 86 -87
32 88 95
32 89 -23
32 93 -59
32 96 76
32 98 77
32 99 -42
33 0 -78
33 1 41
33 2 -53
33 9 -89
33 10 22
33 11 12
33 16 87
33 17 7
33 18 -34
33 20 -46
33 24 15
33 26 -97
33 27 -2
33 29 -56
33 32 70
33 33 -63
33 36 30
33 38 28
33 41 19
33 43 -46
33 45 34
33 47 3
33 48 88
33 50 31
33 51 -58
33 56 27
33 57 -9
33 59 -52
33 60 61
33 64 -2
33 65 86
33 66 -88
33 70 92
33 71 29
33 76 -54
33 77 74
33 78 -51
33 83 64
33 84 -50
33 86 31
33 90 68
33 92 -42
33 94 21
33 97 17
34 3 1
34 5 -45
34 8 80
34 9 86
34 11 -71
34 13 4
34 14 -68
34 18 55
34 20 -10
34 21 29
34 22 -79
34 27 31
34 28 -95
34 30 -26
34 33 -1
34 34 -95
34 35 -91
34 37 55
34 38 -28
34 42 -6
34 43 -79
34 46 75
34 48 -93
34 51 20
34 52 -42
34 53 -43
34 55 -76
34 61 11
34 63 78
34 69 29
34 71 74
34 72 4
34 74 45
34 76 -44
34 78 29
34 79 96
34 80 -49
34 85 100
34 88 58
34 90 68
34 92 -69
34 93 -67
34 96 30
34 98 4
35 1 -15
35 2 80
35 5 1
35 6 18
35 9 80
35 11 98
35 12 -70
35 13 2
35 14 -58
35 15 33
35 17 24
35 19 -55
35 21 -13
35 23 -90
35 24 -2
35 27 -60
35 28 9
35 29 51
35 30 80
35 31 -33
35 33 4
35 36 84
35 38 -68
35 42 -68
35 43 -29
35 46 -45
35 49 1
35 50 60
35 51 43
35 52 97
35 53 -45
35 55 75
35 56 6
35 57 61
35 58 100
35 59 -17
35 61 -5
35 65 -52
35 68 8
35 69 -70
35 75 -47
35 77 91
35 78 -74
35 80 35
35 82 41
35 84 -77
35 85 12
35 86 25
35 87 11
35 90 -33
35 93 51
35 94 17
35 95 -56
35 96 -48
35 97 28
35 98 85
35 99 19
36 3 73
36 4 36
36 5 -93
36 6 23
36 7 82
36 8 -48
36 17 14
36 18 97
36 19 70
36 20 50
36 26 -53
36 27 79
36 29 -68
36 31 -17
36 32 19
36 36 94
36 37 32
36 38 -38
36 42 -91
36 44 72
36 46 -25
36 54 91
36 55 50
36 57 -7
36 59 24
36 62 -6
36 64 62
36 66 -74
36 67 67
36 68 -8
36 69 -93
36 70 -96
36 72 32
36 74 68
36 76 -33
36 77 -24
36 78 -77
36 81 60
36 83 81
36 84 12
36 85 43
36 86 29
36 89 -88
36 91 13
36 92 9
36 94 51
36 97 83
36 98 -64
37 0 -60
37 2 -81
37 3 -54
37 4 60
37 6 -4
37 8 34
37 11 97
37 12 28
37 13 85
37 14 3
37 15 26
37 16 -13
37 17 -18
37 19 -93
37 20 -68
37 21 -30
37 22 100
37 23 -14
37 24 -61
37 29 94
37 30 -60
37 32 -5
37 33 -65
37 34 -59
37 42 -79
37 44 72
37 45 58
37 49 -98
37 52 77
37 53 -65
37 54 -97
37 56 60
37 59 89
37 60 41
37 61 -12
37 65 68
37 66 -27
37 69 26
37 70 98
37 71 -1
37 79 -31
37 82 9
37 84 23
37 87 37
37 89 77
37 91 -74
37 92 91
37 94 1
37 98 10
37 99 74
38 3 44
38 4 9
38 7 24
38 9 63
38 11 -75
38 12 -14
38 17 -6
38 25 -58
38 26 20
38 28 -45
38 29 -10
38 31 44
38 32 -13
38 33 -54
38 34 -93
38 38 -31
38 42 58
38 48 94
38 49 98
38 50 100
38 52 -35
38 53 -70
38 56 23
38 58 38
38 60 -78
38 61 58
38 62 35
38 66 -95
38 67 6
38 70 -99
38 72 -15
38 74 -96
38 75 -75
38 84 78
38 85 9
38 87 20
38 89 16
38 91 -71
38 92 -58
38 93 17
38 99 22
39 1 1
39 9 -77
39 10 -70
39 11 61
39 12 75
39 14 45
39 19 -98
39 24 -55
39 25 -89
39 29 4
39 30 -76
39 33 -43
39 38 -26
39 42 -51
39 43 -22
39 48 70
39 49 78
39 51 -71
39 54 70
39 55 -87
39 59 81
39 61 94
39 62 54
39 63 -33
39 65 -6
39 66 65
39 69 -30
39 71 4
39 74 33
39 76 -21
39 77 -23
39 81 21
39 82 -22
39 85 94
39 91 -52
39 92 -5
39 93 70
39 96 81
39 98 54
40 3 -78
40 5 78
40 6 -85
40 9 18
40 12 77
40 13 -30
40 14 -84
40 17 50
40 18 -37
40 21 29
40 24 63
40 28 -67
40 31 -7
40 34 81
40 35 -90
40 36 5
40 39 -29
40 43 -74
40 48 -25
40 50 7
40 51 -46
40 55 85
40 57 -48
40 59 -53
40 60 -27
40 61 56
40 63 12
40 65 21
40 68 -21
40 69 36
40 74 63
40 75 6
40 80 -49
40 82 26
40 85 -78
40 86 -21
40 97 97
40 99 10
41 0 2
41 1 63
41 7 94
41 9 -100
41 10 -35
41 11 -9
41 12 99
41 14 -63
41 15 83
41 17 -76
41 18 58
41 19 -16
41 20 52
41 23 83
41 28 33
41 29 100
41 30 -57
41 31 87
41 33 -61
41 35 -59
41 39 90
41 40 -3
41 42 -70
41 43 16
41 44 -70
41 45 -92
41 46 -92
41 47 2
41 51 59
41 54 -39
41 56 12
41 59 41
41 60 -19
41 63 18
41 65 -91
41 66 -38
41 67 -85
41 71 -77
41 73 85
41 74 96
41 85 -63
41 87 56
41 90 -74
41 94 91
41 97 -8
41 98 39
41 99 83
42 1 28
42 5 -72
42 9 -95
42 15 16
42 16 -88
42 19 30
42 22 72
42 26 34
42 27 34
42 28 -11
42 31 55
42 32 70
42 33 -98
42 34 47
42 35 -32
42 36 95
42 38 -26
42 39 43
42 42 -51
42 44 81
42 46 -79
42 50 20
42 53 -35
42 54 36
42 55 1
42 56 -94
42 57 -7
42 60 -27
42 61 -31
42 62 -86
42 65 -61
42 66 -56
42 67 -80
42 68 62
42 72 22
42 74 -46
42 79 -64
42 86 83
42 87 95
42 88 -20
42 89 30
42 90 73
42 92 70
43 0 -1
43 4 95
43 8 11
43 9 -45
43 10 29
43 12 -86
43 13 -13
43 14 -16
43 15 -67
43 16 -50
43 17 -93
43 18 -4
43 20 45
43 22 -32
43 24 -76
43 26 -11
43 27 89
43 30 -45
43 32 -39
43 33 61
43 34 -55
43 35 -33
43 37 -24
43 40 20
43 42 64
43 43 80
43 44 -66
43 45 77
43 47 -99
43 50 -61
43 51 -9
43 53 1
43 54 -41
43 55 -63
43 57 -1
43 60 -98
43 62 2
43 65 17
43 66 10
43 67 4
43 69 -63
43 71 -60
43 72 55
43 73 74
43 81 1
43 87 90
43 88 13
43 91 -68
43 94 -42
43 99 -77
44 0 -4
44 1 59
44 4 -72
44 5 -1
44 9 65
44 10 58
44 13 50
44 14 60
44 16 -72
44 18 87
44 19 -96
44 25 -65
44 26 -45
44 27 8
44 29 78
44 30 58
44 31 -38
44 32 -12
44 34 56
44 35 25
44 37 73
44 41 88
44 43 36
44 44 35
44 51 -77
44 52 -90
44 53 32
44 55 34
44 56 -31
44 57 -29
44 62 23
44 63 50
44 64 31
44 67 -56
44 69 60
44 71 31
44 72 -59
44 73 60
44 75 -45
44 77 -13
44 78 -59
44 79 -76
44 80 -82
44 82 -87
44 84 -59
44 87 -27
44 88 95
44 95 46
44 96 26
45 1 23
45 3 17
45 5 73
45 6 90
45 8 -31
45 11 -45
45 15 -74
45 17 -38
45 19 -17
45 23 69
45 26 -71
45 27 -18
45 28 -18
45 34 -52
45 35 16
45 36 -28
45 37 36
45 39 -4
45 42 -89
45 45 -35
45 48 -7
45 49 -87
45 50 46
45 53 -34
45 57 26
45 62 23
45 63 7
45 65 -99
45 69 -42
45 72 89
45 74 69
45 75 81
45 77 55
45 80 85
45 81 -28
45 84 -91
45 85 61
45 86 2
45 87 43
45 93 36
45 95 -38
45 96 15
45 97 -84
45 98 66
46 0 1
46 1 62
46 2 38
46 9 92
46 10 12
46 12 -93
46 15 -42
46 19 7
46 21 76
46 23 21
46 25 -28
46 26 -95
46 28 -98
46 29 -67
46 30 -18
46 32 -91
46 33 66
46 34 4
46 35 41
46 36 -92
46 37 73
46 39 -60
46 40 79
46 44 -36
46 45 89
46 46 76
46 47 94
46 51 -30
46 54 -98
46 55 -22
46 57 -44
46 58 56
46 60 62
46 61 -20
46 65 78
46 66 -27
46 68 58
46 69 -10
46 70 27
46 71 67
46 72 -98
46 73 -47
46 76 59
46 78 2
46 79 -17
46 85 -35
46 87 66
46 88 -23
46 89 14
46 90 -86
46 93 -79
46 95 -45
46 98 -57
47 3 -29
47 4 -39
47 5 17
47 6 87
47 7 59
47 10 -86
47 12 -15
47 15 -43
47 16 30
47 18 24
47 21 -74
47 26 67
47 30 -79
47 32 -49
47 33 -89
47 34 14
47 35 -59
47 36 -76
47 39 -44
47 40 39
47 41 76
47 44 -26
47 46 -32
47 47 -66
47 51 20
47 52 77
47 53 -64
47 57 -44
47 58 -82
47 60 -41
47 63 58
47 65 -95
47 67 -49
47 68 -13
47 69 -86
47 75 -62
47 78 19
47 80 -29
47 81 -81
47 82 51
47 85 -48
47 88 -24
47 93 98
47 98 -21
48 0 36
48 3 71
48 10 -46
48 13 -97
48 14 32
48 16 48
48 19 -90
48 20 45
48 22 -56
48 24 -75
48 34 -9
48 36 28
48 37 -52
48 39 -86
48 40 -50
48 42 -87
48 43 68
48 47 18
48 49 -47
48 50 -90
48 55 82
48 61 -18
48 63 -95
48 64 40
48 71 59
48 72 75
48 75 -90
48 78 90
48 79 96
48 80 -57
48 88 64
48 91 -82
48 92 -52
48 95 -53
48 99 -10
49 2 -34
49 5 -35
49 9 -97
49 14 44
49 15 -52
49 24 56
49 25 -88
49 26 -70
49 28 70
49 31 -5
49 33 83
49 34 3
49 36 2
49 38 36
49 41 -90
49 42 86
49 43 -21
49 47 55
49 51 13
49 53 44
49 55 26
49 56 27
49 60 -52
49 61 -69
49 64 -54
49 65 19
49 69 -63
49 70 34
49 71 -10
49 72 -1
49 73 -84
49 74 81
49 75 -96
49 76 -27
49 77 44
49 78 -57
49 82 -78
49 84 47
49 88 79
49 91 18
49 92 1
49 95 -60
49 96 -90
49 99 -100
50 0 9
50 1 -99
50 3 63
50 4 75
50 5 2
50 6 -49
50 9 -97
50 10 -8
50 12 -76
50 13 -47
50 15 72
50 18 -30
50 20 92
50 24 -20
50 26 -46
50 28 -21
50 29 94
50 30 -52
50 31 -59
50 35 -24
50 42 -99
50 43 1
50 44 10
50 46 52
50 47 10
50 50 68
50 55 17
50 56 -59
50 59 53
50 61 -74
50 62 -92
50 63 6
50 64 77
50 65 -92
50 68 85
50 69 -36
50 70 -11
50 72 -20
50 73 87
50 75 97
50 83 20
50 84 -37
50 85 20
50 90 27
50 93 72
50 94 -100
50 96 -81
50 98 31
51 4 62
51 5 27
51 6 -86
51 7 -5
51 14 -43
51 15 -46
51 17 -56
51 18 -50
51 22 -45
51 24 32
51 29 -70
51 35 -26
51 37 97
51 38 69
51 46 -16
51 48 -59
51 49 -95
51 50 51
51 51 -35
51 53 1
51 55 58
51 56 42
51 58 -11
51 59 61
51 60 -62
51 61 11
51 62 72
51 64 -79
51 66 -57
51 67 24
51 69 41
51 70 54
51 71 38
51 72 36
51 73 15
51 75 -90
51 80 -43
51 82 -43
51 84 -14
51 86 -92
51 87 -49
51 89 93
51 91 -82
51 92 60
51 96 82
52 0 92
52 7 -56
52 8 -52
52 9 16
52 12 -33
52 14 87
52 15 -93
52 16 -72
52 19 -75
52 20 -61
52 23 -32
52 27 -96
52 28 82
52 32 16
52 34 16
52 35 -91
52 36 -82
52 37 59
52 39 -48
52 42 43
52 45 56
52 50 -8
52 56 84
52 57 -3
52 61 -91
52 64 -9
52 65 60
52 68 -65
52 69 46
52 70 91
52 72 50
52 73 -62
52 77 34
52 83 -84
52 90 98
52 91 7
52 92 90
52 95 24
52 98 -85
53 3 61
53 4 66
53 5 88
53 6 99
53 7 -97
53 10 62
53 14 32
53 16 -19
53 20 -70
53 22 41
53 24 93
53 25 -42
53 26 -14
53 27 83
53 28 69
53 33 48
53 34 -3
53 41 43
53 42 -38
53 49 3
53 56 -97
53 60 93
53 63 -100
53 65 -10
53 67 50
53 69 -28
53 71 -73
53 72 56
53 73 46
53 74 -78
53 76 -25
53 78 -34
53 81 -3
53 83 -29
53 85 66
53 86 56
53 88 -76
53 89 -27
53 91 49
53 92 26
53 93 2
53 96 30
53 98 41
54 1 -56
54 2 34
54 5 34
54 6 -73
54 7 -42
54 8 -5
54 10 -28
54 12 13
54 15 44
54 16 71
54 18 -77
54 21 -80
54 23 12
54 26 -90
54 28 56
54 29 -26
54 33 70
54 38 46
54 42 -33
54 43 -34
54 45 -80
54 47 84
54 49 60
54 50 62
54 51 17
54 53 -53
54 56 68
54 57 27
54 61 -85
54 63 45
54 65 -50
54 67 -3
54 68 46
54 75 -100
54 77 -9
54 78 -11
54 81 -81
54 83 8
54 88 -23
54 92 92
54 93 5
54 95 -100
54 96 62
55 1 10
55 2 76
55 3 50
55 5 55
55 10 -62
55 11 -89
55 12 70
55 14 -92
55 15 53
55 16 22
55 17 56
55 20 -2
55 23 -59
55 24 49
55 25 -41
55 26 53
55 27 -53
55 29 -31
55 30 62
55 32 -7
55 34 46
55 36 61
55 37 62
55 40 79
55 43 -100
55 48 81
55 51 -40
55 53 57
55 54 -38
55 55 38
55 56 -42
55 57 -79
55 59 54
55 61 43
55 63 -77
55 64 -32
55 65 -58
55 66 58
55 71 -19
55 73 78
55 74 23
55 76 -84
55 77 17
55 78 88
55 80 -54
55 81 -78
55 84 38
55 87 -15
55 89 54
55 93 93
55 95 -4
55 96 -30
55 99 -74
56 0 -12
56 2 -99
56 4 -71
56 10 14
56 11 47
56 12 -17
56 14 79
56 15 -100
56 17 -17
56 19 37
56 33 83
56 34 15
56 36 12
56 38 -31
56 39 -10
56 40 -9
56 41 25
56 42 21
56 45 -92
56 46 71
56 47 -44
56 50 17
56 55 -35
56 56 -97
56 60 -79
56 62 54
56 63 -81
56 66 -86
56 68 -66
56 70 -96
56 73 -25
56 76 -77
56 78 -59
56 81 54
56 84 30
56 85 -32
56 88 -42
56 92 -48
56 93 -47
56 94 -68
57 0 22
57 7 100
57 12 52
57 14 -83
57 18 -7
57 20 -71
57 22 -44
57 25 42
57 27 -48
57 28 -81
57 29 80
57 31 -52
57 33 33
57 37 -16
57 38 63
57 40 -32
57 41 57
57 46 46
57 47 -32
57 53 -37
57 54 -36
57 58 16
57 59 51
57 61 -3
57 62 22
57 65 -61
57 66 -41
57 69 -83
57 72 -1
57 74 60
57 75 -72
57 78 60
57 84 96
57 85 35
57 86 -80
57 87 29
57 92 -78
57 99 -6
58 1 85
58 2 13
58 3 -36
58 4 21
58 6 82
58 7 -30
58 8 83
58 10 11
58 14 -70
58 16 1
58 19 -26
58 20 33
58 23 42
58 25 -45
58 27 65
58 28 31
58 31 -67
58 36 55
58 38 70
58 39 85
58 43 -32
58 44 -49
58 51 -60
58 54 -50
58 56 -48
58 57 -31
58 58 52
58 65 84
58 66 75
58 67 -56
58 69 97
58 70 54
58 71 -82
58 76 39
58 78 30
58 81 -31
58 86 -70
58 87 -80
58 89 -89
58 96 88
58 98 -79
58 99 -16
59 2 -75
59 7 -97
59 8 40
59 9 -85
59 19 74
59 25 50
59 26 76
59 27 52
59 28 -10
59 30 -21
59 31 38
59 33 -37
59 37 48
59 39 99
59 42 -93
59 44 76
59 46 -17
59 47 -46
59 48 75
59 49 -12
59 50 -44
59 52 73
59 60 -10
59 62 25
59 63 7
59 66 -40
59 67 63
59 68 40
59 72 55
59 73 -98
59 78 92
59 80 93
59 81 64
59 87 30
59 97 31
59 98 77
59 99 -81
60 1 -30
60 2 -9
60 4 57
60 7 -24
60 8 -30
60 10 55
60 11 81
60 14 13
60 15 92
60 17 -2
60 18 99
60 19 37
60 20 -40
60 24 -11
60 26 49
60 27 24
60 28 -85
60 29 99
60 31 -52
60 35 -24
60 37 36
60 38 44
60 39 72
60 40 -84
60 44 65
60 45 71
60 46 72
60 50 91
60 51 -46
60 53 71
60 55 34
60 58 56
60 62 41
60 72 -60
60 74 -21
60 76 -47
60 77 6
60 78 -87
60 81 1
60 82 98
60 84 63
60 85 -48
60 87 -2
60 89 -83
60 90 -79
60 92 -69
60 93 99
60 94 -14
60 96 2
61 3 -4
61 4 -6
61 7 53
61 8 2
61 9 29
61 12 8
61 13 -67
61 14 -76
61 15 64
61 16 -17
61 20 85
61 21 -92
61 30 -74
61 35 4
61 36 -54
61 40 44
61 42 39
61 48 -27
61 52 -11
61 53 55
61 55 43
61 56 -45
61 58 -81
61 62 -17
61 65 68
61 73 98
61 74 55
61 76 49
61 77 -5
61 78 -57
61 79 65
61 80 96
61 82 49
61 83 23
61 85 -45
61 87 -78
61 90 40
61 98 40
62 9 57
62 11 -65
62 16 -82
62 18 5
62 20 37
62 22 26
62 23 87
62 24 82
62 26 -71
62 27 18
62 28 55
62 30 -62
62 31 8
62 38 -85
62 39 62
62 42 79
62 45 -51
62 52 -43
62 53 96
62 54 22
62 55 -61
62 56 -40
62 59 6
62 65 -4
62 67 97
62 68 2
62 77 -9
62 80 -85
62 83 -93
62 89 -36
62 90 24
62 91 96
62 94 1
62 96 25
62 97 29
63 1 92
63 3 -75
63 4 -30
63 5 18
63 11 48
63 13 -21
63 14 97
63 16 -41
63 17 54
63 20 92
63 23 -6
63 25 -19
63 27 -48
63 30 -16
63 35 73
63 36 55
63 37 -93
63 39 70
63 41 73
63 43 -97
63 45 51
63 48 -90
63 49 74
63 51 82
63 55 -58
63 59 -23
63 61 -61
63 62 9
63 65 51
63 66 85
63 67 -4
63 68 -63
63 70 -34
63 71 2
63 72 45
63 73 -28
63 77 -32
63 78 -20
63 79 -48
63 80 100
63 81 75
63 83 -37
63 84 -75
63 86 63
63 87 -32
63 90 -52
63 94 21
63 95 46
63 96 17
63 98 -98
64 0 48
64 1 26
64 2 54
64 3 -97
64 5 -43
64 6 24
64 8 30
64 10 -31
64 11 2
64 12 43
64 13 58
64 14 -14
64 16 -9
64 22 -99
64 25 -52
64 26 -33
64 27 -93
64 30 9
64 33 -52
64 34 -14
64 37 30
64 38 -56
64 39 32
64 41 31
64 44 31
64 51 49
64 52 30
64 53 -6
64 56 75
64 61 55
64 64 -90
64 65 -4
64 67 -94
64 68 -28
64 70 71
64 71 -86
64 72 8
64 74 -42
64 75 38
64 82 37
64 84 35
64 86 -37
64 89 -20
64 91 47
64 93 -22
64 94 88
64 95 57
64 96 32
65 3 88
65 4 22
65 8 -88
65 10 29
65 11 74
65 12 3
65 14 -23
65 18 27
65 19 83
65 25 27
65 26 82
65 27 98
65 29 37
65 32 63
65 34 82
65 35 97
65 36 14
65 39 -14
65 40 66
65 46 -47
65 52 -21
65 58 -100
65 60 39
65 62 -23
65 66 -96
65 67 20
65 71 76
65 74 -9
65 75 -49
65 76 -28
65 78 -91
65 83 -88
65 86 41
65 87 56
65 89 -99
65 93 -56
65 94 -38
65 98 -30
66 3 24
66 4 55
66 5 -83
66 11 -49
66 12 -98
66 13 -33
66 16 8
66 19 21
66 21 68
66 22 -95
66 23 67
66 25 41
66 30 -83
66 34 -85
66 36 4
66 37 36
66 39 21
66 40 67
66 45 -75
66 49 -50
66 50 -88
66 52 20
66 53 35
66 58 97
66 59 -18
66 61 19
66 62 33
66 64 52
66 65 17
66 67 -36
66 68 89
66 70 -29
66 74 -66
66 76 36
66 78 51
66 79 78
66 82 -46
66 84 -84
66 87 30
66 88 -43
66 90 -21
66 93 66
66 95 62
66 96 8
67 1 24
67 3 -99
67 7 -37
67 10 17
67 11 40
67 13 69
67 15 33
67 17 -89
67 22 -73
67 24 89
67 25 -86
67 27 35
67 28 14
67 30 84
67 31 -71
67 36 -24
67 37 9
67 38 -100
67 39 78
67 40 -89
67 42 58
67 43 -17
67 44 -28
67 45 94
67 47 -94
67 53 69
67 55 74
67 58 -21
67 59 38
67 61 -77
67 63 -20
67 64 81
67 69 15
67 72 15
67 73 42
67 79 44
67 80 -54
67 83 -92
67 85 -22
67 88 62
67 91 37
67 93 17
67 94 -4
67 96 30
67 98 -70
67 99 -88
68 0 -56
68 1 28
68 2 25
68 3 -47
68 4 -67
68 7 -16
68 11 -37
68 12 96
68 13 8
68 18 -56
68 21 -27
68 22 96
68 26 46
68 27 56
68 30 59
68 36 -33
68 38 -33
68 40 -62
68 43 -75
68 47 -46
68 49 -95
68 53 -63
68 54 28
68 55 24
68 56 -91
68 62 75
68 65 69
68 66 18
68 70 100
68 71 -35
68 73 38
68 81 -40
68 83 76
68 85 5
68 89 -67
68 94 -71
68 99 -21
69 0 -70
69 1 -23
69 3 87
69 6 -24
69 7 57
69 10 -28
69 11 48
69 12 38
69 14 -59
69 16 4
69 17 -52
69 18 27
69 21 -96
69 28 69
69 31 23
69 35 88
69 37 42
69 39 54
69 43 -45
69 46 71
69 50 -37
69 53 -71
69 54 35
69 57 -68
69 58 79
69 60 -17
69 62 22
69 63 51
69 66 19
69 67 72
69 68 -73
69 70 -50
69 74 51
69 75 87
69 78 29
69 79 71
69 82 40
69 86 40
69 87 86
69 91 83
69 92 -43
69 93 -19
69 99 -55
70 2 -42
70 5 -40
70 9 90
70 10 45
70 12 51
70 15 54
70 16 42
70 18 -37
70 22 2
70 23 33
70 24 -32
70 28 2
70 31 -72
70 35 35
70 36 81
70 38 -90
70 39 -79
70 41 -61
70 44 -26
70 45 35
70 47 -82
70 48 81
70 50 -80
70 55 -60
70 56 76
70 58 75
70 64 -5
70 65 47
70 67 69
70 68 -1
70 69 49
70 71 19
70 74 46
70 77 6
70 78 10
70 81 -98
70 84 -77
70 85 -41
70 87 -85
70 89 -52
70 90 -31
70 91 -88
70 94 95
70 98 16
71 0 62
71 2 61
71 4 -8
71 9 100
71 11 -90
71 14 -25
71 16 83
71 18 44
71 19 -75
71 20 38
71 22 -97
71 23 -60
71 24 -56
71 33 87
71 39 -77
71 40 49
71 44 -13
71 45 -25
71 46 76
71 48 61
71 51 37
71 52 -85
71 53 -97
71 56 61
71 58 8
71 59 -55
71 62 -7
71 65 -98
71 66 -55
71 67 34
71 68 -62
71 71 9
71 72 65
71 73 43
71 74 31
71 75 -69
71 76 -64
71 79 11
71 82 -88
71 85 33
71 89 -61
71 95 21
71 99 31
72 2 -22
72 3 34
72 4 -35
72 6 -65
72 13 -85
72 17 -28
72 19 69
72 22 63
72 26 -97
72 28 31
72 31 -21
72 33 25
72 36 59
72 44 -78
72 45 -64
72 47 66
72 49 -58
72 53 -43
72 56 -94
72 57 -46
72 60 78
72 61 -86
72 66 -22
72 67 67
72 68 47
72 69 -21
72 72 -61
72 74 15
72 76 -11
72 77 92
72 79 92
72 80 100
72 84 16
72 86 -93
72 87 84
72 90 71
72 91 18
72 92 -94
72 94 -76
72 95 100
72 96 34
72 97 -90
72 98 -74
73 1 -48
73 2 -12
73 4 -86
73 5 -65
73 9 -32
73 10 56
73 15 54
73 17 -39
73 21 -60
73 22 -70
73 23 -60
73 26 93
73 27 -13
73 29 77
73 30 -60
73 31 45
73 34 91
73 36 84
73 37 -49
73 38 -85
73 39 30
73 41 70
73 43 -23
73 44 90
73 45 -5
73 47 70
73 48 -59
73 54 -12
73 56 -16
73 60 60
73 61 -95
73 64 -97
73 65 -43
73 71 78
73 74 -47
73 75 73
73 78 -7
73 79 -17
73 80 13
73 82 12
73 83 56
73 84 -40
73 85 79
73 87 -39
73 93 -37
73 95 -3
73 97 7
73 98 60
73 99 83
74 7 -5
74 9 -89
74 14 97
74 17 88
74 20 11
74 22 33
74 24 -79
74 27 -58
74 29 37
74 30 75
74 32 -51
74 33 -48
74 36 53
74 41 -57
74 44 80
74 46 -96
74 48 -68
74 52 20
74 54 -54
74 56 -75
74 61 35
74 63 -4
74 64 58
74 65 99
74 70 85
74 73 -14
74 76 -14
74 80 -68
74 81 -52
74 83 -89
74 85 43
74 86 -81
74 91 -4
74 93 10
74 94 -48
74 96 -26
74 98 -31
75 1 36
75 2 -27
75 3 -64
75 4 -59
75 6 -36
75 13 -40
75 15 54
75 20 -16
75 23 -31
75 24 38
75 27 -37
75 29 36
75 30 100
75 40 79
75 41 91
75 42 51
75 43 63
75 51 54
75 52 -26
75 53 30
75 57 4
75 58 59
75 60 67
75 62 22
75 63 -27
75 65 46
75 66 -23
75 67 -74
75 68 21
75 70 22
75 71 81
75 72 -86
75 80 -18
75 82 88
75 86 -50
75 87 6
75 88 90
75 90 -19
75 91 -29
75 93 69
75 95 40
75 96 -55
75 98 100
76 1 -83
76 2 39
76 8 69
76 9 59
76 10 -19
76 11 89
76 14 -20
76 16 12
76 19 -38
76 21 82
76 22 60
76 23 7
76 25 19
76 26 17
76 27 -93
76 29 -16
76 30 -55
76 32 22
76 36 52
76 38 72
76 41 -73
76 46 68
76 49 31
76 51 -35
76 52 -17
76 53 -16
76 56 -88
76 59 92
76 60 -59
76 62 31
76 63 46
76 64 3
76 66 -88
76 67 -17
76 68 93
76 69 82
76 72 50
76 73 84
76 74 -78
76 75 19
76 78 -2
76 82 88
76 83 -1
76 90 -89
76 95 -71
77 1 -1
77 3 -61
77 4 -21
77 5 86
77 10 -85
77 13 -66
77 19 1
77 21 8
77 29 -86
77 30 -30
77 31 100
77 33 64
77 34 -33
77 35 -2
77 36 -71
77 37 34
77 38 -76
77 39 -92
77 40 -10
77 41 76
77 45 86
77 46 -43
77 48 -71
77 49 -15
77 51 -30
77 52 21
77 53 85
77 54 -92
77 57 37
77 58 -92
77 59 -98
77 61 -76
77 62 29
77 63 79
77 67 -75
77 68 -93
77 69 54
77 70 80
77 73 10
77 74 -91
77 76 -44
77 77 -77
77 78 21
77 79 -63
77 85 -95
77 90 10
77 91 1
77 92 13
77 93 -77
77 95 -61
77 99 -80
78 2 -6
78 4 30
78 5 -34
78 6 48
78 7 -100
78 10 -36
78 13 84
78 15 -42
78 16 6
78 17 -34
78 18 33
78 19 26
78 22 -17
78 26 -7
78 30 75
78 32 -41
78 33 76
78 34 83
78 35 -18
78 36 52
78 38 31
78 39 -30
78 40 100
78 46 -62
78 48 59
78 49 -31
78 53 -68
78 55 21
78 58 82
78 59 -99
78 61 54
78 63 4
78 64 -23
78 66 -61
78 67 29
78 68 70
78 69 -42
78 70 54
78 71 18
78 72 -98
78 75 -85
78 78 83
78 79 33
78 80 16
78 81 -72
78 84 28
78 90 81
78 91 29
78 92 83
78 94 -78
78 95 73
78 98 -81
79 0 84
79 4 75
79 5 82
79 6 -24
79 7 25
79 9 -31
79 17 -13
79 18 -38
79 19 9
79 22 -67
79 29 22
79 36 -40
79 37 -76
79 38 44
79 39 34
79 40 96
79 42 -11
79 47 66
79 48 90
79 52 70
79 60 55
79 63 -78
79 65 -79
79 67 96
79 69 80
79 70 -72
79 72 12
79 75 -58
79 76 37
79 77 16
79 79 30
79 86 60
79 96 -79
80 0 12
80 2 -73
80 3 37
80 5 80
80 8 -56
80 10 -95
80 13 28
80 15 -89
80 16 -5
80 17 78
80 26 -80
80 28 65
80 29 54
80 32 24
80 38 -79
80 39 2
80 41 4
80 43 -66
80 44 -80
80 46 -8
80 48 47
80 50 20
80 52 14
80 54 34
80 57 -10
80 59 -48
80 62 -35
80 65 7
80 66 -9
80 67 96
80 68 -97
80 69 44
80 72 -71
80 73 -79
80 77 77
80 78 -70
80 79 -29
80 82 -95
80 86 29
80 88 45
80 90 31
80 91 53
80 93 60
80 94 -64
80 95 91
80 96 36
81 0 27
81 1 12
81 2 82
81 3 17
81 5 -34
81 6 72
81 8 27
81 9 34
81 11 -82
81 16 -23
81 17 -81
81 18 43
81 20 33
81 21 -49
81 22 -10
81 24 -89
81 25 -62
81 26 83
81 27 -12
81 28 54
81 29 86
81 33 68
81 35 86
81 36 47
81 37 -96
81 39 3
81 41 62
81 45 -4
81 46 -19
81 47 -42
81 51 -89
81 52 90
81 53 35
81 54 -52
81 55 -42
81 58 -31
81 61 73
81 63 79
81 68 28
81 69 -33
81 71 27
81 72 -97
81 75 -56
81 77 -1
81 78 -97
81 83 -33
81 85 70
81 86 -82
81 88 31
81 90 -94
81 94 95
81 96 -77
81 98 -15
81 99 -50
82 0 95
82 6 72
82 7 -50
82 9 49
82 11 -66
82 12 21
82 13 4
82 14 -70
82 17 -95
82 25 78
82 26 -35
82 27 20
82 28 46
82 30 -15
82 31 69
82 33 -86
82 35 -82
82 39 -84
82 40 44
82 41 28
82 42 32
82 43 -31
82 47 -57
82 53 -72
82 57 40
82 58 1
82 60 -39
82 62 2
82 63 -3
82 66 76
82 68 80
82 72 -88
82 74 78
82 76 -91
82 78 17
82 82 -41
82 83 7
82 88 -48
82 89 35
82 90 53
82 91 94
82 92 -83
82 93 -54
82 94 70
82 99 48
83 0 37
83 1 50
83 2 -90
83 3 13
83 4 -17
83 5 -90
83 6 -72
83 8 64
83 11 -85
83 13 -96
83 18 -87
83 23 -76
83 25 -68
83 31 39
83 32 -84
83 33 41
83 35 -11
83 40 79
83 42 -34
83 43 -51
83 46 -89
83 47 15
83 55 39
83 57 -87
83 58 -18
83 60 -4
83 62 92
83 63 -23
83 66 62
83 69 5
83 70 -39
83 71 59
83 72 72
83 73 -87
83 74 5
83 78 -49
83 80 16
83 81 -69
83 82 21
83 83 -58
83 89 -44
83 94 -40
83 97 33
83 99 47
84 10 -75
84 12 -41
84 14 -66
84 15 72
84 16 1
84 17 -49
84 18 81
84 19 -95
84 21 -96
84 24 3
84 26 -23
84 27 81
84 29 44
84 31 -27
84 32 -94
84 33 -97
84 36 55
84 39 78
84 40 94
84 41 -22
84 43 -58
84 44 -31
84 49 26
84 51 34
84 52 69
84 54 -25
84 55 -4
84 57 -17
84 58 -30
84 61 41
84 62 -55
84 66 82
84 70 -15
84 75 -38
84 77 96
84 78 -75
84 83 93
84 84 27
84 86 -49
84 87 98
84 88 -65
84 90 -44
84 91 78
84 92 63
84 93 5
84 99 -37
85 1 -64
85 2 -51
85 3 -65
85 4 -63
85 5 46
85 6 -13
85 7 4
85 9 -65
85 10 40
85 12 -84
85 13 62
85 14 24
85 17 19
85 18 47
85 19 -28
85 20 -65
85 23 22
85 24 -80
85 25 100
85 26 -52
85 27 35
85 28 -45
85 29 -93
85 30 -19
85 31 72
85 34 12
85 36 62
85 39 37
85 40 13
85 42 43
85 43 81
85 46 -23
85 51 40
85 54 -19
85 58 78
85 59 -59
85 61 98
85 62 57
85 65 71
85 67 48
85 68 10
85 70 -48
85 71 36
85 72 -68
85 76 34
85 80 5
85 81 38
85 83 79
85 87 -60
85 91 41
85 92 82
85 95 35
85 99 -44
86 0 10
86 1 -2
86 3 -65
86 7 94
86 8 51
86 9 48
86 11 85
86 13 74
86 16 -79
86 17 -92
86 20 58
86 25 -100
86 29 -48
86 33 5
86 38 -32
86 39 55
86 41 94
86 42 -40
86 43 -65
86 47 -61
86 48 69
86 51 98
86 52 -75
86 53 -10
86 62 46
86 65 -98
86 66 -78
86 69 28
86 74 27
86 75 -95
86 79 45
86 80 25
86 82 -78
86 84 -6
86 86 -30
86 89 -49
86 90 -85
86 94 -94
86 99 30
87 0 -19
87 1 39
87 2 78
87 3 38
87 4 100
87 5 -26
87 6 -96
87 7 41
87 8 41
87 9 -14
87 12 72
87 14 -20
87 20 51
87 21 -32
87 25 59
87 29 89
87 33 2
87 36 77
87 41 -10
87 44 65
87 46 -97
87 52 -89
87 54 -2
87 58 51
87 59 -59
87 60 -36
87 64 2
87 65 -77
87 66 -78
87 73 1
87 76 -29
87 81 -33
87 84 -48
87 86 56
87 88 -46
87 89 -31
87 90 1
87 91 -24
87 92 64
87 94 -61
87 95 -29
87 96 53
87 98 56
88 1 73
88 2 -31
88 5 -48
88 7 -63
88 10 -87
88 12 52
88 13 59
88 14 -94
88 18 -98
88 20 -56
88 21 9
88 23 13
88 24 -99
88 26 -39
88 27 92
88 28 -71
88 31 8
88 32 52
88 33 83
88 37 36
88 39 62
88 40 -29
88 42 92
88 45 72
88 47 40
88 48 19
88 49 73
88 50 -20
88 51 -5
88 52 -59
88 53 -20
88 54 9
88 55 12
88 56 39
88 57 -36
88 58 -21
88 60 42
88 64 52
88 66 100
88 74 -64
88 75 -96
88 82 77
88 83 -28
88 85 93
88 86 -53
88 88 13
88 89 6
88 93 75
88 94 -30
88 95 -2
88 96 32
88 97 47
89 0 53
89 2 -97
89 10 -93
89 11 54
89 12 -57
89 13 74
89 15 96
89 17 -30
89 18 -49
89 19 -70
89 21 -98
89 22 -4
89 25 -17
89 28 12
89 29 10
89 30 -21
89 31 -83
89 32 -61
89 34 -83
89 37 -31
89 39 2
89 40 77
89 44 32
89 46 16
89 48 -74
89 49 45
89 52 76
89 53 -9
89 54 29
89 56 -35
89 58 61
89 62 2
89 64 -16
89 66 19
89 67 70
89 70 94
89 74 42
89 76 -43
89 78 -76
89 79 54
89 85 37
89 88 -76
89 89 -30
89 94 17
89 96 18
89 97 -56
89 98 -40
90 0 -66
90 2 -3
90 6 -69
90 12 -47
90 14 25
90 23 -26
90 25 58
90 26 -54
90 31 95
90 33 79
90 39 71
90 43 63
90 44 41
90 45 -11
90 46 68
90 50 -11
90 51 -64
90 52 -79
90 53 66
90 57 -18
90 58 -60
90 59 -6
90 61 -8
90 64 -17
90 68 86
90 69 -47
90 71 -88
90 73 -46
90 74 69
90 76 -49
90 79 -6
90 83 9
90 84 -100
90 88 -28
90 90 -4
90 91 -59
90 95 28
90 99 81
91 4 51
91 5 66
91 7 53
91 13 38
91 16 68
91 17 -10
91 20 21
91 23 -82
91 25 5
91 28 70
91 30 72
91 31 -91
91 33 99
91 36 61
91 39 -55
91 40 -99
91 42 -20
91 43 -10
91 44 -1
91 46 -20
91 50 -40
91 54 -86
91 58 -43
91 61 96
91 63 -94
91 72 -15
91 73 44
91 76 94
91 80 62
91 82 -18
91 83 20
91 89 89
91 90 -45
91 91 -86
91 92 -53
91 93 -54
91 94 48
91 97 41
91 99 83
92 4 99
92 6 -4
92 9 -7
92 16 -76
92 17 97
92 20 -45
92 32 -9
92 34 69
92 36 -70
92 39 -93
92 40 -76
92 42 -66
92 46 -63
92 48 61
92 51 3
92 53 -54
92 55 34
92 58 -7
92 59 -44
92 63 -86
92 64 -12
92 65 -67
92 66 -25
92 70 -82
92 72 14
92 76 -28
92 77 -37
92 79 -34
92 81 -91
92 82 -37
92 84 56
92 85 -46
92 90 -44
92 91 -5
92 92 31
92 93 56
92 94 95
92 96 -6
93 0 85
93 2 -1
93 3 20
93 4 -49
93 5 -89
93 8 100
93 10 -64
93 11 -71
93 12 71
93 13 60
93 15 -21
93 17 56
93 19 -65
93 20 -33
93 24 -43
93 27 -88
93 28 80
93 29 -47
93 32 -26
93 35 -100
93 36 -46
93 38 41
93 40 -10
93 41 -88
93 42 -48
93 44 55
93 47 8
93 48 -94
93 49 83
93 53 58
93 56 -61
93 58 73
93 59 -31
93 60 63
93 61 85
93 62 -74
93 68 92
93 69 41
93 73 -49
93 74 -89
93 78 -8
93 79 84
93 80 15
93 89 -29
93 90 -25
93 94 87
93 98 -97
94 0 -15
94 2 -17
94 4 65
94 10 45
94 11 -92
94 15 -66
94 16 -1
94 18 17
94 19 -10
94 20 98
94 24 -86
94 28 -13
94 37 38
94 38 55
94 39 89
94 43 23
94 44 -4
94 45 69
94 46 -30
94 49 86
94 51 10
94 54 68
94 57 45
94 58 36
94 59 -14
94 60 71
94 61 -83
94 62 20
94 63 4
94 64 28
94 65 -86
94 66 100
94 68 37
94 75 -36
94 77 -98
94 79 -100
94 80 -55
94 81 18
94 82 -26
94 85 -8
94 86 -84
94 88 21
94 90 63
94 91 -94
94 93 -90
94 94 21
94 97 -93
95 0 88
95 2 17
95 3 -16
95 4 31
95 12 30
95 17 9
95 19 -9
95 23 -52
95 24 -36
95 25 -100
95 29 86
95 36 -44
95 38 -51
95 39 -1
95 43 10
95 44 36
95 45 33
95 55 97
95 56 90
95 57 -13
95 58 -34
95 61 77
95 66 -93
95 67 -65
95 68 11
95 69 -40
95 70 -37
95 71 -17
95 72 48
95 74 -40
95 79 -31
95 81 53
95 82 39
95 83 91
95 86 9
95 87 -74
95 89 -46
95 90 -88
95 93 -87
95 95 -34
95 96 -35
95 98 58
95 99 28
96 3 -54
96 6 -41
96 7 84
96 11 30
96 12 57
96 13 45
96 15 -15
96 19 -33
96 21 -29
96 25 54
96 26 98
96 31 58
96 32 -53
96 33 92
96 34 -22
96 35 18
96 38 -15
96 40 -92
96 42 10
96 47 -29
96 50 59
96 53 79
96 54 93
96 55 -67
96 56 -41
96 57 77
96 58 70
96 62 47
96 63 68
96 69 -62
96 72 -75
96 74 -64
96 78 -46
96 82 39
96 83 79
96 85 18
96 88 18
96 89 -61
96 91 -97
96 92 -83
96 94 88
96 97 64
97 1 92
97 3 84
97 6 -66
97 12 37
97 13 88
97 17 39
97 19 -52
97 20 27
97 22 98
97 23 35
97 24 -31
97 26 -74
97 27 -51
97 28 19
97 29 98
97 35 -97
97 39 -42
97 40 -13
97 43 39
97 49 70
97 51 -96
97 53 -28
97 54 83
97 55 -21
97 64 -55
97 68 74
97 69 -24
97 74 -15
97 76 1
97 78 25
97 79 53
97 82 64
97 85 82
97 87 79
97 89 -45
97 90 25
97 91 14
97 92 78
97 96 72
97 98 -94
98 2 -3
98 4 45
98 7 49
98 9 38
98 10 85
98 11 -38
98 12 -88
98 14 -40
98 26 -62
98 27 -38
98 30 -9
98 32 -58
98 33 56
98 34 77
98 35 24
98 37 -80
98 39 -66
98 43 -34
98 49 3
98 50 -98
98 51 72
98 53 -12
98 54 -33
98 55 -41
98 58 -59
98 60 -62
98 64 -77
98 65 -42
98 66 -59
98 67 73
98 70 -63
98 73 -43
98 75 -6
98 76 77
98 78 91
98 83 64
98 87 15
98 93 -71
98 95 7
98 97 36
99 0 -9
99 4 75
99 5 47
99 6 80
99 10 53
99 12 40
99 13 -48
99 17 -100
99 18 -6
99 19 -92
99 20 70
99 22 -37
99 25 55
99 26 58
99 30 -36
99 31 -10
99 33 50
99 37 14
99 38 10
99 40 -47
99 44 81
99 47 93
99 50 91
99 51 -94
99 52 -51
99 54 85
99 55 -50
99 56 -21
99 57 31
99 58 65
99 63 81
99 64 2
99 66 19
99 69 -36
99 70 95
99 71 62
99 72 -91
99 73 72
99 76 -45
99 77 -46
99 79 87
99 80 91
99 81 75
99 82 61
99 84 1
99 88 -85
99 89 -31
99 90 32
99 91 -54
99 92 -86
99 93 -53
99 97 -80
99 98 36
99 99 -94