0 0 -98
0 1 63
0 2 38
0 3 -98
0 4 -43
0 6 -32
0 7 -88
0 8 -32
0 9 90
1 0 50
1 2 -31
1 3 -72
1 4 -9
1 5 -42
1 6 98
1 8 30
2 0 -97
2 1 51
2 2 -55
2 3 40
2 4 -74
2 5 4
2 6 -28
2 7 6
3 0 -56
3 1 -38
3 2 -18
3 3 14
3 4 10
3 6 -87
3 7 -39
3 9 -74
4 0 5
4 1 6
4 2 -62
4 3 46
4 5 45
4 7 37
4 8 74
4 9 68
5 0 -15
5 1 58
5 2 29
5 3 58
5 4 12
5 5 13
5 7 -28
5 8 89
5 9 -54
6 0 -18
6 1 85
6 3 100
6 4 -7
6 5 -76
6 6 37
6 7 61
6 8 -38
6 9 84
7 1 97
7 2 11
7 3 -87
7 4 24
7 5 -35
7 6 -12
7 7 52
7 8 -4
7 9 -73
8 0 -91
8 2 -26
8 3 -48
8 4 53
8 5 -90
8 6 3
8 7 63
8 8 96
8 9 -85
9 0 -8
9 1 -2
9 3 65
9 4 -45
9 5 -17
9 7 3
9 8 20
9 9 21