0 12 21
0 20 48
1 19 -8
1 45 84
2 34 23
2 35 -5
2 43 74
2 45 -47
3 3 73
3 31 -37
3 44 -27
3 45 26
4 2 34
4 5 -12
5 5 87
6 13 -52
7 6 5
7 15 94
7 17 -86
7 19 42
7 25 45
7 26 51
7 39 -51
8 6 77
8 21 -72
8 22 -99
8 39 69
8 44 -92
9 1 -92
9 31 -47
9 39 75
10 1 99
10 9 -92
10 17 89
10 31 -91
10 35 16
10 38 -51
10 44 44
10 45 -84
10 46 6
10 47 85
11 4 -56
11 7 3
11 24 83
11 48 3
12 22 47
12 26 94
12 45 -58
13 11 -33
13 36 95
13 42 22
13 47 -18
13 49 76
14 2 -67
14 20 77
14 22 -49
14 32 -53
14 45 11
15 10 -83
15 15 87
15 28 10
15 35 -81
15 37 -12
16 29 -86
16 32 -81
16 33 47
16 35 -63
16 43 -35
16 47 -95
17 20 93
18 6 26
18 19 15
19 13 -81
19 24 -79
19 28 -37
19 31 -60
19 43 57
20 8 74
20 38 -18
20 48 -93
21 1 48
21 29 15
21 32 -41
21 37 -81
21 38 -42
21 44 -64
22 5 -7
22 33 46
22 34 51
23 10 -40
23 16 -1
23 34 80
23 49 59
24 13 65
24 25 -5
24 27 77
24 40 67
25 4 -20
25 8 3
25 26 -27
26 6 -82
26 17 6
26 31 -48
26 40 -89
26 46 10
26 49 67
27 37 -65
28 15 39
28 46 29
28 47 35
29 5 13
29 6 98
29 20 7
30 11 -76
30 13 -4
30 19 88
30 22 -6
31 19 -38
31 43 13
31 47 -40
32 4 -22
32 6 8
32 9 91
32 10 43
32 15 71
32 17 -1
32 29 -84
32 35 65
34 20 -10
34 29 -6
34 36 56
34 49 -87
36 20 -17
36 28 -82
36 45 -17
37 2 -86
37 22 95
37 40 -73
37 46 -33
38 3 -49
38 27 37
38 44 -95
38 48 -72
39 7 -5
39 15 -68
39 31 67
39 36 -57
40 9 -99
40 19 83
41 12 -95
41 17 46
41 30 -66
41 41 -56
42 4 55
43 7 -72
43 16 6
43 28 99
43 29 20
44 3 -27
44 12 -9
44 43 100
44 46 -50
45 18 13
46 2 30
46 18 70
46 33 -92
46 46 -62
47 2 -6
47 40 3
48 0 -16
48 24 -48
48 34 51
48 39 45
49 4 3
49 15 -18