0 0 51
0 1 16
0 3 73
0 4 -10
0 5 -85
0 8 93
0 9 5
0 10 45
0 11 -25
0 14 43
0 16 47
0 17 90
0 18 80
0 20 89
0 21 -70
0 22 41
0 29 55
0 30 31
0 31 -51
0 34 -98
0 35 17
0 36 9
0 37 -71
0 38 -23
0 39 95
0 42 -30
0 43 73
0 44 96
0 46 9
0 49 -18
0 51 19
0 52 46
0 53 -46
0 54 91
0 56 -65
0 59 97
0 60 23
0 62 -86
0 64 41
0 66 -55
0 69 -33
0 70 -99
0 74 -79
0 75 -12
0 76 -44
0 77 88
0 78 50
0 80 46
0 81 68
0 82 -56
0 83 -58
0 84 91
0 86 91
0 87 30
0 89 -59
0 90 87
0 94 14
0 95 -57
0 96 29
0 97 -55
0 98 -12
0 99 25
1 1 -33
1 4 -99
1 5 -46
1 7 99
1 8 33
1 10 80
1 13 -85
1 15 -82
1 16 74
1 17 -79
1 18 -26
1 19 -25
1 23 48
1 24 17
1 25 63
1 26 -38
1 27 -78
1 28 -5
1 30 97
1 32 -85
1 33 68
1 34 53
1 35 38
1 36 55
1 37 -63
1 39 98
1 40 -90
1 42 -93
1 43 10
1 44 28
1 45 19
1 46 29
1 47 90
1 49 -95
1 52 -32
1 54 100
1 55 -24
1 56 90
1 57 -63
1 60 73
1 63 -59
1 65 43
1 66 -26
1 67 -91
1 68 -35
1 71 -93
1 72 47
1 75 -17
1 76 100
1 77 -44
1 84 1
1 86 -43
1 87 3
1 88 32
1 89 80
1 90 24
1 91 -12
1 92 63
1 93 91
1 97 9
1 98 -80
1 99 1
2 2 11
2 4 -47
2 5 -10
2 6 15
2 11 -35
2 13 10
2 14 -30
2 16 -61
2 18 88
2 19 51
2 21 11
2 22 -44
2 24 60
2 28 89
2 31 64
2 32 -67
2 34 -50
2 40 18
2 41 64
2 43 50
2 44 38
2 45 -74
2 46 -36
2 47 71
2 48 -15
2 49 -18
2 51 75
2 53 97
2 56 92
2 57 -41
2 58 51
2 60 10
2 61 -28
2 65 13
2 68 72
2 71 -81
2 72 -8
2 74 -8
2 76 -88
2 77 30
2 78 57
2 80 -19
2 82 -47
2 85 81
2 86 -66
2 90 96
2 91 72
2 92 -60
2 94 60
2 95 11
2 97 -56
2 99 -80
3 0 69
3 4 61
3 5 -44
3 6 -52
3 9 74
3 10 -5
3 11 69
3 12 -85
3 14 -80
3 16 -41
3 18 -70
3 19 55
3 21 -86
3 23 82
3 25 66
3 30 -87
3 31 -87
3 32 56
3 35 70
3 36 62
3 39 87
3 41 -63
3 43 74
3 44 -58
3 45 44
3 47 -32
3 48 54
3 51 9
3 53 59
3 57 18
3 59 -32
3 60 47
3 61 -98
3 63 -21
3 64 -67
3 66 32
3 68 63
3 70 49
3 71 55
3 72 50
3 73 -69
3 74 20
3 75 79
3 76 38
3 78 31
3 79 -31
3 80 24
3 81 -50
3 82 8
3 83 -79
3 85 5
3 86 45
3 89 -37
3 91 -13
3 92 40
3 93 35
3 94 -12
3 96 94
4 0 -13
4 1 80
4 2 -100
4 5 -89
4 6 59
4 7 84
4 8 76
4 11 -58
4 12 -65
4 13 16
4 14 -47
4 15 42
4 16 -2
4 17 -63
4 19 -29
4 20 -37
4 22 -40
4 27 -2
4 28 -80
4 30 -88
4 32 34
4 35 -70
4 36 -3
4 38 -31
4 39 -77
4 41 -68
4 42 -72
4 43 -31
4 44 33
4 45 -95
4 46 7
4 48 -17
4 52 -11
4 53 -39
4 54 35
4 55 -3
4 56 90
4 57 -33
4 58 -13
4 59 -97
4 60 -94
4 62 -92
4 63 2
4 65 -96
4 67 -12
4 71 1
4 72 94
4 74 75
4 76 -60
4 77 2
4 79 51
4 80 -14
4 82 93
4 84 -61
4 86 14
4 88 42
4 89 28
4 91 -8
4 93 80
4 95 8
5 0 35
5 1 -82
5 3 -54
5 8 57
5 9 51
5 10 -71
5 11 -22
5 12 36
5 13 72
5 14 -83
5 15 12
5 16 -37
5 17 91
5 18 -59
5 20 -33
5 21 64
5 22 -7
5 24 86
5 25 93
5 29 7
5 30 -12
5 31 -87
5 32 79
5 33 93
5 34 -53
5 36 -5
5 38 -68
5 40 34
5 42 -71
5 45 -73
5 47 88
5 48 62
5 49 -24
5 50 -98
5 53 4
5 54 22
5 55 -66
5 56 -53
5 59 -69
5 60 20
5 61 -62
5 65 -91
5 66 39
5 67 -1
5 68 -86
5 71 -6
5 76 97
5 77 -15
5 79 -78
5 80 -61
5 81 -59
5 84 92
5 86 78
5 87 27
5 90 -80
5 93 -97
5 95 58
5 97 54
5 98 97
5 99 21
6 0 39
6 1 -86
6 2 -12
6 3 -19
6 6 50
6 8 -8
6 11 86
6 13 83
6 14 -89
6 15 43
6 16 -39
6 17 24
6 18 46
6 23 11
6 25 60
6 30 19
6 33 -41
6 34 64
6 35 73
6 37 -52
6 38 -5
6 39 98
6 42 -57
6 46 52
6 47 74
6 48 56
6 49 13
6 50 -29
6 51 30
6 52 -11
6 54 -95
6 56 16
6 58 99
6 59 36
6 60 -27
6 61 -77
6 62 91
6 65 9
6 66 -13
6 67 27
6 68 61
6 69 -90
6 71 83
6 72 95
6 73 -87
6 74 75
6 75 -41
6 76 92
6 77 -19
6 80 -45
6 83 -3
6 84 -50
6 86 -98
6 92 12
6 93 -56
6 94 72
6 95 28
6 99 -40
7 1 36
7 2 42
7 3 41
7 4 61
7 5 49
7 6 -76
7 7 -10
7 9 82
7 10 50
7 11 -48
7 12 -31
7 14 -42
7 15 24
7 17 94
7 18 -74
7 25 32
7 26 -3
7 27 58
7 28 91
7 29 -36
7 30 59
7 31 68
7 32 95
7 35 -24
7 37 78
7 38 43
7 39 -11
7 43 -48
7 44 28
7 45 44
7 46 23
7 48 -48
7 49 -45
7 50 -56
7 51 -96
7 52 31
7 54 95
7 57 35
7 58 69
7 59 -73
7 61 70
7 63 60
7 64 -15
7 65 -77
7 67 -93
7 68 -68
7 69 -97
7 71 -11
7 73 86
7 74 5
7 75 -12
7 76 -81
7 77 61
7 79 -4
7 83 -76
7 84 42
7 85 -72
7 86 31
7 89 -51
7 91 98
7 92 42
7 93 -7
7 94 -35
7 95 7
7 96 -68
7 97 26
7 99 37
8 0 74
8 1 100
8 3 52
8 4 -100
8 6 55
8 9 -17
8 10 -5
8 12 15
8 13 95
8 15 -27
8 16 97
8 17 83
8 19 83
8 20 -64
8 21 56
8 23 -84
8 24 -88
8 28 74
8 29 -3
8 35 27
8 36 -7
8 37 29
8 38 -23
8 40 -47
8 41 26
8 42 77
8 43 -98
8 44 -20
8 45 9
8 47 -39
8 48 94
8 50 -53
8 52 -1
8 53 -42
8 54 65
8 58 21
8 60 49
8 63 30
8 65 71
8 68 -39
8 70 54
8 77 -75
8 81 9
8 82 82
8 83 6
8 84 28
8 85 46
8 89 -77
8 90 -34
8 91 -65
8 92 74
8 94 74
8 95 27
8 96 -22
9 0 47
9 2 54
9 4 68
9 5 52
9 6 45
9 7 -29
9 8 15
9 9 -46
9 10 -47
9 11 -47
9 12 33
9 14 18
9 15 -47
9 16 -12
9 18 -33
9 19 -9
9 20 3
9 21 -69
9 22 -57
9 23 49
9 25 -47
9 26 -14
9 27 81
9 28 -70
9 29 -35
9 30 -66
9 32 93
9 33 -88
9 35 29
9 37 55
9 39 52
9 40 91
9 45 36
9 46 -93
9 47 -12
9 48 -9
9 49 15
9 50 34
9 51 -39
9 54 39
9 55 48
9 56 -44
9 58 -28
9 59 42
9 60 4
9 62 -89
9 64 -11
9 65 -94
9 66 -17
9 69 49
9 70 24
9 72 -60
9 75 46
9 76 79
9 77 91
9 78 -17
9 79 -21
9 82 -46
9 84 -98
9 85 28
9 86 -64
9 88 27
9 89 1
9 90 35
9 92 -45
9 93 31
9 94 -94
9 95 -26
9 96 56
9 97 65
9 98 68
9 99 66
10 0 -63
10 1 14
10 2 -81
10 5 -91
10 7 -51
10 8 77
10 9 -29
10 10 -23
10 11 27
10 13 79
10 14 -15
10 15 29
10 17 -46
10 19 38
10 21 42
10 23 84
10 24 33
10 25 -66
10 27 -16
10 29 -21
10 31 22
10 33 -84
10 34 -68
10 35 -24
10 36 24
10 37 63
10 41 89
10 42 -4
10 43 74
10 44 12
10 45 -11
10 48 -83
10 49 -99
10 50 -48
10 51 99
10 52 -28
10 53 -17
10 55 62
10 56 -32
10 57 -24
10 58 48
10 61 10
10 62 -72
10 63 -86
10 64 66
10 65 50
10 67 92
10 68 92
10 69 -45
10 70 -7
10 71 -61
10 72 -95
10 73 -69
10 75 -77
10 76 85
10 79 -84
10 80 -54
10 83 -21
10 84 56
10 85 -71
10 87 73
10 89 -88
10 90 71
10 91 63
10 93 -69
10 94 99
10 96 -30
10 99 24
11 0 96
11 2 12
11 3 -77
11 4 -8
11 5 36
11 6 26
11 7 -92
11 8 86
11 10 -74
11 11 23
11 12 -26
11 14 81
11 15 44
11 16 32
11 18 18
11 19 21
11 20 -99
11 23 80
11 25 -2
11 27 80
11 28 87
11 29 78
11 30 -28
11 31 -41
11 32 73
11 33 70
11 35 -27
11 38 57
11 40 -41
11 42 -64
11 43 51
11 44 -74
11 47 -46
11 48 -18
11 50 62
11 51 -2
11 54 71
11 55 -93
11 56 15
11 57 -38
11 60 -72
11 61 26
11 63 -79
11 65 -35
11 66 -40
11 68 -36
11 70 46
11 71 31
11 73 37
11 74 -10
11 75 30
11 76 80
11 77 -31
11 78 77
11 79 -57
11 80 -51
11 83 63
11 84 6
11 86 84
11 87 -95
11 88 -81
11 91 13
11 92 85
11 93 72
11 94 -96
11 95 -76
11 98 -27
11 99 59
12 1 39
12 3 83
12 8 96
12 9 91
12 10 35
12 12 49
12 13 -3
12 14 -68
12 15 51
12 16 -30
12 17 53
12 18 -17
12 20 -71
12 22 -8
12 23 -49
12 24 -17
12 25 -58
12 26 -27
12 28 -18
12 29 39
12 32 -85
12 33 89
12 34 -7
12 36 -2
12 37 -90
12 39 42
12 40 7
12 41 -60
12 42 15
12 44 53
12 45 -33
12 46 17
12 48 43
12 49 26
12 51 -83
12 52 -34
12 53 32
12 54 -10
12 56 4
12 62 -23
12 63 -70
12 64 -55
12 65 -87
12 69 32
12 72 29
12 73 -72
12 74 -82
12 75 78
12 76 -83
12 77 -64
12 81 98
12 83 23
12 84 -37
12 85 24
12 87 -92
12 89 -100
12 90 20
12 91 49
12 92 -2
12 93 31
12 95 -62
12 96 80
12 97 -51
13 0 -8
13 1 -68
13 3 73
13 5 -13
13 6 -87
13 7 -35
13 8 -60
13 9 -31
13 10 76
13 11 20
13 12 -86
13 13 -93
13 15 38
13 16 -39
13 17 16
13 19 -21
13 20 -42
13 22 -10
13 23 -33
13 24 82
13 25 -85
13 27 -18
13 31 -29
13 32 -63
13 35 46
13 36 80
13 38 -95
13 39 42
13 41 62
13 42 56
13 43 62
13 46 -72
13 47 -60
13 51 -5
13 52 -98
13 53 -69
13 54 93
13 55 -82
13 56 5
13 57 -72
13 58 47
13 59 18
13 66 -57
13 68 -65
13 69 -54
13 70 81
13 73 52
13 75 -4
13 76 60
13 77 -87
13 78 -100
13 79 16
13 80 59
13 81 -22
13 84 88
13 85 -91
13 86 100
13 88 64
13 91 -13
13 92 98
13 93 -67
13 95 -28
13 97 11
13 98 -92
14 0 -49
14 1 94
14 3 -87
14 4 76
14 5 -51
14 8 57
14 10 -15
14 11 -19
14 13 21
14 15 27
14 16 45
14 18 62
14 20 -84
14 21 -26
14 22 -37
14 24 -68
14 25 -13
14 28 19
14 30 -26
14 31 -15
14 32 -80
14 33 -26
14 36 34
14 38 67
14 39 53
14 40 -52
14 43 73
14 45 55
14 50 28
14 51 42
14 58 11
14 59 -61
14 60 25
14 62 -48
14 66 81
14 67 65
14 68 -14
14 70 -82
14 73 -56
14 74 23
14 75 -49
14 76 60
14 77 -64
14 81 75
14 82 99
14 83 -7
14 85 16
14 87 -24
14 88 34
14 91 64
14 94 63
14 95 20
14 97 -32
14 98 98
15 0 -32
15 1 -25
15 4 -84
15 5 -36
15 6 -90
15 7 -36
15 9 50
15 10 -72
15 11 10
15 12 40
15 14 85
15 15 53
15 17 78
15 18 54
15 19 21
15 21 -80
15 22 -92
15 23 34
15 25 -52
15 26 32
15 27 -90
15 28 41
15 29 37
15 30 -45
15 32 -93
15 33 29
15 34 -67
15 36 -76
15 38 -56
15 40 -25
15 41 88
15 42 40
15 43 -91
15 45 97
15 46 52
15 47 53
15 48 64
15 51 47
15 52 -89
15 55 -48
15 57 87
15 59 8
15 61 29
15 62 5
15 63 -8
15 64 11
15 66 -5
15 68 -29
15 69 80
15 71 56
15 72 -26
15 73 99
15 75 -42
15 76 -94
15 77 9
15 80 -84
15 82 -13
15 83 1
15 84 -55
15 85 -55
15 86 94
15 87 14
15 89 12
15 90 2
15 92 -25
15 93 8
15 94 -39
15 95 2
15 97 -78
15 98 83
15 99 -74
16 1 -72
16 3 46
16 4 5
16 5 -13
16 6 -17
16 7 67
16 8 -78
16 10 -100
16 11 71
16 12 73
16 13 27
16 14 -51
16 15 -89
16 19 -16
16 21 -20
16 23 -67
16 24 -58
16 25 -17
16 26 70
16 27 -24
16 30 -95
16 31 -11
16 32 -85
16 33 77
16 34 65
16 35 -3
16 37 -93
16 38 32
16 39 87
16 41 -77
16 42 8
16 44 27
16 45 55
16 47 -88
16 48 4
16 50 5
16 54 -39
16 55 94
16 56 -45
16 57 -19
16 59 -44
16 60 86
16 61 25
16 62 -92
16 63 -45
16 64 92
16 69 -51
16 70 56
16 71 3
16 73 -49
16 75 21
16 76 -93
16 77 90
16 78 -53
16 79 86
16 80 -86
16 81 -29
16 82 91
16 86 61
16 87 -65
16 88 -16
16 89 -30
16 90 -18
16 91 -30
16 92 94
16 93 -48
16 95 75
17 1 39
17 4 77
17 5 -81
17 6 62
17 8 -69
17 9 7
17 10 86
17 11 77
17 13 92
17 16 -60
17 17 73
17 23 72
17 24 66
17 25 77
17 28 49
17 30 61
17 31 95
17 32 99
17 37 67
17 38 86
17 39 86
17 40 -70
17 41 91
17 42 -100
17 43 -58
17 44 -31
17 45 4
17 46 17
17 47 49
17 48 -30
17 50 -97
17 53 -75
17 56 12
17 58 -24
17 59 10
17 61 -79
17 63 -89
17 64 -81
17 67 11
17 68 -44
17 69 29
17 70 -43
17 71 -26
17 72 -72
17 73 87
17 76 -50
17 77 -84
17 78 44
17 80 8
17 81 -39
17 82 62
17 83 11
17 84 76
17 85 31
17 87 -34
17 88 -9
17 89 -94
17 90 -22
17 91 -16
17 92 30
17 93 6
17 95 -6
17 96 -21
17 97 73
17 98 90
17 99 7
18 1 -10
18 2 25
18 3 -18
18 4 33
18 5 84
18 6 -2
18 7 -84
18 8 8
18 9 35
18 11 -18
18 12 76
18 15 4
18 17 21
18 18 47
18 23 -90
18 25 -45
18 26 84
18 28 -63
18 29 -89
18 31 99
18 32 59
18 33 71
18 34 20
18 35 40
18 36 -23
18 37 -59
18 38 -67
18 39 -66
18 41 -100
18 42 1
18 43 75
18 45 85
18 46 33
18 47 54
18 48 65
18 49 32
18 51 -9
18 55 -58
18 57 54
18 58 19
18 60 -64
18 62 -46
18 64 67
18 65 5
18 66 -94
18 67 -86
18 68 100
18 70 67
18 72 6
18 76 -86
18 77 4
18 79 62
18 80 -45
18 81 54
18 82 91
18 84 -13
18 85 -18
18 86 -35
18 87 22
18 88 96
18 90 -7
18 91 -21
18 92 76
18 96 -59
18 97 -91
18 98 89
19 0 -20
19 3 -89
19 5 -16
19 6 -78
19 7 -19
19 9 9
19 10 69
19 11 34
19 12 -18
19 14 82
19 17 -73
19 18 -87
19 20 83
19 22 -21
19 23 -44
19 24 -73
19 25 -14
19 27 4
19 30 -20
19 31 -77
19 32 -9
19 34 92
19 35 -22
19 39 15
19 40 -67
19 42 13
19 44 -79
19 45 48
19 46 -24
19 49 -86
19 50 33
19 51 -45
19 52 -27
19 53 3
19 55 -22
19 57 99
19 58 38
19 60 -23
19 61 -64
19 63 -43
19 65 -46
19 66 47
19 67 42
19 68 68
19 69 -55
19 70 -15
19 72 72
19 73 -50
19 75 70
19 76 -1
19 78 -42
19 79 65
19 80 99
19 81 -34
19 82 14
19 84 84
19 87 59
19 88 -68
19 90 -43
19 91 67
19 92 26
19 94 86
19 95 -9
19 96 84
19 97 74
19 99 55
20 0 -58
20 1 -34
20 4 95
20 6 -61
20 9 -30
20 10 97
20 12 82
20 13 -19
20 14 72
20 15 31
20 16 -41
20 21 -34
20 22 13
20 23 92
20 26 77
20 28 -52
20 30 -14
20 32 48
20 33 46
20 35 4
20 36 10
20 37 37
20 38 94
20 39 69
20 40 -68
20 42 -97
20 43 -40
20 45 -41
20 46 -92
20 48 11
20 49 62
20 51 -77
20 52 11
20 53 -1
20 55 -30
20 56 -37
20 59 -51
20 60 57
20 61 91
20 63 -100
20 65 52
20 66 -73
20 68 42
20 69 81
20 71 -55
20 72 11
20 73 -26
20 74 -10
20 75 78
20 76 32
20 79 71
20 80 26
20 81 58
20 82 -41
20 83 -27
20 85 -75
20 86 59
20 87 69
20 89 45
20 90 -27
20 91 88
20 93 97
20 94 -79
20 96 30
20 97 -53
20 98 57
20 99 -58
21 2 -67
21 3 -31
21 4 75
21 5 13
21 7 -86
21 12 100
21 13 75
21 14 86
21 15 38
21 16 -45
21 17 -84
21 18 49
21 20 84
21 22 25
21 23 -42
21 25 -24
21 26 73
21 27 85
21 28 83
21 29 45
21 31 -40
21 32 -77
21 34 -5
21 36 -80
21 38 -72
21 39 68
21 40 -66
21 41 -27
21 42 48
21 43 64
21 44 31
21 45 -45
21 46 -17
21 47 16
21 48 93
21 49 -63
21 51 -81
21 52 34
21 53 91
21 54 -43
21 56 -21
21 58 52
21 60 1
21 61 10
21 63 -72
21 64 -1
21 70 53
21 73 100
21 74 -100
21 76 -54
21 78 -91
21 79 23
21 82 -30
21 85 -45
21 86 5
21 87 7
21 90 -94
21 91 -62
21 95 35
21 96 -72
21 99 99
22 0 -15
22 1 57
22 3 -45
22 4 -51
22 5 75
22 6 2
22 7 -71
22 8 -8
22 11 -89
22 12 -58
22 13 42
22 17 -61
22 18 -49
22 19 -31
22 20 62
22 21 -5
22 23 -43
22 24 -79
22 25 51
22 26 24
22 27 -57
22 29 -48
22 30 -43
22 31 -51
22 32 -66
22 33 -7
22 34 -57
22 37 61
22 38 -1
22 39 21
22 41 19
22 42 87
22 44 -83
22 46 59
22 48 82
22 49 -40
22 50 42
22 51 -44
22 53 54
22 54 -83
22 56 -90
22 57 55
22 58 28
22 62 -94
22 63 82
22 66 7
22 67 -7
22 68 35
22 69 -37
22 70 27
22 71 23
22 72 -16
22 73 52
22 75 -74
22 77 -85
22 78 74
22 82 -98
22 83 32
22 84 -19
22 85 -60
22 86 -29
22 88 -58
22 89 -90
22 90 21
22 92 -32
22 93 -70
22 94 -80
22 95 62
22 97 -97
23 1 53
23 2 -26
23 3 88
23 5 -42
23 6 -32
23 7 -31
23 9 70
23 12 16
23 13 -96
23 17 89
23 18 11
23 19 -98
23 20 46
23 21 19
23 22 84
23 24 -56
23 26 56
23 27 -41
23 29 -75
23 32 62
23 33 -52
23 34 -27
23 36 73
23 38 27
23 40 77
23 41 90
23 42 93
23 43 -92
23 44 -5
23 45 -32
23 48 36
23 52 66
23 55 -43
23 56 -11
23 57 90
23 60 -3
23 61 5
23 64 -18
23 65 14
23 67 24
23 68 73
23 69 6
23 70 52
23 71 -16
23 72 -87
23 74 -10
23 75 -51
23 81 80
23 82 -61
23 83 81
23 85 -93
23 87 -78
23 88 30
23 89 -25
23 90 1
23 91 39
23 92 34
23 93 2
23 95 -100
23 96 -64
23 97 13
23 98 54
24 1 78
24 3 26
24 4 70
24 6 30
24 7 -25
24 8 29
24 11 -38
24 12 80
24 14 14
24 15 -73
24 17 41
24 18 36
24 20 -1
24 21 -45
24 22 -95
24 23 -24
24 25 6
24 26 21
24 29 -37
24 32 -32
24 35 -7
24 36 4
24 38 -65
24 39 -1
24 43 -66
24 44 19
24 45 52
24 46 17
24 48 41
24 49 77
24 50 43
24 52 -9
24 53 100
24 55 43
24 56 -61
24 57 18
24 58 -47
24 59 -9
24 60 74
24 61 52
24 65 90
24 66 56
24 67 -64
24 69 -57
24 70 -34
24 71 82
24 74 -29
24 76 -81
24 77 -52
24 78 -91
24 79 22
24 80 71
24 81 -86
24 84 -76
24 85 27
24 86 41
24 90 96
24 91 67
24 93 -21
24 94 16
24 95 33
24 96 -53
24 97 95
24 98 79
24 99 73
25 1 -45
25 2 59
25 3 -81
25 4 -18
25 5 41
25 6 41
25 7 -83
25 10 62
25 12 -58
25 14 82
25 16 91
25 17 62
25 21 27
25 23 -51
25 25 18
25 26 38
25 28 24
25 29 9
25 30 100
25 33 81
25 34 95
25 35 44
25 36 -17
25 37 79
25 38 -78
25 40 -35
25 41 -23
25 42 -66
25 45 56
25 48 39
25 49 74
25 50 44
25 52 -13
25 53 94
25 56 -38
25 61 35
25 66 -4
25 67 -64
25 69 -100
25 70 -66
25 71 39
25 72 63
25 73 -12
25 74 72
25 75 -25
25 76 63
25 77 -43
25 78 -40
25 82 54
25 84 -15
25 85 14
25 86 89
25 87 27
25 89 -35
25 92 92
25 93 63
25 96 12
25 98 54
26 0 78
26 2 18
26 4 99
26 5 73
26 8 8
26 9 56
26 12 59
26 13 30
26 14 1
26 15 -94
26 16 -49
26 20 -93
26 21 -71
26 23 2
26 25 -24
26 32 -43
26 33 -85
26 34 40
26 35 3
26 38 -51
26 39 -75
26 41 94
26 42 39
26 43 -75
26 44 14
26 45 92
26 49 53
26 50 45
26 51 -96
26 52 -1
26 53 -98
26 54 -41
26 55 65
26 56 -13
26 57 58
26 59 33
26 60 32
26 61 82
26 62 -11
26 63 -1
26 64 35
26 65 -12
26 66 37
26 67 98
26 68 54
26 69 -42
26 70 71
26 71 -56
26 73 54
26 74 74
26 76 1
26 77 91
26 78 5
26 79 52
26 80 87
26 81 -93
26 83 22
26 84 -31
26 85 -97
26 86 -62
26 87 -53
26 88 -33
26 92 91
26 93 57
26 94 -9
26 95 -4
26 96 -71
26 99 -17
27 0 -1
27 1 91
27 2 30
27 4 59
27 6 -81
27 7 17
27 8 -88
27 10 29
27 11 60
27 12 99
27 14 97
27 15 -2
27 16 77
27 18 -1
27 21 -96
27 26 -45
27 28 87
27 29 22
27 30 53
27 32 1
27 34 22
27 35 60
27 36 -78
27 37 34
27 38 -61
27 39 46
27 40 69
27 41 2
27 42 73
27 44 40
27 45 -93
27 46 -38
27 47 47
27 49 -31
27 50 -26
27 54 -47
27 55 -18
27 57 -97
27 58 57
27 59 50
27 60 6
27 61 87
27 62 55
27 65 95
27 67 -5
27 68 -18
27 69 59
27 70 -36
27 71 28
27 72 -47
27 73 53
27 74 75
27 77 -11
27 78 -23
27 81 100
27 85 59
27 87 47
27 88 76
27 90 99
27 91 40
27 92 -63
27 93 39
27 94 30
27 95 -8
27 96 67
27 97 -79
27 98 44
27 99 -24
28 0 6
28 1 -12
28 3 -71
28 4 48
28 5 -95
28 8 53
28 9 -89
28 10 -14
28 11 59
28 13 26
28 17 61
28 18 78
28 19 -89
28 20 -94
28 22 -95
28 24 -1
28 25 -15
28 26 31
28 28 -46
28 29 46
28 30 17
28 34 -13
28 35 92
28 36 -39
28 37 -39
28 38 -25
28 40 -55
28 41 -6
28 43 88
28 44 71
28 45 25
28 46 84
28 48 -4
28 49 84
28 51 19
28 52 13
28 53 -34
28 54 -73
28 55 -35
28 56 -60
28 58 46
28 59 31
28 60 -47
28 62 -77
28 63 67
28 66 -75
28 67 -36
28 68 -21
28 69 -87
28 70 47
28 73 -43
28 74 39
28 75 -15
28 76 -71
28 78 -92
28 81 64
28 84 87
28 86 -47
28 89 -34
28 90 59
28 91 15
28 92 58
28 94 18
28 95 -1
28 96 -33
28 99 10
29 0 -100
29 1 98
29 2 -46
29 3 -87
29 4 10
29 9 -42
29 11 -59
29 12 31
29 13 -7
29 15 28
29 16 -68
29 17 3
29 18 1
29 19 8
29 21 -97
29 23 -38
29 25 52
29 26 -84
29 27 66
29 29 -24
29 30 -71
29 31 -94
29 32 -70
29 35 73
29 36 -7
29 37 -82
29 39 -51
29 43 -45
29 44 89
29 46 20
29 49 -67
29 51 24
29 52 79
29 53 -10
29 54 10
29 55 33
29 56 -66
29 57 -4
29 58 98
29 59 -46
29 60 52
29 61 -41
29 62 -54
29 65 48
29 66 -57
29 68 68
29 69 76
29 70 -95
29 71 33
29 73 -8
29 75 -67
29 76 -76
29 80 -54
29 81 -84
29 82 52
29 83 72
29 84 -12
29 86 -69
29 87 1
29 89 36
29 90 -35
29 92 -39
29 93 -50
29 94 20
30 1 -19
30 2 81
30 6 60
30 7 -79
30 8 65
30 9 19
30 10 41
30 11 44
30 12 13
30 13 -80
30 14 -68
30 16 -96
30 18 31
30 19 -2
30 20 10
30 21 -84
30 23 -25
30 24 -100
30 25 -53
30 29 -94
30 30 57
30 34 -96
30 35 7
30 36 -63
30 37 69
30 39 -71
30 40 85
30 41 55
30 43 6
30 44 20
30 47 -23
30 48 34
30 50 -80
30 52 54
30 53 -12
30 54 -24
30 55 -49
30 56 -77
30 57 -27
30 58 -75
30 60 -38
30 61 -47
30 63 -55
30 64 66
30 66 38
30 68 48
30 70 -79
30 73 -53
30 74 -33
30 77 -22
30 78 -45
30 79 -90
30 80 -6
30 82 91
30 83 26
30 84 67
30 86 -63
30 87 -78
30 88 54
30 90 -23
30 92 -91
30 94 48
30 95 -52
30 96 -71
30 97 49
30 99 -51
31 0 -17
31 1 2
31 2 67
31 3 60
31 7 -16
31 8 -48
31 9 19
31 11 -78
31 12 -63
31 13 -55
31 16 1
31 17 -86
31 22 -28
31 23 -21
31 24 -23
31 25 84
31 26 60
31 28 59
31 30 55
31 31 -16
31 32 -92
31 33 55
31 34 65
31 37 -66
31 38 23
31 40 33
31 41 -7
31 42 10
31 43 -50
31 44 -30
31 45 64
31 46 -22
31 47 36
31 48 -62
31 50 -11
31 51 -49
31 52 32
31 53 57
31 56 -47
31 57 19
31 58 -68
31 59 -82
31 61 71
31 62 -90
31 64 78
31 65 23
31 66 22
31 67 21
31 72 13
31 73 15
31 74 -96
31 75 74
31 77 -77
31 78 -54
31 79 -86
31 81 -56
31 82 -87
31 83 -62
31 84 77
31 85 -18
31 86 -77
31 88 -28
31 90 30
31 91 64
31 92 77
31 98 15
32 4 -20
32 9 -44
32 13 5
32 14 -37
32 15 -86
32 16 57
32 17 65
32 20 -81
32 21 -18
32 22 -29
32 24 1
32 25 97
32 29 -75
32 33 -49
32 34 -5
32 36 -26
32 38 98
32 40 -72
32 41 -78
32 42 77
32 43 -14
32 44 -30
32 46 82
32 47 25
32 48 -50
32 49 -37
32 50 -16
32 51 36
32 52 -93
32 54 40
32 57 45
32 59 7
32 60 93
32 61 -71
32 62 -86
32 63 77
32 64 88
32 65 -71
32 66 14
32 67 87
32 70 30
32 71 -77
32 72 -17
32 74 44
32 75 -62
32 77 -14
32 80 88
32 81 80
32 83 62
32 86 18
32 88 -59
32 91 -76
32 92 -26
32 93 27
32 94 -67
32 95 50
32 96 31
32 99 40
33 0 -17
33 1 83
33 3 -6
33 5 -23
33 6 6
33 9 100
33 13 99
33 14 -56
33 15 -9
33 17 -83
33 19 90
33 21 75
33 22 -81
33 23 81
33 24 -67
33 26 -72
33 27 -70
33 28 -76
33 29 -67
33 30 90
33 31 -63
33 32 -19
33 34 -60
33 35 -15
33 36 -83
33 38 -62
33 39 -82
33 41 -30
33 42 27
33 43 -35
33 44 92
33 45 -89
33 46 -39
33 48 82
33 49 98
33 50 43
33 51 19
33 52 74
33 53 25
33 55 -22
33 56 19
33 57 81
33 58 55
33 60 75
33 61 10
33 62 -11
33 63 -71
33 64 87
33 65 26
33 66 -76
33 69 -3
33 70 -83
33 71 15
33 74 -99
33 76 47
33 78 -72
33 80 -52
33 82 12
33 83 -49
33 84 -80
33 86 -63
33 87 -8
33 89 8
33 90 53
33 91 -26
33 92 23
33 93 -59
33 95 76
33 97 -11
33 98 61
33 99 -90
34 0 -30
34 1 -1
34 2 4
34 4 -22
34 5 -44
34 8 -87
34 9 85
34 11 3
34 13 -72
34 15 58
34 17 -62
34 18 -53
34 19 7
34 20 -23
34 23 8
34 24 -25
34 25 -9
34 27 26
34 28 -1
34 30 -20
34 32 -28
34 33 -87
34 34 -67
34 35 -41
34 37 -63
34 38 2
34 39 -34
34 40 -25
34 43 -9
34 44 -2
34 46 -29
34 49 62
34 50 -85
34 51 -85
34 52 -4
34 55 14
34 56 7
34 58 -48
34 61 87
34 62 -11
34 63 19
34 64 61
34 66 -97
34 69 -98
34 72 89
34 73 -76
34 74 50
34 77 -10
34 78 84
34 80 -49
34 82 -6
34 83 -61
34 84 13
34 87 60
34 88 97
34 91 40
34 92 84
34 93 49
34 95 -92
34 98 -45
34 99 52
35 0 -49
35 1 45
35 3 -81
35 4 2
35 5 6
35 6 -23
35 7 -43
35 9 10
35 10 -38
35 11 64
35 12 48
35 13 99
35 15 73
35 18 46
35 19 59
35 21 80
35 22 -8
35 23 81
35 24 87
35 25 27
35 26 13
35 27 28
35 29 -64
35 31 -78
35 34 -57
35 35 -53
35 36 -20
35 37 -9
35 41 10
35 42 -79
35 46 -90
35 47 -83
35 49 47
35 50 71
35 52 -23
35 53 30
35 57 -10
35 59 67
35 60 64
35 63 -24
35 64 -78
35 68 -1
35 70 15
35 71 -13
35 72 82
35 73 -82
35 75 94
35 76 -20
35 77 -51
35 78 41
35 79 -16
35 84 -32
35 85 18
35 87 -8
35 88 -8
35 89 82
35 91 14
35 93 -29
35 94 7
35 95 9
35 97 -66
35 98 68
35 99 -94
36 1 41
36 2 -68
36 3 54
36 4 -62
36 5 -91
36 6 -76
36 7 83
36 9 -98
36 10 20
36 11 -10
36 12 -15
36 13 26
36 15 100
36 17 -13
36 18 -33
36 19 -38
36 20 56
36 23 -89
36 24 89
36 26 68
36 27 -1
36 28 -27
36 30 -65
36 32 -28
36 33 -35
36 37 51
36 39 12
36 40 -94
36 42 -41
36 43 55
36 50 -54
36 51 89
36 52 -85
36 53 -78
36 54 -78
36 55 73
36 56 60
36 59 93
36 60 -52
36 61 -93
36 62 95
36 66 11
36 69 72
36 70 71
36 71 83
36 73 75
36 74 85
36 75 100
36 76 69
36 77 74
36 79 51
36 80 84
36 81 -14
36 82 9
36 85 -15
36 88 -15
36 89 -15
36 90 58
36 93 -12
36 94 54
36 95 -57
36 98 51
36 99 77
37 4 39
37 5 6
37 6 -68
37 7 31
37 8 89
37 9 -59
37 10 -9
37 12 37
37 13 -45
37 14 50
37 15 13
37 18 41
37 24 -61
37 25 88
37 27 55
37 28 -85
37 29 -24
37 32 4
37 33 -48
37 34 -88
37 39 17
37 41 58
37 42 38
37 43 -14
37 45 10
37 46 83
37 47 -62
37 48 82
37 50 71
37 51 65
37 53 -56
37 54 38
37 55 -59
37 56 60
37 57 -7
37 59 25
37 60 78
37 62 19
37 63 -43
37 64 38
37 65 34
37 67 -28
37 68 -26
37 70 -12
37 71 -39
37 73 52
37 74 11
37 75 -57
37 78 61
37 80 -100
37 81 -85
37 82 -6
37 84 55
37 85 79
37 86 97
37 87 98
37 89 -17
37 91 -44
37 92 -82
37 93 -36
37 94 94
37 95 79
37 96 -16
37 97 2
37 99 25
38 0 -100
38 1 22
38 4 -93
38 5 -14
38 6 45
38 7 70
38 8 -60
38 9 -94
38 11 -16
38 12 -79
38 13 51
38 14 -17
38 15 62
38 16 -10
38 17 29
38 20 -94
38 21 -41
38 22 -20
38 23 13
38 25 65
38 29 -44
38 30 -80
38 31 -11
38 32 -57
38 33 -65
38 35 -28
38 37 -1
38 41 82
38 43 92
38 44 22
38 46 -11
38 47 60
38 48 -70
38 49 -83
38 50 19
38 52 -3
38 53 49
38 55 -34
38 58 -36
38 59 60
38 60 -57
38 63 43
38 64 58
38 65 4
38 66 23
38 67 100
38 68 -72
38 70 -76
38 71 -97
38 72 -3
38 74 -48
38 75 -19
38 76 -48
38 77 -70
38 78 -18
38 79 6
38 81 -65
38 83 -82
38 85 93
38 86 31
38 87 19
38 88 -67
38 89 44
38 90 68
38 92 -14
38 95 3
38 96 7
38 97 -74
39 0 26
39 2 -85
39 5 -52
39 6 -31
39 9 80
39 10 38
39 12 45
39 13 86
39 14 31
39 15 -39
39 17 98
39 18 -93
39 20 97
39 22 -71
39 23 70
39 25 -17
39 26 -83
39 27 11
39 28 74
39 29 -87
39 30 -90
39 32 -97
39 33 -11
39 35 4
39 36 -92
39 42 -74
39 43 68
39 44 75
39 45 16
39 47 73
39 50 31
39 51 -78
39 52 -31
39 53 57
39 54 -56
39 56 30
39 59 99
39 61 -97
39 62 -49
39 64 -56
39 66 -94
39 67 86
39 68 -36
39 69 -88
39 70 -59
39 71 7
39 72 85
39 73 -62
39 75 37
39 76 -58
39 77 39
39 78 -23
39 79 -12
39 80 -85
39 81 8
39 82 -60
39 89 32
39 90 -47
39 92 -25
39 93 -15
39 94 67
39 95 30
39 96 -84
39 97 20
39 99 -15
40 0 71
40 1 -30
40 2 -62
40 3 43
40 4 -42
40 9 -39
40 11 66
40 12 -83
40 13 13
40 16 -53
40 18 -31
40 21 -25
40 22 -69
40 23 -75
40 25 -9
40 26 94
40 28 62
40 31 33
40 32 33
40 33 -19
40 34 89
40 36 -33
40 38 40
40 42 -18
40 43 1
40 46 -24
40 47 6
40 48 51
40 49 -92
40 52 21
40 53 -54
40 54 9
40 56 -37
40 57 -68
40 58 -56
40 60 -61
40 61 -44
40 62 82
40 63 22
40 64 -35
40 65 -62
40 67 -38
40 68 -91
40 69 30
40 70 63
40 71 -73
40 74 -73
40 77 20
40 78 54
40 81 23
40 82 -53
40 83 85
40 84 2
40 85 -67
40 86 78
40 89 31
40 90 -55
40 91 -89
40 95 2
40 96 27
40 97 38
40 98 72
40 99 13
41 0 -28
41 4 -24
41 6 40
41 8 86
41 9 12
41 10 -25
41 13 37
41 15 64
41 17 1
41 18 61
41 19 33
41 20 2
41 21 -42
41 23 3
41 26 -45
41 27 -99
41 28 10
41 32 -65
41 33 51
41 34 -89
41 36 -76
41 38 27
41 40 29
41 41 54
41 42 -65
41 43 -7
41 44 27
41 47 60
41 48 -87
41 49 62
41 50 76
41 52 -56
41 53 -18
41 55 -27
41 56 -93
41 57 69
41 59 -28
41 60 -58
41 61 81
41 62 -50
41 63 -13
41 64 -80
41 69 72
41 70 -14
41 73 -66
41 75 -95
41 76 79
41 79 -75
41 81 -98
41 84 28
41 85 62
41 86 4
41 87 33
41 88 -17
41 91 69
41 92 -11
41 94 27
41 95 -44
41 96 93
41 97 -55
41 98 -17
41 99 -19
42 2 -91
42 3 69
42 6 -88
42 7 -36
42 8 -19
42 9 13
42 10 -90
42 11 -87
42 13 -41
42 14 -57
42 15 3
42 16 -2
42 17 76
42 21 -50
42 22 -46
42 23 -71
42 24 77
42 26 -43
42 27 82
42 29 -17
42 30 94
42 31 -66
42 33 19
42 34 19
42 37 17
42 38 66
42 39 -37
42 40 67
42 41 75
42 47 -43
42 48 87
42 50 79
42 51 63
42 54 -48
42 55 -83
42 56 -12
42 57 -24
42 59 32
42 61 -53
42 62 -16
42 63 -28
42 69 -53
42 73 96
42 74 -15
42 75 -11
42 77 93
42 78 -63
42 80 31
42 82 8
42 83 -91
42 85 51
42 86 -21
42 88 14
42 89 22
42 90 98
42 92 -27
42 93 -59
42 94 94
42 97 -83
42 98 -3
42 99 35
43 4 72
43 6 4
43 7 5
43 10 45
43 11 69
43 12 18
43 13 -12
43 14 -37
43 16 8
43 20 -8
43 21 -89
43 24 29
43 25 34
43 29 15
43 30 -73
43 34 -19
43 36 -56
43 41 66
43 42 -63
43 44 -15
43 45 -98
43 46 -20
43 47 -73
43 48 -71
43 51 -41
43 54 -5
43 57 -66
43 60 57
43 62 -71
43 63 -91
43 64 66
43 65 34
43 66 3
43 67 -25
43 68 -87
43 71 21
43 73 -64
43 74 -43
43 75 -92
43 77 -87
43 78 -77
43 80 -71
43 83 -31
43 84 -43
43 85 98
43 86 12
43 87 50
43 88 -89
43 89 -39
43 91 92
43 93 -78
43 94 -53
43 95 76
43 97 -77
44 0 68
44 1 -38
44 2 -56
44 3 -82
44 4 41
44 5 -93
44 6 70
44 7 -96
44 9 -82
44 10 -56
44 12 -93
44 14 -4
44 15 -87
44 16 32
44 19 -81
44 20 46
44 21 27
44 23 -81
44 25 -52
44 26 -91
44 29 62
44 31 16
44 32 51
44 36 43
44 41 -44
44 42 -95
44 46 -54
44 47 56
44 50 76
44 51 -38
44 54 4
44 55 90
44 56 59
44 57 22
44 60 -44
44 61 -83
44 62 2
44 63 -89
44 65 -93
44 67 -2
44 68 100
44 69 -8
44 72 8
44 73 -84
44 74 52
44 75 10
44 76 23
44 77 8
44 78 88
44 79 50
44 80 95
44 81 5
44 82 52
44 83 -32
44 85 9
44 88 21
44 89 -80
44 90 68
44 91 61
44 95 -73
44 97 1
44 98 -20
44 99 -39
45 1 -30
45 4 24
45 7 -89
45 8 -30
45 9 -56
45 10 96
45 11 -15
45 12 -10
45 13 80
45 15 -13
45 16 41
45 17 -4
45 18 84
45 21 -14
45 22 51
45 23 -44
45 24 -58
45 25 11
45 26 -22
45 27 -26
45 28 -83
45 29 -78
45 30 70
45 31 93
45 32 -13
45 33 25
45 34 -99
45 35 -80
45 36 -7
45 37 -27
45 40 -82
45 41 23
45 42 99
45 44 11
45 45 8
45 47 57
45 48 71
45 49 52
45 50 8
45 52 -37
45 53 5
45 54 -100
45 55 5
45 56 -36
45 57 62
45 58 -23
45 59 54
45 60 -74
45 61 -30
45 62 -24
45 63 49
45 65 -51
45 66 39
45 67 64
45 68 88
45 70 26
45 71 -92
45 72 -28
45 73 75
45 76 39
45 77 -72
45 78 -98
45 79 62
45 80 -14
45 85 -86
45 87 80
45 88 -89
45 89 -82
45 90 -31
45 92 44
45 93 -96
45 94 63
45 96 -44
45 98 36
46 0 -37
46 4 78
46 5 -66
46 6 -97
46 7 29
46 8 32
46 9 -98
46 11 -47
46 12 -4
46 13 46
46 14 -92
46 15 60
46 16 63
46 17 93
46 18 77
46 19 75
46 20 -54
46 22 95
46 23 -42
46 24 -16
46 25 -88
46 26 -42
46 27 -27
46 28 -47
46 29 9
46 31 72
46 34 -59
46 35 36
46 36 -64
46 37 42
46 38 -7
46 43 -32
46 45 41
46 49 90
46 52 -85
46 55 66
46 58 -4
46 60 -94
46 61 -31
46 65 72
46 66 29
46 67 -64
46 68 -63
46 69 36
46 72 -1
46 74 -20
46 75 -64
46 77 -53
46 78 -35
46 79 -12
46 80 -87
46 81 95
46 83 98
46 84 70
46 86 85
46 92 -20
46 94 -31
46 95 -88
46 97 -7
46 99 60
47 2 94
47 3 15
47 4 44
47 5 61
47 10 -88
47 11 56
47 12 73
47 13 51
47 15 78
47 16 -60
47 17 57
47 19 -49
47 22 -19
47 24 -21
47 27 36
47 28 32
47 29 82
47 31 -13
47 33 85
47 36 -44
47 38 76
47 39 -43
47 40 -18
47 41 -37
47 43 -53
47 44 -86
47 46 -97
47 47 -70
47 50 -69
47 51 85
47 53 -71
47 54 -74
47 56 58
47 57 16
47 58 -82
47 59 -19
47 62 -33
47 64 90
47 65 -96
47 66 29
47 68 12
47 70 16
47 71 92
47 72 94
47 73 -52
47 74 48
47 76 43
47 77 9
47 78 30
47 79 -10
47 80 84
47 81 -66
47 82 -22
47 83 -15
47 84 -25
47 85 -22
47 87 25
47 88 -95
47 89 -59
47 90 36
47 94 91
47 95 28
47 99 69
48 1 88
48 2 63
48 3 80
48 6 -59
48 8 -69
48 12 -25
48 14 49
48 15 19
48 17 13
48 18 -78
48 21 60
48 22 8
48 23 19
48 24 -9
48 25 69
48 26 99
48 28 95
48 29 -3
48 33 -25
48 35 72
48 36 -57
48 38 100
48 39 -68
48 40 27
48 41 40
48 42 -37
48 44 16
48 47 -87
48 49 99
48 53 -49
48 54 58
48 55 -71
48 56 68
48 57 -17
48 58 -19
48 60 52
48 61 99
48 62 -14
48 63 63
48 64 76
48 65 85
48 66 13
48 68 -52
48 69 -35
48 70 1
48 72 78
48 73 57
48 75 78
48 76 -17
48 80 79
48 82 -72
48 83 68
48 84 56
48 85 46
48 86 -48
48 87 65
48 88 57
48 91 -67
48 93 -20
48 94 35
48 95 92
48 96 -40
48 97 -29
49 3 -38
49 4 -4
49 5 10
49 10 -17
49 11 26
49 14 37
49 15 -19
49 19 9
49 21 75
49 22 24
49 24 -78
49 25 33
49 26 18
49 27 -87
49 28 -96
49 29 31
49 32 -10
49 33 -57
49 34 -57
49 36 45
49 38 19
49 39 -96
49 41 10
49 42 -6
49 44 97
49 45 -82
49 48 -14
49 49 15
49 50 -20
49 51 84
49 52 -20
49 53 -76
49 54 93
49 55 97
49 56 -38
49 57 -73
49 59 -32
49 60 -82
49 61 57
49 63 -92
49 64 75
49 65 -78
49 66 2
49 67 85
49 68 74
49 69 -17
49 71 -98
49 73 -27
49 76 44
49 77 -72
49 78 -61
49 79 96
49 80 29
49 82 -88
49 83 3
49 85 -50
49 86 -83
49 91 81
49 93 46
49 95 88
49 96 2
49 97 -52
49 98 51
49 99 34
50 0 30
50 1 97
50 2 30
50 3 -34
50 4 -33
50 5 19
50 7 -64
50 8 -78
50 9 -72
50 10 -95
50 11 -48
50 12 74
50 15 72
50 16 37
50 17 37
50 19 -84
50 25 66
50 26 31
50 27 97
50 28 28
50 37 -27
50 38 -19
50 39 66
50 42 88
50 43 -81
50 44 74
50 46 -84
50 47 -68
50 49 -80
50 52 15
50 57 93
50 58 -60
50 61 42
50 62 -34
50 65 35
50 66 47
50 67 -96
50 71 -57
50 72 -34
50 73 10
50 74 -85
50 75 -77
50 78 -70
50 79 -96
50 80 -38
50 81 77
50 82 -67
50 91 -33
50 93 -65
50 94 -95
50 95 -58
50 96 -8
50 97 -58
50 98 3
51 0 68
51 2 42
51 4 41
51 5 25
51 6 -20
51 7 15
51 8 -38
51 9 91
51 10 70
51 11 -83
51 12 -53
51 13 98
51 14 -51
51 15 16
51 16 -2
51 17 -72
51 18 43
51 20 10
51 21 73
51 22 17
51 23 -59
51 24 -100
51 26 -47
51 27 41
51 28 94
51 30 -69
51 31 47
51 32 94
51 33 -25
51 34 85
51 36 96
51 37 7
51 38 -30
51 39 -96
51 43 -57
51 46 -43
51 47 3
51 50 -51
51 51 71
51 52 -47
51 53 -43
51 54 31
51 55 97
51 56 69
51 57 -94
51 58 23
51 59 75
51 61 88
51 62 61
51 63 5
51 64 -74
51 70 100
51 71 -90
51 72 -70
51 75 -8
51 78 -93
51 79 82
51 81 43
51 83 6
51 84 -55
51 86 -48
51 89 -12
51 91 42
51 92 -20
51 94 37
51 96 6
51 97 -69
51 98 67
51 99 -57
52 0 -5
52 2 93
52 3 -77
52 4 63
52 5 11
52 8 7
52 9 -26
52 10 18
52 13 -70
52 16 94
52 17 27
52 19 84
52 20 5
52 22 -1
52 23 27
52 24 -52
52 25 66
52 26 -70
52 28 -19
52 29 -1
52 30 -48
52 32 -45
52 34 38
52 35 38
52 36 35
52 37 -84
52 38 -3
52 39 70
52 40 -61
52 41 92
52 42 -26
52 43 -20
52 45 -30
52 47 27
52 48 -26
52 49 84
52 51 36
52 53 3
52 55 -53
52 56 81
52 57 83
52 59 31
52 60 -18
52 62 -84
52 64 22
52 65 62
52 66 -93
52 67 31
52 68 35
52 70 50
52 72 -70
52 73 -82
52 76 97
52 77 -86
52 81 47
52 82 82
52 85 87
52 87 -78
52 91 -76
52 92 30
52 94 14
52 96 -55
52 97 -97
53 0 90
53 5 -41
53 6 -68
53 7 -42
53 9 -18
53 10 -94
53 13 5
53 15 46
53 16 65
53 17 21
53 18 67
53 19 35
53 21 -3
53 22 -59
53 23 -12
53 25 -6
53 26 -86
53 27 65
53 29 24
53 31 -73
53 33 13
53 34 -86
53 35 -9
53 36 65
53 37 45
53 38 -92
53 39 -17
53 42 -86
53 43 -56
53 45 45
53 46 -98
53 48 70
53 49 -45
53 50 79
53 51 49
53 52 67
53 53 -80
53 55 -31
53 56 35
53 57 -72
53 58 -94
53 59 -12
53 61 -61
53 62 -5
53 63 44
53 65 -49
53 66 -12
53 67 -2
53 69 -45
53 70 54
53 72 -83
53 73 -6
53 82 -41
53 83 75
53 85 15
53 86 -2
53 88 26
53 89 -66
53 90 -20
53 91 40
53 92 83
53 93 -44
53 94 -80
53 95 -82
53 96 100
53 97 -72
53 98 28
54 0 -50
54 2 -21
54 3 -29
54 4 -85
54 5 -87
54 6 60
54 8 -26
54 9 8
54 10 -87
54 11 66
54 12 -8
54 14 82
54 16 -9
54 18 99
54 19 -68
54 20 -12
54 21 -39
54 22 -7
54 23 -94
54 24 1
54 25 -90
54 27 97
54 28 67
54 30 -87
54 33 53
54 34 80
54 35 31
54 37 -16
54 38 24
54 40 23
54 41 17
54 42 -54
54 43 -12
54 45 -38
54 46 -88
54 47 -100
54 48 87
54 49 -34
54 51 2
54 53 82
54 55 -50
54 56 -44
54 58 -81
54 59 -81
54 60 -71
54 61 89
54 63 12
54 64 61
54 65 -13
54 66 100
54 69 -56
54 70 -71
54 71 -29
54 73 -98
54 74 -19
54 76 -69
54 78 -87
54 80 -39
54 81 -10
54 82 46
54 83 -50
54 85 -8
54 87 -57
54 88 40
54 89 -29
54 90 -95
54 91 27
54 92 39
54 93 -14
54 94 -87
54 95 75
54 96 53
54 97 -96
54 98 17
54 99 -11
55 0 30
55 1 11
55 2 6
55 3 63
55 7 -77
55 8 -52
55 9 69
55 10 74
55 11 49
55 14 42
55 20 -64
55 21 -36
55 22 -31
55 23 -16
55 28 -11
55 29 8
55 30 -34
55 31 92
55 32 62
55 33 67
55 37 26
55 38 -84
55 39 -11
55 40 37
55 44 -41
55 45 -59
55 46 -27
55 48 95
55 49 80
55 53 -46
55 57 29
55 58 -31
55 59 86
55 60 -2
55 61 84
55 64 85
55 65 41
55 67 19
55 68 -39
55 70 52
55 76 23
55 77 38
55 78 -34
55 79 -6
55 80 -90
55 81 -62
55 83 -48
55 86 94
55 87 22
55 88 -47
55 90 17
55 92 74
55 96 -1
55 97 -1
55 99 15
56 0 -50
56 1 -9
56 2 -85
56 3 30
56 5 28
56 6 84
56 7 -30
56 8 97
56 9 -40
56 10 -23
56 12 27
56 13 82
56 14 -19
56 16 2
56 17 82
56 18 -76
56 19 26
56 20 -44
56 23 -54
56 24 -56
56 25 84
56 27 32
56 28 98
56 30 -24
56 31 28
56 33 27
56 34 36
56 35 19
56 37 86
56 39 60
56 41 2
56 42 -35
56 44 -11
56 45 -15
56 47 3
56 51 -70
56 53 -81
56 54 79
56 55 -35
56 56 80
56 57 13
56 58 -61
56 59 -48
56 61 -75
56 62 -6
56 63 -91
56 64 -94
56 66 -30
56 68 52
56 69 16
56 70 -30
56 77 -63
56 83 38
56 85 92
56 87 24
56 88 31
56 90 33
56 92 -59
56 93 -60
56 94 -89
56 95 -27
56 96 66
56 97 45
56 98 -17
57 0 -42
57 3 69
57 5 32
57 6 -72
57 7 -95
57 8 -73
57 9 9
57 10 9
57 11 79
57 12 -68
57 13 -28
57 14 -98
57 15 -40
57 16 -33
57 17 -59
57 18 -9
57 19 -57
57 20 -11
57 21 66
57 22 -66
57 23 -47
57 24 -89
57 25 -71
57 27 -67
57 29 75
57 30 -64
57 31 18
57 32 -65
57 33 91
57 34 44
57 35 77
57 36 98
57 37 14
57 38 24
57 40 61
57 41 12
57 42 -82
57 44 -58
57 45 -51
57 46 8
57 47 24
57 48 -73
57 49 -44
57 50 -54
57 51 -8
57 52 11
57 54 -12
57 55 88
57 58 92
57 59 -56
57 60 96
57 61 99
57 62 96
57 63 16
57 64 -31
57 65 -14
57 66 -77
57 68 -17
57 69 24
57 71 91
57 73 -2
57 74 -78
57 76 5
57 77 -37
57 80 -84
57 81 10
57 83 -32
57 84 -41
57 85 -7
57 88 -83
57 89 85
57 90 -90
57 92 -1
57 93 6
57 95 35
57 98 -56
57 99 -48
58 1 55
58 2 60
58 3 27
58 4 -62
58 5 -13
58 6 -56
58 7 62
58 9 59
58 10 75
58 11 -95
58 12 38
58 15 28
58 17 -84
58 19 3
58 20 -62
58 21 58
58 23 -37
58 26 88
58 27 -82
58 28 89
58 30 38
58 31 50
58 33 71
58 34 -60
58 35 15
58 38 8
58 39 61
58 41 78
58 42 84
58 43 -40
58 44 -57
58 45 -31
58 46 -89
58 47 7
58 48 55
58 49 -28
58 50 -73
58 51 50
58 52 -76
58 53 -42
58 57 -1
58 58 44
58 60 -40
58 61 51
58 62 64
58 63 -61
58 64 7
58 70 -3
58 71 59
58 72 -28
58 74 57
58 75 53
58 78 3
58 80 -47
58 81 -5
58 82 -37
58 84 -59
58 85 39
58 88 77
58 90 21
58 91 -17
58 94 74
58 95 -96
58 97 15
58 98 30
58 99 -26
59 3 45
59 4 -65
59 6 -98
59 8 32
59 10 -65
59 12 -18
59 16 -92
59 17 -20
59 22 47
59 23 -94
59 24 -47
59 25 60
59 26 41
59 28 -9
59 29 34
59 32 -86
59 35 -49
59 36 75
59 37 -49
59 40 52
59 42 -69
59 44 -43
59 47 69
59 50 53
59 51 -82
59 54 73
59 56 -16
59 57 -89
59 58 56
59 59 -68
59 61 18
59 62 -59
59 65 -3
59 66 -87
59 67 95
59 68 52
59 72 -33
59 73 -35
59 74 4
59 77 42
59 79 -6
59 80 -94
59 82 66
59 85 -31
59 86 -15
59 87 -47
59 88 -82
59 90 91
59 92 99
59 94 -80
59 96 19
59 98 -50
59 99 88
60 0 2
60 1 -92
60 2 55
60 4 -8
60 5 54
60 6 -1
60 9 20
60 10 -90
60 12 -20
60 15 -44
60 19 78
60 20 -53
60 23 88
60 26 -100
60 27 63
60 29 1
60 30 -98
60 31 -67
60 32 59
60 33 65
60 35 82
60 37 87
60 38 -57
60 40 -45
60 41 34
60 42 -58
60 43 -83
60 44 -60
60 45 10
60 46 38
60 48 5
60 49 95
60 50 46
60 51 -97
60 53 -67
60 55 -74
60 56 -96
60 57 -67
60 58 -17
60 60 21
60 62 53
60 63 -86
60 64 96
60 65 91
60 66 -58
60 68 -86
60 69 65
60 71 88
60 72 47
60 74 -45
60 75 -19
60 76 -26
60 77 -20
60 78 -80
60 79 -32
60 80 -86
60 81 -53
60 82 -32
60 86 -39
60 87 81
60 92 20
60 94 -8
60 95 -2
60 96 -5
60 97 -8
60 99 21
61 0 -23
61 1 55
61 5 -15
61 6 88
61 7 78
61 8 -17
61 9 82
61 10 -75
61 13 17
61 14 -68
61 15 -11
61 18 52
61 20 68
61 22 -10
61 24 17
61 25 60
61 26 -27
61 27 -62
61 29 38
61 31 99
61 33 -53
61 35 20
61 37 -56
61 38 -38
61 39 79
61 42 80
61 46 -10
61 47 -20
61 48 -10
61 49 86
61 50 65
61 51 8
61 52 72
61 53 60
61 59 -14
61 61 80
61 62 23
61 65 -89
61 66 40
61 68 43
61 69 83
61 70 -31
61 71 85
61 72 83
61 73 9
61 75 3
61 76 -17
61 77 22
61 78 59
61 79 -83
61 80 41
61 81 14
61 82 -54
61 83 70
61 85 54
61 86 35
61 88 32
61 89 -6
61 90 -2
61 91 81
61 92 -62
61 93 -89
61 94 -12
61 95 -16
61 96 10
61 98 66
62 0 -32
62 2 26
62 3 94
62 4 -99
62 5 95
62 9 -98
62 10 -21
62 11 -94
62 12 58
62 14 -66
62 16 87
62 19 -11
62 21 90
62 23 -22
62 25 9
62 26 -79
62 30 73
62 31 81
62 33 -52
62 34 19
62 35 69
62 38 15
62 40 31
62 41 79
62 42 24
62 43 -5
62 44 83
62 46 90
62 47 -4
62 48 -7
62 49 -69
62 51 -57
62 52 -26
62 53 -37
62 55 97
62 57 78
62 59 51
62 60 -23
62 61 41
62 63 -66
62 65 31
62 66 -56
62 67 4
62 69 43
62 70 -73
62 71 41
62 72 -80
62 73 30
62 74 39
62 78 -67
62 79 71
62 80 -81
62 82 -7
62 84 -46
62 87 -5
62 88 73
62 90 19
62 92 -83
62 93 -15
62 95 38
62 99 -63
63 0 70
63 1 39
63 3 -94
63 4 15
63 5 -53
63 6 15
63 7 57
63 8 -78
63 12 -30
63 13 -78
63 15 -92
63 16 9
63 18 -91
63 20 -87
63 22 37
63 25 -2
63 26 -34
63 27 -10
63 28 -26
63 30 -98
63 31 25
63 34 -94
63 37 69
63 38 -20
63 41 -19
63 42 -60
63 43 -58
63 44 9
63 45 15
63 46 38
63 49 -26
63 50 -58
63 52 -82
63 53 -81
63 54 31
63 56 -49
63 57 9
63 58 41
63 59 56
63 61 -7
63 62 37
63 63 20
63 65 -73
63 66 -91
63 70 -13
63 71 -16
63 72 -35
63 73 -57
63 75 40
63 78 -98
63 79 -82
63 80 83
63 81 73
63 82 63
63 84 -22
63 85 6
63 88 5
63 93 -56
63 94 73
63 96 -72
63 97 -77
63 98 29
63 99 -79
64 0 -44
64 2 -33
64 4 29
64 5 -45
64 8 28
64 9 -82
64 10 -45
64 11 34
64 12 26
64 13 -26
64 14 -23
64 15 14
64 16 -85
64 17 58
64 19 -74
64 20 10
64 21 63
64 22 -78
64 24 -12
64 25 -72
64 27 15
64 29 30
64 30 55
64 31 -26
64 33 -12
64 35 -96
64 37 98
64 38 -23
64 40 -75
64 41 -23
64 42 75
64 46 41
64 47 18
64 49 -98
64 50 -48
64 51 -37
64 52 -97
64 53 -83
64 54 -62
64 55 -3
64 58 79
64 60 42
64 61 7
64 62 -20
64 64 59
64 65 -27
64 67 58
64 69 39
64 70 81
64 71 89
64 72 65
64 73 -47
64 76 -38
64 78 -23
64 79 37
64 80 47
64 81 -58
64 82 50
64 83 -72
64 84 49
64 85 -9
64 87 -30
64 89 -50
64 90 35
64 91 -29
64 92 -27
64 93 -89
64 94 70
64 96 29
64 97 -100
64 99 24
65 0 33
65 1 -11
65 2 -97
65 3 1
65 5 8
65 6 97
65 7 57
65 11 -64
65 13 85
65 14 75
65 17 -65
65 19 83
65 22 -81
65 23 70
65 24 77
65 25 54
65 28 18
65 29 -100
65 31 -38
65 36 -43
65 37 97
65 38 96
65 40 26
65 42 89
65 43 27
65 44 79
65 46 65
65 47 94
65 48 28
65 49 48
65 50 41
65 51 50
65 52 59
65 54 41
65 56 9
65 62 76
65 64 -100
65 65 32
65 66 -56
65 68 21
65 69 57
65 70 -67
65 72 -20
65 73 -7
65 77 -67
65 78 -27
65 79 48
65 81 -21
65 82 71
65 84 42
65 86 16
65 87 94
65 89 64
65 92 13
65 93 52
65 94 -60
65 96 -24
65 98 54
66 0 -86
66 2 9
66 4 -15
66 5 -79
66 7 13
66 8 75
66 9 -12
66 10 -77
66 11 82
66 13 74
66 15 34
66 16 67
66 19 -89
66 20 -26
66 21 -6
66 22 29
66 23 -37
66 24 -45
66 25 -81
66 26 85
66 28 -35
66 29 -26
66 30 -20
66 31 -49
66 32 -51
66 33 91
66 34 68
66 36 -68
66 37 -78
66 38 -87
66 39 -12
66 40 -100
66 41 70
66 42 -81
66 43 -27
66 45 84
66 48 -27
66 49 -28
66 50 -57
66 53 -1
66 54 -75
66 55 56
66 56 -69
66 57 -23
66 58 -37
66 59 7
66 62 52
66 63 -44
66 64 82
66 65 40
66 69 99
66 70 -14
66 72 8
66 74 -100
66 76 50
66 78 8
66 80 -83
66 81 83
66 83 38
66 84 -35
66 87 19
66 88 91
66 89 -47
66 90 51
66 92 38
66 93 -69
66 94 -22
66 97 -15
67 0 -14
67 2 84
67 7 53
67 9 -85
67 10 21
67 11 85
67 12 4
67 13 45
67 14 -27
67 15 61
67 17 66
67 18 19
67 22 -79
67 23 30
67 24 -89
67 26 -21
67 27 25
67 29 71
67 32 -8
67 34 -36
67 36 -23
67 37 -29
67 38 52
67 41 59
67 42 -85
67 44 52
67 45 85
67 46 -67
67 47 -13
67 48 -99
67 49 57
67 50 -46
67 51 11
67 54 -69
67 55 -42
67 56 -9
67 60 51
67 61 -100
67 63 35
67 66 -61
67 67 -21
67 68 79
67 71 34
67 72 -86
67 73 -29
67 75 -88
67 76 -5
67 77 -42
67 78 -10
67 79 84
67 80 -40
67 81 -86
67 83 86
67 85 91
67 86 -69
67 88 -14
67 89 8
67 92 35
67 96 86
67 98 80
67 99 33
68 1 81
68 2 -16
68 4 -28
68 5 92
68 9 -22
68 10 -20
68 11 3
68 14 50
68 15 23
68 17 59
68 18 -67
68 19 -44
68 20 -18
68 22 51
68 24 61
68 27 3
68 28 -98
68 29 27
68 30 48
68 32 -52
68 34 -92
68 36 99
68 39 98
68 40 -43
68 41 -22
68 42 -38
68 43 51
68 46 33
68 48 -6
68 50 26
68 51 3
68 53 42
68 55 -86
68 58 59
68 60 37
68 61 -77
68 62 -17
68 64 61
68 65 74
68 66 55
68 67 91
68 70 97
68 71 -85
68 74 90
68 75 10
68 76 -71
68 77 -15
68 78 63
68 80 -55
68 81 -71
68 82 67
68 83 79
68 85 -85
68 87 71
68 88 38
68 89 50
68 90 33
68 91 -17
68 94 -40
68 95 58
68 96 -35
68 98 -32
69 0 70
69 2 17
69 3 29
69 4 6
69 5 -76
69 6 -25
69 7 20
69 8 -40
69 9 65
69 10 -30
69 14 61
69 15 83
69 16 93
69 17 -30
69 21 10
69 22 7
69 24 60
69 27 36
69 28 -43
69 29 -31
69 32 59
69 33 61
69 35 -27
69 36 27
69 37 -2
69 38 35
69 39 59
69 41 3
69 43 63
69 45 23
69 46 -97
69 47 -98
69 48 -41
69 50 -71
69 51 69
69 54 -54
69 55 -54
69 56 51
69 58 63
69 59 -77
69 60 -96
69 62 36
69 63 -89
69 65 -61
69 68 80
69 69 -71
69 70 7
69 72 84
69 73 18
69 74 6
69 78 37
69 81 -73
69 83 -44
69 84 59
69 86 55
69 88 -27
69 89 38
69 90 -32
69 93 92
69 94 -49
69 97 -6
69 98 7
69 99 67
70 0 -73
70 2 -99
70 4 -36
70 6 -71
70 7 -14
70 9 40
70 10 41
70 12 -17
70 14 88
70 15 -31
70 17 -18
70 18 44
70 21 38
70 22 -14
70 23 -66
70 27 -21
70 28 -65
70 29 -49
70 30 22
70 31 -55
70 33 -9
70 34 -78
70 35 -44
70 38 -99
70 40 -90
70 41 -10
70 43 21
70 45 24
70 46 -48
70 48 -53
70 49 -57
70 50 9
70 51 14
70 53 -42
70 57 -86
70 59 80
70 61 -77
70 62 -10
70 63 -56
70 66 -80
70 67 49
70 68 4
70 69 91
70 70 91
70 71 19
70 72 9
70 73 -38
70 75 100
70 79 8
70 81 11
70 82 -26
70 83 68
70 85 72
70 87 -1
70 89 71
70 90 53
70 93 36
70 94 -21
70 95 -16
70 96 -48
70 97 -74
70 99 37
71 0 -66
71 1 -95
71 2 -15
71 3 9
71 6 50
71 7 56
71 8 -31
71 11 -9
71 12 10
71 13 -92
71 15 -13
71 16 -13
71 18 -49
71 19 -47
71 22 -94
71 23 90
71 26 80
71 28 20
71 30 -25
71 31 59
71 33 -57
71 34 46
71 35 38
71 36 47
71 37 72
71 38 57
71 39 29
71 42 16
71 43 -2
71 47 -90
71 49 -12
71 50 35
71 54 73
71 55 12
71 56 55
71 58 66
71 59 93
71 60 -86
71 61 59
71 62 76
71 63 -62
71 66 37
71 67 39
71 69 56
71 70 -93
71 72 -52
71 73 -3
71 75 39
71 76 73
71 77 -58
71 78 -57
71 79 22
71 81 -95
71 82 79
71 83 21
71 84 27
71 85 -84
71 87 48
71 88 -74
71 89 76
71 90 40
71 91 85
71 92 -93
71 98 -4
71 99 -86
72 0 67
72 2 -20
72 3 -98
72 7 72
72 9 19
72 10 59
72 12 -95
72 15 8
72 16 17
72 17 46
72 18 39
72 19 -4
72 20 -25
72 21 -37
72 23 24
72 24 -97
72 25 59
72 29 46
72 30 64
72 31 69
72 34 72
72 35 84
72 36 90
72 37 -27
72 38 97
72 39 100
72 40 81
72 41 -89
72 42 -26
72 43 -23
72 44 89
72 45 -51
72 46 49
72 47 -61
72 48 -52
72 51 65
72 52 69
72 53 -90
72 54 36
72 55 92
72 56 91
72 57 73
72 58 -91
72 59 -21
72 60 94
72 61 69
72 62 -96
72 63 97
72 64 5
72 65 -91
72 66 -21
72 68 -24
72 72 12
72 73 -66
72 74 87
72 77 5
72 79 -23
72 80 -5
72 81 -85
72 82 -41
72 83 17
72 84 96
72 85 -98
72 86 81
72 87 94
72 90 100
72 91 30
72 93 45
72 96 57
72 97 81
72 99 -38
73 1 22
73 2 -72
73 3 -19
73 4 -4
73 5 8
73 7 -93
73 10 58
73 11 -97
73 12 -35
73 13 -71
73 14 53
73 15 -8
73 16 81
73 19 8
73 20 51
73 21 -1
73 23 1
73 24 -3
73 25 -73
73 26 -87
73 27 -25
73 29 90
73 30 99
73 32 75
73 38 38
73 39 3
73 40 -82
73 43 -82
73 45 19
73 47 -87
73 49 -44
73 50 77
73 52 -62
73 54 -13
73 55 -38
73 56 92
73 58 36
73 59 48
73 60 -99
73 62 13
73 63 11
73 64 99
73 65 25
73 66 74
73 67 -66
73 68 78
73 69 -77
73 74 -7
73 75 93
73 76 -77
73 77 -46
73 78 -36
73 81 -58
73 82 62
73 83 28
73 87 54
73 88 -68
73 89 -35
73 90 -39
73 91 -11
73 93 -25
73 94 90
73 95 22
73 98 -6
73 99 -19
74 0 -45
74 3 -54
74 4 12
74 7 -23
74 8 -22
74 9 -41
74 10 -62
74 11 -93
74 13 -60
74 14 58
74 15 11
74 16 19
74 17 24
74 18 -87
74 19 -77
74 23 31
74 26 -37
74 28 -89
74 31 -51
74 32 -81
74 36 14
74 37 31
74 39 -69
74 40 32
74 41 13
74 42 88
74 46 33
74 48 -36
74 49 49
74 50 54
74 51 -32
74 52 -6
74 53 -10
74 56 -56
74 58 -2
74 60 -27
74 61 53
74 62 -58
74 64 35
74 65 56
74 68 -19
74 70 32
74 71 -87
74 72 -81
74 73 6
74 75 88
74 76 -28
74 78 -51
74 79 -20
74 80 -95
74 81 -60
74 82 -13
74 84 41
74 89 68
74 90 36
74 92 -50
74 93 43
74 95 -57
74 97 -78
74 98 -1
75 0 94
75 2 -1
75 3 -99
75 4 -22
75 8 -82
75 9 -28
75 11 -8
75 12 -58
75 13 19
75 14 -96
75 15 61
75 16 -8
75 17 -93
75 18 87
75 19 64
75 21 -42
75 23 -83
75 24 -64
75 25 -39
75 26 77
75 28 68
75 29 45
75 30 79
75 33 59
75 34 57
75 37 31
75 41 -39
75 42 7
75 43 -58
75 46 56
75 47 1
75 50 -68
75 51 -43
75 52 -90
75 53 42
75 54 39
75 55 84
75 56 6
75 57 -15
75 61 87
75 62 92
75 64 4
75 66 -13
75 67 -17
75 68 -5
75 69 -76
75 70 -5
75 71 70
75 72 94
75 73 48
75 75 52
75 76 26
75 78 -88
75 81 -76
75 83 -97
75 87 11
75 90 98
75 91 -94
75 95 31
75 96 20
75 98 40
76 2 -16
76 3 -88
76 4 -51
76 5 -26
76 6 9
76 10 -34
76 12 -6
76 13 -68
76 14 94
76 16 -57
76 17 96
76 21 -33
76 25 -12
76 26 -22
76 30 26
76 31 22
76 32 -84
76 33 70
76 34 70
76 38 34
76 39 17
76 42 -31
76 43 -63
76 44 -18
76 49 72
76 50 -60
76 51 -77
76 52 -58
76 53 -84
76 54 -83
76 56 12
76 57 62
76 58 -6
76 59 -33
76 60 49
76 61 53
76 62 70
76 65 -92
76 66 52
76 67 -14
76 68 -61
76 69 -80
76 70 61
76 71 -30
76 72 -77
76 75 27
76 76 -43
76 79 -59
76 83 54
76 84 44
76 86 28
76 87 76
76 89 95
76 90 -6
76 91 34
76 93 38
76 95 -68
76 98 -16
76 99 -84
77 1 -16
77 2 -93
77 5 69
77 6 52
77 7 -83
77 8 41
77 9 -31
77 10 -71
77 11 -36
77 14 67
77 15 85
77 17 18
77 19 -60
77 22 36
77 23 -3
77 24 78
77 25 28
77 28 -84
77 29 -21
77 31 40
77 33 -80
77 34 12
77 35 -90
77 37 -97
77 38 69
77 39 77
77 40 74
77 41 24
77 43 5
77 44 -51
77 45 79
77 47 -57
77 49 -22
77 51 66
77 53 -42
77 54 -41
77 57 -45
77 58 12
77 59 47
77 60 79
77 62 -53
77 64 -52
77 65 -21
77 66 -6
77 67 -62
77 68 68
77 69 100
77 70 16
77 73 11
77 74 43
77 75 45
77 78 -63
77 79 -88
77 81 99
77 82 -80
77 83 15
77 84 -53
77 85 -92
77 86 -70
77 87 6
77 88 58
77 89 -68
77 91 79
77 93 -76
77 94 -57
77 95 45
77 96 100
77 97 -93
77 98 3
77 99 48
78 0 47
78 1 -73
78 2 19
78 3 -24
78 4 -48
78 5 -95
78 6 -21
78 9 7
78 10 -7
78 13 97
78 15 99
78 18 -92
78 19 92
78 20 25
78 21 -89
78 23 -86
78 26 -22
78 27 78
78 28 -42
78 29 29
78 30 86
78 32 -87
78 33 11
78 35 14
78 36 55
78 37 51
78 38 -90
78 39 48
78 40 63
78 42 -26
78 43 -44
78 49 17
78 50 -37
78 52 6
78 53 12
78 54 -32
78 57 -7
78 58 -56
78 59 -73
78 60 76
78 62 -10
78 64 81
78 65 11
78 66 84
78 67 -65
78 68 -44
78 69 -60
78 70 5
78 71 65
78 72 84
78 73 82
78 74 26
78 75 24
78 76 77
78 79 54
78 80 32
78 81 -60
78 82 -7
78 85 90
78 86 39
78 88 -73
78 89 -4
78 92 -42
78 94 -81
78 95 19
78 96 -21
78 99 98
79 0 -57
79 1 91
79 3 3
79 4 -66
79 6 80
79 9 81
79 10 37
79 11 100
79 12 -66
79 15 -3
79 17 -25
79 18 54
79 19 -80
79 21 32
79 24 80
79 26 -6
79 27 -64
79 28 34
79 30 -95
79 34 -47
79 35 11
79 37 -37
79 38 30
79 41 78
79 42 72
79 43 -63
79 44 92
79 46 -85
79 48 -78
79 50 -96
79 52 61
79 53 -13
79 55 29
79 58 -90
79 59 41
79 60 -57
79 66 45
79 67 100
79 68 -73
79 69 20
79 70 39
79 71 26
79 72 93
79 75 -14
79 76 -52
79 77 -96
79 78 5
79 79 -65
79 80 3
79 81 87
79 83 -66
79 84 68
79 85 -70
79 86 -26
79 87 11
79 88 96
79 90 88
79 92 78
79 93 83
79 94 -41
79 95 82
79 99 -14
80 1 -81
80 2 -65
80 3 -74
80 5 -57
80 6 -19
80 7 -53
80 8 -29
80 10 -19
80 11 -39
80 12 -37
80 13 72
80 15 56
80 16 -50
80 18 -39
80 19 -19
80 20 46
80 21 84
80 23 -63
80 25 -90
80 27 83
80 28 -83
80 29 42
80 30 -27
80 32 57
80 33 -39
80 34 49
80 36 57
80 38 15
80 39 -69
80 40 81
80 41 10
80 42 82
80 43 94
80 46 75
80 49 -4
80 50 -80
80 51 -3
80 52 68
80 53 -2
80 54 85
80 55 -88
80 57 -2
80 59 -69
80 60 -46
80 64 26
80 65 -43
80 66 -76
80 67 11
80 68 -63
80 69 46
80 72 52
80 73 58
80 74 -55
80 76 -94
80 77 -35
80 78 67
80 80 14
80 83 -10
80 84 8
80 85 -76
80 88 -97
80 89 -45
80 90 -83
80 92 98
80 93 12
80 94 92
80 95 29
80 96 98
80 97 8
80 98 81
81 2 58
81 5 78
81 6 -85
81 7 -84
81 8 49
81 9 -34
81 10 55
81 12 -79
81 13 57
81 14 56
81 18 -35
81 19 14
81 20 -41
81 21 -78
81 22 -24
81 23 -23
81 25 -90
81 26 33
81 27 78
81 28 -27
81 29 79
81 30 70
81 31 -71
81 34 -62
81 35 97
81 36 -97
81 38 -75
81 39 -91
81 40 -81
81 41 -15
81 44 40
81 45 -71
81 48 -45
81 49 96
81 55 42
81 56 -29
81 58 -51
81 61 -76
81 62 -45
81 63 18
81 64 37
81 65 81
81 66 13
81 68 43
81 69 49
81 71 92
81 72 88
81 76 97
81 77 -61
81 78 -75
81 79 -96
81 80 -95
81 82 37
81 83 -100
81 84 46
81 86 73
81 87 26
81 88 -49
81 89 76
81 90 90
81 91 9
81 93 -18
81 94 85
81 95 73
81 97 -23
81 99 51
82 0 -46
82 1 13
82 2 -39
82 4 -85
82 6 5
82 8 17
82 9 60
82 10 -52
82 11 -59
82 12 98
82 14 -26
82 15 17
82 16 -78
82 17 -44
82 18 48
82 19 -61
82 20 -98
82 21 4
82 22 62
82 23 -10
82 25 -46
82 26 -24
82 27 7
82 29 -89
82 30 3
82 31 -89
82 33 29
82 34 30
82 35 -79
82 37 -55
82 38 95
82 39 -35
82 40 24
82 41 -21
82 42 85
82 44 -85
82 47 84
82 49 88
82 51 -12
82 52 -71
82 54 94
82 55 15
82 56 -70
82 57 16
82 58 54
82 59 29
82 61 -64
82 62 -48
82 63 -57
82 64 2
82 65 -43
82 66 86
82 70 -56
82 72 -80
82 73 20
82 74 26
82 75 9
82 77 52
82 78 -56
82 79 -95
82 80 -80
82 82 -67
82 84 -48
82 89 -43
82 91 98
82 93 72
82 95 97
82 96 -87
82 97 77
82 98 -2
83 4 23
83 5 -67
83 6 -82
83 7 -53
83 8 -73
83 9 6
83 10 -48
83 11 -5
83 12 51
83 13 35
83 15 56
83 16 -41
83 18 -78
83 20 -11
83 22 -30
83 23 -11
83 25 12
83 26 -67
83 27 15
83 29 27
83 30 24
83 31 87
83 34 61
83 36 81
83 37 -3
83 40 28
83 45 -76
83 46 -54
83 48 65
83 49 68
83 51 -71
83 52 69
83 53 86
83 55 100
83 56 -37
83 57 5
83 59 59
83 60 -82
83 63 -15
83 65 11
83 66 18
83 67 35
83 71 -97
83 72 81
83 73 -51
83 75 -28
83 76 3
83 77 32
83 78 55
83 80 79
83 81 43
83 83 -79
83 84 68
83 86 -17
83 87 81
83 88 76
83 92 -15
83 95 -52
83 96 94
83 98 -79
83 99 -26
84 2 71
84 3 -75
84 4 91
84 5 -23
84 6 -17
84 7 44
84 11 29
84 12 94
84 13 70
84 15 94
84 16 47
84 21 -12
84 22 -62
84 24 11
84 25 24
84 26 -59
84 27 54
84 28 67
84 30 -9
84 34 36
84 36 -34
84 37 4
84 38 -52
84 41 38
84 42 -30
84 43 47
84 44 49
84 45 55
84 46 -91
84 47 4
84 50 75
84 51 10
84 52 -95
84 54 97
84 55 87
84 56 -97
84 57 77
84 58 -29
84 60 30
84 61 77
84 62 66
84 65 18
84 66 -99
84 67 -91
84 68 -48
84 70 -98
84 71 -44
84 73 92
84 75 92
84 76 9
84 77 -31
84 78 -59
84 80 -79
84 81 63
84 83 21
84 86 67
84 91 56
84 92 -15
84 95 63
84 99 -78
85 0 -57
85 2 -23
85 6 78
85 7 -42
85 9 100
85 10 -76
85 12 -55
85 13 -78
85 14 36
85 15 7
85 17 -74
85 19 -17
85 20 34
85 21 -63
85 23 59
85 26 -74
85 28 -92
85 29 -9
85 30 49
85 31 -16
85 35 91
85 36 44
85 38 -3
85 40 -14
85 41 -25
85 43 47
85 44 -49
85 45 47
85 46 -42
85 49 -25
85 50 -5
85 51 81
85 52 9
85 53 -8
85 54 -41
85 55 -68
85 56 -26
85 57 -73
85 59 -12
85 60 31
85 61 -72
85 65 -47
85 72 -76
85 74 66
85 75 -1
85 78 13
85 81 -59
85 84 -70
85 86 -77
85 88 -71
85 89 9
85 93 90
85 94 -42
85 95 -34
85 96 -88
85 97 51
85 98 -68
86 0 -32
86 2 -41
86 4 -83
86 5 -17
86 6 -11
86 7 93
86 9 71
86 10 13
86 14 37
86 15 62
86 16 -44
86 19 -34
86 20 -77
86 21 57
86 22 98
86 24 79
86 25 53
86 27 -65
86 29 -7
86 30 -60
86 31 -46
86 33 -10
86 34 -42
86 36 81
86 38 -68
86 39 3
86 40 25
86 43 77
86 44 -6
86 45 64
86 47 -20
86 48 -77
86 54 -14
86 55 -67
86 56 8
86 58 -9
86 59 63
86 60 55
86 61 81
86 62 -18
86 63 13
86 66 -99
86 67 -48
86 69 61
86 70 15
86 72 30
86 73 88
86 74 -78
86 77 6
86 78 -82
86 79 100
86 80 -45
86 83 94
86 84 -12
86 86 -27
86 87 -2
86 88 -7
86 90 -30
86 97 61
86 98 39
87 1 76
87 4 -74
87 5 64
87 6 -64
87 7 -89
87 8 72
87 12 -84
87 15 86
87 16 80
87 18 -22
87 19 -5
87 21 64
87 22 -18
87 23 -77
87 24 20
87 26 -83
87 29 78
87 32 5
87 33 -46
87 35 -57
87 36 -16
87 40 17
87 42 -4
87 44 -13
87 47 63
87 48 24
87 51 83
87 53 32
87 54 -84
87 55 6
87 56 -98
87 57 31
87 58 30
87 59 -75
87 61 85
87 63 -98
87 65 -17
87 67 94
87 69 -40
87 70 54
87 71 -4
87 74 -100
87 75 -33
87 76 -66
87 79 96
87 80 -57
87 82 -33
87 83 81
87 84 41
87 85 89
87 86 38
87 87 -53
87 88 31
87 89 -46
87 90 -16
87 91 68
87 95 62
87 97 87
88 1 -68
88 4 -16
88 7 17
88 8 14
88 9 96
88 11 -76
88 12 -96
88 13 39
88 15 66
88 16 52
88 19 38
88 20 -22
88 21 -11
88 22 -25
88 26 -23
88 27 59
88 29 7
88 30 98
88 31 -41
88 34 -81
88 39 -38
88 45 71
88 47 -81
88 48 20
88 49 -95
88 50 74
88 51 -7
88 52 6
88 53 -56
88 54 15
88 55 -29
88 57 -57
88 58 46
88 60 -23
88 61 18
88 64 8
88 65 -52
88 66 13
88 67 62
88 68 -81
88 69 -71
88 70 -67
88 72 60
88 73 41
88 74 51
88 75 80
88 76 -79
88 78 -92
88 79 -37
88 82 90
88 83 24
88 84 22
88 85 32
88 86 -85
88 87 -72
88 88 -1
88 89 -63
88 90 92
88 92 38
88 93 -65
88 94 29
88 95 53
88 96 64
88 97 13
89 0 -67
89 1 -40
89 2 -27
89 6 -91
89 7 61
89 8 53
89 9 -14
89 11 89
89 16 89
89 18 51
89 20 92
89 21 -60
89 22 -91
89 23 -17
89 27 5
89 29 -70
89 30 -36
89 31 -52
89 32 -22
89 33 -49
89 37 -15
89 41 -5
89 42 91
89 44 7
89 46 93
89 47 -55
89 48 -41
89 49 50
89 50 81
89 51 -42
89 53 71
89 55 -67
89 56 61
89 57 54
89 58 84
89 60 49
89 61 46
89 64 37
89 65 74
89 66 31
89 67 -5
89 72 -29
89 73 -4
89 74 -51
89 76 -10
89 77 59
89 78 -92
89 80 -60
89 81 -72
89 82 94
89 84 51
89 85 -6
89 86 -34
89 87 -75
89 88 69
89 90 42
89 92 -31
89 95 80
90 0 -52
90 4 -10
90 5 -18
90 7 54
90 8 56
90 10 -74
90 11 85
90 13 67
90 16 83
90 18 -89
90 21 98
90 22 -32
90 23 52
90 24 57
90 26 -3
90 27 -89
90 28 31
90 29 -51
90 30 10
90 33 87
90 35 53
90 36 -38
90 37 -14
90 38 -100
90 40 91
90 41 -85
90 42 26
90 44 8
90 45 -86
90 46 -58
90 47 73
90 50 -72
90 53 -69
90 55 -84
90 56 49
90 57 100
90 58 -77
90 59 -20
90 60 -58
90 61 -60
90 62 -86
90 63 37
90 64 1
90 65 -35
90 67 62
90 69 38
90 70 86
90 71 -7
90 72 93
90 73 -59
90 74 41
90 76 -58
90 77 25
90 78 88
90 79 -14
90 81 -60
90 82 30
90 84 68
90 85 38
90 87 42
90 88 20
90 89 -70
90 90 63
90 91 -49
90 93 -5
90 94 -9
90 95 -37
90 96 -97
90 97 -68
90 98 -4
91 0 -67
91 1 -59
91 2 -19
91 4 16
91 5 89
91 6 13
91 7 -37
91 8 10
91 9 12
91 10 46
91 11 -16
91 12 -84
91 13 -96
91 16 -77
91 17 35
91 19 -98
91 20 -68
91 22 -96
91 24 -70
91 26 -44
91 27 84
91 28 96
91 29 75
91 31 -72
91 32 -18
91 33 -97
91 36 76
91 37 -50
91 39 55
91 40 -88
91 41 5
91 43 -6
91 44 -64
91 47 37
91 48 -99
91 50 -86
91 51 -53
91 52 37
91 53 -59
91 54 11
91 56 47
91 57 70
91 58 -80
91 59 10
91 60 -42
91 61 -31
91 65 -7
91 70 48
91 71 -31
91 72 57
91 73 -43
91 75 -83
91 79 -5
91 80 49
91 82 -81
91 83 62
91 84 73
91 86 40
91 87 99
91 89 96
91 91 -69
91 92 -100
91 93 28
91 94 -68
91 95 -78
91 96 26
91 97 54
92 1 -22
92 2 46
92 3 87
92 5 -19
92 7 -28
92 8 -19
92 9 43
92 10 26
92 11 -61
92 12 -25
92 13 67
92 14 99
92 15 -49
92 16 93
92 17 -94
92 20 100
92 21 -65
92 22 93
92 24 56
92 25 14
92 27 -44
92 31 77
92 32 -33
92 35 -27
92 37 77
92 38 -38
92 39 96
92 41 -81
92 42 -85
92 43 -83
92 44 -98
92 45 -27
92 46 35
92 48 63
92 49 -79
92 50 95
92 51 -77
92 52 39
92 53 56
92 55 47
92 56 -42
92 57 50
92 58 53
92 60 23
92 61 -55
92 62 -30
92 64 55
92 66 -46
92 68 35
92 69 -11
92 71 8
92 72 -58
92 74 24
92 75 4
92 77 78
92 78 -96
92 79 -16
92 80 63
92 81 -70
92 82 -43
92 83 -41
92 84 -45
92 86 35
92 93 -75
92 94 -92
92 96 -30
92 97 -68
92 98 93
92 99 -24
93 0 -34
93 2 64
93 3 16
93 4 6
93 5 84
93 8 54
93 9 51
93 12 99
93 13 -86
93 14 16
93 15 -23
93 16 9
93 17 31
93 18 -62
93 19 38
93 20 -93
93 21 76
93 23 -46
93 24 39
93 25 76
93 26 45
93 27 58
93 28 10
93 29 -25
93 31 3
93 32 62
93 33 17
93 34 91
93 37 -45
93 38 -26
93 39 79
93 41 -87
93 43 -83
93 46 -12
93 47 40
93 49 -44
93 51 -53
93 52 -67
93 53 4
93 54 -29
93 56 -97
93 58 54
93 59 66
93 60 39
93 61 74
93 62 45
93 64 -51
93 65 -83
93 66 79
93 67 -45
93 68 -2
93 70 78
93 71 -76
93 72 20
93 74 21
93 76 84
93 77 -55
93 82 -44
93 83 39
93 85 -26
93 86 -90
93 88 -58
93 89 -36
93 90 -35
93 91 -20
93 92 47
93 93 -54
93 94 11
93 95 -17
93 96 -45
93 97 -8
93 99 4
94 0 67
94 2 75
94 3 -45
94 4 -46
94 6 -50
94 8 -29
94 9 -9
94 10 70
94 11 -34
94 13 9
94 15 -11
94 18 44
94 19 -27
94 20 13
94 21 -99
94 22 82
94 23 88
94 24 64
94 25 -22
94 26 -88
94 27 -56
94 28 22
94 29 45
94 31 51
94 32 5
94 34 -28
94 36 15
94 37 99
94 39 68
94 41 43
94 42 92
94 43 -62
94 44 95
94 46 -35
94 48 16
94 53 -19
94 55 -80
94 59 64
94 60 -48
94 61 77
94 62 56
94 65 -84
94 66 -91
94 68 -14
94 69 -7
94 70 47
94 75 87
94 77 -36
94 78 91
94 79 68
94 82 -55
94 83 -53
94 85 40
94 88 98
94 90 82
94 91 -55
94 92 -99
94 96 72
94 97 -36
94 99 -74
95 0 -7
95 2 -27
95 3 86
95 4 -16
95 7 80
95 9 -65
95 10 -22
95 11 9
95 13 -18
95 14 -39
95 16 64
95 17 45
95 19 76
95 20 -36
95 21 -20
95 22 -95
95 23 21
95 24 17
95 25 6
95 27 83
95 29 -19
95 31 -48
95 32 -77
95 33 -19
95 34 69
95 36 16
95 37 92
95 39 -76
95 40 -6
95 41 -41
95 44 17
95 45 63
95 46 8
95 47 89
95 48 72
95 50 84
95 51 76
95 52 49
95 54 11
95 55 46
95 56 89
95 57 -41
95 59 84
95 62 37
95 63 -80
95 64 49
95 66 -83
95 68 -2
95 73 -21
95 74 27
95 77 84
95 78 66
95 79 -50
95 80 76
95 81 -46
95 82 -44
95 83 91
95 84 93
95 85 46
95 87 -12
95 89 66
95 91 -37
95 92 -13
95 93 -4
95 95 -71
95 97 46
95 98 -67
95 99 42
96 0 66
96 1 -100
96 3 -13
96 4 57
96 8 88
96 9 18
96 10 -50
96 13 26
96 14 -46
96 15 59
96 16 27
96 17 -56
96 18 -68
96 19 67
96 21 -2
96 24 -26
96 26 68
96 27 -87
96 28 12
96 29 -79
96 30 -61
96 32 -37
96 40 -100
96 41 -26
96 42 -63
96 43 -20
96 44 -24
96 47 2
96 49 -21
96 50 26
96 52 -65
96 53 -84
96 54 -38
96 57 -17
96 58 17
96 60 92
96 61 -14
96 64 -73
96 66 -100
96 69 -91
96 71 79
96 73 25
96 74 -39
96 75 -72
96 76 -33
96 77 -18
96 79 10
96 80 -78
96 81 9
96 84 -72
96 87 40
96 88 -70
96 89 33
96 90 96
96 91 -100
96 93 45
96 94 -60
96 95 -34
96 96 34
96 97 -89
97 0 55
97 1 -5
97 2 64
97 5 81
97 7 40
97 9 62
97 10 -66
97 12 -41
97 13 -39
97 18 8
97 19 -66
97 20 13
97 21 2
97 22 -48
97 23 70
97 24 -6
97 25 17
97 27 51
97 28 -55
97 29 70
97 30 -85
97 31 72
97 32 -88
97 35 7
97 37 80
97 38 51
97 39 1
97 40 16
97 41 -63
97 44 -55
97 46 -96
97 48 44
97 49 46
97 50 -93
97 51 -66
97 53 29
97 54 65
97 55 -22
97 56 -57
97 59 47
97 60 -37
97 61 -92
97 62 -14
97 63 94
97 65 -87
97 66 -19
97 67 12
97 69 84
97 70 24
97 71 62
97 72 -53
97 73 -88
97 74 18
97 75 33
97 77 36
97 78 -16
97 79 1
97 82 -84
97 84 -14
97 85 92
97 87 62
97 88 14
97 89 -21
97 90 -100
97 91 -13
97 93 -21
97 94 10
97 95 40
97 96 81
97 97 91
97 98 50
97 99 4
98 0 -23
98 1 11
98 2 -50
98 4 41
98 6 -18
98 7 91
98 8 87
98 9 83
98 10 -31
98 11 -54
98 12 -70
98 13 -100
98 14 -30
98 15 -55
98 16 -5
98 17 74
98 18 63
98 22 -72
98 23 61
98 24 -61
98 27 -72
98 34 43
98 37 -21
98 38 -96
98 40 -99
98 41 -85
98 42 34
98 43 11
98 45 58
98 46 -76
98 47 -99
98 48 -89
98 49 56
98 51 70
98 52 79
98 54 98
98 55 -95
98 56 5
98 57 53
98 58 -68
98 59 30
98 60 13
98 61 31
98 62 22
98 63 77
98 65 14
98 66 -49
98 67 54
98 69 67
98 70 -78
98 71 -72
98 74 45
98 76 99
98 79 -65
98 80 -38
98 82 26
98 83 21
98 84 -56
98 85 -31
98 87 -32
98 88 19
98 89 34
98 90 -88
98 92 -96
98 94 47
98 95 58
98 98 -13
98 99 91
99 2 -90
99 3 -79
99 5 -23
99 7 31
99 8 -81
99 9 54
99 10 -41
99 12 -91
99 13 -45
99 17 -69
99 19 -18
99 20 -37
99 21 -25
99 22 -19
99 23 38
99 24 2
99 26 -72
99 27 16
99 28 -31
99 29 40
99 30 -73
99 31 40
99 33 59
99 34 56
99 39 -37
99 41 -4
99 42 79
99 43 90
99 44 73
99 46 -60
99 47 -64
99 49 -82
99 50 74
99 51 -19
99 52 56
99 53 67
99 56 24
99 58 13
99 59 -20
99 60 -74
99 61 8
99 62 100
99 65 75
99 67 51
99 69 -92
99 72 -89
99 73 -8
99 74 -4
99 76 -34
99 77 -22
99 78 -38
99 80 87
99 82 8
99 84 -29
99 86 64
99 87 54
99 88 17
99 89 40
99 90 67
99 91 -50
99 92 43
99 93 87
99 94 -60
99 95 56
99 96 17
99 97 -48
99 98 -24