0 0 43
0 1 95
0 2 10
0 3 86
0 4 -26
0 5 49
0 6 -32
0 7 -83
0 8 37
0 9 2
1 0 -4
1 2 -94
1 3 33
1 4 -40
1 5 53
1 6 69
1 7 -58
1 8 -80
1 9 -49
2 0 -95
2 1 84
2 2 98
2 4 -75
2 5 -15
2 6 -10
2 7 -24
2 8 -50
2 9 31
3 0 -96
3 1 42
3 2 -33
3 3 32
3 5 61
3 6 86
3 7 70
3 8 -53
3 9 -99
4 0 1
4 1 100
4 2 50
4 4 -81
4 5 -79
4 6 40
4 7 86
4 8 11
4 9 -11
5 0 88
5 1 -76
5 2 74
5 3 91
5 4 -28
5 5 77
5 6 -27
5 8 99
5 9 59
6 0 -35
6 1 -47
6 3 -18
6 4 -60
6 6 -81
6 7 18
6 8 51
6 9 -42
7 0 1
7 1 90
7 2 22
7 3 -27
7 4 -62
7 5 -30
7 6 88
7 7 89
7 9 82
8 0 4
8 1 77
8 2 -63
8 3 38
8 4 -1
8 5 75
8 6 57
8 7 81
8 8 -59
8 9 -62
9 0 -74
9 2 23
9 3 37
9 4 -28
9 6 -37
9 7 -9
9 8 28