0 0 66
0 2 -47
0 3 -91
0 4 -62
0 5 -57
0 6 3
0 7 24
0 8 3
0 9 -63
0 11 53
0 12 40
0 13 -24
0 15 70
0 16 85
0 19 -6
0 20 4
0 22 -57
0 23 91
0 24 -28
0 25 -52
0 26 -8
0 27 10
0 28 99
0 29 98
0 30 13
0 31 -87
0 32 -86
0 33 73
0 34 60
0 35 -3
0 36 -33
0 37 32
0 39 -21
0 40 -27
0 41 52
0 42 -50
0 44 -10
0 45 -16
0 46 5
0 47 40
0 48 61
0 49 -21
1 0 -18
1 1 65
1 2 83
1 4 -12
1 5 -13
1 6 97
1 7 -100
1 9 -40
1 10 -70
1 11 30
1 12 -20
1 13 -13
1 14 -83
1 15 -32
1 16 -39
1 17 -39
1 18 -61
1 19 35
1 20 -43
1 21 -50
1 22 -22
1 23 34
1 24 30
1 25 48
1 27 -83
1 28 -26
1 29 -10
1 30 55
1 31 -91
1 32 9
1 33 -8
1 34 67
1 35 -47
1 36 -23
1 37 -71
1 38 84
1 39 -76
1 40 -80
1 41 24
1 42 -74
1 43 -23
1 44 -60
1 45 -83
1 46 -24
1 47 -71
1 48 49
1 49 -32
2 0 -70
2 1 -89
2 2 -61
2 3 -32
2 4 88
2 5 53
2 6 99
2 7 80
2 10 77
2 11 7
2 14 -33
2 15 -72
2 16 -85
2 18 97
2 19 -92
2 20 33
2 21 84
2 22 42
2 23 78
2 24 -41
2 26 79
2 28 98
2 29 -38
2 30 -68
2 31 -78
2 32 -86
2 33 -93
2 34 -81
2 36 2
2 37 15
2 38 -5
2 39 -27
2 40 -90
2 41 92
2 42 -73
2 43 -90
2 44 43
2 45 -24
2 46 89
2 47 100
2 48 -67
2 49 -80
3 0 -78
3 1 -26
3 2 -31
3 3 -62
3 4 65
3 5 61
3 6 -38
3 7 -46
3 9 -38
3 11 -59
3 12 61
3 13 45
3 14 92
3 16 2
3 17 -51
3 19 58
3 20 -59
3 21 99
3 22 -11
3 23 12
3 24 13
3 25 36
3 26 -18
3 27 -61
3 28 -18
3 29 -95
3 30 51
3 31 35
3 32 26
3 33 52
3 34 66
3 35 87
3 36 65
3 37 12
3 38 -83
3 39 -50
3 40 87
3 41 53
3 42 -99
3 43 5
3 44 -60
3 46 31
3 47 77
3 48 -89
3 49 -83
4 1 -55
4 2 97
4 3 -97
4 4 74
4 5 24
4 7 -66
4 10 93
4 11 -32
4 12 -37
4 13 -2
4 14 96
4 15 -42
4 16 12
4 17 -15
4 18 35
4 19 -83
4 20 32
4 21 60
4 22 -56
4 23 45
4 25 58
4 26 -2
4 27 -57
4 28 40
4 29 -41
4 31 72
4 33 74
4 34 37
4 37 90
4 38 91
4 39 -61
4 41 -14
4 42 -52
4 43 -95
4 44 80
4 45 63
4 46 -27
4 47 -67
4 48 -65
4 49 61
5 0 55
5 2 69
5 3 41
5 4 -73
5 6 56
5 7 -55
5 8 84
5 9 90
5 10 16
5 11 -14
5 13 -52
5 14 25
5 15 9
5 17 -55
5 18 53
5 19 20
5 20 -73
5 21 -15
5 22 83
5 23 -44
5 24 59
5 25 -6
5 26 -37
5 27 59
5 28 -56
5 29 -11
5 31 16
5 32 -23
5 33 1
5 35 -46
5 38 -14
5 39 7
5 40 84
5 41 25
5 43 44
5 44 -97
5 45 70
5 46 80
5 47 -20
5 48 61
6 0 -53
6 1 31
6 2 -79
6 3 -1
6 4 75
6 6 -26
6 7 -7
6 8 -98
6 9 -76
6 10 3
6 11 -73
6 12 30
6 13 32
6 14 65
6 15 22
6 16 -14
6 18 -56
6 19 -75
6 20 -56
6 21 13
6 22 -87
6 23 6
6 24 30
6 25 -59
6 26 -83
6 27 -95
6 28 10
6 29 -49
6 30 97
6 32 91
6 34 76
6 35 65
6 37 93
6 38 -3
6 39 -62
6 40 -26
6 41 -33
6 42 42
6 43 -59
6 44 -88
6 45 -62
6 46 -34
6 47 30
6 48 -23
7 0 -88
7 1 -94
7 2 -86
7 3 -91
7 4 47
7 5 52
7 7 73
7 8 -18
7 9 46
7 10 37
7 11 10
7 13 20
7 14 64
7 16 58
7 17 -74
7 18 63
7 19 -21
7 20 -8
7 21 -43
7 22 -49
7 23 -78
7 24 87
7 25 61
7 26 -63
7 28 -85
7 29 3
7 30 7
7 31 7
7 32 -3
7 33 -40
7 34 -81
7 36 18
7 37 -84
7 38 -29
7 39 35
7 41 -30
7 42 -45
7 43 -80
7 44 86
7 45 80
7 47 19
7 48 94
7 49 -55
8 0 -35
8 1 46
8 2 -97
8 3 39
8 4 -55
8 5 -25
8 6 -52
8 7 -37
8 8 -75
8 9 -97
8 10 -57
8 11 -89
8 12 -43
8 13 -82
8 14 97
8 15 52
8 16 94
8 17 -4
8 18 -9
8 19 50
8 20 -88
8 21 3
8 22 -65
8 23 -62
8 24 -45
8 25 15
8 26 7
8 27 1
8 28 97
8 29 -79
8 30 -18
8 31 -72
8 32 4
8 33 18
8 34 90
8 35 21
8 37 -46
8 38 -51
8 40 -71
8 41 -35
8 42 13
8 43 -67
8 44 -4
8 45 -36
8 46 -50
8 47 -58
8 48 2
8 49 63
9 0 13
9 1 -37
9 2 -57
9 3 -29
9 4 13
9 5 29
9 6 33
9 7 33
9 8 82
9 11 81
9 12 -100
9 13 55
9 14 -63
9 15 38
9 16 44
9 17 100
9 18 35
9 19 -3
9 20 -16
9 21 90
9 22 -19
9 23 88
9 24 27
9 26 -55
9 27 -77
9 28 26
9 29 -3
9 30 -46
9 31 -8
9 32 -23
9 33 84
9 34 18
9 35 -31
9 36 34
9 37 -31
9 38 20
9 40 34
9 41 -35
9 42 49
9 43 -1
9 44 31
9 45 92
9 46 2
9 47 39
9 48 -5
9 49 67
10 0 18
10 1 18
10 2 59
10 3 -79
10 4 -95
10 5 64
10 7 -43
10 8 43
10 9 -83
10 11 91
10 13 -94
10 14 -96
10 16 -76
10 17 -10
10 18 41
10 20 30
10 21 2
10 22 80
10 23 28
10 24 17
10 26 -96
10 27 -60
10 28 -56
10 29 81
10 30 99
10 31 -53
10 32 75
10 33 -5
10 34 4
10 35 -13
10 37 -24
10 38 -94
10 39 45
10 40 -97
10 41 5
10 42 -34
10 43 -6
10 44 -78
10 45 -39
10 46 -97
10 47 -52
10 48 6
10 49 48
11 0 8
11 2 41
11 3 -18
11 4 79
11 5 7
11 6 67
11 7 2
11 8 64
11 9 75
11 10 39
11 11 7
11 12 5
11 13 9
11 14 -30
11 15 -95
11 16 81
11 17 95
11 18 -44
11 20 93
11 21 -70
11 22 -98
11 23 -77
11 24 63
11 25 -94
11 26 -32
11 27 -92
11 28 -69
11 29 -75
11 30 8
11 31 -54
11 32 -56
11 33 75
11 34 47
11 35 -62
11 36 -8
11 37 -47
11 38 -51
11 39 55
11 40 -71
11 41 62
11 43 -18
11 45 -100
11 47 -49
11 48 18
11 49 63
12 0 83
12 1 -14
12 2 -59
12 4 10
12 6 55
12 7 -70
12 9 -85
12 10 -32
12 11 -2
12 12 -38
12 13 -72
12 15 -9
12 16 -69
12 17 -7
12 18 -73
12 19 -38
12 20 -94
12 21 -10
12 22 52
12 24 85
12 25 23
12 26 92
12 27 58
12 28 -62
12 29 8
12 30 -17
12 31 -76
12 32 32
12 33 -71
12 34 -50
12 35 15
12 36 -88
12 37 -23
12 38 21
12 39 -73
12 40 -4
12 41 18
12 42 72
12 44 -50
12 45 -46
12 46 -12
12 47 14
13 0 37
13 1 89
13 2 63
13 3 -50
13 4 83
13 5 79
13 6 -21
13 7 42
13 8 -1
13 10 -21
13 11 1
13 12 48
13 13 29
13 14 26
13 15 -60
13 16 -82
13 18 -17
13 19 -45
13 20 -58
13 21 22
13 22 58
13 23 63
13 24 91
13 26 98
13 27 -89
13 28 -40
13 30 -94
13 31 26
13 32 43
13 33 29
13 34 -79
13 35 94
13 36 86
13 38 62
13 39 29
13 41 -32
13 42 7
13 43 -88
13 45 70
13 46 15
13 47 48
13 48 19
13 49 -75
14 0 -93
14 1 -59
14 2 -64
14 3 23
14 4 30
14 5 -71
14 7 -5
14 8 94
14 9 9
14 10 -88
14 13 -90
14 14 66
14 15 -59
14 16 71
14 17 29
14 18 -17
14 19 -94
14 21 56
14 22 10
14 23 51
14 24 25
14 25 93
14 26 62
14 28 26
14 29 -84
14 30 6
14 33 -23
14 34 -6
14 35 -21
14 36 -88
14 37 24
14 38 -18
14 40 97
14 41 54
14 42 14
14 44 -77
14 45 26
14 47 -75
15 0 94
15 1 -97
15 3 -52
15 4 -21
15 5 24
15 6 21
15 7 -1
15 8 -18
15 9 -10
15 10 -84
15 11 -29
15 12 -41
15 13 -48
15 14 -64
15 15 -17
15 16 -45
15 17 -80
15 18 61
15 19 21
15 20 -30
15 21 -35
15 22 18
15 23 83
15 25 90
15 26 2
15 27 -69
15 28 27
15 29 -68
15 30 2
15 31 79
15 32 94
15 33 -78
15 34 -89
15 35 -12
15 36 60
15 38 -75
15 39 1
15 40 -36
15 41 -55
15 42 83
15 43 -95
15 44 -81
15 45 -78
15 46 50
15 48 80
15 49 -30
16 0 45
16 1 -16
16 2 55
16 3 47
16 4 92
16 5 -19
16 6 49
16 7 98
16 8 -11
16 9 80
16 10 24
16 11 84
16 12 -24
16 13 -62
16 14 -64
16 15 -51
16 16 46
16 17 26
16 18 -58
16 19 96
16 20 -23
16 21 33
16 22 -58
16 23 50
16 24 -66
16 27 -67
16 28 15
16 29 89
16 30 -83
16 31 42
16 32 26
16 33 41
16 34 82
16 35 -16
16 37 -5
16 38 -90
16 39 -70
16 40 -90
16 41 92
16 42 -15
16 43 61
16 44 25
16 45 90
16 46 53
16 48 55
16 49 -47
17 0 69
17 1 -44
17 2 -38
17 3 -33
17 4 77
17 5 -35
17 6 83
17 7 -25
17 8 -98
17 9 -19
17 10 -8
17 11 -20
17 12 -45
17 13 -53
17 15 -37
17 16 -36
17 17 60
17 19 7
17 20 18
17 21 -64
17 22 -53
17 23 21
17 24 -63
17 27 26
17 28 71
17 29 -19
17 30 43
17 31 -1
17 32 -67
17 33 28
17 34 -94
17 35 69
17 36 -22
17 37 -82
17 38 -61
17 39 13
17 40 78
17 42 -71
17 43 -58
17 44 42
17 45 64
17 46 -23
17 47 20
17 49 -87
18 0 39
18 1 42
18 3 -61
18 4 -60
18 5 -97
18 6 23
18 7 -35
18 8 -79
18 9 55
18 10 56
18 11 4
18 12 35
18 13 19
18 14 -80
18 15 -30
18 17 29
18 18 16
18 19 9
18 21 37
18 22 -51
18 23 -59
18 24 30
18 26 -21
18 27 72
18 28 25
18 29 57
18 31 -97
18 33 98
18 34 -82
18 35 -71
18 36 -82
18 37 -35
18 38 -50
18 39 -32
18 41 -74
18 42 -62
18 43 57
18 44 28
18 45 -13
18 46 -94
18 47 86
18 48 97
18 49 -100
19 0 17
19 1 -7
19 3 -51
19 4 -4
19 5 -15
19 6 -29
19 7 15
19 9 -94
19 10 -14
19 11 -27
19 14 -69
19 16 -71
19 17 -68
19 18 18
19 19 72
19 20 -17
19 21 49
19 22 85
19 24 -36
19 25 75
19 27 -79
19 28 -82
19 29 -91
19 30 -99
19 31 -43
19 32 -45
19 33 -97
19 34 -49
19 36 40
19 37 26
19 39 -86
19 40 87
19 41 9
19 42 -100
19 43 -54
19 44 39
19 45 -68
19 48 9
20 0 84
20 1 -65
20 2 -54
20 3 -25
20 4 -93
20 5 -13
20 8 -23
20 9 54
20 10 -86
20 11 4
20 12 -72
20 13 -14
20 14 61
20 15 15
20 16 87
20 17 84
20 18 19
20 19 54
20 20 -50
20 21 -70
20 22 -22
20 23 -1
20 24 -77
20 25 -40
20 26 65
20 27 -55
20 28 -53
20 30 77
20 31 -58
20 32 15
20 33 -26
20 36 62
20 37 -18
20 38 53
20 39 -100
20 40 -90
20 41 63
20 42 70
20 43 -57
20 44 -3
20 45 67
20 46 47
20 47 61
20 48 65
20 49 34
21 0 -60
21 1 30
21 2 20
21 3 97
21 4 -91
21 5 -72
21 6 33
21 7 3
21 8 59
21 9 -38
21 10 42
21 11 -20
21 12 -6
21 13 -82
21 14 34
21 15 29
21 17 -13
21 19 83
21 20 -91
21 21 19
21 22 -32
21 23 58
21 25 89
21 26 35
21 27 68
21 28 -29
21 29 55
21 30 -71
21 31 22
21 34 12
21 35 -32
21 37 -17
21 38 -73
21 39 -55
21 40 95
21 41 -43
21 42 -74
21 44 73
21 45 17
21 46 23
21 47 -71
21 48 -25
22 0 -9
22 2 -15
22 3 52
22 5 -94
22 8 -87
22 9 -20
22 10 -63
22 12 79
22 13 47
22 14 -23
22 15 -29
22 16 76
22 17 -8
22 18 92
22 19 9
22 20 17
22 21 8
22 22 27
22 23 -64
22 24 21
22 25 -21
22 26 -99
22 27 56
22 28 27
22 29 -14
22 30 -66
22 31 70
22 32 -38
22 33 36
22 34 -13
22 35 -51
22 36 75
22 38 3
22 40 79
22 41 40
22 42 -28
22 43 -27
22 44 57
22 46 27
22 47 -75
22 48 66
22 49 -58
23 0 37
23 1 -48
23 2 -54
23 3 -18
23 4 85
23 5 -3
23 6 23
23 7 -33
23 8 56
23 9 77
23 10 -74
23 11 68
23 12 70
23 13 89
23 14 97
23 15 -13
23 16 59
23 18 -87
23 19 -5
23 21 -11
23 22 14
23 23 65
23 24 12
23 25 -27
23 26 80
23 27 68
23 28 -91
23 29 70
23 30 1
23 31 -21
23 33 -71
23 34 52
23 35 -24
23 36 -7
23 37 -61
23 40 32
23 41 -65
23 42 66
23 43 78
23 44 57
23 45 1
23 46 15
23 47 -17
23 48 80
23 49 81
24 0 56
24 1 -6
24 2 -36
24 4 61
24 6 -95
24 7 15
24 8 50
24 12 -44
24 13 -78
24 15 -15
24 16 96
24 17 68
24 18 -55
24 19 81
24 20 -58
24 21 79
24 22 -72
24 25 -81
24 26 -20
24 27 -29
24 28 62
24 29 41
24 30 41
24 31 21
24 32 -60
24 33 98
24 34 -71
24 36 -39
24 37 -44
24 38 -81
24 39 -35
24 40 -43
24 41 -50
24 42 -45
24 43 8
24 45 -61
24 46 -10
24 47 -88
24 49 42
25 0 96
25 2 74
25 4 -59
25 5 88
25 6 62
25 7 55
25 8 -78
25 10 -19
25 13 -69
25 14 -31
25 15 29
25 16 -75
25 17 -68
25 18 -62
25 20 -4
25 21 -84
25 22 -4
25 23 41
25 24 -9
25 25 74
25 26 38
25 27 -95
25 28 78
25 29 -29
25 30 8
25 31 11
25 32 -57
25 33 -46
25 34 -50
25 35 -62
25 36 24
25 37 49
25 38 57
25 39 -83
25 40 84
25 41 43
25 42 36
25 43 87
25 44 -54
25 45 58
25 46 -73
25 47 -12
25 48 -91
25 49 64
26 0 88
26 1 -50
26 2 39
26 4 -72
26 5 -96
26 6 -5
26 7 12
26 8 -49
26 9 86
26 10 -61
26 13 34
26 14 84
26 15 71
26 16 1
26 17 -73
26 18 -37
26 19 22
26 20 3
26 21 -70
26 22 94
26 23 37
26 24 88
26 25 -43
26 27 84
26 28 -7
26 29 -32
26 30 -68
26 31 65
26 32 -7
26 33 8
26 34 -50
26 35 62
26 36 100
26 37 -14
26 38 -84
26 39 -89
26 40 -32
26 41 -22
26 42 -95
26 43 5
26 44 -1
26 45 11
26 46 47
26 47 55
26 48 -66
26 49 45
27 0 -31
27 1 -72
27 2 -65
27 4 26
27 5 -31
27 6 68
27 7 82
27 8 -89
27 9 -11
27 10 -75
27 11 83
27 12 74
27 15 49
27 16 -58
27 18 -83
27 19 -69
27 20 -75
27 21 -68
27 23 53
27 24 12
27 25 -47
27 26 20
27 27 -31
27 28 -48
27 29 100
27 30 93
27 31 77
27 32 83
27 33 -83
27 35 -74
27 36 64
27 38 -3
27 40 69
27 41 35
27 42 -58
27 43 50
27 44 14
27 45 -73
27 47 46
27 48 -81
27 49 84
28 0 91
28 1 -85
28 2 5
28 3 76
28 4 96
28 5 38
28 6 -9
28 8 63
28 9 64
28 10 -60
28 11 3
28 12 -25
28 13 -90
28 14 39
28 15 32
28 16 85
28 17 7
28 18 63
28 19 41
28 20 -92
28 21 -62
28 22 -86
28 24 19
28 25 -16
28 26 98
28 28 20
28 29 5
28 30 92
28 31 55
28 32 -30
28 33 51
28 34 -63
28 35 8
28 36 67
28 37 -98
28 38 -27
28 40 50
28 41 -31
28 42 11
28 43 -30
28 44 -1
28 45 68
28 46 -60
28 47 82
28 48 66
28 49 34
29 0 20
29 1 -7
29 2 -12
29 3 20
29 4 -11
29 5 -23
29 6 1
29 7 99
29 8 -43
29 9 35
29 11 -21
29 12 17
29 13 39
29 14 22
29 16 76
29 17 -33
29 18 22
29 19 -12
29 21 -96
29 22 -89
29 23 -72
29 24 99
29 25 9
29 26 -82
29 27 77
29 28 89
29 29 -81
29 30 64
29 31 -13
29 32 -4
29 34 -76
29 35 1
29 36 -84
29 37 -34
29 38 -84
29 39 -15
29 40 82
29 41 67
29 42 21
29 43 8
29 44 -10
29 45 -69
29 46 -83
29 48 50
29 49 -18
30 0 -22
30 1 -57
30 3 -16
30 4 83
30 5 54
30 6 97
30 7 -78
30 8 24
30 10 -45
30 12 30
30 13 78
30 14 -97
30 15 -88
30 16 -19
30 17 -100
30 18 -80
30 20 85
30 21 18
30 22 -62
30 23 -45
30 24 67
30 25 79
30 26 51
30 27 -98
30 29 22
30 30 67
30 31 48
30 32 29
30 33 23
30 34 82
30 36 48
30 37 66
30 38 62
30 40 48
30 41 -99
30 42 -32
30 43 -9
30 44 23
30 45 -1
30 46 -68
30 47 -53
30 49 29
31 0 29
31 2 -34
31 4 -22
31 5 37
31 6 -6
31 7 86
31 9 -57
31 11 66
31 12 13
31 13 25
31 14 37
31 15 22
31 17 -62
31 18 75
31 19 11
31 20 70
31 21 -69
31 22 -100
31 23 -80
31 24 78
31 25 46
31 26 37
31 27 -33
31 29 37
31 30 -47
31 31 61
31 32 92
31 33 -92
31 34 -52
31 35 57
31 36 -57
31 38 -20
31 39 46
31 40 -27
31 41 72
31 42 -85
31 43 -93
31 44 -58
31 46 13
31 47 -78
31 48 -65
32 0 77
32 1 -87
32 2 8
32 3 66
32 4 -84
32 5 -89
32 6 -65
32 7 62
32 8 -93
32 9 14
32 10 88
32 11 -40
32 12 -94
32 13 54
32 14 -32
32 15 3
32 16 -59
32 17 99
32 18 84
32 19 -66
32 20 -82
32 21 75
32 22 -45
32 23 -100
32 25 57
32 26 59
32 27 -66
32 28 -99
32 29 -9
32 30 3
32 31 -32
32 32 50
32 33 77
32 34 -61
32 35 60
32 36 -80
32 37 -71
32 39 -95
32 40 -91
32 41 -100
32 42 -34
32 43 -81
32 44 -41
32 46 89
32 47 -15
32 48 35
32 49 95
33 1 65
33 2 -72
33 3 -92
33 4 49
33 5 98
33 6 -41
33 7 17
33 8 50
33 10 -40
33 11 60
33 13 -84
33 14 85
33 17 58
33 18 -58
33 20 -22
33 21 -4
33 23 41
33 24 45
33 25 55
33 26 19
33 27 41
33 28 19
33 29 -44
33 30 58
33 31 -65
33 32 -56
33 33 -65
33 34 75
33 35 1
33 36 45
33 37 -45
33 38 22
33 39 95
33 40 -32
33 41 69
33 42 -30
33 43 -85
33 44 74
33 45 -39
33 46 -62
33 47 -74
33 48 24
33 49 88
34 0 -58
34 1 3
34 2 11
34 3 -86
34 6 -98
34 7 -75
34 8 -33
34 9 99
34 12 -41
34 14 91
34 15 81
34 17 65
34 18 -12
34 19 -95
34 22 -19
34 23 -66
34 24 25
34 25 45
34 26 18
34 27 -50
34 28 -39
34 29 -6
34 30 4
34 31 51
34 32 -43
34 34 8
34 35 -94
34 36 -55
34 37 8
34 38 58
34 39 82
34 42 95
34 43 42
34 44 11
34 46 -81
34 47 -95
34 48 -94
34 49 68
35 0 -59
35 1 -18
35 2 -91
35 3 -64
35 5 7
35 6 12
35 8 -59
35 9 11
35 10 65
35 11 10
35 12 65
35 13 -70
35 14 -6
35 15 -40
35 16 -35
35 18 -82
35 19 -90
35 21 -82
35 22 51
35 23 86
35 25 69
35 26 -9
35 27 -8
35 28 -23
35 30 -63
35 31 -65
35 32 -22
35 33 -5
35 37 -31
35 38 93
35 40 -6
35 41 -48
35 42 -83
35 43 -53
35 44 -51
35 45 -80
35 46 -72
35 47 -65
35 48 38
36 0 -55
36 1 4
36 2 -78
36 3 -15
36 4 -53
36 6 -5
36 7 -30
36 8 -11
36 9 75
36 11 -88
36 12 65
36 13 -92
36 14 -21
36 15 29
36 16 -57
36 17 53
36 18 9
36 19 -28
36 20 81
36 21 24
36 22 80
36 23 -17
36 24 96
36 25 71
36 26 -39
36 27 90
36 28 -28
36 29 -77
36 30 44
36 31 -86
36 32 -36
36 33 16
36 34 35
36 35 1
36 36 23
36 37 -9
36 38 44
36 39 61
36 40 -18
36 41 -29
36 42 -90
36 43 -73
36 44 57
36 45 3
36 46 19
36 47 -41
36 48 63
36 49 -94
37 1 -83
37 2 13
37 3 -75
37 4 21
37 5 -41
37 6 -54
37 8 41
37 9 -7
37 11 73
37 12 60
37 14 83
37 15 10
37 16 8
37 18 69
37 20 -48
37 21 -92
37 22 57
37 23 -66
37 24 -28
37 25 -20
37 26 57
37 27 -39
37 28 97
37 29 -21
37 30 -24
37 31 -95
37 32 -65
37 33 33
37 34 29
37 35 -68
37 36 97
37 37 -45
37 38 71
37 39 18
37 40 11
37 41 -76
37 42 61
37 44 -16
37 46 66
37 47 53
37 48 71
37 49 90
38 0 12
38 2 -100
38 3 -48
38 4 -97
38 6 -47
38 7 65
38 8 28
38 9 -79
38 10 70
38 11 -50
38 12 11
38 14 57
38 15 -90
38 17 24
38 18 -25
38 19 -59
38 20 40
38 21 -53
38 22 -15
38 24 -89
38 25 23
38 26 -99
38 27 -5
38 29 -70
38 30 95
38 31 47
38 32 3
38 33 -27
38 34 88
38 35 -97
38 37 59
38 38 18
38 39 -20
38 40 69
38 41 88
38 42 -20
38 43 -74
38 44 -41
38 45 4
38 49 46
39 0 31
39 1 -40
39 2 -75
39 4 5
39 7 -98
39 8 73
39 9 93
39 10 58
39 11 -86
39 12 -62
39 14 50
39 15 2
39 16 73
39 17 -47
39 18 -51
39 19 -35
39 20 40
39 21 65
39 22 -43
39 23 -6
39 24 58
39 25 26
39 26 59
39 27 -58
39 28 53
39 29 62
39 30 -80
39 31 90
39 33 -8
39 34 39
39 35 68
39 36 53
39 37 56
39 38 30
39 39 -65
39 40 -76
39 41 -83
39 42 2
39 43 51
39 45 -28
39 46 76
39 47 81
39 49 -24
40 0 48
40 2 73
40 4 78
40 5 1
40 6 73
40 7 59
40 8 -52
40 9 40
40 10 92
40 11 -39
40 12 27
40 14 -76
40 15 -45
40 16 -9
40 17 100
40 18 59
40 19 93
40 21 55
40 22 93
40 23 61
40 26 61
40 27 16
40 28 -71
40 30 -21
40 32 -63
40 33 -71
40 34 95
40 35 -52
40 36 -63
40 37 67
40 38 -37
40 39 -27
40 40 74
40 41 -29
40 42 61
40 43 -24
40 44 53
40 45 -34
40 47 -5
40 49 32
41 1 -57
41 2 88
41 3 -49
41 5 88
41 6 64
41 7 26
41 9 -62
41 10 7
41 12 25
41 13 69
41 14 -33
41 16 53
41 17 -73
41 18 3
41 19 -82
41 20 9
41 21 -84
41 22 15
41 24 88
41 25 10
41 26 -89
41 27 62
41 28 -55
41 29 4
41 31 31
41 32 -56
41 33 66
41 34 97
41 35 51
41 36 76
41 37 59
41 38 -98
41 39 -93
41 40 62
41 41 25
41 42 72
41 44 -45
41 45 10
41 46 59
41 48 96
42 0 -48
42 1 54
42 2 59
42 3 34
42 4 27
42 5 43
42 6 84
42 7 87
42 8 69
42 9 -41
42 10 -85
42 11 33
42 13 -69
42 14 41
42 15 93
42 16 -82
42 17 17
42 19 -49
42 20 45
42 22 67
42 23 31
42 24 -71
42 26 -61
42 27 -88
42 28 31
42 30 -58
42 31 -85
42 32 19
42 33 73
42 34 -50
42 35 56
42 37 45
42 39 5
42 40 76
42 41 83
42 42 50
42 44 98
42 45 -31
42 46 77
42 47 -11
42 48 -41
42 49 -44
43 1 100
43 2 -5
43 3 3
43 4 -10
43 6 54
43 7 2
43 8 31
43 10 36
43 12 27
43 13 -96
43 14 78
43 15 9
43 16 -28
43 17 -80
43 18 97
43 19 -65
43 21 31
43 22 51
43 23 10
43 24 89
43 26 -94
43 27 30
43 28 -90
43 29 -84
43 30 -55
43 31 72
43 32 -50
43 33 16
43 35 -85
43 36 -87
43 37 -39
43 38 -50
43 39 -6
43 40 -90
43 41 54
43 42 67
43 43 23
43 44 -73
43 45 -96
43 46 -43
43 49 90
44 0 -55
44 2 -74
44 3 -16
44 4 24
44 6 -4
44 7 81
44 8 -41
44 9 51
44 10 14
44 11 82
44 12 -8
44 13 -79
44 14 -38
44 15 71
44 16 98
44 17 -18
44 18 -60
44 20 -83
44 21 97
44 22 -21
44 24 77
44 25 56
44 26 49
44 27 -74
44 28 -1
44 29 35
44 31 -67
44 32 29
44 33 32
44 34 -92
44 36 -95
44 39 49
44 40 -100
44 41 -18
44 42 5
44 43 -13
44 44 76
44 45 -54
44 46 -91
44 47 -89
44 48 -2
44 49 54
45 0 91
45 1 -69
45 2 72
45 3 47
45 4 59
45 5 -44
45 6 -78
45 7 -100
45 8 46
45 9 -5
45 10 34
45 11 25
45 12 -9
45 13 -27
45 14 -95
45 15 98
45 16 83
45 18 96
45 19 34
45 20 94
45 21 54
45 22 95
45 23 -5
45 24 -47
45 25 89
45 26 8
45 27 68
45 28 46
45 29 -27
45 30 -57
45 31 52
45 32 -62
45 33 -29
45 34 18
45 35 2
45 36 -99
45 37 49
45 38 91
45 39 26
45 40 5
45 42 82
45 43 22
45 44 -26
45 45 22
45 46 58
45 47 28
45 48 32
45 49 41
46 0 79
46 1 20
46 2 90
46 3 26
46 4 98
46 6 -37
46 7 -26
46 8 -11
46 9 -58
46 10 -60
46 11 -92
46 12 -55
46 13 49
46 14 66
46 15 -64
46 16 2
46 17 63
46 18 -10
46 19 99
46 20 76
46 21 -34
46 22 95
46 23 -50
46 24 -8
46 25 90
46 26 94
46 27 17
46 28 90
46 29 42
46 31 -64
46 32 28
46 33 15
46 34 29
46 35 40
46 36 -65
46 38 66
46 39 75
46 40 90
46 41 -95
46 42 -12
46 43 -43
46 44 -25
46 45 83
46 46 69
46 47 77
46 48 -58
46 49 -58
47 1 37
47 2 -92
47 3 96
47 4 73
47 5 59
47 6 -79
47 7 7
47 8 93
47 9 -80
47 11 -21
47 13 28
47 15 -25
47 16 55
47 18 24
47 19 99
47 20 -10
47 21 -4
47 22 -35
47 23 41
47 24 59
47 27 -7
47 28 -37
47 29 80
47 30 26
47 31 60
47 32 -90
47 33 -13
47 34 92
47 36 -9
47 37 -52
47 38 54
47 39 83
47 40 -23
47 43 -1
47 44 -40
47 45 -48
47 46 -42
47 47 18
47 49 80
48 0 -53
48 1 -56
48 2 -90
48 3 39
48 4 87
48 5 -2
48 6 -67
48 7 -49
48 8 -68
48 9 81
48 10 53
48 11 32
48 12 75
48 13 -29
48 14 -78
48 15 -44
48 16 -64
48 17 39
48 18 93
48 19 54
48 20 -30
48 21 -33
48 22 73
48 24 -38
48 25 82
48 26 -90
48 27 -69
48 28 87
48 29 86
48 30 73
48 31 -42
48 32 28
48 33 -28
48 34 84
48 35 79
48 36 -34
48 37 -86
48 38 43
48 39 -15
48 40 46
48 41 -66
48 43 -1
48 44 -42
48 45 -52
48 47 49
48 48 -77
49 0 -96
49 1 -7
49 2 93
49 3 28
49 4 -50
49 5 -71
49 6 -6
49 7 -26
49 8 88
49 9 22
49 10 -7
49 11 3
49 12 -11
49 13 6
49 14 1
49 16 -10
49 17 -41
49 18 100
49 19 -1
49 20 -89
49 21 -26
49 22 -91
49 23 -53
49 24 -23
49 25 84
49 26 -81
49 28 76
49 29 -43
49 30 -88
49 31 -96
49 32 -42
49 33 53
49 34 28
49 35 -54
49 37 -100
49 38 2
49 41 -45
49 43 31
49 44 55
49 46 20
49 47 31
49 48 43