0 0 -93
0 1 -59
0 2 -79
0 3 -25
0 4 -6
0 5 85
0 6 -37
0 7 -16
0 8 37
0 9 -74
0 10 -79
0 11 69
0 12 -85
0 13 -21
0 14 53
0 15 72
0 16 8
0 17 44
0 18 -82
0 19 -81
0 20 -20
0 21 10
0 22 -32
0 23 85
0 24 31
0 25 -81
0 26 86
0 27 99
0 28 -84
0 29 47
0 30 96
0 31 -16
0 32 36
0 33 4
0 34 -37
0 35 87
0 36 10
0 37 -62
0 38 17
0 39 -23
0 40 -28
0 41 -18
0 42 -41
0 43 -71
0 44 44
0 45 -56
0 46 30
0 47 52
0 48 -39
0 49 -25
1 0 100
1 1 94
1 2 -98
1 3 56
1 4 -9
1 5 100
1 6 -61
1 7 53
1 8 -18
1 9 -10
1 10 84
1 11 -47
1 12 -91
1 13 -16
1 14 -40
1 15 45
1 16 -71
1 17 -21
1 18 74
1 19 9
1 20 -74
1 21 -67
1 22 -59
1 23 -79
1 24 -98
1 25 26
1 26 -32
1 27 -99
1 28 -57
1 29 24
1 30 -52
1 31 44
1 32 -65
1 33 73
1 34 -37
1 35 -56
1 36 -39
1 37 -10
1 38 -22
1 39 1
1 40 -45
1 41 -79
1 42 -73
1 43 75
1 44 9
1 45 52
1 46 40
1 47 -66
1 48 69
1 49 83
2 0 19
2 1 -37
2 2 83
2 3 -21
2 4 -86
2 5 26
2 6 56
2 7 50
2 8 -24
2 9 50
2 10 63
2 11 52
2 12 95
2 13 58
2 14 -59
2 15 -39
2 16 78
2 17 -8
2 18 -59
2 19 -23
2 20 -39
2 21 -37
2 22 -48
2 23 53
2 24 37
2 25 -19
2 26 74
2 27 60
2 28 -32
2 29 -25
2 30 52
2 31 -47
2 32 -41
2 33 68
2 34 73
2 35 81
2 36 -42
2 37 46
2 38 -77
2 39 -34
2 40 -24
2 41 17
2 42 9
2 43 -69
2 44 -42
2 45 84
2 46 -6
2 47 65
2 48 -1
2 49 -84
3 0 -51
3 1 2
3 2 -48
3 3 25
3 4 -27
3 5 -43
3 6 -25
3 7 59
3 8 50
3 9 64
3 10 -37
3 11 -84
3 12 24
3 13 97
3 14 70
3 15 81
3 16 -18
3 17 -84
3 18 87
3 19 88
3 20 82
3 21 -36
3 22 71
3 23 72
3 24 90
3 25 -5
3 26 -92
3 27 81
3 28 11
3 29 96
3 30 -2
3 31 -96
3 32 32
3 33 89
3 34 10
3 35 31
3 36 -40
3 37 -34
3 38 97
3 39 59
3 40 -40
3 41 -59
3 42 39
3 43 36
3 44 -84
3 45 -81
3 46 -6
3 47 -34
3 48 -27
3 49 70
4 0 -39
4 1 8
4 2 -6
4 3 26
4 4 81
4 5 -99
4 6 25
4 7 1
4 8 71
4 9 9
4 10 51
4 11 -100
4 12 59
4 13 -93
4 14 21
4 15 29
4 16 -26
4 17 -34
4 18 47
4 19 72
4 20 -85
4 21 -6
4 22 33
4 23 -97
4 24 28
4 25 7
4 26 -44
4 27 8
4 28 -60
4 29 54
4 30 -43
4 31 74
4 32 44
4 33 -69
4 34 -35
4 35 -70
4 36 34
4 37 -59
4 38 -80
4 39 48
4 40 45
4 41 1
4 42 85
4 43 12
4 44 30
4 45 52
4 46 -26
4 47 -94
4 48 -8
4 49 73
5 0 -100
5 1 12
5 2 -81
5 3 54
5 4 -89
5 5 -22
5 6 -41
5 7 -53
5 8 42
5 9 55
5 10 14
5 11 75
5 12 51
5 13 -44
5 14 -36
5 15 100
5 16 -81
5 17 4
5 18 -73
5 19 -27
5 20 -54
5 21 23
5 22 -69
5 23 -35
5 24 81
5 25 -94
5 26 46
5 27 -29
5 28 -22
5 29 -15
5 30 99
5 31 -98
5 32 -91
5 33 -66
5 34 76
5 35 -40
5 36 45
5 37 -49
5 38 -65
5 39 -67
5 40 -15
5 41 74
5 42 58
5 43 6
5 44 -100
5 45 39
5 46 -31
5 47 9
5 48 70
5 49 -100
6 0 8
6 1 58
6 2 23
6 3 11
6 4 -45
6 5 -84
6 6 -75
6 7 -74
6 8 48
6 9 -46
6 10 -37
6 11 -35
6 12 59
6 13 -37
6 14 -2
6 15 -18
6 16 70
6 17 59
6 18 47
6 19 34
6 20 -68
6 21 -64
6 22 -41
6 23 -21
6 24 45
6 25 20
6 26 17
6 27 78
6 28 -61
6 29 -75
6 30 22
6 31 12
6 32 6
6 33 17
6 34 -35
6 35 28
6 36 -67
6 37 47
6 38 -51
6 39 29
6 40 82
6 41 -3
6 42 58
6 43 -76
6 44 -70
6 45 76
6 46 -35
6 47 -56
6 48 -89
6 49 79
7 0 62
7 1 -3
7 2 -29
7 3 -1
7 4 -96
7 5 11
7 6 -100
7 7 91
7 8 -86
7 9 41
7 10 85
7 11 -63
7 12 -53
7 13 -4
7 14 35
7 15 45
7 16 -60
7 17 17
7 18 -89
7 19 75
7 20 95
7 21 -5
7 22 -38
7 23 -89
7 24 9
7 25 -67
7 26 -5
7 27 67
7 28 -74
7 29 -29
7 30 69
7 31 -90
7 32 20
7 33 -21
7 34 88
7 35 -13
7 36 66
7 37 -81
7 38 -76
7 39 -15
7 40 29
7 41 10
7 42 11
7 43 -28
7 44 19
7 45 38
7 46 -50
7 47 91
7 48 32
7 49 52
8 0 29
8 1 95
8 2 -27
8 3 9
8 4 58
8 5 -58
8 6 -44
8 7 -29
8 8 72
8 9 -50
8 10 -39
8 11 -99
8 12 21
8 13 28
8 14 -14
8 15 42
8 16 17
8 17 -33
8 18 -93
8 19 -81
8 20 58
8 21 25
8 22 54
8 23 59
8 24 15
8 25 -56
8 26 -74
8 27 89
8 28 39
8 29 -49
8 30 22
8 31 -68
8 32 95
8 33 74
8 34 -63
8 35 -6
8 36 -83
8 37 -49
8 38 -52
8 39 99
8 40 -59
8 41 -7
8 42 -57
8 43 -12
8 44 -25
8 45 97
8 46 -57
8 47 5
8 48 18
8 49 -34
9 0 -9
9 1 100
9 2 32
9 3 80
9 4 -40
9 5 -16
9 6 64
9 7 46
9 8 80
9 9 58
9 10 -48
9 11 -75
9 12 31
9 13 -63
9 14 -89
9 15 -78
9 16 -51
9 17 41
9 18 3
9 19 -63
9 20 -85
9 21 9
9 22 -16
9 23 24
9 24 -92
9 25 -91
9 26 92
9 27 92
9 28 31
9 29 39
9 30 28
9 31 -76
9 32 -73
9 33 -52
9 34 -91
9 35 -89
9 36 20
9 37 -57
9 38 -53
9 39 27
9 40 17
9 41 100
9 42 -78
9 43 -69
9 44 -56
9 45 -16
9 46 35
9 47 -73
9 48 -70
9 49 -46
10 0 -50
10 1 13
10 2 16
10 3 7
10 4 83
10 5 -5
10 6 -56
10 7 -74
10 8 90
10 9 -99
10 10 24
10 11 27
10 12 62
10 13 67
10 14 -70
10 15 82
10 16 65
10 17 7
10 18 -92
10 19 41
10 20 82
10 21 88
10 22 53
10 23 -99
10 24 -45
10 25 25
10 26 -78
10 27 -59
10 28 -84
10 29 55
10 30 34
10 31 82
10 32 79
10 33 -7
10 34 -100
10 35 30
10 36 5
10 37 -17
10 38 22
10 39 65
10 40 -83
10 41 -95
10 42 48
10 43 -100
10 44 30
10 45 -10
10 46 -60
10 47 -7
10 48 48
10 49 100
11 0 46
11 1 -37
11 2 61
11 3 60
11 4 -41
11 5 -85
11 6 -22
11 7 83
11 8 -94
11 9 -29
11 10 67
11 11 40
11 12 -3
11 13 -30
11 14 29
11 15 -44
11 16 -48
11 17 27
11 18 64
11 19 -83
11 20 36
11 21 -41
11 22 -98
11 23 -96
11 24 -22
11 25 99
11 26 -76
11 27 -98
11 28 85
11 29 -4
11 30 14
11 31 34
11 32 -16
11 33 97
11 34 -95
11 35 87
11 36 29
11 37 86
11 38 5
11 39 -22
11 40 -67
11 41 -81
11 42 -42
11 43 -30
11 44 11
11 45 -67
11 46 76
11 47 58
11 48 42
11 49 48
12 0 -99
12 1 91
12 2 83
12 3 -80
12 4 44
12 5 92
12 6 4
12 7 -100
12 8 -58
12 9 8
12 10 60
12 11 6
12 12 42
12 13 10
12 14 -45
12 15 -69
12 16 19
12 17 91
12 18 100
12 19 21
12 20 -86
12 21 -50
12 22 41
12 23 31
12 24 56
12 25 -96
12 26 44
12 27 -97
12 28 44
12 29 90
12 30 69
12 31 -27
12 32 -84
12 33 55
12 34 74
12 35 -57
12 36 32
12 37 100
12 38 86
12 39 65
12 40 -14
12 41 -48
12 42 56
12 43 -65
12 44 -36
12 45 76
12 46 92
12 47 -71
12 48 -14
12 49 87
13 0 -45
13 1 30
13 2 -100
13 3 10
13 4 52
13 5 78
13 6 73
13 7 61
13 8 41
13 9 -21
13 10 6
13 11 -48
13 12 46
13 13 -49
13 14 19
13 15 91
13 16 77
13 17 -25
13 18 19
13 19 13
13 20 71
13 21 32
13 22 7
13 23 -76
13 24 39
13 25 99
13 26 100
13 27 51
13 28 46
13 29 96
13 30 -27
13 31 -27
13 32 24
13 33 -24
13 34 -66
13 35 -89
13 36 -92
13 37 43
13 38 85
13 39 65
13 40 -4
13 41 -38
13 42 -2
13 43 -40
13 44 47
13 45 61
13 46 -97
13 47 -88
13 48 -58
13 49 -62
14 0 38
14 1 -89
14 2 -5
14 3 -62
14 4 -52
14 5 -81
14 6 -64
14 7 -98
14 8 -42
14 9 3
14 10 -65
14 11 -67
14 12 -36
14 13 82
14 14 -79
14 15 48
14 16 99
14 17 16
14 18 -38
14 19 -65
14 20 -9
14 21 -62
14 22 -73
14 23 19
14 24 -30
14 25 -6
14 26 97
14 27 -96
14 28 10
14 29 60
14 30 -92
14 31 -45
14 32 -91
14 33 29
14 34 -21
14 35 23
14 36 11
14 37 34
14 38 -5
14 39 -26
14 40 7
14 41 36
14 42 -80
14 43 27
14 44 87
14 45 -47
14 46 3
14 47 33
14 48 24
14 49 -56
15 0 -44
15 1 -24
15 2 -84
15 3 -42
15 4 -89
15 5 74
15 6 -7
15 7 23
15 8 29
15 9 95
15 10 -44
15 11 24
15 12 -67
15 13 55
15 14 -46
15 15 -25
15 16 -88
15 17 45
15 18 -5
15 19 5
15 20 51
15 21 -26
15 22 89
15 23 19
15 24 49
15 25 98
15 26 -7
15 27 80
15 28 70
15 29 -29
15 30 -44
15 31 -65
15 32 -47
15 33 84
15 34 36
15 35 33
15 36 37
15 37 -66
15 38 1
15 39 62
15 40 63
15 41 -57
15 42 -43
15 43 -66
15 44 75
15 45 48
15 46 -24
15 47 24
15 48 81
15 49 29
16 0 24
16 1 5
16 2 -59
16 3 -23
16 4 9
16 5 55
16 6 49
16 7 -71
16 8 90
16 9 11
16 10 44
16 11 -23
16 12 40
16 13 49
16 14 56
16 15 15
16 16 -34
16 17 -49
16 18 -80
16 19 -74
16 20 86
16 21 -56
16 22 -47
16 23 42
16 24 -36
16 25 61
16 26 78
16 27 44
16 28 -49
16 29 -48
16 30 -83
16 31 -28
16 32 66
16 33 -80
16 34 24
16 35 -95
16 36 58
16 37 83
16 38 24
16 39 -52
16 40 57
16 41 31
16 42 82
16 43 -76
16 44 49
16 45 -78
16 46 70
16 47 52
16 48 -23
16 49 -35
17 0 -5
17 1 32
17 2 -41
17 3 -37
17 4 -78
17 5 -76
17 6 28
17 7 98
17 8 44
17 9 -97
17 10 13
17 11 -48
17 12 99
17 13 55
17 14 -68
17 15 82
17 16 11
17 17 -8
17 18 94
17 19 21
17 20 -24
17 21 39
17 22 -16
17 23 44
17 24 -14
17 25 -94
17 26 -88
17 27 -86
17 28 -4
17 29 -68
17 30 45
17 31 -8
17 32 78
17 33 79
17 34 -27
17 35 -48
17 36 63
17 37 54
17 38 -65
17 39 7
17 40 48
17 41 42
17 42 -67
17 43 -20
17 44 -74
17 45 87
17 46 26
17 47 -44
17 48 -17
17 49 44
18 0 -72
18 1 -63
18 2 -36
18 3 -25
18 4 38
18 5 -96
18 6 54
18 7 16
18 8 82
18 9 -84
18 10 -90
18 11 24
18 12 -42
18 13 84
18 14 -49
18 15 60
18 16 81
18 17 -48
18 18 -18
18 19 -67
18 20 -60
18 21 -75
18 22 -52
18 23 -21
18 24 -71
18 25 20
18 26 -63
18 27 -76
18 28 -5
18 29 8
18 30 62
18 31 -52
18 32 56
18 33 47
18 34 57
18 35 -27
18 36 69
18 37 -61
18 38 66
18 39 24
18 40 27
18 41 -86
18 42 -72
18 43 36
18 44 39
18 45 -69
18 46 -92
18 47 -20
18 48 39
18 49 33
19 0 -80
19 1 -50
19 2 95
19 3 -71
19 4 89
19 5 -96
19 6 10
19 7 -84
19 8 73
19 9 -15
19 10 -67
19 11 -63
19 12 89
19 13 18
19 14 62
19 15 -75
19 16 78
19 17 -51
19 18 -3
19 19 22
19 20 -97
19 21 80
19 22 -50
19 23 28
19 24 14
19 25 87
19 26 16
19 27 -5
19 28 -82
19 29 -52
19 30 44
19 31 11
19 32 -19
19 33 11
19 34 25
19 35 78
19 36 -31
19 37 -51
19 38 4
19 39 71
19 40 74
19 41 -13
19 42 -66
19 43 -4
19 44 -80
19 45 98
19 46 -47
19 47 60
19 48 -25
19 49 -38
20 0 -4
20 1 11
20 2 23
20 3 10
20 4 -67
20 5 89
20 6 5
20 7 -95
20 8 37
20 9 29
20 10 62
20 11 -9
20 12 42
20 13 58
20 14 20
20 15 49
20 16 23
20 17 -25
20 18 8
20 19 60
20 20 19
20 21 -44
20 22 44
20 23 -37
20 24 99
20 25 -69
20 26 -52
20 27 70
20 28 -2
20 29 76
20 30 -45
20 31 47
20 32 -48
20 33 -97
20 34 -27
20 35 34
20 36 -71
20 37 26
20 38 -78
20 39 -63
20 40 -18
20 41 83
20 42 -32
20 43 -40
20 44 42
20 45 -89
20 46 -5
20 47 26
20 48 -73
20 49 64
21 0 36
21 1 -100
21 2 -29
21 3 -46
21 4 -51
21 5 -96
21 6 46
21 7 4
21 8 -74
21 9 78
21 10 -32
21 11 16
21 12 -23
21 13 84
21 14 32
21 15 -4
21 16 -31
21 17 -30
21 18 -31
21 19 32
21 20 -82
21 21 -7
21 22 63
21 23 -86
21 24 15
21 25 96
21 26 -4
21 27 -36
21 28 34
21 29 93
21 30 65
21 31 -52
21 32 85
21 33 -32
21 34 -22
21 35 79
21 36 32
21 37 69
21 38 -83
21 39 13
21 40 7
21 41 -78
21 42 -87
21 43 -68
21 44 96
21 45 3
21 46 38
21 47 -49
21 48 62
21 49 73
22 0 9
22 1 15
22 2 -91
22 3 93
22 4 -58
22 5 -44
22 6 62
22 7 59
22 8 -58
22 9 -29
22 10 -62
22 11 13
22 12 -21
22 13 -40
22 14 -13
22 15 37
22 16 -34
22 17 17
22 18 -39
22 19 4
22 20 66
22 21 48
22 22 20
22 23 75
22 24 -23
22 25 -24
22 26 -49
22 27 -73
22 28 89
22 29 -51
22 30 89
22 31 -2
22 32 85
22 33 -44
22 34 -52
22 35 -55
22 36 9
22 37 -23
22 38 -35
22 39 -6
22 40 42
22 41 -4
22 42 -80
22 43 90
22 44 75
22 45 -33
22 46 80
22 47 -79
22 48 40
22 49 42
23 0 11
23 1 85
23 2 -87
23 3 -86
23 4 -73
23 5 -44
23 6 -20
23 7 8
23 8 86
23 9 -99
23 10 -42
23 11 7
23 12 -42
23 13 -18
23 14 33
23 15 47
23 16 17
23 17 61
23 18 -9
23 19 -36
23 20 -33
23 21 47
23 22 -44
23 23 88
23 24 -51
23 25 -83
23 26 64
23 27 -81
23 28 -58
23 29 76
23 30 98
23 31 -89
23 32 -78
23 33 22
23 34 12
23 35 44
23 36 17
23 37 -7
23 38 -66
23 39 12
23 40 -70
23 41 81
23 42 -30
23 43 -3
23 44 -35
23 45 -42
23 46 15
23 47 -38
23 48 -84
23 49 -65
24 0 56
24 1 -69
24 2 -56
24 3 -25
24 4 7
24 5 47
24 6 -87
24 7 66
24 8 -44
24 9 -85
24 10 24
24 11 5
24 12 15
24 13 9
24 14 -70
24 15 76
24 16 -48
24 17 30
24 18 -40
24 19 72
24 20 93
24 21 -69
24 22 87
24 23 -57
24 24 71
24 25 -80
24 26 70
24 27 40
24 28 26
24 29 -82
24 30 -79
24 31 92
24 32 -36
24 33 -30
24 34 54
24 35 86
24 36 -6
24 37 -50
24 38 73
24 39 31
24 40 47
24 41 64
24 42 -18
24 43 42
24 44 100
24 45 -65
24 46 48
24 47 -32
24 48 6
24 49 -70
25 0 -57
25 1 68
25 2 -99
25 3 66
25 4 80
25 5 -86
25 6 -41
25 7 20
25 8 -87
25 9 33
25 10 14
25 11 26
25 12 -10
25 13 98
25 14 68
25 15 60
25 16 -4
25 17 84
25 18 -68
25 19 -19
25 20 89
25 21 -80
25 22 -49
25 23 -4
25 24 -66
25 25 7
25 26 60
25 27 -13
25 28 -82
25 29 10
25 30 -58
25 31 61
25 32 -4
25 33 48
25 34 -1
25 35 74
25 36 19
25 37 -53
25 38 50
25 39 39
25 40 98
25 41 -52
25 42 -6
25 43 46
25 44 -77
25 45 80
25 46 -66
25 47 11
25 48 21
25 49 -26
26 0 52
26 1 -92
26 2 14
26 3 -16
26 4 5
26 5 -85
26 6 -62
26 7 43
26 8 30
26 9 -86
26 10 -21
26 11 15
26 12 61
26 13 14
26 14 60
26 15 -27
26 16 -63
26 17 -89
26 18 -85
26 19 -69
26 20 -8
26 21 -59
26 22 -17
26 23 69
26 24 -75
26 25 -83
26 26 -35
26 27 19
26 28 50
26 29 -17
26 30 75
26 31 -82
26 32 77
26 33 10
26 34 -57
26 35 -97
26 36 26
26 37 84
26 38 -54
26 39 7
26 40 -18
26 41 41
26 42 13
26 43 16
26 44 -32
26 45 -71
26 46 -33
26 47 -97
26 48 -62
26 49 3
27 0 82
27 1 74
27 2 41
27 3 -86
27 4 21
27 5 1
27 6 28
27 7 -50
27 8 71
27 9 67
27 10 16
27 11 -18
27 12 23
27 13 64
27 14 6
27 15 68
27 16 -92
27 17 72
27 18 8
27 19 -82
27 20 47
27 21 -65
27 22 33
27 23 77
27 24 10
27 25 37
27 26 -19
27 27 94
27 28 60
27 29 13
27 30 73
27 31 -58
27 32 -85
27 33 -3
27 34 11
27 35 31
27 36 96
27 37 54
27 38 42
27 39 30
27 40 7
27 41 -91
27 42 -13
27 43 40
27 44 36
27 45 -56
27 46 60
27 47 -82
27 48 33
27 49 26
28 0 13
28 1 -6
28 2 66
28 3 -11
28 4 -34
28 5 48
28 6 91
28 7 -66
28 8 -39
28 9 98
28 10 93
28 11 -44
28 12 -68
28 13 -42
28 14 45
28 15 -5
28 16 72
28 17 89
28 18 -5
28 19 68
28 20 51
28 21 94
28 22 -6
28 23 19
28 24 32
28 25 -28
28 26 -41
28 27 39
28 28 -55
28 29 -100
28 30 25
28 31 63
28 32 -82
28 33 -88
28 34 -100
28 35 -18
28 36 83
28 37 -84
28 38 -63
28 39 -49
28 40 -30
28 41 87
28 42 -2
28 43 -2
28 44 24
28 45 -97
28 46 48
28 47 7
28 48 -17
28 49 27
29 0 95
29 1 13
29 2 -4
29 3 -24
29 4 82
29 5 78
29 6 97
29 7 21
29 8 -41
29 9 -40
29 10 -1
29 11 -49
29 12 33
29 13 76
29 14 61
29 15 57
29 16 12
29 17 -47
29 18 -42
29 19 -11
29 20 56
29 21 15
29 22 -5
29 23 -10
29 24 -77
29 25 31
29 26 48
29 27 36
29 28 -43
29 29 -27
29 30 46
29 31 -68
29 32 -27
29 33 23
29 34 -33
29 35 32
29 36 65
29 37 97
29 38 -16
29 39 72
29 40 35
29 41 98
29 42 -11
29 43 46
29 44 -48
29 45 70
29 46 -27
29 47 65
29 48 48
29 49 41
30 0 82
30 1 29
30 2 54
30 3 61
30 4 -20
30 5 -78
30 6 -49
30 7 95
30 8 -87
30 9 25
30 10 38
30 11 -64
30 12 -14
30 13 -19
30 14 52
30 15 -74
30 16 95
30 17 98
30 18 -30
30 19 -10
30 20 58
30 21 -81
30 22 60
30 23 30
30 24 -34
30 25 -78
30 26 55
30 27 99
30 28 6
30 29 -53
30 30 8
30 31 -13
30 32 42
30 33 60
30 34 -80
30 35 89
30 36 -65
30 37 59
30 38 -66
30 39 -3
30 40 81
30 41 -44
30 42 96
30 43 49
30 44 -39
30 45 28
30 46 63
30 47 -64
30 48 75
30 49 -87
31 0 56
31 1 -6
31 2 -32
31 3 -88
31 4 32
31 5 -61
31 6 53
31 7 -94
31 8 -91
31 9 52
31 10 -70
31 11 25
31 12 47
31 13 26
31 14 -47
31 15 -24
31 16 65
31 17 22
31 18 18
31 19 -57
31 20 -7
31 21 51
31 22 -27
31 23 -22
31 24 70
31 25 14
31 26 -59
31 27 -47
31 28 -92
31 29 -48
31 30 20
31 31 68
31 32 7
31 33 1
31 34 86
31 35 60
31 36 -28
31 37 43
31 38 21
31 39 42
31 40 -94
31 41 -81
31 42 100
31 43 -32
31 44 16
31 45 -6
31 46 48
31 47 7
31 48 15
31 49 -55
32 0 59
32 1 43
32 2 -87
32 3 -81
32 4 -22
32 5 37
32 6 -17
32 7 -23
32 8 37
32 9 99
32 10 -1
32 11 -32
32 12 9
32 13 81
32 14 -16
32 15 80
32 16 -84
32 17 62
32 18 36
32 19 -74
32 20 58
32 21 -23
32 22 -10
32 23 -95
32 24 31
32 25 -27
32 26 -17
32 27 20
32 28 -75
32 29 -98
32 30 23
32 31 22
32 32 13
32 33 99
32 34 -4
32 35 80
32 36 12
32 37 93
32 38 -98
32 39 78
32 40 -91
32 41 -73
32 42 -7
32 43 -3
32 44 -22
32 45 -99
32 46 30
32 47 10
32 48 92
32 49 42
33 0 49
33 1 63
33 2 42
33 3 28
33 4 58
33 5 92
33 6 -19
33 7 57
33 8 -15
33 9 46
33 10 -30
33 11 -56
33 12 -27
33 13 -13
33 14 67
33 15 89
33 16 60
33 17 -68
33 18 -35
33 19 38
33 20 100
33 21 -37
33 22 82
33 23 33
33 24 -25
33 25 -77
33 26 41
33 27 -31
33 28 100
33 29 -24
33 30 60
33 31 -15
33 32 -42
33 33 -65
33 34 -28
33 35 -87
33 36 52
33 37 14
33 38 7
33 39 -65
33 40 -56
33 41 70
33 42 72
33 43 -16
33 44 -45
33 45 70
33 46 95
33 47 5
33 48 73
33 49 68
34 0 63
34 1 -29
34 2 -66
34 3 -54
34 4 -72
34 5 -29
34 6 -90
34 7 62
34 8 -85
34 9 -30
34 10 -22
34 11 16
34 12 37
34 13 30
34 14 -31
34 15 -28
34 16 -5
34 17 -90
34 18 56
34 19 98
34 20 5
34 21 -3
34 22 -80
34 23 -25
34 24 -87
34 25 84
34 26 -60
34 27 -19
34 28 25
34 29 40
34 30 -34
34 31 -23
34 32 83
34 33 -49
34 34 -55
34 35 31
34 36 10
34 37 30
34 38 4
34 39 -98
34 40 39
34 41 75
34 42 53
34 43 93
34 44 16
34 45 -35
34 46 10
34 47 33
34 48 -72
34 49 79
35 0 69
35 1 4
35 2 87
35 3 -80
35 4 80
35 5 90
35 6 26
35 7 19
35 8 -58
35 9 -16
35 10 -25
35 11 -49
35 12 74
35 13 -59
35 14 32
35 15 80
35 16 -84
35 17 3
35 18 -98
35 19 -72
35 20 71
35 21 99
35 22 -64
35 23 53
35 24 -50
35 25 26
35 26 46
35 27 -86
35 28 93
35 29 -1
35 30 70
35 31 -43
35 32 -91
35 33 -3
35 34 29
35 35 -76
35 36 2
35 37 77
35 38 -68
35 39 -23
35 40 -8
35 41 32
35 42 46
35 43 -27
35 44 -47
35 45 19
35 46 -66
35 47 94
35 48 51
35 49 -2
36 0 -90
36 1 -85
36 2 -20
36 3 45
36 4 46
36 5 85
36 6 41
36 7 -22
36 8 100
36 9 77
36 10 -91
36 11 -89
36 12 95
36 13 29
36 14 93
36 15 19
36 16 -33
36 17 24
36 18 82
36 19 14
36 20 -51
36 21 -60
36 22 -1
36 23 95
36 24 -84
36 25 35
36 26 -15
36 27 32
36 28 -64
36 29 -29
36 30 -78
36 31 -27
36 32 -44
36 33 -78
36 34 -3
36 35 31
36 36 29
36 37 45
36 38 -18
36 39 -94
36 40 -47
36 41 70
36 42 -25
36 43 61
36 44 -94
36 45 46
36 46 -31
36 47 73
36 48 -6
36 49 58
37 0 -92
37 1 -13
37 2 26
37 3 -64
37 4 18
37 5 -23
37 6 40
37 7 -10
37 8 -45
37 9 38
37 10 9
37 11 -25
37 12 75
37 13 -32
37 14 -87
37 15 -69
37 16 -54
37 17 90
37 18 44
37 19 -61
37 20 93
37 21 -82
37 22 -28
37 23 38
37 24 87
37 25 16
37 26 -83
37 27 1
37 28 -7
37 29 37
37 30 13
37 31 32
37 32 92
37 33 90
37 34 -31
37 35 36
37 36 -83
37 37 68
37 38 -76
37 39 -75
37 40 -80
37 41 54
37 42 -20
37 43 -71
37 44 94
37 45 15
37 46 -87
37 47 10
37 48 -24
37 49 3
38 0 -28
38 1 28
38 2 5
38 3 50
38 4 -14
38 5 76
38 6 11
38 7 56
38 8 67
38 9 -62
38 10 -50
38 11 12
38 12 51
38 13 92
38 14 54
38 15 -37
38 16 -43
38 17 -75
38 18 86
38 19 -8
38 20 -94
38 21 44
38 22 -70
38 23 15
38 24 61
38 25 -13
38 26 -17
38 27 -13
38 28 19
38 29 -57
38 30 -18
38 31 -2
38 32 -16
38 33 8
38 34 -58
38 35 -8
38 36 -91
38 37 40
38 38 -25
38 39 -28
38 40 -100
38 41 84
38 42 -11
38 43 52
38 44 -95
38 45 89
38 46 -69
38 47 -72
38 48 -95
38 49 72
39 0 65
39 1 22
39 2 -12
39 3 -38
39 4 48
39 5 -61
39 6 10
39 7 1
39 8 -83
39 9 96
39 10 4
39 11 72
39 12 25
39 13 -12
39 14 -53
39 15 11
39 16 76
39 17 -44
39 18 16
39 19 91
39 20 80
39 21 -77
39 22 85
39 23 -70
39 24 53
39 25 -91
39 26 -51
39 27 -93
39 28 -7
39 29 86
39 30 69
39 31 -22
39 32 -34
39 33 79
39 34 -79
39 35 17
39 36 -43
39 37 55
39 38 85
39 39 -22
39 40 55
39 41 100
39 42 74
39 43 78
39 44 9
39 45 30
39 46 21
39 47 36
39 48 77
39 49 11
40 0 18
40 1 -94
40 2 -23
40 3 -39
40 4 -92
40 5 -19
40 6 -42
40 7 53
40 8 -84
40 9 82
40 10 43
40 11 -79
40 12 -77
40 13 -53
40 14 -88
40 15 27
40 16 -73
40 17 -99
40 18 27
40 19 62
40 20 -27
40 21 45
40 22 -73
40 23 -61
40 24 -58
40 25 -47
40 26 -79
40 27 -60
40 28 -90
40 29 -88
40 30 -69
40 31 -55
40 32 -12
40 33 23
40 34 94
40 35 77
40 36 78
40 37 -35
40 38 59
40 39 75
40 40 59
40 41 44
40 42 11
40 43 -94
40 44 53
40 45 -88
40 46 -98
40 47 25
40 48 77
40 49 32
41 0 40
41 1 -75
41 2 -7
41 3 12
41 4 -82
41 5 90
41 6 64
41 7 -44
41 8 36
41 9 81
41 10 37
41 11 -18
41 12 48
41 13 100
41 14 -14
41 15 90
41 16 82
41 17 -18
41 18 95
41 19 29
41 20 -40
41 21 97
41 22 33
41 23 -1
41 24 -19
41 25 -46
41 26 -35
41 27 -69
41 28 46
41 29 23
41 30 41
41 31 -27
41 32 -63
41 33 -60
41 34 -91
41 35 -68
41 36 -13
41 37 -51
41 38 -13
41 39 -38
41 40 -21
41 41 95
41 42 -26
41 43 24
41 44 -80
41 45 36
41 46 8
41 47 -6
41 48 84
41 49 24
42 0 -78
42 1 -83
42 2 -81
42 3 24
42 4 -100
42 5 -39
42 6 66
42 7 76
42 8 96
42 9 -30
42 10 -73
42 11 84
42 12 77
42 13 -44
42 14 -11
42 15 82
42 16 95
42 17 -48
42 18 95
42 19 -12
42 20 56
42 21 -1
42 22 38
42 23 -36
42 24 -84
42 25 -43
42 26 1
42 27 -58
42 28 -5
42 29 64
42 30 -59
42 31 -85
42 32 -68
42 33 38
42 34 -29
42 35 70
42 36 80
42 37 -81
42 38 95
42 39 -26
42 40 80
42 41 -34
42 42 -19
42 43 -81
42 44 -86
42 45 -13
42 46 10
42 47 -76
42 48 91
42 49 72
43 0 -50
43 1 -9
43 2 9
43 3 -92
43 4 15
43 5 -1
43 6 67
43 7 14
43 8 67
43 9 -44
43 10 20
43 11 -23
43 12 -15
43 13 32
43 14 79
43 15 9
43 16 -39
43 17 -69
43 18 -18
43 19 -39
43 20 -87
43 21 76
43 22 97
43 23 -71
43 24 50
43 25 24
43 26 16
43 27 -82
43 28 82
43 29 18
43 30 -22
43 31 42
43 32 -38
43 33 -41
43 34 46
43 35 86
43 36 76
43 37 -58
43 38 69
43 39 96
43 40 15
43 41 14
43 42 -47
43 43 -67
43 44 -19
43 45 10
43 46 59
43 47 49
43 48 78
43 49 -60
44 0 -99
44 1 -4
44 2 44
44 3 11
44 4 -39
44 5 -69
44 6 -18
44 7 -69
44 8 -34
44 9 37
44 10 -9
44 11 -73
44 12 2
44 13 -2
44 14 -50
44 15 -38
44 16 -47
44 17 -78
44 18 99
44 19 -1
44 20 -80
44 21 77
44 22 -6
44 23 53
44 24 3
44 25 -54
44 26 53
44 27 -13
44 28 -81
44 29 43
44 30 77
44 31 -29
44 32 10
44 33 33
44 34 52
44 35 -53
44 36 6
44 37 -88
44 38 53
44 39 89
44 40 -26
44 41 -38
44 42 13
44 43 69
44 44 -98
44 45 -76
44 46 -15
44 47 97
44 48 14
44 49 81
45 0 49
45 1 -95
45 2 94
45 3 68
45 4 13
45 5 76
45 6 89
45 7 -44
45 8 -42
45 9 64
45 10 -25
45 11 -61
45 12 83
45 13 28
45 14 67
45 15 11
45 16 -5
45 17 91
45 18 17
45 19 -27
45 20 -16
45 21 -87
45 22 30
45 23 56
45 24 98
45 25 -91
45 26 67
45 27 63
45 28 75
45 29 12
45 30 -29
45 31 23
45 32 -13
45 33 -53
45 34 -96
45 35 -82
45 36 -15
45 37 -55
45 38 11
45 39 75
45 40 -38
45 41 5
45 42 -46
45 43 88
45 44 74
45 45 72
45 46 -37
45 47 -83
45 48 9
45 49 33
46 0 -13
46 1 -99
46 2 28
46 3 16
46 4 42
46 5 -81
46 6 6
46 7 45
46 8 -44
46 9 -35
46 10 -97
46 11 -3
46 12 -94
46 13 22
46 14 17
46 15 41
46 16 79
46 17 27
46 18 33
46 19 4
46 20 73
46 21 -71
46 22 61
46 23 -40
46 24 -7
46 25 30
46 26 -67
46 27 -98
46 28 25
46 29 15
46 30 72
46 31 -80
46 32 19
46 33 12
46 34 37
46 35 -25
46 36 -73
46 37 4
46 38 72
46 39 77
46 40 -8
46 41 -42
46 42 -51
46 43 45
46 44 -91
46 45 -68
46 46 81
46 47 76
46 48 54
46 49 12
47 0 55
47 1 83
47 2 47
47 3 -71
47 4 27
47 5 36
47 6 -7
47 7 13
47 8 43
47 9 49
47 10 13
47 11 -76
47 12 -27
47 13 78
47 14 67
47 15 -74
47 16 98
47 17 4
47 18 7
47 19 -65
47 20 1
47 21 -48
47 22 -7
47 23 -88
47 24 63
47 25 -3
47 26 59
47 27 -63
47 28 -87
47 29 -64
47 30 -36
47 31 -84
47 32 41
47 33 -93
47 34 -63
47 35 37
47 36 -79
47 37 82
47 38 70
47 39 95
47 40 -25
47 41 -57
47 42 77
47 43 -40
47 44 70
47 45 6
47 46 67
47 47 83
47 48 33
47 49 25
48 0 -24
48 1 33
48 2 -93
48 3 -78
48 4 82
48 5 10
48 6 91
48 7 69
48 8 15
48 9 -22
48 10 -67
48 11 46
48 12 -24
48 13 46
48 14 -81
48 15 -76
48 16 -92
48 17 43
48 18 64
48 19 43
48 20 76
48 21 70
48 22 69
48 23 8
48 24 -64
48 25 81
48 26 -17
48 27 -29
48 28 -60
48 29 94
48 30 64
48 31 -21
48 32 -31
48 33 -42
48 34 97
48 35 -99
48 36 -30
48 37 -61
48 38 -78
48 39 -65
48 40 52
48 41 51
48 42 80
48 43 -50
48 44 -13
48 45 -50
48 46 -15
48 47 37
48 48 -41
48 49 58
49 0 -38
49 1 22
49 2 97
49 3 -52
49 4 -82
49 5 58
49 6 -39
49 7 55
49 8 56
49 9 -11
49 10 -43
49 11 5
49 12 -61
49 13 -78
49 14 -13
49 15 93
49 16 -63
49 17 -48
49 18 85
49 19 5
49 20 -27
49 21 4
49 22 -71
49 23 15
49 24 -55
49 25 20
49 26 -43
49 27 68
49 28 -5
49 29 -94
49 30 30
49 31 53
49 32 -65
49 33 1
49 34 -65
49 35 -43
49 36 -76
49 37 -94
49 38 -63
49 39 43
49 40 -38
49 41 74
49 42 89
49 43 41
49 44 50
49 45 38
49 46 -13
49 47 -27
49 48 75
49 49 28