0 0 -25
0 1 -60
0 2 13
0 6 -83
0 7 -62
0 11 -65
0 12 77
0 17 97
0 23 -47
0 24 -66
0 27 -18
0 39 -92
0 41 8
0 42 -59
0 45 8
0 46 87
0 47 -8
0 49 -33
1 0 35
1 2 56
1 3 25
1 9 43
1 10 60
1 11 -48
1 12 -80
1 16 -34
1 18 -41
1 20 -3
1 22 67
1 31 -67
1 35 -65
1 44 -69
1 45 20
1 49 27
2 5 92
2 11 -23
2 14 -1
2 15 -25
2 18 -12
2 26 15
2 28 33
2 30 -58
2 32 -7
2 33 33
2 34 21
2 38 3
2 40 17
2 41 -81
2 42 -34
2 44 81
2 46 65
2 47 -50
3 0 -52
3 3 59
3 10 -19
3 11 30
3 12 -11
3 14 16
3 15 -48
3 20 9
3 28 -71
3 29 -23
3 30 -96
3 32 -95
3 33 -16
3 35 -92
3 37 -74
3 39 96
3 40 3
3 43 32
3 44 -58
3 45 -41
3 46 93
3 49 -35
4 2 26
4 8 15
4 17 -60
4 19 34
4 21 22
4 23 -17
4 24 20
4 27 -87
4 29 -46
4 30 96
4 31 -53
4 35 61
4 36 41
4 39 93
5 1 83
5 4 64
5 10 60
5 11 -41
5 14 -66
5 15 73
5 16 74
5 25 85
5 30 -85
5 42 -28
5 46 -88
6 2 -9
6 3 -64
6 6 69
6 11 42
6 19 14
6 26 -30
6 29 100
6 35 61
6 39 -39
6 40 -76
6 42 37
6 43 -10
6 44 61
6 45 80
6 47 -71
6 48 -10
7 3 -98
7 6 -17
7 13 -43
7 15 -5
7 17 85
7 18 -46
7 22 -21
7 24 -5
7 35 63
7 41 -99
7 44 -44
7 48 98
8 0 -61
8 1 19
8 3 81
8 12 20
8 14 23
8 18 4
8 22 -94
8 23 13
8 26 -6
8 28 -14
8 30 55
8 33 7
8 34 1
8 47 57
9 2 66
9 7 -72
9 10 -7
9 14 32
9 16 -15
9 21 -42
9 24 78
9 31 -63
9 37 -75
9 39 -74
9 41 61
9 45 -72
9 46 -64
10 0 53
10 4 37
10 5 69
10 15 79
10 16 63
10 17 -15
10 20 -4
10 21 24
10 26 -2
10 31 -42
10 35 50
10 36 -16
10 40 19
10 41 23
10 43 24
11 1 -37
11 3 4
11 6 21
11 7 55
11 13 -57
11 14 83
11 15 -49
11 16 69
11 23 9
11 26 -17
11 29 -53
11 33 -87
11 35 -23
11 40 17
11 43 -6
11 49 49
12 1 -58
12 4 -17
12 6 97
12 12 50
12 14 10
12 16 21
12 20 -39
12 22 68
12 26 -44
12 27 -53
12 29 33
12 35 49
12 47 -83
13 1 -27
13 4 -20
13 7 -13
13 11 89
13 12 -51
13 13 11
13 14 -78
13 16 56
13 17 92
13 19 -7
13 25 81
13 26 34
13 29 -30
13 31 -18
13 37 -45
13 45 70
13 46 -62
13 47 -92
14 5 99
14 6 -97
14 8 54
14 9 -83
14 10 -15
14 15 58
14 16 -40
14 18 -96
14 25 -27
14 26 -28
14 29 -35
14 32 -74
14 37 1
14 40 -67
14 46 -12
14 47 -1
14 48 77
14 49 -45
15 1 50
15 4 -90
15 10 -14
15 11 -52
15 17 -46
15 23 69
15 24 -30
15 28 -14
15 35 -8
15 40 66
15 44 32
15 45 86
15 49 9
16 2 -59
16 3 32
16 5 85
16 6 -92
16 8 3
16 10 69
16 11 -7
16 19 -15
16 28 -47
16 34 85
16 35 71
16 40 69
16 42 -59
16 44 73
17 4 -18
17 12 -5
17 15 -65
17 22 50
17 24 -27
17 25 -71
17 27 91
17 34 -47
17 36 -99
17 41 -84
17 44 -54
17 47 84
17 49 -94
18 4 -49
18 5 12
18 11 -7
18 13 -2
18 16 -98
18 19 89
18 24 26
18 25 24
18 29 39
18 31 29
18 34 64
18 35 -30
18 36 -66
18 39 34
18 40 58
18 48 -59
19 5 -91
19 6 -60
19 12 96
19 14 -37
19 16 5
19 22 -63
19 24 -55
19 27 -25
19 29 14
19 35 -62
19 37 49
19 41 -18
19 42 -36
19 43 -13
19 45 4
20 1 -15
20 2 51
20 3 -41
20 4 -39
20 7 -46
20 12 -78
20 13 -11
20 17 -41
20 18 48
20 20 -40
20 27 50
20 28 24
20 30 80
20 31 -8
20 43 -30
20 44 36
20 46 -9
20 49 89
21 2 94
21 3 48
21 7 21
21 10 -33
21 12 24
21 13 -64
21 14 64
21 15 -27
21 19 -25
21 21 -76
21 22 44
21 26 -25
21 27 -57
21 28 67
21 29 92
21 31 29
21 34 60
21 41 61
21 42 70
21 44 -82
21 45 -78
21 49 -57
22 0 -74
22 4 -57
22 6 -47
22 7 44
22 10 -69
22 12 -64
22 13 -51
22 15 70
22 16 34
22 26 18
22 33 7
22 34 -10
22 37 -66
22 38 61
22 39 -20
22 44 44
23 5 -91
23 8 25
23 11 33
23 14 89
23 15 -47
23 16 24
23 18 -11
23 25 -80
23 31 100
23 35 86
23 38 -11
23 41 -83
23 42 -34
23 43 48
23 47 10
24 2 -2
24 6 -3
24 9 -24
24 22 22
24 23 -5
24 25 -66
24 27 -13
24 28 51
24 29 -75
24 30 -18
24 32 19
24 35 -34
24 38 -89
24 39 -71
24 40 -17
24 42 19
25 0 -39
25 3 45
25 6 83
25 7 79
25 13 73
25 16 81
25 19 -34
25 20 -62
25 24 79
25 27 -84
25 32 -76
25 36 -88
25 41 74
25 44 -58
25 45 43
25 48 18
26 3 9
26 5 2
26 6 50
26 7 -39
26 8 9
26 10 -14
26 11 -96
26 16 61
26 19 -93
26 20 57
26 23 13
26 25 -17
26 26 59
26 29 60
26 31 43
26 32 27
26 33 33
26 38 45
26 40 -40
26 43 -20
26 44 -17
26 49 -20
27 1 -48
27 4 56
27 6 -97
27 7 21
27 14 -48
27 18 57
27 20 81
27 22 -94
27 27 -89
27 30 -63
27 31 30
27 33 -34
27 39 45
27 45 23
28 2 62
28 11 50
28 15 96
28 18 -33
28 19 73
28 21 -85
28 22 48
28 23 -9
28 24 -62
28 25 90
28 32 -84
28 39 91
28 43 58
29 0 14
29 2 -79
29 4 66
29 6 17
29 8 -34
29 12 -94
29 13 -84
29 14 -41
29 15 28
29 16 -67
29 17 21
29 19 -21
29 20 2
29 24 -25
29 25 -38
29 27 -63
29 28 85
29 30 27
29 36 -27
29 42 63
29 43 100
29 45 -93
29 47 7
30 2 -5
30 3 -82
30 4 -41
30 14 -44
30 15 -65
30 24 68
30 25 80
30 27 89
30 29 -98
30 30 76
30 32 8
30 36 57
30 38 21
30 41 56
30 43 20
30 45 74
31 4 -60
31 5 -93
31 21 67
31 22 39
31 23 92
31 26 -99
31 28 -43
31 32 -88
31 33 -11
31 34 11
31 35 79
31 37 98
31 43 -81
31 44 90
31 47 62
31 48 -17
32 0 -1
32 1 21
32 5 66
32 7 79
32 8 -50
32 10 -38
32 17 70
32 18 -51
32 21 39
32 24 44
32 25 -54
32 27 47
32 28 -26
32 31 9
32 34 -19
32 35 39
32 41 -53
32 43 33
32 48 29
33 4 -50
33 5 -70
33 7 -26
33 8 -4
33 9 -38
33 11 89
33 12 -84
33 16 22
33 18 -100
33 19 67
33 20 -7
33 22 -43
33 26 70
33 29 -85
33 32 -61
33 37 -57
33 38 -95
33 39 5
33 41 54
33 49 45
34 5 -38
34 7 -12
34 12 46
34 15 -93
34 18 -59
34 24 -42
34 27 -56
34 33 -11
34 35 -81
34 37 74
34 39 -19
34 44 -84
34 45 -15
34 48 94
35 0 26
35 2 12
35 3 -5
35 5 5
35 9 54
35 11 45
35 13 76
35 15 -43
35 19 73
35 22 93
35 24 70
35 25 36
35 26 68
35 35 39
35 36 -13
35 39 -76
35 40 -4
35 42 -84
35 44 -4
35 46 -54
36 2 -75
36 5 -66
36 8 98
36 10 -96
36 11 94
36 14 16
36 15 81
36 20 31
36 22 24
36 27 -43
36 31 -94
36 37 41
36 38 50
36 43 80
36 48 -94
37 1 71
37 2 -73
37 4 56
37 6 45
37 7 51
37 16 58
37 17 -43
37 18 -39
37 26 58
37 28 -51
37 30 27
37 32 -53
37 35 -14
37 36 11
37 37 -17
37 40 -69
37 45 -93
37 49 6
38 3 -97
38 12 -16
38 15 2
38 17 -24
38 19 57
38 21 -67
38 23 -5
38 24 -7
38 28 50
38 37 9
38 41 -66
38 43 49
38 49 -96
39 1 -51
39 3 72
39 5 32
39 17 44
39 18 85
39 21 88
39 22 -67
39 25 13
39 27 -88
39 28 -28
39 30 40
39 31 -84
39 36 76
39 38 47
39 40 -39
39 43 -100
39 44 -5
39 45 -68
40 1 66
40 2 6
40 5 14
40 7 -41
40 10 -30
40 20 -9
40 23 -44
40 25 -73
40 27 -5
40 32 73
40 33 25
40 46 90
40 48 -42
41 3 -75
41 6 -70
41 7 -22
41 8 -28
41 12 24
41 16 65
41 17 -83
41 19 52
41 22 -22
41 23 -29
41 29 93
41 30 38
41 33 63
41 34 57
41 44 -32
41 48 -37
42 10 -13
42 13 -60
42 14 -84
42 17 -60
42 18 78
42 20 64
42 24 -92
42 25 4
42 35 12
42 38 -66
42 40 83
42 49 4
43 2 32
43 10 85
43 11 -30
43 12 -32
43 13 22
43 15 -72
43 22 67
43 25 -94
43 29 -79
43 30 86
43 33 -49
43 48 90
43 49 -1
44 2 84
44 3 -78
44 8 -41
44 9 95
44 11 38
44 12 -44
44 20 57
44 28 -38
44 31 -36
44 32 18
44 33 -14
44 41 42
44 44 -70
44 45 99
44 46 -62
45 3 26
45 6 6
45 18 -74
45 22 -47
45 23 -7
45 26 -54
45 30 -59
45 32 48
45 37 -48
45 40 86
45 41 97
45 47 63
46 4 8
46 6 86
46 8 -51
46 12 -69
46 15 -4
46 17 10
46 19 59
46 20 -95
46 22 -78
46 24 -90
46 26 -66
46 31 -32
46 36 -95
46 39 59
46 41 -96
46 47 -97
47 1 -53
47 4 -63
47 8 -32
47 9 58
47 13 64
47 14 -46
47 16 -90
47 17 -4
47 18 25
47 22 -7
47 24 85
47 37 69
47 39 51
47 43 -60
47 44 -50
47 45 44
47 48 -13
47 49 -88
48 7 26
48 8 29
48 18 -18
48 21 94
48 24 -48
48 26 -44
48 27 19
48 28 -87
48 29 -38
48 30 45
48 31 -10
48 37 -98
48 41 89
48 45 -70
48 47 -10
48 48 52
49 0 -15
49 1 83
49 5 73
49 6 78
49 7 -82
49 8 -78
49 15 -68
49 18 47
49 19 -96
49 20 -83
49 24 -40
49 27 37
49 29 -85
49 34 72
49 35 63
49 37 -69
49 41 71
49 42 -83
49 44 23
49 47 -76