0 3 -21
0 9 52
0 13 58
0 17 -81
0 18 -69
0 19 -53
0 21 -26
0 25 -26
0 27 -91
0 28 69
0 30 61
0 33 41
0 45 94
0 47 -52
0 49 54
0 53 -47
0 54 21
0 55 31
0 59 40
0 70 39
0 80 -48
0 81 58
0 85 -56
0 87 47
0 94 22
0 95 -27
0 100 93
0 105 -26
0 113 12
0 123 -58
0 127 46
0 138 72
0 145 47
0 147 72
1 1 50
1 5 -79
1 12 77
1 15 11
1 32 53
1 36 -20
1 43 -60
1 55 3
1 56 77
1 59 -49
1 61 -15
1 64 -79
1 67 7
1 72 -40
1 74 -35
1 76 -26
1 77 -57
1 81 3
1 86 -86
1 87 -13
1 88 -83
1 89 11
1 93 -57
1 94 -73
1 97 -4
1 99 66
1 104 -59
1 105 24
1 106 -35
1 110 -19
1 115 -16
1 122 6
1 124 -82
1 127 83
1 128 -58
1 134 -93
1 137 73
1 145 -71
2 1 -35
2 30 60
2 36 -60
2 37 -71
2 40 24
2 41 12
2 44 -15
2 51 39
2 67 -63
2 68 17
2 71 72
2 72 -41
2 78 34
2 83 96
2 84 71
2 87 73
2 92 -85
2 94 14
2 101 51
2 102 13
2 103 -59
2 115 25
2 117 28
2 120 45
2 125 -25
2 129 77
2 135 22
2 136 -61
2 142 -91
2 143 -17
2 144 8
3 9 23
3 12 69
3 14 96
3 16 39
3 35 -6
3 36 -21
3 37 -6
3 38 7
3 39 68
3 41 41
3 43 10
3 44 62
3 49 -30
3 56 51
3 65 -7
3 66 -85
3 69 93
3 70 -30
3 72 69
3 79 53
3 82 78
3 99 85
3 100 2
3 106 -48
3 112 65
3 113 -38
3 114 -45
3 116 -94
3 119 -21
3 122 -9
3 124 -13
3 126 23
3 133 14
3 135 -39
3 139 40
3 143 -88
3 149 -23
4 6 44
4 7 7
4 10 -88
4 13 -75
4 14 58
4 16 20
4 17 31
4 25 17
4 35 63
4 36 45
4 43 -48
4 48 92
4 52 18
4 58 -5
4 63 74
4 64 71
4 65 -37
4 66 -77
4 70 -98
4 71 -17
4 72 -79
4 74 96
4 75 49
4 87 85
4 96 42
4 111 52
4 112 -82
4 114 -31
4 119 38
4 139 -10
4 142 -7
5 20 100
5 27 86
5 39 -74
5 41 -96
5 45 99
5 47 -9
5 56 -98
5 57 81
5 60 82
5 61 -33
5 64 6
5 68 -62
5 69 92
5 72 2
5 77 -28
5 80 9
5 83 31
5 85 64
5 88 81
5 89 85
5 95 91
5 96 61
5 97 -57
5 102 93
5 103 -70
5 106 -41
5 107 -18
5 109 -86
5 110 65
5 111 -35
5 117 -97
5 120 -88
5 123 66
5 125 63
5 143 66
5 146 -47
5 147 76
6 1 -21
6 2 70
6 7 -39
6 8 97
6 9 -36
6 10 -44
6 13 80
6 14 35
6 16 -57
6 22 34
6 23 97
6 24 64
6 25 39
6 27 90
6 42 100
6 52 -48
6 55 38
6 60 52
6 67 29
6 69 -59
6 81 60
6 82 -71
6 89 -66
6 93 -84
6 104 1
6 105 -17
6 114 -34
6 115 -96
6 124 -82
6 127 -5
6 138 -16
7 1 -43
7 2 -43
7 3 -77
7 5 69
7 6 53
7 9 -6
7 12 51
7 17 65
7 18 55
7 19 -22
7 30 -81
7 38 -50
7 39 -49
7 43 10
7 45 -14
7 46 36
7 50 -28
7 51 -89
7 56 90
7 65 -3
7 74 68
7 82 95
7 87 -42
7 88 -36
7 92 42
7 96 -50
7 99 93
7 102 -54
7 108 52
7 113 -61
7 116 -8
7 117 -22
7 122 78
7 124 -99
7 130 -14
7 139 -65
7 140 11
7 141 15
7 143 -27
8 0 -26
8 1 2
8 2 73
8 9 44
8 11 -79
8 17 -11
8 19 -100
8 25 9
8 26 68
8 27 -27
8 28 -72
8 37 40
8 41 -77
8 44 81
8 47 -36
8 48 90
8 50 -58
8 51 -20
8 53 2
8 57 69
8 59 -30
8 61 9
8 62 13
8 71 67
8 81 -57
8 83 92
8 88 -26
8 93 -53
8 96 -39
8 98 -2
8 100 39
8 103 72
8 104 -97
8 109 68
8 123 -30
8 136 -7
8 137 19
8 140 -34
8 141 -70
8 146 -30
8 149 -98
9 0 -23
9 3 71
9 16 -46
9 28 76
9 33 -90
9 36 -69
9 38 46
9 42 17
9 43 94
9 44 -82
9 45 -70
9 52 -91
9 54 13
9 55 35
9 58 -3
9 66 -17
9 68 -96
9 72 -60
9 73 -87
9 74 25
9 78 -80
9 81 -24
9 88 51
9 90 60
9 91 -9
9 93 -66
9 97 -42
9 98 57
9 111 23
9 114 44
9 117 -49
9 118 36
9 121 -74
9 130 -76
9 131 38
9 138 13
9 147 -42
10 0 92
10 1 -55
10 2 52
10 5 45
10 18 66
10 22 17
10 30 73
10 39 -82
10 41 -12
10 42 32
10 43 90
10 45 -55
10 47 -69
10 54 -30
10 57 13
10 62 -86
10 66 -93
10 72 30
10 80 -45
10 86 -41
10 87 -63
10 91 -32
10 106 -68
10 112 -70
10 115 8
10 117 7
10 129 60
10 133 33
10 134 -61
10 138 -69
10 141 40
10 142 50
11 12 -98
11 22 -84
11 24 -99
11 38 -12
11 41 -7
11 42 92
11 51 -70
11 62 14
11 68 15
11 73 -50
11 74 -51
11 78 86
11 84 -55
11 89 48
11 90 15
11 93 -41
11 99 99
11 110 16
11 115 -82
11 119 75
11 130 97
12 0 -79
12 3 -44
12 4 84
12 6 23
12 12 -81
12 22 12
12 27 -98
12 28 -87
12 36 -22
12 38 91
12 39 27
12 40 51
12 48 -21
12 55 -40
12 59 -82
12 63 59
12 66 -41
12 71 -29
12 73 47
12 74 -56
12 76 38
12 79 -48
12 82 57
12 90 23
12 101 53
12 106 67
12 112 66
12 114 69
12 118 96
12 122 -54
12 123 22
12 124 -45
12 125 -97
12 127 -42
12 132 5
12 134 -95
12 139 14
12 142 -65
12 146 12
13 0 -98
13 4 92
13 12 -48
13 13 98
13 29 59
13 43 10
13 47 9
13 50 28
13 56 -19
13 59 55
13 61 -63
13 66 77
13 68 -12
13 77 90
13 80 -91
13 91 28
13 94 33
13 95 -99
13 97 -10
13 109 20
13 110 -79
13 112 59
13 116 77
13 121 87
13 129 12
13 130 -8
14 0 -3
14 13 28
14 15 91
14 16 61
14 17 -35
14 28 -17
14 32 24
14 34 -96
14 38 63
14 39 79
14 44 -23
14 45 89
14 47 -20
14 57 80
14 59 80
14 64 -88
14 66 -92
14 68 22
14 70 -55
14 77 61
14 81 -57
14 86 68
14 88 -44
14 99 39
14 101 -66
14 104 4
14 110 64
14 113 -80
14 116 -28
14 120 96
14 124 -80
14 137 -26
14 141 -58
14 144 -52
14 149 31
15 0 31
15 4 -68
15 7 -84
15 10 -94
15 21 4
15 32 18
15 33 94
15 48 -9
15 49 51
15 67 5
15 81 -88
15 83 -4
15 84 -82
15 87 58
15 90 -21
15 91 -39
15 104 -71
15 105 15
15 107 31
15 109 -100
15 115 50
15 116 26
15 126 4
15 127 91
15 128 -66
15 133 71
15 137 6
15 140 68
15 141 -97
15 145 88
15 146 -28
15 147 -48
15 149 13
16 1 -12
16 7 100
16 15 -92
16 17 93
16 19 30
16 22 -8
16 28 -37
16 36 73
16 38 79
16 40 63
16 51 26
16 53 -16
16 55 -86
16 57 -48
16 59 -79
16 70 -59
16 71 -15
16 74 -72
16 77 16
16 78 6
16 90 25
16 92 -93
16 97 -94
16 98 15
16 106 73
16 111 40
16 116 -73
16 124 -23
16 137 56
16 148 -63
17 1 98
17 2 1
17 6 -21
17 10 12
17 12 -48
17 14 22
17 15 17
17 16 25
17 19 3
17 21 -6
17 24 3
17 25 19
17 26 -43
17 30 2
17 34 -3
17 42 64
17 46 97
17 48 -5
17 59 5
17 62 96
17 67 -82
17 71 -52
17 76 -77
17 84 47
17 87 -25
17 88 15
17 97 -98
17 98 40
17 100 -68
17 101 -31
17 105 -51
17 107 82
17 109 -42
17 110 -68
17 116 88
17 117 48
17 118 11
17 120 75
17 122 100
17 123 95
17 133 -80
17 135 60
17 139 20
17 141 -43
17 142 83
18 6 99
18 9 77
18 10 -59
18 21 -20
18 25 18
18 28 15
18 33 -58
18 34 69
18 36 46
18 48 -2
18 50 -44
18 51 51
18 58 29
18 59 -95
18 61 45
18 71 48
18 77 80
18 90 12
18 95 12
18 97 16
18 98 -60
18 99 79
18 102 -60
18 108 -60
18 111 77
18 114 -43
18 120 95
18 123 -91
18 124 -40
18 134 -69
18 146 72
19 2 -88
19 7 28
19 10 31
19 12 -95
19 15 26
19 17 68
19 19 95
19 23 -40
19 28 -53
19 30 85
19 33 -49
19 34 39
19 39 -19
19 41 -19
19 42 -34
19 54 -30
19 58 -40
19 72 -3
19 75 23
19 76 -2
19 77 50
19 78 87
19 79 28
19 85 -9
19 87 73
19 95 66
19 99 10
19 100 26
19 101 -91
19 103 53
19 107 -73
19 116 1
19 126 12
19 130 32
19 133 -85
19 134 -2
19 138 -11
19 141 26
19 143 22
19 144 2
19 149 99
20 3 71
20 4 -12
20 8 68
20 17 -1
20 23 88
20 25 8
20 26 -34
20 33 -69
20 34 78
20 38 55
20 44 -61
20 45 38
20 49 27
20 51 -37
20 54 -71
20 59 50
20 60 -27
20 62 52
20 68 -18
20 70 -59
20 72 -18
20 85 -75
20 87 54
20 92 78
20 96 -57
20 102 -16
20 103 -10
20 108 76
20 109 -54
20 115 -89
20 119 -24
20 125 20
20 131 72
20 133 57
20 135 62
20 142 -77
20 144 -39
20 148 20
21 0 77
21 1 -92
21 2 16
21 6 -32
21 8 -99
21 9 -62
21 15 24
21 23 5
21 35 98
21 36 94
21 37 11
21 38 67
21 40 -39
21 41 -87
21 42 52
21 43 31
21 44 8
21 45 -72
21 52 -36
21 61 91
21 63 20
21 65 56
21 66 74
21 72 66
21 76 1
21 77 73
21 79 -90
21 82 7
21 84 -8
21 94 22
21 104 -57
21 110 77
21 112 99
21 117 -53
21 121 -31
21 126 -73
21 128 59
21 130 -11
21 132 55
21 144 22
21 146 -22
22 2 -23
22 5 29
22 8 6
22 11 -88
22 13 -62
22 22 -42
22 23 -52
22 25 -60
22 26 -21
22 32 -20
22 39 94
22 40 36
22 46 95
22 47 51
22 52 -44
22 56 34
22 62 86
22 63 -20
22 69 90
22 77 55
22 79 -70
22 80 -47
22 85 57
22 88 -68
22 89 65
22 95 68
22 97 95
22 101 67
22 113 -58
22 118 4
22 120 -76
22 121 59
22 122 39
22 123 47
22 124 -63
22 128 27
22 133 -12
22 138 -32
22 148 -22
23 2 -26
23 4 -71
23 13 1
23 20 61
23 21 10
23 24 -86
23 25 10
23 30 2
23 32 53
23 33 96
23 37 82
23 38 -100
23 39 78
23 42 61
23 48 -65
23 56 -19
23 57 16
23 69 -34
23 70 -15
23 71 16
23 72 -9
23 76 5
23 80 -92
23 84 -50
23 85 -7
23 103 23
23 109 -86
23 115 -81
23 116 -51
23 118 -47
23 122 -62
23 132 -21
23 134 -44
23 138 -44
23 148 2
24 1 23
24 6 90
24 9 -24
24 16 -95
24 20 -59
24 28 -6
24 37 -41
24 38 -28
24 41 -48
24 51 -41
24 54 8
24 63 54
24 67 6
24 68 14
24 76 -95
24 82 89
24 94 -10
24 95 -17
24 100 -93
24 105 43
24 106 -71
24 109 69
24 110 -16
24 117 -62
24 119 -17
24 120 -51
24 121 -85
24 122 44
24 125 52
24 132 -57
24 139 -37
24 143 82
24 148 63
24 149 -88
25 9 -3
25 13 98
25 17 -39
25 22 -22
25 25 32
25 26 25
25 32 91
25 35 -91
25 36 -13
25 48 -21
25 54 66
25 56 99
25 58 68
25 62 33
25 64 69
25 67 9
25 69 -51
25 71 18
25 72 -68
25 74 -30
25 77 80
25 83 -83
25 88 31
25 89 -44
25 90 -82
25 92 11
25 94 8
25 98 41
25 99 -24
25 101 -11
25 107 46
25 116 86
25 117 38
25 118 20
25 124 -41
25 133 -89
25 143 76
26 9 86
26 18 -19
26 29 -74
26 34 36
26 37 87
26 43 -36
26 47 -52
26 48 -76
26 50 70
26 61 50
26 69 -48
26 70 62
26 77 -7
26 84 87
26 85 -40
26 87 -3
26 88 96
26 100 82
26 114 25
26 119 -45
26 124 58
26 126 -52
26 133 -5
26 141 96
27 3 -88
27 7 -8
27 8 66
27 12 45
27 15 8
27 19 -49
27 20 77
27 25 -55
27 27 -67
27 28 -76
27 30 94
27 41 37
27 43 -91
27 45 -12
27 48 36
27 49 -55
27 50 13
27 53 -9
27 58 -38
27 65 24
27 66 -59
27 69 55
27 82 -78
27 83 35
27 84 -47
27 88 22
27 90 69
27 94 -20
27 100 -5
27 105 -25
27 106 100
27 109 -72
27 111 15
27 120 37
27 125 -25
27 129 -97
27 134 19
27 138 42
27 139 93
27 146 44
28 0 77
28 1 95
28 5 77
28 7 26
28 12 -15
28 23 -22
28 26 32
28 27 -43
28 28 5
28 41 -81
28 43 34
28 50 -19
28 53 3
28 58 62
28 60 65
28 61 32
28 65 77
28 68 19
28 73 24
28 74 -20
28 76 49
28 79 -85
28 80 88
28 92 -36
28 95 -74
28 98 -38
28 99 23
28 100 -88
28 104 76
28 105 -71
28 106 5
28 109 82
28 110 74
28 111 67
28 113 -21
28 124 -30
28 127 39
28 131 -68
28 132 63
28 139 31
28 143 -88
28 144 -71
28 149 45
29 1 100
29 6 15
29 13 26
29 20 39
29 36 -55
29 39 32
29 41 47
29 42 69
29 45 69
29 46 -24
29 63 -79
29 69 -22
29 71 -20
29 72 -15
29 73 93
29 79 18
29 85 19
29 86 34
29 90 -77
29 94 40
29 100 -58
29 101 -51
29 103 29
29 107 -3
29 112 62
29 114 -75
29 115 16
29 118 80
29 119 -94
29 120 -68
29 121 38
29 122 10
29 126 -34
29 128 99
29 129 -2
29 131 94
29 133 97
29 141 16
29 143 -24
29 144 -41
29 148 -96
30 0 3
30 10 79
30 11 -68
30 13 -87
30 18 77
30 19 14
30 20 -43
30 31 89
30 34 -15
30 38 47
30 42 -60
30 50 -97
30 53 -47
30 54 64
30 59 30
30 61 -25
30 62 -54
30 63 69
30 65 -14
30 70 73
30 72 75
30 85 87
30 98 77
30 104 -77
30 108 95
30 110 18
30 111 35
30 120 -12
30 121 -29
30 123 37
30 124 -19
30 125 -92
30 129 3
30 138 -74
30 139 -16
30 143 45
30 145 -63
30 146 -30
30 148 14
31 3 -6
31 4 81
31 9 -38
31 10 82
31 14 -17
31 17 35
31 18 87
31 19 -1
31 20 -42
31 33 93
31 38 -97
31 39 78
31 44 56
31 46 7
31 48 -19
31 61 15
31 69 10
31 70 -13
31 73 24
31 74 3
31 76 -50
31 81 -98
31 86 -97
31 93 -42
31 104 36
31 112 20
31 113 -98
31 117 -57
31 118 -55
31 119 56
31 121 40
31 128 -53
31 137 40
31 141 -51
31 146 -82
31 149 97
32 1 66
32 8 62
32 9 50
32 12 -99
32 19 -45
32 22 2
32 25 63
32 28 -68
32 29 94
32 30 22
32 32 22
32 36 -41
32 45 -5
32 47 -82
32 48 -53
32 52 -84
32 61 -46
32 62 -17
32 79 50
32 88 -94
32 98 66
32 100 39
32 104 -33
32 114 50
32 117 -55
32 125 -1
32 129 90
32 133 28
32 137 8
32 142 -78
32 146 -81
33 0 -30
33 11 87
33 12 97
33 23 77
33 25 49
33 29 -13
33 35 42
33 36 -73
33 40 -75
33 47 93
33 49 -34
33 51 -54
33 58 34
33 61 -29
33 62 -67
33 70 26
33 74 23
33 84 69
33 89 86
33 93 89
33 99 -49
33 101 -9
33 102 -94
33 104 -46
33 113 -35
33 122 -10
33 131 38
33 139 33
33 142 -23
33 147 26
33 148 14
34 0 67
34 2 -77
34 5 25
34 13 68
34 34 83
34 39 49
34 50 31
34 57 91
34 59 34
34 62 63
34 67 -89
34 73 -23
34 75 -60
34 77 9
34 85 -38
34 87 -80
34 88 94
34 89 -54
34 92 99
34 101 -53
34 111 97
34 116 62
34 117 57
34 121 -34
34 123 -30
34 124 23
34 126 -94
34 131 48
34 134 -64
34 137 100
34 149 33
35 1 88
35 2 -45
35 3 15
35 4 45
35 8 -51
35 9 -84
35 12 87
35 13 -72
35 16 -17
35 21 -67
35 23 95
35 25 24
35 29 -8
35 35 52
35 39 85
35 41 21
35 43 53
35 44 -69
35 53 36
35 55 89
35 58 -64
35 59 -88
35 62 -66
35 68 -89
35 70 -7
35 80 3
35 83 -7
35 108 -88
35 110 -19
35 121 -39
35 122 95
35 123 55
35 131 17
35 136 -65
35 142 65
35 144 -50
35 145 -54
36 0 -50
36 1 72
36 3 95
36 5 -14
36 9 93
36 17 75
36 27 -92
36 31 56
36 32 84
36 39 -81
36 43 83
36 46 3
36 51 -85
36 54 -76
36 60 -69
36 67 -26
36 68 -25
36 71 62
36 80 -57
36 83 -58
36 84 -76
36 86 57
36 98 23
36 100 54
36 102 -55
36 106 -51
36 110 -93
36 112 -67
36 114 81
36 117 -11
36 119 -26
36 120 -2
36 130 -45
36 131 64
36 133 55
36 141 75
36 145 82
36 146 -17
36 147 -72
37 0 76
37 1 53
37 6 44
37 7 54
37 8 -72
37 13 -43
37 19 70
37 24 47
37 30 56
37 33 31
37 34 31
37 46 -96
37 47 -43
37 50 -21
37 59 80
37 63 55
37 75 -29
37 78 -58
37 87 -89
37 95 -71
37 96 48
37 103 2
37 104 49
37 105 -22
37 111 -32
37 116 54
37 120 73
37 125 62
37 126 92
37 127 73
37 129 18
37 133 13
37 138 -66
37 142 -7
37 143 -48
38 0 -8
38 2 -28
38 3 -8
38 4 40
38 16 16
38 21 12
38 24 -58
38 30 -77
38 34 -26
38 40 78
38 45 44
38 48 12
38 52 84
38 62 -8
38 63 28
38 66 12
38 67 -8
38 71 72
38 77 6
38 81 40
38 91 61
38 93 11
38 94 -32
38 96 38
38 102 55
38 106 5
38 118 -20
38 122 -36
38 125 -54
38 127 57
38 128 28
38 134 -100
38 144 -23
38 146 -51
38 149 -10
39 1 47
39 5 47
39 10 72
39 13 84
39 15 39
39 16 32
39 23 -86
39 33 64
39 35 -47
39 43 77
39 44 -53
39 48 -94
39 56 82
39 57 47
39 63 -47
39 70 3
39 73 77
39 76 -92
39 79 57
39 81 29
39 83 5
39 93 23
39 97 -90
39 102 -21
39 103 -99
39 110 -13
39 113 -1
39 114 -70
39 121 -16
39 124 74
39 125 -71
39 126 24
39 129 2
39 130 -7
39 137 54
39 139 26
39 140 10
39 143 -13
39 147 -55
40 2 -17
40 5 -66
40 11 41
40 15 -38
40 17 16
40 21 41
40 24 -35
40 40 -66
40 41 -30
40 59 -44
40 62 26
40 68 31
40 71 -13
40 85 19
40 87 99
40 92 32
40 93 82
40 95 78
40 96 14
40 100 73
40 102 -10
40 105 31
40 110 81
40 111 -19
40 114 -7
40 126 74
40 129 43
40 130 20
40 131 16
40 132 -1
40 137 -92
40 139 -43
40 141 35
40 145 -70
40 147 18
40 148 58
41 12 36
41 15 -63
41 16 74
41 17 -38
41 18 -28
41 23 65
41 24 -81
41 25 48
41 26 -64
41 29 60
41 33 -6
41 36 21
41 48 91
41 60 99
41 62 58
41 63 -28
41 67 9
41 68 89
41 72 5
41 73 96
41 77 48
41 79 35
41 82 -97
41 91 -92
41 94 -2
41 95 -46
41 115 6
41 116 -89
41 123 8
41 124 -46
41 125 -89
41 133 -92
41 134 -98
41 139 36
41 142 95
41 148 10
42 0 -61
42 6 -98
42 7 -7
42 8 75
42 9 1
42 11 -4
42 20 10
42 26 -43
42 30 -82
42 31 97
42 32 70
42 33 62
42 36 -64
42 37 61
42 45 -84
42 48 -69
42 70 -75
42 75 25
42 78 16
42 83 -47
42 86 64
42 91 61
42 99 -46
42 100 71
42 102 23
42 105 74
42 106 -21
42 107 55
42 108 50
42 118 -83
42 119 -22
42 121 67
42 127 -45
42 129 96
42 130 52
42 132 27
42 139 79
42 140 62
42 141 -68
43 5 23
43 9 66
43 16 -25
43 18 85
43 19 13
43 21 7
43 28 18
43 43 47
43 52 -16
43 55 79
43 56 -8
43 62 81
43 64 -3
43 69 -99
43 75 54
43 81 54
43 90 -80
43 91 -81
43 93 15
43 96 -65
43 98 -15
43 100 -2
43 121 -93
43 125 -24
43 131 -80
43 134 -38
43 138 100
43 139 -99
43 144 12
44 3 -37
44 8 -98
44 13 70
44 16 -43
44 18 -14
44 27 44
44 32 -1
44 33 -62
44 38 -27
44 40 78
44 44 16
44 48 73
44 50 17
44 51 72
44 57 -55
44 61 -11
44 62 -9
44 64 26
44 67 16
44 68 7
44 71 -64
44 75 -89
44 81 -72
44 83 -94
44 95 -24
44 105 -51
44 106 48
44 112 26
44 115 7
44 122 60
44 123 86
44 124 32
44 127 72
44 133 -76
44 135 -19
44 136 -85
44 141 -46
44 142 -28
44 147 -90
45 2 15
45 6 -27
45 8 -24
45 9 -34
45 10 65
45 13 54
45 14 -33
45 19 -31
45 25 -51
45 36 -35
45 37 -10
45 38 -63
45 39 -25
45 44 25
45 46 -41
45 49 -66
45 52 28
45 53 -80
45 60 98
45 61 65
45 63 -16
45 66 83
45 67 -49
45 68 -52
45 70 24
45 72 -15
45 84 -49
45 90 44
45 92 -89
45 97 -86
45 103 -56
45 104 46
45 107 -1
45 108 87
45 112 51
45 114 92
45 121 2
45 123 62
45 127 -2
45 131 43
45 133 83
45 134 -89
45 136 -87
45 138 99
45 141 74
45 142 46
46 0 -99
46 1 -36
46 8 -52
46 9 51
46 12 -88
46 16 86
46 17 -34
46 20 -27
46 22 92
46 27 -97
46 29 70
46 34 -80
46 41 -12
46 43 24
46 47 81
46 49 -90
46 53 -48
46 58 24
46 59 73
46 62 75
46 66 -84
46 67 -72
46 70 -18
46 71 72
46 72 68
46 76 -47
46 80 38
46 83 -75
46 85 60
46 95 -12
46 97 -70
46 102 58
46 107 -48
46 109 40
46 110 22
46 111 -100
46 113 42
46 115 -54
46 116 56
46 127 -69
46 143 -61
46 146 44
46 149 -48
47 6 -14
47 9 25
47 10 38
47 13 -54
47 17 59
47 21 82
47 25 -97
47 26 -68
47 29 -2
47 30 -65
47 33 28
47 35 5
47 44 -14
47 45 -70
47 53 41
47 56 -60
47 58 39
47 60 46
47 61 18
47 64 -14
47 74 -35
47 75 -19
47 83 -36
47 84 64
47 88 -95
47 97 39
47 114 -77
47 121 -32
47 132 99
47 134 42
47 139 -47
47 141 41
48 0 23
48 2 67
48 10 -40
48 17 -12
48 18 -95
48 21 -69
48 26 -80
48 40 -52
48 41 32
48 43 18
48 49 -27
48 51 -74
48 55 24
48 61 -45
48 62 -81
48 63 -68
48 64 -45
48 66 92
48 72 -82
48 73 41
48 78 7
48 81 -24
48 91 26
48 94 -30
48 95 -48
48 99 -100
48 104 71
48 107 84
48 112 -50
48 114 40
48 117 -100
48 120 87
48 121 26
48 122 64
48 126 59
48 129 -14
48 133 61
48 149 17
49 2 22
49 6 -44
49 7 54
49 15 82
49 17 29
49 20 -30
49 22 -45
49 23 -75
49 28 3
49 29 62
49 32 89
49 37 20
49 39 53
49 44 75
49 49 -98
49 52 17
49 55 -79
49 58 -47
49 60 -27
49 64 -74
49 72 -22
49 75 -80
49 76 83
49 77 41
49 78 -85
49 82 -45
49 86 -76
49 87 53
49 90 -90
49 99 85
49 100 -43
49 109 16
49 114 22
49 115 -64
49 120 -96
49 126 98
49 127 13
49 129 -1
49 130 -25
49 136 32
49 137 6
49 140 85
49 146 52
49 148 47
50 2 -5
50 5 61
50 7 56
50 10 -6
50 11 -97
50 13 38
50 15 14
50 26 -33
50 30 -63
50 36 -93
50 37 -59
50 39 -66
50 42 -86
50 47 49
50 48 -66
50 52 -72
50 58 -78
50 59 -39
50 60 -27
50 69 69
50 73 -68
50 74 -55
50 77 -46
50 80 -31
50 87 20
50 92 -11
50 94 -39
50 95 93
50 96 72
50 97 13
50 100 -86
50 107 -57
50 109 -22
50 112 -92
50 121 -71
50 122 -95
50 127 49
50 129 77
50 142 46
50 143 6
50 146 -35
50 147 81
51 5 95
51 8 -72
51 9 6
51 12 -97
51 13 11
51 24 -23
51 25 53
51 28 12
51 29 -83
51 33 -84
51 35 91
51 39 81
51 50 -57
51 54 77
51 55 82
51 62 -24
51 63 62
51 66 -83
51 68 -55
51 73 2
51 84 34
51 91 -99
51 102 -4
51 103 32
51 106 55
51 111 -79
51 112 62
51 114 -77
51 115 87
51 118 4
51 119 -97
51 124 14
51 127 38
51 129 -24
51 130 44
51 131 -30
51 137 51
51 145 -48
51 147 25
52 0 99
52 1 -98
52 4 8
52 5 14
52 14 25
52 19 81
52 23 47
52 34 -63
52 46 66
52 49 -39
52 52 81
52 59 -90
52 64 -2
52 72 -42
52 84 -56
52 87 -86
52 88 -93
52 100 -29
52 101 -11
52 105 82
52 115 -97
52 118 -23
52 121 98
52 125 66
52 147 35
52 149 60
53 3 51
53 9 49
53 11 -63
53 13 -25
53 14 -74
53 18 18
53 19 -72
53 21 20
53 26 62
53 29 91
53 34 37
53 35 52
53 44 36
53 45 35
53 47 61
53 48 91
53 52 -68
53 54 -63
53 57 -47
53 62 -43
53 64 -41
53 79 -72
53 81 -91
53 89 95
53 90 89
53 91 -51
53 94 -8
53 104 -33
53 110 56
53 120 19
53 123 -86
53 133 -36
53 134 65
53 136 79
53 140 33
53 142 -96
53 143 48
53 144 21
53 146 -5
54 7 -26
54 8 -68
54 15 90
54 18 68
54 19 9
54 21 3
54 22 94
54 23 -20
54 24 20
54 27 14
54 30 -8
54 31 -10
54 32 5
54 37 -80
54 39 30
54 40 -62
54 42 -26
54 43 89
54 44 86
54 47 -47
54 52 -5
54 55 -83
54 66 -60
54 67 21
54 69 -63
54 70 49
54 75 -12
54 77 4
54 79 27
54 81 81
54 85 48
54 91 25
54 96 93
54 107 47
54 114 93
54 118 -29
54 120 -37
54 124 -39
54 129 -75
54 132 25
54 140 -72
54 149 86
55 1 -18
55 2 97
55 4 -71
55 11 77
55 14 59
55 17 -43
55 20 58
55 29 -51
55 35 -23
55 37 51
55 53 -41
55 54 25
55 57 -29
55 66 82
55 72 99
55 75 -32
55 77 38
55 81 -10
55 91 78
55 93 -77
55 95 -9
55 99 -85
55 102 -43
55 114 -12
55 117 -91
55 120 53
55 121 -92
55 123 30
55 124 -21
55 132 18
55 134 -54
55 146 23
56 1 91
56 8 37
56 16 -18
56 26 1
56 28 -51
56 29 4
56 36 -32
56 38 62
56 40 -29
56 45 92
56 51 -86
56 53 60
56 54 -72
56 62 56
56 66 -52
56 69 32
56 80 2
56 82 57
56 84 -14
56 93 -25
56 97 -67
56 109 -91
56 113 4
56 116 -91
56 120 32
56 121 -61
56 122 93
56 123 98
56 128 -37
56 130 -68
56 134 -74
56 137 -92
56 140 -6
56 145 60
56 146 90
57 2 63
57 9 18
57 13 -23
57 17 87
57 18 -52
57 28 52
57 29 -1
57 32 -84
57 34 89
57 37 28
57 40 -6
57 45 89
57 46 46
57 48 28
57 56 20
57 59 -60
57 69 -15
57 75 -37
57 76 40
57 83 12
57 94 87
57 97 -12
57 98 58
57 104 -77
57 111 -15
57 122 -20
57 123 -4
57 132 -32
57 138 -22
57 145 96
57 146 -4
57 149 -45
58 2 39
58 4 -82
58 7 26
58 11 -90
58 18 -73
58 21 -53
58 24 -38
58 25 13
58 28 -68
58 32 39
58 34 17
58 36 -44
58 37 93
58 38 61
58 51 -94
58 52 -84
58 54 -85
58 60 33
58 69 75
58 70 -47
58 72 -53
58 74 89
58 77 29
58 78 -67
58 80 -88
58 84 58
58 85 85
58 87 48
58 93 45
58 98 -100
58 102 31
58 112 -6
58 122 -46
58 130 -20
58 138 93
58 143 -85
58 148 4
59 2 -17
59 8 -38
59 9 20
59 11 -61
59 14 -73
59 19 -51
59 24 91
59 30 66
59 32 64
59 35 81
59 38 59
59 43 -88
59 47 -59
59 56 95
59 67 -14
59 70 -37
59 72 -1
59 74 -100
59 77 22
59 80 52
59 82 73
59 90 96
59 91 50
59 94 69
59 99 65
59 106 -24
59 108 -78
59 115 3
59 116 84
59 117 -85
59 125 35
59 128 20
59 142 58
59 144 95
59 146 -32
59 149 -78
60 0 93
60 2 -90
60 4 3
60 6 43
60 9 74
60 11 2
60 16 29
60 18 -68
60 20 70
60 27 89
60 39 77
60 68 29
60 81 -33
60 91 7
60 92 -5
60 93 -84
60 94 61
60 99 84
60 102 46
60 105 -66
60 118 -85
60 120 25
60 124 25
60 127 -35
60 129 7
60 132 -89
60 133 20
60 134 -73
60 143 94
60 144 -18
60 146 -82
60 148 -31
60 149 -41
61 0 8
61 1 33
61 5 -96
61 11 84
61 17 46
61 27 14
61 28 9
61 33 -75
61 36 -26
61 39 -40
61 43 -92
61 45 94
61 58 48
61 61 -39
61 62 -14
61 64 -10
61 66 -100
61 81 -38
61 89 -33
61 99 -80
61 101 -90
61 104 -51
61 110 66
61 112 -90
61 116 -24
61 118 18
61 125 -77
61 127 75
61 129 -57
61 131 -4
61 133 76
61 139 60
61 149 85
62 4 89
62 31 -79
62 32 -100
62 39 -79
62 48 71
62 51 -76
62 54 -67
62 59 10
62 71 -83
62 73 49
62 75 67
62 78 41
62 86 -50
62 93 54
62 94 -75
62 96 79
62 99 91
62 103 55
62 104 -47
62 118 10
62 125 -41
62 131 71
62 132 -34
62 139 41
62 140 98
62 146 69
62 149 56
63 3 -23
63 5 77
63 7 30
63 13 24
63 19 74
63 20 68
63 21 -73
63 25 -67
63 33 40
63 36 24
63 42 40
63 47 4
63 48 88
63 50 -35
63 55 -94
63 57 -74
63 64 -66
63 65 -74
63 69 -64
63 72 21
63 73 91
63 75 18
63 76 38
63 83 85
63 95 -90
63 96 90
63 100 -52
63 102 -9
63 103 42
63 106 75
63 110 63
63 112 32
63 119 4
63 122 7
63 123 35
63 127 54
63 128 55
63 130 -36
63 132 67
63 133 -34
63 135 -13
63 149 30
64 8 95
64 13 -28
64 17 -14
64 19 8
64 20 -12
64 25 -53
64 31 -79
64 34 27
64 36 27
64 38 -33
64 39 -44
64 49 -77
64 51 -53
64 53 96
64 64 -58
64 67 86
64 73 -28
64 80 -58
64 91 -45
64 98 74
64 99 70
64 100 13
64 107 32
64 110 -21
64 116 87
64 117 48
64 118 -36
64 120 -54
64 121 45
64 126 -25
64 133 88
64 137 -63
64 140 23
64 144 33
64 145 15
64 149 81
65 0 93
65 1 29
65 4 -73
65 12 50
65 16 -74
65 18 73
65 21 71
65 23 -38
65 28 81
65 29 -73
65 30 -64
65 36 -57
65 37 42
65 38 74
65 50 4
65 59 -12
65 60 92
65 62 -67
65 69 43
65 72 -15
65 74 -3
65 78 -36
65 81 54
65 82 -87
65 83 -17
65 85 26
65 87 1
65 89 8
65 101 -47
65 104 92
65 106 57
65 107 -48
65 108 -32
65 111 73
65 112 75
65 113 26
65 118 60
65 125 54
65 128 98
65 130 74
65 134 -10
65 137 -31
65 146 29
66 6 23
66 14 20
66 15 -39
66 20 86
66 21 -34
66 27 35
66 29 -83
66 30 5
66 35 52
66 39 88
66 41 -52
66 46 -88
66 48 37
66 51 -32
66 55 14
66 57 63
66 60 28
66 66 72
66 68 -72
66 84 -69
66 95 -5
66 96 -39
66 97 5
66 98 67
66 101 -59
66 112 -4
66 114 -32
66 119 -75
66 123 -2
66 132 -49
66 133 -38
66 135 -70
66 136 68
66 144 -31
67 3 -19
67 12 13
67 13 -19
67 14 73
67 19 -32
67 23 17
67 24 49
67 26 27
67 32 -50
67 41 8
67 51 -7
67 53 100
67 60 9
67 64 -65
67 65 49
67 71 70
67 76 -74
67 78 -88
67 81 -87
67 89 84
67 93 -96
67 94 75
67 96 74
67 101 39
67 103 36
67 104 -11
67 110 -87
67 115 25
67 116 96
67 120 -70
67 123 50
67 135 -9
67 141 -1
67 146 38
67 149 -76
68 4 8
68 6 -41
68 12 -44
68 13 -54
68 18 15
68 23 97
68 24 42
68 31 -64
68 32 -45
68 33 -36
68 38 -18
68 41 -97
68 45 37
68 48 34
68 49 -11
68 55 27
68 57 -66
68 72 -27
68 75 95
68 79 5
68 80 57
68 82 -63
68 87 47
68 88 -86
68 89 -45
68 95 82
68 105 -11
68 123 75
68 126 -34
68 127 -61
68 129 73
68 133 -36
68 136 46
68 137 -52
69 11 -95
69 13 20
69 15 -4
69 17 7
69 20 -30
69 21 -79
69 23 33
69 28 2
69 33 3
69 56 -10
69 61 80
69 65 31
69 66 93
69 72 23
69 73 -100
69 74 -99
69 77 -71
69 87 77
69 88 -52
69 91 -30
69 95 41
69 99 -52
69 110 -38
69 111 90
69 114 97
69 117 -77
69 125 -68
69 133 -12
69 142 30
69 145 -89
69 146 24
70 5 -34
70 11 -66
70 13 17
70 17 67
70 18 42
70 24 20
70 25 -72
70 27 -34
70 33 -31
70 38 -2
70 39 48
70 44 18
70 46 86
70 50 15
70 57 34
70 62 -62
70 66 16
70 70 -22
70 72 -5
70 73 -98
70 76 -41
70 79 9
70 81 32
70 83 2
70 86 -10
70 87 94
70 88 -90
70 103 -83
70 114 45
70 116 12
70 119 84
70 122 -35
70 124 -82
70 133 73
70 136 -50
70 137 43
70 142 -51
70 143 90
70 149 57
71 2 -62
71 3 -86
71 4 78
71 8 8
71 16 -52
71 17 89
71 18 57
71 21 -40
71 25 -3
71 30 70
71 34 60
71 35 -100
71 53 -93
71 56 -76
71 61 -76
71 65 76
71 78 25
71 82 -71
71 85 -73
71 86 -7
71 87 -69
71 94 -1
71 110 11
71 116 -11
71 117 40
71 119 -34
71 120 90
71 125 55
71 126 -42
71 132 32
71 138 67
71 140 47
71 141 11
72 0 28
72 2 -32
72 5 -90
72 8 23
72 9 81
72 10 36
72 16 -65
72 29 -88
72 37 -53
72 44 56
72 47 20
72 48 59
72 55 58
72 63 11
72 64 -19
72 69 93
72 72 62
72 81 -56
72 86 -36
72 95 1
72 102 -73
72 108 53
72 121 -100
72 127 36
72 128 -21
72 129 55
72 130 -16
72 135 79
72 138 3
72 144 6
72 148 70
73 1 10
73 7 94
73 8 98
73 9 44
73 10 -53
73 15 73
73 18 -96
73 20 29
73 23 -60
73 28 27
73 29 83
73 32 -69
73 33 -6
73 43 -85
73 48 -60
73 49 12
73 53 -65
73 54 -54
73 60 -100
73 65 -95
73 70 -44
73 72 -23
73 78 22
73 79 40
73 82 76
73 85 -13
73 87 -38
73 93 -84
73 94 -29
73 95 69
73 97 48
73 99 -86
73 100 59
73 105 -99
73 107 -7
73 109 11
73 110 -81
73 114 -64
73 116 -61
73 124 -50
73 125 -27
73 128 -36
73 132 -5
73 137 88
73 144 58
74 0 -93
74 9 1
74 11 57
74 12 68
74 14 -71
74 15 -93
74 18 2
74 24 91
74 26 72
74 29 -48
74 32 -8
74 35 -7
74 54 78
74 58 -81
74 64 -42
74 72 59
74 80 41
74 85 -59
74 90 -88
74 99 45
74 103 -92
74 108 88
74 112 88
74 121 30
74 123 17
74 124 76
74 132 -69
74 137 -17
74 143 -52
74 149 -57
75 1 63
75 3 -65
75 7 21
75 13 -92
75 18 -45
75 19 44
75 24 35
75 27 59
75 28 27
75 34 -51
75 37 67
75 38 -67
75 39 -60
75 42 -98
75 48 -36
75 51 65
75 57 67
75 59 -88
75 61 -84
75 62 -23
75 65 -38
75 66 31
75 69 2
75 71 46
75 72 57
75 76 76
75 79 25
75 84 22
75 86 54
75 87 -14
75 89 -52
75 92 -69
75 100 33
75 109 71
75 110 55
75 116 -75
75 117 -9
75 120 46
75 124 10
75 126 -40
75 130 -14
75 138 -24
75 140 -19
75 141 72
75 143 77
75 144 85
75 147 1
76 0 97
76 2 -45
76 3 2
76 5 -56
76 12 -6
76 17 36
76 26 -68
76 28 -66
76 30 -72
76 33 55
76 38 53
76 40 56
76 50 57
76 56 -13
76 64 -58
76 67 3
76 68 -20
76 71 45
76 80 -20
76 84 65
76 93 94
76 100 -52
76 101 -76
76 103 -16
76 117 -11
76 122 -34
76 124 69
76 130 -96
76 138 -61
76 148 -53
77 0 96
77 1 -26
77 2 -3
77 19 73
77 20 -68
77 24 87
77 30 34
77 34 -25
77 40 -94
77 47 -73
77 51 57
77 71 -100
77 76 -75
77 82 94
77 88 -58
77 91 -22
77 97 61
77 103 25
77 104 -70
77 105 15
77 106 -49
77 109 -7
77 112 56
77 117 -77
77 121 -36
77 122 -69
77 124 -42
77 128 28
77 136 42
77 137 -24
77 147 -11
78 5 -24
78 10 -52
78 11 -99
78 12 91
78 14 92
78 23 -88
78 27 -15
78 30 -37
78 35 -35
78 43 100
78 44 100
78 46 -82
78 60 -51
78 61 62
78 68 -61
78 73 -78
78 74 53
78 75 63
78 76 30
78 77 -69
78 82 -85
78 88 -72
78 96 69
78 101 9
78 105 -100
78 112 42
78 124 73
78 132 27
78 135 -12
78 141 -88
78 146 -22
79 0 -19
79 6 -42
79 11 95
79 12 64
79 16 50
79 17 55
79 21 -93
79 22 23
79 24 24
79 26 17
79 38 3
79 41 -82
79 42 76
79 43 95
79 47 -70
79 48 -82
79 49 -76
79 52 -73
79 53 48
79 56 -17
79 60 -19
79 62 26
79 66 -31
79 73 22
79 74 -96
79 75 -53
79 76 83
79 87 -63
79 88 -66
79 102 -26
79 103 -12
79 107 -66
79 108 -65
79 111 1
79 124 -79
79 130 -98
79 131 -28
79 135 -73
79 146 77
80 0 65
80 6 -82
80 15 -58
80 21 76
80 22 -23
80 24 55
80 26 77
80 27 78
80 34 77
80 35 16
80 40 -49
80 50 8
80 55 -49
80 58 84
80 64 -10
80 65 -30
80 66 84
80 77 85
80 82 19
80 87 62
80 99 28
80 103 15
80 105 -54
80 112 16
80 115 69
80 118 -64
80 124 -73
80 128 91
80 136 5
80 146 -1
80 149 -55
81 1 -75
81 6 13
81 11 92
81 29 16
81 30 -72
81 31 -88
81 37 28
81 38 61
81 44 98
81 60 16
81 62 76
81 69 79
81 75 -25
81 83 61
81 94 85
81 102 3
81 103 72
81 107 29
81 108 12
81 119 41
81 121 -9
81 122 93
81 123 24
81 131 -69
81 135 -61
81 137 -12
81 138 32
81 144 22
82 0 -33
82 1 98
82 5 59
82 6 90
82 12 -72
82 15 66
82 21 9
82 28 -37
82 32 -7
82 34 -78
82 37 81
82 45 15
82 50 7
82 52 -54
82 58 -29
82 62 3
82 68 69
82 71 -37
82 72 84
82 76 11
82 78 -9
82 87 -50
82 89 20
82 93 -73
82 108 -18
82 111 -86
82 112 81
82 119 -8
82 127 25
82 130 63
82 131 84
82 132 -29
82 139 14
82 145 94
82 146 69
83 2 -86
83 8 -66
83 12 -14
83 15 -27
83 21 34
83 24 48
83 27 12
83 30 -60
83 33 -32
83 48 61
83 50 64
83 60 -85
83 63 99
83 64 95
83 67 -62
83 69 -81
83 78 16
83 86 -6
83 88 -76
83 93 25
83 96 65
83 100 -27
83 102 81
83 110 -23
83 111 -18
83 115 89
83 120 -87
83 122 28
83 124 -64
83 125 -34
83 128 3
83 129 43
83 138 64
83 142 -38
83 144 -36
84 11 -83
84 12 -17
84 17 -95
84 26 25
84 29 -5
84 30 84
84 33 44
84 36 -52
84 38 -30
84 39 8
84 41 -54
84 49 89
84 56 74
84 58 -100
84 59 -70
84 60 17
84 63 95
84 65 40
84 67 -71
84 74 -75
84 75 10
84 78 -35
84 91 -24
84 94 84
84 95 76
84 96 82
84 110 40
84 114 -13
84 120 28
84 131 -72
84 133 -79
84 136 20
84 137 19
84 142 96
84 148 51
85 1 -32
85 9 -60
85 12 18
85 17 -43
85 20 -55
85 21 -19
85 30 86
85 32 -44
85 36 -20
85 42 -94
85 48 -75
85 50 87
85 55 -34
85 58 89
85 65 -18
85 70 -62
85 71 -52
85 72 -23
85 75 4
85 76 -55
85 77 97
85 79 -71
85 83 28
85 87 -22
85 88 -87
85 91 20
85 95 65
85 101 -60
85 106 -3
85 108 -85
85 109 -87
85 111 -4
85 113 -70
85 116 96
85 119 -71
85 120 36
85 121 -97
85 122 -72
85 124 -28
85 135 -88
85 142 60
85 143 -49
86 3 40
86 7 18
86 12 67
86 13 -11
86 15 98
86 17 39
86 20 -31
86 22 92
86 25 68
86 27 35
86 28 -85
86 32 41
86 34 -77
86 35 -4
86 37 45
86 38 -24
86 55 18
86 56 24
86 73 -47
86 74 -63
86 81 -23
86 85 99
86 96 71
86 112 3
86 116 -76
86 125 -99
86 133 -85
86 140 -9
87 2 -94
87 21 -27
87 22 1
87 24 -1
87 28 44
87 34 -40
87 38 48
87 39 44
87 40 -100
87 42 -68
87 45 -79
87 67 -6
87 75 -50
87 80 44
87 81 -73
87 83 -75
87 86 25
87 87 -43
87 91 -100
87 95 -93
87 96 85
87 99 83
87 100 74
87 106 -52
87 107 -97
87 108 -70
87 110 36
87 116 -36
87 128 55
87 139 -54
87 142 -22
87 143 -71
87 148 -8
88 7 -88
88 10 81
88 12 32
88 15 -55
88 17 65
88 19 62
88 20 99
88 29 -34
88 32 53
88 34 11
88 37 51
88 40 -28
88 42 -7
88 43 19
88 48 -5
88 55 -36
88 59 81
88 61 39
88 62 -80
88 68 66
88 69 1
88 76 -63
88 78 21
88 81 -73
88 82 87
88 84 -74
88 88 5
88 98 44
88 103 50
88 105 -59
88 109 -90
88 115 -79
88 116 -85
88 118 92
88 121 76
88 122 8
88 129 25
88 135 29
88 141 -88
88 142 -85
88 145 82
89 0 4
89 1 -87
89 2 51
89 6 68
89 8 -56
89 14 76
89 18 -80
89 33 -13
89 41 71
89 42 -29
89 44 98
89 47 48
89 51 64
89 52 24
89 54 35
89 63 -26
89 64 80
89 65 71
89 75 60
89 77 -34
89 78 -48
89 80 -12
89 82 -59
89 84 -51
89 91 -13
89 92 -49
89 93 14
89 94 70
89 95 -63
89 96 -67
89 97 97
89 99 -41
89 101 10
89 102 57
89 108 60
89 109 -7
89 112 -90
89 118 97
89 121 100
89 124 -94
89 138 -71
89 139 -77
89 140 -41
89 146 -68
89 147 -17
90 7 73
90 12 -37
90 16 91
90 31 19
90 39 50
90 40 -66
90 50 79
90 59 20
90 64 -75
90 66 18
90 70 83
90 74 67
90 79 -41
90 84 61
90 86 78
90 89 96
90 90 -19
90 95 -51
90 96 64
90 98 69
90 101 -38
90 109 30
90 119 22
90 120 14
90 121 16
90 125 -91
90 130 34
90 134 5
90 135 -82
90 144 16
91 8 38
91 13 92
91 17 58
91 20 58
91 25 65
91 34 77
91 40 19
91 42 -72
91 43 -88
91 51 -47
91 52 85
91 54 38
91 55 32
91 63 95
91 72 -7
91 80 -17
91 81 -29
91 93 -40
91 97 66
91 108 5
91 112 51
91 113 -21
91 116 -66
91 120 94
91 124 8
91 125 -3
91 137 -9
91 143 -36
92 1 -62
92 2 -49
92 7 -11
92 10 92
92 14 -45
92 16 -85
92 20 55
92 28 -34
92 37 -20
92 43 -15
92 45 72
92 48 -51
92 58 98
92 62 70
92 64 41
92 67 62
92 92 -60
92 94 -47
92 96 98
92 99 94
92 102 -17
92 108 9
92 109 -44
92 110 39
92 112 10
92 116 19
92 117 74
92 119 -90
92 125 97
92 127 -74
92 135 87
92 136 -89
92 143 -17
93 1 65
93 2 41
93 3 -54
93 9 -84
93 12 74
93 20 29
93 24 23
93 25 79
93 28 -11
93 29 10
93 30 -35
93 33 -89
93 39 64
93 41 -86
93 46 -17
93 47 46
93 48 41
93 49 19
93 56 32
93 58 47
93 64 15
93 67 20
93 70 -34
93 74 83
93 75 55
93 86 89
93 92 -19
93 99 -18
93 104 21
93 109 -11
93 117 -78
93 135 84
93 137 56
93 138 5
93 139 -9
93 140 51
93 142 -59
94 3 -12
94 10 46
94 14 -26
94 17 -27
94 22 71
94 24 -11
94 25 82
94 30 68
94 31 4
94 33 43
94 34 98
94 40 28
94 42 -20
94 44 75
94 45 66
94 46 -40
94 47 62
94 51 89
94 55 -43
94 59 -10
94 64 43
94 76 -77
94 80 93
94 87 22
94 89 74
94 90 -78
94 92 -30
94 98 -97
94 100 38
94 121 56
94 123 14
94 124 70
94 125 85
94 128 17
94 129 70
94 130 12
94 132 -55
94 142 55
95 3 33
95 5 31
95 6 -98
95 7 -29
95 14 39
95 20 5
95 21 96
95 24 7
95 26 10
95 27 41
95 28 16
95 30 65
95 36 -62
95 40 -25
95 41 81
95 42 -100
95 44 85
95 49 -69
95 51 74
95 55 83
95 56 76
95 60 92
95 65 -15
95 66 76
95 70 -89
95 74 -7
95 75 14
95 78 -69
95 79 39
95 85 -5
95 91 67
95 95 -36
95 97 -91
95 100 3
95 107 73
95 109 -68
95 111 32
95 121 18
95 125 36
95 130 -27
95 131 -96
95 133 22
95 134 -47
95 136 25
95 137 -40
95 139 -19
95 140 -96
95 142 -5
96 8 92
96 11 -83
96 12 1
96 15 76
96 19 75
96 23 21
96 24 -36
96 25 55
96 27 -32
96 30 59
96 34 38
96 36 11
96 39 -56
96 42 -72
96 49 29
96 52 27
96 57 -66
96 58 -40
96 67 39
96 69 65
96 70 64
96 80 6
96 81 -23
96 83 56
96 87 24
96 89 22
96 91 26
96 92 86
96 93 58
96 98 40
96 100 32
96 104 77
96 108 -100
96 114 -56
96 116 -76
96 121 -12
96 122 75
96 128 -34
96 131 89
96 134 54
96 135 -36
96 137 -7
96 141 78
96 145 -89
96 146 75
97 1 -15
97 3 68
97 5 -77
97 7 -22
97 12 55
97 14 -27
97 18 -90
97 21 -56
97 32 21
97 33 -87
97 38 -47
97 40 -33
97 48 11
97 54 -77
97 57 21
97 63 8
97 68 -33
97 85 74
97 87 -42
97 89 79
97 90 -36
97 96 5
97 101 -98
97 109 85
97 111 88
97 119 -21
97 126 -44
97 130 78
97 132 -84
97 133 26
97 134 -57
97 148 9
98 9 5
98 11 -90
98 12 -97
98 19 -53
98 21 79
98 25 45
98 31 -42
98 35 58
98 37 48
98 42 -91
98 44 -67
98 45 -65
98 47 54
98 48 73
98 50 46
98 56 96
98 66 80
98 79 61
98 81 -6
98 90 18
98 111 72
98 116 60
98 118 49
98 120 -60
98 121 -46
98 122 24
98 126 28
98 130 -77
98 131 44
98 132 -10
98 137 -97
98 138 55
98 142 -28
98 144 81
98 146 92
99 3 -84
99 5 -80
99 7 -80
99 9 -12
99 13 -39
99 14 54
99 15 -58
99 16 -76
99 18 53
99 27 76
99 28 77
99 30 55
99 32 -2
99 33 -73
99 35 48
99 44 -25
99 45 25
99 54 64
99 55 7
99 58 -23
99 61 62
99 63 65
99 67 91
99 70 -87
99 72 -81
99 73 -58
99 76 15
99 79 -25
99 81 15
99 86 -39
99 88 -47
99 95 -32
99 106 -28
99 107 82
99 111 -15
99 115 5
99 121 5
99 122 35
99 134 -29
99 136 -83
99 138 -28
99 141 -39
99 146 26
99 149 49
100 4 46
100 11 11
100 15 -42
100 26 43
100 30 -8
100 33 -37
100 35 97
100 36 38
100 39 13
100 42 100
100 55 71
100 73 -72
100 76 83
100 83 -9
100 92 72
100 93 -57
100 99 -79
100 100 -58
100 102 33
100 108 94
100 110 59
100 115 29
100 116 55
100 118 5
100 119 -59
100 120 -24
100 126 60
100 127 -47
100 134 -32
100 138 1
100 142 23
101 11 -11
101 14 -55
101 15 99
101 16 57
101 17 81
101 18 -90
101 19 39
101 20 -93
101 22 71
101 28 25
101 36 -79
101 39 29
101 46 -95
101 49 -8
101 50 -30
101 56 -39
101 65 -15
101 69 -100
101 70 94
101 71 -35
101 72 30
101 89 -65
101 90 72
101 101 87
101 102 -12
101 110 -73
101 116 -29
101 123 25
101 126 -80
101 129 22
101 131 -22
101 132 71
101 133 -73
101 136 -48
101 140 -74
101 149 -3
102 2 15
102 11 -2
102 14 -100
102 21 -65
102 22 79
102 26 46
102 28 -51
102 35 -2
102 36 80
102 42 45
102 49 99
102 51 -87
102 62 -13
102 67 46
102 68 -87
102 70 -26
102 72 -82
102 73 83
102 78 51
102 82 18
102 87 -64
102 88 14
102 93 19
102 94 85
102 96 68
102 100 63
102 108 18
102 110 12
102 115 -54
102 123 8
102 127 43
102 128 78
102 130 53
102 132 96
102 139 -5
102 146 8
102 147 16
102 149 35
103 1 34
103 6 64
103 7 -54
103 19 -13
103 20 -51
103 24 -18
103 27 -64
103 29 82
103 31 34
103 36 -22
103 40 55
103 44 -9
103 45 35
103 48 -21
103 52 26
103 53 66
103 58 -25
103 60 -40
103 61 33
103 72 -68
103 83 67
103 87 -63
103 94 48
103 96 -40
103 99 28
103 101 69
103 105 -41
103 113 74
103 115 60
103 120 34
103 122 77
103 127 -23
103 129 30
103 132 -96
103 133 -65
103 134 14
103 140 -94
103 145 74
103 149 37
104 4 32
104 6 -99
104 9 31
104 12 -58
104 15 84
104 20 27
104 23 -64
104 29 32
104 42 45
104 48 -29
104 50 47
104 52 -53
104 60 -3
104 71 37
104 74 62
104 81 -53
104 82 88
104 85 98
104 90 -82
104 94 99
104 97 11
104 112 -85
104 113 -81
104 118 -37
104 120 36
104 128 10
104 130 -35
104 134 50
104 136 85
104 139 84
104 148 -3
104 149 -81
105 6 -59
105 12 92
105 16 -79
105 20 79
105 21 -39
105 25 97
105 32 86
105 34 -14
105 35 -23
105 36 -5
105 39 89
105 47 63
105 48 -29
105 49 75
105 52 -11
105 61 -4
105 66 68
105 84 11
105 89 -27
105 90 -43
105 101 -81
105 106 66
105 121 -55
105 134 98
105 136 64
105 141 32
105 144 24
106 6 62
106 9 74
106 12 -12
106 13 -39
106 14 33
106 19 65
106 24 34
106 25 -84
106 28 -37
106 29 -17
106 31 -50
106 38 -32
106 39 -42
106 45 42
106 51 15
106 53 -27
106 61 -61
106 62 -8
106 66 5
106 67 18
106 69 -95
106 73 -34
106 78 66
106 92 -87
106 93 54
106 95 -37
106 97 -46
106 102 -66
106 106 -99
106 110 92
106 113 -65
106 114 -75
106 117 63
106 119 16
106 129 91
106 133 -14
106 134 39
106 135 20
106 142 -95
106 145 38
106 146 -62
106 148 15
107 5 -31
107 9 71
107 13 -99
107 14 69
107 19 19
107 23 -49
107 25 -67
107 27 -83
107 30 36
107 31 59
107 36 -18
107 37 -25
107 41 59
107 42 89
107 44 37
107 64 98
107 68 -62
107 69 94
107 78 48
107 86 67
107 87 -76
107 88 85
107 94 18
107 96 80
107 102 -15
107 107 -70
107 110 37
107 115 9
107 117 -56
107 118 98
107 124 43
107 126 -17
107 136 -23
107 138 70
107 141 -60
108 4 5
108 13 -65
108 26 33
108 36 -60
108 45 -28
108 46 -17
108 47 -3
108 49 38
108 54 79
108 61 50
108 62 -17
108 66 -66
108 69 -34
108 77 88
108 80 60
108 88 50
108 94 -26
108 100 -100
108 105 -70
108 107 47
108 108 64
108 109 -93
108 110 -36
108 115 -61
108 125 -96
108 129 13
108 132 -41
108 133 -3
108 141 81
108 144 56
109 3 3
109 8 -86
109 10 19
109 18 -25
109 26 -44
109 28 12
109 32 58
109 38 -84
109 52 12
109 53 -31
109 62 -8
109 63 29
109 65 -55
109 67 85
109 68 78
109 80 -17
109 83 -39
109 87 34
109 90 -54
109 95 -37
109 96 -23
109 97 -74
109 99 -75
109 100 -59
109 105 -19
109 110 25
109 112 -91
109 117 6
109 119 -88
109 125 -62
109 126 -36
109 131 95
109 138 -37
109 140 56
110 0 -46
110 5 55
110 8 -79
110 11 7
110 14 -8
110 22 19
110 26 -96
110 28 98
110 29 -18
110 31 91
110 33 -95
110 38 10
110 41 95
110 45 70
110 49 -100
110 50 16
110 56 17
110 57 -20
110 61 -15
110 72 -32
110 87 82
110 89 46
110 102 -74
110 107 -44
110 109 14
110 110 -82
110 114 -26
110 118 -76
110 120 23
110 126 17
110 127 42
110 131 64
110 132 -33
110 137 -50
110 141 36
110 144 -95
110 146 -36
111 9 -33
111 10 -88
111 12 97
111 14 65
111 18 85
111 22 -11
111 24 8
111 28 24
111 29 -47
111 39 93
111 51 85
111 52 90
111 58 -48
111 59 91
111 64 9
111 65 76
111 74 62
111 83 21
111 85 -64
111 93 -53
111 94 -79
111 96 -17
111 99 -79
111 100 19
111 103 32
111 111 94
111 122 26
111 126 -74
111 128 71
111 129 -89
111 130 -20
111 136 66
111 141 -69
111 143 24
111 144 20
111 146 -47
112 7 -69
112 18 90
112 21 -89
112 23 -71
112 30 -11
112 35 85
112 41 38
112 44 -54
112 46 -2
112 51 -99
112 58 65
112 59 87
112 61 -100
112 66 -97
112 73 -61
112 74 -7
112 75 83
112 78 34
112 80 -50
112 81 -36
112 82 -40
112 90 -58
112 92 -4
112 94 -95
112 101 63
112 102 -48
112 116 50
112 121 82
112 124 18
112 125 95
112 126 -22
112 127 1
112 129 57
112 133 -70
112 141 6
112 143 26
112 146 66
112 147 19
113 12 59
113 14 -91
113 18 -68
113 19 -69
113 23 -9
113 26 -81
113 30 8
113 38 -6
113 44 -46
113 50 -24
113 53 82
113 55 54
113 59 -70
113 60 74
113 65 95
113 72 56
113 78 -11
113 82 76
113 86 11
113 95 96
113 103 87
113 104 -88
113 107 -90
113 108 -14
113 111 -63
113 113 -62
113 114 14
113 115 -11
113 117 20
113 119 -50
113 121 96
113 125 1
113 134 99
113 141 -99
113 143 25
113 146 87
113 147 -44
113 148 -21
113 149 23
114 0 69
114 8 46
114 10 -49
114 17 -85
114 18 27
114 20 49
114 24 50
114 25 71
114 29 -20
114 32 100
114 33 -5
114 39 14
114 41 77
114 46 80
114 49 -72
114 50 49
114 51 -98
114 52 42
114 54 41
114 60 -92
114 61 -64
114 64 -79
114 66 -36
114 76 24
114 77 -65
114 81 87
114 90 -66
114 91 45
114 97 -67
114 109 -33
114 110 -61
114 115 -58
114 119 -99
114 127 25
114 130 86
114 134 60
114 136 -60
114 139 -1
114 149 -26
115 0 -50
115 10 -58
115 16 43
115 17 34
115 19 -4
115 26 -30
115 37 53
115 42 -46
115 44 26
115 57 92
115 59 63
115 65 24
115 66 -44
115 72 -9
115 75 -31
115 78 73
115 80 18
115 83 -56
115 85 24
115 89 13
115 90 -91
115 92 -6
115 93 -48
115 94 -8
115 95 -76
115 97 52
115 103 24
115 104 -21
115 114 -68
115 117 -35
115 124 -76
115 126 -55
115 134 -59
115 136 43
115 137 96
115 146 -41
116 11 -69
116 15 41
116 16 -44
116 17 -66
116 20 -53
116 23 80
116 26 -60
116 28 -14
116 29 40
116 45 98
116 49 74
116 56 -91
116 61 60
116 63 -16
116 66 -14
116 72 10
116 74 -14
116 77 -71
116 81 -69
116 82 -89
116 87 -6
116 89 -20
116 91 -73
116 104 86
116 105 -37
116 106 16
116 110 8
116 112 -38
116 116 39
116 117 -31
116 120 -50
116 121 54
116 124 -5
116 127 4
117 13 44
117 14 -43
117 15 86
117 17 -56
117 21 17
117 22 67
117 25 14
117 28 -2
117 29 91
117 30 -59
117 32 22
117 36 64
117 37 75
117 40 -49
117 46 -78
117 47 66
117 51 28
117 54 42
117 63 -14
117 67 -30
117 73 27
117 75 -6
117 76 88
117 78 24
117 81 -29
117 85 99
117 87 25
117 88 8
117 95 76
117 96 -65
117 98 67
117 100 -34
117 101 94
117 108 13
117 120 49
117 122 47
117 123 24
117 125 -74
117 126 32
117 130 -66
117 132 -43
117 138 75
117 139 -98
117 143 -42
117 147 49
118 0 66
118 13 30
118 14 -85
118 16 -16
118 24 71
118 29 -40
118 32 -85
118 33 91
118 36 76
118 37 19
118 49 -34
118 51 26
118 54 -42
118 58 -21
118 61 13
118 63 -88
118 65 38
118 67 -82
118 75 97
118 85 -66
118 90 -47
118 92 -57
118 97 -93
118 100 68
118 102 37
118 106 -33
118 113 -96
118 117 22
118 118 -23
118 122 -59
118 142 62
118 144 -86
118 147 -1
118 149 -17
119 6 -25
119 7 9
119 14 -6
119 17 -51
119 28 7
119 31 -34
119 33 -49
119 36 50
119 37 -68
119 41 -79
119 42 59
119 43 -66
119 49 -51
119 57 -95
119 59 95
119 61 -48
119 63 -10
119 68 -35
119 71 12
119 72 82
119 76 -97
119 87 -73
119 93 -47
119 94 24
119 108 85
119 111 -16
119 119 -28
119 124 30
119 125 -80
119 127 38
119 128 -93
119 130 -66
119 134 6
119 138 47
119 140 64
119 143 75
119 146 -67
120 11 -38
120 15 -34
120 16 50
120 19 2
120 22 46
120 26 -50
120 27 -11
120 31 -50
120 32 -37
120 36 -89
120 40 13
120 50 89
120 56 54
120 64 -49
120 67 38
120 73 -97
120 74 65
120 75 -13
120 76 -38
120 86 -6
120 87 96
120 91 88
120 97 53
120 98 -90
120 102 64
120 104 -32
120 109 85
120 111 59
120 115 85
120 125 -70
120 133 47
120 134 -1
120 136 33
120 137 95
120 138 38
120 140 -36
120 145 86
121 3 -99
121 20 -46
121 23 -55
121 26 37
121 28 82
121 36 25
121 43 95
121 48 -12
121 57 -40
121 64 -75
121 76 -89
121 85 -12
121 92 86
121 98 -59
121 99 67
121 100 64
121 104 -18
121 110 50
121 118 -62
121 124 -82
121 130 -38
121 131 9
121 135 71
121 141 -37
121 146 -90
121 147 15
122 1 13
122 4 -9
122 8 -49
122 13 -45
122 17 -79
122 19 1
122 22 43
122 31 6
122 36 -5
122 38 -41
122 46 -100
122 48 93
122 57 82
122 60 -64
122 62 85
122 68 -76
122 71 -55
122 72 50
122 74 99
122 79 -28
122 85 -5
122 86 91
122 95 52
122 97 35
122 104 96
122 113 49
122 114 18
122 116 92
122 122 -38
122 126 -58
122 131 41
122 133 -49
122 139 -96
122 141 -64
122 147 66
122 148 -97
122 149 -69
123 1 -4
123 3 1
123 5 -55
123 8 -21
123 9 -24
123 17 56
123 27 -76
123 32 -63
123 37 54
123 41 -76
123 43 2
123 44 -95
123 48 6
123 49 -1
123 60 -53
123 61 17
123 68 16
123 72 96
123 75 15
123 81 43
123 85 -50
123 89 51
123 91 91
123 94 38
123 101 38
123 104 26
123 106 -19
123 107 -4
123 108 -12
123 113 88
123 114 -67
123 121 15
123 122 17
123 124 -71
123 130 71
123 131 -40
123 134 33
123 135 -26
123 136 14
123 138 -31
123 140 -49
123 141 -76
123 145 -66
124 6 39
124 11 -74
124 13 -8
124 18 -96
124 21 85
124 23 -85
124 25 -55
124 26 34
124 31 -94
124 38 55
124 40 -11
124 43 -31
124 51 10
124 61 -42
124 63 -92
124 65 38
124 69 43
124 73 -1
124 77 68
124 81 -59
124 92 69
124 94 14
124 95 92
124 96 -10
124 101 73
124 106 61
124 107 12
124 109 27
124 113 97
124 117 78
124 123 74
124 125 64
124 137 5
124 138 -90
124 142 13
125 12 3
125 13 49
125 17 -84
125 19 -79
125 20 -94
125 21 52
125 24 -78
125 31 60
125 32 39
125 33 33
125 53 -89
125 58 -53
125 61 21
125 71 27
125 75 -90
125 80 -3
125 82 -59
125 86 -31
125 87 14
125 88 14
125 89 87
125 93 -58
125 100 -28
125 105 36
125 108 49
125 111 89
125 118 64
125 125 46
125 127 -98
125 131 77
125 137 19
125 142 -38
125 143 20
126 3 -54
126 10 63
126 13 -27
126 14 98
126 17 79
126 20 36
126 21 -88
126 31 74
126 33 -95
126 42 82
126 45 50
126 54 -94
126 55 85
126 59 -33
126 65 -63
126 73 -76
126 75 31
126 93 99
126 102 33
126 106 -76
126 109 -54
126 112 -52
126 117 18
126 118 43
126 119 98
126 120 -78
126 121 -72
126 123 34
126 124 -79
126 127 -100
126 137 70
126 138 -53
126 143 93
126 149 -32
127 2 -43
127 5 43
127 6 81
127 8 25
127 11 -40
127 12 68
127 14 44
127 17 -50
127 24 92
127 32 61
127 33 -64
127 34 13
127 35 -46
127 36 -23
127 38 -64
127 48 -80
127 50 13
127 52 56
127 55 71
127 56 -75
127 60 27
127 65 -13
127 68 94
127 71 -8
127 75 67
127 83 44
127 87 89
127 91 62
127 95 -98
127 102 -8
127 103 45
127 106 17
127 107 -94
127 112 -27
127 113 54
127 114 59
127 116 40
127 123 -28
127 124 -70
127 125 -54
127 128 -44
127 134 -33
127 135 -34
127 136 -17
127 141 -83
127 145 49
127 146 -92
128 0 -63
128 8 -93
128 18 39
128 25 -3
128 27 77
128 33 -9
128 35 37
128 40 -84
128 54 35
128 57 40
128 60 11
128 61 19
128 64 92
128 67 47
128 68 73
128 71 -40
128 81 -21
128 94 -16
128 95 41
128 97 68
128 99 -87
128 104 -40
128 106 13
128 107 64
128 112 84
128 124 -87
128 128 -68
128 130 -78
128 132 59
128 137 -58
128 141 -3
128 147 96
129 3 -84
129 6 10
129 9 -51
129 15 55
129 20 82
129 25 -8
129 26 41
129 28 -3
129 31 -50
129 39 39
129 47 -2
129 49 64
129 51 -43
129 53 -12
129 61 100
129 62 -100
129 63 50
129 65 68
129 66 -34
129 72 59
129 76 86
129 78 -3
129 81 60
129 97 -80
129 99 76
129 101 -84
129 104 44
129 107 69
129 111 -93
129 114 -37
129 116 -43
129 120 -67
129 123 90
129 133 61
129 134 -99
129 135 58
129 140 -66
129 142 35
129 144 -4
129 145 -88
129 148 -33
130 8 68
130 10 81
130 13 -74
130 15 -36
130 18 -87
130 20 -70
130 22 71
130 25 -31
130 33 -39
130 34 71
130 50 -28
130 53 99
130 54 -28
130 58 26
130 65 -69
130 72 -67
130 73 45
130 76 -17
130 77 -49
130 78 -42
130 79 84
130 92 11
130 94 -71
130 96 79
130 100 74
130 101 -73
130 107 -53
130 114 99
130 116 -22
130 117 -21
130 118 -25
130 120 4
130 123 -98
130 124 95
130 125 -81
130 126 54
130 127 73
130 128 44
130 129 79
130 133 -73
130 134 -4
130 139 30
130 140 -32
130 141 -95
130 146 73
130 147 73
131 3 -89
131 5 94
131 7 -98
131 9 36
131 21 87
131 24 52
131 27 -93
131 33 -6
131 34 -29
131 35 20
131 36 92
131 38 -25
131 42 -56
131 46 -73
131 47 -87
131 56 34
131 58 -63
131 59 -73
131 62 14
131 63 56
131 64 49
131 65 -40
131 66 -45
131 68 4
131 70 -56
131 72 68
131 76 -21
131 78 -12
131 86 -66
131 88 -13
131 90 19
131 96 -10
131 102 44
131 104 -86
131 107 -80
131 109 -75
131 115 47
131 116 -93
131 120 -62
131 121 -33
131 129 95
131 131 -51
131 143 14
132 3 42
132 4 43
132 8 72
132 9 88
132 11 74
132 20 48
132 26 -54
132 27 40
132 32 -61
132 33 65
132 36 -22
132 47 -75
132 51 12
132 53 -56
132 55 -98
132 57 -94
132 58 98
132 60 -38
132 62 3
132 65 27
132 67 19
132 68 -85
132 71 83
132 74 -93
132 77 -70
132 84 70
132 88 -43
132 99 36
132 102 -79
132 105 -16
132 111 -78
132 116 78
132 120 57
132 122 73
132 123 95
132 127 -68
132 130 -63
132 131 50
132 132 100
132 134 95
132 139 -55
132 145 85
132 148 60
132 149 -76
133 7 -63
133 12 -13
133 14 26
133 19 4
133 25 -48
133 26 -95
133 31 89
133 32 24
133 40 46
133 42 -51
133 43 -28
133 44 -7
133 54 28
133 63 -45
133 64 16
133 67 44
133 69 -33
133 70 -95
133 71 31
133 72 24
133 78 23
133 81 -71
133 82 -52
133 88 6
133 90 69
133 96 30
133 97 24
133 106 19
133 107 18
133 125 17
133 131 -12
133 133 37
133 139 38
133 141 -77
133 145 21
133 147 72
134 0 -20
134 1 68
134 5 -25
134 13 78
134 19 -31
134 20 -30
134 22 60
134 25 -56
134 28 -71
134 35 12
134 36 -1
134 50 -3
134 54 74
134 55 87
134 58 -54
134 62 -99
134 64 -82
134 72 -38
134 73 96
134 78 -77
134 83 1
134 84 25
134 88 59
134 101 98
134 102 -31
134 105 -56
134 107 -99
134 110 23
134 116 -48
134 119 -81
134 123 50
134 130 -68
134 135 19
134 146 -27
135 3 -66
135 5 88
135 6 62
135 21 46
135 22 39
135 24 -95
135 26 -5
135 30 35
135 33 4
135 37 49
135 39 49
135 51 40
135 52 55
135 53 -88
135 55 -88
135 61 -36
135 62 -2
135 63 -100
135 64 -38
135 66 -78
135 70 59
135 74 -98
135 76 -42
135 77 49
135 78 -50
135 81 5
135 83 -98
135 86 97
135 91 -24
135 95 70
135 98 81
135 99 44
135 105 -83
135 108 -8
135 112 -91
135 115 -5
135 117 -77
135 121 -56
135 131 -85
135 133 69
135 137 -83
135 138 -71
136 4 68
136 12 92
136 15 -71
136 19 75
136 20 -24
136 29 -84
136 34 72
136 35 54
136 36 -3
136 38 -71
136 45 -58
136 48 54
136 52 30
136 55 78
136 56 69
136 59 13
136 62 59
136 65 -95
136 68 -16
136 69 -1
136 73 16
136 74 -67
136 82 97
136 83 -62
136 84 -60
136 87 -18
136 88 -77
136 93 -96
136 95 39
136 100 -45
136 103 58
136 104 48
136 112 -6
136 125 38
136 126 -65
136 127 -39
136 132 67
136 134 42
136 138 70
136 139 52
136 142 89
136 143 46
137 1 20
137 3 -97
137 10 4
137 28 -75
137 30 29
137 31 -22
137 32 44
137 36 -78
137 39 64
137 45 -6
137 50 20
137 52 -64
137 54 2
137 61 97
137 62 97
137 65 -69
137 67 -21
137 72 87
137 73 38
137 74 -61
137 82 64
137 83 -24
137 89 -39
137 90 8
137 94 36
137 97 -84
137 102 -99
137 108 -42
137 110 32
137 113 -71
137 114 -41
137 118 -5
137 119 -79
137 129 -83
137 131 -80
137 132 -61
137 139 80
137 144 21
138 0 -99
138 2 -23
138 5 59
138 6 56
138 7 -15
138 8 25
138 22 15
138 27 19
138 35 14
138 49 -70
138 51 -13
138 52 -76
138 58 -78
138 60 -3
138 65 -36
138 74 -77
138 81 95
138 92 -49
138 94 91
138 102 44
138 106 40
138 108 54
138 110 81
138 112 38
138 118 -52
138 120 79
138 121 57
138 123 21
138 129 96
138 130 -30
138 131 -62
138 134 -8
138 137 65
138 139 47
138 147 -83
139 4 76
139 12 50
139 16 -90
139 17 -51
139 24 98
139 33 80
139 46 47
139 57 13
139 61 -40
139 68 -73
139 69 -17
139 72 7
139 77 98
139 81 -28
139 86 -61
139 98 83
139 99 -79
139 108 -39
139 123 -67
139 126 68
139 131 39
139 134 67
139 135 -35
139 138 -55
139 139 -67
139 145 -80
139 146 -16
139 147 -61
140 5 -33
140 7 58
140 15 -67
140 17 93
140 25 -83
140 27 -1
140 29 -45
140 32 57
140 35 -82
140 41 -49
140 42 -99
140 47 97
140 48 -44
140 49 -69
140 54 97
140 57 78
140 59 89
140 60 95
140 65 -35
140 69 -81
140 70 84
140 71 -68
140 76 -18
140 80 93
140 89 76
140 109 -75
140 110 -78
140 111 10
140 119 16
140 126 -37
140 130 16
140 135 -64
140 139 62
140 144 -25
141 1 24
141 12 100
141 15 -48
141 21 36
141 22 -89
141 23 -3
141 24 -5
141 26 71
141 30 80
141 31 -28
141 32 -9
141 47 44
141 56 10
141 61 -72
141 62 88
141 69 -100
141 71 62
141 75 -5
141 77 2
141 85 2
141 89 58
141 93 -81
141 100 -22
141 113 30
141 114 -21
141 117 -83
141 119 61
141 120 28
141 125 -50
141 130 33
141 131 -78
142 2 -94
142 8 -65
142 13 -51
142 15 4
142 25 27
142 26 65
142 27 -89
142 31 -58
142 40 89
142 42 -29
142 59 -90
142 60 -51
142 64 -23
142 69 -39
142 73 -50
142 76 5
142 79 -97
142 82 90
142 85 -43
142 88 88
142 91 49
142 94 59
142 98 71
142 108 76
142 114 -43
142 122 -86
142 123 20
142 124 -77
142 131 39
142 136 58
142 149 -100
143 1 58
143 2 -32
143 4 -2
143 5 63
143 9 90
143 12 49
143 14 -16
143 15 1
143 17 64
143 18 -82
143 22 68
143 30 25
143 35 23
143 44 -11
143 47 -84
143 48 63
143 62 -35
143 75 -90
143 76 -45
143 81 53
143 82 -46
143 91 -67
143 94 -91
143 97 37
143 109 -83
143 111 41
143 114 -87
143 120 -24
143 121 -5
143 122 14
143 128 -98
143 136 22
143 140 -76
143 142 -64
143 143 -22
143 144 14
143 148 -8
144 7 -26
144 9 -25
144 10 -23
144 12 32
144 13 -79
144 15 36
144 26 -6
144 33 -5
144 34 -46
144 37 33
144 39 -91
144 40 -86
144 43 -93
144 48 35
144 51 -83
144 52 29
144 53 16
144 67 78
144 69 60
144 70 100
144 81 9
144 86 14
144 89 6
144 91 45
144 101 71
144 104 -58
144 105 16
144 109 78
144 111 11
144 114 -1
144 118 -97
144 119 -95
144 120 -23
144 123 24
144 126 -38
144 127 8
144 131 -28
144 139 -39
144 143 70
144 146 10
144 148 -13
145 1 -80
145 3 98
145 4 23
145 10 -44
145 11 42
145 16 -52
145 18 36
145 21 67
145 43 80
145 45 36
145 48 82
145 54 -17
145 55 -80
145 67 61
145 69 -82
145 73 5
145 74 -55
145 75 -18
145 77 -48
145 78 57
145 80 20
145 84 45
145 94 -49
145 98 48
145 105 -21
145 107 41
145 108 46
145 113 -55
145 118 -94
145 122 58
145 125 22
145 127 -49
145 132 14
145 135 23
145 143 -11
145 148 -91
146 2 98
146 3 33
146 5 -39
146 14 -83
146 17 -35
146 24 -19
146 26 29
146 28 77
146 32 -89
146 33 -48
146 34 -73
146 38 61
146 40 89
146 43 90
146 52 -13
146 55 63
146 64 90
146 69 19
146 76 32
146 79 12
146 81 81
146 86 -28
146 96 -36
146 101 -90
146 103 96
146 106 -43
146 111 39
146 112 -91
146 120 -23
146 129 97
146 135 69
146 136 83
146 138 95
146 140 69
146 144 -80
146 147 -27
147 0 -45
147 4 63
147 5 -42
147 6 38
147 8 -98
147 11 -21
147 16 -77
147 22 -36
147 27 -62
147 33 47
147 36 -63
147 45 88
147 59 26
147 70 64
147 84 10
147 92 -68
147 94 -52
147 96 99
147 112 -50
147 113 45
147 119 -23
147 121 37
147 126 -65
147 132 73
147 138 43
147 147 19
147 149 50
148 0 5
148 1 -28
148 10 65
148 15 -76
148 18 -27
148 22 95
148 27 32
148 29 62
148 31 96
148 37 -63
148 40 -44
148 44 -75
148 52 20
148 55 60
148 56 12
148 63 87
148 68 -99
148 69 -40
148 70 -77
148 72 -7
148 76 -34
148 77 -52
148 92 88
148 95 38
148 98 87
148 109 -79
148 119 72
148 123 15
148 131 -11
148 132 -80
148 133 -45
148 136 -58
148 140 -67
148 143 -54
148 146 1
148 147 98
149 4 16
149 7 6
149 8 95
149 11 48
149 12 -83
149 13 34
149 16 -79
149 17 -85
149 20 39
149 26 83
149 30 82
149 33 -24
149 37 -17
149 38 -39
149 40 -43
149 44 22
149 47 -78
149 59 10
149 60 -87
149 66 -3
149 67 -39
149 76 -66
149 90 75
149 93 82
149 95 47
149 105 -4
149 109 -21
149 110 95
149 115 87
149 121 -16
149 127 -15
149 129 93
149 131 -42
149 142 94
149 145 -44
149 148 -10