0 0 64
0 1 -29
0 5 -43
0 6 70
0 7 26
0 9 -46
0 10 36
0 11 -42
0 12 82
0 13 17
0 16 -82
0 19 -74
0 20 24
0 21 72
0 22 -16
0 26 44
0 29 -98
0 31 57
0 32 -23
0 34 -40
0 35 -12
0 36 -12
0 37 -60
0 40 45
0 44 -65
0 45 71
0 47 13
0 51 -60
0 52 36
0 53 34
0 54 -30
0 56 5
0 57 -92
0 58 -37
0 59 -68
0 60 -66
0 62 -79
0 63 -55
0 64 3
0 65 -34
0 67 13
0 68 -75
0 69 -61
0 70 55
0 71 -56
0 73 -36
0 75 52
0 81 -21
0 82 -88
0 84 33
0 85 -53
0 87 -61
0 89 97
0 91 35
0 93 60
0 98 -78
1 1 -46
1 4 -70
1 5 -93
1 7 28
1 8 40
1 9 60
1 11 94
1 13 -58
1 18 78
1 19 -36
1 23 17
1 25 -90
1 26 -97
1 27 5
1 32 66
1 33 65
1 34 26
1 36 67
1 37 98
1 38 -15
1 40 -92
1 41 -94
1 42 27
1 43 -44
1 44 89
1 46 50
1 52 -38
1 53 14
1 54 -52
1 55 6
1 61 -23
1 63 -74
1 64 26
1 66 -71
1 67 70
1 68 -43
1 70 -15
1 72 -67
1 79 86
1 81 56
1 82 -11
1 84 35
1 88 -24
1 90 77
1 91 77
1 92 -88
1 93 86
1 94 -59
1 96 50
1 98 -99
1 99 8
2 0 -69
2 1 98
2 3 -66
2 7 78
2 10 -48
2 11 -57
2 12 -98
2 14 24
2 17 -48
2 19 86
2 20 58
2 23 48
2 24 -79
2 25 -39
2 26 14
2 27 -41
2 28 -51
2 30 -50
2 31 -30
2 33 -100
2 34 -1
2 35 15
2 36 -91
2 37 -20
2 39 -30
2 40 -86
2 42 -89
2 43 -59
2 45 -98
2 46 62
2 47 42
2 49 23
2 51 -49
2 52 -90
2 53 -27
2 54 89
2 55 -83
2 56 5
2 58 89
2 59 -93
2 60 34
2 61 54
2 63 99
2 64 78
2 67 54
2 69 36
2 71 -68
2 73 -69
2 75 8
2 77 -96
2 78 -61
2 79 60
2 80 68
2 81 -11
2 84 -20
2 86 51
2 88 41
2 89 -42
2 90 66
2 91 -72
2 92 53
2 93 -52
2 94 54
2 97 28
2 98 61
3 0 -4
3 2 45
3 4 67
3 5 99
3 7 -73
3 11 44
3 14 -98
3 15 1
3 16 72
3 17 37
3 21 25
3 24 -34
3 25 93
3 26 -44
3 27 -45
3 32 14
3 34 -13
3 35 -87
3 37 -95
3 38 39
3 42 -32
3 44 -13
3 45 68
3 47 72
3 48 -97
3 50 31
3 51 -18
3 53 -39
3 54 -25
3 55 -25
3 56 -5
3 59 79
3 61 -42
3 62 36
3 64 -35
3 65 15
3 68 32
3 82 27
3 85 -14
3 87 92
3 89 89
3 90 -44
3 91 98
3 92 -59
3 95 -86
3 96 18
3 97 94
4 2 22
4 3 -5
4 4 13
4 5 74
4 6 52
4 10 14
4 11 98
4 15 47
4 19 19
4 24 70
4 26 25
4 29 84
4 33 -83
4 34 -4
4 35 -82
4 37 10
4 38 12
4 45 86
4 46 -35
4 48 -47
4 49 70
4 50 -61
4 57 -7
4 63 93
4 65 65
4 67 -20
4 68 88
4 69 -80
4 70 -54
4 71 14
4 72 -37
4 73 92
4 79 -37
4 82 10
4 83 55
4 84 78
4 86 -55
4 88 41
4 91 -76
4 93 67
4 94 18
4 95 38
5 1 98
5 3 76
5 4 50
5 6 -40
5 10 -56
5 11 78
5 14 89
5 15 -84
5 16 78
5 19 82
5 21 18
5 22 7
5 23 97
5 24 2
5 28 82
5 30 -12
5 31 89
5 32 67
5 38 -6
5 40 18
5 41 41
5 42 7
5 44 -51
5 45 -21
5 46 82
5 47 -48
5 48 54
5 49 2
5 50 54
5 52 -92
5 54 34
5 55 72
5 57 -49
5 59 49
5 66 39
5 67 12
5 70 -27
5 72 -90
5 76 -11
5 80 -86
5 81 28
5 82 -17
5 83 -39
5 86 -9
5 88 40
5 89 -57
5 90 -92
5 93 23
5 96 -23
6 0 66
6 1 -39
6 3 -51
6 6 93
6 10 53
6 13 93
6 16 72
6 19 38
6 21 93
6 22 -46
6 32 73
6 33 54
6 35 9
6 36 24
6 39 -64
6 40 39
6 41 11
6 42 54
6 44 97
6 45 -58
6 47 90
6 50 -65
6 54 -1
6 57 98
6 61 13
6 62 27
6 63 25
6 64 -35
6 65 -94
6 67 66
6 69 30
6 70 -90
6 71 32
6 72 59
6 74 26
6 76 -64
6 77 98
6 78 -6
6 79 98
6 85 43
6 87 -16
6 89 93
6 92 30
6 93 77
7 1 -92
7 5 62
7 6 -12
7 7 35
7 8 93
7 9 6
7 10 73
7 13 98
7 14 39
7 16 -75
7 19 -19
7 21 41
7 22 79
7 23 86
7 24 5
7 25 44
7 26 -68
7 27 81
7 28 40
7 30 70
7 31 68
7 35 -85
7 36 99
7 37 -89
7 39 59
7 40 19
7 44 -30
7 46 18
7 48 -61
7 49 53
7 51 -64
7 54 11
7 55 48
7 58 33
7 60 60
7 61 37
7 63 -64
7 64 85
7 65 48
7 66 79
7 68 23
7 71 -72
7 74 -73
7 76 -10
7 77 -40
7 78 38
7 79 71
7 80 31
7 81 33
7 83 43
7 84 -59
7 85 10
7 87 -31
7 88 -70
7 89 55
7 92 -71
7 93 -84
7 94 -94
7 95 43
7 97 78
7 98 -8
8 0 6
8 2 5
8 5 39
8 6 24
8 7 59
8 9 16
8 10 -62
8 12 41
8 13 19
8 14 72
8 17 4
8 18 -93
8 19 -85
8 20 11
8 21 26
8 23 -57
8 25 4
8 27 -45
8 29 -61
8 30 49
8 31 46
8 34 99
8 36 -7
8 39 70
8 40 -54
8 41 41
8 43 -66
8 44 75
8 46 -91
8 47 60
8 49 -42
8 50 -30
8 53 -14
8 54 89
8 57 -44
8 58 48
8 59 -63
8 60 -64
8 62 12
8 63 -5
8 67 -93
8 70 37
8 71 -92
8 74 -57
8 75 20
8 76 50
8 78 -23
8 79 72
8 80 -71
8 82 76
8 83 35
8 84 -59
8 86 40
8 87 -2
8 88 -1
8 90 86
8 91 -89
8 92 71
8 93 16
8 95 72
8 96 57
8 97 58
8 98 38
9 0 -85
9 3 -58
9 7 -85
9 8 12
9 9 66
9 12 60
9 13 -51
9 16 -76
9 17 -35
9 18 61
9 19 76
9 24 -9
9 26 -44
9 28 75
9 29 -33
9 30 -11
9 32 61
9 35 -88
9 37 -4
9 40 -42
9 41 72
9 45 -13
9 53 74
9 54 -29
9 56 -31
9 57 -63
9 63 19
9 65 -35
9 66 -20
9 68 -47
9 72 -6
9 73 -37
9 75 -21
9 78 82
9 80 -94
9 81 22
9 82 31
9 84 -53
9 88 82
9 90 51
9 92 -28
9 94 72
9 96 -90
10 2 -45
10 3 65
10 4 -71
10 5 -77
10 7 74
10 9 99
10 10 -41
10 14 13
10 15 93
10 16 -11
10 17 -19
10 18 -67
10 21 -63
10 24 45
10 25 -34
10 26 -27
10 28 -46
10 31 -67
10 32 42
10 33 14
10 34 15
10 38 9
10 39 38
10 46 -62
10 50 -8
10 61 2
10 62 54
10 63 30
10 64 73
10 65 -5
10 68 70
10 71 -76
10 74 69
10 76 78
10 78 -56
10 81 14
10 82 53
10 83 52
10 88 43
10 89 42
10 90 99
10 92 -18
10 94 90
10 95 41
10 99 2
11 2 92
11 4 61
11 5 -93
11 8 30
11 12 -67
11 13 15
11 16 -11
11 18 -23
11 19 84
11 21 7
11 22 -86
11 23 -52
11 24 -57
11 28 98
11 30 -13
11 34 -78
11 36 52
11 37 -64
11 40 -98
11 43 2
11 44 -14
11 45 -25
11 46 76
11 47 -30
11 48 -43
11 49 14
11 50 69
11 51 80
11 53 -40
11 55 -94
11 58 18
11 59 68
11 60 46
11 62 56
11 66 90
11 71 71
11 72 -95
11 73 -45
11 76 -86
11 79 -27
11 81 -4
11 82 -52
11 84 -50
11 88 -74
11 89 44
11 91 60
11 92 93
11 93 70
11 94 -69
11 95 -21
11 96 99
11 98 6
12 1 27
12 2 -95
12 7 98
12 9 69
12 10 -89
12 11 84
12 14 4
12 17 -99
12 18 -40
12 20 -100
12 23 -33
12 24 -28
12 25 -72
12 26 -82
12 28 -51
12 29 -31
12 30 44
12 31 47
12 37 74
12 38 60
12 39 -53
12 41 -84
12 42 34
12 44 -61
12 45 -91
12 46 -14
12 47 89
12 49 21
12 50 22
12 51 -94
12 53 -36
12 54 97
12 56 46
12 57 -84
12 58 -33
12 59 -9
12 60 -37
12 61 -94
12 62 97
12 69 -55
12 72 -4
12 73 71
12 74 16
12 76 -81
12 78 86
12 80 53
12 82 -100
12 89 -15
12 90 -34
12 94 -73
12 95 -26
12 96 -92
12 98 86
13 0 3
13 1 55
13 3 -6
13 9 44
13 12 38
13 13 95
13 15 6
13 16 -85
13 17 -11
13 18 3
13 20 -83
13 22 -52
13 23 33
13 25 63
13 26 -30
13 31 91
13 35 -24
13 37 -84
13 38 -77
13 39 29
13 40 -63
13 42 -24
13 43 -91
13 44 54
13 46 98
13 49 -8
13 50 35
13 51 -53
13 54 -100
13 55 -42
13 57 60
13 59 -75
13 60 -84
13 63 -11
13 65 -68
13 68 7
13 71 -52
13 72 -32
13 75 44
13 76 35
13 79 -2
13 80 95
13 84 -53
13 85 55
13 86 16
13 87 -89
13 91 61
13 92 30
13 95 -45
13 96 8
13 98 -85
13 99 -56
14 2 -19
14 5 -73
14 7 20
14 9 -63
14 12 77
14 13 75
14 21 -37
14 22 29
14 23 100
14 24 -93
14 25 6
14 26 -53
14 29 -74
14 31 -31
14 32 34
14 34 44
14 35 26
14 38 -91
14 40 36
14 43 -77
14 44 21
14 50 80
14 51 -17
14 52 15
14 54 -12
14 56 -80
14 57 -13
14 58 -78
14 59 40
14 62 -82
14 64 -97
14 67 7
14 69 -20
14 70 -9
14 71 89
14 72 91
14 73 64
14 74 -21
14 75 31
14 77 -38
14 79 62
14 82 96
14 85 -65
14 86 10
14 87 -90
14 88 -47
14 89 -34
14 90 -31
14 91 29
14 93 -65
14 94 43
14 96 31
14 97 87
14 98 -91
14 99 -95
15 0 -61
15 2 -87
15 8 -21
15 13 -94
15 16 15
15 18 -40
15 21 40
15 22 84
15 23 -100
15 25 -38
15 26 -88
15 28 -15
15 29 -46
15 31 23
15 32 -51
15 37 -21
15 38 -3
15 39 43
15 41 -53
15 42 65
15 44 -95
15 45 -11
15 46 -19
15 47 -81
15 49 -35
15 50 -61
15 52 -86
15 53 27
15 55 -73
15 63 30
15 65 -19
15 66 -98
15 68 42
15 69 24
15 70 68
15 71 68
15 73 44
15 74 65
15 76 63
15 77 71
15 78 19
15 80 -20
15 83 -86
15 85 79
15 88 71
15 89 79
15 90 -33
15 92 -2
15 95 12
15 96 24
15 99 80
16 0 59
16 2 65
16 5 -41
16 6 -38
16 10 -89
16 11 -55
16 13 4
16 15 -66
16 16 -82
16 19 -40
16 20 -74
16 21 14
16 23 -95
16 35 -9
16 37 -53
16 38 19
16 39 19
16 41 100
16 42 96
16 44 63
16 45 -15
16 48 64
16 49 88
16 50 24
16 52 7
16 54 -92
16 56 10
16 57 26
16 60 55
16 61 80
16 62 93
16 65 75
16 66 -56
16 68 -43
16 69 -93
16 71 -57
16 72 -74
16 74 -9
16 75 -65
16 76 89
16 77 -23
16 78 83
16 80 -69
16 81 -54
16 82 -43
16 87 78
16 93 -37
16 95 -89
16 96 -45
16 99 -37
17 0 -97
17 1 -27
17 2 65
17 3 -55
17 4 -46
17 5 -1
17 6 2
17 8 15
17 9 -30
17 10 -68
17 11 70
17 15 -48
17 18 11
17 20 71
17 21 -61
17 22 79
17 24 -47
17 25 -99
17 26 71
17 27 -59
17 28 36
17 32 -2
17 35 -66
17 39 -92
17 41 33
17 44 -83
17 48 78
17 50 20
17 51 35
17 52 90
17 54 -74
17 57 71
17 59 37
17 60 -10
17 62 37
17 63 -80
17 64 4
17 65 46
17 66 17
17 70 98
17 71 -42
17 73 -63
17 75 1
17 79 46
17 82 56
17 84 -57
17 85 -43
17 88 -18
17 90 45
17 91 66
17 92 93
17 94 25
17 97 -49
17 98 -76
18 1 48
18 5 77
18 8 33
18 9 33
18 11 -96
18 15 75
18 17 -67
18 20 95
18 21 35
18 22 -25
18 23 -11
18 24 -24
18 25 56
18 27 -19
18 28 -43
18 30 -54
18 32 -66
18 36 33
18 38 88
18 39 78
18 44 99
18 46 -49
18 49 -91
18 50 95
18 52 -80
18 55 43
18 56 93
18 57 -7
18 60 70
18 61 62
18 63 -29
18 64 -28
18 67 -28
18 70 18
18 71 -50
18 75 -48
18 76 43
18 77 -1
18 84 57
18 89 61
18 90 -2
18 91 47
18 93 36
18 96 52
18 97 -40
18 98 -17
19 1 66
19 2 89
19 3 -81
19 5 62
19 8 30
19 10 64
19 13 -56
19 17 -45
19 18 26
19 19 62
19 20 -50
19 21 68
19 22 94
19 23 9
19 25 80
19 28 92
19 29 -89
19 30 35
19 31 -79
19 32 -83
19 34 -79
19 35 29
19 37 37
19 38 -69
19 39 -70
19 40 -10
19 44 94
19 45 42
19 46 -12
19 49 -23
19 50 48
19 51 -46
19 52 54
19 57 26
19 58 -73
19 59 -8
19 60 23
19 62 2
19 68 -69
19 69 45
19 73 -77
19 75 -96
19 76 -54
19 78 7
19 81 -50
19 83 -23
19 84 -95
19 86 11
19 87 -32
19 95 92
19 97 -68
19 98 16
19 99 -95
20 2 71
20 7 -40
20 8 -100
20 10 -41
20 12 77
20 14 2
20 15 -2
20 17 -71
20 18 21
20 19 20
20 20 49
20 22 76
20 24 -86
20 25 43
20 26 85
20 28 -54
20 29 67
20 31 -55
20 32 -61
20 34 -72
20 35 31
20 36 -66
20 40 98
20 41 99
20 42 62
20 43 53
20 44 -81
20 48 -63
20 50 -88
20 51 91
20 54 -42
20 55 -87
20 58 -6
20 59 -32
20 60 36
20 62 61
20 63 38
20 64 83
20 65 -59
20 69 96
20 70 32
20 73 15
20 76 19
20 78 -4
20 81 54
20 85 6
20 88 -85
20 90 17
20 92 61
20 96 91
20 98 48
20 99 89
21 0 -91
21 1 -5
21 3 36
21 6 -67
21 8 -30
21 9 63
21 11 -59
21 12 -38
21 15 8
21 17 8
21 18 12
21 19 98
21 21 -4
21 22 28
21 25 -71
21 31 58
21 32 16
21 33 -61
21 35 -29
21 36 47
21 37 -10
21 39 59
21 40 45
21 42 63
21 43 -82
21 45 62
21 50 -81
21 51 -65
21 52 -94
21 53 -94
21 55 5
21 57 100
21 59 -39
21 62 74
21 65 18
21 67 -83
21 72 53
21 75 70
21 76 -85
21 78 18
21 80 13
21 81 12
21 82 9
21 84 28
21 85 -68
21 90 28
21 91 86
21 94 -81
21 96 -17
21 98 28
22 3 13
22 5 91
22 6 -39
22 10 9
22 16 -33
22 17 -84
22 18 -34
22 21 -72
22 23 -1
22 24 -7
22 25 65
22 27 54
22 28 65
22 29 63
22 30 -25
22 31 39
22 32 -64
22 33 4
22 35 -55
22 39 60
22 40 -36
22 41 47
22 42 -65
22 44 -34
22 46 28
22 47 -33
22 48 45
22 49 9
22 50 77
22 51 66
22 52 -10
22 55 63
22 56 -10
22 59 39
22 60 -60
22 61 1
22 62 -11
22 63 -74
22 68 69
22 70 -84
22 71 -78
22 72 -61
22 80 -100
22 82 -71
22 83 47
22 85 -16
22 86 -49
22 87 -64
22 88 78
22 89 -99
22 90 91
22 91 -98
22 92 28
22 95 37
22 97 93
22 99 31
23 0 -86
23 7 -5
23 8 -49
23 9 -98
23 11 -10
23 16 -38
23 19 -52
23 25 -38
23 26 70
23 29 40
23 31 5
23 34 -77
23 36 88
23 37 16
23 38 9
23 41 -60
23 42 -74
23 44 -99
23 45 32
23 47 -89
23 48 -81
23 49 -49
23 50 76
23 56 90
23 60 2
23 63 -86
23 64 35
23 67 40
23 69 1
23 73 -34
23 78 99
23 79 -71
23 80 -32
23 82 79
23 84 -41
23 85 55
23 87 52
23 88 -37
23 92 7
23 93 7
23 95 52
23 96 -36
23 97 86
24 0 38
24 1 27
24 2 45
24 3 -29
24 4 31
24 5 77
24 7 20
24 8 -13
24 10 49
24 13 15
24 15 -22
24 16 -78
24 17 24
24 18 -59
24 22 58
24 24 97
24 27 -27
24 28 -77
24 29 -92
24 32 -18
24 34 65
24 36 -79
24 37 8
24 39 95
24 40 -25
24 42 -21
24 43 -41
24 44 14
24 45 -52
24 46 32
24 47 10
24 48 64
24 53 -83
24 56 93
24 57 -82
24 58 13
24 61 -6
24 62 88
24 64 2
24 67 7
24 68 -28
24 69 -49
24 70 -18
24 73 -58
24 75 37
24 76 34
24 77 11
24 78 -68
24 80 -68
24 81 -77
24 82 58
24 83 89
24 88 -17
24 91 -31
24 92 42
24 93 -85
24 96 58
24 97 28
25 2 4
25 3 -75
25 5 3
25 6 41
25 7 -63
25 9 -68
25 10 14
25 13 -80
25 15 -82
25 17 93
25 18 6
25 21 91
25 24 -27
25 25 24
25 27 -82
25 29 98
25 34 66
25 38 89
25 39 -10
25 41 15
25 43 -24
25 46 -95
25 48 67
25 49 32
25 52 -59
25 53 91
25 55 -85
25 58 81
25 59 -77
25 60 21
25 61 -36
25 62 -70
25 63 39
25 65 -43
25 66 95
25 68 -34
25 69 75
25 70 96
25 71 -53
25 72 -1
25 73 -2
25 75 28
25 76 68
25 77 57
25 79 51
25 84 -55
25 85 28
25 86 -80
25 88 -18
25 90 48
25 91 -76
25 92 70
25 95 -32
25 97 -72
25 99 -69
26 0 10
26 1 24
26 2 42
26 3 -81
26 5 59
26 7 -41
26 9 -46
26 12 43
26 15 98
26 16 24
26 22 -11
26 23 -37
26 24 -18
26 26 -1
26 27 -99
26 32 -36
26 34 -32
26 35 -19
26 36 13
26 37 -53
26 38 -13
26 39 89
26 42 -33
26 47 95
26 50 -7
26 51 27
26 53 -8
26 57 -38
26 58 40
26 59 6
26 62 46
26 64 37
26 66 24
26 67 -34
26 68 -7
26 69 -22
26 70 -20
26 71 -27
26 72 -68
26 74 35
26 76 -91
26 79 -7
26 80 -88
26 81 -8
26 82 62
26 86 69
26 88 -63
26 90 71
26 93 23
26 95 -71
26 96 78
27 1 -45
27 4 -87
27 6 80
27 11 -41
27 12 84
27 14 -88
27 15 15
27 16 44
27 18 38
27 19 -85
27 20 -48
27 21 -65
27 22 -92
27 23 72
27 24 -40
27 25 -39
27 26 -5
27 28 -21
27 29 -54
27 31 -53
27 33 -96
27 37 78
27 39 -67
27 40 38
27 41 -41
27 42 69
27 44 99
27 48 16
27 50 10
27 51 78
27 54 -22
27 56 -8
27 57 -74
27 58 83
27 60 19
27 62 20
27 64 42
27 65 80
27 67 53
27 71 -60
27 74 -81
27 75 89
27 78 59
27 79 12
27 80 51
27 83 -63
27 84 -11
27 89 19
27 90 -14
27 93 65
27 94 27
28 1 98
28 2 95
28 3 98
28 4 68
28 5 -62
28 7 76
28 8 89
28 9 85
28 10 -31
28 12 72
28 13 23
28 16 31
28 17 94
28 19 -55
28 23 -94
28 27 -85
28 28 64
28 29 -28
28 30 31
28 31 -27
28 32 30
28 36 8
28 37 -74
28 39 5
28 41 48
28 43 25
28 44 20
28 46 -34
28 47 14
28 48 42
28 51 -51
28 52 88
28 53 16
28 54 95
28 55 -70
28 56 -58
28 57 39
28 58 85
28 59 -58
28 60 90
28 63 -20
28 64 -66
28 65 -7
28 69 -72
28 72 98
28 74 -53
28 75 77
28 76 80
28 77 -10
28 78 25
28 79 41
28 81 44
28 82 -95
28 86 -38
28 87 66
28 88 -51
28 89 33
28 91 -65
28 96 65
28 97 -13
29 0 67
29 1 56
29 2 47
29 4 57
29 8 7
29 9 -41
29 10 59
29 11 5
29 15 -10
29 16 -91
29 18 -81
29 19 16
29 20 -64
29 24 30
29 26 92
29 27 -88
29 28 70
29 31 17
29 35 4
29 36 -19
29 37 -23
29 39 -38
29 40 -73
29 42 -32
29 44 -36
29 50 67
29 53 -65
29 55 -87
29 58 -85
29 60 77
29 62 50
29 63 10
29 64 -5
29 69 77
29 70 77
29 75 -53
29 76 75
29 77 -63
29 78 -71
29 79 -80
29 80 -65
29 81 -90
29 82 38
29 84 -21
29 85 -45
29 87 -85
29 88 -77
29 89 59
29 91 17
29 94 7
29 95 52
29 96 -31
29 97 -5
29 98 -59
30 1 68
30 2 52
30 3 -32
30 4 25
30 5 -73
30 7 2
30 14 -6
30 15 -9
30 18 -83
30 20 40
30 21 24
30 22 88
30 24 10
30 25 48
30 26 68
30 28 -39
30 31 58
30 34 38
30 37 92
30 38 11
30 39 -7
30 42 -77
30 43 11
30 45 -57
30 46 75
30 47 18
30 48 10
30 53 -70
30 56 98
30 57 18
30 60 -85
30 64 97
30 66 -58
30 67 -91
30 68 -59
30 69 -82
30 70 37
30 71 11
30 72 -91
30 75 -95
30 77 69
30 78 -42
30 84 5
30 87 26
30 88 96
30 89 33
30 93 -52
30 94 -12
30 95 80
30 97 11
30 99 89
31 1 -84
31 3 -89
31 4 68
31 5 37
31 7 51
31 8 -96
31 9 -11
31 17 -68
31 18 76
31 20 -6
31 21 -77
31 22 -68
31 23 60
31 26 -61
31 27 -73
31 31 42
31 32 75
31 33 25
31 35 -14
31 39 81
31 43 -51
31 44 26
31 45 -55
31 46 -28
31 47 -35
31 48 -93
31 49 34
31 50 66
31 53 -28
31 55 85
31 56 29
31 58 72
31 63 61
31 64 90
31 65 -7
31 66 -69
31 69 -68
31 73 70
31 74 -28
31 75 83
31 76 -85
31 77 28
31 79 68
31 82 56
31 84 -100
31 85 62
31 90 -84
31 91 77
31 93 37
31 95 96
31 96 91
31 97 -37
32 1 6
32 3 -68
32 6 14
32 7 -20
32 9 54
32 10 48
32 11 14
32 21 -83
32 22 90
32 23 -57
32 25 37
32 28 100
32 29 54
32 30 70
32 31 -79
32 32 13
32 36 -42
32 38 -47
32 40 -62
32 41 91
32 43 -20
32 46 -34
32 47 -69
32 48 70
32 56 14
32 57 -65
32 60 82
32 62 99
32 64 74
32 68 -99
32 69 -15
32 70 86
32 74 62
32 78 -40
32 80 38
32 81 92
32 82 39
32 83 -91
32 84 30
32 87 39
32 89 22
32 91 -83
32 92 -10
32 94 -98
32 96 8
32 98 -74
33 0 -39
33 2 -56
33 5 90
33 6 -45
33 7 99
33 8 -39
33 9 -14
33 12 -23
33 13 93
33 15 -64
33 16 23
33 17 73
33 19 54
33 20 11
33 22 51
33 23 -18
33 25 93
33 27 -38
33 28 -97
33 29 80
33 31 63
33 33 -67
33 36 41
33 37 20
33 44 -9
33 50 -62
33 51 4
33 52 14
33 53 93
33 55 16
33 56 78
33 59 -66
33 65 18
33 66 42
33 67 56
33 68 71
33 69 17
33 70 -51
33 71 -41
33 75 30
33 76 71
33 77 38
33 83 68
33 85 -96
33 87 -95
33 88 67
33 89 5
33 90 84
33 91 -90
33 93 93
33 94 80
33 96 -21
33 97 -100
34 0 -2
34 2 72
34 3 -78
34 4 53
34 5 50
34 6 35
34 7 14
34 8 -27
34 9 -90
34 10 28
34 13 -54
34 14 57
34 15 -90
34 16 -24
34 17 37
34 22 -41
34 23 -30
34 24 44
34 25 96
34 26 64
34 27 -55
34 30 81
34 33 32
34 34 63
34 35 100
34 36 -90
34 38 2
34 40 45
34 43 -7
34 45 -6
34 46 77
34 52 -62
34 53 -46
34 54 -95
34 58 -21
34 59 57
34 69 34
34 70 55
34 72 64
34 75 57
34 77 57
34 79 -65
34 83 94
34 84 -37
34 88 94
34 90 75
34 91 20
34 92 -46
34 93 2
34 96 71
34 98 88
34 99 99
35 0 -75
35 3 -50
35 4 -68
35 7 64
35 8 -38
35 10 33
35 13 87
35 14 11
35 15 62
35 18 45
35 19 -4
35 20 -65
35 25 25
35 26 1
35 28 -52
35 29 -92
35 31 -70
35 32 -47
35 33 25
35 34 -12
35 35 11
35 37 -78
35 39 61
35 40 21
35 41 -54
35 45 47
35 47 -3
35 48 22
35 50 39
35 52 57
35 53 45
35 55 50
35 58 -100
35 59 90
35 61 -8
35 62 -16
35 63 39
35 64 -50
35 66 69
35 68 -60
35 70 65
35 73 -67
35 74 76
35 75 35
35 78 23
35 79 50
35 80 -96
35 81 32
35 84 -100
35 86 -79
35 88 56
35 89 24
35 92 88
35 93 -1
35 97 11
35 99 -76
36 2 73
36 3 77
36 5 20
36 6 -6
36 7 60
36 9 -7
36 11 84
36 14 41
36 16 -61
36 18 -51
36 21 -51
36 22 50
36 26 -6
36 28 29
36 29 -92
36 32 15
36 34 54
36 35 36
36 36 -48
36 37 -65
36 38 14
36 39 62
36 42 39
36 43 -2
36 44 97
36 45 -23
36 46 66
36 47 -14
36 49 -88
36 51 -3
36 52 89
36 53 51
36 54 -73
36 55 -49
36 56 -65
36 57 -75
36 59 51
36 60 -96
36 61 -15
36 62 24
36 65 46
36 66 -6
36 67 -54
36 68 -40
36 69 82
36 71 -3
36 72 14
36 74 53
36 75 -11
36 77 92
36 79 -84
36 81 -39
36 84 -100
36 85 33
36 86 -72
36 87 26
36 89 70
36 90 -27
36 91 73
36 92 2
36 93 78
36 96 56
36 97 99
36 98 -21
36 99 60
37 0 -56
37 1 -45
37 3 6
37 4 48
37 6 -63
37 7 2
37 10 98
37 11 17
37 14 72
37 15 56
37 18 -42
37 19 82
37 21 87
37 22 -84
37 23 65
37 30 93
37 32 -38
37 33 94
37 34 -18
37 36 9
37 41 37
37 45 8
37 49 -76
37 51 80
37 52 90
37 54 -39
37 55 13
37 56 11
37 57 75
37 58 -48
37 61 67
37 62 -16
37 66 79
37 69 -16
37 73 -49
37 74 80
37 78 22
37 81 25
37 82 42
37 84 -73
37 86 3
37 88 34
37 89 -67
37 90 99
37 91 -11
37 92 90
37 97 -94
37 99 -33
38 0 -2
38 1 89
38 2 83
38 3 59
38 6 -45
38 7 97
38 9 -32
38 16 90
38 17 93
38 18 -79
38 19 -9
38 20 4
38 23 74
38 24 -68
38 25 42
38 26 -61
38 29 -11
38 31 -7
38 37 100
38 38 -2
38 40 -10
38 41 86
38 44 25
38 45 -70
38 47 87
38 48 -80
38 50 59
38 52 75
38 54 -46
38 55 75
38 57 54
38 58 -81
38 63 26
38 64 31
38 67 -100
38 68 5
38 69 58
38 72 -67
38 73 6
38 74 -62
38 75 65
38 76 70
38 77 -86
38 78 99
38 80 20
38 82 19
38 84 -74
38 85 -45
38 90 -61
38 92 20
38 94 -40
38 97 77
38 98 67
39 2 -41
39 4 64
39 7 94
39 11 -93
39 12 70
39 15 88
39 17 -1
39 19 45
39 20 -68
39 22 -88
39 26 -62
39 27 -3
39 33 -10
39 34 -26
39 36 -9
39 37 34
39 39 42
39 40 94
39 41 -85
39 45 79
39 46 -77
39 51 17
39 52 61
39 56 43
39 57 -25
39 58 -61
39 60 56
39 61 73
39 65 -64
39 67 81
39 70 72
39 75 77
39 76 -82
39 77 -65
39 78 -19
39 79 -16
39 81 -15
39 82 -39
39 84 -63
39 85 -56
39 86 37
39 87 68
39 90 -81
39 91 47
39 92 -29
39 93 -73
39 94 -69
39 96 71
39 99 -73
40 2 -35
40 4 -60
40 7 -14
40 8 67
40 9 40
40 11 -39
40 12 -5
40 15 -89
40 16 -100
40 17 95
40 20 93
40 21 94
40 24 25
40 25 -68
40 26 12
40 28 27
40 30 -22
40 31 -53
40 33 3
40 34 69
40 38 -96
40 39 84
40 41 -5
40 42 24
40 43 -65
40 45 70
40 48 15
40 49 93
40 55 -39
40 56 -96
40 57 -44
40 58 -77
40 59 83
40 60 7
40 61 14
40 62 -75
40 63 69
40 65 -32
40 66 -59
40 67 26
40 68 98
40 69 18
40 71 60
40 73 -4
40 75 42
40 76 82
40 77 7
40 78 -59
40 79 -99
40 80 46
40 83 -42
40 84 71
40 85 71
40 88 -56
40 89 78
40 91 -45
40 93 -69
40 94 53
40 95 -61
40 96 62
40 99 -77
41 3 32
41 4 -97
41 6 -31
41 8 84
41 9 52
41 10 5
41 11 -89
41 12 -66
41 14 -67
41 18 -55
41 21 29
41 22 -5
41 23 -8
41 24 15
41 26 -12
41 27 -88
41 29 -91
41 30 16
41 31 16
41 32 -69
41 36 -35
41 37 98
41 38 -91
41 39 78
41 40 -30
41 42 -97
41 44 -8
41 48 -91
41 51 -25
41 52 -84
41 54 74
41 55 -57
41 56 -54
41 57 53
41 58 11
41 60 84
41 61 97
41 64 -100
41 65 89
41 70 19
41 71 -44
41 73 -26
41 74 -45
41 81 -70
41 84 52
41 85 20
41 86 -38
41 89 54
41 90 100
41 92 -27
41 93 -97
41 95 -32
41 96 -18
41 97 -20
41 99 16
42 0 -76
42 2 41
42 3 -19
42 4 34
42 6 -7
42 9 -40
42 11 -20
42 12 68
42 13 -43
42 14 -35
42 15 -21
42 16 70
42 18 92
42 19 -100
42 21 88
42 22 9
42 23 -91
42 25 -54
42 26 -88
42 27 -86
42 29 90
42 30 85
42 31 -72
42 32 -60
42 33 -10
42 35 -28
42 38 -20
42 39 30
42 40 69
42 41 79
42 44 99
42 45 56
42 46 35
42 49 -6
42 51 23
42 52 -54
42 53 50
42 54 -19
42 56 -20
42 59 -73
42 62 73
42 64 82
42 65 85
42 66 56
42 67 -40
42 72 -52
42 74 12
42 75 2
42 76 63
42 79 71
42 80 -63
42 88 22
42 89 100
42 90 -69
42 95 75
42 99 -98
43 0 -62
43 1 59
43 4 63
43 5 -13
43 7 -22
43 8 -34
43 10 22
43 11 -95
43 13 88
43 14 55
43 16 42
43 19 92
43 26 -88
43 27 -42
43 28 35
43 29 36
43 30 -48
43 31 -46
43 32 86
43 33 63
43 34 -59
43 36 -51
43 37 15
43 39 -59
43 40 -79
43 41 51
43 42 -56
43 46 -7
43 47 64
43 48 -85
43 49 27
43 50 7
43 51 37
43 52 43
43 55 94
43 56 -40
43 58 -65
43 63 56
43 64 -25
43 67 7
43 69 -24
43 70 6
43 73 52
43 75 46
43 77 100
43 82 24
43 83 -4
43 84 96
43 85 -91
43 86 -10
43 89 89
43 90 87
43 92 -55
43 93 -30
43 94 -5
43 97 25
43 99 -96
44 2 -52
44 4 84
44 9 72
44 10 100
44 12 17
44 15 48
44 17 8
44 21 100
44 22 -46
44 23 -43
44 25 89
44 28 14
44 30 9
44 31 1
44 34 -5
44 36 66
44 38 -38
44 40 76
44 42 74
44 43 -38
44 44 -65
44 45 66
44 46 70
44 47 -78
44 52 -96
44 53 10
44 54 -56
44 55 48
44 56 22
44 58 -99
44 59 -93
44 60 -38
44 61 75
44 63 58
44 64 -98
44 66 39
44 67 28
44 69 -21
44 70 12
44 71 25
44 73 -59
44 77 -3
44 78 43
44 80 -58
44 81 -88
44 82 -38
44 86 58
44 87 -52
44 88 -81
44 89 -36
44 90 83
44 92 45
44 93 -68
44 94 -48
44 95 -98
44 96 -31
45 1 -35
45 2 87
45 8 57
45 11 -65
45 14 68
45 15 1
45 16 75
45 17 45
45 19 -100
45 22 28
45 33 5
45 36 -63
45 40 -43
45 47 -17
45 48 56
45 52 62
45 53 1
45 55 60
45 56 44
45 57 -4
45 60 47
45 61 -88
45 63 50
45 64 58
45 67 18
45 68 43
45 70 84
45 71 -40
45 72 -27
45 74 48
45 77 -47
45 82 -49
45 84 16
45 86 -14
45 87 -81
45 88 -43
45 89 18
45 91 -85
45 94 -46
45 96 -58
46 1 34
46 2 69
46 4 83
46 6 -79
46 7 100
46 8 64
46 9 64
46 11 23
46 14 65
46 15 -39
46 16 -17
46 17 93
46 18 54
46 19 84
46 26 53
46 27 16
46 29 74
46 31 6
46 32 -94
46 37 4
46 38 6
46 40 -88
46 43 7
46 44 -79
46 45 -7
46 50 49
46 51 -3
46 56 63
46 58 -41
46 60 -5
46 62 -63
46 63 -68
46 64 -20
46 68 -68
46 69 -78
46 73 -91
46 74 72
46 76 -57
46 79 -24
46 82 -57
46 83 -24
46 84 -15
46 85 56
46 86 20
46 87 57
46 91 56
46 92 -40
46 94 28
46 96 18
46 97 -4
46 98 -70
47 0 -18
47 1 75
47 4 1
47 6 -33
47 8 100
47 9 45
47 12 -43
47 16 -39
47 18 95
47 20 -14
47 21 16
47 22 -2
47 25 46
47 26 97
47 28 82
47 30 6
47 31 -57
47 33 -26
47 34 -61
47 37 -75
47 38 82
47 40 17
47 43 -2
47 44 14
47 47 -57
47 48 -94
47 53 10
47 54 -61
47 55 -50
47 56 -50
47 57 -56
47 58 21
47 60 -29
47 62 -12
47 63 76
47 65 -55
47 67 23
47 69 38
47 73 -91
47 75 90
47 76 -99
47 77 31
47 78 -7
47 82 96
47 83 -97
47 84 70
47 85 64
47 86 77
47 89 -26
47 90 -14
47 92 -10
47 94 19
47 95 -28
47 96 10
47 98 45
47 99 92
48 1 -71
48 2 -77
48 5 33
48 6 -32
48 7 1
48 8 -24
48 14 98
48 20 -24
48 21 95
48 27 59
48 28 -82
48 29 -15
48 30 -78
48 31 -36
48 33 -19
48 34 15
48 38 51
48 39 -62
48 41 58
48 43 -28
48 45 -48
48 48 93
48 50 91
48 52 76
48 53 -66
48 54 -51
48 55 -86
48 58 56
48 60 -8
48 62 -88
48 63 -17
48 64 15
48 65 86
48 66 20
48 67 36
48 69 62
48 71 -43
48 74 -31
48 76 -95
48 79 -6
48 81 34
48 85 -61
48 86 58
48 87 -85
48 93 98
49 0 -56
49 4 -10
49 6 52
49 7 -72
49 9 51
49 10 -59
49 12 43
49 15 84
49 17 -92
49 19 -86
49 20 -2
49 21 -4
49 22 -63
49 26 98
49 29 -28
49 30 -9
49 34 37
49 35 -64
49 37 83
49 43 54
49 46 19
49 52 -78
49 53 -95
49 55 -49
49 57 54
49 58 -71
49 61 81
49 62 -75
49 64 93
49 65 16
49 67 31
49 68 -75
49 70 65
49 74 -96
49 75 53
49 77 54
49 78 46
49 79 92
49 82 41
49 83 -76
49 84 -51
49 85 69
49 87 -78
49 91 -21
49 94 -54
49 97 -33
49 99 39
50 2 -13
50 5 91
50 6 -73
50 7 48
50 8 -4
50 9 -61
50 11 -26
50 15 18
50 16 -77
50 17 6
50 19 -55
50 20 86
50 21 52
50 22 -15
50 25 62
50 26 -83
50 29 -63
50 36 28
50 39 -10
50 40 31
50 45 80
50 46 70
50 47 -80
50 48 31
50 49 73
50 50 -77
50 51 69
50 53 -16
50 54 77
50 56 2
50 57 18
50 58 -51
50 60 -19
50 61 52
50 62 33
50 64 30
50 67 9
50 68 -6
50 70 -99
50 73 13
50 74 -84
50 76 100
50 79 18
50 80 30
50 81 -61
50 84 44
50 86 -57
50 87 -63
50 88 -3
50 89 -35
50 91 -36
50 92 -64
50 93 96
50 94 -96
50 97 -41
50 99 -36
51 0 -54
51 2 39
51 4 64
51 8 -49
51 9 56
51 10 87
51 12 -84
51 17 12
51 18 24
51 19 46
51 21 -81
51 25 -34
51 26 59
51 27 79
51 28 -66
51 31 74
51 36 -43
51 38 -14
51 41 -17
51 44 74
51 45 -91
51 46 85
51 47 -68
51 50 90
51 53 4
51 56 -87
51 64 4
51 66 -84
51 67 12
51 68 -9
51 71 26
51 74 -26
51 76 74
51 78 -3
51 80 -11
51 81 99
51 82 -90
51 83 -97
51 85 92
51 86 -76
51 88 -64
51 89 6
51 90 -85
51 91 86
51 93 65
51 95 32
51 96 96
51 97 99
52 0 4
52 2 -71
52 5 3
52 8 -66
52 9 85
52 10 -25
52 11 -56
52 12 -10
52 16 -56
52 18 -93
52 21 -4
52 22 76
52 23 -25
52 24 40
52 25 85
52 31 -23
52 32 -85
52 33 81
52 37 56
52 41 91
52 42 55
52 43 95
52 44 -13
52 45 12
52 51 -70
52 53 72
52 55 22
52 56 73
52 58 57
52 59 -37
52 60 81
52 61 -95
52 62 -89
52 63 -53
52 64 -71
52 66 -97
52 67 -55
52 68 54
52 69 -70
52 71 -52
52 74 -35
52 75 -96
52 76 58
52 77 59
52 78 -20
52 83 95
52 86 -82
52 87 2
52 89 10
52 91 91
52 93 -49
52 95 4
52 97 89
53 2 29
53 5 4
53 7 -99
53 8 82
53 10 -50
53 14 63
53 16 -36
53 17 96
53 20 58
53 21 -20
53 22 -46
53 23 100
53 26 69
53 27 92
53 30 76
53 31 -55
53 34 9
53 35 77
53 36 -7
53 38 -40
53 39 78
53 42 -95
53 43 55
53 44 -4
53 47 42
53 48 56
53 49 -2
53 50 -34
53 51 -70
53 53 -57
53 54 61
53 55 48
53 56 25
53 60 55
53 61 47
53 63 -82
53 64 -38
53 65 40
53 66 -65
53 67 -85
53 75 -19
53 76 7
53 77 -21
53 78 42
53 80 -81
53 81 -26
53 83 -31
53 84 -2
53 85 51
53 86 -24
53 90 -60
53 91 73
53 92 -23
53 93 31
53 94 -88
53 95 -66
53 96 65
53 97 -23
54 0 72
54 3 -66
54 5 -53
54 7 21
54 8 1
54 12 -19
54 13 94
54 14 33
54 15 -74
54 16 -9
54 21 32
54 26 -30
54 28 -65
54 30 -42
54 31 36
54 32 -41
54 33 -63
54 36 81
54 41 40
54 43 -15
54 45 37
54 48 44
54 50 -50
54 51 47
54 52 -97
54 54 13
54 57 7
54 58 -25
54 59 -60
54 60 -100
54 61 54
54 62 9
54 63 38
54 65 96
54 67 6
54 74 -64
54 75 50
54 76 76
54 77 74
54 81 -21
54 83 57
54 84 -17
54 87 35
54 88 -20
54 89 -24
54 90 -38
54 91 66
54 93 -51
54 94 45
54 95 21
54 96 -1
54 98 -31
55 3 -14
55 5 52
55 8 -5
55 10 -2
55 11 96
55 13 39
55 20 -4
55 21 -64
55 29 76
55 33 -12
55 36 64
55 37 43
55 38 -64
55 46 73
55 47 -81
55 48 -32
55 49 -43
55 50 75
55 51 -38
55 52 -77
55 55 92
55 56 -84
55 59 24
55 60 47
55 61 -34
55 62 -38
55 67 100
55 70 98
55 71 -38
55 72 88
55 74 -83
55 75 -36
55 77 -1
55 79 16
55 80 -11
55 81 -8
55 86 -4
55 87 54
55 88 46
55 89 -51
55 90 -1
55 92 -24
55 93 -41
55 94 54
56 1 -51
56 3 48
56 4 90
56 6 -64
56 8 -17
56 9 -75
56 10 -5
56 11 34
56 12 69
56 13 -4
56 16 -42
56 19 78
56 20 -80
56 22 96
56 23 -5
56 24 42
56 27 57
56 32 73
56 38 -60
56 39 55
56 41 -16
56 42 -90
56 44 -52
56 46 -29
56 47 -79
56 48 65
56 50 76
56 51 51
56 52 96
56 55 -32
56 56 61
56 57 85
56 58 21
56 59 19
56 61 85
56 66 -27
56 69 77
56 71 100
56 72 94
56 74 12
56 75 -76
56 76 15
56 78 48
56 81 42
56 82 -73
56 84 -28
56 87 9
56 88 -100
56 89 -96
56 92 28
56 94 10
56 97 -10
56 99 13
57 2 -9
57 5 80
57 8 96
57 10 27
57 13 -13
57 14 -69
57 16 74
57 18 -10
57 20 76
57 22 21
57 23 -51
57 26 3
57 27 58
57 28 -95
57 29 54
57 30 -70
57 31 -5
57 32 -45
57 33 -75
57 34 85
57 36 18
57 39 -61
57 40 33
57 42 73
57 47 -39
57 51 -49
57 52 -59
57 54 -94
57 55 -72
57 57 -82
57 59 75
57 60 -72
57 64 95
57 65 9
57 67 -29
57 68 68
57 69 10
57 70 29
57 71 22
57 76 -11
57 77 88
57 78 53
57 85 67
57 87 -63
57 90 53
57 93 -37
57 94 36
57 95 -21
57 97 70
58 0 -6
58 1 -29
58 7 -68
58 9 27
58 12 33
58 13 58
58 14 61
58 16 53
58 20 68
58 21 -19
58 23 -17
58 24 45
58 27 12
58 30 -3
58 32 -14
58 34 -25
58 40 -66
58 41 -68
58 44 96
58 48 -45
58 49 -89
58 51 46
58 53 19
58 54 -57
58 56 -89
58 58 47
58 60 35
58 64 24
58 68 58
58 69 -55
58 70 -83
58 72 -62
58 74 -20
58 75 -48
58 77 -4
58 80 -8
58 82 7
58 83 83
58 87 -100
58 88 -18
58 90 -17
58 91 73
58 93 43
58 95 -53
58 97 -93
59 0 -30
59 1 -27
59 3 58
59 5 86
59 7 5
59 8 65
59 12 -65
59 14 -39
59 16 12
59 17 -70
59 20 -3
59 22 44
59 28 -76
59 29 -5
59 32 -11
59 33 27
59 35 43
59 36 -75
59 39 37
59 41 -97
59 44 -28
59 45 24
59 46 -59
59 48 13
59 50 -92
59 52 -29
59 61 -33
59 63 -84
59 64 -65
59 65 45
59 66 85
59 68 37
59 69 91
59 71 -74
59 74 81
59 77 21
59 78 36
59 80 -78
59 83 96
59 88 73
59 89 30
59 90 95
59 93 80
59 94 94
59 95 -68
59 97 85
59 98 -15
59 99 -36
60 5 17
60 12 37
60 16 28
60 17 -49
60 19 -15
60 20 31
60 22 -38
60 23 39
60 24 40
60 28 83
60 30 78
60 33 92
60 35 -61
60 39 -51
60 41 -43
60 43 16
60 44 26
60 45 -84
60 46 4
60 47 -46
60 50 30
60 51 21
60 52 19
60 53 -44
60 54 -8
60 55 100
60 57 72
60 59 -59
60 61 -57
60 62 -3
60 64 -50
60 66 1
60 67 88
60 68 72
60 72 -93
60 75 -40
60 81 -21
60 84 22
60 85 38
60 86 78
60 89 -66
60 92 68
60 93 -63
60 94 -80
60 95 -87
60 97 32
60 98 34
61 3 -28
61 8 78
61 11 -11
61 13 -45
61 14 -68
61 15 -83
61 16 -8
61 17 -68
61 19 -16
61 20 79
61 22 -20
61 27 -92
61 28 23
61 29 78
61 31 -44
61 33 -2
61 34 -78
61 35 -51
61 36 -45
61 37 99
61 38 12
61 39 -41
61 41 -74
61 42 -24
61 43 -82
61 44 98
61 46 95
61 47 -93
61 48 35
61 49 -100
61 51 -67
61 52 -16
61 53 69
61 54 34
61 56 -81
61 57 28
61 58 71
61 59 69
61 61 -27
61 62 7
61 63 -50
61 67 -47
61 68 63
61 70 19
61 71 67
61 72 -77
61 73 -75
61 74 48
61 75 17
61 84 13
61 91 -20
61 92 -62
61 97 -38
61 99 23
62 0 77
62 2 64
62 5 74
62 7 74
62 8 33
62 9 -66
62 10 -89
62 12 -10
62 14 65
62 21 14
62 25 -62
62 26 97
62 27 -19
62 31 71
62 32 14
62 34 -36
62 35 -64
62 36 79
62 39 -26
62 43 -10
62 44 99
62 46 -49
62 47 -29
62 48 94
62 49 -14
62 50 -6
62 51 -31
62 52 -27
62 53 -25
62 54 -87
62 55 33
62 56 -30
62 58 -17
62 60 -43
62 62 9
62 64 -17
62 65 94
62 66 47
62 67 42
62 72 -51
62 75 31
62 76 -1
62 77 9
62 80 75
62 84 -65
62 85 99
62 88 83
62 89 14
62 91 -49
62 92 -41
62 93 82
62 94 84
62 96 -90
62 99 73
63 0 14
63 2 13
63 5 61
63 6 26
63 7 98
63 8 81
63 11 63
63 12 -12
63 13 -54
63 14 29
63 16 -74
63 18 26
63 19 -83
63 21 -52
63 22 99
63 24 -71
63 26 88
63 33 -38
63 36 9
63 40 77
63 41 -4
63 42 17
63 44 -49
63 47 26
63 48 47
63 53 57
63 56 90
63 60 -80
63 61 87
63 63 -67
63 65 -14
63 66 -53
63 69 53
63 70 -58
63 73 -31
63 74 2
63 78 25
63 80 -82
63 81 19
63 82 2
63 83 -7
63 84 -91
63 86 -47
63 87 53
63 88 -22
63 91 41
63 92 62
63 95 -1
63 96 -100
64 0 37
64 2 21
64 6 62
64 10 -46
64 11 -5
64 12 -18
64 16 -34
64 17 -58
64 18 -100
64 19 25
64 20 28
64 21 64
64 22 -48
64 24 89
64 25 72
64 26 20
64 28 -3
64 29 -58
64 31 30
64 33 56
64 38 84
64 41 42
64 42 -62
64 44 17
64 49 29
64 51 -28
64 52 55
64 53 -11
64 56 96
64 57 37
64 59 83
64 61 53
64 62 -29
64 64 65
64 65 -81
64 66 67
64 68 48
64 70 15
64 71 34
64 74 33
64 77 -54
64 81 -50
64 82 46
64 83 -49
64 86 64
64 89 -79
64 93 29
64 95 -61
64 98 83
64 99 -28
65 0 29
65 1 -34
65 2 -28
65 3 -39
65 4 5
65 5 -43
65 6 39
65 7 37
65 8 1
65 9 52
65 10 63
65 11 -19
65 13 38
65 18 64
65 20 -8
65 21 -50
65 26 -7
65 28 91
65 30 18
65 32 19
65 34 11
65 35 -23
65 36 -32
65 37 -64
65 39 43
65 41 37
65 42 -36
65 43 7
65 48 86
65 49 -78
65 50 1
65 51 -72
65 53 -18
65 55 75
65 59 88
65 60 70
65 61 52
65 62 66
65 63 80
65 64 -76
65 65 -99
65 68 -13
65 70 93
65 71 23
65 74 -51
65 75 58
65 79 -11
65 82 -48
65 84 98
65 86 98
65 90 -60
65 91 59
65 92 50
65 93 -72
65 94 90
65 95 81
65 96 84
65 97 -83
65 98 -7
65 99 96
66 1 -87
66 5 9
66 7 -62
66 9 97
66 12 30
66 13 19
66 15 99
66 17 92
66 20 -48
66 22 -47
66 25 27
66 31 89
66 38 -80
66 39 94
66 41 23
66 43 6
66 47 79
66 49 89
66 50 38
66 52 21
66 53 -34
66 54 -7
66 61 9
66 62 -80
66 64 9
66 65 -47
66 66 15
66 68 4
66 70 58
66 71 -57
66 74 46
66 75 89
66 76 -44
66 79 75
66 80 -84
66 81 76
66 84 -57
66 85 -100
66 86 61
66 87 -62
66 88 -24
66 89 -51
66 90 28
66 92 84
66 93 -25
66 94 -76
66 97 80
66 98 89
67 1 62
67 3 -72
67 4 15
67 5 -17
67 7 -91
67 8 -28
67 11 57
67 12 40
67 14 -12
67 16 -82
67 17 -87
67 18 79
67 19 -47
67 20 -62
67 21 -45
67 23 -38
67 24 -5
67 25 -91
67 26 76
67 27 -96
67 28 23
67 29 8
67 32 17
67 33 -16
67 37 89
67 39 45
67 40 -79
67 42 56
67 43 5
67 45 38
67 55 -18
67 58 -20
67 60 -92
67 62 91
67 66 18
67 69 53
67 70 -30
67 71 3
67 72 68
67 74 76
67 75 3
67 80 90
67 82 54
67 83 95
67 84 54
67 89 49
67 91 56
67 92 -3
67 93 85
67 94 2
67 95 2
67 96 -99
68 1 78
68 3 -73
68 6 -36
68 9 -100
68 10 19
68 13 60
68 15 -60
68 17 -47
68 18 -8
68 22 19
68 25 -32
68 26 13
68 27 95
68 29 -12
68 30 -20
68 31 -88
68 32 -100
68 33 -8
68 34 -50
68 40 38
68 42 -35
68 44 74
68 45 -79
68 46 57
68 47 -67
68 48 37
68 49 -44
68 52 -49
68 53 7
68 54 50
68 61 -90
68 62 50
68 65 33
68 66 13
68 68 1
68 71 -40
68 72 65
68 75 19
68 76 30
68 77 -60
68 78 -47
68 79 -62
68 81 -7
68 84 -7
68 85 68
68 87 32
68 88 9
68 89 77
68 90 45
68 92 -12
68 93 32
68 94 -33
68 96 -79
68 97 -73
68 98 -7
68 99 49
69 0 9
69 2 -95
69 3 -1
69 4 -59
69 5 90
69 6 -62
69 10 -4
69 15 21
69 17 4
69 19 -25
69 20 3
69 23 -4
69 26 84
69 31 -69
69 32 91
69 33 77
69 35 24
69 36 77
69 40 68
69 41 36
69 42 -61
69 43 52
69 44 24
69 45 22
69 46 -9
69 50 -88
69 51 -36
69 53 100
69 54 -59
69 55 32
69 58 60
69 59 79
69 61 28
69 62 -18
69 65 -88
69 66 80
69 68 -37
69 70 36
69 72 -64
69 76 63
69 81 -18
69 82 93
69 85 12
69 86 60
69 90 71
69 98 42
70 0 89
70 2 30
70 3 -89
70 6 92
70 11 -65
70 12 14
70 14 55
70 15 -49
70 16 67
70 17 35
70 18 -91
70 19 -54
70 24 -41
70 25 -50
70 26 -99
70 27 79
70 29 -46
70 30 -63
70 31 27
70 32 -96
70 33 -72
70 35 -11
70 36 -78
70 38 76
70 41 -73
70 45 92
70 46 24
70 49 -22
70 50 -12
70 51 -42
70 52 32
70 54 -69
70 57 57
70 60 -98
70 61 -66
70 63 -70
70 65 81
70 68 26
70 69 -88
70 70 -18
70 74 49
70 75 24
70 76 50
70 81 1
70 82 26
70 85 -10
70 86 41
70 88 -41
70 89 47
70 90 81
70 93 18
70 94 -97
70 96 87
70 99 -48
71 0 -10
71 2 -29
71 4 43
71 5 86
71 7 89
71 9 -12
71 10 89
71 12 60
71 17 -32
71 19 -79
71 20 -57
71 21 21
71 25 12
71 26 -27
71 29 21
71 30 46
71 31 76
71 33 -10
71 41 25
71 43 62
71 44 77
71 45 84
71 47 -6
71 48 68
71 51 -82
71 52 28
71 54 43
71 57 64
71 59 70
71 61 -19
71 63 43
71 65 51
71 66 -63
71 67 72
71 72 -43
71 78 -27
71 80 -76
71 81 21
71 82 41
71 91 -4
71 92 -99
71 93 -91
72 0 -90
72 1 -39
72 2 -39
72 3 20
72 4 52
72 6 76
72 8 18
72 9 48
72 11 -27
72 12 20
72 14 -54
72 17 64
72 18 82
72 19 49
72 20 98
72 23 97
72 24 83
72 26 63
72 28 -68
72 29 -16
72 30 -39
72 31 57
72 33 96
72 34 90
72 35 22
72 38 -48
72 39 -38
72 40 -96
72 41 -14
72 42 9
72 43 -92
72 45 -33
72 46 -97
72 47 -87
72 50 97
72 52 -65
72 53 16
72 54 98
72 55 -25
72 59 78
72 61 -7
72 64 -75
72 65 62
72 68 34
72 70 -24
72 73 -48
72 76 14
72 78 77
72 84 34
72 86 -9
72 87 15
72 89 22
72 91 -55
72 93 21
72 94 96
72 95 94
72 96 -28
72 99 -50
73 2 -3
73 3 -12
73 4 15
73 6 -45
73 12 75
73 13 32
73 14 -3
73 16 -13
73 17 -79
73 19 -91
73 21 -30
73 22 -99
73 23 9
73 25 -92
73 26 -63
73 27 55
73 28 -83
73 29 26
73 31 -93
73 35 29
73 37 -71
73 39 16
73 40 -64
73 41 -1
73 45 38
73 46 20
73 47 89
73 48 3
73 50 63
73 52 16
73 56 21
73 57 -16
73 58 -68
73 59 43
73 65 -41
73 66 -82
73 69 67
73 71 83
73 72 66
73 75 44
73 76 -67
73 77 -65
73 83 45
73 85 6
73 95 -55
73 98 -4
73 99 -2
74 0 -22
74 1 -50
74 2 -87
74 5 37
74 6 33
74 7 -26
74 8 -94
74 10 -15
74 11 -37
74 12 -2
74 14 -48
74 15 -29
74 17 87
74 18 26
74 19 43
74 20 -47
74 22 -53
74 23 -52
74 27 12
74 28 -77
74 29 91
74 31 48
74 33 75
74 35 -41
74 36 62
74 37 -90
74 40 -33
74 41 90
74 42 75
74 43 64
74 45 -38
74 47 -96
74 49 -64
74 51 -36
74 54 67
74 56 36
74 57 -15
74 58 -68
74 59 -65
74 61 -15
74 64 -80
74 66 -19
74 70 85
74 71 23
74 72 17
74 76 -87
74 77 51
74 78 14
74 82 -79
74 84 46
74 85 61
74 86 29
74 91 17
74 92 7
74 93 -67
74 94 44
74 95 -53
75 0 -14
75 1 91
75 2 -53
75 4 25
75 7 14
75 8 25
75 9 -48
75 10 82
75 11 28
75 12 -63
75 15 -97
75 17 36
75 19 89
75 20 -93
75 22 -68
75 24 29
75 25 50
75 26 -71
75 30 34
75 31 69
75 33 32
75 35 23
75 37 39
75 38 80
75 39 -43
75 41 99
75 44 -56
75 46 53
75 47 29
75 49 -49
75 51 38
75 52 -64
75 53 29
75 54 -9
75 58 -72
75 60 -28
75 63 69
75 64 -80
75 65 98
75 67 -23
75 68 89
75 69 -25
75 70 38
75 72 -6
75 73 26
75 74 -89
75 75 -84
75 76 -56
75 77 26
75 80 49
75 83 -40
75 84 -24
75 85 85
75 88 99
75 89 19
75 90 27
75 91 -41
75 92 -17
75 99 -42
76 3 25
76 5 90
76 6 60
76 7 -98
76 9 -68
76 10 43
76 11 39
76 14 25
76 15 -97
76 17 -57
76 18 26
76 19 -53
76 21 60
76 22 -64
76 24 -15
76 26 95
76 27 -35
76 28 -34
76 29 -80
76 30 -56
76 34 82
76 37 -53
76 38 -84
76 39 -40
76 46 -30
76 47 -53
76 50 41
76 51 95
76 52 -76
76 54 99
76 56 95
76 57 7
76 59 -53
76 61 -9
76 64 96
76 66 14
76 68 7
76 70 -21
76 72 -19
76 80 95
76 85 87
76 86 -32
76 87 43
76 88 80
76 89 -12
76 90 -33
76 94 98
77 0 -43
77 1 58
77 2 10
77 3 32
77 4 -88
77 6 2
77 9 98
77 10 -25
77 18 14
77 20 -81
77 21 -90
77 23 92
77 24 31
77 25 -24
77 26 75
77 29 -4
77 30 54
77 31 -80
77 34 -76
77 36 39
77 37 -78
77 39 -73
77 41 -37
77 42 9
77 44 47
77 46 70
77 47 13
77 49 -59
77 51 80
77 52 73
77 55 46
77 56 -17
77 57 16
77 58 -93
77 62 -91
77 64 96
77 65 32
77 68 93
77 76 -29
77 78 18
77 79 88
77 83 63
77 84 -56
77 85 -66
77 86 -85
77 88 65
77 89 80
77 90 -13
77 91 -99
77 95 -89
77 96 -36
77 99 -25
78 0 82
78 1 -35
78 3 86
78 4 13
78 6 59
78 9 33
78 11 -59
78 14 43
78 19 -94
78 20 93
78 22 84
78 23 17
78 26 84
78 27 20
78 29 62
78 30 57
78 32 13
78 34 -82
78 36 84
78 38 83
78 41 73
78 43 41
78 44 23
78 45 65
78 46 -4
78 48 60
78 50 31
78 53 -31
78 60 98
78 61 17
78 64 -45
78 65 12
78 66 -46
78 68 93
78 71 83
78 72 -54
78 73 14
78 76 84
78 77 -100
78 78 7
78 80 74
78 81 -33
78 82 -9
78 84 70
78 85 -27
78 88 58
78 90 84
78 92 -76
78 94 -56
78 95 -37
78 96 89
78 97 -87
79 1 -3
79 4 29
79 5 60
79 7 -14
79 8 9
79 9 37
79 10 -94
79 11 -15
79 13 50
79 14 -74
79 17 22
79 23 -29
79 24 59
79 25 -28
79 27 30
79 28 17
79 29 12
79 30 -35
79 32 47
79 33 -39
79 34 8
79 35 40
79 37 68
79 38 -50
79 39 -9
79 46 29
79 48 -67
79 49 77
79 50 14
79 54 -9
79 55 61
79 56 24
79 59 -60
79 61 39
79 64 26
79 67 -75
79 70 -92
79 72 -45
79 73 9
79 74 83
79 76 89
79 77 12
79 78 -48
79 81 90
79 82 18
79 86 8
79 89 -38
79 90 96
79 91 -81
79 93 84
79 94 54
79 95 64
79 96 -97
79 97 44
79 98 78
80 0 13
80 1 -47
80 3 45
80 4 -13
80 5 36
80 6 -95
80 8 67
80 11 99
80 13 -31
80 14 -41
80 16 -47
80 19 -52
80 20 -97
80 22 -86
80 23 -29
80 25 -14
80 26 19
80 30 -92
80 41 -4
80 42 73
80 44 83
80 45 58
80 46 -58
80 47 -26
80 48 -86
80 49 -75
80 53 44
80 57 -18
80 59 29
80 64 92
80 65 -75
80 69 74
80 71 -11
80 73 8
80 77 57
80 79 24
80 82 76
80 85 39
80 86 -65
80 87 -92
80 88 -40
80 90 -34
80 91 55
80 92 -15
81 3 9
81 4 -25
81 7 -30
81 9 48
81 11 62
81 13 -34
81 14 79
81 16 37
81 17 74
81 18 83
81 19 79
81 20 -70
81 21 93
81 22 -49
81 23 -8
81 26 -87
81 27 -15
81 31 18
81 32 -79
81 36 15
81 37 -41
81 39 26
81 40 21
81 41 -83
81 42 -54
81 43 34
81 44 -92
81 45 -5
81 46 -79
81 47 -77
81 51 -29
81 52 81
81 53 -41
81 54 -71
81 55 -99
81 59 -44
81 61 8
81 63 -83
81 65 3
81 66 15
81 68 -90
81 76 -91
81 78 -76
81 79 -21
81 80 50
81 82 -46
81 83 55
81 85 -33
81 88 -93
81 89 76
81 90 -23
81 93 -48
81 94 -75
81 95 22
81 99 96
82 3 -92
82 5 50
82 7 5
82 8 59
82 9 47
82 11 -97
82 12 -78
82 13 57
82 14 -88
82 17 -59
82 18 26
82 19 91
82 20 -66
82 22 -92
82 25 57
82 26 87
82 28 -91
82 32 72
82 35 93
82 38 -41
82 43 -41
82 45 -75
82 46 -33
82 47 94
82 50 -86
82 52 57
82 54 67
82 55 -80
82 56 -95
82 59 -18
82 60 -37
82 61 32
82 62 -31
82 63 -100
82 65 93
82 68 88
82 71 -27
82 72 -38
82 74 60
82 76 -71
82 77 85
82 79 25
82 81 -21
82 82 51
82 83 23
82 85 41
82 86 -49
82 92 -21
82 93 57
82 96 -88
82 97 99
83 0 -28
83 2 -58
83 3 82
83 4 30
83 5 2
83 6 -31
83 7 -38
83 8 -68
83 9 93
83 11 67
83 13 -78
83 14 -38
83 16 28
83 23 57
83 24 -6
83 26 79
83 29 45
83 30 30
83 31 -70
83 33 -28
83 34 -89
83 35 17
83 39 -21
83 40 -9
83 42 -51
83 43 46
83 46 9
83 47 -11
83 49 -89
83 52 -51
83 53 66
83 55 -36
83 59 -50
83 60 -59
83 64 -26
83 66 88
83 67 -77
83 68 38
83 69 18
83 74 -62
83 75 -37
83 76 -50
83 79 41
83 81 -96
83 82 60
83 83 -76
83 84 -37
83 86 -70
83 87 -81
83 89 -93
83 92 87
83 93 -53
83 99 -17
84 1 -41
84 2 37
84 3 55
84 7 -98
84 10 -80
84 11 -59
84 12 -21
84 13 -23
84 14 -64
84 15 -14
84 16 -76
84 19 -11
84 22 -48
84 23 -91
84 24 83
84 25 79
84 26 16
84 28 -59
84 31 -7
84 35 -71
84 36 59
84 37 -41
84 39 -42
84 43 -78
84 45 -35
84 46 -95
84 47 -92
84 48 -48
84 50 -82
84 51 -45
84 53 -63
84 54 -38
84 61 84
84 62 -64
84 64 -11
84 66 -39
84 67 54
84 68 -93
84 71 27
84 72 -80
84 73 -85
84 79 53
84 81 -87
84 82 -7
84 84 68
84 85 -74
84 88 -67
84 89 99
84 90 -47
84 91 41
84 92 83
84 97 93
84 98 76
84 99 -99
85 4 -10
85 5 40
85 6 -64
85 7 73
85 8 37
85 9 72
85 10 -93
85 13 -38
85 14 -36
85 15 -66
85 16 56
85 17 75
85 18 97
85 19 24
85 23 -60
85 24 15
85 25 100
85 27 -58
85 33 -97
85 37 29
85 41 46
85 43 31
85 44 -80
85 46 86
85 48 38
85 52 -85
85 53 -23
85 56 76
85 57 69
85 59 -9
85 60 13
85 61 21
85 72 89
85 74 7
85 76 14
85 77 -8
85 78 -97
85 79 -100
85 86 -63
85 87 -36
85 88 -1
85 89 -56
85 91 -47
85 92 18
85 93 4
85 94 -39
85 96 -56
85 98 -62
85 99 -36
86 0 -27
86 1 39
86 3 63
86 4 28
86 7 23
86 8 18
86 9 -18
86 10 96
86 13 -9
86 14 -25
86 16 47
86 17 -80
86 19 47
86 20 4
86 22 -53
86 24 -67
86 25 88
86 26 -91
86 27 -74
86 28 -58
86 30 82
86 31 97
86 32 38
86 33 -32
86 34 35
86 35 -72
86 36 -40
86 40 -5
86 41 75
86 43 -56
86 44 -27
86 45 -1
86 46 -5
86 47 32
86 49 50
86 50 77
86 57 -86
86 59 49
86 60 5
86 61 18
86 63 40
86 64 -2
86 65 31
86 69 93
86 71 -96
86 72 2
86 74 -88
86 77 -51
86 78 -93
86 80 -13
86 82 99
86 86 -27
86 87 -20
86 88 -89
86 89 68
86 90 -34
86 94 98
86 95 -82
86 97 -63
87 0 -93
87 3 -11
87 5 -85
87 6 -27
87 11 78
87 13 71
87 15 -87
87 16 78
87 19 54
87 22 1
87 23 21
87 27 -10
87 29 -68
87 30 94
87 32 57
87 33 54
87 34 -63
87 36 -81
87 44 -96
87 45 40
87 46 -10
87 49 -5
87 50 -80
87 51 -50
87 53 -58
87 54 52
87 59 -58
87 60 -55
87 61 57
87 62 19
87 64 73
87 66 -26
87 67 -14
87 70 -69
87 74 54
87 77 -24
87 79 50
87 80 -67
87 81 32
87 82 -68
87 85 77
87 87 30
87 88 32
87 89 -16
87 90 -14
87 91 57
87 92 16
87 93 54
87 94 -59
87 95 50
87 97 76
87 98 62
87 99 -59
88 0 14
88 2 -23
88 3 77
88 5 -98
88 6 -45
88 7 89
88 10 33
88 11 99
88 13 74
88 14 51
88 16 -70
88 19 56
88 22 9
88 24 -69
88 25 -38
88 27 74
88 31 50
88 39 -85
88 40 93
88 46 87
88 47 -58
88 48 99
88 49 -7
88 50 88
88 51 -87
88 52 -45
88 54 46
88 56 14
88 57 24
88 58 -76
88 60 96
88 62 -32
88 63 -80
88 64 44
88 65 -45
88 71 -67
88 73 16
88 74 -13
88 75 -91
88 76 19
88 78 12
88 79 54
88 80 77
88 81 -9
88 82 -11
88 84 30
88 85 -23
88 86 -81
88 87 51
88 88 35
88 89 28
88 90 82
88 91 -76
88 93 23
88 94 -26
88 95 -50
88 96 -40
88 98 51
89 0 -87
89 2 -44
89 3 -31
89 6 47
89 7 1
89 11 20
89 13 95
89 15 -45
89 16 -76
89 17 -94
89 19 -33
89 21 -27
89 22 100
89 23 -44
89 25 -42
89 26 -30
89 28 -27
89 29 -74
89 31 -93
89 33 10
89 34 58
89 37 -52
89 40 -53
89 44 6
89 45 -75
89 48 -36
89 49 -14
89 51 -69
89 54 -62
89 55 85
89 57 86
89 59 -48
89 62 14
89 63 -74
89 64 69
89 65 -64
89 67 -54
89 69 31
89 70 -10
89 71 -48
89 72 34
89 74 -90
89 75 56
89 79 -78
89 80 33
89 81 21
89 82 -95
89 83 65
89 84 33
89 86 94
89 88 42
89 89 83
89 90 73
89 91 -32
89 92 65
89 93 -5
89 94 78
89 96 55
89 97 65
89 98 -14
90 3 80
90 5 -77
90 8 96
90 9 64
90 10 81
90 12 3
90 15 51
90 17 -33
90 19 -33
90 20 50
90 21 91
90 22 44
90 25 69
90 33 77
90 38 18
90 39 -32
90 40 -25
90 48 -79
90 50 56
90 51 -25
90 52 -66
90 54 -80
90 57 21
90 58 -36
90 59 -86
90 62 31
90 65 97
90 66 69
90 67 -90
90 69 -45
90 70 -16
90 71 82
90 73 97
90 75 -46
90 76 100
90 77 -91
90 78 6
90 80 66
90 82 99
90 83 57
90 87 -98
90 89 36
90 90 -73
90 92 100
90 94 74
90 95 85
90 97 86
90 98 -76
90 99 48
91 1 64
91 3 38
91 7 68
91 8 95
91 9 2
91 10 -97
91 11 47
91 17 25
91 18 -70
91 19 -34
91 20 -80
91 21 95
91 22 -78
91 24 -79
91 28 -42
91 30 -8
91 33 26
91 34 8
91 36 -91
91 39 63
91 43 8
91 46 -38
91 47 14
91 48 -75
91 51 59
91 53 -40
91 54 26
91 57 43
91 58 -33
91 60 18
91 61 4
91 62 21
91 66 80
91 67 25
91 68 15
91 69 -64
91 71 69
91 74 13
91 75 16
91 77 52
91 82 -38
91 83 -87
91 85 18
91 86 70
91 88 -9
91 90 43
91 91 -74
91 92 -60
91 93 -31
91 94 74
91 95 -20
91 97 96
91 98 7
92 1 -63
92 3 -18
92 7 -3
92 9 -76
92 10 -10
92 11 12
92 14 -64
92 15 8
92 20 -25
92 21 -89
92 23 42
92 25 90
92 26 14
92 30 -40
92 35 84
92 39 62
92 40 -65
92 42 79
92 47 100
92 48 29
92 49 26
92 50 -63
92 51 -28
92 54 92
92 56 -34
92 57 48
92 58 -41
92 61 19
92 64 92
92 66 -16
92 67 63
92 71 53
92 72 -99
92 73 68
92 74 -64
92 75 78
92 78 42
92 79 -61
92 83 -8
92 84 -4
92 85 49
92 86 -96
92 87 -4
92 88 79
92 89 -12
92 90 -53
92 91 -79
92 94 92
92 95 21
92 99 6
93 1 48
93 3 -92
93 5 -52
93 7 44
93 8 -29
93 15 -3
93 18 14
93 19 23
93 20 -78
93 22 -83
93 24 63
93 25 -71
93 27 63
93 29 -22
93 30 49
93 31 37
93 34 31
93 36 30
93 37 94
93 41 -56
93 43 49
93 44 -65
93 46 55
93 48 -61
93 52 89
93 55 50
93 56 -58
93 59 -77
93 60 96
93 61 97
93 62 30
93 67 -40
93 68 -69
93 69 -3
93 70 41
93 74 73
93 76 -30
93 77 17
93 78 91
93 80 52
93 82 7
93 83 54
93 84 -89
93 85 -17
93 86 -75
93 87 96
93 91 3
93 93 62
93 95 -34
93 97 14
93 98 33
93 99 -17
94 0 -23
94 2 -42
94 3 77
94 5 74
94 6 53
94 8 26
94 9 -87
94 11 36
94 18 96
94 19 71
94 21 39
94 22 74
94 27 64
94 29 79
94 31 48
94 37 -58
94 40 96
94 43 35
94 45 -27
94 47 78
94 52 -18
94 53 -77
94 54 -43
94 56 -10
94 62 16
94 63 40
94 64 21
94 65 9
94 70 76
94 73 5
94 75 10
94 76 -28
94 81 -71
94 82 1
94 84 87
94 85 -10
94 87 -99
94 88 -97
94 89 -20
94 90 54
94 91 -56
94 92 -66
94 93 43
94 95 -75
94 97 -81
95 0 24
95 1 85
95 5 -95
95 6 49
95 9 92
95 10 -71
95 11 43
95 12 52
95 13 -64
95 15 -25
95 22 23
95 23 87
95 24 30
95 26 -83
95 27 -43
95 29 17
95 30 -88
95 31 -33
95 32 -44
95 34 28
95 37 -50
95 38 -24
95 39 -39
95 40 46
95 41 18
95 42 59
95 43 11
95 44 86
95 45 57
95 46 -74
95 47 -58
95 48 54
95 49 59
95 52 95
95 53 35
95 55 -58
95 56 -49
95 59 83
95 60 16
95 63 94
95 64 -2
95 66 42
95 67 -51
95 68 61
95 69 31
95 71 13
95 74 -99
95 75 -97
95 76 -44
95 77 -14
95 82 -24
95 83 -23
95 84 -11
95 87 -13
95 88 -33
95 89 48
95 91 90
95 93 61
96 0 53
96 1 59
96 2 -71
96 3 30
96 4 19
96 5 -61
96 7 41
96 16 -63
96 17 7
96 18 72
96 19 26
96 21 -59
96 23 -77
96 24 -21
96 25 56
96 27 -5
96 29 -89
96 30 -9
96 33 -72
96 34 -94
96 35 94
96 36 -43
96 37 -95
96 38 2
96 40 -19
96 45 -47
96 46 -52
96 49 11
96 54 -49
96 57 22
96 59 -49
96 61 -39
96 62 -57
96 65 -90
96 68 95
96 72 61
96 73 -19
96 74 -16
96 75 -47
96 77 -88
96 78 -15
96 84 81
96 89 -55
96 93 -79
96 95 -17
96 96 -60
96 97 89
96 99 69
97 0 -51
97 1 88
97 4 16
97 5 -11
97 6 -95
97 8 27
97 9 62
97 11 81
97 14 55
97 17 33
97 18 -12
97 20 100
97 26 40
97 27 -82
97 28 -55
97 31 14
97 32 -25
97 35 71
97 36 -69
97 37 -15
97 39 28
97 41 -97
97 45 -93
97 47 -78
97 52 -56
97 55 15
97 56 28
97 62 16
97 63 -84
97 67 -66
97 68 -74
97 71 5
97 73 14
97 74 98
97 77 83
97 78 -9
97 80 81
97 81 45
97 82 -75
97 84 -60
97 85 31
97 92 32
97 93 -54
97 96 -83
98 1 26
98 2 3
98 3 -51
98 4 -52
98 6 -35
98 7 -96
98 9 -89
98 11 -40
98 12 36
98 13 54
98 17 10
98 19 74
98 22 -6
98 24 14
98 26 80
98 27 60
98 29 52
98 33 -71
98 35 88
98 38 78
98 41 49
98 43 38
98 45 -36
98 46 -20
98 47 74
98 49 34
98 50 91
98 52 5
98 53 -51
98 54 -54
98 55 -52
98 56 -53
98 60 71
98 61 15
98 63 -100
98 64 -74
98 66 77
98 67 40
98 68 -31
98 70 -11
98 72 -13
98 74 -59
98 75 -87
98 76 -58
98 77 -27
98 81 -95
98 83 27
98 84 59
98 87 -71
98 88 -100
98 89 -55
98 90 44
98 92 58
98 94 -23
98 96 56
98 99 83
99 0 65
99 1 -19
99 3 2
99 6 35
99 8 84
99 10 -39
99 12 87
99 13 78
99 14 30
99 15 -51
99 17 -41
99 19 70
99 23 -23
99 24 12
99 26 -65
99 27 36
99 28 -74
99 31 90
99 32 -91
99 34 36
99 37 26
99 39 -2
99 42 28
99 44 68
99 46 15
99 47 -85
99 50 77
99 52 -24
99 53 85
99 57 -83
99 61 20
99 63 62
99 66 79
99 67 -84
99 68 85
99 70 43
99 71 -43
99 72 6
99 73 36
99 76 -46
99 77 44
99 78 -16
99 79 7
99 80 -19
99 81 62
99 82 -55
99 83 55
99 89 77
99 95 36
99 96 -2
99 97 49
99 98 -69
99 99 -77