0 0 67
0 1 -54
0 2 -66
0 3 -80
0 4 -98
0 5 -42
0 6 -44
0 7 -56
0 8 49
0 9 -16
0 10 30
0 11 -75
0 12 62
0 13 -12
0 14 -94
0 15 56
0 16 49
0 17 -84
0 18 98
0 19 -62
0 20 -89
0 21 25
0 22 -65
0 23 -62
0 24 -90
0 25 -16
0 26 -70
0 27 81
0 28 -74
0 29 49
0 30 95
0 31 -96
0 32 -10
0 33 73
0 34 -71
0 35 -74
0 36 55
0 37 83
0 38 -69
0 39 -44
0 40 47
0 41 -99
0 42 -46
0 43 60
0 44 82
0 45 41
0 46 91
0 47 4
0 49 -13
1 0 23
1 1 35
1 2 -24
1 4 83
1 5 6
1 6 -39
1 7 -52
1 8 11
1 9 -10
1 10 -79
1 11 29
1 12 -95
1 13 46
1 14 -22
1 15 -36
1 16 2
1 17 -80
1 18 23
1 19 96
1 20 22
1 22 44
1 23 69
1 24 100
1 26 4
1 27 71
1 28 17
1 29 93
1 30 -68
1 31 59
1 32 49
1 33 81
1 34 30
1 35 -60
1 36 -64
1 37 64
1 38 3
1 39 70
1 40 72
1 41 78
1 42 -41
1 43 -25
1 44 -86
1 45 -85
1 47 27
1 48 67
1 49 -44
2 0 76
2 1 -33
2 2 -93
2 3 100
2 4 29
2 5 -13
2 6 63
2 7 97
2 8 47
2 9 18
2 10 97
2 11 87
2 12 -67
2 13 61
2 14 -60
2 15 97
2 16 -70
2 17 55
2 18 -58
2 19 72
2 20 73
2 21 99
2 22 10
2 23 -57
2 24 -19
2 25 6
2 26 92
2 27 40
2 28 44
2 29 36
2 30 86
2 34 81
2 35 87
2 36 -69
2 38 -80
2 39 -73
2 41 -6
2 42 -37
2 43 13
2 44 37
2 46 29
2 47 81
2 48 18
2 49 -45
3 0 -53
3 1 -71
3 2 41
3 4 -39
3 5 91
3 6 -87
3 7 -88
3 8 18
3 9 -21
3 10 79
3 11 81
3 12 -68
3 13 50
3 14 -98
3 15 -38
3 16 98
3 17 -12
3 18 21
3 19 5
3 20 29
3 21 30
3 22 37
3 23 -71
3 24 -39
3 25 -15
3 26 74
3 27 -79
3 28 16
3 29 -66
3 30 -9
3 31 -68
3 32 -55
3 33 -15
3 34 -33
3 35 -90
3 36 -72
3 37 5
3 39 -53
3 40 82
3 41 -39
3 42 -9
3 43 -29
3 44 52
3 45 11
3 46 72
3 47 14
3 48 -79
3 49 11
4 0 79
4 1 -58
4 2 69
4 3 -62
4 4 -11
4 5 -32
4 6 12
4 7 -5
4 8 16
4 9 -53
4 10 75
4 11 -56
4 12 94
4 13 52
4 14 -33
4 15 -58
4 16 -78
4 17 -79
4 18 11
4 20 -70
4 21 -59
4 22 15
4 23 45
4 24 -61
4 25 52
4 26 -25
4 27 10
4 28 -84
4 29 -43
4 30 -21
4 31 -63
4 32 -18
4 33 -38
4 34 58
4 35 75
4 36 47
4 37 -44
4 38 -83
4 39 -59
4 40 -34
4 41 33
4 42 -93
4 43 -64
4 44 -68
4 45 -27
4 46 52
4 47 -94
4 48 -91
4 49 84
5 0 29
5 2 -13
5 3 32
5 4 91
5 5 9
5 6 -80
5 7 90
5 8 -88
5 9 -95
5 10 -89
5 11 -91
5 12 63
5 13 -43
5 14 92
5 15 75
5 16 -84
5 17 -9
5 18 -40
5 19 39
5 20 80
5 21 -53
5 22 51
5 23 -82
5 24 82
5 25 69
5 26 31
5 27 4
5 28 -71
5 30 -7
5 31 57
5 32 80
5 33 -73
5 34 -42
5 35 -43
5 36 -26
5 37 39
5 38 -52
5 39 -25
5 40 -58
5 41 -7
5 42 -91
5 43 -7
5 44 61
5 45 -89
5 46 64
5 47 -43
5 48 -43
6 0 -91
6 1 -28
6 2 27
6 3 83
6 4 28
6 5 -27
6 6 -22
6 7 91
6 8 19
6 9 57
6 10 57
6 11 93
6 13 -20
6 14 92
6 15 -55
6 16 99
6 17 44
6 18 -17
6 19 -90
6 20 100
6 21 87
6 22 -17
6 23 -21
6 24 -28
6 26 -57
6 27 90
6 28 2
6 29 19
6 30 -81
6 31 17
6 32 18
6 33 99
6 34 81
6 35 -54
6 36 26
6 37 -18
6 38 16
6 39 -44
6 40 52
6 41 -49
6 42 23
6 44 -35
6 45 -6
6 46 -44
6 47 -11
6 48 97
6 49 -90
7 0 61
7 1 36
7 2 -7
7 3 21
7 4 92
7 5 74
7 6 -15
7 7 79
7 8 -60
7 9 -83
7 10 48
7 11 -86
7 12 55
7 13 62
7 15 50
7 16 18
7 17 -23
7 18 66
7 19 -51
7 20 -7
7 21 -75
7 22 -69
7 23 100
7 24 38
7 25 86
7 26 -56
7 27 60
7 28 -65
7 29 -56
7 30 70
7 32 54
7 33 22
7 34 70
7 35 63
7 36 -42
7 37 63
7 38 38
7 40 18
7 41 27
7 42 -80
7 43 -11
7 44 -50
7 45 15
7 46 -67
7 47 91
7 48 9
7 49 80
8 0 75
8 1 81
8 2 -95
8 3 70
8 4 13
8 5 4
8 6 30
8 7 -45
8 8 78
8 9 -10
8 10 27
8 11 -31
8 12 83
8 13 -11
8 14 -85
8 15 -74
8 16 -64
8 17 -50
8 18 -27
8 19 -17
8 20 41
8 21 26
8 23 -22
8 24 28
8 25 52
8 26 -29
8 27 24
8 28 35
8 29 -51
8 30 -42
8 31 43
8 32 -79
8 33 60
8 34 -93
8 35 12
8 36 61
8 37 89
8 38 86
8 40 49
8 41 83
8 42 92
8 43 -58
8 44 -93
8 45 -33
8 46 39
8 47 64
8 48 -54
8 49 -50
9 0 5
9 1 -19
9 2 -97
9 3 36
9 5 96
9 7 40
9 8 62
9 9 -44
9 10 34
9 11 -68
9 12 15
9 13 15
9 14 -97
9 15 96
9 16 -70
9 17 22
9 18 -53
9 19 44
9 20 71
9 21 -52
9 22 -98
9 23 68
9 24 -51
9 25 -70
9 26 73
9 27 8
9 28 -35
9 29 52
9 30 -68
9 31 -47
9 32 70
9 33 25
9 34 -39
9 35 -31
9 36 -41
9 37 -72
9 38 12
9 39 57
9 40 41
9 41 -35
9 42 -51
9 43 89
9 45 -67
9 46 97
9 47 31
9 48 40
9 49 36
10 0 71
10 1 -11
10 2 -5
10 3 26
10 4 -78
10 5 68
10 6 -79
10 7 12
10 8 46
10 10 -34
10 11 35
10 12 1
10 13 7
10 14 83
10 15 -43
10 16 81
10 17 74
10 19 37
10 20 90
10 21 5
10 22 -19
10 23 -35
10 24 63
10 25 -91
10 26 -8
10 27 -57
10 28 -79
10 29 -74
10 30 31
10 31 -79
10 32 10
10 33 49
10 34 -55
10 35 -63
10 36 51
10 37 97
10 40 61
10 41 -33
10 42 -88
10 43 -84
10 44 85
10 45 -57
10 46 80
10 47 35
10 48 -84
10 49 -19
11 0 13
11 1 -72
11 2 63
11 3 -34
11 4 -36
11 5 -79
11 6 -58
11 7 14
11 8 -57
11 9 15
11 10 -87
11 11 2
11 12 65
11 13 39
11 14 54
11 15 24
11 17 57
11 18 -29
11 19 48
11 20 -5
11 21 66
11 22 77
11 23 -82
11 24 -51
11 26 83
11 28 10
11 29 -55
11 31 -67
11 32 85
11 33 -2
11 34 23
11 35 -29
11 36 -71
11 37 88
11 38 -95
11 39 -13
11 41 -18
11 43 -63
11 44 -17
11 45 -83
11 46 -3
11 47 16
11 48 21
11 49 35
12 0 -62
12 1 -3
12 2 75
12 3 4
12 4 1
12 5 93
12 6 99
12 7 79
12 8 -3
12 9 -15
12 10 -65
12 11 -88
12 12 69
12 13 -79
12 14 -7
12 15 24
12 16 91
12 17 29
12 19 71
12 20 69
12 21 -40
12 22 -24
12 23 -57
12 24 -88
12 25 99
12 26 -2
12 27 64
12 28 54
12 29 -50
12 30 -89
12 31 -78
12 32 98
12 33 28
12 34 -14
12 35 -21
12 37 73
12 38 -15
12 39 -75
12 41 5
12 42 -76
12 43 83
12 44 -77
12 45 3
12 46 -35
12 47 -24
12 48 50
12 49 -65
13 0 -75
13 1 -93
13 2 94
13 3 45
13 4 61
13 5 58
13 6 40
13 7 -45
13 8 -54
13 9 -64
13 12 -36
13 13 -73
13 14 72
13 15 -100
13 16 -67
13 17 100
13 18 31
13 19 69
13 20 -70
13 21 -72
13 22 -70
13 23 54
13 24 4
13 25 95
13 26 32
13 27 40
13 28 90
13 30 14
13 31 -8
13 32 62
13 33 -52
13 34 53
13 35 6
13 36 -89
13 37 66
13 39 -68
13 40 73
13 41 81
13 42 18
13 43 41
13 44 19
13 45 -96
13 46 -77
13 47 49
13 48 68
13 49 -82
14 1 38
14 2 -28
14 3 -46
14 5 -74
14 6 -48
14 7 -34
14 8 -75
14 9 42
14 10 -11
14 11 92
14 13 -28
14 14 67
14 15 39
14 16 -35
14 17 -9
14 19 85
14 20 75
14 22 50
14 23 95
14 24 -4
14 25 10
14 26 12
14 27 -31
14 28 -56
14 29 -5
14 30 22
14 31 -49
14 32 82
14 33 15
14 34 41
14 35 -59
14 36 35
14 37 -22
14 38 17
14 39 -46
14 40 24
14 41 73
14 42 39
14 43 73
14 44 66
14 45 63
14 47 65
14 48 87
14 49 -80
15 0 -3
15 1 -13
15 2 -45
15 3 65
15 4 73
15 5 -27
15 6 8
15 7 -79
15 8 -62
15 9 83
15 11 -91
15 12 4
15 13 -23
15 14 53
15 15 2
15 16 52
15 17 43
15 19 -8
15 20 58
15 22 -87
15 23 9
15 24 50
15 25 80
15 26 -89
15 27 -85
15 28 -73
15 29 -39
15 30 -34
15 31 -36
15 32 -7
15 33 36
15 34 -67
15 35 89
15 36 48
15 37 -99
15 38 58
15 39 -41
15 40 -98
15 41 32
15 42 3
15 44 63
15 45 -39
15 46 6
15 47 -92
15 48 64
15 49 -66
16 0 -36
16 1 85
16 2 99
16 3 2
16 4 -3
16 5 22
16 6 45
16 7 -36
16 8 -71
16 9 93
16 11 57
16 12 -71
16 13 -30
16 14 -33
16 15 96
16 16 -29
16 17 -4
16 18 81
16 19 50
16 20 -81
16 21 55
16 22 14
16 23 -17
16 24 62
16 25 -8
16 26 20
16 27 -16
16 28 25
16 29 -83
16 30 -33
16 31 97
16 32 -97
16 33 16
16 34 -66
16 35 -74
16 36 -77
16 37 -7
16 38 -48
16 39 -9
16 40 56
16 41 62
16 42 -18
16 43 6
16 44 85
16 45 71
16 46 -48
16 47 88
16 48 72
16 49 72
17 0 72
17 1 10
17 2 19
17 3 -97
17 4 95
17 5 -59
17 6 -43
17 7 -16
17 9 -52
17 10 3
17 11 59
17 12 28
17 13 70
17 14 82
17 15 84
17 16 24
17 17 45
17 18 51
17 19 82
17 20 -72
17 21 96
17 22 -87
17 23 89
17 24 -58
17 25 31
17 26 -2
17 27 48
17 28 -56
17 29 79
17 30 10
17 31 -99
17 32 22
17 33 -15
17 34 -25
17 35 41
17 36 11
17 37 -35
17 38 -89
17 39 70
17 40 26
17 41 80
17 42 91
17 43 18
17 44 -20
17 45 -66
17 46 -82
17 47 48
17 48 77
17 49 38
18 0 -86
18 1 -20
18 2 15
18 4 93
18 5 -51
18 6 23
18 7 -73
18 8 -1
18 10 42
18 11 59
18 12 -3
18 13 -52
18 14 -99
18 15 -18
18 16 -37
18 17 -68
18 18 -92
18 19 -90
18 20 -3
18 21 1
18 22 -10
18 23 -97
18 24 97
18 25 -7
18 26 -60
18 27 86
18 28 41
18 29 -7
18 30 -22
18 31 99
18 32 33
18 34 16
18 35 -27
18 37 -79
18 38 -24
18 39 -76
18 41 32
18 42 46
18 43 100
18 44 -2
18 45 92
18 47 -22
18 48 46
18 49 -4
19 0 80
19 1 88
19 2 -3
19 4 -3
19 5 79
19 6 -71
19 7 -35
19 8 -35
19 10 -82
19 11 3
19 12 29
19 13 56
19 14 42
19 15 -90
19 16 12
19 17 8
19 18 23
19 19 75
19 20 -33
19 21 66
19 22 32
19 23 -70
19 24 32
19 25 -10
19 26 2
19 27 23
19 28 -75
19 29 -96
19 31 -37
19 33 -77
19 34 55
19 35 55
19 36 17
19 37 -18
19 38 -1
19 39 31
19 40 -7
19 41 15
19 42 17
19 43 10
19 44 16
19 45 -55
19 46 75
19 47 -51
19 48 65
19 49 -99
20 0 -75
20 2 20
20 3 26
20 4 -44
20 5 83
20 6 37
20 7 -44
20 8 -99
20 9 -18
20 10 19
20 11 -61
20 12 76
20 13 70
20 14 61
20 17 67
20 18 -45
20 19 68
20 20 -71
20 21 30
20 22 -18
20 23 -74
20 24 -91
20 25 72
20 26 86
20 27 -38
20 28 -74
20 29 -40
20 30 -77
20 31 -39
20 33 79
20 34 69
20 36 66
20 37 2
20 38 -9
20 39 -26
20 40 61
20 42 20
20 44 30
20 45 -75
20 46 33
20 47 -57
20 48 75
20 49 -66
21 0 38
21 1 -90
21 2 -16
21 3 71
21 4 -45
21 5 29
21 6 71
21 7 -82
21 8 -80
21 10 -28
21 11 -70
21 12 77
21 13 95
21 14 2
21 15 -49
21 16 93
21 17 -44
21 18 80
21 19 60
21 20 -38
21 21 -63
21 23 -8
21 24 58
21 25 43
21 26 -55
21 27 67
21 28 -72
21 29 -2
21 30 -47
21 31 -75
21 32 23
21 33 92
21 34 88
21 35 -24
21 36 -95
21 37 -32
21 38 -98
21 40 -64
21 41 92
21 43 2
21 44 56
21 45 -28
21 46 38
21 47 -25
21 48 43
21 49 39
22 0 75
22 1 -16
22 2 56
22 4 67
22 6 -68
22 7 78
22 8 87
22 10 73
22 11 22
22 12 -53
22 13 88
22 14 4
22 15 -85
22 16 44
22 17 -81
22 18 -35
22 19 -19
22 20 -3
22 21 -27
22 22 -69
22 23 96
22 24 82
22 25 -68
22 26 61
22 27 -60
22 28 -9
22 29 71
22 32 -13
22 33 -45
22 34 43
22 35 19
22 36 25
22 37 -19
22 38 9
22 39 -74
22 40 -52
22 41 74
22 42 67
22 43 54
22 44 -73
22 45 99
22 46 -18
22 47 21
22 48 -78
23 0 -92
23 1 -47
23 2 6
23 3 -44
23 4 -96
23 5 -68
23 6 41
23 7 -64
23 8 45
23 9 -89
23 10 97
23 11 19
23 12 -66
23 13 -99
23 14 -42
23 15 26
23 16 27
23 17 -50
23 18 40
23 19 65
23 20 42
23 21 68
23 22 42
23 23 14
23 24 -5
23 25 -9
23 26 -66
23 27 -25
23 28 17
23 29 -44
23 30 43
23 31 -15
23 32 -67
23 33 28
23 34 -44
23 35 16
23 36 9
23 38 7
23 39 -75
23 40 -14
23 41 61
23 42 72
23 43 17
23 44 -23
23 46 -53
23 47 -42
23 48 -29
23 49 18
24 1 -96
24 2 -53
24 3 59
24 4 44
24 5 -51
24 7 -32
24 8 84
24 9 -42
24 10 22
24 11 -72
24 12 -62
24 13 -57
24 14 -19
24 16 29
24 17 -71
24 18 -91
24 19 -54
24 20 98
24 22 39
24 25 24
24 26 -98
24 27 -7
24 28 16
24 29 -11
24 30 29
24 31 67
24 32 99
24 33 -99
24 34 -30
24 35 63
24 36 -70
24 37 42
24 38 88
24 39 -79
24 40 89
24 41 -9
24 42 -50
24 44 -100
24 45 -56
24 47 -41
24 48 -73
24 49 -42
25 0 29
25 1 -55
25 4 61
25 5 -45
25 6 76
25 7 11
25 8 -93
25 10 -11
25 13 88
25 14 -23
25 15 12
25 17 -3
25 18 -3
25 19 -73
25 20 -51
25 21 90
25 23 82
25 24 -16
25 25 -96
25 26 73
25 27 15
25 29 -45
25 30 95
25 31 -8
25 32 42
25 34 4
25 35 25
25 36 77
25 37 79
25 38 -92
25 39 100
25 40 42
25 41 22
25 42 -16
25 43 -62
25 44 86
25 45 10
25 46 -68
25 47 66
25 48 47
25 49 46
26 0 -96
26 1 -96
26 2 94
26 3 86
26 4 -5
26 5 64
26 6 41
26 7 -34
26 8 -49
26 9 -56
26 10 62
26 11 51
26 12 -26
26 13 -3
26 14 -11
26 15 80
26 16 -67
26 17 -93
26 18 49
26 19 57
26 20 18
26 21 -60
26 22 41
26 23 20
26 24 43
26 26 87
26 27 54
26 28 -63
26 29 -18
26 30 -12
26 31 -89
26 32 25
26 33 -38
26 34 -76
26 35 61
26 37 -94
26 39 78
26 40 1
26 41 -2
26 42 73
26 43 51
26 44 78
26 46 19
26 48 -68
26 49 -7
27 0 -26
27 1 77
27 2 16
27 3 63
27 4 58
27 5 -87
27 6 39
27 7 -33
27 8 87
27 9 -44
27 10 -40
27 11 -59
27 12 59
27 13 -68
27 14 72
27 15 -47
27 16 -21
27 17 -96
27 18 69
27 19 42
27 20 -18
27 21 22
27 22 11
27 23 -58
27 24 70
27 25 -74
27 26 66
27 27 1
27 28 86
27 29 -1
27 30 10
27 32 92
27 33 -46
27 34 -3
27 35 -32
27 36 22
27 38 16
27 39 12
27 41 -86
27 42 -41
27 43 -94
27 44 -14
27 45 7
27 46 -37
27 48 34
27 49 59
28 0 -1
28 1 -51
28 2 -54
28 3 10
28 4 96
28 5 24
28 6 -60
28 7 -74
28 8 -48
28 9 -43
28 10 -48
28 11 -56
28 12 1
28 13 -65
28 14 41
28 15 15
28 16 -11
28 17 -5
28 18 29
28 19 4
28 20 28
28 21 98
28 22 -63
28 23 -83
28 24 -17
28 25 -36
28 26 67
28 27 68
28 28 -75
28 29 6
28 30 -15
28 31 19
28 32 -19
28 33 15
28 34 -64
28 35 -72
28 36 34
28 37 -82
28 38 -100
28 39 59
28 40 -95
28 41 -82
28 42 71
28 43 -92
28 44 7
28 45 3
28 46 31
28 47 -74
28 48 67
28 49 -34
29 0 -73
29 1 81
29 2 -65
29 3 -39
29 4 -56
29 5 79
29 8 81
29 9 45
29 10 78
29 11 4
29 12 -93
29 13 84
29 14 -9
29 15 41
29 16 -37
29 17 -95
29 18 52
29 19 -99
29 20 -33
29 21 -73
29 22 -80
29 23 -50
29 24 -25
29 25 -77
29 26 66
29 27 94
29 28 -4
29 29 29
29 30 31
29 31 -95
29 32 94
29 33 74
29 34 5
29 35 13
29 36 25
29 37 81
29 38 81
29 39 -58
29 40 22
29 41 69
29 42 -3
29 43 -65
29 44 11
29 45 -98
29 47 -26
29 48 85
29 49 15
30 0 -4
30 1 -37
30 2 -6
30 3 42
30 4 -51
30 5 -87
30 6 -46
30 7 66
30 8 1
30 9 2
30 10 -36
30 11 44
30 12 12
30 13 22
30 14 -10
30 15 27
30 16 -20
30 17 53
30 18 -85
30 19 32
30 20 86
30 21 65
30 22 -78
30 23 -75
30 24 -61
30 25 5
30 26 -92
30 27 -58
30 28 -4
30 29 85
30 30 -92
30 31 25
30 32 98
30 33 -16
30 34 96
30 35 -64
30 36 -71
30 37 44
30 38 -21
30 39 21
30 40 -59
30 41 -47
30 42 -17
30 43 41
30 44 -1
30 45 -92
30 46 45
30 47 -82
30 49 -13
31 0 63
31 1 -21
31 2 -17
31 3 62
31 4 75
31 5 24
31 6 -57
31 7 22
31 8 -84
31 9 -85
31 10 80
31 11 36
31 13 -35
31 14 -42
31 15 64
31 16 79
31 17 -80
31 18 -100
31 19 71
31 21 -14
31 22 -70
31 23 30
31 24 -84
31 25 27
31 26 43
31 27 15
31 28 66
31 29 -57
31 30 -85
31 31 48
31 32 -1
31 33 -14
31 34 88
31 35 20
31 36 -73
31 37 45
31 38 19
31 39 -94
31 40 -85
31 41 -65
31 42 76
31 44 -22
31 45 40
31 46 35
31 47 9
31 48 92
31 49 61
32 0 -54
32 1 -81
32 2 -59
32 3 -15
32 4 66
32 5 14
32 6 33
32 7 68
32 8 -97
32 9 -42
32 10 47
32 11 -10
32 12 -34
32 13 53
32 14 -45
32 15 -70
32 16 89
32 17 7
32 18 72
32 19 9
32 20 -83
32 21 65
32 22 -32
32 23 -1
32 24 72
32 25 93
32 26 -50
32 27 91
32 28 -71
32 29 -91
32 30 45
32 31 48
32 33 96
32 34 -68
32 35 39
32 36 93
32 37 9
32 38 -3
32 39 46
32 40 -61
32 41 -74
32 42 -48
32 43 -97
32 44 51
32 45 15
32 46 -96
32 47 -80
32 48 -73
32 49 -70
33 0 83
33 1 -99
33 2 -32
33 3 -58
33 4 -78
33 5 62
33 6 -39
33 7 -54
33 8 100
33 9 -8
33 10 -47
33 11 26
33 12 21
33 13 -17
33 14 30
33 15 -5
33 16 87
33 17 -62
33 18 90
33 19 -20
33 20 -9
33 21 -31
33 22 -9
33 23 -60
33 24 55
33 25 52
33 26 -34
33 27 -99
33 28 -93
33 29 -36
33 30 83
33 31 84
33 34 -86
33 35 -36
33 36 58
33 37 22
33 38 88
33 39 78
33 40 -5
33 41 40
33 42 -60
33 43 91
33 44 61
33 45 70
33 46 -16
33 47 -90
33 48 10
33 49 -14
34 0 -47
34 1 -82
34 2 61
34 3 -88
34 4 99
34 5 50
34 6 20
34 7 -88
34 8 13
34 9 -98
34 10 50
34 11 44
34 12 71
34 13 67
34 14 -52
34 15 -40
34 17 38
34 18 41
34 19 85
34 20 -80
34 21 94
34 22 -48
34 23 65
34 24 -51
34 25 95
34 26 99
34 27 45
34 28 -25
34 29 39
34 30 -38
34 31 -65
34 32 86
34 33 1
34 34 -86
34 35 33
34 36 -2
34 37 -75
34 38 53
34 39 65
34 40 8
34 41 -1
34 42 -52
34 43 29
34 44 -12
34 45 67
34 46 31
34 47 -95
34 49 -38
35 0 36
35 1 77
35 3 40
35 4 -47
35 5 94
35 6 48
35 7 98
35 8 91
35 9 -23
35 10 -22
35 11 -1
35 12 -49
35 13 -67
35 14 44
35 15 79
35 16 8
35 17 53
35 18 59
35 19 -27
35 20 81
35 21 -94
35 22 27
35 23 -49
35 24 -42
35 25 63
35 26 16
35 27 87
35 28 -12
35 29 43
35 30 -88
35 31 -57
35 32 -52
35 33 -61
35 34 -6
35 35 30
35 36 -87
35 37 -62
35 38 -99
35 39 -33
35 40 32
35 41 43
35 42 87
35 43 -95
35 44 -61
35 45 -34
35 46 -60
35 47 93
35 48 28
35 49 30
36 0 -100
36 1 68
36 2 48
36 3 54
36 4 60
36 5 -22
36 6 53
36 7 -47
36 8 -2
36 9 90
36 10 -41
36 11 80
36 12 52
36 13 -28
36 14 -57
36 15 4
36 16 -85
36 17 -17
36 18 71
36 19 -29
36 20 90
36 21 -76
36 22 -89
36 23 -100
36 25 -71
36 26 -42
36 27 36
36 28 58
36 29 44
36 30 -88
36 31 -48
36 32 -51
36 33 55
36 34 23
36 35 43
36 36 -7
36 37 -38
36 38 87
36 39 -66
36 40 -70
36 41 -94
36 42 -98
36 43 -23
36 44 21
36 45 76
36 46 -72
36 47 -40
36 48 54
37 0 -89
37 1 -96
37 2 -83
37 3 86
37 4 -62
37 5 -51
37 6 83
37 7 27
37 8 -61
37 9 9
37 10 -32
37 11 -36
37 12 74
37 13 -34
37 14 -35
37 15 -53
37 16 -58
37 18 83
37 19 98
37 20 -99
37 21 25
37 24 -35
37 25 37
37 27 25
37 28 -87
37 29 96
37 30 -3
37 31 68
37 32 83
37 33 53
37 34 -99
37 35 -51
37 36 84
37 37 -38
37 39 -23
37 40 10
37 41 -32
37 42 -4
37 43 -83
37 44 96
37 45 -31
37 46 -49
37 47 -73
37 48 16
37 49 46
38 0 99
38 1 60
38 2 -100
38 5 -89
38 6 -51
38 7 -91
38 8 84
38 9 35
38 10 97
38 11 91
38 12 -18
38 13 100
38 14 15
38 15 8
38 16 1
38 17 -52
38 18 -5
38 19 -32
38 20 -84
38 21 -17
38 22 -81
38 24 10
38 25 72
38 26 43
38 27 -34
38 28 -54
38 29 -69
38 30 5
38 32 62
38 33 66
38 34 21
38 35 21
38 36 -48
38 37 57
38 38 61
38 40 -82
38 41 -46
38 42 68
38 43 -52
38 44 -33
38 45 71
38 46 100
38 47 -68
38 48 46
38 49 75
39 1 38
39 2 -22
39 3 60
39 4 36
39 5 21
39 6 -49
39 7 -80
39 8 -20
39 9 -32
39 10 97
39 11 15
39 12 -71
39 13 95
39 14 -68
39 15 62
39 16 42
39 17 -18
39 18 -21
39 19 31
39 20 85
39 21 -39
39 22 -66
39 25 51
39 26 -94
39 27 44
39 28 44
39 29 15
39 30 75
39 31 37
39 32 -63
39 34 28
39 36 -41
39 37 -54
39 38 24
39 39 93
39 40 -92
39 42 1
39 43 50
39 45 -86
39 46 -76
39 47 -18
39 48 -3
39 49 -72
40 0 -46
40 1 10
40 2 -9
40 3 20
40 4 -93
40 6 88
40 7 -72
40 8 -63
40 9 -35
40 10 67
40 11 -93
40 12 72
40 13 -60
40 14 88
40 15 64
40 16 -25
40 17 -83
40 18 -97
40 19 -57
40 20 -60
40 21 2
40 22 71
40 23 77
40 24 2
40 25 61
40 26 24
40 27 -95
40 28 -40
40 29 -57
40 30 31
40 31 62
40 32 87
40 33 6
40 35 22
40 36 -54
40 37 -70
40 38 86
40 39 37
40 41 -65
40 42 99
40 43 -70
40 44 94
40 45 -89
40 46 -93
40 47 -78
40 48 -54
40 49 -77
41 0 -24
41 1 -59
41 2 86
41 3 -19
41 4 41
41 5 52
41 6 8
41 7 96
41 8 10
41 9 40
41 10 -99
41 11 -34
41 12 -98
41 13 89
41 14 -14
41 15 24
41 16 77
41 17 59
41 18 -97
41 19 17
41 20 40
41 21 -85
41 22 -82
41 23 -84
41 24 -74
41 25 -25
41 26 31
41 27 -79
41 28 74
41 29 -13
41 30 -84
41 31 9
41 32 -97
41 33 42
41 35 58
41 36 -95
41 38 -22
41 39 30
41 40 -52
41 41 55
41 42 -65
41 43 24
41 44 -13
41 45 -47
41 46 -39
41 47 -60
41 48 -49
41 49 -33
42 0 50
42 1 -68
42 3 -61
42 4 87
42 5 81
42 6 72
42 7 -68
42 9 -71
42 10 -6
42 11 40
42 12 -29
42 13 -34
42 14 69
42 15 -21
42 16 26
42 17 78
42 18 19
42 19 15
42 20 47
42 21 -12
42 22 35
42 23 -76
42 24 10
42 25 -11
42 27 -70
42 28 1
42 29 -82
42 30 -8
42 31 -46
42 33 100
42 34 -65
42 35 -56
42 36 67
42 37 71
42 38 -27
42 39 26
42 41 51
42 42 62
42 43 100
42 44 -61
42 45 83
42 46 55
42 47 70
42 49 44
43 0 -6
43 1 -11
43 2 89
43 3 -2
43 4 10
43 5 -46
43 6 55
43 7 44
43 8 82
43 9 -65
43 10 -88
43 11 75
43 12 -65
43 13 -26
43 14 -58
43 15 16
43 16 80
43 17 -87
43 18 -17
43 19 79
43 20 53
43 21 85
43 22 41
43 23 -19
43 24 71
43 25 -11
43 26 -18
43 27 80
43 28 6
43 29 36
43 30 -18
43 31 -97
43 32 -20
43 33 -60
43 34 24
43 35 -59
43 36 -58
43 38 85
43 39 29
43 40 85
43 42 -80
43 43 39
43 44 -89
43 45 -38
43 46 61
43 47 -89
43 48 -56
43 49 18
44 1 -40
44 2 -100
44 3 89
44 4 71
44 5 43
44 6 84
44 7 2
44 8 29
44 9 31
44 10 -49
44 11 -92
44 12 14
44 13 71
44 14 -96
44 15 11
44 16 -30
44 17 54
44 18 -16
44 19 -85
44 20 -22
44 21 -65
44 22 59
44 23 7
44 24 98
44 25 75
44 26 14
44 28 34
44 29 -72
44 30 75
44 31 -88
44 32 -45
44 33 -48
44 34 -3
44 35 19
44 36 -57
44 37 91
44 38 30
44 39 -28
44 40 2
44 41 -11
44 42 -18
44 45 23
44 46 61
44 47 49
44 49 -36
45 0 7
45 1 -11
45 2 88
45 3 -45
45 4 -88
45 5 -29
45 6 -51
45 7 -43
45 8 25
45 9 -95
45 11 13
45 12 9
45 13 -41
45 14 79
45 15 27
45 16 -91
45 17 12
45 18 41
45 19 40
45 20 2
45 21 87
45 22 8
45 23 66
45 24 -4
45 25 -28
45 26 19
45 27 96
45 28 -93
45 29 61
45 30 -28
45 31 71
45 32 48
45 33 3
45 34 1
45 35 30
45 36 63
45 37 -85
45 38 33
45 39 45
45 40 -41
45 41 87
45 42 33
45 43 -46
45 44 -75
45 45 -47
45 46 -22
45 47 48
45 48 -65
45 49 65
46 0 -48
46 1 -99
46 3 -32
46 4 40
46 5 62
46 6 -94
46 7 68
46 8 -13
46 9 -97
46 10 -60
46 11 -85
46 12 87
46 13 98
46 14 -51
46 15 -77
46 16 65
46 17 100
46 18 -43
46 19 3
46 20 -33
46 21 17
46 22 -49
46 23 72
46 24 -17
46 25 18
46 26 25
46 27 -85
46 28 45
46 29 43
46 30 -84
46 31 79
46 32 52
46 33 63
46 34 29
46 35 12
46 36 15
46 37 -9
46 38 -23
46 39 8
46 40 -20
46 41 54
46 42 56
46 43 91
46 44 8
46 45 13
46 46 98
46 47 -13
46 48 7
46 49 43
47 0 -59
47 1 -76
47 2 -60
47 3 -32
47 5 -55
47 6 -76
47 7 -1
47 8 -4
47 9 -73
47 10 -34
47 11 20
47 12 -57
47 13 -48
47 14 -84
47 15 -52
47 16 -50
47 17 10
47 18 78
47 19 -41
47 20 60
47 21 84
47 22 55
47 23 95
47 24 -66
47 25 76
47 26 -38
47 27 77
47 28 94
47 30 -3
47 31 -21
47 32 -20
47 33 -82
47 34 84
47 35 -85
47 36 -7
47 37 88
47 38 69
47 39 62
47 40 60
47 41 -28
47 42 66
47 43 79
47 44 -55
47 45 1
47 46 70
47 48 86
47 49 15
48 0 -81
48 1 -84
48 2 84
48 4 -72
48 5 -61
48 6 -16
48 7 36
48 8 35
48 9 28
48 10 -56
48 11 1
48 12 80
48 13 55
48 14 75
48 15 20
48 16 -60
48 17 -32
48 18 -51
48 20 6
48 21 87
48 22 -74
48 23 -97
48 25 -84
48 26 -36
48 27 73
48 28 -12
48 29 4
48 30 -38
48 31 -86
48 32 -33
48 33 36
48 34 -29
48 35 -26
48 36 58
48 37 -59
48 38 -25
48 39 51
48 40 64
48 41 77
48 42 -41
48 43 2
48 44 25
48 45 8
48 46 -14
48 47 95
48 48 42
49 0 33
49 1 99
49 2 40
49 3 -44
49 4 40
49 5 77
49 6 30
49 7 36
49 8 95
49 9 97
49 10 -38
49 11 27
49 12 -53
49 13 18
49 14 92
49 16 -43
49 17 -43
49 18 -52
49 19 81
49 20 -4
49 21 13
49 22 68
49 24 55
49 25 33
49 26 -69
49 27 59
49 28 -4
49 29 -100
49 30 76
49 31 94
49 32 96
49 33 8
49 34 -20
49 35 -64
49 36 43
49 38 6
49 39 -11
49 41 -2
49 42 -59
49 43 -87
49 44 -56
49 45 9
49 46 -20
49 47 69
49 48 -28
49 49 41