0 0 4
0 1 -53
0 2 60
0 3 -1
0 4 33
0 5 86
0 6 38
0 7 98
0 8 -70
0 9 7
0 11 -99
0 12 -40
0 13 67
0 14 90
0 15 -97
0 16 -49
0 17 -64
0 18 -38
0 21 42
0 22 7
0 23 2
0 24 -18
0 25 -30
0 26 -61
0 27 67
0 28 49
0 29 88
0 30 -37
0 31 -74
0 32 24
0 33 61
0 34 49
0 35 -30
0 36 -91
0 37 -35
0 38 53
0 39 82
0 40 -40
0 41 -36
0 42 68
0 43 -57
0 44 46
0 45 -57
0 46 -5
0 47 62
0 48 61
0 49 22
1 0 23
1 1 -37
1 2 11
1 3 8
1 4 24
1 5 -45
1 6 -78
1 7 99
1 9 -86
1 10 -96
1 11 -18
1 12 69
1 13 72
1 14 79
1 15 78
1 16 -63
1 17 -69
1 20 41
1 21 77
1 22 79
1 23 43
1 24 -9
1 25 42
1 26 9
1 27 87
1 28 85
1 29 -93
1 30 -12
1 33 -81
1 34 41
1 35 9
1 37 84
1 38 -12
1 39 -13
1 41 -15
1 42 -45
1 43 98
1 44 -66
1 45 47
1 46 -10
1 47 65
1 48 -63
2 0 23
2 1 80
2 2 38
2 3 93
2 4 17
2 5 -11
2 6 78
2 7 -89
2 8 -5
2 9 -1
2 10 -91
2 12 -61
2 13 63
2 14 -33
2 15 51
2 17 -16
2 18 88
2 19 -43
2 21 -15
2 22 -85
2 24 -94
2 25 -50
2 26 17
2 27 -19
2 28 -79
2 29 52
2 30 69
2 31 94
2 33 -44
2 34 6
2 36 -23
2 37 -56
2 38 55
2 39 23
2 40 -48
2 41 -22
2 42 -45
2 44 -53
2 45 8
2 46 -73
2 47 -19
2 48 13
2 49 -84
3 0 -43
3 1 28
3 2 72
3 3 -11
3 4 -97
3 5 88
3 6 61
3 7 -57
3 8 43
3 9 -81
3 10 -70
3 13 9
3 14 5
3 16 -76
3 17 33
3 18 -81
3 19 -100
3 20 19
3 21 -33
3 22 23
3 24 82
3 25 -83
3 27 65
3 28 72
3 29 -99
3 30 -24
3 31 78
3 32 -25
3 33 -28
3 34 17
3 35 84
3 36 82
3 37 -82
3 39 -76
3 40 -88
3 41 35
3 42 -48
3 43 88
3 44 -98
3 45 -9
3 46 76
3 47 -60
3 49 -32
4 0 41
4 1 -78
4 2 -5
4 4 -34
4 5 -97
4 6 -14
4 7 -60
4 8 16
4 9 -61
4 10 -100
4 11 8
4 12 -30
4 13 78
4 14 -79
4 15 -26
4 16 -96
4 17 40
4 18 -36
4 19 10
4 20 -63
4 21 18
4 22 19
4 23 61
4 24 -13
4 25 55
4 26 89
4 27 -39
4 28 60
4 29 61
4 30 -93
4 31 80
4 34 -31
4 35 65
4 36 -13
4 37 -9
4 38 -19
4 40 22
4 42 -6
4 43 52
4 44 -52
4 45 18
4 46 -21
4 47 -95
4 48 -83
4 49 -22
5 0 -8
5 3 40
5 4 39
5 5 33
5 6 -89
5 7 -94
5 8 -77
5 9 -76
5 10 -60
5 11 -88
5 13 17
5 14 73
5 15 -65
5 16 -25
5 17 45
5 18 -99
5 19 46
5 20 -41
5 21 -72
5 22 16
5 24 56
5 25 -83
5 27 80
5 29 33
5 30 17
5 31 -70
5 32 -91
5 34 -73
5 35 -64
5 36 85
5 37 -37
5 38 -100
5 39 -32
5 41 57
5 42 67
5 43 -76
5 44 88
5 45 -88
5 46 -16
5 47 -67
5 48 -38
5 49 54
6 0 60
6 1 45
6 2 -56
6 3 -29
6 4 56
6 5 53
6 7 -13
6 8 -100
6 9 53
6 10 33
6 11 30
6 13 11
6 14 55
6 15 -17
6 16 -28
6 17 32
6 18 -50
6 19 80
6 20 -37
6 21 65
6 22 85
6 24 48
6 27 -16
6 28 20
6 29 -97
6 31 -47
6 32 95
6 34 3
6 35 -17
6 36 -43
6 37 -58
6 39 85
6 40 -94
6 41 28
6 42 -99
6 43 -87
6 45 -20
6 46 -67
6 47 -38
6 49 75
7 0 -84
7 1 52
7 2 83
7 3 49
7 4 -48
7 5 -22
7 6 35
7 7 26
7 8 -51
7 9 -58
7 10 -71
7 11 69
7 13 42
7 14 49
7 15 96
7 16 -15
7 17 -92
7 18 81
7 19 -21
7 21 -22
7 22 56
7 23 -98
7 24 -85
7 25 -1
7 26 31
7 27 -63
7 28 88
7 29 76
7 30 -35
7 31 58
7 33 -81
7 34 -69
7 35 -61
7 36 -57
7 37 68
7 38 -78
7 40 -69
7 41 -74
7 42 -58
7 43 -48
7 45 66
7 47 47
7 48 54
7 49 3
8 1 2
8 2 90
8 3 -17
8 4 81
8 5 46
8 6 39
8 7 -99
8 9 9
8 11 -83
8 12 -73
8 13 -65
8 14 7
8 15 63
8 16 77
8 17 -31
8 18 -29
8 19 -19
8 20 96
8 22 -89
8 23 -30
8 24 -29
8 25 -24
8 27 -37
8 28 -24
8 29 22
8 30 -48
8 31 5
8 32 -29
8 33 97
8 34 4
8 35 -49
8 36 -93
8 37 54
8 38 1
8 39 -94
8 40 100
8 41 -74
8 42 23
8 43 -70
8 44 61
8 45 100
8 46 65
8 47 52
8 48 -38
8 49 2
9 0 -13
9 1 -96
9 2 -56
9 3 -65
9 5 -37
9 6 83
9 7 -76
9 8 -86
9 10 55
9 11 -2
9 12 -52
9 13 89
9 14 -30
9 15 -72
9 16 33
9 17 -39
9 18 19
9 19 -7
9 20 -7
9 21 79
9 22 -76
9 23 15
9 26 -16
9 27 85
9 29 -76
9 30 50
9 31 -60
9 32 98
9 33 -44
9 34 97
9 35 -16
9 36 -14
9 37 93
9 38 93
9 39 13
9 40 1
9 41 -69
9 42 38
9 43 57
9 44 60
9 45 68
9 46 -10
9 47 12
9 48 -37
9 49 52
10 1 35
10 2 -13
10 3 -64
10 4 26
10 5 91
10 6 -6
10 7 -10
10 8 -53
10 10 -36
10 11 -73
10 12 -40
10 13 23
10 14 82
10 15 88
10 16 99
10 18 -81
10 19 93
10 20 10
10 22 -32
10 23 57
10 26 52
10 27 -25
10 28 -18
10 29 -36
10 30 -30
10 32 -53
10 33 91
10 34 16
10 35 -15
10 36 -18
10 37 -94
10 38 88
10 39 -30
10 40 9
10 41 -31
10 42 -100
10 43 27
10 44 42
10 45 -39
10 46 74
10 47 59
10 48 32
10 49 62
11 0 -74
11 1 2
11 3 69
11 4 -80
11 5 -42
11 6 31
11 7 -16
11 8 -67
11 9 44
11 10 -78
11 11 1
11 12 -21
11 13 80
11 14 46
11 15 61
11 16 -81
11 18 -22
11 19 -42
11 20 -99
11 21 11
11 22 37
11 23 -44
11 24 31
11 25 -89
11 26 -28
11 27 3
11 28 -57
11 29 72
11 30 -56
11 31 70
11 32 94
11 33 88
11 34 35
11 35 -95
11 36 69
11 37 15
11 38 92
11 39 -78
11 40 -39
11 41 -26
11 42 91
11 44 80
11 45 -57
11 46 77
11 47 -26
11 48 75
11 49 25
12 0 9
12 1 -60
12 2 66
12 4 -57
12 5 49
12 6 29
12 7 71
12 8 -53
12 9 20
12 10 -84
12 11 37
12 12 -83
12 13 -26
12 14 31
12 16 14
12 17 -17
12 18 4
12 19 90
12 20 55
12 21 -24
12 22 20
12 23 65
12 24 49
12 25 -16
12 28 35
12 29 84
12 30 -56
12 32 -92
12 33 -29
12 34 79
12 35 -82
12 36 -13
12 37 -58
12 38 -15
12 39 11
12 40 -64
12 41 -40
12 42 -70
12 43 -3
12 44 72
12 45 37
12 46 -3
12 48 -55
12 49 -77
13 0 -48
13 1 -20
13 4 -63
13 5 -18
13 6 6
13 8 -18
13 9 -5
13 10 -76
13 11 10
13 12 16
13 13 33
13 14 -48
13 16 -99
13 17 -89
13 18 -45
13 19 46
13 20 76
13 22 -6
13 23 87
13 24 53
13 25 57
13 26 59
13 27 -46
13 28 91
13 29 -36
13 30 -20
13 31 4
13 33 17
13 34 91
13 35 13
13 36 32
13 37 -63
13 38 32
13 39 -87
13 40 73
13 41 48
13 42 6
13 43 74
13 44 -5
13 45 34
13 47 -80
13 48 -47
14 0 -12
14 1 -66
14 3 41
14 4 -68
14 6 -7
14 7 -74
14 8 42
14 11 50
14 12 61
14 13 28
14 14 -74
14 15 -63
14 17 67
14 18 -98
14 19 -5
14 21 30
14 22 -2
14 23 86
14 25 80
14 26 80
14 27 -92
14 28 -72
14 29 -79
14 30 55
14 31 18
14 32 20
14 33 -91
14 34 100
14 35 -36
14 36 -88
14 37 -45
14 38 -19
14 39 93
14 40 22
14 41 17
14 42 -73
14 43 -9
14 44 8
14 45 75
14 46 -69
14 47 11
14 48 -4
14 49 -81
15 0 18
15 1 -3
15 2 44
15 3 34
15 4 -27
15 5 52
15 8 35
15 9 -76
15 10 77
15 11 37
15 13 -21
15 14 -36
15 15 91
15 16 44
15 17 -76
15 18 88
15 19 -78
15 20 -44
15 21 -16
15 22 -73
15 24 -24
15 26 86
15 27 -97
15 28 -71
15 29 7
15 30 10
15 31 -6
15 33 -89
15 35 -13
15 36 72
15 37 -28
15 38 -5
15 39 67
15 40 -13
15 42 40
15 43 -64
15 45 -69
15 47 94
15 48 -32
15 49 -98
16 0 -14
16 1 -33
16 3 31
16 4 58
16 5 9
16 6 57
16 7 -86
16 8 87
16 9 -52
16 10 55
16 11 -5
16 12 -18
16 14 93
16 15 91
16 16 -45
16 17 88
16 18 -73
16 19 -22
16 20 4
16 22 81
16 23 4
16 24 29
16 25 -95
16 26 -40
16 27 -12
16 28 46
16 29 -98
16 30 85
16 31 -33
16 32 -89
16 33 62
16 34 -50
16 35 83
16 36 63
16 37 56
16 39 -47
16 41 -77
16 42 -73
16 43 54
16 44 3
16 45 -48
16 46 -68
16 47 -48
16 48 -38
16 49 74
17 0 -16
17 1 80
17 2 61
17 3 -65
17 4 97
17 6 10
17 7 -36
17 9 27
17 11 -90
17 13 -38
17 14 -30
17 15 -79
17 16 66
17 17 36
17 18 43
17 19 16
17 20 4
17 21 80
17 23 74
17 24 -59
17 25 -30
17 27 12
17 28 5
17 29 88
17 30 78
17 31 63
17 32 21
17 34 1
17 35 -17
17 36 43
17 37 16
17 38 -16
17 41 30
17 42 -10
17 43 7
17 44 75
17 45 55
17 46 69
17 47 -43
17 48 -32
17 49 -57
18 1 21
18 2 99
18 3 34
18 4 23
18 5 38
18 6 -14
18 7 82
18 8 56
18 9 5
18 10 -98
18 11 8
18 12 35
18 14 81
18 15 57
18 17 63
18 18 -15
18 19 -52
18 20 98
18 21 71
18 22 11
18 23 -1
18 24 82
18 25 -77
18 26 -54
18 27 30
18 29 81
18 30 -67
18 31 19
18 32 57
18 33 -96
18 34 -30
18 35 -62
18 36 -74
18 37 21
18 38 55
18 39 -62
18 40 39
18 41 44
18 42 26
18 44 75
18 45 -72
18 46 2
18 47 -2
18 48 -50
18 49 -6
19 3 8
19 4 50
19 5 -45
19 6 -36
19 8 -76
19 9 -78
19 10 58
19 11 79
19 12 43
19 13 -19
19 14 -25
19 15 -2
19 16 56
19 17 79
19 18 74
19 20 89
19 21 -55
19 22 5
19 23 71
19 24 66
19 25 -46
19 26 -45
19 27 -74
19 28 -10
19 29 -69
19 30 -12
19 31 65
19 32 89
19 33 11
19 34 99
19 36 -66
19 37 45
19 38 97
19 39 -52
19 40 -40
19 41 91
19 42 87
19 43 26
19 44 -32
19 45 17
19 46 45
19 47 26
19 48 79
19 49 -85
20 0 -39
20 2 -47
20 3 -3
20 4 -75
20 5 -62
20 6 -50
20 8 -72
20 9 -94
20 10 -13
20 11 66
20 12 -31
20 13 -26
20 14 -31
20 15 74
20 16 -25
20 17 95
20 18 65
20 19 31
20 20 -71
20 21 -87
20 22 94
20 23 -46
20 24 -23
20 25 6
20 27 51
20 28 17
20 29 52
20 31 76
20 32 7
20 34 -25
20 35 -8
20 36 72
20 37 -79
20 38 39
20 39 81
20 41 -92
20 42 -27
20 43 -35
20 44 -27
20 45 96
20 47 -75
20 49 62
21 0 -84
21 1 30
21 2 28
21 3 97
21 4 -79
21 5 42
21 6 -34
21 7 22
21 8 22
21 9 26
21 10 -52
21 11 -54
21 12 -54
21 13 -89
21 14 -18
21 15 58
21 16 -35
21 17 53
21 18 52
21 19 58
21 20 71
21 21 -52
21 22 1
21 23 -78
21 24 13
21 25 -34
21 26 -82
21 27 58
21 28 73
21 29 -28
21 30 -8
21 31 68
21 32 38
21 33 10
21 34 -68
21 35 50
21 36 -40
21 38 -62
21 41 -56
21 42 -63
21 43 -82
21 44 33
21 45 27
21 46 -81
21 47 56
21 48 86
21 49 37
22 0 -32
22 1 54
22 2 45
22 3 -4
22 4 -51
22 6 -38
22 7 -7
22 9 57
22 10 -29
22 11 -92
22 12 -86
22 13 -45
22 14 44
22 15 -84
22 16 -96
22 17 -11
22 18 -79
22 19 -82
22 20 -64
22 21 6
22 22 -50
22 23 54
22 24 -22
22 25 -11
22 27 49
22 29 90
22 30 -84
22 31 -58
22 32 30
22 34 -48
22 35 59
22 36 84
22 37 -26
22 38 -87
22 39 -28
22 41 -5
22 43 38
22 44 -49
22 45 -56
22 46 -78
22 47 64
22 48 63
22 49 48
23 0 -31
23 1 -64
23 2 44
23 3 -100
23 4 -86
23 5 25
23 6 64
23 8 -61
23 9 -8
23 10 33
23 11 16
23 12 59
23 13 -28
23 14 -15
23 15 -86
23 16 -45
23 17 -1
23 18 53
23 19 59
23 20 41
23 21 17
23 22 -21
23 23 73
23 25 57
23 26 -83
23 27 83
23 28 90
23 29 -40
23 30 -9
23 31 18
23 32 -36
23 33 89
23 34 -27
23 35 72
23 36 -49
23 37 62
23 38 95
23 39 -45
23 40 -89
23 41 -100
23 42 -66
23 43 24
23 44 15
23 45 26
23 46 96
23 47 69
23 48 -8
23 49 -20
24 0 -14
24 1 19
24 2 -39
24 3 -26
24 5 -18
24 6 -93
24 7 55
24 8 -58
24 9 -10
24 10 -52
24 11 58
24 12 -23
24 13 -20
24 14 -41
24 15 -56
24 16 47
24 17 95
24 18 -57
24 19 59
24 20 -44
24 21 96
24 22 -33
24 23 -52
24 24 -75
24 25 78
24 26 -77
24 27 33
24 29 50
24 30 -88
24 31 -70
24 33 -96
24 34 68
24 35 -72
24 36 -37
24 37 -47
24 39 -74
24 40 -7
24 41 61
24 42 -39
24 43 31
24 44 20
24 45 62
24 46 93
24 47 -4
24 48 -71
24 49 -49
25 0 -100
25 1 92
25 2 -60
25 3 66
25 4 -93
25 5 59
25 6 -94
25 7 -48
25 8 99
25 9 -19
25 10 9
25 11 -47
25 12 67
25 13 -98
25 14 68
25 15 80
25 16 25
25 17 -84
25 18 -7
25 19 -2
25 20 -83
25 22 76
25 23 93
25 24 78
25 25 -15
25 26 9
25 27 -26
25 28 -73
25 29 76
25 30 31
25 31 57
25 32 70
25 33 22
25 36 -23
25 37 -75
25 38 -55
25 39 26
25 40 14
25 41 -78
25 42 94
25 43 54
25 44 -27
25 45 -49
25 47 52
25 48 24
25 49 52
26 0 -9
26 1 3
26 2 -61
26 3 71
26 4 -17
26 5 21
26 6 -70
26 7 -73
26 8 64
26 9 -95
26 11 67
26 12 22
26 13 32
26 14 -52
26 15 24
26 16 4
26 17 -25
26 18 -38
26 19 -81
26 20 -79
26 22 -72
26 23 -14
26 24 12
26 25 78
26 26 82
26 27 49
26 28 -44
26 30 -44
26 33 -67
26 34 -11
26 35 86
26 36 84
26 37 21
26 38 79
26 39 -96
26 40 -67
26 41 -99
26 42 -12
26 43 -75
26 44 76
26 45 -40
26 47 -8
26 49 -61
27 0 -46
27 1 57
27 2 28
27 3 89
27 4 11
27 5 -56
27 6 75
27 7 90
27 8 -66
27 9 85
27 10 -88
27 13 49
27 14 42
27 15 -60
27 16 81
27 17 38
27 18 -43
27 19 -3
27 20 28
27 21 -17
27 22 100
27 23 -75
27 24 -38
27 25 -5
27 26 -35
27 28 68
27 29 -26
27 30 52
27 31 24
27 32 -79
27 34 77
27 35 -37
27 36 -22
27 37 83
27 38 88
27 39 22
27 40 17
27 41 -98
27 43 -60
27 44 -73
27 46 -95
27 47 16
27 48 82
27 49 45
28 0 23
28 1 -59
28 4 -85
28 5 -95
28 7 47
28 8 -44
28 9 -60
28 10 94
28 12 -88
28 13 45
28 14 86
28 15 64
28 16 -22
28 17 61
28 18 -81
28 19 -88
28 23 -36
28 24 -82
28 25 -62
28 26 11
28 27 8
28 28 -88
28 29 -12
28 30 -86
28 31 86
28 32 -17
28 33 88
28 34 46
28 35 6
28 36 -56
28 37 -57
28 38 5
28 39 -61
28 40 17
28 41 -65
28 42 34
28 43 -33
28 44 -44
28 46 -87
28 47 91
28 48 17
29 1 78
29 2 77
29 3 76
29 4 96
29 5 -11
29 6 23
29 7 85
29 8 -6
29 9 88
29 11 -63
29 12 88
29 13 -30
29 14 -78
29 15 -69
29 16 66
29 17 -71
29 18 90
29 19 44
29 20 -56
29 21 36
29 23 -72
29 24 -42
29 25 -43
29 26 76
29 27 62
29 28 70
29 29 -79
29 30 -43
29 31 -45
29 32 -88
29 33 -69
29 34 94
29 35 -37
29 36 60
29 37 -43
29 38 -8
29 40 -77
29 41 39
29 42 87
29 44 -20
29 45 35
29 46 -85
29 47 -36
30 0 -72
30 1 -79
30 2 94
30 3 -87
30 4 97
30 5 80
30 6 -44
30 7 -76
30 8 -92
30 9 -29
30 10 32
30 11 1
30 12 69
30 13 -40
30 14 2
30 16 -27
30 17 -28
30 18 -78
30 19 66
30 20 29
30 21 -100
30 22 -11
30 23 56
30 24 -24
30 25 78
30 26 -42
30 27 -17
30 29 100
30 31 84
30 32 -38
30 33 69
30 34 90
30 35 86
30 36 -16
30 37 66
30 38 -21
30 39 -81
30 40 -72
30 41 67
30 42 -57
30 43 -25
30 44 56
30 45 17
30 46 -97
30 47 -14
30 48 -96
30 49 -40
31 0 -1
31 2 2
31 3 83
31 4 90
31 5 20
31 6 17
31 7 93
31 8 -73
31 9 -69
31 11 -21
31 12 53
31 13 76
31 14 -21
31 15 63
31 16 19
31 17 89
31 18 77
31 19 91
31 20 96
31 21 29
31 22 42
31 23 62
31 24 100
31 25 67
31 26 -48
31 27 -66
31 28 -41
31 29 -54
31 30 -19
31 32 97
31 33 13
31 34 -40
31 35 -46
31 36 66
31 37 44
31 38 1
31 39 30
31 40 -24
31 42 41
31 43 7
31 44 98
31 45 94
31 46 -41
31 47 -92
31 48 -92
31 49 -79
32 0 53
32 1 19
32 2 59
32 3 59
32 5 -75
32 8 -24
32 9 18
32 10 79
32 11 13
32 12 50
32 13 11
32 14 96
32 15 -14
32 16 15
32 18 65
32 19 -52
32 20 2
32 21 75
32 22 32
32 23 -56
32 24 77
32 25 57
32 26 -55
32 27 -8
32 28 2
32 29 -15
32 30 43
32 33 -47
32 34 73
32 35 87
32 36 53
32 38 30
32 39 -95
32 40 12
32 41 -27
32 42 22
32 43 42
32 44 66
32 45 -66
32 46 40
32 47 -47
32 48 23
32 49 -24
33 0 -13
33 1 -92
33 2 -87
33 3 -51
33 4 26
33 5 10
33 6 54
33 7 38
33 8 -47
33 10 -51
33 11 -9
33 12 31
33 13 16
33 14 57
33 15 77
33 16 20
33 17 -78
33 18 -49
33 19 -93
33 20 40
33 21 32
33 22 8
33 23 -97
33 24 -85
33 25 -63
33 26 -64
33 27 -92
33 29 -85
33 30 20
33 32 62
33 33 -79
33 34 22
33 35 8
33 37 20
33 38 -24
33 39 11
33 40 96
33 41 9
33 42 -65
33 44 -50
33 45 18
33 46 -87
33 47 72
33 49 21
34 0 -97
34 1 21
34 2 68
34 4 98
34 5 -21
34 6 -56
34 7 88
34 9 18
34 11 62
34 12 65
34 13 18
34 14 68
34 15 -33
34 16 -33
34 17 -39
34 19 -27
34 21 -33
34 22 -53
34 23 -84
34 24 78
34 26 74
34 27 49
34 28 -91
34 29 66
34 30 99
34 31 -57
34 32 -59
34 33 33
34 35 5
34 36 -51
34 37 -26
34 38 11
34 39 -33
34 40 36
34 41 10
34 42 -33
34 43 48
34 44 -98
34 45 -47
34 46 69
34 47 -62
34 48 37
34 49 -2
35 0 -60
35 1 -97
35 2 75
35 3 -50
35 5 -27
35 6 99
35 7 -14
35 9 91
35 10 -30
35 12 71
35 13 31
35 14 -49
35 15 -8
35 16 31
35 17 -13
35 18 49
35 19 75
35 20 12
35 21 54
35 22 -3
35 23 -83
35 24 58
35 25 -97
35 26 84
35 27 -54
35 28 91
35 29 -46
35 30 -41
35 31 74
35 32 -12
35 33 48
35 34 -21
35 35 -48
35 36 80
35 37 -55
35 38 30
35 39 -95
35 40 33
35 41 82
35 42 25
35 43 25
35 44 -40
35 45 -15
35 46 -43
35 47 45
35 49 36
36 0 -84
36 1 87
36 2 -6
36 3 -32
36 4 -38
36 6 96
36 7 -66
36 8 11
36 9 -44
36 10 -83
36 11 7
36 12 -56
36 13 66
36 14 29
36 15 64
36 16 -82
36 17 -8
36 18 53
36 19 90
36 20 -21
36 21 63
36 22 -80
36 23 -100
36 24 5
36 25 -10
36 26 -62
36 28 -77
36 29 52
36 30 27
36 31 -1
36 32 17
36 33 66
36 34 -32
36 36 -89
36 37 91
36 38 -100
36 39 -67
36 40 43
36 41 -32
36 43 -72
36 44 59
36 45 27
36 46 46
36 47 1
36 48 97
36 49 14
37 0 57
37 1 88
37 2 51
37 3 -36
37 4 32
37 5 94
37 6 94
37 7 -83
37 8 53
37 10 52
37 11 -10
37 12 33
37 13 38
37 14 64
37 16 85
37 17 20
37 18 -39
37 19 -21
37 20 -90
37 21 90
37 22 86
37 23 1
37 25 -45
37 26 81
37 27 -100
37 28 15
37 29 -24
37 30 75
37 31 -28
37 32 -54
37 33 -32
37 34 3
37 35 33
37 36 -12
37 37 4
37 38 -50
37 39 37
37 40 51
37 41 56
37 42 100
37 43 44
37 44 13
37 45 9
37 46 -87
37 47 86
37 49 -13
38 1 78
38 2 -91
38 3 72
38 4 -59
38 5 -41
38 6 9
38 7 -24
38 8 75
38 9 -79
38 10 1
38 11 -66
38 12 -58
38 13 50
38 14 -66
38 15 5
38 16 -56
38 17 -36
38 18 -75
38 19 89
38 20 -93
38 22 73
38 23 65
38 24 43
38 25 84
38 26 14
38 27 -89
38 29 50
38 30 -61
38 31 9
38 32 -42
38 33 26
38 35 8
38 36 -95
38 37 21
38 38 -3
38 39 38
38 40 48
38 41 -73
38 42 -10
38 43 64
38 44 83
38 45 -26
38 46 -11
38 47 71
38 48 25
38 49 83
39 1 24
39 2 22
39 3 96
39 4 75
39 5 -69
39 6 -3
39 7 98
39 8 12
39 9 -25
39 10 -17
39 11 -48
39 12 -97
39 13 12
39 14 -78
39 15 6
39 17 -35
39 18 -99
39 19 -48
39 20 -57
39 21 -12
39 22 87
39 23 -96
39 24 -16
39 25 29
39 26 -88
39 27 -35
39 28 -42
39 29 -60
39 30 41
39 31 73
39 32 -9
39 35 -7
39 36 -65
39 37 -91
39 40 -24
39 41 -55
39 43 96
39 44 29
39 45 -49
39 46 -57
39 47 -89
39 48 -59
39 49 -85
40 0 58
40 1 71
40 2 -4
40 4 38
40 5 46
40 6 100
40 7 -95
40 8 59
40 10 56
40 12 -31
40 15 53
40 16 -77
40 18 -93
40 20 -89
40 22 22
40 23 37
40 24 -92
40 26 -56
40 27 -74
40 28 -11
40 29 -45
40 30 61
40 31 -4
40 32 -57
40 33 -95
40 34 -24
40 35 4
40 36 39
40 37 81
40 38 -44
40 39 -30
40 41 63
40 42 6
40 43 72
40 44 14
40 45 75
40 46 -41
40 47 91
40 48 37
40 49 -45
41 0 -86
41 1 -52
41 2 13
41 3 74
41 4 -83
41 5 99
41 6 8
41 7 96
41 10 -5
41 12 56
41 13 9
41 14 39
41 15 -68
41 17 -98
41 18 86
41 19 4
41 20 54
41 21 27
41 23 -26
41 24 -86
41 25 81
41 26 -4
41 27 45
41 29 -50
41 30 -2
41 31 -77
41 32 -18
41 33 -33
41 34 37
41 35 -10
41 36 -99
41 37 -4
41 38 -11
41 39 27
41 41 32
41 42 54
41 43 77
41 44 99
41 45 -24
41 47 8
41 48 -59
41 49 44
42 0 -2
42 2 34
42 5 -77
42 6 -50
42 7 -3
42 8 -37
42 9 -22
42 10 -99
42 11 -61
42 12 13
42 13 63
42 14 -82
42 15 21
42 16 -5
42 17 86
42 18 72
42 19 -12
42 20 -75
42 21 -87
42 22 -30
42 23 -80
42 24 9
42 25 -43
42 26 39
42 27 -38
42 28 59
42 29 -64
42 30 92
42 31 -21
42 32 57
42 33 -18
42 34 31
42 35 -100
42 36 -57
42 37 -55
42 38 76
42 40 -9
42 41 15
42 42 -67
42 43 -19
42 44 2
42 45 34
42 46 20
42 48 -20
42 49 -6
43 0 32
43 1 -62
43 2 92
43 3 -53
43 4 26
43 5 -42
43 6 88
43 8 40
43 9 31
43 10 15
43 11 18
43 12 -47
43 13 -43
43 14 -23
43 15 -54
43 16 77
43 17 81
43 18 -85
43 19 18
43 20 42
43 21 -1
43 22 46
43 23 -99
43 24 -81
43 26 -66
43 27 85
43 29 -24
43 30 81
43 31 56
43 32 -19
43 33 3
43 34 -24
43 35 91
43 36 50
43 37 8
43 38 -25
43 39 -93
43 40 71
43 41 -28
43 42 -59
43 44 -20
43 45 65
43 46 12
43 47 -67
43 48 28
44 0 7
44 1 79
44 3 69
44 4 -46
44 5 -26
44 6 37
44 7 -1
44 8 -93
44 9 -6
44 10 46
44 11 -68
44 12 48
44 13 -84
44 14 -93
44 15 6
44 16 75
44 17 57
44 18 14
44 19 -40
44 20 -79
44 21 18
44 22 -36
44 23 -90
44 24 -31
44 25 -48
44 26 87
44 27 -45
44 29 -44
44 30 -35
44 31 82
44 32 98
44 33 -6
44 34 -38
44 35 -22
44 36 -72
44 37 -98
44 38 -88
44 41 -10
44 42 72
44 43 -36
44 44 -71
44 45 74
44 46 -61
44 48 16
44 49 -29
45 1 71
45 3 91
45 4 -60
45 6 -25
45 7 61
45 8 -40
45 9 -5
45 10 96
45 11 -16
45 12 -43
45 13 -26
45 15 -27
45 16 -76
45 17 -57
45 18 -11
45 19 -70
45 20 -36
45 21 -67
45 23 47
45 24 -80
45 25 62
45 26 97
45 27 -5
45 28 6
45 29 61
45 30 22
45 31 69
45 32 54
45 33 24
45 34 56
45 35 44
45 36 -82
45 37 62
45 38 -50
45 41 -19
45 42 -10
45 43 80
45 44 75
45 45 6
45 46 -89
45 47 52
45 48 3
45 49 43
46 0 53
46 1 14
46 2 -49
46 3 74
46 4 72
46 5 99
46 6 93
46 7 -75
46 8 -13
46 9 53
46 10 96
46 11 -31
46 12 90
46 13 27
46 14 69
46 15 57
46 16 -76
46 17 -80
46 18 -54
46 19 52
46 20 -63
46 21 -12
46 22 -4
46 24 80
46 25 -26
46 26 -22
46 27 58
46 28 59
46 29 -72
46 30 52
46 32 52
46 33 -55
46 34 -84
46 35 16
46 36 4
46 37 -58
46 39 -27
46 40 41
46 41 -95
46 42 90
46 44 85
46 47 -89
46 48 -14
46 49 52
47 0 -47
47 1 -24
47 2 -81
47 3 -35
47 4 -50
47 5 30
47 6 88
47 7 -55
47 9 65
47 11 61
47 12 72
47 14 -2
47 15 -37
47 16 23
47 17 58
47 18 80
47 19 16
47 20 56
47 23 -97
47 25 48
47 26 98
47 28 47
47 29 -100
47 30 -70
47 31 -99
47 32 -67
47 33 45
47 34 -78
47 35 66
47 36 -93
47 37 27
47 38 65
47 40 58
47 41 40
47 43 94
47 44 44
47 45 -69
47 46 -7
47 47 -15
47 48 -31
48 1 37
48 2 -9
48 3 -10
48 4 26
48 5 29
48 6 -73
48 7 5
48 8 -73
48 9 -56
48 10 80
48 11 49
48 12 -23
48 13 -89
48 14 -49
48 16 3
48 17 63
48 18 -11
48 19 -45
48 20 21
48 21 -56
48 22 -8
48 23 66
48 24 96
48 25 -35
48 26 23
48 27 19
48 28 -82
48 29 -56
48 30 46
48 31 28
48 32 -98
48 33 -18
48 34 49
48 35 57
48 36 50
48 37 48
48 38 -35
48 39 71
48 40 8
48 41 6
48 43 -22
48 44 -36
48 46 -98
48 47 99
48 48 -92
48 49 71
49 0 -81
49 1 -24
49 3 63
49 4 79
49 5 44
49 6 80
49 7 -30
49 8 -42
49 10 -63
49 11 11
49 12 81
49 13 -81
49 14 -1
49 15 -89
49 16 20
49 17 20
49 18 11
49 19 -12
49 20 3
49 21 -14
49 22 -45
49 23 -67
49 24 -30
49 25 83
49 26 -43
49 27 4
49 29 93
49 30 13
49 31 73
49 32 58
49 33 -49
49 34 -17
49 35 88
49 36 43
49 37 -40
49 38 39
49 39 25
49 40 -42
49 41 3
49 42 -39
49 43 -58
49 44 -14
49 45 28
49 46 76
49 47 -60
49 48 -61
49 49 -72