0 0 -58
1 0 54
2 0 -84
4 0 96
5 0 -15
6 0 -18
7 0 39
8 0 -60
9 0 -45
10 0 -91
11 0 73
12 0 50
14 0 -73
15 0 86
16 0 36
17 0 41
18 0 91
19 0 -37
20 0 20
21 0 9
22 0 98
23 0 39
24 0 79
25 0 -59
26 0 66
27 0 -43
28 0 -28
30 0 12
31 0 56
32 0 25
33 0 -40
35 0 -19
36 0 66
37 0 83
38 0 38
40 0 -77
41 0 -68
42 0 -78
43 0 -47
44 0 74
45 0 -5
46 0 37
47 0 98
48 0 6
49 0 -83
50 0 47
51 0 -82
52 0 68
53 0 94
54 0 74
56 0 62
57 0 -39
58 0 -12
59 0 -27
61 0 100
62 0 60
63 0 39
64 0 83
65 0 89
67 0 9
70 0 -54
71 0 97
72 0 -43
73 0 -1
74 0 -81
75 0 -89
76 0 55
77 0 -89
78 0 -15
79 0 -84
81 0 -30
82 0 -32
84 0 -27
85 0 -78
86 0 49
87 0 -23
88 0 8
89 0 28
92 0 -99
93 0 12
94 0 -22
95 0 -10
96 0 -18
97 0 -93
98 0 -18
99 0 69