0 0 -53
1 0 -29
2 0 -99
3 0 16
5 0 74
7 0 58
8 0 7
9 0 24
10 0 38
12 0 -10
13 0 9
14 0 -45
17 0 18
18 0 32
19 0 51
20 0 13
21 0 88
22 0 55
23 0 16
24 0 78
25 0 68
26 0 -90
28 0 18
29 0 47
30 0 -8
31 0 8
32 0 -8
34 0 66
35 0 6
36 0 90
37 0 -93
38 0 -67
39 0 40
40 0 39
41 0 98
42 0 65
43 0 82
44 0 -98
45 0 42
46 0 71
47 0 6
49 0 92
50 0 -1
51 0 56
52 0 28
54 0 80
55 0 -92
56 0 54
57 0 -20
59 0 -41
61 0 97
62 0 66
63 0 -18
64 0 -6
65 0 83
66 0 85
67 0 9
68 0 43
69 0 -83
71 0 58
72 0 91
73 0 19
74 0 70
75 0 -75
76 0 -76
77 0 -33
78 0 1
79 0 48
80 0 34
81 0 77
82 0 -32
83 0 -86
84 0 70
86 0 55
87 0 86
88 0 -80
89 0 -50
90 0 -93
91 0 -57
92 0 -65
93 0 34
95 0 -61
96 0 80
97 0 -13
98 0 -19
99 0 -31
100 0 39
101 0 -49
102 0 22
103 0 19
104 0 -90
105 0 -48
106 0 97
107 0 28
108 0 -24
109 0 -96
111 0 -55
112 0 -18
113 0 -17
114 0 -4
115 0 -76
116 0 -13
117 0 -57
118 0 43
119 0 -71
120 0 -64
121 0 65
122 0 -81
123 0 -73
124 0 -42
126 0 -5
127 0 5
130 0 -89
131 0 46
132 0 -13
133 0 12
135 0 38
137 0 97
138 0 70
139 0 -63
140 0 -85
141 0 11
142 0 44
143 0 35
144 0 -18
145 0 -65
146 0 55
147 0 -81
148 0 -34
149 0 -31