0 0 -84
3 0 13
4 0 -54
5 0 48
9 0 -60
11 0 33
12 0 -27
14 0 -5
15 0 76
16 0 84
18 0 -97
19 0 -11
20 0 50
21 0 71
22 0 99
24 0 -94
27 0 -5
28 0 50
30 0 -19
32 0 67
33 0 70
34 0 -6
35 0 26
36 0 -93
37 0 -75
39 0 -6
40 0 64
43 0 85
44 0 -60
47 0 -73
49 0 -43
50 0 97
51 0 -60
52 0 4
53 0 83
55 0 -37
57 0 -41
58 0 -62
59 0 54
60 0 57
62 0 -38
63 0 -2
64 0 -38
65 0 13
66 0 -67
68 0 -26
69 0 -5
71 0 -5
72 0 -43
73 0 2
75 0 -13
76 0 -80
77 0 90
78 0 -19
79 0 70
80 0 21
82 0 -87
83 0 4
84 0 49
85 0 -90
87 0 -33
88 0 -49
89 0 37
90 0 -66
92 0 7
93 0 -2
94 0 -43
97 0 6
98 0 -74
99 0 89
101 0 19
102 0 -17
103 0 95
104 0 59
105 0 -100
106 0 73
107 0 -1
111 0 35
112 0 47
113 0 -9
114 0 -38
115 0 -78
116 0 99
117 0 33
119 0 -100
121 0 -19
122 0 -78
123 0 83
124 0 9
125 0 76
126 0 97
127 0 52
130 0 26
131 0 94
133 0 24
134 0 -49
135 0 80
136 0 -17
137 0 23
138 0 -83
140 0 -47
142 0 -69
143 0 87
144 0 9
145 0 -10
146 0 21
147 0 -93
148 0 87