0 0 59
1 0 -34
2 0 -55
3 0 -17
4 0 -20
5 0 -69
6 0 -8
7 0 -34
8 0 -62
9 0 -44
10 0 38
11 0 -41
12 0 -31
13 0 -87
14 0 -18
15 0 70
16 0 85
17 0 6
18 0 -42
19 0 -37
20 0 36
21 0 62
22 0 -53
23 0 -68
24 0 -41
25 0 -28
26 0 89
27 0 52
28 0 -89
29 0 -47
30 0 -31
31 0 -55
32 0 -6
33 0 -26
34 0 29
35 0 -77
36 0 -77
37 0 -80
38 0 -84
39 0 -32
40 0 -78
41 0 -25
42 0 -28
43 0 -36
44 0 -17
45 0 -83
46 0 -17
47 0 100
48 0 -68
49 0 -99
50 0 -5
51 0 -86
52 0 40
53 0 68
54 0 -7
55 0 -46
56 0 20
57 0 -32
58 0 85
59 0 -78
60 0 -23
61 0 92
62 0 -62
63 0 75
64 0 42
65 0 74
66 0 -32
67 0 74
68 0 100
69 0 -75
70 0 -94
71 0 -45
72 0 38
73 0 85
74 0 44
75 0 90
76 0 -95
77 0 53
78 0 -31
79 0 30
80 0 58
81 0 90
82 0 -13
83 0 100
84 0 -27
85 0 -38
86 0 -60
87 0 -13
88 0 12
89 0 -97
90 0 96
91 0 39
92 0 -75
93 0 34
94 0 44
95 0 -6
96 0 9
97 0 -49
98 0 -95
99 0 -51
100 0 34
101 0 -82
102 0 -29
103 0 44
104 0 -19
105 0 -42
106 0 -75
107 0 4
108 0 -55
109 0 38
110 0 15
111 0 -82
112 0 84
113 0 -7
114 0 -67
115 0 28
116 0 -72
117 0 95
118 0 44
119 0 -11
120 0 -29
121 0 99
122 0 10
123 0 -48
124 0 23
125 0 -10
126 0 47
127 0 -71
128 0 94
129 0 -35
130 0 -86
131 0 39
132 0 67
133 0 -56
134 0 2
135 0 43
136 0 -5
137 0 -86
138 0 -73
139 0 -8
140 0 -12
141 0 74
142 0 -12
143 0 55
144 0 81
145 0 4
146 0 -93
147 0 -77
148 0 -55
149 0 -90