0 0 -90
3 0 70
4 0 -55
5 0 84
6 0 96
7 0 49
8 0 -49
9 0 88
11 0 17
12 0 -27
15 0 37
16 0 41
17 0 3
18 0 96
21 0 14
23 0 -52
24 0 -6
25 0 -49
28 0 79
29 0 80
30 0 -58
31 0 48
35 0 -3
36 0 73
37 0 -6
38 0 -95
39 0 86
41 0 17
44 0 99
46 0 -13
48 0 -34
49 0 -64
50 0 -6
51 0 -29
52 0 15
54 0 -85
61 0 32
62 0 -38
63 0 22
64 0 -92
66 0 44
69 0 78
70 0 51
71 0 59
72 0 -3
74 0 -91
75 0 49
76 0 -50
77 0 -48
79 0 37
82 0 79
83 0 44
84 0 63
86 0 -93
87 0 75
88 0 -33
89 0 -78
92 0 44
93 0 97
95 0 -63
97 0 -43
99 0 66
100 0 65
101 0 7
102 0 -48
106 0 -34
110 0 -52
112 0 -9
114 0 22
118 0 21
119 0 -2
122 0 -91
123 0 -57
125 0 -50
126 0 49
128 0 -77
135 0 86
136 0 -84
137 0 54
140 0 58
141 0 -14
142 0 76
143 0 7
144 0 77
145 0 -57
147 0 58
148 0 70