1 0 -26
2 0 46
3 0 77
4 0 28
5 0 75
6 0 18
7 0 -53
8 0 -80
9 0 73
10 0 44
11 0 -79
12 0 -39
13 0 22
14 0 -91
16 0 -87
17 0 100
20 0 100
22 0 -58
23 0 6
24 0 -69
26 0 -82
27 0 67
28 0 38
29 0 -86
31 0 -24
32 0 6
34 0 52
35 0 -35
36 0 61
37 0 53
38 0 7
41 0 -29
42 0 21
43 0 -77
44 0 -82
46 0 55
47 0 24
50 0 -62
51 0 77
52 0 9
53 0 -33
55 0 -5
57 0 -66
60 0 -79
61 0 9
62 0 -73
63 0 8
65 0 86
66 0 80
67 0 18
68 0 -78
69 0 -51
70 0 -35
71 0 41
72 0 -11
73 0 92
74 0 97
75 0 -79
76 0 -15
77 0 49
78 0 79
79 0 20
80 0 -26
82 0 -29
83 0 -15
84 0 -21
85 0 -13
86 0 -72
87 0 17
88 0 71
89 0 28
90 0 6
91 0 -72
92 0 99
94 0 38
98 0 -14
99 0 -71