0 0 -52
1 0 -72
2 0 25
3 0 -5
4 0 -32
7 0 51
8 0 -6
9 0 -69
10 0 87
11 0 13
12 0 -21
13 0 80
14 0 42
15 0 -10
16 0 41
17 0 16
19 0 61
20 0 79
21 0 -37
22 0 91
23 0 57
24 0 27
25 0 -71
26 0 22
27 0 59
28 0 91
29 0 -18
30 0 -19
31 0 91
32 0 -14
33 0 -15
34 0 -64
35 0 26
36 0 50
37 0 -81
38 0 -77
39 0 -3
40 0 -49
41 0 24
42 0 -69
44 0 23
45 0 -98
46 0 84
47 0 -27
48 0 17
49 0 93
50 0 -81
51 0 -29
53 0 6
54 0 39
55 0 93
56 0 -76
57 0 -19
58 0 -69
62 0 76
63 0 64
64 0 5
65 0 -84
66 0 53
67 0 66
68 0 98
70 0 -66
71 0 46
72 0 -83
73 0 85
74 0 50
75 0 53
76 0 9
77 0 38
78 0 62
79 0 -60
80 0 -12
82 0 -92
83 0 41
84 0 -38
85 0 -1
86 0 -43
87 0 80
88 0 -81
89 0 -36
90 0 7
91 0 48
92 0 26
93 0 -81
94 0 -11
95 0 -36
96 0 -50
97 0 32
98 0 72
99 0 -30
100 0 23
101 0 -69
102 0 -90
103 0 -54
104 0 40
105 0 91
106 0 -74
107 0 -54
108 0 88
109 0 47
111 0 44
112 0 92
113 0 -57
114 0 -7
115 0 -8
116 0 50
117 0 7
118 0 -16
119 0 53
120 0 85
121 0 -55
122 0 40
123 0 19
124 0 27
125 0 -89
127 0 28
129 0 83
130 0 84
133 0 20
134 0 100
136 0 -78
137 0 37
138 0 49
139 0 88
141 0 -34
142 0 -63
143 0 42
144 0 33
145 0 -84
146 0 97
147 0 -64
148 0 47
149 0 -5