0 0 -72
1 0 -64
3 0 24
6 0 -57
7 0 78
8 0 10
9 0 9
11 0 -23
13 0 42
15 0 -14
17 0 72
18 0 -96
19 0 -37
23 0 -43
25 0 -80
26 0 31
27 0 -68
28 0 22
29 0 20
32 0 69
33 0 80
38 0 -93
39 0 66
41 0 -75
44 0 -9
48 0 -52
50 0 85
51 0 66
52 0 -67
54 0 3
57 0 -79
58 0 28
60 0 -10
61 0 -21
64 0 31
66 0 18
67 0 -85
68 0 86
69 0 89
70 0 58
71 0 -85
72 0 57
73 0 -73
75 0 1
76 0 99
77 0 72
78 0 86
84 0 -80
85 0 -83
86 0 24
89 0 63
91 0 41
92 0 1
93 0 -38
96 0 100
97 0 71
99 0 -5
101 0 -80
102 0 1
103 0 -55
104 0 91
105 0 97
106 0 -99
108 0 -57
113 0 -13
116 0 43
117 0 -63
118 0 -24
125 0 -35
127 0 -71
128 0 -10
130 0 -37
131 0 -62
135 0 -10
137 0 -78
138 0 -72
139 0 -76
142 0 -5
143 0 -49
144 0 19
145 0 -86