0 0 -80
1 0 -86
2 0 99
3 0 -98
5 0 -53
6 0 36
7 0 1
8 0 -84
9 0 -60
10 0 44
11 0 38
12 0 -98
13 0 42
14 0 57
15 0 93
16 0 72
17 0 6
18 0 -74
19 0 -60
20 0 -15
22 0 -70
23 0 -94
24 0 -82
25 0 66
26 0 -3
27 0 -37
28 0 100
29 0 -48
30 0 -98
31 0 -12
32 0 -23
33 0 23
34 0 -81
36 0 50
37 0 73
40 0 44
41 0 28
42 0 12
43 0 18
44 0 -44
45 0 9
46 0 29
47 0 -64
48 0 57
49 0 43
50 0 24
51 0 8
52 0 35
53 0 16
54 0 -79
55 0 -46
56 0 -39
57 0 -58
59 0 -61
60 0 59
61 0 -68
62 0 42
63 0 14
64 0 52
65 0 -49
66 0 43
67 0 33
68 0 -68
69 0 -35
71 0 83
73 0 -36
74 0 -52
75 0 15
76 0 -79
77 0 42
78 0 86
79 0 -8
80 0 33
81 0 -92
82 0 72
83 0 88
84 0 -60
85 0 -55
86 0 -76
87 0 -63
88 0 -96
89 0 -46
90 0 62
91 0 -50
92 0 -5
93 0 86
94 0 31
95 0 -41
96 0 61
97 0 -61
98 0 69
99 0 57
100 0 -33
101 0 -62
102 0 -50
103 0 43
104 0 -40
105 0 77
106 0 -83
107 0 4
108 0 -96
109 0 -60
111 0 32
112 0 56
113 0 -31
114 0 8
115 0 9
116 0 66
117 0 35
118 0 22
119 0 -65
120 0 -83
121 0 -5
122 0 87
123 0 91
124 0 76
125 0 -43
126 0 6
127 0 92
128 0 69
129 0 -6
130 0 -95
131 0 85
132 0 -33
133 0 6
134 0 34
135 0 56
136 0 -70
137 0 -27
138 0 86
139 0 80
140 0 -84
141 0 -6
142 0 -35
143 0 -34
144 0 49
146 0 2
147 0 32
149 0 42