0 0 -39
1 0 -52
3 0 16
4 0 49
5 0 -17
6 0 76
7 0 76
8 0 14
9 0 64
10 0 -16
11 0 -56
13 0 37
14 0 -17
15 0 82
16 0 -95
18 0 68
19 0 13
20 0 -98
21 0 100
22 0 79
23 0 -67
25 0 36
26 0 -55
27 0 46
28 0 -73
29 0 36
30 0 -12
31 0 35
32 0 58
33 0 54
34 0 -84
35 0 63
36 0 49
37 0 -66
38 0 -30
40 0 74
41 0 -83
42 0 -20
43 0 -95
44 0 -67
45 0 66
46 0 -21
47 0 28
48 0 37
50 0 82
51 0 -1
52 0 33
54 0 -24
55 0 -81
56 0 39
57 0 35
58 0 -72
59 0 14
60 0 -8
61 0 99
62 0 79
63 0 39
65 0 -52
66 0 -84
67 0 20
68 0 49
69 0 94
71 0 34
73 0 -74
74 0 -64
75 0 44
76 0 -16
77 0 50
78 0 -44
79 0 66
80 0 -76
81 0 71
82 0 25
83 0 79
84 0 -52
85 0 -95
87 0 20
88 0 49
89 0 -30
90 0 -2
92 0 10
93 0 -63
94 0 46
95 0 -89
96 0 27
98 0 -25
99 0 29