1 0 39
2 0 -72
3 0 -14
4 0 7
5 0 -15
6 0 -77
8 0 -29
10 0 -29
11 0 33
12 0 -5
15 0 93
16 0 -8
17 0 18
18 0 52
19 0 -3
20 0 11
21 0 47
23 0 2
26 0 -86
27 0 36
28 0 5
29 0 -37
30 0 82
31 0 92
34 0 -4
35 0 -45
36 0 -41
37 0 -51
39 0 -3
40 0 -13
42 0 52
44 0 97
48 0 -29
49 0 96
51 0 30
52 0 50
53 0 -49
54 0 -72
56 0 59
60 0 -45
64 0 29
66 0 42
67 0 -99
69 0 21
70 0 -46
71 0 29
73 0 69
74 0 -84
76 0 8
77 0 77
79 0 -2
82 0 18
84 0 81
86 0 -11
87 0 17
88 0 -19
90 0 91
91 0 75
93 0 -66
94 0 68
99 0 -40
102 0 19
103 0 16
105 0 -27
107 0 45
108 0 -42
109 0 -49
110 0 -15
111 0 59
112 0 79
116 0 69
119 0 10
121 0 25
122 0 -82
123 0 92
124 0 36
125 0 11
127 0 -97
128 0 57
129 0 97
130 0 -5
131 0 29
132 0 57
134 0 -81
137 0 10
139 0 -70
140 0 -71
141 0 -85
143 0 89
144 0 -40
145 0 -13
146 0 -7
147 0 39
148 0 -29