0 0 85
1 0 -96
3 0 -59
4 0 -85
5 0 88
7 0 -99
8 0 -59
9 0 51
10 0 -3
11 0 -63
16 0 -83
18 0 66
19 0 87
21 0 11
22 0 69
24 0 18
26 0 -12
27 0 -66
28 0 21
29 0 -91
30 0 17
36 0 -82
37 0 -15
41 0 76
42 0 22
43 0 21
45 0 -35
46 0 -85
47 0 44
48 0 24
49 0 -96
52 0 43
54 0 61
55 0 83
56 0 -9
58 0 -99
60 0 -65
61 0 35
64 0 -37
65 0 -51
67 0 36
68 0 -34
70 0 73
71 0 -95
75 0 90
78 0 52
81 0 -84
82 0 -36
85 0 20
86 0 -80
87 0 21
88 0 27
90 0 -18
91 0 4
95 0 34
96 0 -63
97 0 -78
98 0 -43
99 0 85
100 0 -29
102 0 -85
103 0 -20
104 0 -96
105 0 56
106 0 46
108 0 42
109 0 21
113 0 33
115 0 7
117 0 -54
118 0 35
119 0 23
120 0 -30
121 0 87
122 0 -76
124 0 -59
127 0 -8
128 0 -10
129 0 -26
130 0 -18
131 0 85
133 0 40
134 0 -78
135 0 71
136 0 2
137 0 82
138 0 47
142 0 -75
144 0 3
145 0 -71
146 0 5
148 0 38
149 0 97