0 0 50
1 0 98
3 0 -79
5 0 15
6 0 24
7 0 44
8 0 68
9 0 -57
10 0 -85
11 0 -85
14 0 100
15 0 -7
16 0 33
17 0 -34
18 0 -21
19 0 -67
20 0 92
22 0 -70
23 0 -58
25 0 -50
26 0 87
27 0 -4
29 0 72
30 0 97
31 0 -92
34 0 73
36 0 68
37 0 2
38 0 5
39 0 -35
40 0 -1
43 0 84
45 0 -59
46 0 60
47 0 -26
48 0 -74
50 0 -17
51 0 -21
53 0 72
54 0 55
55 0 -88
56 0 5
58 0 63
59 0 47
60 0 -27
63 0 56
64 0 99
66 0 43
67 0 34
69 0 45
71 0 55
72 0 -70
73 0 -15
74 0 60
75 0 -59
76 0 12
77 0 -83
80 0 -86
82 0 -28
83 0 -20
84 0 -48
86 0 -96
87 0 -19
88 0 80
90 0 -47
91 0 70
93 0 -18
94 0 78
95 0 60
96 0 -65
97 0 25
98 0 -6
99 0 -19