0 0 93
1 0 -11
2 0 97
3 0 -45
4 0 23
6 0 31
8 0 -42
9 0 -89
10 0 13
11 0 -81
12 0 -84
13 0 -11
17 0 -74
18 0 -6
19 0 38
20 0 52
22 0 -30
23 0 88
24 0 -76
26 0 52
27 0 -96
33 0 20
35 0 16
36 0 -27
37 0 26
38 0 -30
39 0 93
41 0 -49
42 0 -38
43 0 -82
44 0 -71
45 0 -12
46 0 62
48 0 68
49 0 -42
50 0 57
51 0 40
52 0 20
55 0 -47
56 0 -48
57 0 76
58 0 -88
59 0 -33
60 0 -26
61 0 64
62 0 20
63 0 -23
64 0 -2
65 0 -45
67 0 78
68 0 -81
69 0 49
70 0 -12
71 0 -39
72 0 -6
73 0 -36
74 0 9
75 0 -54
76 0 28
78 0 59
80 0 -87
81 0 -34
82 0 -1
83 0 19
84 0 78
86 0 -17
87 0 -77
88 0 -80
89 0 36
90 0 10
91 0 13
93 0 -70
94 0 81
95 0 -93
96 0 -51
97 0 -38
98 0 -44
99 0 -74