0 0 -34
1 0 26
2 0 -6
3 0 6
5 0 -92
6 0 16
7 0 -63
8 0 51
9 0 -55
10 0 74
11 0 -58
13 0 -6
14 0 -73
15 0 -85
16 0 -1
19 0 -76
20 0 -18
22 0 36
24 0 40
25 0 -43
26 0 96
27 0 -84
28 0 -15
29 0 100
32 0 54
33 0 -48
34 0 -10
35 0 -20
36 0 -36
37 0 -59
39 0 -57
41 0 46
42 0 34
44 0 -53
45 0 56
46 0 28
48 0 -15
49 0 -91
50 0 -90
51 0 61
53 0 -61
54 0 -29
55 0 93
56 0 -94
57 0 28
58 0 -56
59 0 -21
60 0 -2
61 0 -38
62 0 -89
64 0 85
66 0 100
67 0 58
68 0 -30
70 0 -27
72 0 7
74 0 -77
75 0 43
76 0 91
77 0 60
78 0 9
79 0 22
80 0 33
81 0 77
82 0 -78
83 0 76
84 0 -34
88 0 21
89 0 68
90 0 -22
91 0 -32
92 0 3
93 0 95
94 0 2
95 0 86
96 0 -19
97 0 50
98 0 47
99 0 -26