0 0 36
1 0 -61
2 0 29
3 0 -55
4 0 55
5 0 44
6 0 -95
8 0 -5
9 0 -18
10 0 -57
11 0 55
12 0 -89
13 0 -30
14 0 -1
15 0 -18
16 0 67
17 0 20
18 0 38
19 0 -25
20 0 50
21 0 80
22 0 12
24 0 -91
25 0 -69
26 0 64
27 0 -44
28 0 -41
29 0 22
30 0 26
31 0 -80
32 0 88
34 0 -73
35 0 98
36 0 22
37 0 13
38 0 -43
39 0 -75
40 0 -67
41 0 -5
42 0 -16
43 0 -25
44 0 91
45 0 -6
46 0 83
47 0 -64
48 0 58
49 0 25
50 0 80
51 0 -78
52 0 94
53 0 77
54 0 18
55 0 77
56 0 56
57 0 36
58 0 59
59 0 -58
60 0 -67
61 0 53
62 0 59
63 0 -25
64 0 19
65 0 39
66 0 -22
67 0 -28
68 0 -84
69 0 -77
70 0 33
71 0 -33
72 0 -99
73 0 46
74 0 -12
75 0 72
76 0 -38
77 0 42
78 0 -33
79 0 90
80 0 78
81 0 -68
82 0 -80
83 0 -90
84 0 10
85 0 -49
86 0 20
87 0 53
88 0 13
89 0 39
90 0 76
91 0 -36
92 0 -56
93 0 14
94 0 64
95 0 -81
96 0 -44
97 0 -25
98 0 56
99 0 36