1 0 -27
2 0 -45
3 0 -73
6 0 -26
8 0 13
9 0 -68
10 0 81
13 0 -18
14 0 51
15 0 57
16 0 16
18 0 -58
19 0 -21
20 0 -2
21 0 -16
22 0 -91
25 0 -30
30 0 72
31 0 99
32 0 68
34 0 71
36 0 66
37 0 -26
41 0 -38
43 0 -38
44 0 53
45 0 -36
46 0 7
49 0 -35
50 0 -60
51 0 17
52 0 -34
53 0 -21
55 0 4
56 0 -70
59 0 67
60 0 98
66 0 -98
67 0 -60
68 0 -31
69 0 -17
70 0 -74
72 0 53
73 0 -82
74 0 -24
75 0 -48
78 0 65
79 0 -43
80 0 -20
81 0 -82
85 0 78
86 0 80
87 0 -4
88 0 25
89 0 41
91 0 6
93 0 -47
94 0 1
96 0 89
97 0 21
98 0 -25