0 0 -36
4 0 -36
6 0 -26
7 0 -26
8 0 -24
11 0 14
14 0 12
15 0 42
16 0 -80
17 0 41
20 0 33
21 0 8
22 0 -20
24 0 -16
25 0 -65
26 0 -77
27 0 -5
29 0 -44
30 0 -14
31 0 -61
32 0 -77
33 0 3
34 0 -3
37 0 15
38 0 30
40 0 -38
46 0 -12
47 0 97
48 0 -67
50 0 -78
52 0 71
53 0 13
54 0 68
55 0 -16
56 0 -31
57 0 90
58 0 80
59 0 -64
61 0 -84
62 0 19
64 0 -54
65 0 -50
66 0 48
70 0 90
72 0 -13
73 0 29
74 0 46
76 0 60
77 0 22
78 0 5
79 0 -40
80 0 -47
81 0 88
82 0 63
83 0 -76
85 0 -9
87 0 67
89 0 6
90 0 -39
91 0 2
93 0 79
95 0 29
96 0 -17
97 0 -53
98 0 4
99 0 -29
100 0 -8
101 0 12
102 0 28
103 0 46
104 0 -42
106 0 -68
108 0 5
109 0 -67
110 0 -29
111 0 100
112 0 74
113 0 -94
115 0 4
117 0 -65
118 0 43
120 0 88
121 0 -97
122 0 -45
123 0 32
124 0 -41
125 0 -45
126 0 -95
128 0 -52
131 0 -4
133 0 -3
134 0 -28
136 0 69
140 0 38
141 0 42
142 0 1
143 0 41
144 0 1
145 0 -81
146 0 54
147 0 -84
148 0 14
149 0 65