0 0 -84
2 0 -85
4 0 84
5 0 88
7 0 -31
8 0 -69
9 0 -61
10 0 -22
11 0 89
12 0 -45
13 0 -61
14 0 23
15 0 -93
16 0 65
17 0 40
20 0 -50
21 0 17
22 0 -54
23 0 95
24 0 38
25 0 -55
27 0 -11
28 0 -86
29 0 88
32 0 -15
33 0 -24
34 0 31
35 0 54
36 0 -36
37 0 77
40 0 -69
41 0 -33
45 0 -1
46 0 2
48 0 -26
49 0 29
51 0 -51
52 0 -58
53 0 67
57 0 51
58 0 85
60 0 -78
62 0 -19
63 0 -72
65 0 -98
67 0 63
68 0 94
69 0 28
70 0 -91
71 0 66
74 0 -53
76 0 -69
77 0 100
78 0 -51
79 0 75
80 0 -32
81 0 8
83 0 15
84 0 -45
86 0 -14
89 0 -80
90 0 71
91 0 -29
92 0 83
93 0 -57
94 0 40
97 0 -47
99 0 80