0 0 43
1 0 30
2 0 2
3 0 -80
4 0 -100
5 0 -43
6 0 -47
7 0 11
8 0 -46
9 0 -86
10 0 -23
11 0 -61
12 0 -58
13 0 -14
14 0 51
15 0 -46
16 0 96
17 0 15
18 0 -75
19 0 -31
20 0 -35
21 0 48
22 0 -33
23 0 -83
24 0 37
25 0 76
26 0 66
27 0 72
28 0 55
29 0 21
30 0 -17
31 0 6
32 0 81
33 0 -95
34 0 34
36 0 -32
37 0 -88
38 0 98
39 0 -77
40 0 55
41 0 5
42 0 43
43 0 -16
44 0 54
45 0 87
46 0 36
47 0 51
48 0 52
49 0 17
50 0 -36
51 0 79
52 0 -84
53 0 -39
54 0 2
55 0 -2
56 0 -40
57 0 -77
58 0 -71
59 0 3
60 0 7
61 0 14
62 0 43
63 0 35
64 0 -91
65 0 100
66 0 -73
67 0 10
68 0 29
69 0 66
70 0 -68
71 0 -21
72 0 -67
73 0 26
74 0 15
75 0 79
76 0 -50
77 0 -41
78 0 63
79 0 78
80 0 -19
81 0 76
82 0 72
83 0 -56
84 0 37
85 0 13
86 0 -45
87 0 -12
88 0 -10
89 0 -43
90 0 59
91 0 10
92 0 90
93 0 42
94 0 -92
95 0 24
96 0 33
97 0 46
98 0 -92
99 0 51
100 0 -100
101 0 -97
102 0 -99
103 0 -76
104 0 41
105 0 15
106 0 -71
107 0 -20
108 0 47
109 0 22
110 0 -11
111 0 -85
112 0 -2
113 0 -44
114 0 35
115 0 55
116 0 15
117 0 94
118 0 18
119 0 -45
121 0 81
122 0 -80
123 0 86
124 0 25
125 0 96
126 0 66
127 0 -56
128 0 -50
129 0 3
130 0 69
131 0 1
132 0 84
133 0 91
134 0 -69
135 0 -83
136 0 -51
137 0 -58
138 0 -65
139 0 63
140 0 95
141 0 45
142 0 18
143 0 -85
144 0 11
145 0 -92
146 0 -14
147 0 -84
148 0 -54
149 0 -67