0 0 -39
1 0 -26
2 0 43
3 0 3
4 0 -56
5 0 42
6 0 -69
7 0 -36
8 0 78
11 0 78
12 0 -43
13 0 64
14 0 22
15 0 -60
16 0 13
17 0 -91
19 0 -72
20 0 5
21 0 -21
22 0 66
23 0 82
25 0 -8
28 0 -13
29 0 62
30 0 -35
31 0 37
32 0 8
33 0 55
34 0 -81
36 0 -30
37 0 73
38 0 61
39 0 -8
40 0 61
41 0 24
42 0 -64
43 0 -80
44 0 4
45 0 -37
46 0 -6
47 0 -82
48 0 -5
49 0 -97
50 0 90
51 0 80
52 0 -39
53 0 -98
54 0 99
55 0 -84
56 0 16
57 0 25
58 0 82
59 0 94
60 0 -100
61 0 54
62 0 -18
63 0 10
64 0 43
66 0 81
67 0 86
68 0 40
69 0 42
70 0 84
71 0 -3
72 0 -71
73 0 -97
74 0 -33
75 0 -2
76 0 20
77 0 -50
78 0 96
79 0 52
80 0 33
81 0 55
82 0 100
83 0 -52
84 0 29
85 0 -41
86 0 60
87 0 -43
88 0 -68
89 0 -81
90 0 39
92 0 -11
93 0 30
94 0 -37
95 0 34
96 0 67
98 0 -76
99 0 46