0 0 67
1 0 17
2 0 -91
3 0 -15
4 0 -33
7 0 -46
8 0 -23
9 0 -29
10 0 13
11 0 -26
13 0 -92
14 0 46
15 0 36
16 0 25
17 0 -28
19 0 -27
20 0 -15
21 0 -71
23 0 -13
25 0 -6
26 0 -89
27 0 6
28 0 70
29 0 -15
30 0 -50
32 0 -88
33 0 30
34 0 -33
36 0 -42
37 0 -8
38 0 63
40 0 16
41 0 23
44 0 -21
45 0 -41
46 0 -2
47 0 16
48 0 -4
49 0 -3
50 0 -100
52 0 -71
53 0 -25
54 0 71
55 0 -31
57 0 -26
60 0 14
61 0 100
62 0 -68
63 0 -97
66 0 -68
67 0 -24
68 0 -31
69 0 -21
70 0 -90
71 0 65
72 0 96
73 0 -13
74 0 -71
75 0 -87
76 0 -45
77 0 -40
78 0 -47
79 0 63
80 0 -54
81 0 -53
82 0 -80
83 0 66
86 0 4
90 0 96
94 0 -78
95 0 -88
96 0 -23
97 0 46
98 0 3