0 0 19
1 0 -23
2 0 39
3 0 -53
4 0 -33
5 0 -79
6 0 -4
7 0 -1
8 0 78
9 0 73
10 0 -36
11 0 -43
12 0 -33
13 0 44
14 0 -4
15 0 35
16 0 -45
17 0 -53
18 0 -74
19 0 -34
20 0 22
21 0 14
22 0 -10
23 0 -20
25 0 -71
26 0 -41
27 0 -84
28 0 48
29 0 -38
30 0 42
31 0 -84
32 0 -57
33 0 98
34 0 74
35 0 15
36 0 79
37 0 -31
38 0 -20
39 0 -74
40 0 -70
41 0 98
42 0 -99
43 0 -98
44 0 94
45 0 -55
46 0 -17
47 0 -96
48 0 91
49 0 -71
51 0 42
52 0 -89
53 0 -71
55 0 -80
56 0 -53
57 0 92
58 0 -45
59 0 34
60 0 -48
61 0 -94
62 0 36
63 0 98
64 0 -2
65 0 -33
66 0 -37
67 0 -30
68 0 -86
69 0 -93
70 0 4
71 0 -50
72 0 54
73 0 -24
74 0 -59
75 0 -60
76 0 25
77 0 22
78 0 -50
79 0 -9
80 0 15
82 0 -73
83 0 -47
84 0 -24
85 0 -71
86 0 -67
87 0 67
88 0 19
89 0 60
90 0 47
91 0 3
92 0 65
93 0 -19
94 0 73
95 0 -49
96 0 -1
97 0 55
98 0 -8
99 0 -95