0 0 -1
2 0 -79
3 0 -59
5 0 31
6 0 12
9 0 21
12 0 80
14 0 -70
15 0 89
19 0 65
22 0 24
23 0 46
24 0 -35
25 0 -7
26 0 66
28 0 -86
30 0 64
31 0 33
34 0 -63
38 0 54
39 0 33
41 0 -17
42 0 27
44 0 -75
45 0 -42
46 0 41
47 0 63
48 0 55
49 0 64
50 0 65
53 0 -32
54 0 -37
55 0 -49
56 0 -15
57 0 -30
58 0 -4
59 0 55
61 0 -19
62 0 -52
63 0 64
64 0 -48
65 0 -20
66 0 83
67 0 37
69 0 -45
70 0 41
72 0 -74
75 0 6
77 0 -99
80 0 83
82 0 -6
84 0 -9
87 0 -48
88 0 86
89 0 -33
93 0 -40
100 0 -28
101 0 -71
103 0 -87
105 0 -16
106 0 36
107 0 -53
109 0 -4
110 0 -28
111 0 96
112 0 -58
113 0 -24
114 0 -30
123 0 -27
124 0 51
125 0 -26
126 0 12
128 0 57
131 0 -34
132 0 92
133 0 2
134 0 10
135 0 1
136 0 -16
137 0 60
143 0 -8
144 0 49
145 0 56
146 0 -92
147 0 -58