2 0 -18
5 0 -4
8 0 -16
9 0 -87
10 0 -27
12 0 68
13 0 -15
14 0 -2
15 0 26
16 0 -43
19 0 -98
20 0 -98
22 0 -8
24 0 44
27 0 -37
28 0 67
29 0 -82
30 0 98
31 0 53
32 0 85
33 0 -36
34 0 63
35 0 93
36 0 -48
40 0 56
42 0 13
45 0 -37
46 0 94
47 0 -33
49 0 -78
52 0 80
56 0 45
57 0 58
58 0 17
59 0 92
60 0 -62
61 0 33
62 0 68
66 0 77
67 0 -97
69 0 100
70 0 -35
71 0 77
73 0 49
76 0 -36
79 0 95
82 0 -77
83 0 31
85 0 66
88 0 77
90 0 -97
96 0 -47
97 0 -79
99 0 -15
101 0 1
102 0 10
103 0 -98
104 0 60
105 0 20
106 0 -93
107 0 60
108 0 28
111 0 42
113 0 -91
115 0 52
116 0 90
117 0 11
120 0 -16
121 0 -40
122 0 69
123 0 -23
124 0 -68
126 0 8
128 0 83
129 0 -50
131 0 72
132 0 -65
133 0 -91
136 0 -65
137 0 4
138 0 72
139 0 75
140 0 -48
143 0 71
144 0 27
147 0 -49
148 0 -17
149 0 -70