0 0 -65
1 0 -40
2 0 15
4 0 82
6 0 -37
7 0 -13
8 0 -58
9 0 49
11 0 61
12 0 93
13 0 62
14 0 -6
16 0 -85
17 0 98
19 0 85
21 0 36
22 0 -4
23 0 -14
24 0 12
25 0 -75
26 0 -2
27 0 22
28 0 77
29 0 -49
31 0 -61
33 0 15
34 0 5
38 0 -88
39 0 -80
41 0 96
42 0 28
44 0 72
45 0 8
46 0 -26
48 0 88
50 0 -41
51 0 100
52 0 19
53 0 -67
54 0 -57
55 0 -84
57 0 20
58 0 -49
59 0 85
61 0 -86
62 0 -56
63 0 18
64 0 64
65 0 54
67 0 -37
68 0 46
69 0 81
70 0 55
72 0 -85
73 0 -22
74 0 44
75 0 36
76 0 5
79 0 -2
80 0 96
82 0 -47
83 0 -18
84 0 -9
85 0 -34
86 0 -67
87 0 36
89 0 -54
90 0 -59
91 0 84
92 0 32
94 0 -41
96 0 -85
97 0 73
98 0 23
99 0 89
101 0 -58
103 0 86
104 0 70
106 0 94
108 0 88
109 0 -72
110 0 52
111 0 -82
112 0 15
113 0 -8
114 0 37
115 0 35
117 0 -54
120 0 -87
121 0 -47
122 0 31
123 0 65
124 0 70
125 0 2
128 0 77
129 0 -65
131 0 -38
134 0 15
135 0 -24
136 0 55
137 0 34
139 0 -89
140 0 -87
141 0 52
142 0 29
143 0 -90
144 0 53
145 0 24
146 0 36
147 0 34
148 0 -70
149 0 -60