2 0 -13
3 0 14
5 0 -50
6 0 -32
7 0 -81
8 0 -29
9 0 45
10 0 -93
13 0 -10
14 0 85
16 0 97
18 0 -34
19 0 19
22 0 -70
23 0 80
25 0 -61
27 0 67
29 0 -33
31 0 93
32 0 90
34 0 -75
35 0 98
36 0 -16
37 0 92
38 0 -52
39 0 -95
40 0 -87
42 0 90
43 0 -69
44 0 -70
45 0 7
46 0 60
47 0 52
48 0 -63
49 0 -78
50 0 -40
52 0 -93
53 0 52
54 0 -34
56 0 1
57 0 -72
58 0 97
59 0 -88
60 0 -33
61 0 -83
62 0 -26
64 0 15
65 0 89
66 0 96
67 0 -31
68 0 -66
71 0 -4
72 0 -72
75 0 -49
76 0 92
77 0 -12
80 0 -13
82 0 33
83 0 28
84 0 -93
87 0 -11
88 0 -28
92 0 -15
93 0 93
96 0 57
98 0 24