0 0 -58
1 0 14
2 0 -56
3 0 -18
5 0 -34
6 0 -73
7 0 59
9 0 97
10 0 -68
11 0 59
12 0 15
14 0 5
15 0 22
16 0 99
17 0 11
18 0 -12
19 0 -45
20 0 -2
21 0 -11
24 0 -66
25 0 16
26 0 23
27 0 -47
28 0 -4
29 0 79
30 0 -93
32 0 -32
34 0 -86
35 0 -35
36 0 -43
37 0 72
38 0 -60
39 0 -51
40 0 -49
41 0 45
42 0 -77
43 0 100
44 0 53
45 0 72
46 0 -57
47 0 1
48 0 -9
49 0 65
52 0 95
54 0 87
55 0 38
56 0 53
57 0 68
58 0 10
59 0 100
61 0 6
62 0 29
63 0 9
64 0 -10
65 0 -33
66 0 60
67 0 32
68 0 44
69 0 88
72 0 -20
73 0 5
74 0 -61
75 0 -4
76 0 84
77 0 61
78 0 68
79 0 59
80 0 -2
81 0 21
82 0 -91
83 0 -91
84 0 -15
85 0 11
87 0 46
89 0 46
90 0 -47
91 0 83
93 0 100
94 0 -53
95 0 68
96 0 67
98 0 15
99 0 -23
100 0 -56
101 0 7
102 0 86
103 0 90
104 0 4
105 0 -95
106 0 -10
107 0 -17
108 0 85
109 0 -97
110 0 86
111 0 21
112 0 -50
113 0 -19
114 0 -68
115 0 -85
116 0 31
118 0 28
119 0 58
120 0 76
121 0 -69
122 0 -97
123 0 -52
124 0 -71
125 0 72
126 0 -76
127 0 -74
128 0 -71
129 0 -77
130 0 22
131 0 -86
132 0 -41
133 0 -54
134 0 -5
135 0 36
136 0 54
137 0 100
138 0 -42
139 0 -9
140 0 -71
141 0 -31
142 0 -62
143 0 -87
144 0 -1
145 0 -92
146 0 22
147 0 9
148 0 -65
149 0 33