0 0 39
1 0 31
2 0 86
6 0 -74
7 0 -40
8 0 -60
9 0 7
13 0 59
14 0 -12
15 0 -36
17 0 -90
18 0 50
19 0 -68
22 0 96
23 0 37
24 0 65
25 0 67
26 0 11
27 0 -9
28 0 -58
29 0 -1
31 0 -58
32 0 -14
33 0 22
35 0 -43
36 0 -14
37 0 -46
38 0 -21
39 0 44
40 0 -96
41 0 -6
42 0 -97
43 0 -3
44 0 43
46 0 -80
47 0 -4
48 0 -93
50 0 -67
52 0 -77
54 0 43
55 0 -98
57 0 85
58 0 -62
59 0 65
61 0 -34
62 0 79
63 0 84
64 0 -50
65 0 -70
66 0 57
67 0 5
68 0 82
69 0 -76
70 0 52
71 0 24
73 0 -27
76 0 -16
77 0 4
78 0 -28
80 0 98
81 0 -46
82 0 15
83 0 -89
85 0 -96
89 0 -100
90 0 9
91 0 51
92 0 92
95 0 -92
96 0 -83
97 0 -83
98 0 -34