0 0 36
2 0 34
3 0 15
4 0 87
5 0 -9
6 0 -45
7 0 -57
8 0 -21
9 0 93
10 0 43
11 0 -78
12 0 29
13 0 91
14 0 -16
15 0 -95
16 0 83
17 0 -61
18 0 -1
19 0 -66
21 0 -70
23 0 60
24 0 22
25 0 -31
26 0 -9
27 0 65
28 0 60
29 0 79
30 0 -84
31 0 29
32 0 29
33 0 37
34 0 -85
35 0 -44
36 0 -94
37 0 -36
38 0 -50
39 0 -12
41 0 19
42 0 -4
43 0 33
45 0 -34
47 0 71
48 0 76
49 0 -59
50 0 15
52 0 100
53 0 -74
54 0 49
55 0 93
56 0 -75
57 0 -86
58 0 44
59 0 -40
60 0 19
61 0 82
62 0 49
63 0 -98
64 0 -48
65 0 -52
67 0 -43
69 0 23
70 0 -29
71 0 -2
72 0 -19
73 0 -13
74 0 58
75 0 -80
76 0 99
77 0 -15
79 0 -96
80 0 6
81 0 -90
83 0 35
85 0 52
86 0 95
87 0 100
88 0 36
89 0 75
90 0 -40
91 0 -59
92 0 -19
93 0 -18
94 0 -10
95 0 -7
96 0 30
97 0 66
98 0 19
99 0 37
100 0 76
102 0 -62
103 0 -64
105 0 60
106 0 -61
107 0 -25
108 0 -42
109 0 58
110 0 82
111 0 -58
112 0 -10
114 0 -19
115 0 97
116 0 -7
118 0 1
119 0 -60
122 0 13
123 0 100
124 0 -1
125 0 40
126 0 15
128 0 78
129 0 96
130 0 -97
131 0 30
132 0 -88
133 0 -17
134 0 -67
135 0 -6
137 0 37
138 0 -61
140 0 65
141 0 -79
142 0 -10
144 0 87
145 0 -33
146 0 52
148 0 83
149 0 68