1 0 -91
2 0 89
3 0 93
4 0 59
7 0 -91
8 0 83
9 0 84
10 0 -60
12 0 80
15 0 -78
17 0 -96
18 0 5
23 0 -78
24 0 -58
26 0 77
27 0 -60
28 0 18
31 0 95
32 0 -42
33 0 47
35 0 -59
36 0 28
37 0 14
38 0 -25
41 0 49
42 0 48
44 0 -71
45 0 57
46 0 -96
48 0 -23
49 0 -53
50 0 2
51 0 -36
52 0 -5
53 0 -36
55 0 64
57 0 5
58 0 50
59 0 -24
60 0 32
62 0 43
63 0 -27
66 0 40
68 0 43
71 0 -41
74 0 -18
77 0 73
78 0 99
80 0 -57
81 0 67
82 0 34
84 0 -34
88 0 23
90 0 23
91 0 32
93 0 -40
96 0 53
97 0 -95
98 0 -3
99 0 -95
100 0 -15
101 0 -80
102 0 95
103 0 -62
104 0 21
105 0 -89
108 0 72
109 0 5
110 0 -72
111 0 -11
112 0 -61
113 0 -21
118 0 17
121 0 65
122 0 74
123 0 82
124 0 -22
125 0 41
129 0 26
134 0 -36
135 0 -83
136 0 -16
137 0 27
138 0 77
140 0 -14
143 0 -96
144 0 54
146 0 90
147 0 -80
148 0 100
149 0 100