0 0 72
2 0 74
3 0 8
4 0 10
5 0 93
6 0 -83
7 0 93
9 0 -23
10 0 85
11 0 -79
15 0 -51
19 0 33
20 0 65
22 0 -63
23 0 50
24 0 46
25 0 -89
26 0 95
27 0 27
28 0 26
30 0 77
31 0 -55
32 0 -38
33 0 -54
34 0 -50
36 0 -67
37 0 39
38 0 41
39 0 -43
40 0 -48
41 0 -70
42 0 76
43 0 -47
44 0 58
45 0 -34
47 0 -37
50 0 50
51 0 57
52 0 71
53 0 -33
54 0 60
56 0 46
57 0 -18
58 0 -26
59 0 -41
60 0 -84
61 0 -30
62 0 54
63 0 -8
64 0 -60
65 0 68
66 0 -89
67 0 12
68 0 85
69 0 98
70 0 -67
71 0 49
72 0 51
74 0 -54
75 0 -12
77 0 39
79 0 -22
80 0 38
81 0 58
82 0 33
83 0 -81
84 0 37
85 0 97
87 0 26
88 0 -54
89 0 10
90 0 -87
91 0 -76
92 0 90
93 0 -9
95 0 -44
97 0 -73
98 0 79
99 0 -84
100 0 -21
101 0 -100
102 0 38
103 0 87
104 0 24
105 0 30
106 0 -82
107 0 68
109 0 97
110 0 84
111 0 25
112 0 -82
113 0 -41
114 0 -61
115 0 98
117 0 42
118 0 -96
120 0 -89
121 0 -6
122 0 -20
123 0 94
124 0 -11
125 0 -28
127 0 11
128 0 -7
129 0 77
130 0 -4
131 0 -50
132 0 -40
133 0 -66
135 0 76
138 0 -18
139 0 -22
140 0 -88
143 0 -12
145 0 31
146 0 54
147 0 2
149 0 90