6 0 59
8 0 57
10 0 -67
11 0 27
12 0 42
13 0 -65
15 0 -87
16 0 -1
17 0 32
19 0 11
20 0 56
21 0 25
24 0 53
27 0 -11
28 0 29
30 0 -57
31 0 55
33 0 55
34 0 -12
35 0 -14
36 0 -99
39 0 51
40 0 58
41 0 26
43 0 -68
46 0 -31
49 0 -48
50 0 -99
51 0 13
52 0 62
55 0 -28
57 0 92
59 0 -11
60 0 -88
61 0 -45
62 0 44
65 0 29
66 0 84
67 0 60
69 0 57
72 0 30
74 0 -93
75 0 -54
77 0 -52
78 0 -24
79 0 -35
80 0 -19
83 0 -91
84 0 -33
85 0 4
86 0 44
87 0 32
89 0 -61
90 0 -69
91 0 38
93 0 16
94 0 13
95 0 -29
97 0 8
98 0 -100