0 0 -85
1 0 -75
2 0 -74
3 0 -7
7 0 -30
8 0 -33
10 0 -65
11 0 76
13 0 29
16 0 -2
17 0 36
18 0 -59
19 0 -7
21 0 -95
26 0 -65
29 0 51
30 0 -57
31 0 -19
32 0 -31
34 0 9
35 0 30
39 0 96
40 0 64
41 0 -25
44 0 21
49 0 19
51 0 -86
53 0 -99
55 0 -33
56 0 3
57 0 87
58 0 -85
59 0 -22
60 0 -29
62 0 69
63 0 -64
64 0 58
65 0 98
67 0 16
68 0 -11
69 0 -42
70 0 58
71 0 -49
72 0 14
75 0 100
76 0 -14
78 0 -19
80 0 51
82 0 -74
85 0 -51
86 0 -8
88 0 54
89 0 -10
90 0 25
92 0 6
93 0 94
95 0 -89
96 0 42
98 0 -52
101 0 92
102 0 -41
104 0 15
105 0 94
107 0 98
108 0 -32
109 0 -52
111 0 47
112 0 63
113 0 -19
114 0 -86
115 0 -47
116 0 22
117 0 78
119 0 -22
120 0 -77
121 0 -37
122 0 18
124 0 -99
125 0 -25
126 0 52
127 0 -61
128 0 75
129 0 11
130 0 7
131 0 -15
132 0 -91
135 0 -45
136 0 -94
137 0 -69
138 0 3
139 0 4
140 0 9
142 0 -70
144 0 6
146 0 34
147 0 76
148 0 7