0 0 -25
1 0 2
2 0 54
4 0 91
6 0 -4
7 0 -84
8 0 -44
9 0 75
11 0 29
15 0 -75
17 0 97
18 0 92
19 0 1
21 0 12
22 0 53
26 0 44
27 0 -35
29 0 -50
31 0 -55
34 0 89
35 0 37
36 0 62
37 0 -71
38 0 -45
39 0 -9
40 0 5
41 0 82
44 0 14
45 0 22
47 0 -6
49 0 44
50 0 -66
52 0 11
53 0 38
54 0 -50
59 0 -54
60 0 -10
63 0 100
64 0 -97
65 0 -25
66 0 -37
67 0 45
68 0 96
69 0 90
72 0 -47
73 0 39
75 0 -85
77 0 46
78 0 28
80 0 -94
81 0 36
82 0 60
83 0 -15
84 0 -91
85 0 54
86 0 -82
87 0 -56
88 0 -10
91 0 -73
92 0 77
93 0 -3
96 0 -37
97 0 48
98 0 98
99 0 60