1 0 -90
2 0 94
3 0 -31
4 0 -58
5 0 -100
6 0 32
9 0 -21
10 0 63
11 0 4
12 0 20
15 0 42
16 0 10
18 0 46
19 0 57
21 0 29
22 0 69
24 0 36
25 0 94
26 0 -91
27 0 10
30 0 86
31 0 16
32 0 -26
33 0 -58
35 0 84
37 0 -53
39 0 -6
40 0 -52
41 0 -57
43 0 -51
44 0 -83
45 0 -11
46 0 -60
49 0 78
50 0 -80
52 0 -4
53 0 -39
54 0 9
56 0 -5
57 0 45
58 0 -12
60 0 96
61 0 -23
62 0 47
63 0 60
64 0 91
65 0 -60
68 0 -76
70 0 89
72 0 49
73 0 60
74 0 72
75 0 -78
76 0 -10
77 0 -96
78 0 95
79 0 -54
80 0 93
81 0 63
82 0 36
83 0 11
86 0 -59
89 0 -67
90 0 -20
92 0 -60
96 0 38
99 0 64