0 0 70
1 0 2
2 0 -20
3 0 -83
4 0 -72
5 0 -70
6 0 -27
7 0 88
8 0 83
9 0 42
10 0 -54
11 0 -86
12 0 72
13 0 85
14 0 -34
15 0 -62
16 0 2
17 0 26
18 0 -21
19 0 88
20 0 -95
21 0 36
22 0 -51
23 0 -72
24 0 29
25 0 -5
26 0 -97
27 0 -56
28 0 43
29 0 68
30 0 -3
32 0 79
33 0 -33
34 0 -88
35 0 -20
36 0 12
37 0 -86
38 0 -14
39 0 82
40 0 68
41 0 86
42 0 35
43 0 -87
44 0 77
45 0 -1
46 0 -92
47 0 -11
48 0 -43
49 0 76
50 0 -69
51 0 44
52 0 -9
53 0 52
54 0 89
55 0 -13
56 0 -71
57 0 41
58 0 -78
59 0 -40
60 0 59
61 0 -34
62 0 -43
63 0 94
64 0 -58
65 0 43
66 0 -46
67 0 13
68 0 -20
69 0 -19
70 0 59
71 0 -42
72 0 98
73 0 97
74 0 60
75 0 42
76 0 93
77 0 -43
78 0 61
79 0 37
81 0 38
82 0 -73
83 0 -89
84 0 -64
85 0 68
86 0 51
87 0 30
88 0 76
89 0 26
90 0 -81
91 0 74
92 0 75
93 0 -18
94 0 -37
95 0 -73
96 0 88
97 0 16
98 0 26
99 0 -72
100 0 67
101 0 -46
102 0 -44
103 0 11
104 0 55
106 0 -18
107 0 -83
108 0 22
109 0 10
110 0 37
111 0 14
112 0 -45
113 0 43
114 0 -31
115 0 42
116 0 45
117 0 73
118 0 -77
120 0 73
121 0 8
123 0 1
124 0 -31
126 0 46
127 0 66
128 0 -36
129 0 4
130 0 -6
131 0 32
132 0 38
133 0 -92
134 0 -98
135 0 73
136 0 -24
137 0 -95
138 0 85
139 0 -75
140 0 -68
141 0 -62
142 0 66
143 0 34
144 0 52
145 0 -4
146 0 68
147 0 -24
148 0 -29
149 0 -75