0 0 86
1 0 -41
2 0 -40
3 0 90
4 0 16
5 0 79
6 0 -62
7 0 -74
8 0 59
9 0 34
10 0 -49
11 0 -65
12 0 72
13 0 76
14 0 57
15 0 -31
16 0 -86
17 0 -75
18 0 -46
19 0 100
20 0 68
21 0 -44
22 0 -27
23 0 50
24 0 -36
25 0 -22
26 0 66
27 0 -55
28 0 -71
29 0 -30
30 0 45
31 0 -49
32 0 -27
33 0 90
34 0 -84
35 0 4
36 0 -34
37 0 -81
38 0 -39
39 0 -61
40 0 14
41 0 -28
42 0 28
43 0 -17
44 0 -75
45 0 -35
46 0 -51
47 0 -30
48 0 -23
49 0 52
50 0 -6
51 0 -71
52 0 -61
53 0 1
54 0 26
55 0 47
56 0 40
57 0 61
58 0 -87
59 0 -97
60 0 2
61 0 80
62 0 86
63 0 53
64 0 90
65 0 -16
66 0 -68
67 0 69
68 0 -58
69 0 -4
71 0 -3
72 0 -91
73 0 -35
74 0 -95
75 0 -90
77 0 -99
80 0 -19
81 0 53
82 0 48
83 0 93
84 0 -85
85 0 -35
86 0 74
87 0 80
88 0 -6
89 0 75
91 0 -40
92 0 -2
93 0 -25
94 0 -65
95 0 88
96 0 78
97 0 -53
98 0 1
99 0 93