0 0 30
4 0 -38
5 0 -95
6 0 -82
7 0 25
8 0 44
9 0 -59
10 0 20
11 0 -2
13 0 43
14 0 52
15 0 97
16 0 8
17 0 -8
18 0 4
19 0 -37
20 0 8
22 0 93
23 0 -72
24 0 60
25 0 -7
28 0 -41
30 0 -44
31 0 35
32 0 -70
34 0 -19
35 0 -37
37 0 -74
38 0 -50
39 0 96
40 0 20
41 0 49
43 0 -12
44 0 -54
45 0 -85
48 0 22
49 0 -35
50 0 14
52 0 -16
53 0 51
54 0 -44
57 0 -40
58 0 -38
59 0 87
60 0 -89
61 0 -52
63 0 -70
64 0 55
66 0 -23
67 0 -71
68 0 -53
70 0 -92
71 0 4
72 0 -95
73 0 40
75 0 -59
76 0 93
77 0 -31
78 0 79
79 0 -41
80 0 89
81 0 -11
82 0 41
84 0 -35
85 0 -39
87 0 -33
88 0 -47
89 0 12
90 0 23
91 0 12
92 0 -26
93 0 -49
94 0 -65
95 0 13
96 0 -93
98 0 82
100 0 22
101 0 10
104 0 -81
105 0 48
106 0 -34
107 0 -25
108 0 -7
110 0 -72
113 0 47
115 0 -15
117 0 -9
118 0 -53
120 0 1
121 0 58
122 0 60
123 0 -98
124 0 77
125 0 84
127 0 -35
128 0 90
130 0 -54
131 0 92
133 0 26
135 0 -72
136 0 -60
137 0 -44
139 0 -28
141 0 40
142 0 68
143 0 3
144 0 80
145 0 -51
146 0 -32
147 0 16
149 0 -2