0 0 52
1 0 57
2 0 5
3 0 -36
5 0 58
6 0 -92
7 0 -72
8 0 -12
9 0 -9
10 0 -73
11 0 77
12 0 48
13 0 14
14 0 42
15 0 22
16 0 62
17 0 25
18 0 42
19 0 -48
20 0 46
22 0 17
23 0 94
24 0 -3
25 0 8
26 0 -25
27 0 -54
28 0 -86
29 0 90
30 0 66
31 0 37
32 0 16
33 0 22
34 0 76
35 0 -100
36 0 -42
37 0 -68
38 0 43
39 0 17
41 0 -20
42 0 -93
43 0 33
44 0 20
45 0 -33
46 0 33
47 0 46
48 0 -60
50 0 -50
51 0 -36
52 0 -55
53 0 55
54 0 -49
55 0 25
56 0 -58
57 0 34
58 0 60
60 0 5
61 0 -52
62 0 45
63 0 77
64 0 24
65 0 -49
66 0 55
67 0 -11
68 0 74
69 0 34
70 0 20
71 0 -47
73 0 43
74 0 -1
75 0 50
76 0 -2
77 0 41
78 0 -87
79 0 -93
80 0 -78
81 0 -56
82 0 -66
83 0 24
84 0 92
85 0 92
86 0 25
87 0 70
88 0 -67
89 0 84
90 0 -51
91 0 88
92 0 -68
93 0 -96
94 0 40
95 0 -71
98 0 -8
99 0 -83