1 0 69
4 0 -98
6 0 -97
7 0 -64
8 0 -14
9 0 -92
10 0 21
12 0 -75
13 0 8
15 0 -57
16 0 63
17 0 45
18 0 74
19 0 -33
20 0 -36
21 0 -53
23 0 -23
24 0 -57
25 0 -87
26 0 -50
27 0 -98
29 0 47
31 0 31
33 0 -8
34 0 -69
35 0 -71
37 0 -58
38 0 83
39 0 -66
40 0 -71
41 0 -8
42 0 -98
43 0 -62
44 0 67
47 0 -87
49 0 30
50 0 89
51 0 93
53 0 -49
54 0 -66
57 0 49
58 0 76
60 0 -14
61 0 82
62 0 98
63 0 -46
65 0 -10
66 0 29
67 0 -93
68 0 86
70 0 -19
71 0 -39
72 0 32
73 0 -23
74 0 -86
75 0 97
77 0 -47
78 0 -68
81 0 46
83 0 -41
84 0 19
85 0 -87
86 0 31
87 0 -38
88 0 87
89 0 57
90 0 55
91 0 -70
92 0 -47
93 0 100
95 0 -48
96 0 -84
97 0 -92
98 0 -88
99 0 -3