2 0 -28
3 0 -98
4 0 48
5 0 -16
6 0 25
7 0 4
8 0 -31
10 0 -43
11 0 81
13 0 74
14 0 29
16 0 14
17 0 -12
18 0 23
19 0 -21
22 0 9
23 0 19
24 0 -11
25 0 60
26 0 -53
30 0 19
31 0 -35
34 0 -94
35 0 93
36 0 77
37 0 55
38 0 -43
41 0 31
44 0 -3
45 0 -74
46 0 51
47 0 -12
48 0 60
49 0 92
51 0 -36
55 0 24
57 0 49
59 0 -17
62 0 -75
63 0 20
64 0 3
65 0 -73
66 0 74
67 0 -3
69 0 11
70 0 36
72 0 -61
76 0 -41
77 0 14
78 0 -7
79 0 -27
81 0 -5
83 0 86
84 0 -56
86 0 68
87 0 -83
88 0 -71
89 0 -24
91 0 84
92 0 -73
94 0 -10
98 0 -18
99 0 17