0 0 45
1 0 -30
3 0 7
4 0 -87
5 0 -52
6 0 -100
7 0 61
8 0 39
9 0 -17
10 0 22
11 0 -16
12 0 -100
13 0 94
14 0 -7
16 0 51
17 0 28
18 0 79
19 0 21
20 0 -36
21 0 -33
22 0 59
23 0 -90
24 0 -20
25 0 -46
26 0 63
27 0 45
28 0 96
29 0 56
30 0 -37
31 0 -29
33 0 17
34 0 -6
36 0 -13
37 0 84
38 0 6
40 0 28
41 0 -34
42 0 65
43 0 92
44 0 -59
45 0 -71
47 0 -97
48 0 82
50 0 46
51 0 35
53 0 3
54 0 -49
55 0 -59
57 0 74
58 0 -61
59 0 -10
63 0 100
64 0 45
65 0 85
66 0 37
67 0 2
68 0 35
69 0 -67
70 0 82
72 0 73
73 0 -42
74 0 76
75 0 -71
76 0 38
77 0 19
78 0 32
79 0 -36
80 0 -66
81 0 -70
82 0 -24
84 0 68
86 0 50
87 0 -41
88 0 -11
89 0 82
90 0 91
91 0 6
93 0 1
94 0 -56
95 0 -55
96 0 -37
97 0 13
98 0 -73
99 0 62
100 0 57
102 0 -100
105 0 23
106 0 -56
107 0 40
108 0 -25
109 0 -21
110 0 -55
111 0 -66
112 0 -39
113 0 -50
114 0 78
115 0 41
116 0 -39
117 0 55
119 0 -85
120 0 77
121 0 -80
122 0 26
123 0 -34
125 0 6
126 0 -79
127 0 100
128 0 20
130 0 53
131 0 56
132 0 -22
133 0 27
134 0 1
135 0 -28
136 0 -30
138 0 -25
139 0 79
140 0 -38
141 0 56
142 0 -60
143 0 -80
144 0 -75
145 0 64
146 0 74
148 0 28
149 0 -84