0 0 -37
1 0 22
2 0 -77
4 0 39
6 0 -95
7 0 -79
8 0 29
10 0 -58
14 0 -74
15 0 -20
17 0 -90
19 0 -90
20 0 -39
22 0 -13
23 0 -65
24 0 -44
25 0 75
26 0 -48
27 0 16
29 0 -73
30 0 -7
31 0 -74
33 0 56
36 0 37
37 0 48
38 0 -31
39 0 7
42 0 16
43 0 -71
45 0 8
46 0 18
47 0 -54
48 0 -21
50 0 -41
51 0 -93
52 0 52
53 0 -46
54 0 -36
55 0 38
57 0 56
58 0 -91
60 0 -40
61 0 79
62 0 -84
63 0 93
64 0 -36
66 0 37
67 0 91
69 0 -39
71 0 34
72 0 -15
74 0 5
75 0 61
76 0 -42
77 0 -5
79 0 -42
80 0 19
81 0 -41
84 0 -91
85 0 -84
86 0 70
87 0 33
88 0 13
89 0 2
90 0 18
92 0 81
93 0 -18
96 0 9
98 0 -46
99 0 -51