1 0 68
2 0 50
6 0 -89
8 0 -86
10 0 -86
11 0 -57
16 0 -56
17 0 44
18 0 11
20 0 -20
22 0 91
24 0 2
26 0 66
28 0 44
31 0 76
33 0 -37
34 0 21
35 0 55
36 0 -79
37 0 -18
38 0 -1
39 0 3
40 0 42
42 0 58
43 0 60
44 0 -13
48 0 -5
49 0 25
50 0 39
52 0 53
53 0 -72
54 0 -82
55 0 31
58 0 73
66 0 43
70 0 54
73 0 -48
74 0 52
75 0 53
76 0 42
77 0 -20
83 0 -9
84 0 -89
86 0 77
88 0 63
89 0 -26
90 0 -88
95 0 97
96 0 -85
102 0 -49
105 0 6
107 0 76
109 0 -34
110 0 59
117 0 -2
118 0 73
124 0 -70
126 0 72
131 0 -96
132 0 -56
134 0 -50
137 0 -58
139 0 53
140 0 -75
141 0 54
142 0 52
143 0 -6
144 0 55
145 0 -36