0 0 -79
1 0 -16
2 0 -72
4 0 91
5 0 58
6 0 63
7 0 10
8 0 -98
10 0 16
11 0 35
12 0 66
14 0 -28
15 0 -98
16 0 93
17 0 -93
18 0 -52
19 0 -54
20 0 12
21 0 -33
22 0 5
23 0 62
24 0 19
25 0 88
26 0 -31
27 0 -36
28 0 -37
30 0 64
31 0 -17
32 0 -37
33 0 -52
34 0 93
35 0 81
36 0 49
37 0 -94
39 0 -54
40 0 94
41 0 54
44 0 96
45 0 25
47 0 12
48 0 -10
49 0 -26
50 0 2
51 0 -98
52 0 75
53 0 17
54 0 -85
55 0 36
56 0 4
57 0 80
59 0 31
60 0 87
61 0 -78
62 0 -25
63 0 -23
64 0 -17
66 0 -54
67 0 -7
68 0 42
69 0 -61
71 0 -20
72 0 47
75 0 75
76 0 27
77 0 69
79 0 -8
80 0 -42
81 0 -11
82 0 57
83 0 83
84 0 -56
85 0 -41
86 0 9
88 0 67
89 0 87
91 0 54
93 0 42
95 0 -77
97 0 -50
98 0 -43
100 0 -29
101 0 73
102 0 -99
103 0 -67
104 0 -70
105 0 63
107 0 -17
109 0 26
110 0 18
112 0 -98
113 0 -74
114 0 -11
115 0 92
116 0 17
117 0 -99
118 0 88
119 0 73
120 0 70
122 0 -66
123 0 -28
125 0 30
126 0 -49
127 0 -92
129 0 79
130 0 77
131 0 -76
132 0 34
133 0 54
134 0 12
135 0 -33
136 0 -41
137 0 97
138 0 57
139 0 66
140 0 -7
141 0 -41
142 0 -41
143 0 32
145 0 -67
146 0 75
147 0 59
148 0 14